date,open,close,high,low
2016-01-04,22.784,20.471,22.794,20.471
2016-01-05,19.045,19.244,20.49,18.536
2016-01-06,19.244,19.643,19.882,19.194
2016-01-07,19.065,17.679,19.344,17.679
2016-01-08,18.097,17.948,18.446,15.914
2016-01-11,17.549,16.153,17.659,16.153
2016-01-12,16.153,16.253,16.432,15.455
2016-01-13,16.562,15.206,16.582,15.156
2016-01-14,14.637,15.724,15.914,13.959
2016-01-15,15.335,14.588,15.585,14.448
2016-01-18,14.259,15.026,15.276,13.979
2016-01-19,14.957,15.944,16.073,14.837
2016-01-20,15.904,16.741,17.33,15.665
2016-01-21,16.173,16.781,17.958,16.143
2016-01-22,16.871,17.439,17.619,16.871
2016-01-25,17.539,17.549,17.768,17.16
2016-01-26,17.429,15.794,17.429,15.794
2016-01-27,15.794,16.632,16.632,14.707
2016-01-28,16.552,16.781,17.399,15.754
2016-01-29,16.751,17.14,17.36,15.854
2016-02-01,16.851,16.173,17.13,15.954
2016-02-02,16.193,17.13,17.25,16.193
2016-02-03,17.18,17.669,18.267,17.07
2016-02-04,17.778,18.117,18.795,17.3
2016-02-05,18.038,17.37,18.217,17.35
2016-02-15,16.701,17.24,17.619,16.263
2016-02-16,16.961,18.965,18.965,16.961
2016-02-17,19.035,19.015,19.374,18.426
2016-02-18,19.144,20.341,20.919,18.855
2016-02-19,20.042,19.982,20.441,19.473
2016-02-22,20.53,20.241,20.53,19.703
2016-02-23,20.141,19.623,20.221,19.453
2016-02-24,19.444,19.743,19.822,19.194
2016-02-25,19.743,17.768,19.842,17.768
2016-02-26,17.24,17.041,17.938,16.343
2016-02-29,17.05,15.944,17.14,15.365
2016-03-01,16.253,17.539,17.539,16.023
2016-03-02,17.709,18.706,19.294,17.459
2016-03-03,18.217,18.825,20.301,18.217
2016-03-04,18.456,17.599,19.404,17.25
2016-03-07,18.038,17.978,18.426,17.669
2016-03-08,18.028,17.848,18.177,16.811
2016-03-09,17.439,17.31,17.938,17.001
2016-03-10,17.38,17.12,17.788,17.05
2016-03-11,16.951,16.692,17.07,16.492
2016-03-14,17.031,17.449,17.978,16.981
2016-03-15,17.459,17.08,17.689,17.031
2016-03-16,17.28,17.28,17.679,16.951
2016-03-17,17.529,17.529,17.838,17.23
2016-03-18,17.529,18.267,18.397,17.419
2016-03-21,18.526,18.955,19.254,18.197
2016-03-22,18.496,18.496,18.716,18.357
2016-03-23,18.357,18.516,18.626,18.147
2016-03-24,18.367,18.077,18.596,17.968
2016-03-25,18.087,18.167,18.417,17.948
2016-03-28,18.267,18.087,18.566,17.968
2016-03-29,18.048,17.31,18.147,17.21
2016-03-30,17.569,17.848,17.938,17.419
2016-03-31,17.798,18.018,18.227,17.798
2016-04-01,17.898,18.197,18.197,17.469
2016-04-05,18.197,18.955,18.985,18.197
2016-04-06,18.845,18.965,19.543,18.566
2016-04-07,19.015,18.566,19.144,18.526
2016-04-08,18.347,18.556,18.566,18.277
2016-04-11,18.845,18.925,19.184,18.716
2016-04-12,18.845,19.174,19.284,18.347
2016-04-13,19.105,19.314,19.583,19.055
2016-04-14,19.344,19.693,19.892,19.344
2016-04-15,19.912,21.478,21.667,19.902
2016-04-18,21.238,20.939,21.238,20.291
2016-04-19,21.139,21.847,22.425,20.82
2016-04-20,21.537,21.916,22.196,19.763
2016-04-21,21.208,21.019,22.495,20.949
2016-04-22,20.072,20.381,20.73,19.932
2016-04-25,20.381,20.849,21.139,19.962
2016-04-26,20.49,20.59,20.939,20.341
2016-04-27,20.52,20.461,21.029,20.381
2016-04-28,20.052,20.161,20.54,19.942
2016-04-29,20.141,20.181,20.64,20.102
2016-05-03,19.942,20.49,20.6,19.743
2016-05-04,20.341,20.55,21.328,20.221
2016-05-05,20.57,20.879,21.208,20.57
2016-05-06,20.79,19.453,20.919,19.444
2016-05-09,18.945,18.048,18.945,17.928
2016-05-10,18.097,17.838,18.367,17.669
2016-05-11,17.848,17.619,18.327,17.569
2016-05-12,17.549,17.559,17.649,16.961
2016-05-13,17.549,17.549,17.838,17.15
2016-05-16,17.549,17.948,18.048,17.37
2016-05-17,17.948,17.649,18.147,17.629
2016-05-18,17.449,16.811,17.449,16.542
2016-05-19,16.951,16.751,17.27,16.642
2016-05-20,16.731,16.941,17.031,16.452
2016-05-23,17.05,17.37,17.589,16.951
2016-05-24,17.868,17.748,17.868,17.449
2016-05-25,17.748,17.788,18.297,17.619
2016-05-26,17.549,17.659,17.918,17.041
2016-05-27,17.649,18.147,18.426,17.549
2016-05-30,17.798,17.679,17.988,17.529
2016-05-31,17.699,18.387,18.536,17.699
2016-06-01,18.486,18.197,18.676,18.147
2016-06-02,18.117,18.556,18.706,18.068
2016-06-03,18.486,18.546,18.666,18.327
2016-06-06,18.536,18.417,18.596,18.177
2016-06-07,18.347,18.277,18.466,18.197
2016-06-08,18.287,18.456,18.596,18.157
2016-06-13,18.137,17.2,18.207,17.05
2016-06-14,17.24,17.2,17.549,16.991
2016-06-15,17.14,17.439,17.719,16.961
2016-06-16,17.399,17.429,17.699,17.3
2016-06-17,17.459,17.579,17.738,17.37
2016-06-20,17.44,17.07,17.44,16.79
2016-06-21,17.15,17.02,17.24,16.91
2016-06-22,16.93,17.33,17.49,16.83
2016-06-23,17.27,17.649,17.989,17.27
2016-06-24,17.609,17.669,17.799,16.89
2016-06-27,17.589,18.069,18.219,17.29
2016-06-28,18.069,18.199,18.619,17.849
2016-06-29,18.179,18.639,18.929,18.179
2016-06-30,18.659,18.509,18.839,18.369
2016-07-01,18.569,18.279,18.619,18.189
2016-07-04,18.039,18.619,18.779,17.889
2016-07-05,18.739,19.049,19.348,18.619
2016-07-06,18.969,18.879,19.788,18.789
2016-07-07,18.789,18.849,18.959,18.439
2016-07-08,18.889,19.009,19.189,18.699
2016-07-11,19.179,18.779,19.179,18.759
2016-07-12,18.639,18.669,18.919,18.179
2016-07-13,18.689,19.089,19.278,18.589
2016-07-14,18.939,18.829,19.109,18.589
2016-07-15,18.939,19.788,20.238,18.939
2016-07-18,19.868,19.878,20.168,19.288
2016-07-19,19.838,20.268,20.268,19.498
2016-07-20,20.278,19.838,20.348,19.828
2016-07-21,19.838,20.028,20.478,19.688
2016-07-22,19.978,19.638,20.048,19.628
2016-07-25,19.718,19.688,19.748,19.498
2016-07-26,19.698,19.918,19.918,19.548
2016-07-27,19.908,19.189,20.278,18.839
2016-07-28,19.189,19.159,19.348,18.689
2016-07-29,19.169,18.929,19.348,18.789
2016-08-01,19.009,18.909,19.338,18.749
2016-08-02,18.819,19.209,19.278,18.389
2016-08-03,19.209,20.498,20.768,19.169
2016-08-04,20.098,20.198,20.238,19.758
2016-08-05,20.148,20.438,20.788,19.888
2016-08-08,20.278,20.138,20.828,20.028
2016-08-09,20.148,20.218,20.268,19.798
2016-08-10,20.218,19.868,20.228,19.758
2016-08-11,19.878,19.908,20.128,19.598
2016-08-12,19.738,20.138,20.278,19.618
2016-08-15,20.128,20.398,21.127,20.128
2016-08-16,20.378,20.748,21.277,20.168
2016-08-17,20.868,20.917,21.727,20.618
2016-08-18,20.588,21.237,21.957,20.538
2016-08-19,21.077,20.768,21.277,20.558
2016-08-22,20.678,20.488,21.387,20.488
2016-08-23,20.478,20.288,20.748,20.178
2016-08-24,20.408,20.288,20.768,20.248
2016-08-25,20.188,20.038,20.188,19.848
2016-08-26,20.068,20.328,20.368,20.068
2016-08-29,20.218,20.138,20.218,19.938
2016-08-30,20.188,20.168,20.368,20.108
2016-08-31,20.108,20.678,20.738,20.108
2016-09-01,20.678,20.498,20.748,20.298
2016-09-02,20.538,20.188,20.538,19.748
2016-09-05,20.228,20.228,20.378,19.928
2016-09-06,20.228,20.208,20.318,19.788
2016-09-07,20.208,20.048,20.288,19.938
2016-09-08,20.048,20.108,20.148,19.888
2016-09-09,20.138,19.978,20.388,19.958
2016-09-12,20.128,20.388,21.117,19.978
2016-09-13,19.998,20.288,20.768,19.998
2016-09-14,19.938,19.878,20.288,19.878
2016-09-19,19.898,20.028,20.128,19.888
2016-09-20,19.988,20.798,20.888,19.968
2016-09-21,20.498,20.468,20.718,20.428
2016-09-22,20.668,21.177,21.217,20.468
2016-09-23,21.107,21.187,21.257,20.898
2016-09-26,21.207,20.448,21.437,20.448
2016-09-27,20.448,20.628,20.728,20.298
2016-09-28,20.618,20.288,20.798,20.208
2016-09-29,20.578,20.768,20.888,20.418
2016-09-30,20.868,21.427,21.757,20.688
2016-10-10,22.367,21.877,23.486,21.507
2016-10-11,21.597,22.557,23.166,21.587
2016-10-12,22.287,22.277,22.427,22.087
2016-10-13,22.367,22.367,22.686,22.147
2016-10-14,22.407,22.237,22.417,21.597
2016-10-17,22.187,21.997,22.367,21.767
2016-10-18,22.037,22.087,22.107,21.587
2016-10-19,22.097,21.847,22.347,21.837
2016-10-20,21.837,21.677,21.907,21.537
2016-10-21,21.707,21.677,22.067,21.377
2016-10-24,21.777,22.087,22.177,21.507
2016-10-25,22.107,22.187,22.317,22.007
2016-10-26,22.187,21.817,22.257,21.787
2016-10-27,21.817,22.417,22.886,21.697
2016-10-28,22.297,21.947,22.437,21.927
2016-10-31,21.947,22.327,22.656,21.947
2016-11-01,22.487,22.776,22.986,22.267
2016-11-02,22.746,22.497,22.946,22.427
2016-11-03,22.537,22.337,22.636,22.207
2016-11-04,22.337,22.686,23.236,22.337
2016-11-07,22.776,22.167,22.776,21.987
2016-11-08,22.187,22.227,22.417,22.057
2016-11-09,22.287,21.967,22.367,21.717
2016-11-10,22.247,22.537,22.776,22.247
2016-11-11,22.537,22.866,23.136,22.537
2016-11-14,22.966,22.776,23.066,22.547
2016-11-15,22.766,23.586,23.676,22.596
2016-11-16,23.586,23.596,23.856,23.236
2016-11-17,23.426,23.136,23.566,23.086
2016-11-18,23.246,23.006,23.266,22.896
2016-11-21,23.006,22.956,23.236,22.806
2016-11-22,23.126,23.276,23.516,23.006
2016-11-23,23.236,23.286,23.666,23.196
2016-11-24,23.626,22.986,23.836,22.786
2016-11-25,23.036,23.026,23.126,22.567
2016-11-28,22.986,22.726,23.056,22.686
2016-11-29,22.836,21.817,22.836,21.747
2016-11-30,21.787,21.937,22.227,21.747
2016-12-01,21.997,21.987,22.197,21.797
2016-12-02,21.867,21.317,22.157,21.317
2016-12-05,21.017,20.977,21.307,20.598
2016-12-06,20.888,20.997,21.197,20.888
2016-12-07,21.047,21.387,21.437,20.898
2016-12-08,21.087,20.888,21.557,20.858
2016-12-09,21.047,21.497,21.937,20.917
2016-12-12,21.707,20.798,21.797,20.778
2016-12-13,20.588,20.678,20.778,20.008
2016-12-14,20.648,21.257,21.727,20.438
2016-12-15,21.057,21.247,21.767,21.057
2016-12-16,21.527,21.557,21.697,21.287
2016-12-19,22.487,22.037,22.866,21.787
2016-12-20,21.847,21.057,22.027,20.638
2016-12-21,20.987,21.137,21.247,20.977
2016-12-22,21.137,21.317,21.547,21.087
2016-12-23,21.207,20.788,21.237,20.538
2016-12-26,20.708,20.798,20.917,20.428
2016-12-27,20.848,20.947,21.147,20.798
2016-12-28,20.888,21.007,21.357,20.808
2016-12-29,20.947,20.588,21.007,20.338
2016-12-30,20.648,20.778,20.788,20.588
2017-01-03,20.858,21.037,21.127,20.718
2017-01-04,21.137,21.307,21.357,20.957
2017-01-05,21.247,21.337,21.577,21.247
2017-01-06,21.207,21.577,21.847,21.207
2017-01-09,21.637,21.617,21.957,21.407
2017-01-10,21.497,21.237,21.777,21.157
2017-01-11,21.317,20.688,21.377,20.638
2017-01-12,20.778,20.688,20.977,20.488
2017-01-13,20.668,20.538,20.818,20.358
2017-01-16,20.238,18.899,20.438,18.489
2017-01-17,18.889,18.759,18.969,18.169
2017-01-18,18.909,19.099,19.318,18.749
2017-01-19,19.139,19.438,19.788,18.969
2017-01-20,19.538,19.578,19.838,19.338
2017-01-23,19.588,19.538,19.678,19.468
2017-01-24,19.538,19.518,19.628,19.388
2017-01-25,18.979,17.849,18.979,17.57
2017-01-26,17.589,17.719,17.979,17.49
2017-02-03,17.769,17.859,17.899,17.55
2017-02-06,17.849,17.919,18.059,17.749
2017-02-07,17.959,18.079,18.259,17.809
2017-02-08,18.069,18.109,18.139,17.899
2017-02-09,18.259,18.339,18.349,18.129
2017-02-10,18.269,18.259,18.389,18.139
2017-02-13,18.239,18.149,18.239,17.51
2017-02-14,18.039,18.199,18.269,18.039
2017-02-15,18.149,18.389,19.149,18.039
2017-02-16,18.379,18.559,18.589,18.199
2017-02-17,18.489,18.059,18.489,18.029
2017-02-20,17.989,18.069,18.089,17.619
2017-02-21,18.069,18.219,18.349,17.969
2017-02-22,18.209,18.199,18.339,18.089
2017-02-23,18.159,18.159,18.249,17.969
2017-02-24,18.089,18.449,18.529,18.089
2017-02-27,18.389,18.439,18.709,18.229
2017-02-28,18.349,18.709,18.819,18.349
2017-03-01,18.829,18.699,18.989,18.639
2017-03-02,18.599,18.639,18.799,18.569
2017-03-03,18.579,19.099,19.239,18.409
2017-03-06,19.039,19.079,19.179,18.869
2017-03-07,19.079,18.979,19.229,18.969
2017-03-08,18.899,18.819,19.139,18.719
2017-03-09,18.999,18.789,19.338,18.789
2017-03-10,18.689,18.799,19.179,18.649
2017-03-13,18.599,18.719,18.789,18.369
2017-03-14,18.769,18.849,19.009,18.669
2017-03-15,18.949,18.759,19.139,18.489
2017-03-16,18.769,19.159,19.159,18.709
2017-03-17,19.169,19.268,20.088,19.159
2017-03-20,19.139,18.879,19.189,18.589
2017-03-21,18.789,18.819,18.989,18.749
2017-03-22,18.789,18.799,18.899,18.619
2017-03-23,18.899,18.599,18.909,18.539
2017-03-24,18.549,18.699,18.789,18.509
2017-03-27,18.689,18.439,18.789,18.219
2017-03-28,18.489,18.179,18.489,18.169
2017-03-29,18.209,18.089,18.329,18.069
2017-03-30,18.089,17.579,18.159,17.54
2017-03-31,17.589,18.139,18.409,17.589
2017-04-05,17.859,18.269,18.379,17.859
2017-04-06,18.269,18.269,18.489,18.039
2017-04-07,18.289,18.239,18.479,18.039
2017-04-10,18.229,17.839,18.259,17.819
2017-04-11,17.819,19.258,19.568,17.619
2017-04-12,20.298,21.187,21.187,20.298
2017-04-13,21.187,20.338,21.187,19.808
2017-04-14,19.988,19.209,19.988,19.029
2017-04-17,19.099,18.219,19.109,17.989
2017-04-18,18.229,17.829,18.569,17.789
2017-04-19,17.689,17.57,17.689,17.29
2017-04-20,17.589,17.35,17.879,17.24
2017-04-21,17.35,16.99,17.48,16.97
2017-04-24,16.99,16.9,16.99,16.32
2017-04-25,16.78,16.92,17.12,16.69
2017-04-26,16.77,16.92,17.08,16.77
2017-04-27,16.64,16.97,16.98,16.45
2017-04-28,16.94,17.13,17.44,16.85
2017-05-02,16.89,16.81,17.08,16.71
2017-05-03,16.79,17.04,17.55,16.67
2017-05-04,16.97,16.85,17.14,16.79
2017-05-05,16.98,16.88,16.98,16.65
2017-05-08,16.65,16.85,16.94,16.59
2017-05-09,16.69,16.88,16.99,16.49
2017-05-10,16.84,16.73,17.12,16.73
2017-05-11,16.73,17.22,17.39,16.55
2017-05-12,17.22,17.39,17.649,16.95
2017-05-15,17.39,17.33,17.39,16.87
2017-05-16,17.16,17.48,17.739,17.03
2017-05-17,17.28,17.41,17.589,17.28
2017-05-18,17.19,17.05,17.35,16.94
2017-05-19,17.0,17.2,17.41,16.97
2017-05-22,17.16,16.95,17.38,16.84
2017-05-23,16.89,16.84,17.03,16.59
2017-05-24,16.79,16.87,16.93,16.49
2017-05-25,16.69,17.14,17.15,16.68
2017-05-26,17.14,17.09,17.32,17.03
2017-05-31,17.44,16.95,17.44,16.9
2017-06-01,16.81,16.96,17.07,16.72
2017-06-02,16.87,17.47,17.49,16.8
2017-06-05,17.39,17.33,17.47,17.17
2017-06-06,17.34,17.54,17.979,17.22
2017-06-07,17.4,18.039,18.299,17.38
2017-06-08,17.899,18.169,18.559,17.829
2017-06-09,18.019,18.209,18.449,17.899
2017-06-12,18.109,17.689,18.189,17.599
2017-06-13,17.639,17.849,17.959,17.619
2017-06-14,17.639,17.779,17.779,17.44
2017-06-15,17.639,17.819,17.889,17.56
2017-06-16,17.889,17.979,18.069,17.729
2017-06-19,17.88,18.25,18.42,17.8
2017-06-20,18.24,18.13,18.38,17.83
2017-06-21,18.06,17.85,18.16,17.81
2017-06-22,17.76,17.18,17.92,17.18
2017-06-23,17.15,17.17,17.36,16.91
2017-06-26,17.17,17.23,17.31,17.02
2017-06-27,17.27,17.01,17.44,16.9
2017-06-28,16.92,16.99,17.12,16.86
2017-06-29,17.06,17.01,17.08,16.94
2017-06-30,16.98,16.84,16.99,16.78
2017-07-03,16.97,17.0,17.1,16.77
2017-07-04,17.0,16.97,17.1,16.93
2017-07-05,16.92,17.2,17.42,16.92
2017-07-06,17.1,17.05,17.28,17.0
2017-07-07,17.1,16.97,17.1,16.88
2017-07-10,16.92,16.91,17.08,16.8
2017-07-11,16.94,16.87,17.19,16.85
2017-07-12,16.87,16.75,16.96,16.67
2017-07-13,16.75,16.85,16.86,16.64
2017-07-14,16.77,16.75,16.93,16.68
2017-07-17,16.75,16.55,16.83,16.36
2017-07-18,16.54,16.89,17.19,16.37
2017-07-19,16.9,16.92,16.97,16.77
2017-07-20,16.99,16.93,17.52,16.91
2017-07-21,16.77,16.92,17.0,16.77
2017-07-24,16.83,16.81,16.92,16.78
2017-07-25,16.96,16.93,17.04,16.77
2017-07-26,16.87,16.8,16.97,16.77
2017-07-27,16.8,16.83,16.88,16.55
2017-07-28,16.83,16.72,16.86,16.7
2017-07-31,16.7,16.78,17.0,16.55
2017-08-01,16.76,16.72,16.81,16.68
2017-08-02,16.71,16.64,16.81,16.64
2017-08-03,16.59,16.6,16.75,16.53
2017-08-04,16.65,16.63,16.73,16.61
2017-08-07,16.73,16.64,16.73,16.53
2017-08-08,16.69,16.64,16.72,16.57
2017-08-09,16.55,17.05,17.18,16.55
2017-08-10,16.92,17.12,17.14,16.84
2017-08-11,17.08,17.07,17.09,16.79
2017-08-14,17.0,17.1,17.13,16.98
2017-08-15,17.07,17.0,17.22,17.0
2017-08-16,17.0,16.98,17.06,16.91
2017-08-17,16.97,16.99,17.07,16.92
2017-08-18,16.93,17.04,17.2,16.87
2017-08-21,17.08,17.03,17.15,16.98
2017-08-22,17.05,16.95,17.38,16.9
2017-08-23,16.95,16.76,16.95,16.68
2017-08-24,16.75,16.7,16.91,16.7
2017-08-25,16.77,16.81,16.83,16.67
2017-08-28,16.85,16.85,16.92,16.71
2017-08-29,16.85,16.89,16.96,16.79
2017-08-30,16.93,17.12,17.3,16.91
2017-08-31,17.05,16.95,17.09,16.87
2017-09-01,16.95,16.92,16.97,16.8
2017-09-04,16.92,16.89,16.92,16.8
2017-09-05,16.89,16.9,16.92,16.81
2017-09-06,16.95,17.1,17.1,16.88
2017-09-07,17.15,16.99,17.23,16.97
2017-09-08,16.97,18.16,18.69,16.85
2017-09-11,17.58,17.65,17.74,17.5
2017-09-12,17.53,17.28,17.54,17.19
2017-09-13,17.23,17.26,17.34,17.1
2017-09-14,17.19,17.33,17.42,17.19
2017-09-15,17.38,17.3,17.56,17.2
2017-09-18,17.2,17.27,17.4,17.17
2017-09-19,17.2,17.43,17.68,17.2
2017-09-20,17.31,17.36,17.4,17.2
2017-09-21,17.36,17.07,17.36,17.03
2017-09-22,17.08,16.95,17.14,16.89
2017-09-25,16.9,16.63,16.9,16.61
2017-09-26,16.61,16.66,16.75,16.6
2017-09-27,16.66,16.72,16.77,16.64
2017-09-28,16.74,16.7,16.78,16.66
2017-09-29,16.7,16.75,16.83,16.7
2017-10-09,16.96,16.84,16.97,16.79
2017-10-10,16.84,16.9,16.94,16.79
2017-10-11,16.83,16.93,17.02,16.83
2017-10-12,16.91,16.86,16.93,16.8
2017-10-13,16.89,16.84,16.9,16.81
2017-10-16,16.88,16.6,16.88,16.6
2017-10-17,16.59,16.69,16.74,16.57
2017-10-18,16.7,16.5,16.75,16.47
2017-10-19,16.5,16.13,16.53,16.1
2017-10-20,16.1,16.32,16.38,16.1
2017-10-23,16.29,16.42,16.6,16.28
2017-10-24,16.44,16.43,16.65,16.33
2017-10-25,16.53,16.48,16.62,16.4
2017-10-26,16.45,16.35,16.48,16.33
2017-10-27,16.39,16.37,16.47,16.27
2017-10-30,16.4,16.07,16.48,16.03
2017-10-31,16.03,16.46,16.82,16.02
2017-11-01,16.55,16.43,16.64,16.21
2017-11-02,16.49,16.23,16.53,16.11
2017-11-03,16.18,16.16,16.25,16.04
2017-11-06,16.16,16.16,16.21,16.05
2017-11-07,16.35,16.18,16.35,16.0
2017-11-08,16.16,16.06,16.18,16.01
2017-11-09,16.04,16.04,16.07,15.95
2017-11-10,16.03,16.03,16.06,15.95
2017-11-13,16.01,16.06,16.11,15.95
2017-11-14,16.06,15.98,16.08,15.86
2017-11-15,15.97,16.0,16.02,15.8
2017-11-16,15.98,15.98,15.98,15.82
2017-11-17,15.96,15.9,15.98,15.56
2017-11-20,15.72,15.7,15.77,15.55
2017-11-21,15.7,15.1,15.73,15.0
2017-11-22,15.14,13.59,15.14,13.59
2017-11-23,13.18,13.1,13.41,12.55
2017-11-24,12.97,12.76,12.97,12.7
2017-11-27,12.68,12.33,12.85,12.33
2017-11-28,12.38,12.44,12.49,12.31
2017-11-29,12.46,12.62,12.66,12.33
2017-11-30,12.53,12.6,12.89,12.45
2017-12-01,12.49,12.64,12.73,12.45
2017-12-04,12.7,12.27,12.75,12.25
2017-12-05,12.18,11.81,12.27,11.79
2017-12-06,11.84,11.92,11.95,11.7
2017-12-07,11.95,12.05,12.25,11.92
2017-12-08,12.15,12.14,12.23,11.9
2017-12-11,12.15,12.18,12.23,12.0
2017-12-12,12.22,12.19,12.34,12.09
2017-12-13,12.09,12.2,12.29,12.07
2017-12-14,12.2,12.18,12.3,12.08
2017-12-15,12.12,12.17,12.2,12.1
2017-12-18,12.17,12.2,12.35,12.08
2017-12-19,12.21,11.8,12.21,11.67
2017-12-20,11.64,10.95,11.64,10.76
2017-12-21,10.9,10.78,10.9,10.6
2017-12-22,10.76,10.78,10.88,10.7
2017-12-25,10.78,10.7,10.85,10.44
2017-12-26,10.6,10.74,10.74,10.4
2017-12-27,10.74,10.77,11.1,10.6
2017-12-28,10.78,10.7,10.86,10.65
2017-12-29,10.73,10.78,10.87,10.52
2018-01-02,10.78,10.92,11.05,10.75
2018-01-03,10.95,10.97,11.04,10.84
2018-01-04,10.98,11.06,11.12,10.88
2018-01-05,11.09,12.17,12.17,11.06
2018-01-08,12.21,13.39,13.39,12.21
2018-01-09,13.35,12.94,13.5,12.88
2018-01-10,12.89,12.73,12.92,12.46
2018-01-11,12.55,12.51,12.69,12.3
2018-01-12,12.42,13.76,13.76,12.33
2018-01-15,13.9,13.82,14.43,13.4
2018-01-16,13.02,14.62,14.99,13.02
2018-01-17,14.2,13.8,14.39,13.56
2018-01-18,13.81,13.9,14.01,13.6
2018-01-19,13.99,13.32,14.28,13.3
2018-01-22,13.02,13.0,13.2,12.77
2018-01-23,13.0,13.49,13.83,13.0
2018-01-24,13.17,13.26,13.45,13.16
2018-01-25,13.02,12.61,13.02,12.5
2018-01-26,12.66,12.85,13.44,12.5
2018-01-29,12.6,12.61,13.15,12.51
2018-01-30,12.68,12.76,13.16,12.56
2018-01-31,12.61,12.15,12.88,11.6
2018-02-01,12.0,11.14,12.16,11.07
2018-02-02,10.99,10.81,11.3,10.3
2018-02-05,10.5,10.66,10.81,10.18
2018-02-06,10.37,9.61,10.64,9.59
2018-02-07,9.82,9.61,9.98,9.2
2018-02-08,9.59,9.84,9.91,9.55
2018-02-09,9.6,9.17,9.61,8.87
2018-02-12,9.23,10.09,10.09,9.23
2018-02-13,10.64,10.03,10.64,10.01
2018-02-14,9.86,10.34,10.58,9.82
2018-02-22,10.42,10.72,10.98,10.26
2018-02-23,10.61,10.64,10.97,10.58
2018-02-26,10.58,10.79,10.86,10.41
2018-02-27,10.79,10.48,10.79,10.42
2018-02-28,10.39,10.61,10.67,10.27
2018-03-01,10.6,10.5,10.6,10.4
2018-03-02,10.59,10.99,11.23,10.43
2018-03-05,10.58,10.71,10.95,10.58
2018-03-06,10.63,11.16,11.49,10.57
2018-03-07,11.0,11.5,12.08,10.91
2018-03-08,11.5,11.42,11.58,11.21
2018-03-09,11.42,11.38,11.44,11.21
2018-03-12,11.4,11.42,11.5,11.23
2018-03-13,11.44,11.26,11.53,11.23
2018-03-14,11.18,11.07,11.3,10.81
2018-03-15,10.82,10.95,11.3,10.71
2018-03-16,10.88,10.8,11.06,10.79
2018-03-19,10.75,10.62,10.79,10.5
2018-03-20,10.58,10.67,10.82,10.41
2018-03-21,10.64,10.67,11.07,10.59
2018-03-22,10.65,11.05,11.35,10.6
2018-03-23,10.8,10.74,11.61,10.4
2018-03-26,10.35,10.67,10.7,9.85
2018-03-27,10.8,10.95,11.23,10.71
2018-03-28,10.72,10.76,10.97,10.61
2018-03-29,10.78,11.84,11.84,10.78
2018-03-30,12.55,12.3,13.02,12.25
2018-04-02,11.92,12.66,13.36,11.92
2018-04-03,12.1,12.2,12.49,12.03
2018-04-04,12.13,11.8,12.27,11.7
2018-04-09,11.6,12.02,12.37,11.51
2018-04-10,11.94,12.0,12.33,11.9
2018-04-11,11.99,12.05,12.35,11.82
2018-04-12,11.98,11.55,12.05,11.51
2018-04-13,11.76,11.49,11.8,11.4
2018-04-16,11.51,11.26,11.71,11.02
2018-04-17,11.38,10.82,11.44,10.82
2018-04-18,10.99,10.73,11.03,10.43
2018-04-19,10.68,10.65,10.8,10.58
2018-04-20,10.67,10.55,10.89,10.5
2018-04-23,10.2,10.3,10.53,10.13
2018-04-24,10.37,10.86,10.88,10.26
2018-04-25,10.7,10.7,10.77,10.59
2018-04-26,10.7,10.3,10.77,10.29
2018-04-27,10.3,10.41,10.46,10.23
2018-05-02,10.41,10.69,11.03,10.39
2018-05-03,11.0,11.76,11.76,10.8
2018-05-04,12.35,12.94,12.94,12.13
2018-05-07,13.7,14.23,14.23,13.61
2018-05-08,13.9,15.65,15.65,13.65
2018-05-09,16.7,15.55,16.82,14.09
2018-05-10,15.0,17.11,17.11,14.77
2018-05-11,16.19,15.4,16.6,15.4
2018-05-14,14.54,14.25,14.87,13.91
2018-05-15,14.35,14.41,14.67,14.01
2018-05-16,14.01,14.1,14.79,13.88
2018-05-17,14.12,14.37,14.88,13.88
2018-05-18,14.19,14.21,14.38,13.9
2018-05-21,14.26,14.47,14.55,14.08
2018-05-22,14.35,14.3,14.43,14.03
2018-05-23,14.0,14.22,14.6,13.95
2018-05-24,14.04,14.31,14.36,14.04
2018-05-25,14.52,15.74,15.74,14.4
