date,open,close,high,low
2016-01-04,10.16,9.09,10.2,9.09
2016-01-05,8.57,8.59,9.04,8.19
2016-01-06,8.59,8.94,8.95,8.59
2016-01-07,8.76,8.05,8.76,8.05
2016-01-08,8.27,8.06,8.45,7.29
2016-01-11,7.8,7.25,8.02,7.25
2016-01-12,7.28,7.29,7.48,7.02
2016-01-13,7.39,6.92,7.47,6.9
2016-01-14,6.64,7.12,7.21,6.51
2016-01-15,7.2,7.1,7.68,6.96
2016-01-18,6.9,7.81,7.81,6.88
2016-01-19,8.04,8.59,8.59,7.82
2016-01-20,8.68,8.7,9.15,8.41
2016-01-21,8.55,8.52,8.9,8.26
2016-01-22,8.6,8.88,9.1,8.43
2016-01-25,9.0,8.85,9.08,8.68
2016-01-26,8.62,7.97,8.75,7.97
2016-01-27,8.0,8.27,8.28,7.28
2016-01-28,8.0,7.94,8.2,7.59
2016-01-29,7.99,8.38,8.55,7.82
2016-02-01,8.29,8.06,8.35,7.78
2016-02-02,8.29,8.29,8.4,8.05
2016-02-03,8.12,8.26,8.31,7.97
2016-02-04,8.25,8.58,8.78,8.23
2016-02-05,8.55,8.65,8.73,8.41
2016-02-15,8.25,8.58,8.66,8.23
2016-02-16,8.59,9.0,9.1,8.59
2016-02-17,8.88,9.2,9.38,8.68
2016-02-18,9.2,9.7,10.12,9.0
2016-02-19,9.5,9.5,9.8,9.4
2016-02-22,9.58,9.63,10.0,9.54
2016-02-23,9.62,9.91,10.01,9.42
2016-02-24,9.83,9.75,9.99,9.51
2016-02-25,9.6,8.78,9.65,8.78
2016-02-26,8.88,8.88,9.0,8.47
2016-02-29,8.87,8.0,8.87,7.99
2016-03-01,8.0,8.24,8.31,7.95
2016-03-02,8.22,8.65,8.86,8.16
2016-03-03,8.6,8.93,9.33,8.59
2016-03-04,8.82,8.45,8.95,8.3
2016-03-07,8.51,8.8,8.93,8.51
2016-03-08,8.78,8.64,8.78,8.2
2016-03-09,8.36,8.53,8.72,8.28
2016-03-10,8.56,8.29,8.6,8.25
2016-03-11,8.13,8.4,8.46,8.0
2016-03-14,8.47,8.55,8.72,8.31
2016-03-15,8.5,8.66,8.78,8.4
2016-03-16,8.73,8.32,8.84,8.25
2016-03-17,8.3,8.45,8.55,8.26
2016-03-18,8.45,8.67,8.75,8.45
2016-03-21,8.72,8.96,8.99,8.68
2016-03-22,8.86,8.75,8.86,8.66
2016-03-23,8.74,8.89,8.91,8.71
2016-03-24,8.81,8.53,8.85,8.53
2016-03-25,8.49,8.62,8.63,8.4
2016-03-28,8.66,8.5,8.93,8.47
2016-03-29,8.48,8.2,8.53,8.12
2016-03-30,8.28,8.43,8.46,8.21
2016-03-31,8.44,8.33,8.49,8.32
2016-04-01,8.35,8.32,8.4,8.08
2016-04-05,8.31,8.5,8.54,8.26
2016-04-06,8.43,8.52,8.57,8.4
2016-04-07,8.52,8.33,8.55,8.31
2016-04-08,8.35,8.18,8.35,8.09
2016-04-11,8.24,8.33,8.39,8.22
2016-04-12,8.33,8.14,8.33,8.02
2016-04-13,8.17,8.25,8.33,8.15
2016-04-14,8.45,8.43,8.54,8.33
2016-04-15,8.47,8.73,8.88,8.46
2016-04-18,8.55,8.46,8.66,8.39
2016-04-19,8.5,8.71,8.86,8.5
2016-04-20,8.68,8.6,8.93,8.1
2016-04-21,8.49,8.85,8.93,8.41
2016-04-22,8.83,8.96,9.7,8.73
2016-04-25,8.7,8.75,8.86,8.59
2016-04-26,8.76,9.24,9.34,8.76
2016-04-27,9.2,9.02,9.3,8.94
2016-04-28,8.98,9.04,9.16,8.76
2016-04-29,8.94,8.91,9.08,8.89
2016-05-03,8.94,9.22,9.23,8.83
2016-05-04,9.14,9.19,9.29,9.13
2016-05-05,9.17,9.45,9.55,9.14
2016-05-06,9.38,9.18,9.48,9.03
2016-05-09,9.31,9.12,9.62,9.0
2016-05-10,8.7,8.49,8.87,8.27
2016-05-11,8.5,8.19,8.6,8.12
2016-05-12,8.05,7.99,8.06,7.8
2016-05-13,8.0,8.03,8.22,7.97
2016-05-16,8.07,8.14,8.16,7.82
2016-05-17,8.14,8.15,8.24,8.08
2016-05-18,8.15,7.67,8.15,7.56
2016-05-19,7.68,7.62,7.85,7.6
2016-05-20,7.55,7.63,7.63,7.42
2016-05-23,7.64,7.67,7.73,7.58
2016-05-24,7.62,7.57,7.65,7.5
2016-05-25,7.61,7.56,7.67,7.5
2016-05-26,7.56,7.46,7.6,7.19
2016-05-27,7.48,7.53,7.66,7.32
2016-05-30,7.46,7.39,7.48,7.28
2016-05-31,7.45,7.74,7.74,7.4
2016-06-01,7.72,7.73,7.98,7.69
2016-06-02,7.77,7.81,7.83,7.68
2016-06-03,7.84,7.81,7.88,7.79
2016-06-06,7.81,7.84,7.96,7.75
2016-06-07,7.81,7.87,7.87,7.72
2016-06-08,7.89,7.76,7.89,7.69
2016-06-13,7.65,7.3,7.66,7.3
2016-06-14,7.33,7.42,7.46,7.24
2016-06-15,7.35,7.64,7.64,7.32
2016-06-16,7.67,7.65,7.72,7.58
2016-06-17,7.65,7.7,7.93,7.61
2016-06-20,7.68,7.53,7.68,7.48
2016-06-21,7.56,7.34,7.62,7.32
2016-06-22,7.35,7.53,7.53,7.32
2016-06-23,7.5,7.48,7.57,7.47
2016-06-24,7.52,7.42,7.58,7.23
2016-06-27,7.4,7.53,7.53,7.35
2016-06-28,7.47,7.82,7.9,7.44
2016-06-29,7.8,7.8,7.94,7.75
2016-06-30,7.8,7.83,7.91,7.75
2016-07-01,7.85,7.74,7.88,7.68
2016-07-04,7.7,7.83,7.93,7.66
2016-07-05,7.84,7.79,7.86,7.76
2016-07-06,7.78,7.93,7.95,7.76
2016-07-07,7.89,7.84,7.92,7.75
2016-07-08,7.8,7.83,7.95,7.79
2016-07-11,7.81,7.77,8.01,7.76
2016-07-12,7.77,7.84,7.87,7.65
2016-07-13,7.85,7.86,7.88,7.81
2016-07-14,7.83,7.92,7.94,7.79
2016-07-15,7.91,7.84,7.93,7.81
2016-07-18,7.85,7.83,7.88,7.7
2016-07-19,7.8,7.85,7.86,7.74
2016-07-20,7.85,8.14,8.43,7.82
2016-07-21,8.09,8.05,8.2,8.0
2016-07-22,8.09,8.0,8.19,7.97
2016-07-25,7.99,8.07,8.12,7.93
2016-07-26,8.07,8.1,8.15,8.01
2016-07-27,8.1,7.74,8.19,7.6
2016-07-28,7.79,7.71,7.79,7.58
2016-07-29,7.68,7.69,7.93,7.67
2016-08-01,7.68,7.49,7.68,7.38
2016-08-02,7.5,7.47,7.53,7.4
2016-08-03,7.46,7.55,7.59,7.41
2016-08-04,7.52,7.62,7.64,7.38
2016-08-05,7.58,7.51,7.6,7.5
2016-08-08,7.51,7.56,7.57,7.41
2016-08-09,7.6,7.62,7.63,7.56
2016-08-10,7.62,7.58,7.65,7.52
2016-08-11,7.57,7.46,7.59,7.45
2016-08-12,7.51,7.52,7.54,7.41
2016-08-15,7.53,7.64,7.68,7.5
2016-08-16,7.64,7.75,7.92,7.64
2016-08-17,7.73,7.73,7.78,7.65
2016-08-18,7.72,7.76,7.8,7.67
2016-08-19,7.76,7.74,7.81,7.67
2016-08-22,7.74,7.73,7.78,7.66
2016-08-23,7.74,7.77,7.81,7.66
2016-08-24,7.8,7.88,8.13,7.8
2016-08-25,7.8,7.67,7.8,7.62
2016-08-26,7.69,7.99,8.26,7.68
2016-08-29,8.02,8.32,8.5,7.99
2016-08-30,8.37,8.18,8.46,8.09
2016-08-31,8.18,8.34,8.45,8.13
2016-09-01,8.28,8.34,8.55,8.27
2016-09-02,8.23,8.11,8.33,8.05
2016-09-05,8.18,8.23,8.44,8.13
2016-09-06,8.23,8.61,8.82,8.02
2016-09-07,8.5,9.3,9.47,8.46
2016-09-08,9.11,9.01,9.15,8.83
2016-09-09,8.97,8.82,9.06,8.76
2016-09-12,8.7,8.81,9.06,8.6
2016-09-13,8.85,8.9,9.05,8.75
2016-09-14,8.78,8.61,8.83,8.6
2016-09-19,8.62,8.71,8.76,8.61
2016-09-20,8.76,8.88,9.07,8.75
2016-09-21,8.78,8.71,8.85,8.67
2016-09-22,8.7,8.83,8.95,8.7
2016-09-23,8.84,8.93,9.02,8.81
2016-09-26,8.88,8.76,9.02,8.68
2016-09-27,8.71,8.52,8.78,8.35
2016-09-28,8.5,8.3,8.5,8.26
2016-09-29,8.3,8.31,8.43,8.29
2016-09-30,8.33,8.41,8.44,8.24
2016-10-10,8.43,8.57,8.62,8.43
2016-10-11,8.59,8.53,8.6,8.41
2016-10-12,8.49,8.57,8.59,8.41
2016-10-13,8.54,8.63,8.67,8.52
2016-10-14,8.08,8.73,9.1,7.81
2016-10-17,8.61,8.38,8.84,8.35
2016-10-18,8.27,8.39,8.41,8.15
2016-10-19,8.32,8.24,8.39,8.2
2016-10-20,8.22,8.28,8.33,8.22
2016-10-21,8.36,8.24,8.39,8.16
2016-10-24,7.99,8.02,8.06,7.78
2016-10-25,8.0,7.95,8.0,7.9
2016-10-26,7.91,7.97,7.99,7.91
2016-10-27,7.96,7.91,7.97,7.86
2016-10-28,7.9,7.79,7.93,7.78
2016-10-31,7.81,7.79,7.83,7.7
2016-11-01,7.78,7.9,7.92,7.77
2016-11-02,7.86,7.91,8.07,7.83
2016-11-03,7.91,7.93,7.98,7.83
2016-11-04,7.93,7.91,7.98,7.86
2016-11-07,7.94,7.91,7.95,7.85
2016-11-08,7.9,7.9,7.93,7.85
2016-11-09,7.88,7.96,8.1,7.75
2016-11-10,8.15,8.06,8.26,8.03
2016-11-11,8.02,8.41,8.65,8.02
2016-11-14,8.18,8.13,8.25,8.06
2016-11-15,8.1,8.13,8.15,8.05
2016-11-16,8.13,8.15,8.19,8.08
2016-11-17,8.11,8.07,8.15,8.03
2016-11-18,8.08,7.9,8.09,7.9
2016-11-21,7.89,7.9,7.95,7.84
2016-11-22,7.9,7.96,7.96,7.89
2016-11-23,7.96,7.94,7.99,7.9
2016-11-24,7.94,7.87,7.94,7.82
2016-11-25,7.86,7.86,7.9,7.74
2016-11-28,7.88,7.93,7.96,7.87
2016-11-29,7.91,7.8,7.93,7.8
2016-11-30,7.8,7.77,7.83,7.74
2016-12-01,7.74,7.8,7.81,7.74
2016-12-02,7.8,7.63,7.8,7.62
2016-12-05,7.63,7.54,7.64,7.53
2016-12-06,7.56,7.6,7.64,7.55
2016-12-07,7.62,7.68,7.68,7.56
2016-12-08,7.68,7.66,7.72,7.64
2016-12-09,7.66,7.62,7.69,7.61
2016-12-12,7.63,7.13,7.66,7.1
2016-12-13,7.1,7.01,7.1,6.9
2016-12-14,7.0,6.91,7.01,6.82
2016-12-15,6.88,6.97,7.02,6.85
2016-12-16,6.94,7.07,7.07,6.93
2016-12-19,7.05,7.15,7.24,7.03
2016-12-20,7.15,7.17,7.23,7.13
2016-12-21,7.7,7.89,7.89,7.7
2016-12-22,8.22,7.74,8.22,7.72
2016-12-23,7.58,7.64,7.95,7.52
2016-12-26,7.48,7.37,7.48,7.2
2016-12-27,7.35,8.11,8.11,7.32
2016-12-28,8.12,8.02,8.35,7.92
2016-12-29,7.94,7.94,8.07,7.76
2016-12-30,7.86,7.69,7.95,7.63
2017-01-03,7.71,7.79,7.83,7.62
2017-01-04,7.72,7.83,7.9,7.65
2017-01-05,7.77,7.81,7.92,7.71
2017-01-06,7.8,7.71,7.8,7.63
2017-01-09,7.73,7.78,7.78,7.65
2017-01-10,7.74,7.71,7.81,7.69
2017-01-11,7.66,7.41,7.71,7.4
2017-01-12,7.41,7.27,7.45,7.27
2017-01-13,7.14,7.06,7.16,7.03
2017-01-16,7.05,6.81,7.05,6.4
2017-01-17,6.75,6.88,6.91,6.67
2017-01-18,6.87,6.83,6.91,6.81
2017-01-19,6.83,6.79,6.85,6.7
2017-01-20,6.72,6.88,6.89,6.72
2017-01-23,6.89,6.97,6.99,6.89
2017-01-24,6.99,7.04,7.14,6.97
2017-01-25,7.03,7.05,7.06,6.96
2017-01-26,7.08,7.11,7.14,7.06
2017-02-03,7.12,7.01,7.13,6.99
2017-02-06,7.01,7.31,7.64,6.91
2017-02-07,7.26,7.12,7.26,7.02
2017-02-08,7.09,7.1,7.12,7.03
2017-02-09,7.04,7.09,7.09,6.99
2017-02-10,7.08,7.12,7.15,7.06
2017-02-13,7.1,7.12,7.14,7.05
2017-02-14,7.1,7.05,7.1,7.03
2017-02-15,7.05,7.06,7.15,7.01
2017-02-16,7.05,7.07,7.09,7.03
2017-02-17,7.17,7.11,7.27,7.07
2017-02-20,7.05,7.12,7.13,7.02
2017-02-21,7.13,7.17,7.18,7.08
2017-02-22,7.17,7.17,7.18,7.12
2017-02-23,7.18,7.2,7.26,7.13
2017-02-24,7.19,7.17,7.2,7.13
2017-02-27,7.16,7.08,7.2,7.08
2017-02-28,7.08,7.09,7.11,7.04
2017-03-01,7.06,7.08,7.11,7.04
2017-03-02,7.09,6.94,7.09,6.93
2017-03-03,6.89,6.97,7.0,6.86
2017-03-06,6.93,7.07,7.07,6.68
2017-03-07,7.12,7.09,7.14,7.01
2017-03-08,7.09,7.09,7.12,7.03
2017-03-09,7.07,6.99,7.07,6.91
2017-03-10,6.98,6.96,6.99,6.93
2017-03-13,6.95,6.98,6.99,6.9
2017-03-14,6.96,6.92,6.97,6.91
2017-03-15,6.9,7.06,7.08,6.86
2017-03-16,7.0,7.03,7.05,6.98
2017-03-17,7.0,6.94,7.06,6.93
2017-03-20,6.92,6.96,7.0,6.89
2017-03-21,7.32,7.12,7.49,7.1
2017-03-22,7.06,6.98,7.09,6.97
2017-03-23,6.97,6.92,7.01,6.87
2017-03-24,6.86,6.93,6.96,6.86
2017-03-27,6.93,6.9,6.97,6.9
2017-03-28,6.92,6.9,6.94,6.88
2017-03-29,6.87,6.89,6.96,6.85
2017-03-30,6.91,6.76,6.91,6.73
2017-03-31,6.75,6.78,6.84,6.74
2017-04-05,6.85,6.94,6.95,6.84
2017-04-06,6.96,7.11,7.18,6.89
2017-04-07,7.07,7.06,7.13,6.99
2017-04-10,7.02,7.04,7.15,6.96
2017-04-11,7.02,7.38,7.56,6.85
2017-04-12,7.29,7.29,7.48,7.19
2017-04-13,7.17,7.1,7.19,6.93
2017-04-14,7.1,7.03,7.21,7.0
2017-04-17,6.94,6.83,7.0,6.78
2017-04-18,6.84,6.76,6.92,6.75
2017-04-19,6.76,6.59,6.77,6.48
2017-04-20,6.6,6.57,6.64,6.51
2017-04-21,6.6,6.58,6.63,6.49
2017-04-24,6.57,6.34,6.57,6.33
2017-04-25,6.15,6.41,6.44,6.15
2017-04-26,6.4,6.27,6.42,6.23
2017-04-27,6.25,6.25,6.29,6.02
2017-04-28,6.22,6.23,6.23,6.16
2017-05-02,6.25,6.19,6.26,6.18
2017-05-03,6.19,6.15,6.21,6.1
2017-05-04,6.13,6.13,6.18,6.07
2017-05-05,6.16,6.1,6.18,6.09
2017-05-08,6.1,5.86,6.1,5.86
2017-05-09,5.86,5.86,5.94,5.81
2017-05-10,5.87,5.62,5.91,5.6
2017-05-11,5.52,5.41,5.57,5.18
2017-05-12,5.37,5.35,5.38,5.24
2017-05-15,5.34,5.32,5.4,5.3
2017-05-16,5.32,5.39,5.39,5.2
2017-05-17,5.38,5.42,5.49,5.36
2017-05-18,5.37,5.53,5.79,5.32
2017-05-19,5.45,5.43,5.49,5.38
2017-05-22,5.41,5.23,5.41,5.21
2017-05-23,5.23,5.01,5.24,5.0
2017-05-24,5.0,4.95,5.02,4.82
2017-05-25,4.93,4.99,5.01,4.88
2017-05-26,4.97,4.91,5.02,4.91
2017-05-31,4.98,4.98,5.03,4.94
2017-06-01,4.98,4.71,5.0,4.66
2017-06-02,4.66,4.95,4.95,4.57
2017-06-05,4.82,4.88,4.93,4.79
2017-06-06,4.88,4.92,4.93,4.85
2017-06-07,4.92,5.41,5.41,4.9
2017-06-08,5.19,5.29,5.47,5.19
2017-06-09,5.2,5.33,5.44,5.2
2017-06-12,5.28,5.13,5.28,5.11
2017-06-13,5.11,5.21,5.22,5.1
2017-06-14,5.19,5.18,5.23,5.14
2017-06-15,5.19,5.27,5.3,5.18
2017-06-16,5.25,5.26,5.31,5.21
2017-06-19,5.24,5.24,5.26,5.21
2017-06-20,5.25,5.26,5.31,5.24
2017-06-21,5.27,5.23,5.3,5.15
2017-06-22,5.23,5.12,5.25,5.07
2017-06-23,5.11,5.06,5.12,4.94
2017-06-26,5.05,5.13,5.13,5.02
2017-06-27,5.13,5.13,5.18,5.1
2017-06-28,5.11,5.06,5.11,5.04
2017-06-29,5.06,5.09,5.13,5.06
2017-06-30,5.08,5.05,5.08,5.02
2017-07-03,5.06,5.11,5.12,5.03
2017-07-04,5.11,5.09,5.15,5.07
2017-07-05,5.1,5.15,5.18,5.07
2017-07-06,5.15,5.14,5.19,5.09
2017-07-07,5.24,5.28,5.37,5.24
2017-07-10,5.23,5.22,5.27,5.18
2017-07-11,5.22,5.13,5.22,5.13
2017-07-12,5.12,5.1,5.16,5.02
2017-07-13,5.09,5.1,5.13,5.04
2017-07-14,5.1,5.08,5.14,5.06
2017-07-17,4.93,4.67,4.95,4.61
2017-07-18,4.67,4.72,4.72,4.61
2017-07-19,4.71,4.75,4.77,4.66
2017-07-20,4.76,4.78,4.86,4.75
2017-07-21,4.78,4.8,4.83,4.74
2017-07-24,4.79,4.86,4.9,4.77
2017-07-25,4.89,4.82,4.89,4.81
2017-07-26,4.83,4.84,4.86,4.75
2017-07-27,4.83,4.89,4.91,4.76
2017-07-28,4.91,4.9,4.93,4.87
2017-07-31,4.92,4.91,4.92,4.84
2017-08-01,4.92,4.91,4.93,4.87
2017-08-02,4.91,4.8,4.92,4.79
2017-08-03,4.83,4.88,4.91,4.8
2017-08-04,4.88,4.89,4.92,4.87
2017-08-07,4.89,4.89,4.92,4.88
2017-08-08,4.88,4.91,4.93,4.84
2017-08-09,4.9,4.89,4.91,4.88
2017-08-10,4.91,4.83,4.91,4.8
2017-08-11,4.81,4.75,4.83,4.74
2017-08-14,4.74,4.82,4.83,4.72
2017-08-15,4.82,4.83,4.85,4.79
2017-08-16,4.83,4.89,4.91,4.81
2017-08-17,4.9,4.98,5.05,4.87
2017-08-18,4.94,4.92,4.97,4.9
2017-08-21,4.9,4.95,4.97,4.9
2017-08-22,4.93,4.89,4.96,4.88
2017-08-23,4.87,4.91,4.93,4.86
2017-08-24,4.9,4.98,4.98,4.87
2017-08-25,4.97,5.0,5.03,4.9
2017-08-28,4.99,5.04,5.06,4.96
2017-08-29,5.04,5.08,5.12,5.0
2017-08-30,5.08,5.07,5.1,5.03
2017-08-31,5.05,5.06,5.1,5.01
2017-09-01,5.04,5.04,5.06,5.01
2017-09-04,5.04,5.04,5.06,5.01
2017-09-05,5.06,5.15,5.18,5.05
2017-09-06,5.12,5.15,5.16,5.09
2017-09-07,5.15,5.11,5.17,5.09
2017-09-08,5.1,5.23,5.29,5.08
2017-09-11,5.19,5.22,5.25,5.15
2017-09-12,5.22,5.12,5.23,5.1
2017-09-13,5.09,5.09,5.14,5.07
2017-09-14,5.09,5.09,5.1,5.06
2017-09-15,5.09,5.1,5.12,5.05
2017-09-18,5.1,5.12,5.15,5.08
2017-09-19,5.1,5.15,5.16,5.1
2017-09-20,5.14,5.14,5.16,5.09
2017-09-21,5.14,5.09,5.15,5.08
2017-09-22,5.08,5.04,5.09,5.0
2017-09-25,5.02,5.15,5.24,4.95
2017-09-26,5.11,5.07,5.15,5.05
2017-09-27,5.07,5.18,5.19,5.03
2017-09-28,5.2,5.1,5.25,5.1
2017-09-29,5.18,5.35,5.42,5.15
2017-10-09,5.39,5.37,5.45,5.32
2017-10-10,5.37,5.5,5.54,5.25
2017-10-11,5.47,5.5,5.55,5.4
2017-10-12,5.49,5.49,5.53,5.43
2017-10-13,5.45,5.75,5.88,5.44
2017-10-16,5.75,5.57,5.76,5.41
2017-10-17,5.54,5.5,5.6,5.45
2017-10-18,5.49,6.05,6.05,5.42
2017-10-19,6.09,6.66,6.66,6.02
2017-10-20,7.02,7.0,7.32,6.72
2017-10-23,6.9,7.47,7.7,6.8
2017-10-24,7.17,6.92,7.24,6.72
2017-10-25,6.73,6.71,6.98,6.51
2017-10-26,6.66,6.52,6.68,6.42
2017-10-27,6.54,6.32,6.57,6.2
2017-10-30,6.3,6.02,6.3,5.93
2017-10-31,6.07,6.03,6.08,5.94
2017-11-01,6.02,6.02,6.07,5.95
2017-11-02,5.99,5.81,6.0,5.77
2017-11-03,5.81,5.91,5.95,5.77
2017-11-06,5.92,5.94,5.97,5.82
2017-11-07,5.9,6.15,6.23,5.83
2017-11-08,6.12,6.17,6.29,6.06
2017-11-09,6.17,6.12,6.21,6.06
2017-11-10,6.06,6.01,6.1,5.97
2017-11-13,6.01,5.85,6.02,5.78
2017-11-14,5.86,5.93,5.95,5.8
2017-11-15,5.89,5.82,5.92,5.8
2017-11-16,5.78,5.62,5.81,5.62
2017-11-17,5.61,5.29,5.62,5.21
2017-11-20,5.24,5.24,5.24,5.08
2017-11-21,5.25,5.21,5.31,5.18
2017-11-22,5.21,5.21,5.26,5.13
2017-11-23,5.19,5.34,5.58,5.15
2017-11-24,5.24,5.41,5.5,5.16
2017-11-27,5.37,5.13,5.42,5.13
2017-11-28,5.15,5.23,5.24,5.11
2017-11-29,5.23,5.23,5.31,5.19
2017-11-30,5.21,5.13,5.21,5.13
2017-12-01,5.13,5.21,5.23,5.11
2017-12-04,5.21,5.14,5.22,5.09
2017-12-05,5.2,5.08,5.2,5.06
2017-12-06,5.08,5.14,5.14,5.05
2017-12-07,5.12,5.17,5.17,5.1
2017-12-08,5.15,5.26,5.28,5.15
2017-12-11,5.21,5.27,5.29,5.21
2017-12-12,5.25,5.15,5.28,5.14
2017-12-13,5.15,5.3,5.47,5.12
2017-12-14,5.26,5.46,5.56,5.22
2017-12-15,5.45,5.56,5.6,5.37
2017-12-18,5.58,5.54,5.62,5.48
2017-12-19,5.54,5.53,5.54,5.42
2017-12-20,5.5,5.38,5.5,5.38
2017-12-21,5.36,5.54,5.61,5.34
2017-12-22,5.45,5.5,5.56,5.42
2017-12-25,5.48,5.36,5.49,5.33
2017-12-26,5.34,5.51,5.55,5.31
2017-12-27,5.49,5.41,5.5,5.38
2017-12-28,5.4,5.38,5.48,5.36
2017-12-29,5.38,5.42,5.44,5.36
2018-01-02,5.38,5.48,5.49,5.33
2018-01-03,5.47,5.53,5.56,5.41
2018-01-04,5.55,5.48,5.65,5.47
2018-01-05,5.48,5.64,5.67,5.44
2018-01-08,5.63,6.2,6.2,5.57
2018-01-09,6.27,6.01,6.33,5.98
2018-01-10,6.0,5.97,6.1,5.88
2018-01-11,5.96,5.84,5.96,5.78
2018-01-12,5.81,5.99,6.09,5.78
2018-01-15,5.86,5.45,5.91,5.39
2018-01-16,5.38,5.28,5.42,5.21
2018-01-17,5.27,5.3,5.37,5.16
2018-01-18,5.28,5.36,5.48,5.26
2018-01-19,5.48,5.37,5.53,5.37
2018-01-22,5.4,5.36,5.4,5.27
2018-01-23,5.34,5.33,5.36,5.3
2018-01-24,5.31,5.33,5.36,5.28
2018-01-25,5.33,5.31,5.35,5.3
2018-01-26,5.32,5.4,5.52,5.31
2018-01-29,5.37,5.39,5.48,5.37
2018-01-30,5.38,5.13,5.38,5.07
2018-01-31,5.01,4.76,5.01,4.62
2018-02-01,4.68,4.36,4.76,4.35
2018-02-02,4.36,4.39,4.4,4.04
2018-02-05,4.34,4.32,4.4,4.25
2018-02-06,4.25,3.97,4.26,3.96
2018-02-07,4.03,4.07,4.11,3.86
2018-02-08,4.07,4.1,4.17,4.0
2018-02-09,4.0,4.01,4.06,3.92
2018-02-12,4.01,4.13,4.18,4.01
2018-02-13,4.15,4.13,4.18,4.09
2018-02-14,4.12,4.13,4.14,4.06
2018-02-22,4.14,4.24,4.24,4.14
2018-02-23,4.27,4.5,4.66,4.25
2018-02-26,4.52,4.71,4.88,4.42
2018-02-27,4.74,4.63,4.78,4.62
2018-02-28,4.18,4.45,4.5,4.17
2018-03-01,4.34,4.44,4.47,4.33
2018-03-02,4.41,4.73,4.8,4.4
2018-03-05,4.7,4.62,4.81,4.61
2018-03-06,4.71,4.66,4.71,4.55
2018-03-07,4.66,4.65,4.75,4.61
2018-03-08,4.65,4.66,4.68,4.63
2018-03-09,4.64,4.7,4.78,4.62
2018-03-12,4.7,4.72,4.8,4.65
2018-03-13,4.72,4.88,5.05,4.67
2018-03-14,4.83,4.73,4.83,4.71
2018-03-15,4.74,4.79,4.97,4.7
2018-03-16,4.86,4.85,4.93,4.74
2018-03-19,4.84,4.74,4.93,4.7
2018-03-20,4.7,4.75,4.86,4.66
2018-03-21,4.71,4.69,4.77,4.68
2018-03-22,4.69,4.59,4.71,4.57
2018-03-23,4.5,4.25,4.51,4.21
2018-03-26,4.23,4.38,4.4,4.18
2018-03-27,4.39,4.47,4.52,4.39
2018-03-28,4.45,4.45,4.52,4.41
2018-03-29,4.46,4.47,4.52,4.44
2018-03-30,4.5,4.51,4.51,4.47
2018-04-02,4.48,4.4,4.48,4.2
2018-04-03,4.31,4.33,4.36,4.28
2018-04-04,4.33,4.33,4.39,4.32
2018-04-09,4.32,4.31,4.33,4.23
2018-04-10,4.31,4.28,4.31,4.24
2018-04-11,4.21,4.17,4.24,4.16
2018-04-12,4.17,4.02,4.17,4.0
2018-04-13,4.01,3.99,4.06,3.98
2018-04-16,3.59,3.63,3.78,3.59
2018-04-17,3.59,3.56,3.67,3.55
2018-04-18,3.56,3.53,3.6,3.38
2018-04-19,3.53,3.58,3.61,3.48
2018-04-20,3.56,3.41,3.57,3.39
2018-04-23,3.35,3.25,3.35,3.23
2018-04-24,3.27,3.27,3.3,3.25
2018-04-25,3.28,3.31,3.32,3.25
2018-04-26,3.3,3.19,3.32,3.18
2018-04-27,3.19,3.25,3.25,3.17
2018-05-02,3.25,3.17,3.27,3.14
2018-05-03,3.17,3.21,3.23,3.07
2018-05-04,3.2,3.53,3.53,3.2
2018-05-07,3.47,3.88,3.88,3.37
2018-05-08,3.86,4.15,4.26,3.8
2018-05-09,3.9,3.81,3.99,3.78
2018-05-10,3.76,3.76,3.87,3.68
2018-05-11,3.79,3.74,3.81,3.67
2018-05-14,3.63,3.7,3.77,3.63
2018-05-15,3.73,3.73,3.77,3.68
2018-05-16,3.68,3.92,4.04,3.65
2018-05-17,3.83,3.92,4.14,3.83
2018-05-18,3.9,3.98,4.03,3.85
2018-05-21,4.01,3.93,4.01,3.88
2018-05-22,3.85,3.83,3.94,3.8
2018-05-23,3.78,3.72,3.8,3.71
2018-05-24,3.7,3.85,3.85,3.7
2018-05-25,3.81,3.75,3.88,3.74
