date,open,close,high,low
2016-01-04,10.23,9.25,10.24,9.23
2016-01-05,8.5,8.7,9.39,8.36
2016-01-06,8.75,9.07,9.15,8.75
2016-01-07,9.01,8.16,9.01,8.16
2016-01-08,8.47,8.43,8.61,7.49
2016-01-11,8.27,7.61,8.28,7.6
2016-01-12,7.62,7.82,8.0,7.5
2016-01-13,7.85,7.3,8.01,7.29
2016-01-14,7.1,7.64,7.85,6.69
2016-01-15,7.49,7.09,7.59,7.0
2016-01-18,7.05,7.2,7.5,6.8
2016-01-19,7.2,7.6,7.71,7.15
2016-01-20,7.58,7.36,7.67,7.3
2016-01-21,7.22,6.98,7.42,6.98
2016-01-22,7.14,7.09,7.16,6.92
2016-01-25,7.1,7.16,7.3,7.08
2016-01-26,7.08,6.63,7.12,6.44
2016-01-27,6.7,6.65,6.8,6.17
2016-01-28,6.53,6.46,6.55,6.3
2016-01-29,6.5,6.68,6.79,6.36
2016-02-01,6.7,6.5,6.72,6.37
2016-02-02,6.45,6.68,6.76,6.45
2016-02-03,6.53,6.74,6.78,6.5
2016-02-04,6.72,6.98,7.06,6.7
2016-02-05,7.06,6.89,7.06,6.89
2016-02-15,6.55,6.83,6.9,6.55
2016-02-16,6.83,7.13,7.21,6.83
2016-02-17,7.1,7.26,7.33,7.05
2016-02-18,7.3,7.37,7.49,7.23
2016-02-19,7.4,7.48,7.49,7.24
2016-02-22,7.48,7.56,7.6,7.48
2016-02-23,7.56,7.35,7.58,7.28
2016-02-24,7.36,7.55,7.57,7.24
2016-02-25,7.45,6.8,7.49,6.8
2016-02-26,6.89,6.89,7.08,6.4
2016-02-29,6.89,6.51,6.89,6.3
2016-03-01,6.58,7.04,7.16,6.57
2016-03-02,7.08,7.31,7.43,7.05
2016-03-03,7.31,7.28,7.55,7.27
2016-03-04,7.27,7.1,7.34,6.93
2016-03-07,7.24,7.3,7.35,7.18
2016-03-08,7.3,7.39,7.49,7.0
2016-03-09,7.21,7.17,7.32,7.04
2016-03-10,7.21,7.11,7.28,7.1
2016-03-11,7.04,7.06,7.16,6.98
2016-03-14,7.13,7.28,7.4,7.13
2016-03-15,7.22,7.26,7.34,7.22
2016-03-16,7.3,7.19,7.35,7.12
2016-03-17,7.19,7.3,7.37,7.19
2016-03-18,7.31,7.56,7.61,7.31
2016-03-21,7.61,7.75,7.76,7.6
2016-03-22,7.75,7.64,7.77,7.54
2016-03-23,7.58,7.78,7.93,7.55
2016-03-24,7.7,7.48,7.7,7.46
2016-03-25,7.47,7.49,7.53,7.37
2016-03-28,7.52,7.41,7.6,7.36
2016-03-29,7.4,7.43,7.46,7.25
2016-03-30,7.47,7.6,7.69,7.46
2016-03-31,7.64,7.77,7.79,7.56
2016-04-01,7.77,7.8,8.18,7.6
2016-04-05,7.86,7.93,8.02,7.75
2016-04-06,7.89,7.99,8.01,7.82
2016-04-07,7.99,7.75,8.01,7.73
2016-04-08,7.68,7.88,7.88,7.65
2016-04-11,7.95,8.0,8.09,7.86
2016-04-12,7.99,7.9,8.0,7.82
2016-04-13,7.92,8.06,8.2,7.92
2016-04-14,8.1,8.05,8.1,7.95
2016-04-15,7.97,7.94,8.04,7.88
2016-04-18,7.9,7.95,7.99,7.8
2016-04-19,7.97,7.84,7.98,7.76
2016-04-20,7.85,7.5,7.88,7.29
2016-04-21,7.5,7.39,7.61,7.38
2016-04-22,7.36,7.35,7.4,7.21
2016-04-25,7.36,7.29,7.36,7.15
2016-04-26,7.29,7.4,7.41,7.23
2016-04-27,7.4,7.41,7.56,7.39
2016-04-28,7.43,7.28,7.47,7.15
2016-04-29,7.28,7.3,7.38,7.27
2016-05-03,7.39,7.48,7.5,7.27
2016-05-04,7.5,7.48,7.56,7.45
2016-05-05,7.5,7.53,7.54,7.44
2016-05-06,7.56,7.15,7.57,7.1
2016-05-09,7.16,6.73,7.16,6.72
2016-05-10,6.73,6.71,6.8,6.67
2016-05-11,6.75,6.64,6.78,6.6
2016-05-12,6.62,6.57,6.62,6.47
2016-05-13,6.58,6.54,6.62,6.5
2016-05-16,6.57,6.65,6.65,6.43
2016-05-17,6.69,6.55,6.7,6.5
2016-05-18,6.54,6.29,6.54,6.19
2016-05-19,6.26,6.28,6.39,6.26
2016-05-20,6.22,6.36,6.39,6.1
2016-05-23,6.36,6.35,6.42,6.32
2016-05-24,6.34,6.25,6.36,6.05
2016-05-25,6.25,6.34,6.36,6.18
2016-05-26,6.29,6.24,6.31,6.11
2016-05-27,6.24,6.23,6.32,6.15
2016-05-30,6.22,6.1,6.28,6.07
2016-05-31,6.06,6.35,6.35,6.06
2016-06-01,6.32,6.35,6.45,6.3
2016-06-02,6.35,6.43,6.44,6.3
2016-06-03,6.42,6.49,6.59,6.42
2016-06-06,6.5,6.47,6.58,6.41
2016-06-07,6.48,6.45,6.5,6.4
2016-06-08,6.46,6.45,6.5,6.35
2016-06-13,6.38,6.15,6.39,6.15
2016-06-14,6.11,6.16,6.2,6.11
2016-06-15,6.11,6.3,6.31,6.08
2016-06-16,6.29,6.26,6.31,6.2
2016-06-17,6.28,6.29,6.35,6.24
2016-06-20,6.29,6.26,6.29,6.12
2016-06-21,6.3,6.32,6.34,6.24
2016-06-22,6.27,6.39,6.39,6.26
2016-06-23,6.38,6.39,6.5,6.3
2016-06-24,6.36,6.41,6.45,6.2
2016-06-27,6.35,6.5,6.51,6.32
2016-06-28,6.46,6.54,6.55,6.42
2016-06-29,6.55,6.52,6.57,6.48
2016-06-30,6.48,6.56,6.66,6.48
2016-07-01,6.54,6.47,6.59,6.43
2016-07-04,6.46,6.53,6.58,6.45
2016-07-05,6.54,6.6,6.62,6.51
2016-07-06,6.58,6.6,6.64,6.55
2016-07-07,6.69,6.63,6.85,6.59
2016-07-08,6.61,6.51,6.62,6.5
2016-07-11,6.54,6.5,6.61,6.47
2016-07-12,6.5,6.58,6.61,6.46
2016-07-13,6.6,6.63,6.65,6.51
2016-07-14,6.62,6.68,6.68,6.58
2016-07-15,6.63,6.62,6.67,6.57
2016-07-18,6.61,6.58,6.63,6.53
2016-07-19,6.55,6.63,6.63,6.53
2016-07-20,6.63,6.58,6.67,6.57
2016-07-21,6.61,6.59,6.65,6.56
2016-07-22,6.57,6.54,6.61,6.51
2016-07-25,6.56,6.53,6.56,6.48
2016-07-26,6.53,6.6,6.61,6.51
2016-07-27,6.59,6.37,6.72,6.31
2016-07-28,6.36,6.39,6.48,6.34
2016-07-29,6.39,6.48,6.54,6.38
2016-08-01,6.45,6.38,6.53,6.21
2016-08-02,6.4,6.47,6.51,6.34
2016-08-03,6.46,6.58,6.58,6.42
2016-08-04,6.57,6.81,6.9,6.54
2016-08-05,6.77,7.13,7.21,6.75
2016-08-08,7.07,7.12,7.19,6.97
2016-08-09,7.05,7.77,7.83,6.9
2016-08-10,7.74,7.67,7.91,7.49
2016-08-11,7.57,7.68,7.88,7.47
2016-08-12,7.72,7.69,7.93,7.53
2016-08-15,7.68,7.84,7.85,7.49
2016-08-16,7.77,7.92,8.12,7.63
2016-08-17,7.85,7.55,7.89,7.42
2016-08-18,7.49,7.38,7.5,7.31
2016-08-19,7.41,7.35,7.45,7.34
2016-08-22,7.39,7.23,7.47,7.18
2016-08-23,7.25,7.29,7.29,7.17
2016-08-24,7.28,7.25,7.36,7.23
2016-08-25,7.21,7.1,7.21,7.0
2016-08-26,7.12,7.07,7.17,7.05
2016-08-29,7.04,7.1,7.12,7.03
2016-08-30,7.13,7.09,7.13,7.06
2016-08-31,7.07,7.09,7.09,6.99
2016-09-01,7.1,7.07,7.17,7.06
2016-09-02,7.03,6.91,7.07,6.8
2016-09-05,6.92,6.92,6.97,6.89
2016-09-06,6.91,7.05,7.05,6.84
2016-09-07,7.05,6.98,7.06,6.97
2016-09-08,6.99,6.99,7.03,6.96
2016-09-09,7.01,6.88,7.03,6.88
2016-09-12,6.74,6.56,6.8,6.56
2016-09-13,6.59,6.59,6.62,6.53
2016-09-14,6.58,6.54,6.63,6.53
2016-09-19,6.58,6.74,6.75,6.56
2016-09-20,6.74,6.69,6.75,6.66
2016-09-21,6.7,6.68,6.72,6.66
2016-09-22,6.73,6.74,6.8,6.71
2016-09-23,6.75,6.66,6.77,6.66
2016-09-26,6.67,6.55,6.7,6.54
2016-09-27,6.53,6.64,6.64,6.5
2016-09-28,6.63,6.85,6.97,6.58
2016-09-29,6.81,6.86,6.92,6.77
2016-09-30,6.85,6.83,6.87,6.8
2016-10-10,6.85,6.86,6.87,6.72
2016-10-11,6.85,6.92,6.95,6.83
2016-10-12,6.9,6.91,6.96,6.86
2016-10-13,6.93,6.89,6.94,6.84
2016-10-14,6.85,6.83,6.89,6.78
2016-10-17,6.81,6.67,6.84,6.66
2016-10-18,6.68,6.77,6.77,6.65
2016-10-19,6.77,6.77,6.85,6.7
2016-10-20,6.77,6.82,6.83,6.76
2016-10-21,6.82,7.03,7.09,6.76
2016-10-24,7.0,7.09,7.11,6.96
2016-10-25,7.08,7.16,7.22,7.04
2016-10-26,7.12,7.2,7.22,7.07
2016-10-27,7.17,7.15,7.2,7.09
2016-10-28,7.12,7.13,7.16,7.08
2016-10-31,7.12,7.08,7.19,7.07
2016-11-01,7.11,7.15,7.21,7.08
2016-11-02,7.14,7.13,7.24,7.1
2016-11-03,7.12,7.09,7.19,7.08
2016-11-04,7.1,7.1,7.14,7.06
2016-11-07,7.14,7.08,7.14,7.02
2016-11-08,7.14,7.19,7.22,7.09
2016-11-09,7.19,7.11,7.22,7.05
2016-11-10,7.17,7.23,7.28,7.16
2016-11-11,7.25,7.21,7.26,7.16
2016-11-14,7.2,7.19,7.21,7.12
2016-11-15,7.18,7.17,7.19,7.12
2016-11-16,7.21,7.22,7.29,7.14
2016-11-17,7.21,7.27,7.31,7.16
2016-11-18,7.25,7.18,7.28,7.18
2016-11-21,7.16,7.15,7.18,7.09
2016-11-22,7.14,7.18,7.19,7.1
2016-11-23,7.19,7.22,7.26,7.16
2016-11-24,7.22,7.13,7.23,7.11
2016-11-25,7.13,7.11,7.17,6.98
2016-11-28,7.13,7.2,7.2,7.08
2016-11-29,7.2,7.09,7.2,7.09
2016-11-30,7.07,7.04,7.08,6.97
2016-12-01,7.09,7.13,7.14,7.04
2016-12-02,7.12,6.98,7.14,6.97
2016-12-05,6.95,6.97,7.07,6.89
2016-12-06,7.0,7.06,7.13,6.99
2016-12-07,7.04,7.13,7.13,7.04
2016-12-08,7.13,7.14,7.19,7.08
2016-12-09,7.06,7.2,7.2,7.06
2016-12-12,7.24,7.15,7.45,7.07
2016-12-13,7.03,6.9,7.09,6.51
2016-12-14,6.81,6.72,6.89,6.7
2016-12-15,6.69,6.87,6.92,6.62
2016-12-16,6.85,6.88,6.91,6.83
2016-12-19,6.87,6.94,6.97,6.84
2016-12-20,6.94,6.92,6.96,6.86
2016-12-21,6.94,7.18,7.19,6.92
2016-12-22,7.13,7.22,7.25,7.12
2016-12-23,7.26,7.17,7.4,7.15
2016-12-26,7.2,7.23,7.25,7.08
2016-12-27,7.23,7.26,7.33,7.16
2016-12-28,7.22,7.17,7.34,7.1
2016-12-29,7.15,7.15,7.17,7.0
2016-12-30,7.15,7.26,7.33,7.12
2017-01-03,7.29,7.29,7.39,7.2
2017-01-04,7.28,7.39,7.46,7.25
2017-01-05,7.35,7.34,7.47,7.33
2017-01-06,7.34,7.41,7.47,7.3
2017-01-09,7.45,7.46,7.53,7.35
2017-01-10,7.43,7.52,7.85,7.38
2017-01-11,7.48,7.4,7.5,7.3
2017-01-12,7.44,7.41,7.46,7.34
2017-01-13,7.45,7.19,7.45,7.18
2017-01-16,7.24,7.14,7.29,6.93
2017-01-17,7.1,7.28,7.28,7.06
2017-01-18,7.28,7.42,7.5,7.23
2017-01-19,7.43,7.45,7.48,7.37
2017-01-20,7.43,7.44,7.55,7.43
2017-01-23,7.32,7.65,7.65,7.32
2017-01-24,7.59,7.51,7.97,7.5
2017-01-25,7.5,7.47,7.63,7.42
2017-01-26,7.34,7.43,7.48,7.34
2017-02-03,7.47,7.48,7.54,7.42
2017-02-06,7.49,7.64,7.65,7.4
2017-02-07,7.63,7.7,7.77,7.61
2017-02-08,7.69,7.81,7.89,7.63
2017-02-09,7.81,7.85,7.95,7.71
2017-02-10,7.8,7.8,7.91,7.67
2017-02-13,7.8,8.35,8.58,7.7
2017-02-14,8.2,8.02,8.26,7.98
2017-02-15,7.98,7.9,8.07,7.83
2017-02-16,7.85,7.94,8.03,7.84
2017-02-17,7.95,7.74,7.98,7.67
2017-02-20,7.78,7.82,7.85,7.69
2017-02-21,7.81,7.77,7.94,7.75
2017-02-22,7.77,7.74,7.78,7.64
2017-02-23,7.75,7.67,7.75,7.61
2017-02-24,7.65,7.54,7.67,7.5
2017-02-27,7.55,7.51,7.6,7.5
2017-02-28,7.56,7.52,7.63,7.48
2017-03-01,7.52,7.53,7.59,7.5
2017-03-02,7.55,7.44,7.57,7.43
2017-03-03,7.42,7.25,7.43,7.2
2017-03-06,7.23,7.35,7.37,7.22
2017-03-07,7.35,7.31,7.37,7.27
2017-03-08,7.34,7.24,7.35,7.22
2017-03-09,7.22,7.28,7.28,7.22
2017-03-10,7.28,7.26,7.31,7.22
2017-03-13,7.28,7.3,7.31,7.17
2017-03-14,7.29,7.23,7.31,7.22
2017-03-15,7.22,7.25,7.26,7.1
2017-03-16,7.23,7.32,7.33,7.21
2017-03-17,7.33,7.32,7.43,7.3
2017-03-20,7.27,7.28,7.32,7.2
2017-03-21,7.28,7.34,7.4,7.23
2017-03-22,7.31,7.17,7.32,7.17
2017-03-23,7.17,7.06,7.19,7.02
2017-03-24,7.05,7.06,7.08,7.0
2017-03-27,7.03,6.87,7.07,6.85
2017-03-28,6.89,6.8,6.89,6.78
2017-03-29,6.8,6.78,6.84,6.76
2017-03-30,6.74,6.52,6.76,6.5
2017-03-31,6.52,6.37,6.53,6.35
2017-04-05,6.39,6.49,6.5,6.35
2017-04-06,6.46,6.51,6.56,6.43
2017-04-07,6.52,6.52,6.57,6.47
2017-04-10,6.53,6.66,6.7,6.48
2017-04-11,6.63,6.4,6.74,6.29
2017-04-12,6.42,6.4,6.45,6.36
2017-04-13,6.39,6.4,6.44,6.35
2017-04-14,6.3,6.31,6.39,6.28
2017-04-17,6.28,6.05,6.34,5.99
2017-04-18,6.05,5.96,6.07,5.96
2017-04-19,5.93,5.88,5.95,5.82
2017-04-20,5.9,5.91,6.01,5.88
2017-04-21,5.92,5.87,5.92,5.84
2017-04-24,5.88,5.64,5.91,5.63
2017-04-25,5.67,5.63,5.7,5.62
2017-04-26,5.63,5.54,5.64,5.5
2017-04-27,5.51,5.67,5.68,5.27
2017-04-28,5.62,5.71,5.76,5.6
2017-05-02,5.72,5.69,5.72,5.65
2017-05-03,5.7,5.69,5.73,5.6
2017-05-04,5.71,5.58,5.72,5.54
2017-05-05,5.58,5.5,5.58,5.48
2017-05-08,5.45,5.35,5.49,5.32
2017-05-09,5.35,5.4,5.46,5.3
2017-05-10,5.4,5.36,5.51,5.33
2017-05-11,5.36,5.36,5.41,5.21
2017-05-12,5.36,5.38,5.4,5.31
2017-05-15,5.38,5.4,5.46,5.38
2017-05-16,5.39,5.52,5.52,5.33
2017-05-17,5.48,5.53,5.56,5.48
2017-05-18,5.51,5.52,5.55,5.47
2017-05-19,5.51,5.57,5.58,5.51
2017-05-22,5.57,5.39,5.57,5.36
2017-05-23,5.36,5.12,5.38,5.1
2017-05-24,5.1,5.03,5.12,4.88
2017-05-25,5.03,5.06,5.09,4.94
2017-05-26,5.06,5.06,5.09,5.04
2017-05-31,5.11,4.99,5.16,4.98
2017-06-01,5.0,4.8,5.02,4.79
2017-06-02,4.79,4.84,4.86,4.71
2017-06-05,4.84,4.89,4.93,4.82
2017-06-06,4.9,4.99,5.05,4.86
2017-06-07,4.99,5.11,5.13,4.96
2017-06-08,5.1,5.08,5.16,5.05
2017-06-09,5.07,5.09,5.11,5.01
2017-06-12,5.08,5.15,5.28,5.08
2017-06-13,5.11,5.15,5.17,5.03
2017-06-14,5.14,5.13,5.15,5.08
2017-06-15,5.13,5.2,5.2,5.11
2017-06-16,5.18,5.19,5.24,5.16
2017-06-19,5.19,5.21,5.23,5.16
2017-06-20,5.25,5.18,5.26,5.16
2017-06-21,5.17,5.1,5.2,5.04
2017-06-22,5.11,5.07,5.26,5.05
2017-06-23,5.02,5.03,5.06,4.95
2017-06-26,5.03,5.09,5.1,5.02
2017-06-27,5.1,5.12,5.14,5.08
2017-06-28,5.11,5.03,5.11,5.01
2017-06-29,5.03,5.05,5.08,5.02
2017-06-30,5.06,5.1,5.15,5.04
2017-07-03,5.1,5.15,5.16,5.08
2017-07-04,5.15,5.17,5.18,5.12
2017-07-05,5.17,5.18,5.18,5.12
2017-07-06,5.18,5.19,5.2,5.14
2017-07-07,5.16,5.18,5.19,5.14
2017-07-10,5.18,5.18,5.22,5.15
2017-07-11,5.2,5.12,5.21,5.12
2017-07-12,5.13,5.04,5.14,4.99
2017-07-13,5.04,5.03,5.06,4.99
2017-07-14,5.01,5.01,5.03,4.96
2017-07-17,4.97,4.7,4.97,4.67
2017-07-18,4.69,4.72,4.74,4.67
2017-07-19,4.72,4.77,4.81,4.69
2017-07-20,4.77,4.79,4.81,4.75
2017-07-21,4.77,4.86,4.9,4.76
2017-07-24,4.84,4.87,4.89,4.8
2017-07-25,4.88,4.86,4.9,4.82
2017-07-26,4.85,4.84,4.85,4.77
2017-07-27,4.83,4.9,4.9,4.82
2017-07-28,4.9,4.84,4.92,4.83
2017-07-31,4.84,4.89,4.91,4.79
2017-08-01,4.87,4.94,4.94,4.86
2017-08-02,4.95,4.86,4.95,4.85
2017-08-03,4.84,4.85,4.88,4.82
2017-08-04,4.84,4.86,4.86,4.83
2017-08-07,4.84,4.87,4.87,4.82
2017-08-08,4.87,4.94,4.96,4.84
2017-08-09,4.93,4.95,4.96,4.9
2017-08-10,4.94,4.89,4.95,4.85
2017-08-11,4.84,4.79,4.87,4.79
2017-08-14,4.8,4.87,4.87,4.79
2017-08-15,4.89,4.87,4.91,4.85
2017-08-16,4.87,4.93,4.95,4.86
2017-08-17,4.93,5.03,5.05,4.91
2017-08-18,5.01,5.03,5.07,5.0
2017-08-21,5.03,5.13,5.15,5.01
2017-08-22,5.14,5.13,5.14,5.07
2017-08-23,5.14,5.25,5.33,5.1
2017-08-24,5.27,5.21,5.29,5.14
2017-08-25,5.23,5.21,5.23,5.15
2017-08-28,5.24,5.11,5.31,5.09
2017-08-29,5.08,5.08,5.1,5.03
2017-08-30,5.09,5.04,5.09,5.0
2017-08-31,5.05,5.06,5.07,5.03
2017-09-01,5.06,5.03,5.07,5.01
2017-09-04,5.02,5.06,5.06,5.01
2017-09-05,5.06,5.04,5.07,5.0
2017-09-06,5.03,5.03,5.05,5.0
2017-09-07,5.04,5.01,5.05,5.0
2017-09-08,5.01,5.01,5.04,4.95
2017-09-11,5.01,5.03,5.04,5.0
2017-09-12,5.03,5.08,5.08,5.02
2017-09-13,5.09,5.05,5.09,5.02
2017-09-14,5.04,5.02,5.06,5.0
2017-09-15,5.03,5.01,5.04,4.99
2017-09-18,5.01,5.0,5.03,4.97
2017-09-19,5.01,4.98,5.02,4.97
2017-09-20,4.98,4.99,5.0,4.96
2017-09-21,4.99,4.95,5.0,4.94
2017-09-22,4.95,4.9,4.96,4.89
2017-09-25,4.88,4.8,4.9,4.8
2017-09-26,4.83,4.82,4.84,4.8
2017-09-27,4.84,4.84,4.87,4.83
2017-09-28,4.84,4.85,4.89,4.83
2017-09-29,4.86,4.86,4.88,4.84
2017-10-09,4.87,4.87,4.92,4.86
2017-10-10,4.88,4.91,4.92,4.85
2017-10-11,4.91,4.93,4.94,4.9
2017-10-12,4.93,4.96,5.0,4.92
2017-10-13,4.96,4.95,4.98,4.92
2017-10-16,4.93,4.83,4.94,4.83
2017-10-17,4.83,4.83,4.86,4.81
2017-10-18,4.82,4.8,4.86,4.8
2017-10-19,4.81,4.68,4.81,4.68
2017-10-20,4.69,4.72,4.72,4.68
2017-10-23,4.73,4.74,4.74,4.69
2017-10-24,4.75,4.7,4.75,4.69
2017-10-25,4.7,4.71,4.72,4.69
2017-10-26,4.7,4.73,4.75,4.68
2017-10-27,4.72,4.71,4.75,4.71
2017-10-30,4.74,4.61,4.76,4.59
2017-10-31,4.58,4.64,4.64,4.56
2017-11-01,4.65,4.62,4.65,4.61
2017-11-02,4.63,4.52,4.63,4.48
2017-11-03,4.52,4.49,4.54,4.48
2017-11-06,4.48,4.48,4.49,4.4
2017-11-07,4.47,4.5,4.5,4.42
2017-11-08,4.49,4.51,4.54,4.45
2017-11-09,4.51,4.51,4.55,4.49
2017-11-10,4.52,4.5,4.52,4.48
2017-11-13,4.49,4.43,4.49,4.4
2017-11-14,4.42,4.44,4.46,4.4
2017-11-15,4.44,4.36,4.44,4.3
2017-11-16,4.34,4.3,4.36,4.3
2017-11-17,4.3,4.14,4.3,4.13
2017-11-20,4.1,4.11,4.12,4.04
2017-11-21,4.11,4.11,4.16,4.08
2017-11-22,4.11,4.13,4.16,4.0
2017-11-23,4.1,4.05,4.12,4.03
2017-11-24,4.06,4.01,4.06,3.98
2017-11-27,4.0,3.99,4.01,3.96
2017-11-28,4.0,4.02,4.04,3.96
2017-11-29,4.01,4.02,4.02,3.97
2017-11-30,4.0,4.0,4.04,3.98
2017-12-01,4.01,4.07,4.08,4.0
2017-12-04,4.06,4.06,4.07,4.01
2017-12-05,4.04,4.1,4.14,3.93
2017-12-06,4.02,4.0,4.07,3.96
2017-12-07,3.98,4.0,4.03,3.95
2017-12-08,3.98,4.0,4.04,3.97
2017-12-11,4.14,4.09,4.19,4.08
2017-12-12,4.06,4.08,4.1,4.05
2017-12-13,4.08,4.08,4.09,4.05
2017-12-14,4.07,4.15,4.18,4.06
2017-12-15,4.15,4.13,4.15,4.1
2017-12-18,4.08,4.11,4.15,4.08
2017-12-19,4.1,4.11,4.14,4.09
2017-12-20,4.11,4.06,4.13,4.06
2017-12-21,4.06,4.03,4.06,3.99
2017-12-22,4.04,4.01,4.04,3.99
2017-12-25,4.04,4.0,4.04,3.98
2017-12-26,4.01,4.04,4.05,3.98
2017-12-27,4.01,4.03,4.04,4.0
2017-12-28,4.02,4.04,4.07,4.02
2017-12-29,4.04,4.18,4.2,4.03
2018-01-02,4.16,4.16,4.18,4.1
2018-01-03,4.14,4.16,4.17,4.12
2018-01-04,4.16,4.16,4.19,4.14
2018-01-05,4.17,4.2,4.24,4.12
2018-01-08,4.19,4.16,4.19,4.14
2018-01-09,4.15,4.13,4.17,4.13
2018-01-10,4.13,4.2,4.21,4.11
2018-01-11,4.19,4.19,4.2,4.16
2018-01-12,4.17,4.24,4.32,4.17
2018-01-15,4.24,4.11,4.24,4.1
2018-01-16,4.11,4.18,4.2,4.1
2018-01-17,4.2,4.18,4.2,4.12
2018-01-18,4.18,4.16,4.19,4.14
2018-01-19,4.16,4.18,4.21,4.15
2018-01-22,4.19,4.18,4.21,4.14
2018-01-23,4.18,4.19,4.19,4.16
2018-01-24,4.19,4.18,4.2,4.16
2018-01-25,4.18,4.21,4.23,4.17
2018-01-26,4.2,4.17,4.21,4.16
2018-01-29,4.15,4.12,4.17,4.12
2018-01-30,4.12,4.12,4.15,4.1
2018-01-31,4.13,3.98,4.13,3.96
2018-02-01,3.99,3.75,4.0,3.74
2018-02-02,3.72,3.72,3.74,3.51
2018-02-05,3.71,3.66,3.71,3.62
2018-02-06,3.6,3.55,3.72,3.55
2018-02-07,3.58,3.56,3.62,3.41
2018-02-08,3.56,3.63,3.65,3.51
2018-02-09,3.57,3.48,3.58,3.45
2018-02-12,3.49,3.62,3.63,3.49
2018-02-13,3.65,3.65,3.69,3.6
2018-02-14,3.61,3.57,3.63,3.56
2018-02-22,3.59,3.61,3.61,3.54
2018-02-23,3.59,3.61,3.65,3.59
2018-02-26,3.6,3.67,3.68,3.6
2018-02-27,3.65,3.68,3.69,3.65
2018-02-28,3.67,3.72,3.74,3.64
2018-03-01,3.7,3.79,3.81,3.68
2018-03-02,3.76,3.81,3.81,3.74
2018-03-05,3.8,3.78,3.85,3.76
2018-03-06,3.81,3.79,3.81,3.75
2018-03-07,3.79,3.76,3.79,3.74
2018-03-08,3.76,3.81,3.81,3.75
2018-03-09,3.81,3.84,3.84,3.78
2018-03-12,3.84,3.85,3.88,3.82
2018-03-13,3.83,3.84,3.9,3.83
2018-03-14,3.81,3.8,3.84,3.78
2018-03-15,3.79,3.76,3.81,3.68
2018-03-16,3.77,3.77,3.81,3.75
2018-03-19,3.77,3.76,3.79,3.74
2018-03-20,3.75,3.81,3.83,3.73
2018-03-21,3.81,3.81,3.85,3.78
2018-03-22,3.79,3.85,3.89,3.78
2018-03-23,3.81,3.63,3.84,3.61
2018-03-26,3.58,3.74,3.78,3.49
2018-03-27,3.77,3.88,3.9,3.7
2018-03-28,3.83,3.84,3.88,3.8
2018-03-29,3.84,3.87,3.88,3.83
2018-03-30,3.87,3.9,3.92,3.81
2018-04-02,3.87,3.9,3.92,3.85
2018-04-03,3.87,3.86,3.88,3.82
2018-04-04,3.88,3.87,3.93,3.83
2018-04-09,3.85,3.83,3.88,3.77
2018-04-10,3.83,3.79,3.86,3.73
2018-04-11,3.79,3.82,3.83,3.76
2018-04-12,3.82,3.79,3.84,3.77
2018-04-13,3.79,3.74,3.81,3.72
2018-04-16,3.72,3.6,3.72,3.55
2018-04-17,3.62,3.57,3.64,3.56
2018-04-18,3.58,3.6,3.62,3.55
2018-04-19,3.6,3.59,3.64,3.57
2018-04-20,3.58,3.62,3.63,3.56
2018-04-23,3.62,3.58,3.63,3.54
2018-04-24,3.58,3.66,3.66,3.55
2018-04-25,3.63,3.59,3.63,3.57
2018-04-26,3.58,3.5,3.59,3.48
2018-04-27,3.51,3.55,3.58,3.49
2018-05-02,3.58,3.53,3.58,3.5
2018-05-03,3.51,3.52,3.54,3.46
2018-05-04,3.52,3.55,3.55,3.5
2018-05-07,3.54,3.61,3.63,3.53
2018-05-08,3.57,3.63,3.65,3.57
2018-05-09,3.64,3.59,3.64,3.59
2018-05-10,3.6,3.65,3.67,3.59
2018-05-11,3.65,3.6,3.65,3.6
2018-05-14,3.62,3.57,3.62,3.56
2018-05-15,3.58,3.59,3.59,3.52
2018-05-16,3.57,3.56,3.62,3.55
2018-05-17,3.56,3.55,3.58,3.53
2018-05-18,3.56,3.57,3.6,3.53
2018-05-21,3.59,3.62,3.63,3.58
2018-05-22,3.62,3.67,3.67,3.6
2018-05-23,3.66,3.62,3.66,3.6
2018-05-24,3.61,3.6,3.64,3.58
2018-05-25,3.59,3.52,3.62,3.51
