date,open,close,high,low
2016-01-04,12.37,11.13,12.51,11.13
2016-01-05,10.21,10.45,10.94,10.02
2016-01-06,10.5,10.93,11.08,10.5
2016-01-07,10.63,9.84,10.67,9.84
2016-01-08,10.15,10.45,10.55,9.72
2016-01-11,10.25,9.9,10.85,9.87
2016-01-12,9.96,9.57,10.26,9.46
2016-01-13,9.76,8.88,9.86,8.88
2016-01-14,8.6,9.14,9.18,8.42
2016-01-15,9.06,8.31,9.15,8.28
2016-01-18,8.09,8.35,8.55,8.0
2016-01-19,8.32,8.69,8.76,8.28
2016-01-20,8.6,8.72,9.18,8.53
2016-01-21,8.6,8.1,8.85,8.05
2016-01-22,8.32,8.4,8.56,8.08
2016-01-25,8.75,8.66,8.98,8.56
2016-01-26,8.32,8.41,8.96,8.1
2016-01-27,8.49,8.99,8.99,7.58
2016-01-28,8.9,9.1,9.38,8.82
2016-01-29,9.09,9.2,9.46,8.5
2016-02-01,9.09,9.3,9.34,8.77
2016-02-02,9.15,9.46,9.67,9.1
2016-02-03,9.27,9.25,9.43,9.09
2016-02-04,9.43,9.32,9.5,9.28
2016-02-05,9.33,9.15,9.59,9.13
2016-02-15,8.77,9.24,9.44,8.52
2016-02-16,9.38,9.68,9.79,9.34
2016-02-17,9.56,9.79,9.88,9.41
2016-02-18,10.08,9.71,10.45,9.68
2016-02-19,9.57,9.69,9.86,9.52
2016-02-22,9.78,9.93,9.98,9.76
2016-02-23,10.15,9.93,10.29,9.68
2016-02-24,9.74,10.26,10.3,9.69
2016-02-25,10.13,9.27,10.2,9.23
2016-02-26,9.6,10.2,10.2,9.29
2016-02-29,10.11,9.77,10.15,9.18
2016-03-01,9.7,10.36,10.5,9.5
2016-03-02,10.3,10.8,10.91,10.07
2016-03-03,10.66,10.94,11.01,10.42
2016-03-04,10.76,10.36,11.12,10.26
2016-03-07,10.5,10.57,10.78,10.32
2016-03-08,10.82,10.92,11.22,10.61
2016-03-09,10.38,10.17,10.41,10.01
2016-03-10,10.38,9.99,10.38,9.82
2016-03-11,9.8,9.85,9.92,9.51
2016-03-14,9.95,10.07,10.34,9.88
2016-03-15,10.01,9.99,10.32,9.91
2016-03-16,10.02,9.8,10.1,9.56
2016-03-17,9.94,10.01,10.14,9.86
2016-03-18,10.05,10.42,10.62,10.05
2016-03-21,10.38,10.6,10.65,10.31
2016-03-22,10.48,10.49,10.72,10.42
2016-03-23,10.42,10.55,10.7,10.25
2016-03-24,10.36,9.98,10.4,9.98
2016-03-25,9.93,10.0,10.07,9.85
2016-03-28,10.05,9.91,10.14,9.82
2016-03-29,9.92,9.59,9.96,9.46
2016-03-30,9.7,10.05,10.28,9.68
2016-03-31,9.9,10.02,10.1,9.88
2016-04-01,9.99,10.28,10.41,9.94
2016-04-05,10.07,10.32,10.43,9.92
2016-04-06,10.26,10.53,10.86,10.21
2016-04-07,10.54,10.31,10.69,10.3
2016-04-08,10.18,10.12,10.29,9.94
2016-04-11,10.33,10.38,10.47,10.27
2016-04-12,10.57,10.61,10.9,10.35
2016-04-13,10.78,10.6,10.95,10.57
2016-04-14,10.57,10.68,10.75,10.43
2016-04-15,10.68,10.84,10.95,10.55
2016-04-18,10.6,10.28,10.6,10.2
2016-04-19,10.4,10.31,10.47,10.12
2016-04-20,10.45,9.8,10.48,9.52
2016-04-21,9.79,9.83,10.02,9.74
2016-04-22,9.78,9.74,9.78,9.51
2016-04-25,9.73,9.72,9.73,9.5
2016-04-26,9.7,9.82,9.82,9.63
2016-04-27,9.94,9.75,9.97,9.71
2016-04-28,9.81,9.57,9.84,9.3
2016-04-29,9.46,9.49,9.57,9.4
2016-05-03,9.5,9.76,9.77,9.35
2016-05-04,9.69,9.73,9.87,9.66
2016-05-05,9.67,9.75,9.79,9.66
2016-05-06,9.8,9.26,9.83,9.26
2016-05-09,9.2,8.67,9.2,8.6
2016-05-10,8.68,8.68,8.74,8.6
2016-05-11,8.79,8.51,8.81,8.5
2016-05-12,8.49,8.44,8.49,8.15
2016-05-13,8.45,8.31,8.53,8.25
2016-05-16,8.26,8.48,8.5,8.19
2016-05-17,8.55,8.78,8.79,8.52
2016-05-18,8.68,8.5,8.73,8.14
2016-05-19,8.4,8.37,8.58,8.31
2016-05-20,8.3,8.36,8.37,8.17
2016-05-23,8.36,8.43,8.5,8.35
2016-05-24,8.41,8.29,8.41,8.2
2016-05-25,8.38,8.4,8.42,8.22
2016-05-26,8.36,8.4,8.44,8.18
2016-05-27,8.38,8.36,8.41,8.28
2016-05-30,8.31,8.24,8.36,8.14
2016-05-31,8.27,8.56,8.57,8.24
2016-06-01,8.56,8.65,8.79,8.52
2016-06-02,8.66,8.68,8.68,8.54
2016-06-03,8.7,8.73,8.82,8.67
2016-06-06,8.75,8.69,8.78,8.64
2016-06-07,8.67,8.71,8.77,8.56
2016-06-08,8.72,8.89,9.05,8.69
2016-06-13,8.66,8.23,8.71,8.2
2016-06-14,8.18,8.23,8.28,8.14
2016-06-15,8.17,8.41,8.47,8.11
2016-06-16,8.43,8.4,8.5,8.34
2016-06-17,8.38,8.43,8.5,8.35
2016-06-20,8.4,8.34,8.43,8.25
2016-06-21,8.42,8.27,8.49,8.23
2016-06-22,8.31,8.4,8.42,8.26
2016-06-23,8.4,8.36,8.4,8.3
2016-06-24,8.33,8.18,8.49,7.91
2016-06-27,8.1,8.32,8.33,8.02
2016-06-28,8.25,8.49,8.57,8.18
2016-06-29,8.47,8.51,8.56,8.43
2016-06-30,8.61,8.6,8.81,8.52
2016-07-01,8.52,8.48,8.61,8.47
2016-07-04,8.48,8.67,8.74,8.43
2016-07-05,8.68,8.8,8.91,8.68
2016-07-06,8.69,8.79,8.86,8.62
2016-07-07,8.8,8.75,8.83,8.62
2016-07-08,8.7,8.68,8.77,8.64
2016-07-11,8.69,8.83,9.1,8.66
2016-07-12,8.77,9.29,9.4,8.66
2016-07-13,9.16,9.1,9.3,9.08
2016-07-14,9.05,9.12,9.12,8.99
2016-07-15,9.1,9.17,9.29,9.06
2016-07-18,9.1,9.02,9.15,8.97
2016-07-19,9.07,9.08,9.1,8.99
2016-07-20,9.08,9.0,9.12,8.99
2016-07-21,9.0,8.93,9.08,8.91
2016-07-22,8.91,8.85,9.0,8.84
2016-07-25,8.88,8.86,8.94,8.8
2016-07-26,8.86,8.98,8.98,8.85
2016-07-27,8.97,8.4,9.0,8.25
2016-07-28,8.38,8.41,8.46,8.29
2016-07-29,8.42,8.42,8.52,8.39
2016-08-01,8.39,8.27,8.39,8.15
2016-08-02,8.26,8.35,8.35,8.23
2016-08-03,8.34,8.58,8.6,8.3
2016-08-04,8.58,8.59,8.76,8.51
2016-08-05,8.58,8.48,8.58,8.46
2016-08-08,8.49,8.57,8.62,8.38
2016-08-09,8.58,8.62,8.7,8.58
2016-08-10,8.62,8.63,8.73,8.54
2016-08-11,8.63,8.5,8.64,8.5
2016-08-12,8.55,8.62,8.64,8.53
2016-08-15,8.63,8.82,8.89,8.59
2016-08-16,8.89,8.94,9.11,8.83
2016-08-17,8.9,8.96,8.97,8.82
2016-08-18,8.94,8.9,9.03,8.88
2016-08-19,8.99,9.0,9.23,8.96
2016-08-22,8.92,8.8,8.96,8.78
2016-08-23,8.76,8.79,8.85,8.68
2016-08-24,8.83,8.77,8.87,8.74
2016-08-25,8.72,8.69,8.75,8.62
2016-08-26,8.71,8.73,8.82,8.71
2016-08-29,8.73,8.88,8.89,8.67
2016-08-30,8.88,8.93,8.96,8.82
2016-08-31,8.91,8.9,8.98,8.87
2016-09-01,8.89,8.81,8.94,8.81
2016-09-02,8.8,8.83,8.93,8.75
2016-09-05,8.83,9.0,9.06,8.8
2016-09-06,9.0,9.02,9.04,8.87
2016-09-07,8.98,9.07,9.15,8.95
2016-09-08,9.07,9.11,9.23,9.07
2016-09-09,9.18,9.0,9.2,9.0
2016-09-12,8.89,8.78,8.89,8.68
2016-09-13,8.83,8.9,8.94,8.82
2016-09-14,8.89,9.28,9.64,8.83
2016-09-19,9.23,9.32,9.35,9.13
2016-09-20,9.25,9.2,9.36,9.2
2016-09-21,9.21,9.27,9.42,9.21
2016-09-22,9.31,9.42,9.5,9.31
2016-09-23,9.39,9.32,9.48,9.28
2016-09-26,9.33,9.06,9.34,9.03
2016-09-27,9.04,9.26,9.28,9.01
2016-09-28,9.28,9.17,9.28,9.1
2016-09-29,9.33,9.22,9.47,9.21
2016-09-30,9.2,9.56,9.59,9.1
2016-10-10,9.66,9.77,9.82,9.47
2016-10-11,9.78,9.74,9.94,9.66
2016-10-12,9.7,9.84,9.98,9.67
2016-10-13,9.83,9.69,9.84,9.67
2016-10-14,9.64,9.6,9.72,9.5
2016-10-17,9.55,9.53,9.74,9.48
2016-10-18,9.52,9.69,9.72,9.49
2016-10-19,9.8,9.88,10.2,9.75
2016-10-20,9.8,9.74,9.83,9.7
2016-10-21,9.7,9.66,9.8,9.5
2016-10-24,9.65,9.76,9.84,9.58
2016-10-25,9.76,9.72,9.81,9.65
2016-10-26,9.72,9.49,9.73,9.42
2016-10-27,9.45,9.52,9.56,9.41
2016-10-28,9.55,9.35,9.56,9.33
2016-10-31,9.31,9.35,9.39,9.27
2016-11-01,9.36,9.52,9.53,9.33
2016-11-02,9.46,9.4,9.62,9.39
2016-11-03,9.4,9.51,9.61,9.37
2016-11-04,9.45,9.48,9.55,9.43
2016-11-07,9.46,9.37,9.47,9.28
2016-11-08,9.46,9.5,9.52,9.4
2016-11-09,9.46,9.36,9.51,9.22
2016-11-10,9.44,9.6,9.69,9.42
2016-11-11,9.58,9.71,9.8,9.55
2016-11-14,9.65,9.74,9.83,9.61
2016-11-15,9.68,9.8,9.87,9.62
2016-11-16,9.82,9.76,9.89,9.72
2016-11-17,9.71,9.7,9.74,9.6
2016-11-18,9.69,9.64,9.74,9.61
2016-11-21,9.61,10.6,10.6,9.61
2016-11-22,10.6,10.85,11.1,10.45
2016-11-23,10.74,10.6,10.93,10.45
2016-11-24,10.56,10.62,11.02,10.5
2016-11-25,10.56,10.6,10.7,10.17
2016-11-28,10.44,10.5,10.74,10.42
2016-11-29,10.57,10.88,10.94,10.36
2016-11-30,10.7,10.77,10.79,10.51
2016-12-01,11.33,10.8,11.58,10.78
2016-12-02,10.94,10.4,11.2,10.39
2016-12-05,9.98,9.79,10.07,9.65
2016-12-06,9.82,9.92,10.13,9.8
2016-12-07,9.97,10.1,10.11,9.82
2016-12-08,10.08,10.16,10.26,9.91
2016-12-09,10.15,10.07,10.25,10.05
2016-12-12,10.18,10.19,10.59,9.99
2016-12-13,9.98,10.83,11.09,9.66
2016-12-14,10.63,11.01,11.3,10.63
2016-12-15,10.99,11.04,11.23,10.66
2016-12-16,10.92,10.94,11.21,10.84
2016-12-19,10.91,11.06,11.46,10.91
2016-12-20,11.0,11.28,11.35,10.7
2016-12-21,11.4,11.76,12.23,11.24
2016-12-22,11.7,11.65,12.07,11.4
2016-12-23,11.78,11.5,11.91,11.49
2016-12-26,11.42,11.37,11.42,11.01
2016-12-27,11.3,11.69,11.88,11.24
2016-12-28,11.65,11.35,11.86,11.35
2016-12-29,11.24,11.05,11.3,11.04
2016-12-30,11.0,11.07,11.26,11.0
2017-01-03,11.14,11.45,11.45,11.06
2017-01-04,11.37,11.52,11.75,11.33
2017-01-05,11.45,12.67,12.67,11.45
2017-01-06,12.7,12.76,13.2,12.49
2017-01-09,12.61,12.82,13.17,12.6
2017-01-10,12.65,12.42,12.79,12.33
2017-01-11,12.42,12.2,12.56,12.13
2017-01-12,12.25,12.25,12.43,12.15
2017-01-13,12.18,12.0,12.35,11.9
2017-01-16,11.88,11.17,11.94,10.8
2017-01-17,11.08,11.38,11.46,10.89
2017-01-18,11.43,11.31,11.68,11.31
2017-01-19,11.17,11.4,11.5,11.08
2017-01-20,11.28,11.7,11.74,11.28
2017-01-23,11.72,12.29,12.35,11.72
2017-01-24,12.15,12.11,12.37,12.02
2017-01-25,12.07,12.12,12.21,11.97
2017-01-26,12.12,11.87,12.17,11.81
2017-02-03,11.9,11.92,11.95,11.72
2017-02-06,11.95,12.46,12.55,11.84
2017-02-07,12.35,12.41,12.48,12.13
2017-02-08,12.31,12.48,12.49,12.18
2017-02-09,12.42,12.59,12.65,12.28
2017-02-10,12.6,12.37,12.78,12.36
2017-02-13,12.22,12.25,12.3,12.08
2017-02-14,12.25,12.14,12.42,12.07
2017-02-15,12.19,12.38,12.68,12.11
2017-02-16,12.36,12.42,12.59,12.08
2017-02-17,12.29,11.85,12.4,11.82
2017-02-20,11.81,12.1,12.1,11.65
2017-02-21,12.1,12.03,12.1,11.92
2017-02-22,12.08,12.47,12.69,12.03
2017-02-23,12.35,12.13,12.44,12.0
2017-02-24,12.11,12.39,12.4,12.03
2017-02-27,12.22,12.23,12.34,12.1
2017-02-28,12.28,12.67,12.87,12.2
2017-03-01,12.61,12.68,12.72,12.38
2017-03-02,12.65,12.49,12.83,12.43
2017-03-03,12.4,12.26,12.45,12.15
2017-03-06,12.23,12.32,12.49,12.2
2017-03-07,12.29,12.25,12.37,12.08
2017-03-08,12.47,12.5,13.0,12.42
2017-03-09,12.33,12.25,12.39,12.04
2017-03-10,12.12,12.02,12.18,11.98
2017-03-13,12.09,12.11,12.13,11.84
2017-03-14,12.17,12.15,12.3,11.95
2017-03-15,12.09,11.68,12.14,11.65
2017-03-16,11.79,11.82,11.92,11.69
2017-03-17,11.76,11.7,11.93,11.7
2017-03-20,11.71,11.52,11.78,11.4
2017-03-21,11.52,11.62,11.64,11.42
2017-03-22,11.52,11.51,11.55,11.4
2017-03-23,11.52,11.55,11.63,11.37
2017-03-24,11.54,11.61,11.61,11.41
2017-03-27,11.54,11.76,11.89,11.52
2017-03-28,11.8,11.85,11.9,11.68
2017-03-29,11.87,11.61,11.87,11.58
2017-03-30,11.55,11.15,11.56,11.12
2017-03-31,11.17,11.16,11.32,11.13
2017-04-05,11.22,11.44,11.44,11.03
2017-04-06,11.4,11.62,11.68,11.4
2017-04-07,11.68,11.75,12.14,11.68
2017-04-10,11.7,11.92,12.15,11.59
2017-04-11,12.04,12.13,12.17,11.83
2017-04-12,12.08,11.98,12.12,11.77
2017-04-13,12.0,12.44,12.44,11.97
2017-04-14,12.3,12.58,12.9,12.25
2017-04-17,12.42,12.3,12.65,12.09
2017-04-18,12.24,12.4,12.7,12.05
2017-04-19,12.43,11.55,12.74,11.43
2017-04-20,11.3,12.04,12.18,11.2
2017-04-21,12.03,11.77,12.06,11.74
2017-04-24,11.58,11.59,12.04,11.2
2017-04-25,11.68,11.4,11.8,11.28
2017-04-26,11.38,11.28,11.6,11.11
2017-04-27,11.15,11.63,11.66,11.1
2017-04-28,11.45,12.19,12.2,11.45
2017-05-02,11.98,12.06,12.22,11.85
2017-05-03,11.89,12.13,12.22,11.81
2017-05-04,12.09,11.75,12.09,11.71
2017-05-05,11.6,11.31,11.64,11.27
2017-05-08,11.3,11.33,11.75,11.21
2017-05-09,11.2,10.2,11.48,10.2
2017-05-10,10.2,9.77,10.35,9.19
2017-05-11,9.6,9.67,9.72,9.25
2017-05-12,9.74,9.6,9.77,9.5
2017-05-15,9.6,9.74,9.74,9.43
2017-05-16,9.6,9.86,9.87,9.51
2017-05-17,9.81,9.94,10.17,9.73
2017-05-18,9.8,10.14,10.48,9.71
2017-05-19,10.21,10.44,10.7,10.15
2017-05-22,10.81,10.11,11.08,10.0
2017-05-23,9.9,9.1,9.94,9.1
2017-05-24,8.8,9.09,9.2,8.62
2017-05-25,9.05,9.25,9.4,9.04
2017-05-26,9.2,9.19,9.49,9.1
2017-05-31,9.28,9.04,9.29,9.03
2017-06-01,9.04,8.14,9.04,8.14
2017-06-02,7.92,7.94,8.08,7.4
2017-06-05,7.92,8.05,8.11,7.83
2017-06-06,8.0,8.05,8.07,7.92
2017-06-07,8.03,8.25,8.28,8.02
2017-06-08,8.22,8.29,8.48,8.22
2017-06-09,8.25,8.22,8.4,8.15
2017-06-12,8.14,8.08,8.33,8.08
2017-06-13,8.16,8.3,8.3,8.06
2017-06-14,8.33,8.25,8.33,8.2
2017-06-15,8.23,8.36,8.41,8.23
2017-06-16,8.34,8.32,8.38,8.28
2017-06-19,8.38,8.37,8.4,8.25
2017-06-20,8.38,8.31,8.46,8.28
2017-06-21,8.32,8.3,8.4,8.2
2017-06-22,8.3,8.04,8.33,8.02
2017-06-23,8.05,7.99,8.11,7.9
2017-06-26,8.01,8.15,8.16,7.99
2017-06-27,8.17,8.18,8.25,8.14
2017-06-28,8.24,8.15,8.27,8.1
2017-06-29,8.15,8.14,8.19,8.08
2017-06-30,8.11,8.1,8.13,8.01
2017-07-03,8.18,8.4,8.42,8.14
2017-07-04,8.38,8.38,8.57,8.3
2017-07-05,8.37,8.43,8.46,8.31
2017-07-06,8.4,8.38,8.42,8.28
2017-07-07,8.36,8.42,8.43,8.3
2017-07-10,8.45,8.43,8.52,8.38
2017-07-11,8.44,8.15,8.44,8.15
2017-07-12,8.15,8.25,8.26,8.05
2017-07-13,8.23,8.43,8.45,8.19
2017-07-14,8.44,8.27,8.44,8.21
2017-07-17,8.22,7.66,8.27,7.44
2017-07-18,7.67,7.78,7.88,7.66
2017-07-19,7.77,7.96,8.05,7.73
2017-07-20,7.94,8.04,8.08,7.93
2017-07-21,8.02,8.12,8.2,7.98
2017-07-24,8.06,8.27,8.3,7.98
2017-07-25,8.27,8.32,8.33,8.15
2017-07-26,8.32,8.45,8.54,8.19
2017-07-27,8.45,8.54,8.63,8.37
2017-07-28,8.57,8.46,8.57,8.42
2017-07-31,8.53,8.66,8.68,8.4
2017-08-01,8.61,8.54,8.74,8.53
2017-08-02,8.55,8.37,8.57,8.32
2017-08-03,8.36,8.71,8.84,8.33
2017-08-04,8.72,8.97,9.24,8.66
2017-08-07,9.01,9.45,9.87,8.92
2017-08-08,9.48,9.46,9.51,9.22
2017-08-09,9.34,9.53,9.65,9.3
2017-08-10,9.5,9.2,9.5,9.03
2017-08-11,9.1,9.14,9.42,9.01
2017-08-14,9.09,9.23,9.25,9.05
2017-08-15,9.19,9.12,9.28,9.07
2017-08-16,9.1,9.45,9.47,9.1
2017-08-17,9.59,9.36,9.87,9.3
2017-08-18,9.28,10.3,10.3,9.15
2017-08-21,10.35,10.74,10.94,10.25
2017-08-22,10.51,10.22,10.56,10.03
2017-08-23,10.3,10.61,11.08,10.26
2017-08-24,10.6,10.89,11.2,10.5
2017-08-25,10.43,10.62,10.67,10.12
2017-08-28,10.61,10.76,11.11,10.36
2017-08-29,10.69,11.22,11.5,10.66
2017-08-30,11.0,11.15,11.28,10.94
2017-08-31,11.13,10.88,11.13,10.77
2017-09-01,10.94,10.87,11.03,10.81
2017-09-04,10.7,10.63,10.74,10.42
2017-09-05,10.64,10.74,10.8,10.45
2017-09-06,10.61,10.92,10.96,10.45
2017-09-07,10.85,10.56,10.96,10.54
2017-09-08,10.54,10.84,10.84,10.45
2017-09-11,10.7,10.73,10.94,10.66
2017-09-12,10.68,10.47,10.77,10.34
2017-09-13,10.39,10.21,10.48,10.15
2017-09-14,10.19,10.26,10.35,10.04
2017-09-15,10.2,10.15,10.32,10.1
2017-09-18,10.11,9.84,10.19,9.74
2017-09-19,9.88,9.85,9.92,9.76
2017-09-20,9.85,10.0,10.13,9.73
2017-09-21,10.0,10.16,10.34,9.96
2017-09-22,10.03,9.75,10.09,9.6
2017-09-25,9.79,9.55,9.79,9.51
2017-09-26,9.64,9.78,9.97,9.63
2017-09-27,9.75,9.77,9.84,9.67
2017-09-28,9.76,9.73,9.83,9.7
2017-09-29,9.7,9.75,9.82,9.67
2017-10-09,9.8,10.04,10.06,9.78
2017-10-10,10.03,10.02,10.06,9.93
2017-10-11,10.08,10.11,10.3,10.01
2017-10-12,10.08,9.98,10.19,9.96
2017-10-13,9.92,9.93,9.99,9.85
2017-10-16,9.96,10.0,10.28,9.81
2017-10-17,10.0,10.19,10.25,9.85
2017-10-18,10.18,9.86,10.2,9.81
2017-10-19,9.62,8.87,9.72,8.87
2017-10-20,8.76,9.0,9.03,8.68
2017-10-23,9.0,8.95,9.04,8.91
2017-10-24,8.95,8.73,9.01,8.5
2017-10-25,8.74,8.8,8.86,8.73
2017-10-26,8.81,8.93,9.0,8.77
2017-10-27,8.91,8.87,9.03,8.83
2017-10-30,8.97,8.81,8.97,8.67
2017-10-31,8.87,8.99,8.99,8.69
2017-11-01,8.93,9.07,9.34,8.9
2017-11-02,9.04,8.97,9.17,8.88
2017-11-03,8.9,9.05,9.16,8.8
2017-11-06,9.06,9.25,9.28,9.02
2017-11-07,9.19,9.47,9.55,9.16
2017-11-08,9.46,9.31,9.49,9.28
2017-11-09,9.29,9.19,9.33,9.04
2017-11-10,9.11,8.91,9.24,8.87
2017-11-13,8.91,8.85,9.02,8.81
2017-11-14,8.89,8.93,8.93,8.82
2017-11-15,8.89,8.81,8.93,8.81
2017-11-16,8.9,8.65,8.93,8.63
2017-11-17,8.68,8.2,8.83,8.08
2017-11-20,8.1,8.11,8.14,7.8
2017-11-21,8.09,8.07,8.18,8.0
2017-11-22,8.08,8.23,8.44,8.02
2017-11-23,8.23,8.19,8.42,8.18
2017-11-24,8.12,8.21,8.29,8.03
2017-11-27,8.18,8.06,8.24,8.04
2017-11-28,8.05,8.16,8.17,8.04
2017-11-29,8.17,8.14,8.17,7.97
2017-11-30,8.11,8.04,8.11,8.0
2017-12-01,8.04,8.06,8.07,8.0
2017-12-04,8.06,7.98,8.14,7.96
2017-12-05,7.92,7.65,7.97,7.57
2017-12-06,7.65,7.69,7.72,7.55
2017-12-07,7.67,7.75,7.84,7.62
2017-12-08,7.75,7.98,8.02,7.72
2017-12-11,8.0,7.96,8.03,7.9
2017-12-12,7.91,7.9,8.01,7.9
2017-12-13,7.89,7.9,7.95,7.82
2017-12-14,7.87,8.11,8.15,7.85
2017-12-15,8.04,8.0,8.1,7.93
2017-12-18,7.95,8.06,8.12,7.94
2017-12-19,8.02,8.04,8.09,7.96
2017-12-20,8.01,7.95,8.07,7.93
2017-12-21,7.96,7.84,7.99,7.69
2017-12-22,7.84,8.12,8.25,7.82
2017-12-25,8.08,7.92,8.13,7.88
2017-12-26,7.86,7.96,8.02,7.77
2017-12-27,8.0,8.09,8.24,7.96
2017-12-28,8.02,8.11,8.11,7.91
2017-12-29,8.14,8.13,8.15,8.0
2018-01-02,8.12,8.26,8.43,8.09
2018-01-03,8.21,8.27,8.37,8.17
2018-01-04,8.35,8.82,8.86,8.3
2018-01-05,8.7,8.6,8.74,8.55
2018-01-08,8.56,8.6,8.66,8.46
2018-01-09,8.61,8.49,8.79,8.43
2018-01-10,8.63,8.58,8.79,8.44
2018-01-11,8.49,8.43,8.49,8.31
2018-01-12,8.45,8.39,8.5,8.33
2018-01-15,8.3,8.49,8.66,8.21
2018-01-16,8.42,8.34,8.49,8.26
2018-01-17,8.26,8.06,8.3,7.9
2018-01-18,8.07,8.05,8.12,8.02
2018-01-19,8.05,8.09,8.18,7.96
2018-01-22,8.01,8.03,8.08,7.97
2018-01-23,8.06,8.09,8.18,8.04
2018-01-24,8.09,8.12,8.16,8.0
2018-01-25,8.21,8.18,8.39,8.16
2018-01-26,8.12,8.05,8.12,8.0
2018-01-29,8.1,8.02,8.15,8.0
2018-01-30,7.98,7.85,7.98,7.81
2018-01-31,7.8,7.7,7.8,7.67
2018-02-01,7.72,7.5,7.81,7.48
2018-02-02,7.53,7.32,7.57,7.05
2018-02-05,7.01,7.13,7.29,7.01
2018-02-06,7.06,6.45,7.07,6.45
2018-02-07,6.58,6.46,6.65,6.22
2018-02-08,6.45,6.53,6.57,6.3
2018-02-09,6.36,6.24,6.41,6.19
2018-02-12,6.3,6.43,6.49,6.3
2018-02-13,6.47,6.45,6.56,6.42
2018-02-14,6.5,6.41,6.51,6.4
2018-02-22,6.56,6.57,6.59,6.48
2018-02-23,6.58,6.64,6.67,6.52
2018-02-26,6.66,6.74,6.8,6.64
2018-02-27,6.82,6.8,6.82,6.71
2018-02-28,6.76,6.7,6.76,6.63
2018-03-01,6.65,6.79,6.94,6.65
2018-03-02,6.71,6.75,6.83,6.7
2018-03-05,6.77,6.73,6.79,6.69
2018-03-06,6.75,6.84,6.85,6.73
2018-03-07,6.84,6.88,7.02,6.8
2018-03-08,6.88,6.89,6.98,6.81
2018-03-09,6.9,6.97,7.0,6.84
2018-03-12,7.01,7.18,7.26,6.97
2018-03-13,7.15,7.13,7.22,7.12
2018-03-14,7.12,7.16,7.44,6.93
2018-03-15,7.11,7.43,7.54,7.0
2018-03-16,7.37,7.26,7.45,7.2
2018-03-19,7.25,7.36,7.4,7.2
2018-03-20,7.26,7.57,7.88,7.21
2018-03-21,7.69,8.04,8.33,7.64
2018-03-22,8.08,7.91,8.21,7.65
2018-03-23,7.39,7.24,7.57,7.12
2018-03-26,7.28,7.28,7.45,7.02
2018-03-27,7.34,7.47,7.55,7.24
2018-03-28,7.3,7.11,7.38,7.1
2018-03-29,7.15,7.21,7.24,7.11
2018-03-30,7.26,7.18,7.26,7.16
2018-04-02,7.19,7.11,7.22,7.1
2018-04-03,6.95,6.99,7.07,6.79
2018-04-04,6.99,6.91,7.08,6.89
2018-04-09,6.87,6.92,7.0,6.75
2018-04-10,6.92,7.07,7.1,6.9
2018-04-11,7.21,7.19,7.35,7.1
2018-04-12,7.19,7.44,7.49,7.11
2018-04-13,7.3,7.26,7.35,7.22
2018-04-16,7.3,7.33,7.47,7.27
2018-04-17,7.21,7.01,7.31,7.0
2018-04-18,7.08,6.96,7.1,6.77
2018-04-19,7.07,7.07,7.12,7.0
2018-04-20,7.05,6.82,7.05,6.77
2018-04-23,6.8,6.76,6.86,6.73
2018-04-24,6.65,6.86,6.89,6.65
2018-04-25,6.81,6.82,6.9,6.79
2018-04-26,6.86,6.71,6.89,6.71
2018-04-27,6.74,6.72,6.76,6.64
2018-05-02,6.71,6.57,6.72,6.51
2018-05-03,6.59,6.69,6.69,6.54
2018-05-04,6.7,6.75,6.93,6.62
2018-05-07,6.71,6.99,7.01,6.71
2018-05-08,6.94,6.99,7.02,6.91
2018-05-09,7.05,7.07,7.19,7.0
2018-05-10,7.19,7.33,7.54,7.18
2018-05-11,7.25,7.16,7.32,7.12
2018-05-14,7.08,6.96,7.15,6.94
2018-05-15,6.94,7.01,7.04,6.93
2018-05-16,7.01,6.96,7.05,6.95
2018-05-17,6.97,7.24,7.41,6.97
2018-05-18,7.29,7.77,7.96,7.18
2018-05-21,7.63,7.64,7.73,7.45
2018-05-22,7.58,7.59,7.8,7.52
2018-05-23,7.54,7.3,7.55,7.29
2018-05-24,7.35,7.33,7.45,7.28
2018-05-25,7.16,7.18,7.35,7.15
