date,open,close,high,low
2016-01-04,31.4,28.53,31.41,28.53
2016-01-05,25.85,25.7,27.8,25.68
2016-01-06,26.5,26.42,26.68,25.18
2016-01-07,25.75,23.78,25.8,23.78
2016-01-08,24.02,23.01,24.17,21.53
2016-01-11,22.31,20.71,22.64,20.71
2016-01-12,20.96,21.99,22.33,20.21
2016-01-13,21.43,21.86,23.0,21.43
2016-01-14,20.71,23.67,24.05,20.6
2016-01-15,23.32,22.99,24.48,22.7
2016-01-18,22.25,23.94,24.25,22.25
2016-01-19,24.0,24.88,24.95,23.71
2016-01-20,25.1,24.92,26.1,24.68
2016-01-21,24.49,23.8,25.68,23.66
2016-01-22,24.32,24.45,24.7,23.0
2016-01-25,24.61,24.97,25.25,24.61
2016-01-26,24.55,22.47,25.27,22.47
2016-01-27,22.17,21.6,22.47,20.28
2016-01-28,21.17,19.44,21.68,19.44
2016-01-29,18.89,20.55,21.19,18.88
2016-02-01,20.23,20.65,20.96,20.06
2016-02-02,20.64,21.47,22.0,20.64
2016-02-03,21.2,21.89,21.98,21.19
2016-02-04,21.82,22.66,22.99,20.31
2016-02-05,22.5,22.75,23.18,22.15
2016-02-15,22.01,22.44,22.74,21.8
2016-02-16,22.65,23.31,23.8,22.51
2016-02-17,23.35,23.3,23.5,22.6
2016-02-18,23.69,23.58,24.37,23.32
2016-02-19,23.48,23.3,23.52,23.02
2016-02-22,23.65,23.57,23.8,23.35
2016-02-23,23.73,23.82,24.25,23.41
2016-02-24,23.83,23.84,24.18,23.27
2016-02-25,23.85,21.46,24.2,21.46
2016-02-26,21.7,20.7,22.0,20.1
2016-02-29,20.4,18.63,20.7,18.63
2016-03-01,18.65,18.9,19.18,18.21
2016-03-02,18.98,20.18,20.25,18.75
2016-03-03,20.0,19.88,20.55,19.82
2016-03-04,20.1,18.54,20.1,18.08
2016-03-07,18.85,18.8,19.28,18.48
2016-03-08,18.75,18.78,18.9,17.54
2016-03-09,18.16,19.2,19.57,17.7
2016-03-10,19.3,18.98,19.47,18.5
2016-03-11,18.78,18.64,18.96,18.33
2016-03-14,19.07,19.54,20.28,19.07
2016-03-15,19.3,19.52,19.76,19.15
2016-03-16,20.0,19.43,20.09,19.25
2016-03-17,19.46,20.0,20.2,19.35
2016-03-18,20.2,20.91,21.3,19.92
2016-03-21,21.2,21.77,22.44,21.19
2016-03-22,21.41,21.34,21.6,21.18
2016-03-23,22.1,21.84,22.5,21.62
2016-03-24,21.67,21.03,21.67,21.0
2016-03-25,20.88,21.21,21.29,20.59
2016-03-28,21.3,21.39,22.2,21.2
2016-03-29,21.33,21.42,21.74,20.89
2016-03-30,21.6,22.08,22.08,21.42
2016-03-31,22.48,24.29,24.29,22.1
2016-04-01,24.2,24.37,24.5,23.7
2016-04-05,24.38,24.77,25.4,23.93
2016-04-06,24.73,25.29,25.99,24.4
2016-04-07,25.18,25.53,26.35,25.18
2016-04-08,25.35,24.12,25.4,23.53
2016-04-11,24.25,24.46,24.85,24.25
2016-04-12,24.21,25.0,25.05,23.6
2016-04-13,25.28,25.36,25.8,25.01
2016-04-14,25.47,25.55,25.67,25.0
2016-04-15,25.58,26.11,26.24,25.25
2016-04-18,26.08,26.9,27.55,25.68
2016-04-19,27.0,26.52,27.38,26.2
2016-04-20,26.48,24.32,26.75,23.87
2016-04-21,24.29,24.19,24.98,24.1
2016-04-22,24.0,24.45,24.7,23.62
2016-04-25,24.2,24.2,24.65,23.88
2016-04-26,24.16,24.62,24.63,24.1
2016-04-27,24.74,24.41,24.85,24.36
2016-04-28,24.23,23.82,24.56,23.38
2016-04-29,23.9,24.01,24.25,23.64
2016-05-03,23.58,24.45,24.5,23.33
2016-05-04,24.14,23.8,24.44,23.8
2016-05-05,23.8,23.35,23.8,23.0
2016-05-06,23.39,22.1,23.43,22.1
2016-05-09,21.7,20.11,21.78,19.89
2016-05-10,20.0,19.99,20.3,19.61
2016-05-11,20.18,20.01,20.37,19.93
2016-05-12,19.7,19.42,19.7,18.7
2016-05-13,19.49,19.16,19.69,19.06
2016-05-16,19.37,20.3,20.38,19.09
2016-05-17,20.3,20.4,20.95,19.8
2016-05-18,20.0,19.67,20.1,19.31
2016-05-19,20.06,20.21,20.8,20.01
2016-05-20,20.01,20.24,20.3,19.9
2016-05-23,20.31,20.38,20.75,20.2
2016-05-24,20.38,19.83,20.38,19.72
2016-05-25,19.99,19.61,20.3,19.5
2016-05-26,19.6,19.48,19.6,18.91
2016-05-27,19.51,19.49,19.74,19.37
2016-05-30,19.38,19.32,19.55,18.98
2016-05-31,19.32,20.3,20.32,19.32
2016-06-01,20.4,20.37,20.65,20.3
2016-06-02,20.43,20.45,20.62,20.19
2016-06-03,20.84,20.8,20.98,20.45
2016-06-06,20.95,20.55,20.97,20.25
2016-06-07,20.5,20.23,20.63,20.0
2016-06-08,20.25,19.99,20.46,19.92
2016-06-13,19.77,18.56,19.77,18.56
2016-06-14,18.34,18.39,18.72,18.27
2016-06-15,18.0,19.0,19.15,17.9
2016-06-16,18.87,18.64,19.06,18.6
2016-06-17,18.8,19.06,19.6,18.64
2016-06-20,18.98,19.18,19.45,18.66
2016-06-21,19.24,18.86,19.4,18.8
2016-06-22,18.78,19.12,19.12,18.76
2016-06-23,19.29,19.02,19.4,18.91
2016-06-24,19.02,18.72,19.18,18.11
2016-06-27,18.5,19.11,19.25,18.5
2016-06-28,19.18,21.02,21.02,19.06
2016-06-29,21.23,20.66,21.26,20.6
2016-06-30,20.62,20.41,20.7,20.3
2016-07-01,20.41,20.27,20.76,20.22
2016-07-04,20.02,20.39,20.49,19.9
2016-07-05,20.49,20.78,20.92,20.43
2016-07-06,20.75,20.81,21.1,20.52
2016-07-07,20.83,21.32,21.74,20.63
2016-07-08,20.99,20.87,21.29,20.72
2016-07-11,20.8,20.18,20.99,20.05
2016-07-12,19.84,20.49,20.56,19.82
2016-07-13,20.6,20.55,20.83,20.45
2016-07-14,20.56,20.55,20.77,20.41
2016-07-15,20.7,21.86,22.4,20.58
2016-07-18,21.86,21.12,21.86,21.05
2016-07-19,21.12,20.93,21.73,20.85
2016-07-20,20.94,21.58,21.66,20.94
2016-07-21,21.6,21.28,21.79,21.2
2016-07-22,21.3,21.01,21.47,20.95
2016-07-25,21.0,21.3,21.48,20.84
2016-07-26,21.3,21.45,21.5,21.21
2016-07-27,21.68,20.19,21.77,19.31
2016-07-28,20.33,19.5,20.54,19.3
2016-07-29,19.55,19.53,19.96,19.3
2016-08-01,19.5,19.55,19.74,18.92
2016-08-02,19.55,19.54,19.76,19.38
2016-08-03,19.54,19.55,19.7,19.35
2016-08-04,19.5,19.55,19.56,19.1
2016-08-05,19.8,19.85,20.55,19.65
2016-08-08,19.71,20.0,20.4,19.45
2016-08-09,19.99,20.06,20.07,19.85
2016-08-10,20.09,19.87,20.27,19.84
2016-08-11,19.73,19.75,19.94,19.55
2016-08-12,19.95,20.06,20.16,19.56
2016-08-15,20.05,20.55,21.18,19.92
2016-08-16,20.4,20.65,20.88,20.3
2016-08-17,20.64,20.38,20.64,20.31
2016-08-18,20.38,21.05,21.07,20.26
2016-08-19,21.05,20.69,21.05,20.4
2016-08-22,20.78,20.22,20.9,20.22
2016-08-23,20.22,20.35,20.75,20.22
2016-08-24,20.35,20.59,20.65,20.31
2016-08-25,20.8,21.33,22.49,20.72
2016-08-26,21.49,20.88,21.49,20.88
2016-08-29,20.88,21.03,21.35,20.84
2016-08-30,21.03,20.82,21.24,20.62
2016-08-31,20.82,20.83,20.88,20.48
2016-09-01,20.8,21.21,21.83,20.8
2016-09-02,21.27,21.69,21.76,21.09
2016-09-05,21.56,22.73,22.86,21.49
2016-09-06,22.7,22.98,23.3,22.45
2016-09-07,22.8,22.74,23.06,22.61
2016-09-08,22.75,23.08,23.49,22.74
2016-09-09,23.08,22.62,23.28,22.57
2016-09-12,22.05,21.6,22.33,21.58
2016-09-13,21.78,21.9,22.25,21.78
2016-09-14,21.71,21.71,21.87,21.61
2016-09-19,21.98,22.02,22.18,21.75
2016-09-20,22.05,23.38,23.48,22.05
2016-09-21,23.38,23.91,24.8,22.98
2016-09-22,24.0,24.38,24.65,23.81
2016-09-23,24.55,23.95,24.57,23.89
2016-09-26,23.82,23.24,24.38,23.0
2016-09-27,23.44,24.22,24.24,23.25
2016-09-28,24.22,23.91,24.68,23.81
2016-09-29,23.9,23.61,24.14,23.58
2016-09-30,23.8,23.18,23.83,23.12
2016-10-10,23.2,24.25,24.35,23.01
2016-10-11,24.28,24.22,24.5,24.01
2016-10-12,24.05,23.9,24.33,23.81
2016-10-13,23.95,23.62,24.05,23.5
2016-10-14,23.66,23.81,23.91,23.51
2016-10-17,23.81,23.51,24.26,23.38
2016-10-18,23.38,23.0,23.65,22.7
2016-10-19,23.0,22.37,23.2,22.19
2016-10-20,22.52,22.63,22.95,22.27
2016-10-21,22.52,22.2,22.76,22.12
2016-10-24,22.2,22.72,22.92,22.05
2016-10-25,22.72,22.81,22.94,22.65
2016-10-26,22.81,23.15,23.18,22.63
2016-10-27,23.0,22.54,23.23,22.47
2016-10-28,22.54,22.32,22.75,22.08
2016-10-31,22.28,22.6,22.64,22.05
2016-11-01,22.6,23.19,23.59,22.43
2016-11-02,23.09,23.18,23.37,22.95
2016-11-03,23.25,23.0,23.43,22.93
2016-11-04,23.1,23.16,23.25,23.02
2016-11-07,23.21,22.61,23.33,22.42
2016-11-08,22.64,22.59,22.77,22.4
2016-11-09,22.73,22.54,22.88,22.16
2016-11-10,22.65,22.77,22.85,22.5
2016-11-11,22.75,23.14,23.25,22.56
2016-11-14,23.0,23.32,23.37,22.93
2016-11-15,23.5,23.31,23.5,23.11
2016-11-16,23.32,24.16,24.43,22.93
2016-11-17,24.09,23.56,24.09,23.37
2016-11-18,23.45,22.93,23.68,22.91
2016-11-21,22.98,23.18,23.32,22.8
2016-11-22,23.5,23.3,23.6,23.24
2016-11-23,23.34,22.9,23.45,22.9
2016-11-24,22.9,23.05,23.22,22.63
2016-11-25,23.03,22.67,23.03,22.07
2016-11-28,22.65,22.22,22.65,22.09
2016-11-29,22.07,22.3,22.53,22.07
2016-11-30,22.1,23.15,23.2,22.1
2016-12-01,23.3,23.0,23.89,23.0
2016-12-02,22.7,22.2,22.89,22.1
2016-12-05,22.12,22.2,22.45,22.01
2016-12-06,22.12,21.7,22.43,21.68
2016-12-07,21.72,21.79,21.89,21.56
2016-12-08,21.9,22.0,22.3,21.86
2016-12-09,22.19,21.84,22.19,21.8
2016-12-12,21.73,20.88,21.98,20.78
2016-12-13,20.73,20.74,21.01,20.36
2016-12-14,20.9,20.58,20.92,20.54
2016-12-15,20.99,21.07,21.27,20.55
2016-12-16,21.09,21.39,21.6,21.03
2016-12-19,21.03,21.53,21.74,21.03
2016-12-20,21.31,21.04,21.75,21.0
2016-12-21,21.2,21.17,21.45,21.03
2016-12-22,21.17,21.32,21.38,21.09
2016-12-23,21.3,21.04,21.3,21.03
2016-12-26,21.04,20.93,21.11,20.7
2016-12-27,21.04,21.43,21.5,20.83
2016-12-28,21.47,21.6,21.89,21.32
2016-12-29,21.48,21.36,21.77,21.34
2016-12-30,21.36,21.2,21.5,21.19
2017-01-03,21.39,21.2,21.48,21.12
2017-01-04,21.22,21.09,21.29,20.95
2017-01-05,21.09,21.04,21.28,21.01
2017-01-06,21.13,20.8,21.13,20.6
2017-01-09,20.79,21.12,21.16,20.54
2017-01-10,21.15,21.4,22.17,21.0
2017-01-11,21.5,21.31,21.67,21.28
2017-01-12,21.22,21.3,21.62,21.19
2017-01-13,21.4,20.74,21.44,20.72
2017-01-16,20.72,19.4,20.72,18.78
2017-01-17,19.47,20.35,21.25,19.4
2017-01-18,20.16,20.17,20.3,19.95
2017-01-19,20.02,19.91,20.19,19.86
2017-01-20,19.94,20.27,20.46,19.9
2017-01-23,20.1,20.22,20.44,20.03
2017-01-24,20.2,20.15,20.3,20.1
2017-01-25,20.17,19.98,20.18,19.96
2017-01-26,19.93,20.17,20.44,19.93
2017-02-03,19.59,18.15,19.61,18.15
2017-02-06,18.01,18.27,18.41,17.36
2017-02-07,18.2,18.59,18.64,18.01
2017-02-08,18.62,18.5,18.7,18.31
2017-02-09,18.55,18.72,19.05,18.5
2017-02-10,18.86,18.69,19.03,18.38
2017-02-13,18.5,18.47,18.5,17.8
2017-02-14,18.38,18.55,18.71,18.12
2017-02-15,18.55,18.29,18.6,18.07
2017-02-16,18.22,18.18,18.35,18.09
2017-02-17,18.15,18.22,18.42,18.08
2017-02-20,18.21,18.44,18.52,18.2
2017-02-21,18.54,18.44,18.59,18.37
2017-02-22,18.45,18.3,18.57,18.2
2017-02-23,18.21,18.13,18.36,17.85
2017-02-24,18.18,18.0,18.18,17.91
2017-02-27,18.02,18.06,18.22,17.96
2017-02-28,18.12,17.99,18.16,17.82
2017-03-01,18.04,18.24,18.27,17.93
2017-03-02,18.12,18.39,18.85,18.12
2017-03-03,18.33,17.85,18.46,17.5
2017-03-06,17.86,17.73,17.86,17.48
2017-03-07,17.74,17.84,17.92,17.55
2017-03-08,17.81,17.8,17.98,17.71
2017-03-09,17.81,17.54,17.82,17.33
2017-03-10,17.6,17.45,17.64,17.42
2017-03-13,17.47,17.69,17.7,17.33
2017-03-14,17.63,17.84,18.17,17.62
2017-03-15,17.84,17.59,17.91,17.55
2017-03-16,17.6,17.65,17.71,17.54
2017-03-17,17.69,17.51,17.81,17.48
2017-03-20,17.58,17.54,17.64,17.48
2017-03-21,17.55,18.42,19.0,17.5
2017-03-22,17.97,17.73,18.17,17.63
2017-03-23,17.72,17.6,17.81,17.51
2017-03-24,17.56,17.25,17.7,17.2
2017-03-27,17.19,16.36,17.26,16.21
2017-03-28,16.37,16.56,16.56,16.31
2017-03-29,16.59,16.26,16.6,16.25
2017-03-30,16.22,15.18,16.22,15.1
2017-03-31,15.3,15.38,15.42,15.0
2017-04-05,15.31,15.93,15.95,15.31
2017-04-06,15.85,15.79,16.09,15.74
2017-04-07,15.82,15.6,15.92,15.59
2017-04-10,15.68,15.41,15.69,15.37
2017-04-11,15.32,15.38,15.51,15.08
2017-04-12,15.66,15.67,16.36,15.51
2017-04-13,15.7,15.41,15.78,15.35
2017-04-14,15.27,14.85,15.35,14.85
2017-04-17,14.61,14.03,14.63,13.96
2017-04-18,14.1,13.86,14.14,13.85
2017-04-19,13.61,13.53,13.74,13.32
2017-04-20,13.45,13.82,14.16,13.39
2017-04-21,13.83,13.85,14.08,13.71
2017-04-24,13.93,13.16,13.93,13.03
2017-04-25,13.06,13.24,13.35,13.05
2017-04-26,13.03,13.18,13.35,13.0
2017-04-27,13.18,13.05,13.2,11.92
2017-04-28,13.0,13.31,13.34,12.99
2017-05-02,13.24,13.49,13.51,13.19
2017-05-03,13.42,13.56,13.76,13.32
2017-05-04,13.58,13.86,13.96,13.45
2017-05-05,13.76,13.3,13.89,13.23
2017-05-08,13.0,12.41,13.08,12.4
2017-05-09,12.42,12.51,12.58,12.18
2017-05-10,12.6,12.18,12.65,12.08
2017-05-11,12.0,11.76,12.18,11.36
2017-05-12,11.76,11.7,11.97,11.58
2017-05-15,11.7,11.87,11.98,11.51
2017-05-16,11.86,12.16,12.2,11.51
2017-05-17,12.15,12.19,12.47,12.06
2017-05-18,12.11,11.85,12.2,11.76
2017-05-19,11.87,12.16,12.32,11.8
2017-05-22,12.15,12.79,13.19,12.05
2017-05-23,12.56,14.07,14.07,12.49
2017-06-09,13.69,13.38,13.96,13.02
2017-06-12,13.09,12.21,13.23,12.06
2017-06-13,12.04,12.66,12.87,11.93
2017-06-14,12.59,12.28,12.66,12.21
2017-06-15,12.49,12.7,12.88,12.31
2017-06-16,12.68,12.96,13.37,12.65
2017-06-19,12.97,13.09,13.25,12.72
2017-06-20,13.12,12.75,13.18,12.69
2017-06-21,12.75,13.0,13.08,12.53
2017-06-22,13.02,12.24,13.24,12.23
2017-06-23,12.16,12.14,12.38,11.82
2017-06-26,12.18,12.36,12.4,11.98
2017-06-27,12.35,12.33,12.57,12.24
2017-06-28,12.3,12.08,12.48,12.0
2017-06-29,12.09,12.11,12.21,12.03
2017-06-30,12.01,12.08,12.12,11.97
2017-07-03,12.08,12.25,12.34,12.08
2017-07-04,12.22,12.18,12.35,12.11
2017-07-05,12.23,12.45,12.6,12.15
2017-07-06,12.4,12.67,12.82,12.36
2017-07-07,12.65,12.8,12.87,12.5
2017-07-10,12.78,12.55,12.88,12.52
2017-07-11,12.5,12.42,12.53,12.3
2017-07-12,12.35,12.2,12.42,12.03
2017-07-13,12.18,12.22,12.32,12.13
2017-07-14,12.13,11.91,12.13,11.86
2017-07-17,11.79,10.72,11.79,10.72
2017-07-18,10.48,10.78,10.88,10.22
2017-07-19,10.69,10.85,10.92,10.63
2017-07-20,10.8,10.97,11.38,10.79
2017-07-21,10.97,11.01,11.27,10.97
2017-07-24,11.03,11.0,11.13,10.85
2017-07-25,11.02,11.01,11.09,10.91
2017-07-26,10.99,11.0,11.05,10.85
2017-07-27,11.02,11.2,11.33,10.96
2017-07-28,11.11,10.99,11.25,10.91
2017-07-31,10.99,10.96,11.08,10.88
2017-08-01,10.95,11.19,11.2,10.91
2017-08-02,11.35,10.99,11.35,10.98
2017-08-03,10.9,11.02,11.14,10.88
2017-08-04,11.02,11.21,11.43,10.91
2017-08-07,11.11,11.12,11.26,11.03
2017-08-08,11.12,11.16,11.17,11.03
2017-08-09,11.15,11.29,11.36,11.1
2017-08-10,11.29,11.39,11.55,11.2
2017-08-11,11.28,11.13,11.36,11.08
2017-08-14,11.14,11.28,11.38,11.08
2017-08-15,11.28,11.33,11.35,11.18
2017-08-16,11.33,11.46,11.47,11.18
2017-08-17,11.42,11.6,11.65,11.33
2017-08-18,11.49,11.48,11.5,11.34
2017-08-21,11.47,11.59,11.71,11.42
2017-08-22,11.5,11.57,11.62,11.5
2017-08-23,11.5,12.03,12.2,11.47
2017-08-24,11.96,11.8,12.08,11.75
2017-08-25,11.83,12.02,12.2,11.62
2017-08-28,12.04,12.07,12.08,11.92
2017-08-29,12.07,12.45,12.46,11.98
2017-08-30,12.39,12.32,12.61,12.23
2017-08-31,12.33,12.4,12.43,12.18
2017-09-01,12.35,12.4,12.5,12.21
2017-09-04,12.32,12.19,12.39,12.15
2017-09-05,12.22,12.23,12.32,12.12
2017-09-06,12.24,12.31,12.43,12.16
2017-09-07,12.31,12.17,12.41,12.15
2017-09-08,12.12,12.37,12.44,12.1
2017-09-11,12.35,12.51,12.56,12.3
2017-09-12,12.48,12.48,12.56,12.26
2017-09-13,12.46,12.37,12.47,12.28
2017-09-14,12.33,12.25,12.36,12.16
2017-09-15,12.25,11.87,12.29,11.83
2017-09-18,11.89,11.92,12.08,11.85
2017-09-19,11.92,12.39,12.45,11.89
2017-09-20,12.46,12.32,12.46,12.17
2017-09-21,12.3,12.11,12.31,12.08
2017-09-22,12.06,12.04,12.15,11.91
2017-09-25,12.15,11.97,12.19,11.91
2017-09-26,11.91,11.82,12.03,11.75
2017-09-27,11.75,11.86,11.92,11.75
2017-09-28,11.72,11.53,11.82,11.53
2017-09-29,11.45,11.57,11.58,11.31
2017-10-09,11.62,11.66,11.72,11.53
2017-10-10,11.66,12.08,12.24,11.6
2017-10-11,12.0,12.13,12.43,12.0
2017-10-12,12.01,11.89,12.15,11.8
2017-10-13,11.94,11.96,11.97,11.74
2017-10-16,11.97,11.56,11.98,11.56
2017-10-17,11.52,12.03,12.22,11.5
2017-10-18,11.82,11.83,11.98,11.73
2017-10-19,11.83,11.55,11.84,11.54
2017-10-20,11.51,11.84,11.85,11.21
2017-10-23,11.87,11.9,11.92,11.74
2017-10-24,12.4,12.0,12.4,11.87
2017-10-25,11.92,12.0,12.18,11.89
2017-10-26,11.91,12.01,12.01,11.61
2017-10-27,12.27,12.24,12.33,11.98
2017-10-30,12.12,11.9,12.23,11.7
2017-10-31,11.79,11.96,11.97,11.76
2017-11-01,11.91,12.01,12.14,11.81
2017-11-02,12.05,12.09,12.33,12.02
2017-11-03,12.15,11.98,12.26,11.92
2017-11-06,11.95,12.47,12.49,11.95
2017-11-07,12.42,12.47,12.49,12.22
2017-11-08,12.48,12.48,12.55,12.28
2017-11-09,12.57,13.02,13.38,12.52
2017-11-10,12.91,13.19,13.19,12.73
2017-11-13,13.18,12.95,13.18,12.85
2017-11-14,12.94,12.42,13.08,12.32
2017-11-15,12.37,12.54,12.59,12.26
2017-11-16,12.48,12.32,12.61,12.32
2017-11-17,12.23,11.75,12.3,11.68
2017-11-20,11.7,11.48,11.7,11.1
2017-11-21,11.4,11.37,11.59,11.2
2017-11-22,11.37,11.42,11.49,11.27
2017-11-23,11.42,11.03,11.42,11.03
2017-11-24,11.0,11.1,11.19,10.97
2017-11-27,11.09,11.1,11.15,10.92
2017-11-28,11.06,11.21,11.23,11.01
2017-11-29,11.2,11.16,11.21,10.95
2017-11-30,11.11,10.4,11.2,10.34
2017-12-01,10.23,10.54,10.67,9.94
2017-12-04,10.4,10.42,10.5,10.27
2017-12-05,10.3,10.42,10.47,10.27
2017-12-06,10.41,10.61,10.64,10.29
2017-12-07,10.69,10.58,10.69,10.23
2017-12-08,10.52,10.64,10.66,10.46
2017-12-11,10.64,10.64,10.68,10.36
2017-12-12,10.63,10.37,10.65,10.37
2017-12-13,10.36,10.08,10.46,10.04
2017-12-14,10.07,10.17,10.22,9.94
2017-12-15,10.05,10.19,10.2,10.05
2017-12-18,10.19,10.11,10.21,9.96
2017-12-19,10.05,10.18,10.27,10.03
2017-12-20,10.14,10.15,10.22,10.02
2017-12-21,10.06,10.26,10.28,10.01
2017-12-22,10.26,10.47,10.47,10.17
2017-12-25,10.38,10.71,10.86,10.25
2017-12-26,10.99,10.71,10.99,10.6
2017-12-27,10.71,10.78,10.95,10.54
2017-12-28,10.63,10.96,10.99,10.63
2017-12-29,10.96,11.03,11.05,10.89
2018-01-02,10.85,10.91,11.1,10.85
2018-01-03,10.98,11.13,11.16,10.86
2018-01-04,11.11,11.08,11.15,10.92
2018-01-05,11.06,11.34,11.38,10.92
2018-01-08,11.35,11.39,11.46,11.16
2018-01-09,11.31,11.31,11.42,11.11
2018-01-10,11.31,11.12,11.31,10.92
2018-01-11,11.19,11.19,11.27,10.88
2018-01-12,11.19,11.53,11.84,11.08
2018-01-15,11.39,11.13,11.52,10.72
2018-01-16,11.0,11.15,11.23,10.92
2018-01-17,11.02,11.28,11.57,10.93
2018-01-18,11.14,10.97,11.18,10.95
2018-01-19,10.91,11.09,11.24,10.7
2018-01-22,10.95,10.99,11.14,10.85
2018-01-23,11.06,10.82,11.06,10.81
2018-01-24,10.82,10.57,10.96,10.55
2018-01-25,10.57,10.65,10.65,10.4
2018-01-26,10.42,10.87,10.95,10.4
2018-01-29,10.8,10.46,10.8,10.42
2018-01-30,10.45,10.28,10.54,10.16
2018-01-31,10.44,10.3,10.47,10.17
2018-02-01,10.2,9.75,10.33,9.7
2018-02-02,9.75,9.74,9.9,9.51
2018-02-05,9.7,9.61,9.7,9.17
2018-02-06,9.4,8.65,9.4,8.65
2018-02-07,8.75,8.91,9.08,8.61
2018-02-08,8.9,8.77,9.01,8.67
2018-02-09,8.49,8.11,8.49,7.92
2018-02-12,8.19,8.39,8.46,8.11
2018-02-13,8.38,8.69,9.23,8.38
2018-02-14,8.5,8.42,8.61,8.39
2018-02-22,8.41,8.57,8.88,8.25
2018-02-23,8.57,8.82,9.0,8.49
2018-02-26,8.81,9.01,9.24,8.8
2018-02-27,9.01,8.91,9.23,8.91
2018-02-28,9.04,8.88,9.05,8.75
2018-03-01,8.85,8.9,9.02,8.75
2018-03-02,8.78,8.76,8.88,8.69
2018-03-05,8.68,8.89,8.9,8.68
2018-03-06,8.89,9.38,9.68,8.8
2018-03-07,9.28,9.06,9.28,9.01
2018-03-08,9.03,8.97,9.1,8.92
2018-03-09,8.96,9.15,9.2,8.92
2018-03-12,9.12,9.27,9.3,9.09
2018-03-13,9.24,9.37,9.57,9.12
2018-03-14,9.34,9.09,9.35,8.97
2018-03-15,9.04,8.96,9.2,8.89
2018-03-16,8.97,9.08,9.35,8.97
2018-03-19,9.09,9.16,9.19,8.93
2018-03-20,9.01,9.17,9.3,8.97
2018-03-21,9.15,9.25,9.32,9.13
2018-03-22,9.2,9.36,9.42,9.15
2018-03-23,9.01,8.64,9.08,8.42
2018-03-26,8.32,8.78,8.79,8.31
2018-03-27,8.79,8.86,8.93,8.75
2018-03-28,8.8,8.72,8.87,8.6
2018-03-29,8.86,9.12,9.15,8.74
2018-03-30,9.07,9.17,9.21,8.98
2018-04-02,9.17,9.13,9.22,9.1
2018-04-03,9.08,8.98,9.08,8.91
2018-04-04,9.01,9.06,9.23,9.01
2018-04-09,8.92,8.99,9.11,8.92
2018-04-10,9.0,9.06,9.15,8.95
2018-04-11,9.01,9.04,9.14,9.0
2018-04-12,9.05,9.15,9.4,8.91
2018-04-13,9.14,9.35,9.45,9.13
2018-04-16,9.05,9.26,9.29,8.96
2018-04-17,9.35,8.98,9.35,8.8
2018-04-18,8.97,8.93,9.08,8.83
2018-04-19,8.9,8.97,9.24,8.9
2018-04-20,8.93,8.94,9.03,8.81
2018-04-23,8.91,8.74,8.91,8.64
2018-04-24,8.71,8.75,8.9,8.71
2018-04-25,8.77,8.65,8.88,8.6
2018-04-26,8.6,8.52,8.86,8.52
2018-04-27,8.57,8.72,8.84,8.57
2018-05-02,8.8,8.61,8.8,8.56
2018-05-03,8.61,8.66,8.7,8.46
2018-05-04,8.66,8.64,8.69,8.54
2018-05-07,8.55,8.78,8.85,8.55
2018-05-08,8.8,8.95,8.95,8.71
2018-05-09,8.93,9.15,9.15,8.85
2018-05-10,9.11,9.37,9.39,9.01
2018-05-11,9.48,9.3,9.48,9.22
2018-05-14,9.13,9.41,9.47,9.13
2018-05-15,9.4,9.43,9.5,9.33
2018-05-16,9.36,9.32,9.41,9.27
2018-05-17,9.3,9.3,9.35,9.22
2018-05-18,9.31,9.28,9.4,9.2
2018-05-21,9.3,9.31,9.4,9.28
2018-05-22,9.48,9.3,9.48,9.26
2018-05-23,9.3,9.2,9.3,9.18
2018-05-24,9.2,9.06,9.2,9.06
2018-05-25,9.05,8.88,9.15,8.88
