date,open,close,high,low
2016-01-04,6.25,5.695,6.345,5.695
2016-01-05,5.375,5.465,5.665,5.22
2016-01-06,5.54,6.01,6.01,5.535
2016-01-07,5.805,5.41,5.9,5.41
2016-01-08,5.56,5.575,5.69,5.0
2016-01-11,5.45,5.02,5.525,5.02
2016-01-12,4.955,4.875,5.115,4.72
2016-01-13,4.9,4.75,5.275,4.74
2016-01-14,4.52,4.925,5.075,4.52
2016-01-15,4.9,4.83,5.175,4.755
2016-01-18,4.68,4.95,5.06,4.675
2016-01-19,4.97,5.425,5.445,4.955
2016-01-20,5.26,5.235,5.35,5.135
2016-01-21,5.14,4.89,5.325,4.89
2016-01-22,4.985,5.015,5.07,4.725
2016-01-25,5.085,5.04,5.15,4.985
2016-01-26,5.03,4.77,5.29,4.7
2016-01-27,4.68,4.64,4.925,4.335
2016-01-28,4.51,4.3,4.61,4.265
2016-01-29,4.325,4.465,4.515,4.275
2016-02-01,4.425,4.235,4.445,4.06
2016-02-02,4.21,4.45,4.5,4.21
2016-02-03,4.36,4.45,4.545,4.29
2016-02-04,4.435,4.535,4.61,4.435
2016-02-05,4.585,4.485,4.725,4.475
2016-02-15,4.3,4.51,4.51,4.25
2016-02-16,4.5,4.7,4.78,4.4
2016-02-17,4.695,4.85,4.87,4.64
2016-02-18,4.895,4.78,4.93,4.76
2016-02-19,4.73,4.84,4.87,4.72
2016-02-22,4.9,4.87,4.925,4.825
2016-02-23,4.935,4.875,5.085,4.765
2016-02-24,4.845,4.91,4.96,4.765
2016-02-25,4.89,4.42,4.89,4.42
2016-02-26,4.395,4.335,4.45,4.2
2016-02-29,4.275,3.9,4.295,3.9
2016-03-01,3.895,3.965,4.01,3.8
2016-03-02,3.955,4.17,4.18,3.935
2016-03-03,4.175,4.155,4.24,4.125
2016-03-04,4.16,3.85,4.185,3.815
2016-03-07,3.9,3.955,3.99,3.75
2016-03-08,3.965,3.945,3.975,3.765
2016-03-09,3.865,4.1,4.325,3.825
2016-03-10,4.02,3.905,4.12,3.9
2016-03-11,3.82,3.91,3.96,3.82
2016-03-14,4.0,4.025,4.18,3.945
2016-03-15,4.025,4.07,4.105,4.025
2016-03-16,4.11,4.005,4.18,3.955
2016-03-17,4.005,4.135,4.165,4.005
2016-03-18,4.15,4.345,4.385,4.14
2016-03-21,4.405,4.5,4.525,4.35
2016-03-22,4.45,4.495,4.6,4.42
2016-03-23,4.465,4.505,4.535,4.4
2016-03-24,4.445,4.535,4.665,4.405
2016-03-25,4.51,4.83,4.835,4.5
2016-03-28,4.94,4.965,5.1,4.725
2016-03-29,4.935,4.63,4.935,4.62
2016-03-30,4.68,4.755,4.785,4.635
2016-03-31,4.84,4.71,4.85,4.695
2016-04-01,4.68,4.69,4.74,4.6
2016-04-05,4.7,4.845,4.88,4.65
2016-04-06,4.83,4.91,4.975,4.8
2016-04-07,4.91,4.87,4.97,4.835
2016-04-08,4.9,5.355,5.355,4.855
2016-04-11,5.355,5.52,5.55,5.295
2016-04-12,5.445,5.355,5.48,5.255
2016-04-13,5.305,5.4,5.565,5.305
2016-04-14,5.415,5.605,5.7,5.415
2016-04-15,5.525,5.605,5.635,5.46
2016-04-18,5.6,5.48,5.605,5.43
2016-04-19,5.465,5.5,5.58,5.405
2016-04-20,5.55,5.1,5.555,5.0
2016-04-21,5.1,5.055,5.19,5.005
2016-04-22,4.91,5.485,5.53,4.85
2016-04-25,5.45,5.355,5.46,5.25
2016-04-26,5.33,5.355,5.435,5.255
2016-04-27,5.405,5.32,5.485,5.25
2016-04-28,5.3,5.225,5.3,5.095
2016-04-29,5.23,5.205,5.29,5.155
2016-05-03,5.295,5.42,5.43,5.2
2016-05-04,5.335,5.74,5.9,5.105
2016-05-05,5.615,5.585,5.74,5.525
2016-05-06,5.55,5.41,5.735,5.405
2016-05-09,5.25,5.27,5.6,5.155
2016-05-10,5.18,5.375,5.4,5.18
2016-05-11,5.34,5.255,5.525,5.15
2016-05-12,5.06,5.445,5.495,4.925
2016-05-13,5.445,5.5,5.55,5.3
2016-05-16,5.45,6.05,6.05,5.3
2016-05-17,6.0,6.3,6.39,5.935
2016-05-18,6.3,6.165,6.375,6.01
2016-05-19,6.14,6.335,6.46,6.025
2016-05-20,6.35,6.21,6.35,5.98
2016-05-23,6.225,6.06,6.24,5.95
2016-05-24,5.99,5.805,6.025,5.73
2016-05-25,5.87,6.035,6.065,5.755
2016-05-26,6.03,5.725,6.03,5.525
2016-05-27,5.72,5.695,5.825,5.58
2016-05-30,5.59,5.57,5.73,5.56
2016-05-31,5.6,5.815,5.865,5.6
2016-06-01,5.8,5.855,5.9,5.75
2016-06-02,5.825,6.05,6.1,5.805
2016-06-03,6.07,5.92,6.095,5.89
2016-06-06,5.505,5.46,5.745,5.33
2016-06-07,5.4,5.34,5.44,5.275
2016-06-08,5.335,5.31,5.43,5.305
2016-06-13,5.16,4.82,5.175,4.81
2016-06-14,4.825,4.99,5.09,4.78
2016-06-15,4.94,5.105,5.16,4.87
2016-06-16,5.1,4.98,5.1,4.98
2016-06-17,4.9,5.05,5.13,4.9
2016-06-20,5.0,5.01,5.05,4.955
2016-06-21,5.045,4.885,5.075,4.855
2016-06-22,4.775,4.89,4.905,4.775
2016-06-23,4.895,4.875,4.95,4.825
2016-06-24,4.885,4.705,4.925,4.59
2016-06-27,4.7,4.79,4.805,4.66
2016-06-28,4.77,4.825,4.855,4.73
2016-06-29,4.85,5.005,5.025,4.8
2016-06-30,5.03,5.31,5.44,4.91
2016-07-01,5.295,5.215,5.385,5.18
2016-07-04,5.215,5.2,5.28,5.115
2016-07-05,5.2,5.225,5.395,5.195
2016-07-06,5.205,5.125,5.23,5.12
2016-07-07,5.105,5.19,5.26,5.1
2016-07-08,5.18,5.095,5.2,5.06
2016-07-11,5.12,5.15,5.295,5.07
2016-07-12,5.16,5.14,5.195,5.04
2016-07-13,5.145,5.205,5.22,5.095
2016-07-14,5.2,5.725,5.725,5.165
2016-07-15,5.64,5.54,5.87,5.5
2016-07-18,5.415,5.33,5.475,5.305
2016-07-19,5.325,5.365,5.43,5.305
2016-07-20,5.33,5.455,5.57,5.32
2016-07-21,5.405,5.345,5.45,5.325
2016-07-22,5.35,5.16,5.375,5.15
2016-07-25,5.145,5.235,5.35,5.085
2016-07-26,5.235,5.31,5.325,5.21
2016-07-27,5.32,4.99,5.325,4.855
2016-07-28,4.99,4.855,5.035,4.795
2016-07-29,4.905,4.9,4.965,4.79
2016-08-01,4.895,4.785,4.9,4.705
2016-08-02,4.79,4.87,4.895,4.79
2016-08-03,4.895,4.88,4.925,4.84
2016-08-04,4.89,4.96,4.985,4.865
2016-08-05,4.995,4.87,4.995,4.865
2016-08-08,4.865,4.91,4.92,4.8
2016-08-09,4.88,4.94,4.95,4.88
2016-08-10,4.955,4.92,4.965,4.915
2016-08-11,4.89,4.79,4.965,4.79
2016-08-12,4.8,4.84,4.855,4.79
2016-08-15,4.89,4.945,4.98,4.855
2016-08-16,4.945,4.98,5.07,4.945
2016-08-17,4.975,4.98,5.035,4.95
2016-08-18,4.97,5.06,5.075,4.97
2016-08-19,5.09,5.01,5.1,4.995
2016-08-22,5.51,5.51,5.51,5.51
2016-08-23,5.645,5.455,5.75,5.41
2016-08-24,5.415,6.0,6.0,5.41
2016-08-25,6.0,6.6,6.6,5.9
2016-08-26,6.75,6.62,6.865,6.25
2016-08-29,6.515,6.335,6.59,6.2
2016-08-30,6.28,6.185,6.32,6.05
2016-08-31,6.195,6.24,6.325,6.015
2016-09-01,6.175,6.005,6.185,6.005
2016-09-02,6.1,5.955,6.1,5.9
2016-09-05,6.025,6.045,6.045,5.92
2016-09-06,6.095,6.295,6.35,6.085
2016-09-07,6.205,6.1,6.245,6.06
2016-09-08,6.1,6.055,6.13,5.99
2016-09-09,6.065,5.97,6.065,5.965
2016-09-12,5.85,5.615,5.85,5.605
2016-09-13,5.69,5.71,5.79,5.57
2016-09-14,5.63,5.6,5.715,5.59
2016-09-19,5.695,5.67,5.935,5.635
2016-09-20,5.76,5.735,5.835,5.665
2016-09-21,5.795,5.645,5.795,5.635
2016-09-22,5.675,5.605,5.695,5.585
2016-09-23,5.615,5.65,5.675,5.595
2016-09-26,5.65,5.685,5.785,5.65
2016-09-27,5.69,5.72,5.72,5.495
2016-09-28,5.675,5.665,5.765,5.635
2016-09-29,5.705,5.73,5.755,5.635
2016-09-30,5.845,6.155,6.29,5.84
2016-10-10,6.035,6.255,6.32,6.015
2016-10-11,6.18,6.215,6.24,6.085
2016-10-12,6.185,6.145,6.245,6.1
2016-10-13,6.15,6.075,6.17,6.02
2016-10-14,6.025,6.11,6.175,6.025
2016-10-17,6.01,5.96,6.07,5.94
2016-10-18,5.95,6.04,6.045,5.905
2016-10-19,6.025,6.275,6.435,6.01
2016-10-20,6.285,6.34,6.38,6.165
2016-10-21,6.32,6.165,6.32,6.03
2016-10-24,6.165,6.275,6.275,6.11
2016-10-25,6.35,6.275,6.36,6.2
2016-10-26,6.22,6.145,6.29,6.125
2016-10-27,6.105,6.22,6.28,6.07
2016-10-28,6.2,6.32,6.44,6.135
2016-10-31,6.205,6.075,6.265,6.025
2016-11-01,6.045,6.075,6.12,5.94
2016-11-02,6.03,5.965,6.06,5.965
2016-11-03,5.945,6.05,6.175,5.91
2016-11-04,6.01,6.005,6.1,5.96
2016-11-07,6.095,6.39,6.605,6.055
2016-11-08,6.34,6.44,6.545,6.255
2016-11-09,6.44,6.465,6.545,6.255
2016-11-10,7.11,7.11,7.11,7.01
2016-11-11,7.82,7.82,7.82,7.6
2016-11-14,7.82,8.6,8.6,7.555
2016-11-15,8.475,9.46,9.46,8.33
2016-11-16,9.45,9.01,9.825,8.81
2016-11-17,8.81,8.855,9.3,8.6
2016-11-18,9.03,9.11,9.645,8.505
2016-11-21,8.81,8.65,8.945,8.355
2016-11-22,8.695,9.51,9.515,8.555
2016-11-23,9.305,8.805,9.315,8.8
2016-11-24,8.94,9.685,9.685,8.73
2016-11-25,9.875,8.85,10.19,8.785
2016-11-28,8.34,8.105,8.44,8.05
2016-11-29,8.235,7.8,8.325,7.65
2016-11-30,7.95,7.955,8.245,7.875
2016-12-01,8.0,8.1,8.195,7.605
2016-12-02,8.1,7.72,8.1,7.705
2016-12-05,7.7,7.75,7.895,7.5
2016-12-06,7.82,8.06,8.145,7.775
2016-12-07,8.0,8.11,8.14,7.86
2016-12-08,8.19,8.45,8.725,7.955
2016-12-09,8.3,8.12,8.37,8.04
2016-12-12,8.01,7.31,8.095,7.31
2016-12-13,7.5,8.04,8.04,7.31
2016-12-14,8.175,8.33,8.845,8.175
2016-12-15,8.355,8.91,9.085,8.225
2016-12-16,8.765,9.8,9.8,8.655
2016-12-19,10.0,10.14,10.74,9.76
2016-12-20,9.99,9.51,10.35,9.13
2016-12-21,9.7,9.17,9.83,8.8
2016-12-22,9.08,8.94,9.18,8.66
2016-12-23,8.9,8.23,8.9,8.18
2016-12-26,8.35,8.72,9.05,8.28
2016-12-27,8.5,9.59,9.59,8.31
2016-12-28,9.7,10.55,10.55,9.7
2017-01-04,10.97,11.61,11.61,10.44
2017-01-05,12.02,11.02,12.77,10.95
2017-01-06,10.82,10.95,11.28,10.52
2017-01-09,10.4,10.47,10.55,9.86
2017-01-10,10.3,11.52,11.52,10.19
2017-01-11,11.6,11.36,12.19,10.88
2017-01-12,10.9,11.53,12.2,10.68
2017-01-13,11.3,10.51,11.46,10.5
2017-01-16,10.51,9.7,10.52,9.46
2017-01-17,9.7,10.67,10.67,9.47
2017-01-18,10.75,10.77,11.15,10.45
2017-01-19,10.43,10.24,10.59,10.03
2017-01-20,10.24,10.59,11.1,10.2
2017-01-23,10.4,10.8,11.1,10.27
2017-01-24,10.55,10.99,11.5,10.3
2017-01-25,10.4,10.36,10.88,10.2
2017-01-26,10.27,10.17,10.5,10.02
2017-02-03,10.21,10.27,10.39,10.02
2017-02-06,10.2,10.17,10.2,9.9
2017-02-07,10.1,10.08,10.12,9.98
2017-02-08,10.06,10.29,10.59,9.9
2017-02-09,10.1,10.14,10.33,10.03
2017-02-10,10.08,9.92,10.12,9.91
2017-02-13,9.8,9.76,9.84,9.56
2017-02-14,9.75,9.85,10.09,9.7
2017-02-15,9.79,9.58,9.81,9.56
2017-02-16,9.5,9.45,9.58,9.31
2017-02-17,9.53,9.48,9.79,9.44
2017-02-20,9.4,9.23,9.4,9.14
2017-02-21,9.23,9.27,9.28,9.16
2017-02-22,9.3,9.08,9.3,9.03
2017-02-23,9.07,8.91,9.07,8.81
2017-02-24,8.9,8.73,8.91,8.72
2017-02-27,8.7,9.6,9.6,8.6
2017-03-06,9.65,9.25,9.65,9.01
2017-03-07,9.19,9.0,9.19,8.94
2017-03-08,9.0,9.9,9.9,8.91
2017-03-09,9.98,10.34,10.58,9.61
2017-03-10,10.11,10.27,10.62,9.91
2017-03-13,10.05,10.34,10.52,9.93
2017-03-14,10.24,10.07,10.32,10.0
2017-03-15,9.98,9.74,9.99,9.7
2017-03-16,9.78,10.15,10.48,9.75
2017-03-17,10.02,9.92,10.13,9.9
2017-03-20,9.84,9.96,10.26,9.75
2017-03-21,9.97,10.04,10.25,9.76
2017-03-22,9.85,9.88,10.02,9.82
2017-03-23,9.85,9.69,9.95,9.51
2017-03-24,9.7,9.53,9.78,9.4
2017-03-27,9.5,9.71,9.8,9.25
2017-03-29,9.22,9.22,9.22,9.22
2017-03-30,8.76,8.76,8.76,8.76
2017-03-31,8.32,8.32,8.32,8.32
2017-04-05,7.9,7.9,7.9,7.9
2017-04-06,7.51,7.51,7.51,7.51
2017-04-07,7.13,7.58,7.88,7.13
2017-04-10,7.39,7.2,7.42,7.2
2017-04-11,6.98,6.99,7.11,6.84
2017-04-12,6.98,6.96,7.08,6.72
2017-04-13,6.95,6.91,7.08,6.85
2017-04-14,6.91,6.8,6.94,6.67
2017-04-17,6.9,6.76,6.97,6.65
2017-04-18,6.76,6.58,6.77,6.58
2017-04-19,6.6,6.25,6.6,6.25
2017-04-20,6.25,6.19,6.35,6.03
2017-04-21,6.21,6.0,6.22,5.97
2017-04-24,5.98,5.7,5.98,5.7
2017-04-25,5.49,5.42,5.58,5.42
2017-04-26,5.39,5.51,5.56,5.23
2017-04-27,5.51,5.53,5.58,5.39
2017-04-28,5.52,5.59,5.63,5.48
2017-05-02,5.65,5.57,5.68,5.54
2017-05-03,5.56,5.62,5.65,5.45
2017-05-04,5.69,5.77,5.9,5.57
2017-05-05,5.73,5.66,5.84,5.55
2017-05-08,5.62,5.49,5.71,5.38
2017-05-09,5.52,5.34,5.55,5.27
2017-05-10,5.34,5.07,5.45,5.07
2017-05-11,4.93,4.84,4.96,4.82
2017-05-12,4.82,4.6,4.83,4.6
2017-05-15,4.5,4.76,4.83,4.5
2017-05-16,4.69,4.73,4.75,4.52
2017-05-17,4.73,4.75,4.89,4.71
2017-05-18,4.6,4.7,4.74,4.57
2017-05-19,4.68,4.73,4.84,4.66
2017-05-22,4.69,4.49,4.73,4.49
2017-05-23,4.38,4.27,4.54,4.27
2017-05-24,4.12,4.11,4.19,4.06
2017-05-25,4.17,4.31,4.32,4.16
2017-05-26,4.23,4.18,4.26,4.14
2017-05-31,4.21,4.12,4.26,4.11
2017-06-01,4.03,3.91,4.07,3.91
2017-06-02,3.8,3.87,3.92,3.72
2017-06-06,3.99,4.06,4.06,3.95
2017-06-07,4.02,4.09,4.11,3.98
2017-06-08,4.08,4.07,4.13,4.05
2017-06-09,4.07,4.04,4.07,3.96
2017-06-12,3.99,3.84,3.99,3.84
2017-06-13,3.83,4.03,4.03,3.83
2017-06-14,4.09,4.23,4.23,4.08
2017-06-15,4.23,4.43,4.44,4.18
2017-06-16,4.37,4.48,4.64,4.34
2017-06-19,4.45,4.55,4.64,4.43
2017-06-20,4.58,4.42,4.59,4.37
2017-06-21,4.44,4.46,4.54,4.38
2017-06-22,4.43,4.34,4.45,4.32
2017-06-23,4.34,4.35,4.35,4.22
2017-06-26,4.36,4.57,4.57,4.35
2017-06-27,4.63,4.73,4.8,4.6
2017-06-28,4.7,4.71,4.75,4.58
2017-06-29,4.7,4.67,4.77,4.64
2017-06-30,4.68,4.82,4.87,4.64
2017-07-03,4.7,4.89,4.98,4.7
2017-07-04,4.87,4.85,4.94,4.83
2017-07-05,4.85,4.82,4.88,4.74
2017-07-06,4.83,4.76,4.83,4.73
2017-07-07,4.74,4.68,4.74,4.67
2017-07-10,4.81,4.91,4.91,4.77
2017-07-11,5.16,4.93,5.16,4.88
2017-07-12,4.85,4.81,4.92,4.68
2017-07-13,4.77,4.87,4.97,4.72
2017-07-14,4.9,4.91,4.91,4.82
2017-07-17,4.91,4.66,5.03,4.66
2017-07-18,4.57,4.68,4.69,4.46
2017-07-19,4.65,4.8,4.87,4.57
2017-07-20,4.69,4.77,4.84,4.69
2017-07-21,4.75,4.76,4.89,4.71
2017-07-24,4.74,4.66,4.75,4.63
2017-07-25,4.65,4.52,4.69,4.48
2017-07-26,4.51,4.55,4.62,4.49
2017-07-27,4.54,4.53,4.56,4.47
2017-07-28,4.52,4.49,4.56,4.48
2017-07-31,4.48,4.49,4.51,4.47
2017-08-14,4.71,4.71,4.71,4.71
2017-08-15,4.91,4.64,4.91,4.62
2017-08-16,4.68,4.87,4.87,4.68
2017-08-17,4.97,5.11,5.11,4.9
2017-08-18,5.18,5.28,5.37,5.13
2017-08-21,5.21,5.19,5.27,5.13
2017-08-22,5.17,5.45,5.45,5.17
2017-08-23,5.4,5.57,5.71,5.37
2017-08-24,5.51,5.54,5.8,5.5
2017-08-25,5.53,5.48,5.59,5.42
2017-08-28,5.5,5.5,5.69,5.46
2017-08-29,5.52,5.48,5.55,5.41
2017-08-30,5.26,5.22,5.45,5.21
2017-08-31,5.26,5.28,5.36,5.25
2017-09-01,5.28,5.23,5.31,5.1
2017-09-04,5.26,5.23,5.26,5.18
2017-09-05,5.22,5.49,5.49,5.21
2017-09-06,5.6,5.55,5.71,5.52
2017-09-07,5.48,5.58,5.75,5.44
2017-09-08,5.58,5.6,5.69,5.52
2017-09-11,5.58,5.53,5.68,5.5
2017-09-12,5.64,5.57,5.7,5.55
2017-09-13,5.58,5.51,5.63,5.45
2017-09-14,5.57,5.52,5.61,5.49
2017-09-15,5.52,5.52,5.57,5.45
2017-09-18,5.53,5.49,5.56,5.45
2017-09-19,5.48,5.3,5.48,5.27
2017-09-20,5.31,5.34,5.34,5.25
2017-09-21,5.31,5.26,5.37,5.26
2017-09-22,5.25,5.16,5.26,5.13
2017-09-25,5.18,5.22,5.35,5.18
2017-09-26,5.21,5.24,5.29,5.19
2017-09-27,5.22,5.25,5.27,5.16
2017-09-28,5.23,5.14,5.27,5.14
2017-09-29,5.15,5.14,5.19,5.1
2017-10-09,5.18,5.22,5.23,5.17
2017-10-10,5.21,5.3,5.3,5.19
2017-10-11,5.28,5.32,5.35,5.27
2017-10-12,5.33,5.25,5.33,5.2
2017-10-13,5.25,5.27,5.28,5.2
2017-10-16,5.32,5.53,5.53,5.29
2017-10-17,5.55,5.54,5.78,5.51
2017-10-18,5.52,5.39,5.63,5.38
2017-10-19,5.34,5.66,5.66,5.2
2017-10-20,5.78,5.58,5.78,5.55
2017-10-23,5.58,5.79,5.86,5.52
2017-10-24,5.75,6.08,6.08,5.72
2017-10-25,6.06,6.18,6.25,6.0
2017-10-26,6.13,6.09,6.22,6.02
2017-10-27,6.07,6.1,6.23,6.06
2017-10-30,6.1,6.03,6.17,5.85
2017-10-31,5.94,5.89,6.03,5.79
2017-11-01,5.86,5.86,5.98,5.85
2017-11-02,5.86,5.87,5.98,5.85
2017-11-03,5.86,5.95,6.04,5.8
2017-11-06,5.93,5.91,5.98,5.83
2017-11-07,5.9,5.87,5.96,5.86
2017-11-08,5.85,5.88,5.93,5.81
2017-11-09,5.85,6.04,6.14,5.85
2017-11-10,6.04,6.0,6.08,5.97
2017-11-13,6.0,6.01,6.11,5.98
2017-11-14,6.04,5.88,6.12,5.85
2017-11-15,5.88,5.63,5.9,5.62
2017-11-16,5.63,5.63,5.72,5.58
2017-11-17,5.62,5.35,5.66,5.35
2017-11-20,5.3,5.48,5.5,5.09
2017-11-21,5.49,5.36,5.49,5.28
2017-11-22,5.34,5.32,5.44,5.25
2017-11-23,5.3,5.17,5.32,5.15
2017-11-24,5.13,5.31,5.33,5.09
2017-11-27,5.28,5.28,5.41,5.17
2017-11-28,5.28,5.38,5.39,5.25
2017-11-29,5.38,5.43,5.44,5.32
2017-11-30,5.4,5.33,5.43,5.31
2017-12-01,5.39,5.33,5.4,5.29
2017-12-04,5.33,5.15,5.33,5.14
2017-12-05,5.14,4.89,5.22,4.89
2017-12-06,4.87,5.01,5.05,4.71
2017-12-07,5.01,4.98,5.07,4.95
2017-12-08,5.0,5.04,5.07,4.98
2017-12-11,5.06,5.05,5.08,5.01
2017-12-12,5.04,4.94,5.05,4.92
2017-12-13,4.96,5.19,5.19,4.92
2017-12-14,5.23,5.28,5.4,5.21
2017-12-15,5.3,5.28,5.3,5.16
2017-12-18,5.25,5.38,5.53,5.22
2017-12-19,5.36,5.37,5.44,5.32
2017-12-20,5.38,5.43,5.48,5.33
2017-12-21,5.41,5.33,5.44,5.23
2017-12-22,5.32,5.24,5.37,5.23
2017-12-25,5.24,5.1,5.28,5.04
2017-12-26,5.12,5.2,5.3,5.07
2017-12-27,5.2,5.16,5.25,5.16
2017-12-28,5.16,5.12,5.22,5.12
2017-12-29,5.13,5.21,5.26,5.11
2018-01-02,5.45,5.47,5.47,5.26
2018-01-03,5.47,5.42,5.61,5.38
2018-01-04,5.51,5.39,5.51,5.35
2018-01-05,5.37,5.4,5.42,5.31
2018-01-08,5.38,5.29,5.38,5.23
2018-01-09,5.28,5.32,5.33,5.25
2018-01-10,5.32,5.22,5.32,5.2
2018-01-11,5.2,5.32,5.39,5.18
2018-01-12,5.29,5.24,5.34,5.23
2018-01-15,5.22,5.07,5.26,5.03
2018-01-16,5.09,5.16,5.23,5.09
2018-01-17,5.18,5.11,5.2,5.09
2018-01-18,5.11,5.11,5.16,5.09
2018-01-19,5.1,5.13,5.15,5.09
2018-01-22,5.09,5.11,5.15,5.08
2018-01-23,5.11,5.34,5.37,5.06
2018-01-24,5.28,5.23,5.34,5.19
2018-01-25,5.2,5.2,5.27,5.19
2018-01-26,5.17,5.23,5.33,5.16
2018-01-29,5.23,5.16,5.27,5.14
2018-01-30,5.16,5.15,5.2,5.12
2018-01-31,5.18,4.98,5.19,4.92
2018-02-01,4.96,4.73,4.96,4.73
2018-02-02,4.6,4.57,4.64,4.49
2018-02-05,4.48,4.34,4.48,4.34
2018-02-06,4.14,4.12,4.18,4.12
2018-02-07,4.17,4.18,4.26,3.92
2018-02-08,4.14,4.23,4.25,4.13
2018-02-09,4.14,4.07,4.18,4.03
2018-02-12,4.09,4.13,4.15,4.08
2018-02-13,4.13,4.19,4.33,4.12
2018-02-14,4.14,4.28,4.3,4.14
2018-02-22,4.28,4.3,4.34,4.28
2018-02-23,4.29,4.32,4.39,4.26
2018-02-26,4.32,4.37,4.38,4.29
2018-02-27,4.35,4.32,4.36,4.31
2018-02-28,4.29,4.36,4.41,4.22
2018-03-01,4.34,4.43,4.49,4.32
2018-03-02,4.4,4.41,4.49,4.38
2018-03-05,4.4,4.35,4.4,4.32
2018-03-06,4.35,4.36,4.38,4.29
2018-03-07,4.38,4.33,4.38,4.32
2018-03-08,4.31,4.32,4.35,4.3
2018-03-09,4.32,4.42,4.45,4.31
2018-03-12,4.42,4.45,4.48,4.38
2018-03-13,4.45,4.56,4.64,4.42
2018-03-14,4.6,4.49,4.6,4.49
2018-03-15,4.48,4.4,4.48,4.35
2018-03-16,4.39,4.48,4.54,4.39
2018-03-19,4.46,4.37,4.56,4.32
2018-03-20,4.34,4.41,4.43,4.32
2018-03-21,4.4,4.39,4.42,4.36
2018-03-22,4.37,4.43,4.44,4.32
2018-03-23,4.33,4.22,4.36,4.21
2018-03-26,4.17,4.25,4.29,4.09
2018-03-27,4.29,4.36,4.37,4.29
2018-03-28,4.3,4.33,4.38,4.3
2018-03-29,4.32,4.4,4.42,4.32
2018-03-30,4.39,4.52,4.55,4.38
2018-04-02,4.53,4.5,4.59,4.49
2018-04-03,4.46,4.54,4.54,4.41
2018-04-04,4.54,4.54,4.64,4.5
2018-04-09,4.51,4.68,4.69,4.51
2018-04-10,4.68,4.85,4.9,4.68
2018-04-11,4.88,4.83,4.95,4.77
2018-04-12,4.8,4.74,4.9,4.74
2018-04-13,4.77,4.77,4.82,4.7
2018-04-16,4.8,4.87,4.92,4.69
2018-04-17,4.84,4.77,4.87,4.76
2018-04-18,4.8,4.76,4.83,4.63
2018-04-19,4.73,4.8,4.86,4.68
2018-04-20,4.76,4.78,4.86,4.73
2018-04-23,4.84,4.65,4.84,4.63
2018-04-24,4.68,4.72,4.75,4.65
2018-04-25,4.7,4.76,4.78,4.7
2018-04-26,4.77,4.73,4.79,4.72
2018-04-27,4.73,4.82,4.82,4.64
2018-05-02,4.9,4.79,4.95,4.68
2018-05-03,4.79,4.81,4.83,4.72
2018-05-04,4.81,4.87,4.87,4.76
2018-05-07,4.87,5.04,5.04,4.83
2018-05-08,5.03,5.08,5.09,4.96
2018-05-09,4.98,4.83,4.98,4.83
2018-05-10,4.77,4.84,4.93,4.76
2018-05-11,4.84,4.86,4.88,4.83
2018-05-14,4.85,4.92,4.98,4.83
2018-05-15,4.92,4.89,4.92,4.81
2018-05-16,4.85,4.86,4.89,4.8
2018-05-18,5.0,5.35,5.35,4.99
2018-05-21,5.56,5.25,5.8,5.25
2018-05-22,5.12,5.24,5.35,5.11
2018-05-23,5.16,5.04,5.19,5.01
2018-05-24,5.05,5.06,5.13,4.92
2018-05-25,5.1,4.95,5.16,4.94
