date,open,close,high,low
2016-01-13,17.81,18.0,20.86,17.72
2016-01-14,16.87,17.7,18.78,16.75
2016-01-15,17.87,19.47,19.47,17.6
2016-01-18,18.78,21.42,21.42,18.53
2016-01-19,21.66,22.85,23.5,20.7
2016-01-20,22.41,22.9,23.78,21.85
2016-01-21,22.1,20.61,22.6,20.61
2016-01-22,21.2,20.28,21.32,19.18
2016-01-25,20.41,20.0,21.39,19.7
2016-01-26,19.98,18.96,21.17,18.88
2016-01-27,19.04,18.13,19.5,17.06
2016-01-28,17.5,16.32,17.8,16.32
2016-01-29,15.84,16.78,17.35,15.24
2016-02-01,16.89,16.18,17.37,15.49
2016-02-02,16.16,17.18,17.4,16.16
2016-02-03,16.91,16.84,17.12,16.4
2016-02-04,17.08,17.48,17.78,17.0
2016-02-05,17.52,17.5,18.18,17.23
2016-02-15,16.75,17.07,17.39,16.2
2016-02-16,17.01,17.99,18.12,17.01
2016-02-17,18.4,18.07,18.59,17.5
2016-02-18,18.07,19.39,19.88,18.04
2016-02-19,19.02,19.12,19.39,18.82
2016-02-22,19.41,19.36,19.6,19.08
2016-02-23,19.36,18.78,19.54,18.21
2016-02-24,18.49,18.7,18.88,18.0
2016-02-25,18.69,16.83,18.71,16.83
2016-02-26,16.78,15.61,16.8,15.38
2016-02-29,15.64,15.29,16.0,14.05
2016-03-01,14.9,15.5,15.6,14.81
2016-03-02,15.37,16.66,16.7,15.37
2016-03-03,16.67,16.5,17.65,16.38
2016-03-04,16.5,16.11,16.98,15.76
2016-03-07,16.05,16.49,16.77,16.05
2016-03-08,16.49,16.69,16.9,15.39
2016-03-09,16.02,16.03,16.57,15.8
2016-03-10,16.33,15.69,16.47,15.6
2016-03-11,15.51,15.52,15.98,15.07
2016-03-14,15.57,16.44,16.59,15.57
2016-03-15,16.36,16.18,16.55,16.18
2016-03-16,16.8,16.85,17.28,16.45
2016-03-17,16.85,17.25,17.38,16.52
2016-03-18,17.25,17.8,18.18,17.18
2016-03-21,17.94,18.6,18.97,17.76
2016-03-22,18.3,18.57,19.14,18.1
2016-03-23,18.49,18.3,19.08,18.07
2016-03-24,18.3,18.24,18.81,17.87
2016-03-25,18.0,18.25,18.37,17.9
2016-03-28,18.38,18.28,19.07,18.1
2016-03-29,18.28,17.8,18.38,17.54
2016-03-30,17.91,18.61,18.7,17.91
2016-03-31,18.7,19.12,19.3,18.4
2016-04-01,19.13,19.1,19.32,18.35
2016-04-05,19.13,19.48,19.55,18.6
2016-04-06,19.25,19.45,19.96,19.15
2016-04-07,19.45,19.25,19.72,18.8
2016-04-08,19.2,19.49,19.95,18.88
2016-04-11,19.76,20.95,20.95,19.68
2016-04-12,20.8,20.99,21.29,20.51
2016-04-13,21.02,21.0,21.26,20.8
2016-04-14,21.0,21.59,22.2,20.9
2016-04-15,21.25,21.3,21.67,21.0
2016-04-18,21.05,21.82,22.39,20.22
2016-04-19,21.83,23.01,23.04,21.6
2016-04-20,23.01,22.08,23.4,21.0
2016-04-21,21.6,21.82,22.49,21.0
2016-04-22,21.75,21.65,21.98,21.2
2016-04-25,21.79,21.86,22.0,20.63
2016-04-26,21.61,22.85,22.97,21.61
2016-04-27,23.09,23.9,24.44,22.92
2016-04-28,23.87,24.0,24.87,23.4
2016-04-29,23.52,24.2,24.39,23.52
2016-05-03,24.26,24.26,24.7,23.7
2016-05-04,23.94,23.14,24.3,23.11
2016-05-05,22.94,24.45,24.45,22.85
2016-05-06,24.5,23.45,24.58,23.37
2016-05-09,23.0,21.11,23.39,21.11
2016-05-10,21.07,21.12,21.4,20.11
2016-05-11,21.35,20.47,21.97,20.47
2016-05-12,19.8,19.38,19.8,18.85
2016-05-13,19.42,19.96,21.18,19.37
2016-05-16,20.1,21.5,21.5,20.0
2016-05-17,21.64,21.3,21.9,21.2
2016-05-18,21.38,20.78,21.45,20.3
2016-05-19,21.35,21.08,21.77,20.96
2016-05-20,20.45,20.9,21.07,20.36
2016-05-23,20.89,21.33,22.22,20.55
2016-05-24,21.01,21.38,21.56,20.87
2016-05-25,21.6,21.39,21.79,21.16
2016-05-26,21.23,21.54,21.65,20.89
2016-05-27,21.48,21.56,21.66,21.39
2016-05-30,21.31,21.9,21.99,20.91
2016-05-31,21.91,23.14,23.38,21.8
2016-06-01,23.03,22.97,24.66,22.71
2016-06-02,22.89,22.73,23.16,22.25
2016-06-03,22.5,22.56,22.85,22.3
2016-06-06,22.57,23.0,23.08,22.32
2016-06-07,23.0,22.6,23.0,22.4
2016-06-08,22.46,22.76,22.98,21.36
2016-06-13,22.79,22.4,23.18,22.39
2016-06-14,22.5,22.05,22.89,21.36
2016-06-15,21.51,22.88,23.0,21.45
2016-06-16,22.8,22.14,22.99,22.01
2016-06-17,22.42,22.37,22.75,22.13
2016-06-20,22.33,21.66,22.41,21.5
2016-06-21,19.5,19.78,20.86,19.5
2016-06-22,19.6,21.16,21.68,18.59
2016-06-23,20.93,20.85,21.07,20.32
2016-06-24,20.11,20.14,20.93,19.65
2016-06-27,20.13,20.61,20.73,19.91
2016-06-28,20.61,20.63,20.95,20.3
2016-06-29,20.53,22.32,22.52,20.35
2016-06-30,22.55,22.0,23.01,22.0
2016-07-01,22.2,21.74,22.25,21.03
2016-07-04,21.27,22.99,23.11,21.25
2016-07-05,22.88,22.6,22.98,22.25
2016-07-06,22.39,21.85,22.4,21.57
2016-07-07,21.79,20.89,21.79,20.7
2016-07-08,20.96,21.29,21.5,20.89
2016-07-11,21.29,21.19,21.34,20.8
2016-07-12,21.05,20.84,21.19,20.33
2016-07-13,20.83,21.55,21.78,20.55
2016-07-14,21.58,21.58,21.7,20.9
2016-07-15,21.57,21.59,21.85,20.57
2016-07-18,21.19,20.24,21.2,20.15
2016-07-19,20.2,20.25,20.45,19.99
2016-07-20,20.45,20.88,21.98,20.12
2016-07-21,20.7,20.2,20.9,20.19
2016-07-22,20.3,20.4,20.89,20.16
2016-07-25,20.19,20.24,20.67,20.15
2016-07-26,20.32,20.45,20.56,20.2
2016-07-27,20.52,19.18,20.52,19.01
2016-07-28,19.18,19.17,19.44,18.98
2016-07-29,19.2,19.2,19.36,19.0
2016-08-01,19.1,19.1,19.38,18.55
2016-08-02,19.0,19.09,19.29,18.92
2016-08-03,19.09,19.11,19.24,18.9
2016-08-04,19.12,19.23,19.35,18.99
2016-08-05,19.29,19.26,19.35,19.11
2016-08-08,19.3,19.39,19.49,19.21
2016-08-09,19.3,19.56,19.74,19.21
2016-08-10,19.56,19.39,19.78,19.32
2016-08-11,19.39,19.49,19.53,19.18
2016-08-12,19.3,19.5,19.55,19.3
2016-08-15,19.65,19.91,20.12,19.61
2016-08-16,19.88,20.03,20.13,19.81
2016-08-17,20.03,20.03,20.18,20.0
2016-08-18,20.01,20.09,20.58,19.95
2016-08-19,20.08,20.55,20.76,20.0
2016-08-22,20.57,20.07,20.78,20.05
2016-08-23,20.08,19.87,20.22,19.68
2016-08-24,19.84,20.06,20.22,19.8
2016-08-25,20.22,20.17,20.28,19.2
2016-08-26,20.23,20.16,20.45,20.02
2016-08-29,20.15,20.0,20.36,19.9
2016-08-30,19.93,19.94,20.18,19.9
2016-08-31,19.95,19.69,20.05,19.65
2016-09-01,19.71,19.89,20.3,19.71
2016-09-02,19.9,20.12,20.23,19.86
2016-09-05,20.19,19.94,20.35,19.9
2016-09-06,19.94,20.29,20.37,19.8
2016-09-07,20.28,20.41,20.63,20.26
2016-09-08,20.21,20.62,20.63,20.2
2016-09-09,20.6,20.88,21.18,20.55
2016-09-12,20.59,20.87,21.05,20.2
2016-09-13,20.92,20.78,21.04,20.43
2016-09-14,20.56,20.33,20.7,20.2
2016-09-19,20.39,20.85,20.92,20.12
2016-09-20,20.68,20.85,20.95,20.68
2016-09-21,20.84,20.79,20.87,20.51
2016-09-22,20.86,21.55,21.55,20.75
2016-09-23,21.58,22.08,22.5,21.58
2016-09-26,22.06,21.8,22.44,21.43
2016-09-27,21.8,21.95,22.09,21.47
2016-09-28,21.95,21.61,21.95,21.39
2016-09-29,21.61,21.91,22.1,21.6
2016-09-30,21.97,22.35,22.5,21.61
2016-10-10,22.29,22.5,22.99,22.29
2016-10-11,22.53,22.5,22.65,22.22
2016-10-12,22.46,22.5,22.88,22.27
2016-10-13,22.5,22.29,22.57,22.21
2016-10-14,22.11,22.23,22.39,21.76
2016-10-17,22.11,22.63,23.24,22.11
2016-10-18,22.68,22.69,23.16,22.62
2016-10-19,22.85,22.8,22.95,22.3
2016-10-20,22.76,22.7,22.84,22.6
2016-10-21,22.7,22.78,23.11,22.55
2016-10-24,22.78,22.7,22.8,22.37
2016-10-25,22.85,23.07,23.3,22.62
2016-10-26,23.25,23.13,23.53,22.92
2016-10-27,23.17,23.0,23.5,22.95
2016-10-28,22.81,22.35,23.07,22.0
2016-10-31,22.16,23.07,23.1,22.09
2016-11-01,23.11,23.13,23.7,22.81
2016-11-02,22.95,22.8,23.33,22.6
2016-11-03,22.78,22.75,23.05,22.51
2016-11-04,22.6,22.51,22.94,22.5
2016-11-07,22.56,23.26,23.26,22.5
2016-11-08,23.3,23.59,24.0,23.0
2016-11-09,23.8,23.67,24.15,23.18
2016-11-10,23.94,24.05,24.45,23.7
2016-11-11,24.02,24.05,24.14,23.7
2016-11-14,24.0,24.06,24.86,23.88
2016-11-15,24.09,24.22,24.62,23.89
2016-11-16,24.36,24.16,24.57,23.99
2016-11-17,24.16,24.42,24.48,23.5
2016-11-18,24.33,23.6,24.45,23.55
2016-11-21,22.3,22.49,22.99,22.0
2016-11-22,22.23,22.65,22.9,22.09
2016-11-23,22.63,22.6,22.89,22.09
2016-11-24,22.51,22.19,22.59,22.09
2016-11-25,22.11,21.56,22.3,21.33
2016-11-28,21.52,22.37,22.8,21.36
2016-11-29,22.2,21.94,22.59,21.93
2016-11-30,21.79,22.25,22.49,21.79
2016-12-01,22.14,22.3,22.46,22.13
2016-12-02,22.17,22.53,22.56,22.02
2016-12-05,22.35,21.9,22.99,21.72
2016-12-06,22.22,22.15,22.37,21.8
2016-12-07,22.29,22.35,22.4,21.97
2016-12-08,22.33,22.32,22.53,22.12
2016-12-09,22.29,21.98,22.37,21.95
2016-12-12,21.94,20.61,21.95,20.03
2016-12-13,20.3,20.8,21.18,19.88
2016-12-14,20.82,20.51,20.92,20.46
2016-12-15,20.51,20.42,20.79,20.14
2016-12-16,20.3,20.48,20.58,20.3
2016-12-19,20.45,20.79,20.95,20.15
2016-12-20,20.78,20.9,20.95,20.51
2016-12-21,21.09,21.29,21.32,20.85
2016-12-22,21.36,22.21,22.64,21.22
2016-12-23,22.05,22.45,22.6,21.92
2016-12-26,21.02,21.8,22.38,21.02
2016-12-27,21.8,21.59,21.98,21.38
2016-12-28,21.42,21.37,21.68,21.31
2016-12-29,21.63,21.34,21.73,21.34
2016-12-30,21.35,21.3,21.57,21.19
2017-01-03,21.49,21.28,21.49,21.2
2017-01-04,21.2,21.56,21.56,21.03
2017-01-05,21.59,21.84,22.1,21.56
2017-01-06,21.65,21.65,21.9,21.62
2017-01-09,21.5,21.12,21.76,20.68
2017-01-10,21.02,21.15,21.24,20.9
2017-01-11,21.0,20.75,21.18,20.71
2017-01-12,20.67,20.15,20.87,19.92
2017-01-13,20.16,21.28,21.28,20.12
2017-03-20,20.0,19.15,20.2,19.15
2017-03-21,18.9,19.46,19.99,18.7
2017-03-22,19.23,19.09,19.5,18.85
2017-03-23,19.09,19.2,19.4,18.7
2017-03-24,19.2,19.06,19.23,18.85
2017-03-27,19.0,19.45,19.45,18.9
2017-03-28,19.41,19.3,19.67,19.27
2017-03-29,19.3,19.21,19.36,19.01
2017-03-30,19.23,18.99,19.23,18.89
2017-03-31,18.99,19.4,19.46,18.53
2017-04-05,19.41,19.59,19.65,19.4
2017-04-06,19.05,19.61,19.63,19.05
2017-04-07,19.66,19.68,19.69,19.56
2017-04-10,19.63,19.36,19.63,18.88
2017-04-11,19.08,19.08,19.18,18.66
2017-04-12,19.19,18.87,19.19,18.81
2017-04-13,19.03,19.01,19.05,18.83
2017-04-14,19.07,18.37,19.2,18.01
2017-04-17,18.3,17.39,18.45,17.39
2017-04-18,17.39,17.96,18.06,17.28
2017-04-19,17.68,17.41,18.03,16.6
2017-04-20,17.3,17.99,18.13,16.48
2017-04-21,17.81,17.55,17.88,17.43
2017-04-24,17.54,16.65,17.54,16.52
2017-04-25,16.3,16.99,16.99,16.26
2017-04-26,16.88,16.35,17.1,16.05
2017-04-27,16.28,16.35,16.44,15.22
2017-04-28,16.01,16.39,16.44,15.92
2017-05-02,16.45,16.72,16.8,16.3
2017-05-03,16.88,17.95,18.39,16.85
2017-05-04,17.84,18.0,18.49,17.82
2017-05-05,18.0,17.76,18.09,17.71
2017-05-08,17.69,18.35,18.48,17.69
2017-05-09,18.23,18.71,18.75,18.08
2017-05-10,18.69,18.28,18.79,18.2
2017-05-11,18.28,17.9,18.48,17.5
2017-05-12,17.61,18.89,19.19,17.61
2017-05-15,18.84,19.2,19.29,18.81
2017-05-16,19.14,19.23,19.3,18.97
2017-05-17,19.1,19.15,19.3,19.03
2017-05-18,19.15,19.68,19.9,18.92
2017-05-19,19.69,20.01,20.08,19.5
2017-05-22,19.94,19.98,20.68,19.89
2017-05-23,19.93,19.26,20.27,19.22
2017-05-24,19.26,19.39,19.76,18.8
2017-05-25,19.37,18.92,19.7,18.68
2017-05-26,19.35,19.85,19.96,19.07
2017-05-31,19.84,18.29,20.1,17.87
2017-06-01,18.02,17.2,18.45,17.2
2017-06-02,17.48,17.19,17.48,16.5
2017-06-05,17.28,17.26,17.47,17.03
2017-06-06,17.32,17.21,17.37,17.02
2017-06-07,17.42,18.09,18.09,17.11
2017-06-08,18.1,18.44,18.6,18.09
2017-06-09,18.56,18.18,18.59,18.11
2017-06-12,18.1,17.95,18.19,17.31
2017-06-13,17.64,18.42,18.72,17.64
2017-06-14,18.34,18.38,18.67,18.3
2017-06-15,18.43,18.48,18.52,18.28
2017-06-16,18.55,19.21,20.33,18.33
2017-06-19,19.5,19.06,19.6,18.82
2017-06-20,19.06,19.03,19.3,18.85
2017-06-21,19.04,19.02,19.2,18.8
2017-06-22,19.01,18.77,19.01,18.7
2017-06-23,18.77,18.62,18.94,18.32
2017-06-26,18.9,19.12,19.22,18.6
2017-06-27,19.15,19.53,19.77,18.9
2017-06-28,19.5,19.61,19.77,19.4
2017-06-29,19.61,19.63,19.74,19.38
2017-06-30,19.66,19.58,19.68,19.49
2017-07-03,19.58,19.78,19.9,19.15
2017-07-04,19.77,20.25,20.39,19.51
2017-07-05,20.06,20.4,20.65,20.03
2017-07-06,20.1,21.1,21.1,20.1
2017-07-07,21.09,21.35,21.44,21.0
2017-07-10,21.54,20.91,22.35,20.79
2017-07-11,21.08,21.21,21.5,20.75
2017-07-12,21.02,21.4,21.41,21.02
2017-07-13,21.45,22.32,22.45,21.15
2017-07-14,22.32,22.25,22.69,22.13
2017-07-17,21.97,21.75,22.35,21.38
2017-07-18,21.55,21.93,22.21,21.5
2017-07-19,21.83,22.14,22.26,21.73
2017-07-20,22.15,21.9,22.29,21.87
2017-07-21,21.87,21.7,22.15,21.2
2017-07-24,21.62,21.43,21.96,21.35
2017-07-25,21.5,20.41,21.67,20.38
2017-07-26,20.4,20.62,20.82,19.98
2017-07-27,20.43,21.32,21.39,20.43
2017-07-28,21.5,21.8,21.8,21.32
2017-07-31,21.8,21.37,21.9,21.15
2017-08-01,21.47,21.91,22.03,21.22
2017-08-02,21.91,21.53,21.91,21.35
2017-08-03,21.29,21.05,21.5,20.92
2017-08-04,20.98,21.08,21.29,20.7
2017-08-07,21.0,21.25,21.65,20.93
2017-08-08,21.0,21.2,21.45,21.0
2017-08-09,21.13,21.12,21.3,21.04
2017-08-10,21.2,20.96,21.3,20.95
2017-08-11,20.81,21.15,21.2,20.55
2017-08-14,21.19,21.0,21.19,20.8
2017-08-15,21.0,20.9,21.08,20.81
2017-08-16,20.9,20.61,20.9,20.28
2017-08-17,20.7,20.54,20.9,20.01
2017-08-18,20.13,20.48,20.6,20.13
2017-08-21,20.48,20.69,20.72,20.31
2017-08-22,20.85,20.19,20.85,20.19
2017-08-23,20.21,19.9,20.35,19.5
2017-08-24,19.7,19.81,19.95,19.7
2017-08-25,19.81,20.23,20.4,19.75
2017-08-28,20.5,21.05,21.21,20.36
2017-08-29,21.21,21.64,21.73,21.05
2017-08-30,21.87,21.38,21.87,21.13
2017-08-31,21.56,21.6,22.01,21.23
2017-09-01,21.6,21.37,21.71,21.2
2017-09-04,21.16,21.06,21.64,20.5
2017-09-05,21.06,21.6,21.6,20.91
2017-09-06,21.57,21.71,21.88,21.32
2017-09-07,21.7,21.49,21.86,21.42
2017-09-08,21.69,21.88,21.88,21.22
2017-09-11,22.17,21.75,22.17,21.61
2017-09-12,21.51,21.64,21.97,21.37
2017-09-13,21.41,21.39,21.64,21.26
2017-09-14,21.45,21.3,21.53,21.19
2017-09-15,21.09,21.08,21.38,20.81
2017-09-18,21.06,20.29,21.06,20.1
2017-09-19,20.14,19.97,20.34,19.55
2017-09-20,19.99,19.88,20.01,19.5
2017-09-21,19.6,19.3,19.9,19.3
2017-09-22,19.36,21.03,21.18,19.3
2017-09-25,20.95,19.84,20.99,19.21
2017-09-26,20.0,19.65,20.1,19.31
2017-09-27,19.56,19.91,20.14,19.42
2017-09-28,19.97,19.81,20.14,19.62
2017-09-29,19.64,20.1,20.18,19.55
2017-10-09,20.0,20.27,20.64,20.0
2017-10-10,20.25,20.42,20.55,20.06
2017-10-11,20.59,20.37,20.59,20.22
2017-10-12,19.94,20.13,20.5,19.9
2017-10-13,20.19,20.11,20.19,19.84
2017-10-16,20.16,19.79,20.16,19.54
2017-10-17,19.69,19.73,19.79,19.51
2017-10-18,19.6,19.33,19.7,19.23
2017-10-19,19.03,18.42,19.3,17.9
2017-10-20,18.46,18.7,18.99,18.1
2017-10-23,18.7,17.96,18.94,17.81
2017-10-24,18.06,18.24,18.65,17.99
2017-10-25,18.41,18.11,18.41,17.98
2017-10-26,18.2,18.14,18.27,18.04
2017-10-27,18.3,18.3,18.36,18.01
2017-10-30,18.37,19.1,19.28,18.37
2017-10-31,19.2,19.45,19.66,18.85
2017-11-01,19.44,19.82,20.0,19.44
2017-11-02,19.82,19.84,20.4,19.58
2017-11-03,19.79,19.55,19.85,19.4
2017-11-21,19.4,19.43,19.6,18.12
2017-11-22,19.26,19.76,19.9,18.9
2017-11-23,19.76,19.37,19.93,19.18
2017-11-24,19.18,18.69,19.5,18.49
2017-11-27,18.63,17.95,18.79,17.77
2017-11-28,17.95,18.44,18.58,17.85
2017-11-29,18.53,18.88,18.95,18.2
2017-11-30,18.79,19.0,19.18,18.51
2017-12-01,19.0,19.0,19.19,18.58
2017-12-04,19.0,18.85,19.13,18.55
2017-12-05,18.96,18.35,19.06,17.13
2017-12-06,18.19,17.94,18.5,17.5
2017-12-07,17.98,18.66,19.28,17.77
2017-12-08,18.65,18.76,18.95,18.5
2017-12-11,18.7,18.54,18.71,18.35
2017-12-12,18.48,18.68,18.75,18.17
2017-12-13,18.53,18.35,18.74,18.3
2017-12-14,18.3,18.3,18.49,18.08
2017-12-15,18.11,18.23,18.42,18.02
2017-12-18,18.38,18.43,19.1,18.24
2017-12-19,18.25,18.27,18.34,18.03
2017-12-20,18.27,18.3,18.45,18.21
2017-12-21,18.12,18.37,18.48,18.12
2017-12-22,18.3,18.58,18.58,18.3
2017-12-25,18.5,18.27,18.78,18.15
2017-12-26,18.22,18.24,18.33,18.12
2017-12-27,18.16,18.21,18.37,18.06
2017-12-28,18.0,18.19,18.49,18.0
2017-12-29,18.03,17.93,18.1,17.68
2018-01-02,18.09,17.95,18.09,17.75
2018-01-03,17.71,17.95,18.05,17.71
2018-01-04,18.11,17.92,18.3,17.7
2018-01-05,17.75,17.9,18.03,17.68
2018-01-08,17.76,17.9,18.1,17.6
2018-01-09,17.9,18.14,18.16,17.82
2018-01-10,18.14,18.03,18.2,17.98
2018-01-11,18.17,18.03,18.18,17.7
2018-01-12,17.99,18.04,18.06,17.9
2018-01-15,18.04,17.9,18.04,17.68
2018-01-16,17.72,17.62,17.9,17.51
2018-01-17,17.83,17.7,17.83,17.5
2018-01-18,17.7,17.85,17.88,17.3
2018-01-19,17.61,17.6,17.78,17.5
2018-01-22,17.5,17.3,17.75,16.02
2018-01-23,17.2,17.6,18.0,16.3
2018-01-24,17.17,17.9,17.94,16.88
2018-01-25,17.51,17.7,17.8,17.42
2018-01-26,17.7,17.6,17.72,17.32
2018-01-29,17.24,17.65,17.67,16.0
2018-01-30,17.6,17.63,17.65,17.31
2018-01-31,16.7,17.6,17.6,16.6
2018-02-01,17.55,16.93,17.55,16.36
2018-02-02,16.89,15.24,16.89,15.24
2018-02-22,15.05,16.76,16.76,15.05
2018-02-23,17.16,16.12,17.26,16.12
2018-02-26,16.23,15.84,16.23,15.5
2018-02-27,17.4,17.41,17.42,17.2
2018-02-28,16.33,16.83,17.4,15.67
2018-03-01,16.18,16.21,16.49,15.94
2018-03-02,16.05,15.85,16.32,15.74
2018-03-05,15.53,15.69,15.84,15.5
2018-03-06,15.8,15.75,15.8,15.56
2018-03-07,15.7,15.74,15.9,15.63
2018-03-08,15.66,15.65,15.8,15.5
2018-03-09,15.64,15.81,15.81,15.58
2018-03-12,15.6,15.84,15.84,15.52
2018-03-13,15.88,15.72,15.91,15.65
2018-03-14,15.83,16.01,16.1,15.7
2018-03-15,16.03,15.99,16.33,15.89
2018-03-16,15.97,15.8,16.09,15.8
2018-03-19,15.75,15.64,16.25,15.6
2018-03-20,15.61,15.45,15.75,15.43
2018-03-21,15.54,15.26,15.54,15.26
2018-03-22,15.21,15.42,15.5,15.21
2018-03-23,15.5,15.03,15.5,13.88
2018-03-26,14.2,14.52,14.9,14.2
2018-03-27,14.35,14.84,15.3,14.29
2018-03-28,14.5,14.41,14.65,14.26
2018-03-29,14.46,13.98,14.56,13.98
2018-03-30,13.88,14.27,14.49,13.61
2018-04-02,14.25,14.29,14.38,13.94
2018-04-03,14.17,14.65,15.72,14.01
2018-04-04,14.33,14.0,14.5,13.91
2018-04-09,14.01,13.91,14.62,13.68
2018-04-10,13.8,13.94,14.49,13.75
2018-04-11,13.97,13.71,14.05,13.69
2018-04-12,13.71,13.75,13.86,13.2
2018-04-13,13.7,13.25,13.84,13.22
2018-04-16,13.38,12.3,13.4,11.93
2018-04-17,12.28,11.37,12.39,11.32
2018-04-18,11.39,10.43,11.39,10.23
2018-04-19,10.43,10.43,10.75,10.16
2018-04-20,10.19,10.22,10.65,10.19
2018-04-23,10.22,9.9,10.38,9.75
2018-04-24,9.99,9.95,9.99,9.6
2018-04-25,9.94,10.16,10.49,9.9
2018-04-26,10.16,9.95,10.44,9.95
2018-04-27,10.03,10.27,10.4,9.91
2018-05-02,10.3,10.96,11.22,10.16
2018-05-03,10.76,10.98,11.14,10.76
2018-05-04,10.9,10.61,10.91,10.5
2018-05-07,10.54,10.63,10.72,10.54
2018-05-08,10.65,11.03,11.35,10.54
2018-05-09,10.9,10.8,11.18,10.67
2018-05-10,10.8,11.48,11.65,10.8
2018-05-11,11.54,11.4,11.73,11.25
2018-05-14,11.45,11.69,12.0,11.42
2018-05-15,11.63,12.52,12.86,11.49
2018-05-16,12.4,13.1,13.1,12.11
2018-05-17,13.0,14.41,14.41,12.83
2018-05-18,14.78,14.7,15.27,14.1
2018-05-21,14.69,14.64,14.73,14.01
2018-05-22,14.41,14.4,14.9,14.2
2018-05-23,14.39,13.88,14.47,13.86
2018-05-24,14.13,12.86,14.13,12.6
2018-05-25,13.02,12.88,13.31,12.88
