date,open,close,high,low
2016-01-04,15.723,14.136,15.773,14.136
2016-01-05,13.477,13.747,14.525,12.928
2016-01-06,13.866,14.096,14.116,13.557
2016-01-07,13.677,12.688,13.757,12.688
2016-01-08,13.128,12.559,13.178,11.78
2016-01-11,12.209,11.301,12.439,11.301
2016-01-12,11.371,11.321,11.55,10.951
2016-01-13,11.471,10.772,11.53,10.702
2016-01-14,10.462,11.151,11.211,10.332
2016-01-15,11.061,10.662,11.221,10.582
2016-01-18,10.562,10.911,11.091,10.332
2016-01-19,10.961,11.341,11.411,10.812
2016-01-20,11.381,11.361,11.64,11.201
2016-01-21,11.081,10.872,11.52,10.832
2016-01-22,10.931,11.081,11.181,10.602
2016-01-25,11.201,11.75,11.78,11.091
2016-01-26,11.58,10.812,11.73,10.582
2016-01-27,10.832,10.872,11.131,10.183
2016-01-28,10.732,10.862,11.061,10.482
2016-01-29,10.682,11.351,11.58,10.682
2016-02-01,11.281,11.181,11.431,10.961
2016-02-02,11.111,11.6,11.67,11.111
2016-02-03,11.48,11.68,11.73,11.291
2016-02-04,11.64,11.92,12.03,11.58
2016-02-05,11.98,11.67,12.079,11.63
2016-02-15,11.291,11.75,11.78,11.201
2016-02-16,11.75,12.379,12.429,11.73
2016-02-17,12.289,12.289,12.698,12.179
2016-02-18,12.369,12.229,12.429,12.109
2016-02-19,12.139,12.219,12.329,12.139
2016-02-22,12.559,12.579,12.649,12.329
2016-02-23,12.639,12.898,12.958,12.459
2016-02-24,12.778,12.908,13.018,12.579
2016-02-25,12.778,11.62,12.838,11.62
2016-02-26,11.72,11.341,11.77,11.001
2016-02-29,11.181,10.293,11.261,10.203
2016-03-01,10.382,10.762,10.832,9.963
2016-03-02,10.642,11.311,11.48,10.642
2016-03-03,11.261,11.321,11.451,11.201
2016-03-04,11.261,10.951,11.431,10.692
2016-03-07,10.882,11.241,11.351,10.882
2016-03-08,11.191,11.95,12.079,10.762
2016-03-09,11.63,11.431,11.88,11.381
2016-03-10,11.381,11.421,11.55,11.091
2016-03-11,11.351,11.67,11.82,11.071
2016-03-14,11.79,11.86,12.069,11.64
2016-03-15,11.78,11.55,11.83,11.5
2016-03-16,11.68,11.55,11.86,11.48
2016-03-17,11.5,11.85,11.92,11.451
2016-03-18,11.83,12.179,12.349,11.8
2016-03-21,12.219,12.279,12.379,12.129
2016-03-22,12.229,12.269,12.359,12.129
2016-03-23,12.279,12.229,12.369,12.01
2016-03-24,12.05,12.079,12.209,11.85
2016-03-25,11.93,12.219,12.249,11.92
2016-03-28,12.219,12.339,12.579,12.159
2016-03-29,12.279,11.95,12.349,11.84
2016-03-30,12.069,12.279,12.289,11.94
2016-03-31,12.309,12.229,12.449,12.189
2016-04-01,12.129,12.379,12.409,12.099
2016-04-05,12.479,12.678,12.708,12.339
2016-04-06,12.599,13.008,13.218,12.509
2016-04-07,13.008,12.748,13.008,12.688
2016-04-08,12.688,12.828,12.908,12.559
2016-07-25,14.116,14.116,14.116,14.116
2016-07-26,14.316,13.946,14.625,13.637
2016-07-27,13.777,13.327,13.906,12.928
2016-07-28,13.277,13.307,13.447,13.008
2016-07-29,13.238,12.938,13.597,12.938
2016-08-01,12.678,12.299,12.698,12.069
2016-08-02,12.309,12.479,12.569,12.159
2016-08-03,12.369,12.579,12.658,12.329
2016-08-04,12.559,12.589,12.758,12.399
2016-08-05,12.559,12.479,12.678,12.479
2016-08-08,12.489,12.649,12.649,12.469
2016-08-09,12.639,12.688,12.698,12.589
2016-08-10,12.688,12.459,12.718,12.439
2016-08-11,12.449,12.399,12.509,12.239
2016-08-12,12.379,12.589,12.649,12.339
2016-08-15,12.589,13.208,13.228,12.529
2016-08-16,13.148,13.926,13.996,13.088
2016-08-17,13.817,14.046,14.126,13.597
2016-08-18,13.986,15.434,15.454,13.876
2016-08-19,15.364,15.104,15.364,14.835
2016-08-22,14.795,14.775,14.865,14.306
2016-08-23,14.445,14.685,14.915,14.346
2016-08-24,14.875,14.036,14.915,14.016
2016-08-25,13.976,13.347,13.976,12.988
2016-08-26,13.277,13.307,13.517,13.108
2016-08-29,13.307,13.477,13.537,13.198
2016-08-30,13.477,13.497,13.547,13.327
2016-08-31,13.497,13.487,13.557,13.357
2016-09-01,13.787,13.477,13.936,13.467
2016-09-02,13.277,13.307,13.417,13.208
2016-09-05,13.347,13.427,13.527,13.277
2016-09-06,13.457,13.896,13.906,13.307
2016-09-07,13.916,14.026,14.266,13.787
2016-09-08,13.856,14.076,14.126,13.827
2016-09-09,14.026,14.575,15.124,13.976
2016-09-12,14.306,13.876,14.475,13.856
2016-09-13,14.066,14.106,14.176,13.876
2016-09-14,14.066,14.016,14.256,13.717
2016-09-19,13.966,14.465,14.835,13.936
2016-09-20,14.286,14.316,14.575,14.196
2016-09-21,14.336,14.815,15.074,14.306
2016-09-22,16.292,16.292,16.292,16.153
2016-09-23,16.762,16.821,17.46,14.705
2016-09-26,16.612,15.763,16.732,15.753
2016-09-27,15.474,15.424,15.753,15.074
2016-09-28,15.304,15.554,15.953,15.284
2016-09-29,15.404,15.564,15.773,15.204
2016-09-30,15.374,15.444,15.693,15.294
2016-10-10,15.474,15.294,15.574,14.795
2016-10-11,15.294,16.173,16.272,15.094
2016-10-12,15.923,16.492,17.101,15.683
2016-10-13,16.272,16.182,16.871,16.043
2016-10-14,16.153,16.302,16.622,15.783
2016-10-17,15.683,15.753,16.093,15.384
2016-10-18,15.673,15.813,15.823,15.424
2016-10-19,15.783,16.302,16.352,15.633
2016-10-20,16.292,15.903,16.292,15.873
2016-10-21,15.963,15.693,16.103,15.154
2016-10-24,15.564,15.534,15.713,15.284
2016-10-25,15.534,15.574,15.763,15.434
2016-10-26,15.554,15.623,15.763,15.424
2016-10-27,15.584,15.474,15.643,15.054
2016-10-28,15.334,15.094,15.564,15.074
2016-10-31,15.034,15.354,15.504,14.805
2016-11-01,15.284,15.444,15.574,15.204
2016-11-02,15.434,14.945,15.554,14.935
2016-11-03,14.955,15.174,15.394,14.825
2016-11-04,15.124,15.134,15.324,15.084
2016-11-07,15.154,15.284,15.414,15.134
2016-11-08,15.384,15.374,15.434,15.264
2016-11-09,15.374,15.434,15.613,15.214
2016-11-10,15.593,15.773,15.843,15.474
2016-11-11,15.793,15.633,16.073,15.474
2016-11-14,15.673,15.643,15.793,15.414
2016-11-15,15.584,15.833,15.873,15.474
2016-11-16,15.903,15.643,15.923,15.623
2016-11-17,15.643,15.514,15.783,15.304
2016-11-18,15.514,15.504,15.623,15.404
2016-11-21,15.504,15.524,15.723,15.444
2016-11-22,15.494,15.534,15.603,15.414
2016-11-23,15.564,15.554,15.723,15.474
2016-11-24,15.504,15.244,15.603,15.184
2016-11-25,15.284,14.925,15.284,14.575
2016-11-28,15.014,14.935,15.044,14.855
2016-11-29,14.905,14.406,14.995,14.386
2016-11-30,14.396,14.435,14.495,14.196
2016-12-01,14.475,14.505,14.735,14.406
2016-12-02,14.535,14.196,14.635,13.976
2016-12-05,13.976,13.996,14.186,13.906
2016-12-06,14.106,14.336,14.595,14.026
2016-12-07,14.396,14.685,14.775,14.286
2016-12-08,14.675,14.356,14.745,14.316
2016-12-09,14.406,14.376,14.565,14.306
2016-12-12,14.356,13.377,14.455,13.377
2016-12-13,13.377,13.427,13.487,13.287
2016-12-14,13.417,13.497,13.657,13.347
2016-12-15,13.477,13.637,13.757,13.377
2016-12-16,13.637,13.906,14.026,13.597
2016-12-19,13.817,14.216,14.316,13.817
2016-12-20,14.216,14.176,14.435,14.006
2016-12-21,14.176,14.286,14.396,14.176
2016-12-22,14.236,14.206,14.416,14.106
2016-12-23,14.206,13.747,14.306,13.637
2016-12-26,13.777,13.946,13.976,13.527
2016-12-27,13.936,14.835,15.144,13.926
2016-12-28,14.785,14.575,14.815,14.416
2016-12-29,14.555,15.264,15.743,14.316
2016-12-30,14.875,14.865,15.574,14.755
2017-01-03,14.745,15.094,15.094,14.396
2017-01-04,14.975,15.094,15.254,14.835
2017-01-05,15.244,15.084,15.244,14.965
2017-01-06,15.024,14.815,15.074,14.775
2017-01-09,14.755,14.915,14.945,14.485
2017-01-10,14.805,14.985,15.134,14.755
2017-01-11,14.995,14.705,15.264,14.685
2017-01-12,14.745,14.795,15.094,14.705
2017-01-13,14.715,14.276,14.925,14.096
2017-01-16,14.266,13.327,14.266,12.848
2017-01-17,13.267,13.347,13.477,12.978
2017-01-18,13.347,13.327,13.517,13.257
2017-01-19,13.277,13.277,13.437,13.038
2017-01-20,13.277,13.527,13.627,13.208
2017-01-23,13.587,13.836,13.886,13.537
2017-01-24,13.737,13.717,13.797,13.587
2017-01-25,13.717,13.836,14.056,13.637
2017-01-26,13.807,14.136,14.156,13.807
2017-02-03,14.156,13.956,14.226,13.936
2017-02-06,13.946,14.026,14.136,13.777
2017-02-07,14.026,13.946,14.046,13.767
2017-02-08,13.916,14.046,14.076,13.797
2017-02-09,14.026,14.136,14.216,14.006
2017-02-10,14.126,14.416,14.775,14.086
2017-02-13,14.296,14.386,14.575,14.226
2017-02-14,14.346,14.146,14.475,14.076
2017-02-15,14.136,14.006,14.356,13.976
2017-02-16,13.976,14.156,14.306,13.936
2017-02-17,14.166,14.036,14.176,13.896
2017-02-20,14.116,14.066,14.116,13.836
2017-02-21,14.066,14.156,14.196,13.916
2017-02-22,14.146,14.086,14.256,13.906
2017-02-23,14.086,14.296,14.435,14.016
2017-02-24,14.236,14.485,14.485,14.106
2017-02-27,14.445,14.425,14.575,14.386
2017-02-28,14.425,14.356,14.485,14.226
2017-03-01,14.296,14.435,14.625,14.216
2017-03-02,14.336,14.266,14.525,14.216
2017-03-03,14.196,14.076,14.256,13.976
2017-03-06,14.086,14.166,14.196,14.006
2017-03-07,14.226,14.036,14.226,14.006
2017-03-08,14.046,14.046,14.176,13.966
2017-03-09,14.006,13.627,14.076,13.577
2017-03-10,13.677,13.767,13.827,13.637
2017-03-13,13.757,13.697,13.767,13.497
2017-03-14,13.707,13.817,13.836,13.677
2017-03-15,13.777,13.667,13.827,13.617
2017-03-16,13.737,14.006,14.006,13.717
2017-03-17,14.046,13.996,14.336,13.936
2017-03-20,13.996,14.236,14.326,13.986
2017-03-21,14.246,14.166,14.326,14.086
2017-03-22,14.176,14.376,14.555,14.136
2017-03-23,14.326,14.425,14.505,14.036
2017-03-24,14.376,14.326,14.545,14.176
2017-03-27,14.326,14.605,14.985,14.166
2017-03-28,14.595,14.665,14.975,14.465
2017-03-29,14.575,14.995,16.133,14.386
2017-03-30,14.895,14.875,15.334,14.775
2017-03-31,14.775,14.326,14.905,14.186
2017-04-05,14.336,14.945,15.054,14.226
2017-04-06,14.915,14.745,14.955,14.665
2017-04-07,14.775,14.475,14.775,14.416
2017-04-10,14.435,14.036,14.635,13.976
2017-04-11,13.976,14.216,14.216,13.777
2017-04-12,14.116,14.216,14.525,14.006
2017-04-13,14.036,14.066,14.276,14.036
2017-04-14,14.016,13.677,14.076,13.657
2017-04-17,13.617,13.797,14.106,13.537
2017-04-18,13.687,13.477,13.906,13.477
2017-04-19,13.397,12.988,13.397,12.159
2017-04-20,12.978,13.008,13.277,12.918
2017-04-21,13.018,12.828,13.128,12.788
2017-04-24,12.828,12.339,12.828,12.239
2017-04-25,12.339,12.559,12.748,12.339
2017-04-26,12.559,12.529,12.978,12.409
2017-04-27,12.289,12.409,12.559,11.86
2017-04-28,12.339,12.389,12.559,12.169
2017-05-02,12.389,12.419,12.479,12.199
2017-05-03,12.409,12.199,12.419,11.96
2017-05-04,12.06,12.079,12.279,12.04
2017-05-05,12.109,11.98,12.119,11.93
2017-05-08,11.91,11.6,12.03,11.5
2017-05-09,11.61,11.62,11.7,11.241
2017-05-10,11.58,11.331,11.79,11.321
2017-05-11,11.181,10.921,11.321,10.482
2017-05-12,10.882,10.742,10.921,10.642
2017-05-15,10.882,11.301,11.48,10.882
2017-05-16,11.191,11.75,11.89,11.181
2017-05-17,11.67,11.67,11.88,11.51
2017-05-18,11.66,11.441,11.66,11.341
2017-05-19,11.52,11.431,11.52,11.391
2017-07-24,10.71,10.69,11.18,10.31
2017-07-25,10.58,10.42,10.65,10.28
2017-07-26,10.42,10.55,10.67,10.37
2017-07-27,10.51,10.6,10.7,10.46
2017-07-28,10.6,10.8,10.93,10.6
2017-07-31,10.74,10.8,10.84,10.64
2017-08-01,10.77,10.84,10.86,10.63
2017-08-02,10.8,10.75,10.83,10.7
2017-08-03,10.69,10.7,10.75,10.63
2017-08-04,10.67,10.58,10.76,10.58
2017-08-07,10.54,10.58,10.64,10.48
2017-08-08,10.58,10.73,10.77,10.53
2017-08-09,10.66,10.79,10.83,10.66
2017-08-10,10.81,10.61,10.81,10.58
2017-08-11,10.58,10.67,10.76,10.49
2017-08-14,10.63,10.88,10.9,10.62
2017-08-15,10.84,10.82,10.97,10.71
2017-08-16,10.81,11.2,11.39,10.75
2017-08-17,11.12,11.18,11.28,11.12
2017-08-18,11.2,11.58,11.68,11.06
2017-08-21,11.47,11.78,11.85,11.47
2017-08-22,11.73,11.63,11.8,11.6
2017-08-23,11.61,11.35,11.68,11.27
2017-08-24,11.3,11.12,11.36,11.0
2017-08-25,11.12,11.3,11.3,11.1
2017-08-28,11.29,11.53,11.61,11.23
2017-08-29,11.51,11.6,11.73,11.36
2017-08-30,11.53,11.52,11.65,11.47
2017-08-31,11.57,11.53,11.63,11.49
2017-09-01,11.54,11.57,11.58,11.42
2017-09-04,11.51,12.24,12.38,11.48
2017-09-05,12.19,12.03,12.22,11.96
2017-09-06,12.0,12.08,12.15,11.9
2017-09-07,12.0,11.99,12.18,11.98
2017-09-08,12.01,12.11,12.28,12.01
2017-09-11,12.12,12.24,12.33,12.12
2017-09-12,12.24,12.59,12.74,12.18
2017-09-13,12.58,12.69,12.85,12.51
2017-09-14,12.65,13.3,13.31,12.63
2017-09-15,13.28,13.15,13.28,13.02
2017-09-18,13.12,13.18,13.39,13.03
2017-09-19,13.12,13.12,13.31,13.08
2017-09-20,13.18,13.04,13.18,12.84
2017-09-21,12.98,12.89,13.1,12.85
2017-09-22,12.9,13.07,13.07,12.8
2017-09-25,13.07,13.0,13.17,12.9
2017-09-26,13.02,13.27,13.27,13.01
2017-09-27,13.2,13.48,13.57,13.18
2017-09-28,13.49,13.53,13.6,13.21
2017-09-29,13.53,13.36,13.96,13.31
2017-10-09,13.35,13.27,13.49,12.83
2017-10-10,13.27,13.23,13.3,13.15
2017-10-11,13.22,13.4,13.44,13.18
2017-10-12,13.33,13.58,13.66,13.33
2017-10-13,13.41,13.32,13.5,13.23
2017-10-16,13.3,13.25,13.43,13.19
2017-10-17,13.21,13.29,13.34,13.2
2017-10-18,13.25,13.35,13.54,13.25
2017-10-19,13.3,13.0,13.48,12.66
2017-10-20,12.89,12.84,13.0,12.53
2017-10-23,12.98,13.22,13.26,12.81
2017-10-24,13.2,13.28,13.3,13.08
2017-10-25,13.27,13.33,13.34,13.19
2017-10-26,13.28,13.36,13.42,13.2
2017-10-27,13.4,13.37,13.42,13.31
2017-10-30,13.32,13.5,13.58,13.06
2017-10-31,13.51,13.51,13.65,13.41
2017-11-01,13.48,13.55,13.59,13.4
2017-11-02,13.6,13.57,13.64,13.41
2017-11-03,13.51,13.8,13.8,13.28
2017-11-06,13.81,13.77,14.1,13.65
2017-11-07,13.71,13.55,13.83,13.35
2017-11-08,13.5,13.6,13.67,13.5
2017-11-09,13.55,13.59,13.65,13.52
2017-11-10,13.5,13.62,13.62,13.4
2017-11-13,13.62,13.49,13.63,13.4
2017-11-14,13.48,13.6,13.66,13.1
2017-11-15,13.6,13.64,13.75,13.51
2017-11-16,13.64,13.61,13.82,13.61
2017-11-17,13.5,13.18,13.64,13.18
2017-11-20,13.09,13.39,13.43,11.91
2017-11-21,13.37,13.12,13.52,13.11
2017-11-22,13.07,12.95,13.19,12.91
2017-11-23,12.99,12.7,13.0,12.6
2017-11-24,12.74,12.72,12.77,12.6
2017-11-27,12.7,12.72,12.78,12.64
2017-11-28,12.82,12.74,12.82,12.6
2017-11-29,12.7,12.67,12.74,12.51
2017-11-30,12.63,12.91,13.5,12.5
2017-12-01,12.91,12.99,13.1,12.72
2017-12-04,12.99,13.01,13.08,12.96
2017-12-05,12.97,12.95,13.08,12.86
2017-12-06,13.0,13.28,13.38,12.87
2017-12-07,13.32,13.09,13.35,13.04
2017-12-08,13.09,13.24,13.24,13.02
2017-12-11,13.24,13.11,13.24,13.07
2017-12-12,13.23,13.03,13.23,13.0
2017-12-13,13.0,12.94,13.09,12.92
2017-12-14,12.94,12.7,12.99,12.61
2017-12-15,12.63,12.6,12.75,12.5
2017-12-18,12.6,12.57,12.68,12.56
2017-12-19,12.57,12.57,12.66,12.5
2017-12-20,12.57,12.63,12.7,12.5
2017-12-21,12.6,12.74,12.77,12.52
2017-12-22,12.73,12.66,12.78,12.65
2017-12-25,12.66,12.09,12.66,11.85
2017-12-26,12.0,12.04,12.09,11.52
2017-12-27,11.92,11.9,11.97,11.71
2017-12-28,11.9,11.7,11.95,11.7
2017-12-29,11.7,11.72,11.91,11.5
2018-01-02,11.72,11.81,11.87,11.68
2018-01-03,11.82,11.84,11.93,11.75
2018-01-04,11.82,11.9,11.95,11.71
2018-01-05,11.86,11.9,12.19,11.8
2018-01-08,11.94,11.98,12.11,11.91
2018-01-09,11.98,11.9,12.05,11.88
2018-01-10,11.9,11.87,11.96,11.65
2018-01-11,11.75,11.59,11.85,11.3
2018-01-12,11.58,11.49,11.76,11.41
2018-01-15,11.45,10.34,11.45,10.34
2018-01-16,10.33,10.98,11.03,10.16
2018-01-17,10.88,11.2,11.32,10.72
2018-01-18,11.16,11.18,11.22,11.01
2018-01-19,11.01,11.05,11.21,10.98
2018-01-22,11.18,11.25,11.28,11.08
2018-01-23,11.25,11.6,11.66,11.25
2018-01-24,11.56,11.59,11.68,11.45
2018-01-25,11.59,11.63,11.8,11.49
2018-01-26,11.62,11.66,11.66,11.5
2018-01-29,11.66,11.54,11.66,11.53
2018-01-30,11.55,11.63,11.65,11.5
2018-01-31,11.66,11.64,11.67,11.35
2018-02-01,11.61,11.44,11.61,11.16
2018-02-02,11.47,11.46,11.47,11.11
2018-02-05,11.46,11.35,11.47,11.22
2018-02-06,11.17,11.0,11.21,10.86
2018-02-07,11.15,10.56,11.18,10.41
2018-02-08,10.56,10.46,10.73,10.33
2018-02-09,10.3,9.41,10.41,9.41
2018-02-12,9.36,10.0,10.0,8.8
2018-02-13,10.08,9.87,10.08,9.68
2018-02-14,9.82,9.85,10.03,9.52
2018-02-22,9.99,9.98,10.1,9.9
2018-02-23,9.98,9.91,10.0,9.84
2018-02-26,9.91,10.03,10.1,9.86
2018-02-27,10.07,9.93,10.1,9.88
2018-02-28,9.88,10.02,10.12,9.8
2018-03-01,10.01,10.11,10.18,9.95
2018-03-02,10.1,10.1,10.27,10.03
2018-03-05,10.1,10.15,10.2,10.1
2018-03-06,10.23,10.08,10.38,9.95
2018-03-07,10.09,10.0,10.28,9.96
2018-03-08,10.0,9.92,10.0,9.88
2018-03-09,9.95,10.11,10.11,9.91
2018-03-12,10.15,10.11,10.17,9.98
2018-03-13,10.09,10.05,10.11,10.01
2018-03-14,10.05,10.14,10.22,10.0
2018-03-15,10.14,9.89,10.14,9.66
2018-03-16,9.94,9.76,9.96,9.76
2018-03-19,9.76,10.03,10.12,9.63
2018-03-20,9.98,10.25,10.34,9.88
2018-03-21,10.2,10.71,10.79,10.12
2018-03-22,10.65,10.52,10.67,10.43
2018-03-23,10.42,10.08,10.64,9.64
2018-03-26,10.0,9.84,10.0,9.12
2018-03-27,9.85,9.84,10.17,9.79
2018-03-28,9.69,9.78,9.98,9.59
2018-03-29,9.77,9.81,9.89,9.72
2018-03-30,9.82,9.92,9.94,9.82
2018-04-02,9.9,10.0,10.05,9.89
2018-04-03,9.91,10.14,10.24,9.81
2018-04-04,10.06,10.13,10.19,9.96
2018-04-09,10.09,9.98,10.1,9.86
2018-04-10,9.95,9.97,10.02,9.84
2018-04-11,10.0,9.97,10.05,9.93
2018-04-12,10.0,9.9,10.01,9.89
2018-04-13,9.87,9.92,9.95,9.87
2018-04-16,9.9,9.64,9.9,9.58
2018-04-17,9.7,9.63,9.75,9.52
2018-04-18,9.7,9.59,9.7,9.32
2018-04-19,9.6,9.66,9.69,9.56
2018-04-20,9.66,9.65,9.68,9.53
2018-04-23,9.6,9.73,9.74,9.6
2018-04-24,10.18,9.93,10.18,9.88
2018-04-25,9.82,9.82,9.97,9.8
2018-04-26,9.83,9.58,9.9,9.46
2018-04-27,9.58,9.62,9.73,9.51
2018-05-02,9.61,9.54,9.69,9.48
2018-05-03,9.55,9.6,9.65,9.45
2018-05-04,9.52,9.54,9.59,9.48
2018-05-07,9.51,9.58,9.58,9.48
2018-05-08,9.55,9.56,9.57,9.5
2018-05-09,9.58,9.56,9.58,9.52
2018-05-10,9.58,9.57,9.59,9.49
2018-05-11,9.58,9.73,10.29,9.5
2018-05-14,9.72,9.5,9.72,9.49
2018-05-15,9.51,9.54,9.69,9.36
2018-05-16,9.52,9.53,9.58,9.47
2018-05-17,9.55,9.46,9.57,9.46
2018-05-18,9.47,9.48,9.53,9.42
2018-05-21,9.52,9.53,9.56,9.48
2018-05-22,8.65,9.43,9.59,8.65
2018-05-23,9.33,9.17,9.38,9.17
2018-05-24,9.23,9.18,9.28,9.13
2018-05-25,9.21,8.95,9.26,8.95
