date,open,close,high,low
2016-01-04,22.003,19.825,22.003,19.825
2016-01-05,17.914,19.411,19.855,17.914
2016-01-06,19.382,19.668,19.697,19.214
2016-01-07,19.392,17.766,19.392,17.717
2016-01-08,18.426,17.648,18.702,16.761
2016-01-11,17.539,16.968,17.914,16.85
2016-01-12,17.047,16.948,17.392,16.721
2016-01-13,17.204,15.667,17.204,15.303
2016-01-14,15.45,16.268,16.347,15.381
2016-01-15,16.367,15.066,16.367,14.642
2016-04-18,16.574,16.574,16.574,16.574
2016-04-19,17.342,18.229,18.229,16.574
2016-04-20,17.687,17.342,18.18,16.662
2016-04-21,17.224,16.938,17.559,16.761
2016-04-22,16.781,16.455,17.135,16.268
2016-04-25,16.455,16.061,16.544,15.923
2016-04-26,16.111,16.495,16.505,15.992
2016-04-27,16.505,16.081,16.603,15.943
2016-04-28,16.061,15.894,16.229,15.46
2016-04-29,15.943,16.613,17.234,15.697
2016-05-03,16.761,17.027,17.204,16.377
2016-05-04,16.948,16.761,16.948,16.662
2016-05-05,16.82,16.899,17.116,16.751
2016-05-06,16.909,15.874,16.988,15.766
2016-05-09,15.647,14.938,15.647,14.81
2016-05-10,14.938,15.037,15.214,14.879
2016-05-11,15.174,15.056,15.253,14.869
2016-05-12,14.839,15.48,15.569,14.564
2016-05-13,15.48,15.49,15.647,15.352
2016-05-16,15.5,15.628,15.628,15.352
2016-05-17,15.628,15.431,15.697,15.381
2016-05-18,15.322,14.79,15.322,14.682
2016-05-19,14.761,14.899,15.105,14.731
2016-05-20,14.899,15.204,15.273,14.78
2016-05-23,15.234,15.431,15.539,15.174
2016-05-24,15.362,15.155,15.391,15.056
2016-05-25,15.273,15.194,15.352,15.076
2016-05-26,15.155,15.135,15.293,14.859
2016-05-27,15.174,15.155,15.322,15.037
2016-05-30,15.125,15.135,15.243,14.879
2016-05-31,15.243,15.943,16.051,15.086
2016-06-01,15.943,15.815,16.032,15.776
2016-06-02,15.815,16.554,16.712,15.766
2016-06-03,16.564,16.751,16.948,16.258
2016-06-06,16.702,16.593,16.741,16.268
2016-06-07,16.633,16.465,16.643,16.071
2016-06-08,16.672,16.869,17.313,16.672
2016-06-13,16.308,15.588,16.682,15.588
2016-06-14,15.49,16.091,16.436,15.421
2016-06-15,15.815,16.633,16.652,15.766
2016-06-16,16.741,16.357,16.8,16.327
2016-06-17,16.485,16.377,16.643,16.229
2016-06-20,16.426,16.13,16.485,15.992
2016-06-21,16.268,15.923,16.337,15.825
2016-06-22,15.913,16.101,16.14,15.795
2016-06-23,16.111,15.963,16.199,15.884
2016-06-24,15.963,15.578,16.071,14.879
2016-06-27,15.372,15.904,15.943,15.273
2016-06-28,15.884,15.982,16.012,15.667
2016-06-29,16.111,16.574,16.682,16.101
2016-06-30,16.584,16.455,16.603,16.308
2016-07-01,16.475,16.465,16.751,16.278
2016-07-04,16.486,16.674,16.754,16.237
2016-07-05,16.625,16.734,16.834,16.476
2016-07-06,16.665,16.615,16.704,16.535
2016-07-07,16.655,16.515,16.655,16.317
2016-07-08,16.505,16.535,16.665,16.336
2016-07-11,16.545,16.436,16.595,16.386
2016-07-12,16.406,16.704,16.744,16.396
2016-07-13,16.794,17.102,17.251,16.655
2016-07-14,17.102,17.4,17.549,16.973
2016-07-15,17.629,17.082,17.689,17.052
2016-07-18,17.092,16.903,17.201,16.834
2016-07-19,16.824,16.993,17.022,16.784
2016-07-20,17.042,16.993,17.072,16.903
2016-07-21,16.953,16.893,17.112,16.834
2016-07-22,16.893,16.734,16.903,16.724
2016-07-25,16.764,16.774,16.863,16.694
2016-07-26,16.824,17.003,17.042,16.814
2016-07-27,17.042,16.058,17.092,15.919
2016-07-28,16.058,16.207,16.287,15.919
2016-07-29,16.277,16.157,16.356,16.108
2016-08-01,16.058,16.048,16.138,15.65
2016-08-02,15.988,16.098,16.138,15.988
2016-08-03,16.058,16.038,16.128,15.978
2016-08-04,16.068,16.048,16.068,15.859
2016-08-05,16.058,15.949,16.088,15.909
2016-08-08,16.088,16.406,16.476,16.058
2016-08-09,16.267,16.476,16.555,16.267
2016-08-10,16.426,16.307,16.545,16.297
2016-08-11,16.307,15.998,16.386,15.988
2016-08-12,16.038,16.197,16.227,15.969
2016-08-15,16.187,16.535,16.555,16.088
2016-08-16,16.515,16.595,16.694,16.515
2016-08-17,16.595,16.575,16.684,16.505
2016-08-18,16.575,16.595,16.674,16.476
2016-08-19,16.625,16.853,16.853,16.545
2016-08-22,16.873,16.486,17.003,16.486
2016-08-23,16.466,16.476,16.605,16.386
2016-08-24,16.545,16.883,16.943,16.476
2016-08-25,16.784,17.032,17.072,16.585
2016-08-26,17.082,16.923,17.182,16.873
2016-08-29,17.003,16.893,17.003,16.635
2016-08-30,16.903,16.834,16.943,16.734
2016-08-31,16.694,16.247,16.694,16.018
2016-09-01,16.257,16.088,16.287,16.068
2016-09-02,16.088,16.108,16.227,15.978
2016-09-05,16.267,16.386,16.495,16.257
2016-09-06,16.317,16.476,16.545,16.187
2016-09-07,16.486,16.426,16.615,16.406
2016-09-08,16.426,16.466,16.505,16.376
2016-09-09,16.495,16.505,16.704,16.376
2016-09-12,16.336,16.018,16.336,15.988
2016-09-13,16.187,16.108,16.187,15.978
2016-09-14,15.929,16.098,16.128,15.929
2016-09-19,16.078,16.157,16.277,16.078
2016-09-20,16.167,16.058,16.177,16.018
2016-09-21,16.118,16.008,16.118,15.949
2016-09-22,16.038,16.048,16.108,16.018
2016-09-23,16.277,16.197,16.495,16.177
2016-09-26,16.048,15.77,16.147,15.76
2016-09-27,15.78,15.79,15.829,15.591
2016-09-28,15.77,15.72,15.829,15.68
2016-09-29,15.78,15.77,15.909,15.71
2016-09-30,15.76,15.69,15.809,15.561
2016-10-10,15.74,15.949,16.018,15.73
2016-10-11,15.969,16.018,16.157,15.909
2016-10-12,15.988,15.978,16.038,15.889
2016-10-13,16.098,16.038,16.098,15.969
2016-10-14,16.008,15.988,16.038,15.859
2016-10-17,15.998,15.978,16.088,15.889
2016-10-18,15.969,16.138,16.157,15.929
2016-10-19,16.118,16.157,16.197,16.068
2016-10-20,16.167,16.078,16.177,16.018
2016-10-21,16.088,15.939,16.118,15.839
2016-10-24,15.929,16.167,16.187,15.919
2016-10-25,16.167,16.078,16.197,16.058
2016-10-26,16.068,16.317,16.446,16.058
2016-10-27,16.307,16.336,16.406,16.197
2016-10-28,16.307,16.078,16.346,16.078
2016-10-31,16.008,16.297,16.366,15.939
2016-11-01,16.356,16.416,16.426,16.237
2016-11-02,16.336,16.317,16.386,16.167
2016-11-03,16.257,16.495,16.774,16.187
2016-11-04,16.495,16.446,16.635,16.356
2016-11-07,16.486,16.565,16.744,16.406
2016-11-08,16.585,17.132,17.271,16.585
2016-11-09,17.172,16.883,17.251,16.704
2016-11-10,17.013,17.072,17.221,16.983
2016-11-11,17.132,17.132,17.251,17.013
2016-11-14,17.082,16.764,17.122,16.585
2016-11-15,16.794,17.45,17.45,16.784
2016-11-16,17.46,17.689,18.206,17.46
2016-11-17,17.629,17.758,17.987,17.549
2016-11-18,17.699,18.116,18.245,17.679
2016-11-21,18.136,18.842,19.389,18.136
2016-11-22,18.862,18.892,19.071,18.524
2016-11-23,18.941,18.574,18.951,18.434
2016-11-24,18.454,18.862,19.14,18.156
2016-11-25,18.872,18.802,19.14,18.216
2016-11-28,18.743,18.405,18.792,18.355
2016-11-29,18.405,17.838,18.892,17.818
2016-11-30,17.738,18.047,18.196,17.699
2016-12-01,18.066,17.917,18.345,17.848
2016-12-02,17.907,17.211,17.907,16.953
2016-12-05,17.022,17.172,17.37,16.913
2016-12-06,17.132,17.182,17.51,17.132
2016-12-07,17.351,17.42,17.48,17.172
2016-12-08,17.4,17.599,17.758,17.291
2016-12-09,17.579,17.549,17.848,17.4
2016-12-12,17.599,16.993,17.848,16.903
2016-12-13,16.933,16.834,17.022,16.486
2016-12-14,16.883,16.853,17.102,16.744
2016-12-15,16.804,16.903,17.003,16.615
2016-12-16,16.903,17.201,17.201,16.774
2016-12-19,17.261,17.42,17.569,16.993
2016-12-20,17.4,17.331,17.4,17.112
2016-12-21,17.38,17.341,17.48,17.201
2016-12-22,17.599,17.888,18.096,17.599
2016-12-23,17.699,17.301,17.798,17.102
2016-12-26,17.261,17.201,17.261,16.883
2016-12-27,17.251,17.022,17.281,16.993
2016-12-28,17.022,17.251,17.351,17.022
2016-12-29,17.281,17.102,17.291,17.092
2016-12-30,17.201,17.052,17.201,17.022
2017-01-03,17.132,17.291,17.37,17.082
2017-01-04,17.251,17.52,17.549,17.112
2017-01-05,17.5,17.42,17.599,17.321
2017-01-06,17.321,17.261,17.48,17.201
2017-01-09,17.211,17.639,18.037,17.182
2017-01-10,17.51,17.609,17.768,17.51
2017-01-11,17.599,17.251,17.599,17.231
2017-01-12,17.4,17.201,17.49,17.102
2017-01-13,17.251,16.893,17.301,16.714
2017-01-16,16.943,15.929,16.943,15.263
2017-01-17,15.849,16.157,16.227,15.809
2017-01-18,16.157,16.257,16.356,16.048
2017-01-19,16.287,16.237,16.287,16.118
2017-01-20,16.336,16.436,16.456,16.157
2017-01-23,16.436,16.505,16.635,16.436
2017-01-24,16.346,16.406,16.495,16.267
2017-01-25,16.307,16.456,16.476,16.307
2017-01-26,16.456,16.495,16.595,16.446
2017-02-03,16.525,16.217,16.565,16.157
2017-02-06,16.247,16.118,16.297,16.038
2017-02-07,16.118,16.456,16.495,16.118
2017-02-08,16.406,16.376,16.446,16.227
2017-02-09,16.396,16.495,16.625,16.326
2017-02-10,16.515,16.476,16.575,16.426
2017-02-13,16.515,16.555,16.674,16.426
2017-02-14,16.545,16.625,16.674,16.446
2017-02-15,16.615,16.953,17.042,16.585
2017-02-16,16.903,16.953,17.013,16.804
2017-02-17,17.142,16.645,17.142,16.625
2017-02-20,16.655,16.903,16.903,16.645
2017-02-21,16.903,16.953,16.973,16.824
2017-02-22,16.913,17.321,17.43,16.903
2017-02-23,17.231,17.261,17.4,17.162
2017-02-24,17.351,17.112,17.351,16.963
2017-02-27,17.201,16.953,17.201,16.734
2017-02-28,16.943,17.062,17.082,16.784
2017-03-01,16.983,17.032,17.112,16.903
2017-03-02,17.042,16.973,17.052,16.883
2017-03-03,16.903,17.231,17.231,16.814
2017-03-06,17.241,17.47,17.649,17.201
2017-03-07,17.5,17.4,17.549,17.291
2017-03-08,17.361,17.589,17.758,17.341
2017-03-09,17.619,17.46,17.619,17.39
2017-03-10,17.52,17.351,17.52,17.241
2017-03-13,17.351,17.321,17.38,17.082
2017-03-14,17.4,17.4,17.569,17.281
2017-03-15,17.38,17.699,17.768,17.182
2017-03-16,17.848,17.798,17.848,17.559
2017-03-17,17.818,17.46,17.828,17.45
2017-03-20,17.42,17.201,17.589,17.092
2017-03-21,17.102,16.913,17.291,16.764
2017-03-22,16.893,17.013,17.072,16.764
2017-03-23,16.963,17.172,17.251,16.883
2017-03-24,17.102,17.102,17.271,16.913
2017-03-27,17.152,17.072,17.191,17.022
2017-03-28,17.032,16.505,17.032,16.416
2017-03-29,16.446,16.525,16.665,16.446
2017-03-30,16.416,16.297,16.456,16.018
2017-03-31,16.297,16.476,16.476,16.068
2017-04-05,18.126,17.589,18.126,17.361
2017-04-06,17.51,17.301,17.957,17.112
2017-04-07,17.48,17.947,18.643,17.42
2017-04-10,17.897,18.345,18.713,17.709
2017-04-11,18.355,18.345,18.872,18.057
2017-04-12,18.096,17.52,18.136,17.351
2017-04-13,17.45,16.754,17.997,16.406
2017-04-14,17.062,16.635,17.062,16.515
2017-04-17,16.426,16.247,16.674,16.118
2017-04-18,16.416,16.088,16.416,16.038
2017-04-19,16.326,16.346,16.406,16.088
2017-04-20,16.356,16.147,16.386,15.909
2017-04-21,16.128,15.71,16.147,15.511
2017-04-24,15.66,14.666,15.66,14.666
2017-04-25,15.014,14.805,15.014,14.606
2017-04-26,14.805,14.845,14.855,14.527
2017-04-27,14.895,15.312,15.412,14.517
2017-04-28,15.213,15.581,15.77,15.064
2017-05-02,15.402,15.809,15.889,15.243
2017-05-03,15.69,15.74,16.088,15.601
2017-05-04,15.7,15.7,15.869,15.422
2017-05-05,15.67,15.103,15.67,15.103
2017-05-08,15.014,15.243,15.362,14.865
2017-05-09,15.133,15.213,15.322,14.994
2017-05-10,15.292,14.855,15.412,14.765
2017-05-11,14.825,14.765,14.895,14.228
2017-05-12,15.094,15.799,15.998,15.094
2017-05-15,15.809,15.909,16.018,15.591
2017-05-16,15.819,15.949,15.998,15.601
2017-05-17,15.998,16.366,16.704,15.998
2017-05-18,16.118,16.157,16.317,16.008
2017-05-19,16.684,15.909,16.684,15.809
2017-05-22,16.068,15.611,16.177,15.551
2017-05-23,15.511,15.213,15.591,14.835
2017-05-24,15.342,15.461,15.461,14.915
2017-05-25,15.422,15.461,15.521,14.954
2017-05-26,15.899,15.77,15.988,15.442
2017-05-31,16.108,15.591,16.118,15.322
2017-06-01,15.571,15.611,15.998,15.432
2017-06-02,15.63,15.978,16.157,15.491
2017-06-05,15.949,15.79,16.008,15.67
2017-06-06,15.77,15.461,15.79,15.342
2017-06-07,15.491,15.75,15.77,15.451
2017-06-08,15.79,15.78,15.978,15.76
2017-06-09,15.809,15.67,15.809,15.471
2017-06-12,15.561,15.511,15.581,15.282
2017-06-13,15.461,15.551,15.68,15.362
2017-06-14,15.571,15.621,15.66,15.461
2017-06-15,15.63,15.799,15.939,15.621
2017-06-16,15.829,15.879,16.018,15.76
2017-06-19,15.909,16.416,16.486,15.909
2017-06-20,16.515,16.376,16.605,16.257
2017-06-21,16.406,16.436,16.446,16.157
2017-06-22,16.426,16.307,16.535,16.098
2017-06-23,16.267,16.317,16.336,16.018
2017-06-26,16.317,16.505,16.575,16.197
2017-06-27,16.505,16.515,16.724,16.396
2017-06-28,16.406,16.346,16.555,16.287
2017-06-29,16.346,16.714,16.754,16.336
2017-06-30,16.714,18.027,18.315,16.714
2017-07-03,17.977,17.888,17.987,17.609
2017-07-04,17.868,17.599,18.375,17.46
2017-07-05,17.788,17.609,17.788,17.41
2017-07-06,17.679,17.798,17.878,17.49
2017-07-07,17.699,17.818,17.987,17.619
2017-07-10,17.818,17.649,17.858,17.599
2017-07-11,17.718,17.579,17.718,17.5
2017-07-12,17.62,17.35,17.68,17.06
2017-07-13,17.49,17.21,17.49,17.16
2017-07-14,17.3,17.37,17.51,17.16
2017-07-17,17.48,16.9,17.48,16.5
2017-07-18,16.8,16.91,17.0,16.69
2017-07-19,16.9,17.38,17.41,16.72
2017-07-20,17.37,17.73,17.83,17.3
2017-07-21,17.99,17.74,18.09,17.52
2017-07-24,17.66,17.71,17.94,17.04
2017-07-25,17.79,17.27,17.79,17.17
2017-07-26,17.33,17.37,17.51,17.13
2017-07-27,17.42,17.2,17.42,17.08
2017-07-28,17.28,17.17,17.37,17.0
2017-07-31,17.19,17.3,17.35,16.89
2017-08-01,17.26,17.35,17.41,17.1
2017-08-02,17.41,17.28,17.46,17.0
2017-08-03,17.21,17.17,17.3,16.98
2017-08-04,17.17,17.57,17.7,17.1
2017-08-07,17.57,18.18,18.71,17.45
2017-08-08,18.26,18.05,18.43,18.0
2017-08-09,18.15,18.04,18.39,17.91
2017-08-10,18.17,17.96,18.21,17.81
2017-08-11,18.01,17.83,18.01,17.38
2017-08-14,17.78,18.08,18.15,17.75
2017-08-15,18.18,17.93,18.18,17.69
2017-08-16,17.89,17.97,18.04,17.8
2017-08-17,17.95,17.82,18.0,17.69
2017-08-18,17.75,18.04,18.04,17.61
2017-08-21,17.89,18.61,18.68,17.89
2017-08-22,18.71,18.87,19.3,18.36
2017-08-23,18.81,19.04,19.18,18.76
2017-08-24,19.0,18.28,19.11,17.93
2017-08-25,17.99,16.84,18.29,16.45
2017-08-28,16.69,16.56,16.79,16.17
2017-08-29,16.72,16.66,16.73,16.43
2017-08-30,16.65,16.62,16.87,16.47
2017-08-31,16.63,16.58,16.65,16.42
2017-09-01,16.57,16.46,16.61,16.41
2017-09-04,16.45,16.61,16.64,16.42
2017-09-05,16.54,16.58,16.69,16.5
2017-09-06,16.57,16.69,16.84,16.34
2017-09-07,16.66,16.57,16.66,16.53
2017-09-08,16.53,16.56,16.65,16.47
2017-09-11,16.59,16.44,16.59,16.36
2017-09-12,16.47,16.08,16.47,16.03
2017-09-13,16.15,16.15,16.18,16.05
2017-09-14,16.3,16.6,16.66,16.3
2017-09-15,16.61,16.42,16.65,16.3
2017-09-18,16.41,16.34,16.44,16.22
2017-09-19,16.38,16.35,16.43,16.28
2017-09-20,16.36,16.38,16.4,16.24
2017-09-21,16.35,16.27,16.41,16.23
2017-09-22,16.21,16.22,16.32,16.21
2017-09-25,16.27,16.01,16.27,15.81
2017-09-26,16.05,15.98,16.05,15.82
2017-09-27,15.97,16.16,16.27,15.85
2017-09-28,16.15,15.95,16.15,15.93
2017-09-29,16.04,15.93,16.04,15.9
2017-10-09,15.98,16.0,16.1,15.95
2017-10-10,16.04,16.11,16.12,16.02
2017-10-11,16.12,16.15,16.27,16.11
2017-10-12,16.16,16.11,16.26,16.01
2017-10-13,16.21,16.24,16.42,16.16
2017-10-16,16.27,16.15,16.35,15.95
2017-10-17,16.1,16.13,16.22,15.98
2017-10-18,16.12,15.95,16.15,15.95
2017-10-19,15.94,15.65,15.99,15.55
2017-10-20,15.78,15.72,15.78,15.54
2017-10-23,15.72,15.89,15.92,15.68
2017-10-24,15.84,15.86,15.91,15.77
2017-10-25,15.96,15.88,15.96,15.81
2017-10-26,15.92,15.78,15.92,15.76
2017-10-27,15.85,15.5,15.85,15.24
2017-10-30,15.48,15.13,15.48,14.94
2017-10-31,15.15,15.15,15.22,14.96
2017-11-01,15.14,15.03,15.14,14.95
2017-11-02,15.06,14.98,15.06,14.77
2017-11-03,14.93,14.98,14.98,14.5
2017-11-06,14.88,14.99,15.03,14.85
2017-11-07,14.99,15.0,15.05,14.92
2017-11-08,14.97,15.06,15.13,14.95
2017-11-09,15.15,15.14,15.18,15.03
2017-11-10,15.13,15.15,15.2,15.05
2017-11-13,15.14,15.0,15.27,14.92
2017-11-14,14.8,14.95,14.99,14.78
2017-11-15,14.86,14.88,14.95,14.78
2017-11-16,14.84,14.8,14.96,14.77
2017-11-17,14.83,14.32,14.83,14.19
2017-11-20,14.26,14.18,14.26,13.99
2017-11-21,14.17,14.07,14.18,13.37
2017-11-22,13.69,13.73,13.93,13.68
2017-11-23,13.71,13.6,13.71,13.4
2017-11-24,13.48,13.63,13.88,13.36
2017-11-27,13.65,13.63,13.7,13.48
2017-11-28,13.61,13.65,13.66,13.56
2017-11-29,13.66,13.73,13.83,13.61
2017-11-30,13.7,13.8,13.84,13.64
2017-12-01,13.81,13.8,13.85,13.69
2017-12-04,13.88,13.86,14.12,13.82
2017-12-05,13.86,13.7,13.88,13.36
2017-12-06,13.57,13.49,13.57,13.33
2017-12-07,13.5,13.62,13.7,13.35
2017-12-08,13.69,13.7,13.76,13.61
2017-12-11,13.68,13.74,13.84,13.58
2017-12-12,13.74,13.64,13.75,13.6
2017-12-13,13.65,13.65,13.78,13.53
2017-12-14,13.65,14.04,14.07,13.59
2017-12-15,13.93,13.95,14.13,13.87
2017-12-18,13.94,13.85,13.99,13.75
2017-12-19,13.9,13.89,13.91,13.8
2017-12-20,13.91,13.91,14.21,13.9
2017-12-21,13.72,14.05,14.16,13.52
2017-12-22,14.0,14.57,14.98,13.96
2017-12-25,14.51,14.4,14.84,14.32
2017-12-26,14.47,14.42,14.64,14.08
2017-12-27,14.3,14.29,14.55,14.23
2017-12-28,14.16,13.82,14.23,13.8
2017-12-29,13.72,14.65,14.83,13.69
2018-01-02,14.35,14.39,14.55,14.3
2018-01-03,14.4,14.33,14.51,14.21
2018-01-04,14.32,14.25,14.44,14.17
2018-01-05,14.22,14.15,14.29,14.14
2018-01-08,14.23,14.21,14.25,14.12
2018-01-09,14.23,14.34,14.48,14.13
2018-01-10,14.35,14.55,14.68,14.17
2018-01-11,14.5,14.36,14.57,14.3
2018-01-12,14.36,14.07,14.36,14.05
2018-01-15,14.05,13.76,14.09,13.67
2018-01-16,13.8,13.71,13.87,13.63
2018-01-17,13.78,13.71,13.82,13.43
2018-01-18,13.71,13.73,13.76,13.53
2018-01-19,13.72,13.66,13.74,13.58
2018-01-22,13.63,13.54,13.63,13.43
2018-01-23,13.54,13.68,13.7,13.35
2018-01-24,13.6,13.76,13.95,13.53
2018-01-25,13.75,13.68,13.9,13.67
2018-01-26,13.65,13.59,13.67,13.55
2018-01-29,13.64,13.53,13.66,13.39
2018-01-30,13.46,13.41,13.51,13.34
2018-01-31,13.41,13.22,13.41,12.95
2018-02-01,13.23,11.9,13.32,11.9
2018-02-02,11.61,11.8,11.9,10.71
2018-02-05,11.33,11.95,11.95,11.11
2018-02-06,11.58,11.94,12.01,11.43
2018-02-07,11.99,11.93,12.08,11.59
2018-02-08,11.8,11.8,12.01,11.74
2018-02-09,11.56,11.35,11.59,11.15
2018-02-12,11.38,11.57,11.7,11.35
2018-02-13,11.59,11.55,11.68,11.51
2018-02-14,11.56,11.63,11.68,11.43
2018-02-22,11.74,11.66,11.74,11.6
2018-02-23,11.67,11.79,11.88,11.59
2018-02-26,11.86,11.95,11.98,11.79
2018-02-27,11.92,11.87,11.97,11.84
2018-02-28,11.85,11.8,11.85,11.72
2018-03-01,11.7,11.84,11.86,11.68
2018-03-02,11.78,11.82,11.96,11.72
2018-03-05,11.82,11.75,11.92,11.69
2018-03-06,11.82,11.84,11.88,11.73
2018-03-07,11.81,11.86,11.9,11.8
2018-03-08,11.86,11.9,11.9,11.8
2018-03-09,11.93,12.12,12.16,11.87
2018-03-12,12.14,12.27,12.34,12.1
2018-03-13,12.27,12.45,12.65,12.21
2018-03-14,12.4,12.16,12.4,12.13
2018-03-15,12.16,11.94,12.17,11.88
2018-03-16,11.95,11.86,12.04,11.8
2018-03-19,11.86,11.84,11.97,11.8
2018-03-20,11.74,11.86,11.87,11.7
2018-03-21,11.88,11.79,12.13,11.78
2018-03-22,11.77,11.87,11.93,11.75
2018-03-23,11.6,11.05,11.65,10.84
2018-03-26,10.92,11.13,11.16,10.57
2018-03-27,11.19,11.27,11.37,11.17
2018-03-28,11.12,11.19,11.33,11.06
2018-03-29,11.28,11.26,11.3,11.16
2018-03-30,11.37,11.69,11.9,11.26
2018-04-02,11.77,11.68,12.09,11.65
2018-04-03,11.54,11.78,11.95,11.46
2018-04-04,11.95,11.7,11.99,11.63
2018-04-09,11.57,11.52,11.7,11.43
2018-04-10,11.51,11.37,11.57,11.23
2018-04-11,11.39,11.37,11.49,11.35
2018-04-12,11.37,11.29,11.45,11.26
2018-04-13,11.33,11.24,11.44,11.21
2018-04-16,11.22,11.08,11.27,11.03
2018-04-17,11.12,10.75,11.18,10.71
2018-04-18,10.84,10.96,10.99,10.74
2018-04-19,10.96,11.01,11.09,10.95
2018-04-20,11.0,10.76,11.0,10.7
2018-04-23,10.76,10.82,10.93,10.75
2018-04-24,10.88,11.0,11.05,10.76
2018-04-25,10.96,10.91,11.0,10.86
2018-04-26,10.94,10.48,10.94,10.47
2018-04-27,10.54,10.95,10.95,10.4
2018-05-02,10.98,10.89,11.02,10.8
2018-05-03,10.88,10.88,10.93,10.49
2018-05-04,10.82,10.87,10.96,10.78
2018-05-07,10.89,10.97,11.02,10.84
2018-05-08,10.99,11.01,11.06,10.89
2018-05-09,11.03,10.98,11.12,10.96
2018-05-10,11.01,11.13,11.14,11.0
2018-05-11,11.11,11.07,11.13,11.03
2018-05-14,11.1,11.03,11.13,11.0
2018-05-15,11.02,11.02,11.05,10.92
2018-05-16,11.02,10.93,11.07,10.93
2018-05-17,10.53,10.15,10.57,9.93
