date,open,close,high,low
2016-01-04,7.3,6.65,7.37,6.65
2016-01-05,6.29,6.3,6.64,6.08
2016-01-06,6.36,6.51,6.58,6.26
2016-01-07,6.28,5.86,6.3,5.86
2016-01-08,6.06,5.89,6.15,5.48
2016-01-11,5.74,5.3,5.83,5.3
2016-01-12,5.3,5.36,5.38,5.12
2016-01-13,5.42,5.25,5.55,5.24
2016-01-14,5.01,5.41,5.47,5.0
2016-01-15,5.4,5.25,5.55,5.19
2016-01-18,5.23,5.35,5.47,5.08
2016-01-19,5.34,5.59,5.65,5.32
2016-01-20,5.59,5.63,5.86,5.54
2016-01-21,5.5,5.32,5.64,5.31
2016-01-22,5.4,5.49,5.5,5.22
2016-01-25,5.51,5.52,5.62,5.45
2016-01-26,5.47,4.99,5.48,4.98
2016-01-27,5.0,5.03,5.1,4.71
2016-01-28,4.98,4.81,5.04,4.77
2016-01-29,4.82,5.0,5.06,4.81
2016-02-01,4.97,4.92,5.04,4.84
2016-02-02,4.9,5.05,5.09,4.9
2016-02-03,5.02,5.09,5.14,4.95
2016-02-04,5.07,5.16,5.19,5.07
2016-02-05,5.16,5.09,5.2,5.08
2016-02-15,4.94,5.0,5.06,4.81
2016-02-16,5.03,5.22,5.24,5.03
2016-02-17,5.16,5.3,5.32,5.16
2016-02-18,5.32,5.25,5.38,5.25
2016-02-19,5.25,5.31,5.34,5.21
2016-02-22,5.38,5.42,5.46,5.32
2016-02-23,5.42,5.36,5.48,5.26
2016-02-24,5.35,5.41,5.41,5.24
2016-02-25,5.43,4.97,5.54,4.88
2016-02-26,4.98,5.04,5.11,4.91
2016-02-29,5.05,4.82,5.07,4.72
2016-03-01,4.87,4.94,4.96,4.81
2016-03-02,4.92,5.18,5.19,4.92
2016-03-03,5.19,5.26,5.48,5.16
2016-03-04,5.22,5.07,5.28,4.95
2016-03-07,5.09,5.19,5.23,5.09
2016-03-08,5.19,5.17,5.19,4.98
2016-03-09,5.05,5.05,5.11,5.01
2016-03-10,5.02,4.98,5.09,4.96
2016-03-11,4.97,4.95,4.98,4.87
2016-03-14,5.01,5.1,5.16,5.0
2016-03-15,5.08,5.08,5.15,5.05
2016-03-16,5.09,5.02,5.12,5.0
2016-03-17,5.04,5.16,5.17,5.01
2016-03-18,5.17,5.29,5.33,5.14
2016-03-21,5.33,5.41,5.43,5.28
2016-03-22,5.38,5.33,5.39,5.3
2016-03-23,5.32,5.4,5.44,5.3
2016-03-24,5.38,5.36,5.44,5.27
2016-03-25,5.3,5.56,5.64,5.3
2016-03-28,5.51,5.38,5.57,5.34
2016-03-29,5.35,5.24,5.39,5.21
2016-03-30,5.28,5.41,5.43,5.28
2016-03-31,5.41,5.35,5.46,5.35
2016-04-01,5.36,5.36,5.39,5.26
2016-04-05,5.36,5.54,5.55,5.33
2016-04-06,5.52,5.52,5.57,5.44
2016-04-07,5.53,5.51,5.7,5.5
2016-04-08,5.46,5.44,5.5,5.35
2016-04-11,5.46,5.53,5.57,5.45
2016-04-12,5.52,5.47,5.57,5.36
2016-04-13,5.45,5.52,5.59,5.43
2016-04-14,5.56,5.59,5.63,5.54
2016-04-15,5.6,5.63,5.73,5.58
2016-04-18,5.59,5.5,5.59,5.46
2016-04-19,5.54,5.62,5.62,5.51
2016-04-20,5.69,5.39,5.69,5.26
2016-04-21,5.35,5.31,5.44,5.3
2016-04-22,5.3,5.34,5.35,5.26
2016-04-25,5.31,5.26,5.32,5.2
2016-04-26,5.26,5.33,5.33,5.24
2016-04-27,5.33,5.34,5.4,5.31
2016-04-28,5.33,5.25,5.35,5.15
2016-04-29,5.22,5.2,5.26,5.19
2016-05-03,5.22,5.36,5.36,5.2
2016-05-04,5.33,5.38,5.41,5.32
2016-05-05,5.34,5.38,5.39,5.33
2016-05-06,5.4,5.19,5.43,5.17
2016-05-09,5.15,4.98,5.16,4.95
2016-05-10,4.96,4.99,5.03,4.96
2016-05-11,5.01,4.92,5.05,4.88
2016-05-12,4.86,4.89,4.89,4.79
2016-05-13,4.86,4.86,4.98,4.82
2016-05-16,4.84,4.93,4.93,4.82
2016-05-17,4.95,4.92,4.97,4.89
2016-05-18,4.89,4.72,4.89,4.66
2016-05-19,4.72,4.74,4.82,4.71
2016-05-20,4.73,4.79,4.8,4.67
2016-05-23,4.81,4.86,4.89,4.79
2016-05-24,4.85,4.89,4.89,4.81
2016-05-25,4.91,4.84,4.94,4.82
2016-05-26,4.85,4.87,4.88,4.72
2016-05-27,4.88,4.9,4.92,4.83
2016-05-30,4.87,4.83,4.89,4.76
2016-05-31,4.82,5.01,5.01,4.82
2016-06-01,5.01,5.0,5.05,4.98
2016-06-02,4.98,5.07,5.11,4.97
2016-06-03,5.07,5.09,5.13,5.04
2016-06-06,5.08,5.04,5.1,5.01
2016-06-07,5.04,5.09,5.09,5.01
2016-06-08,5.08,5.05,5.09,4.99
2016-06-13,4.99,4.78,5.0,4.76
2016-06-14,4.78,4.79,4.81,4.7
2016-06-15,4.76,4.97,5.05,4.72
2016-06-16,4.96,5.02,5.1,4.93
2016-06-17,5.15,5.52,5.52,5.13
2016-06-20,5.52,5.34,5.54,5.29
2016-06-21,5.36,5.23,5.41,5.18
2016-06-22,5.2,5.42,5.45,5.19
2016-06-23,5.41,5.41,5.63,5.33
2016-06-24,5.31,5.2,5.43,5.09
2016-06-27,5.18,5.37,5.38,5.16
2016-06-28,5.33,5.41,5.41,5.28
2016-06-29,5.42,5.35,5.44,5.32
2016-06-30,5.36,5.31,5.36,5.27
2016-07-01,5.32,5.32,5.45,5.28
2016-07-04,5.29,5.4,5.41,5.26
2016-07-05,5.41,5.43,5.43,5.36
2016-07-06,5.4,5.4,5.42,5.36
2016-07-07,5.4,5.38,5.4,5.3
2016-07-08,5.36,5.41,5.5,5.34
2016-07-11,5.44,5.35,5.46,5.32
2016-07-12,5.36,5.38,5.38,5.25
2016-07-13,5.37,5.44,5.44,5.36
2016-07-14,5.45,5.55,5.55,5.4
2016-07-15,5.54,5.47,5.55,5.44
2016-07-18,5.44,5.41,5.47,5.39
2016-07-19,5.41,5.44,5.45,5.38
2016-07-20,5.43,5.45,5.52,5.42
2016-07-21,5.43,5.44,5.51,5.42
2016-07-22,5.43,5.38,5.45,5.37
2016-07-25,5.38,5.43,5.46,5.37
2016-07-26,5.43,5.55,5.55,5.4
2016-07-27,5.52,5.3,5.56,5.27
2016-07-28,5.31,5.33,5.37,5.27
2016-07-29,5.34,5.27,5.35,5.23
2016-08-01,5.27,5.18,5.28,5.16
2016-08-02,5.18,5.24,5.25,5.14
2016-08-03,5.24,5.28,5.28,5.19
2016-08-04,5.27,5.28,5.28,5.23
2016-08-05,5.26,5.24,5.3,5.24
2016-08-08,5.23,5.3,5.3,5.2
2016-08-09,5.31,5.33,5.36,5.28
2016-08-10,5.33,5.3,5.35,5.29
2016-08-11,5.28,5.25,5.31,5.24
2016-08-12,5.25,5.31,5.31,5.25
2016-08-15,5.31,5.39,5.4,5.3
2016-08-16,5.41,5.4,5.43,5.37
2016-08-17,5.4,5.41,5.42,5.34
2016-08-18,5.39,5.41,5.46,5.39
2016-08-19,5.4,5.48,5.54,5.4
2016-08-22,5.49,5.39,5.5,5.39
2016-08-23,5.39,5.4,5.44,5.37
2016-08-24,5.4,5.41,5.45,5.39
2016-08-25,5.4,5.33,5.4,5.26
2016-08-26,5.33,5.34,5.39,5.33
2016-08-29,5.35,5.4,5.41,5.31
2016-08-30,5.39,5.37,5.42,5.35
2016-08-31,5.39,5.39,5.39,5.32
2016-09-01,5.37,5.4,5.45,5.36
2016-09-02,5.39,5.34,5.41,5.31
2016-09-05,5.34,5.35,5.38,5.33
2016-09-06,5.35,5.49,5.52,5.3
2016-09-07,5.47,5.45,5.49,5.43
2016-09-08,5.45,5.48,5.49,5.43
2016-09-09,5.48,5.4,5.5,5.4
2016-09-12,5.33,5.2,5.33,5.18
2016-09-13,5.24,5.28,5.3,5.21
2016-09-14,5.23,5.23,5.27,5.18
2016-09-19,5.19,5.25,5.26,5.19
2016-09-20,5.25,5.24,5.27,5.22
2016-09-21,5.25,5.28,5.29,5.25
2016-09-22,5.3,5.3,5.35,5.29
2016-09-23,5.31,5.31,5.33,5.28
2016-09-26,5.32,5.18,5.33,5.18
2016-09-27,5.17,5.2,5.2,5.11
2016-09-28,5.18,5.18,5.22,5.17
2016-09-29,5.19,5.2,5.26,5.17
2016-09-30,5.2,5.2,5.22,5.17
2017-08-07,5.6,5.72,5.72,5.22
2017-08-08,5.71,5.73,5.84,5.58
2017-08-09,5.68,5.64,5.7,5.53
2017-08-10,5.64,5.48,5.65,5.46
2017-08-11,5.44,5.37,5.45,5.36
2017-08-14,5.36,5.43,5.46,5.35
2017-08-15,5.41,5.39,5.47,5.38
2017-08-16,5.4,5.42,5.45,5.39
2017-08-17,5.42,5.41,5.44,5.38
2017-08-18,5.4,5.33,5.42,5.31
2017-08-21,5.32,5.35,5.37,5.32
2017-08-22,5.37,5.38,5.44,5.37
2017-08-23,5.38,5.33,5.42,5.32
2017-08-24,5.33,5.23,5.35,5.22
2017-08-25,5.23,5.26,5.27,5.21
2017-08-28,5.25,5.29,5.31,5.23
2017-08-29,5.27,5.26,5.29,5.25
2017-08-30,5.25,5.25,5.27,5.23
2017-08-31,5.27,5.37,5.37,5.22
2017-09-01,5.36,5.37,5.43,5.29
2017-09-04,5.38,5.35,5.38,5.33
2017-09-05,5.34,5.32,5.35,5.31
2017-09-06,5.31,5.32,5.34,5.27
2017-09-07,5.31,5.29,5.35,5.28
2017-09-08,5.26,5.3,5.31,5.26
2017-09-11,5.3,5.45,5.45,5.3
2017-09-12,5.49,5.43,5.54,5.41
2017-09-13,5.43,5.48,5.57,5.41
2017-09-14,5.5,5.45,5.55,5.42
2017-09-15,5.46,5.44,5.51,5.4
2017-09-18,5.44,5.42,5.47,5.4
2017-09-19,5.43,5.4,5.44,5.37
2017-09-20,5.38,5.5,5.52,5.38
2017-09-21,5.46,5.42,5.54,5.41
2017-09-22,5.4,5.39,5.42,5.33
2017-09-25,5.39,5.27,5.39,5.26
2017-09-26,5.27,5.29,5.33,5.25
2017-09-27,5.28,5.33,5.34,5.28
2017-09-28,5.3,5.29,5.36,5.29
2017-09-29,5.32,5.33,5.33,5.28
2017-10-09,5.36,5.4,5.44,5.35
2017-10-10,5.38,5.49,5.49,5.38
2017-10-11,5.48,5.45,5.52,5.43
2017-10-12,5.49,5.43,5.49,5.4
2017-10-13,5.41,5.44,5.45,5.41
2017-10-16,5.43,5.32,5.47,5.3
2017-10-17,5.32,5.31,5.33,5.29
2017-10-18,5.3,5.27,5.34,5.27
2017-10-19,5.31,5.28,5.33,5.25
2017-10-20,5.26,5.31,5.31,5.25
2017-10-23,5.32,5.33,5.34,5.29
2017-10-24,5.32,5.27,5.33,5.22
2017-10-25,5.25,5.31,5.31,5.24
2017-10-26,5.3,5.28,5.31,5.25
2017-10-27,5.28,5.23,5.29,5.23
2017-10-30,5.23,5.1,5.26,5.07
2017-10-31,5.1,5.11,5.14,5.08
2017-11-01,5.13,5.06,5.13,5.06
2017-11-02,5.02,4.98,5.06,4.98
2017-11-03,4.97,4.95,5.0,4.93
2017-11-06,4.95,5.01,5.02,4.93
2017-11-07,5.01,5.09,5.09,5.01
2017-11-08,5.09,5.07,5.1,5.05
2017-11-09,5.05,5.05,5.06,5.03
2017-11-10,5.05,5.13,5.15,5.03
2017-11-13,5.14,5.03,5.14,4.98
2017-11-14,5.03,5.1,5.11,4.99
2017-11-15,5.06,5.04,5.14,5.02
2017-11-16,5.04,5.01,5.05,5.0
2017-11-17,5.0,4.81,5.0,4.81
2017-11-20,4.8,4.78,4.85,4.7
2017-11-21,4.79,4.75,4.83,4.72
2017-11-22,4.78,4.72,4.78,4.7
2017-11-23,4.71,4.63,4.73,4.6
2017-11-24,4.61,4.6,4.65,4.54
2017-11-27,4.61,4.45,4.62,4.44
2017-11-28,4.45,4.64,4.72,4.42
2017-11-29,4.63,5.09,5.1,4.52
2017-11-30,4.95,5.04,5.24,4.91
2017-12-01,5.14,4.99,5.14,4.96
2017-12-04,4.96,4.9,4.99,4.85
2017-12-05,4.89,4.75,4.89,4.71
2017-12-06,4.73,4.84,4.87,4.73
2017-12-07,4.91,4.9,5.05,4.89
2017-12-08,4.89,4.94,4.96,4.85
2017-12-11,4.93,4.91,4.98,4.87
2017-12-12,4.91,4.77,4.91,4.73
2017-12-13,4.78,4.79,4.82,4.75
2017-12-14,4.78,4.79,4.8,4.75
2017-12-15,4.78,4.75,4.79,4.73
2017-12-18,4.74,4.67,4.74,4.65
2017-12-19,4.66,4.69,4.72,4.65
2017-12-20,4.68,4.64,4.71,4.62
2017-12-21,4.64,4.64,4.68,4.6
2017-12-22,4.64,4.66,4.69,4.63
2017-12-25,4.66,4.76,4.78,4.65
2017-12-26,4.73,4.74,4.78,4.72
2017-12-27,4.75,4.68,4.75,4.66
2017-12-28,4.66,4.64,4.69,4.63
2017-12-29,4.64,4.65,4.73,4.6
2018-01-02,4.65,4.7,4.7,4.62
2018-01-03,4.69,4.72,4.74,4.67
2018-01-04,4.7,4.74,4.81,4.7
2018-01-05,4.75,4.73,4.77,4.71
2018-01-08,4.73,4.72,4.74,4.68
2018-01-09,4.73,4.77,4.84,4.73
2018-01-10,4.75,4.77,4.79,4.7
2018-01-11,4.76,4.73,4.77,4.7
2018-01-12,4.73,4.72,4.75,4.71
2018-01-15,4.74,4.62,4.77,4.6
2018-01-16,4.62,4.65,4.7,4.62
2018-01-17,4.63,4.64,4.67,4.57
2018-01-18,4.64,4.62,4.66,4.6
2018-01-19,4.62,4.66,4.76,4.62
2018-01-22,4.63,4.77,4.79,4.63
2018-01-23,4.77,4.87,4.88,4.73
2018-01-24,4.86,4.8,4.86,4.77
2018-02-02,4.32,4.7,4.85,4.32
2018-02-05,4.7,4.58,4.73,4.55
2018-02-06,4.52,4.16,4.55,4.12
2018-02-07,4.22,4.26,4.36,4.16
2018-02-08,4.27,4.28,4.35,4.24
2018-02-09,4.18,4.18,4.28,4.12
2018-02-12,4.18,4.28,4.3,4.18
2018-02-13,4.3,4.3,4.36,4.3
2018-02-14,4.3,4.36,4.37,4.3
2018-02-22,4.4,4.42,4.45,4.37
2018-02-23,4.43,4.41,4.44,4.38
2018-02-26,4.42,4.46,4.47,4.4
2018-02-27,4.47,4.38,4.48,4.35
2018-02-28,4.37,4.39,4.4,4.31
2018-03-01,4.37,4.42,4.43,4.36
2018-03-02,4.4,4.42,4.44,4.38
2018-03-05,4.42,4.52,4.53,4.37
2018-03-06,4.48,4.55,4.57,4.47
2018-03-07,4.54,4.52,4.57,4.5
2018-03-08,4.53,4.53,4.55,4.51
2018-03-09,4.53,4.58,4.61,4.53
2018-03-12,4.58,4.6,4.62,4.56
2018-03-13,4.58,4.53,4.59,4.52
2018-03-14,4.52,4.51,4.59,4.51
2018-03-15,4.51,4.42,4.53,4.42
2018-03-16,4.42,4.41,4.48,4.41
2018-03-19,4.41,4.46,4.53,4.41
2018-03-20,4.45,4.42,4.45,4.41
2018-03-21,4.45,4.44,4.49,4.43
2018-03-22,4.48,4.47,4.49,4.41
2018-03-23,4.41,4.23,4.42,4.2
2018-03-26,4.23,4.29,4.31,4.12
2018-03-27,4.35,4.38,4.4,4.3
2018-03-28,4.33,4.33,4.39,4.32
2018-03-29,4.35,4.34,4.36,4.3
2018-03-30,4.34,4.39,4.41,4.34
2018-04-02,4.38,4.49,4.49,4.37
2018-04-03,4.7,4.57,4.85,4.56
2018-04-04,4.51,4.41,4.55,4.4
2018-04-09,4.38,4.4,4.41,4.33
2018-04-10,4.42,4.43,4.45,4.39
2018-04-11,4.45,4.44,4.45,4.41
2018-04-12,4.46,4.35,4.46,4.34
2018-04-13,4.35,4.34,4.38,4.33
2018-04-16,4.34,4.32,4.37,4.29
2018-04-17,4.32,4.24,4.36,4.24
2018-04-18,4.26,4.29,4.31,4.24
2018-04-19,4.29,4.29,4.31,4.26
2018-04-20,4.28,4.22,4.29,4.21
2018-04-23,4.23,4.28,4.34,4.2
2018-04-24,4.28,4.31,4.32,4.2
2018-04-25,4.31,4.74,4.74,4.28
2018-04-26,4.75,4.54,4.75,4.52
2018-04-27,4.49,4.49,4.74,4.45
2018-05-02,4.5,4.45,4.52,4.37
2018-05-03,4.46,4.46,4.47,4.38
2018-05-04,4.45,4.4,4.46,4.38
2018-05-07,4.34,4.44,4.45,4.34
2018-05-08,4.45,4.46,4.48,4.42
2018-05-09,4.43,4.43,4.45,4.41
2018-05-10,4.43,4.48,4.54,4.42
2018-05-11,4.46,4.41,4.49,4.4
2018-05-14,4.41,4.41,4.45,4.4
2018-05-15,4.43,4.47,4.47,4.41
2018-05-16,4.45,4.42,4.46,4.41
2018-05-17,4.41,4.42,4.43,4.38
2018-05-18,4.41,4.45,4.46,4.39
2018-05-21,4.46,4.5,4.52,4.44
2018-05-22,4.5,4.49,4.51,4.47
2018-05-23,4.48,4.41,4.48,4.4
2018-05-24,4.41,4.38,4.43,4.38
2018-05-25,4.37,4.35,4.4,4.35
