date,open,close,high,low
2016-01-04,18.917,17.175,19.085,17.175
2016-01-05,15.937,15.789,16.799,15.462
2016-01-06,15.878,16.393,16.581,15.245
2016-01-07,15.937,14.75,15.937,14.75
2016-01-08,15.017,14.591,15.126,13.522
2016-01-11,13.859,13.265,14.334,13.265
2016-01-12,13.601,13.799,14.106,13.195
2016-01-13,13.76,13.057,14.047,12.898
2016-01-14,12.522,13.809,13.908,12.384
2016-01-15,13.572,13.047,13.849,12.978
2016-01-18,12.79,13.76,14.205,12.423
2016-01-19,13.799,14.433,14.591,13.562
2016-01-20,14.215,14.067,14.433,13.76
2016-01-21,13.809,12.671,14.047,12.661
2016-01-22,12.918,12.958,13.116,12.344
2016-01-25,13.156,12.968,13.215,12.78
2016-01-26,12.7,11.671,12.74,11.671
2016-01-27,11.612,11.602,11.859,10.948
2016-01-28,11.404,10.8,11.73,10.8
2016-01-29,10.938,11.414,11.701,10.74
2016-02-01,11.245,10.968,11.374,10.77
2016-02-02,10.988,12.067,12.067,10.968
2016-02-03,12.067,12.275,12.453,11.899
2016-02-04,12.225,12.423,12.631,12.077
2016-02-05,12.423,12.037,12.592,12.037
2016-02-15,11.562,11.78,11.918,11.285
2016-02-16,11.849,12.958,12.958,11.849
2016-02-17,13.166,13.106,13.304,12.671
2016-02-18,13.166,13.017,13.433,12.869
2016-02-19,13.007,13.116,13.344,12.869
2016-02-22,13.661,13.908,14.433,13.641
2016-02-23,13.671,13.601,13.968,13.364
2016-02-24,13.482,13.423,13.74,12.928
2016-02-25,13.304,12.077,13.364,12.077
2016-02-26,12.206,11.948,12.423,11.463
2016-02-29,11.928,10.77,11.928,10.75
2016-03-01,10.75,10.958,11.156,10.473
2016-03-02,10.988,11.74,12.057,10.919
2016-03-03,11.631,11.73,12.126,11.542
2016-03-04,11.552,11.067,11.73,10.79
2016-03-07,11.235,11.433,11.661,11.216
2016-03-08,11.433,11.503,11.562,10.74
2016-03-09,11.146,11.097,11.433,10.978
2016-03-10,11.146,11.037,11.325,10.919
2016-03-11,10.889,10.948,11.087,10.77
2016-03-14,11.136,11.374,11.72,11.067
2016-03-15,11.334,11.275,11.592,11.176
2016-03-16,11.433,11.117,11.552,11.067
2016-03-17,11.216,11.681,11.819,11.186
2016-03-18,11.661,12.305,12.423,11.641
2016-03-21,12.641,12.78,13.037,12.334
2016-03-22,12.601,12.532,12.73,12.423
2016-03-23,12.493,13.225,13.314,12.483
2016-03-24,13.077,12.77,13.453,12.75
2016-03-25,12.601,12.78,12.968,12.493
2016-03-28,12.869,12.572,13.037,12.473
2016-03-29,12.661,12.275,12.661,12.116
2016-03-30,12.364,12.7,12.75,12.364
2016-03-31,12.819,13.156,13.245,12.809
2016-04-01,13.067,12.968,13.354,12.671
2016-04-05,12.918,13.334,13.433,12.849
2016-04-06,13.294,13.809,13.888,13.106
2016-04-07,13.839,13.186,13.938,13.176
2016-04-08,12.968,12.839,13.017,12.641
2016-04-11,12.918,13.047,13.285,12.918
2016-04-12,12.978,13.166,13.235,12.978
2016-04-13,13.195,13.364,13.71,13.166
2016-04-14,13.423,13.502,13.581,13.294
2016-04-15,13.512,13.73,13.928,13.374
2016-04-18,13.611,13.235,13.611,13.116
2016-04-19,13.364,13.205,13.413,13.027
2016-04-20,13.255,12.265,13.324,11.998
2016-04-21,12.196,11.839,12.334,11.79
2016-04-22,11.849,12.116,12.136,11.79
2016-04-25,12.008,12.008,12.077,11.75
2016-04-26,11.958,12.245,12.255,11.879
2016-04-27,12.245,12.255,12.433,12.176
2016-04-28,12.423,12.532,12.839,12.275
2016-04-29,12.334,12.295,12.433,12.225
2016-05-03,12.295,12.73,12.869,12.146
2016-05-04,12.631,12.651,12.79,12.611
2016-05-05,12.859,12.75,12.908,12.611
2016-05-06,12.819,11.998,12.819,11.988
2016-05-09,11.879,11.226,11.879,11.097
2016-05-10,11.186,11.087,11.285,11.008
2016-05-11,10.691,9.978,10.869,9.978
2016-05-12,9.602,9.731,9.82,9.305
2016-05-13,9.533,9.869,10.077,9.533
2016-05-16,10.097,10.107,10.206,9.899
2016-05-17,10.067,9.899,10.097,9.76
2016-05-18,9.711,9.8,9.978,9.513
2016-06-02,10.78,10.78,10.78,10.78
2016-06-03,11.859,11.859,11.859,11.859
2016-06-06,12.374,11.79,12.621,11.671
2016-06-07,11.75,11.503,11.8,11.226
2016-06-08,11.354,11.156,11.453,11.156
2016-06-13,10.899,10.691,11.127,10.691
2016-06-14,10.632,10.503,10.74,10.394
2016-06-15,10.394,11.067,11.117,10.345
2016-06-16,10.988,10.75,11.037,10.711
2016-06-17,10.81,10.849,11.047,10.721
2016-06-20,10.592,10.572,10.681,10.117
2016-06-21,10.562,10.315,10.641,10.275
2016-06-22,10.345,10.523,10.582,10.315
2016-06-23,10.513,10.404,10.562,10.315
2016-06-24,10.354,10.176,10.523,9.909
2016-06-27,10.097,10.463,10.463,10.057
2016-06-28,10.473,10.79,10.958,10.345
2016-06-29,11.869,11.869,11.869,11.76
2016-06-30,11.879,12.186,12.364,11.76
2016-07-01,12.017,11.701,12.017,11.681
2016-07-04,11.503,11.839,11.958,11.483
2016-07-05,11.72,11.77,11.928,11.701
2016-07-06,11.78,12.017,12.176,11.74
2016-07-07,12.057,11.81,12.067,11.671
2016-07-08,11.839,11.899,12.027,11.711
2016-07-11,11.938,11.8,11.978,11.76
2016-07-12,11.78,11.928,11.938,11.701
2016-07-13,12.037,12.057,12.403,11.938
2016-07-14,12.017,12.116,12.166,11.889
2016-07-15,11.998,11.839,12.027,11.78
2016-07-18,11.839,12.027,12.027,11.77
2016-07-19,11.928,12.562,12.74,11.879
2016-07-20,12.512,12.394,12.641,12.374
2016-07-21,12.433,12.74,12.948,12.314
2016-07-22,12.869,12.582,13.136,12.542
2016-07-25,12.542,12.394,12.71,12.324
2016-07-26,12.384,12.522,12.552,12.354
2016-07-27,12.572,11.73,12.631,11.592
2016-07-28,11.76,11.81,12.067,11.582
2016-07-29,11.81,11.305,11.81,11.196
2016-08-01,11.226,11.117,11.325,10.968
2016-08-02,11.117,11.285,11.384,11.087
2016-08-03,11.384,11.592,11.711,11.325
2016-08-04,11.513,11.542,11.572,11.305
2016-08-05,11.542,11.572,11.74,11.443
2016-08-08,11.542,11.641,11.641,11.453
2016-08-09,11.691,11.77,11.889,11.691
2016-08-10,11.77,11.681,11.839,11.612
2016-08-11,11.631,11.473,11.711,11.473
2016-08-12,11.473,11.631,11.631,11.414
2016-08-15,11.562,11.869,11.918,11.552
2016-08-16,11.948,12.176,12.572,11.948
2016-08-17,12.206,12.522,12.651,12.126
2016-08-18,12.394,12.364,12.72,12.255
2016-08-19,12.364,12.473,12.611,12.285
2016-08-22,12.394,12.097,12.502,12.077
2016-08-23,12.097,12.146,12.196,12.047
2016-08-24,12.156,12.374,12.473,12.107
2016-08-25,12.225,12.186,12.225,11.968
2016-08-26,12.245,12.176,12.443,12.176
2016-08-29,12.176,12.374,12.413,12.067
2016-08-30,12.324,12.245,12.354,12.206
2016-08-31,12.186,12.166,12.206,12.047
2016-09-01,12.235,12.047,12.235,12.047
2016-09-02,11.978,12.047,12.057,11.839
2016-09-05,12.077,12.285,12.403,12.077
2016-09-06,12.285,12.324,12.374,12.087
2016-09-07,12.305,12.354,12.552,12.295
2016-09-08,12.324,12.661,12.73,12.275
2016-09-09,12.7,12.72,13.047,12.592
2016-09-12,12.305,12.097,12.522,12.097
2016-09-13,12.295,12.978,13.116,12.225
2016-09-14,12.78,12.859,13.265,12.73
2016-09-19,12.869,12.908,13.225,12.859
2016-09-20,13.077,13.344,13.552,12.997
2016-09-21,13.176,14.017,14.433,13.146
2016-09-22,14.136,14.215,14.294,13.77
2016-09-23,14.116,13.74,14.136,13.73
2016-09-26,13.74,13.641,14.027,13.403
2016-09-27,13.532,14.007,14.136,13.473
2016-09-28,13.859,13.591,13.938,13.562
2016-09-29,13.542,13.611,13.789,13.374
2016-09-30,13.591,14.849,14.977,13.562
2016-10-10,14.69,15.056,15.215,14.542
2016-10-11,14.888,14.759,15.492,14.71
2016-10-12,14.75,14.957,15.007,14.601
2016-10-13,14.849,14.502,14.918,14.462
2016-10-14,14.502,14.651,14.779,14.453
2016-10-17,14.502,14.195,14.621,14.156
2016-10-18,14.185,14.383,14.413,14.007
2016-10-19,14.403,14.69,14.928,14.363
2016-10-20,14.561,14.571,14.68,14.393
2016-10-21,14.502,14.017,14.522,14.007
2016-10-24,13.968,14.017,14.235,13.77
2016-10-25,14.027,14.265,14.403,13.878
2016-10-26,14.265,14.156,14.601,14.136
2016-10-27,14.076,14.175,14.255,13.819
2016-10-28,14.116,13.908,14.195,13.908
2016-10-31,13.77,13.552,13.77,13.374
2016-11-01,13.512,13.71,13.829,13.482
2016-11-02,13.73,13.997,14.393,13.562
2016-11-03,13.888,14.304,14.502,13.878
2016-11-04,14.136,13.948,14.265,13.829
2016-11-07,13.869,13.77,13.928,13.69
2016-11-08,13.779,14.047,14.106,13.779
2016-11-09,14.195,14.393,14.621,13.987
2016-11-10,14.542,14.413,14.571,14.215
2016-11-11,14.373,14.274,14.502,14.195
2016-11-14,14.156,14.086,14.185,13.958
2016-11-15,14.057,14.344,14.472,13.997
2016-11-16,14.433,14.057,14.472,14.037
2016-11-17,14.057,14.067,14.195,13.878
2016-11-18,14.067,13.76,14.067,13.76
2016-11-21,13.77,13.75,13.908,13.68
2016-11-22,14.116,15.126,15.126,14.116
2016-11-23,15.591,15.779,16.333,15.433
2016-11-24,15.868,15.611,16.611,15.344
2016-11-25,15.393,16.977,17.175,15.205
2016-11-28,16.442,15.987,16.581,15.947
2016-11-29,15.819,15.205,15.819,15.106
2016-11-30,15.462,15.819,16.432,15.462
2016-12-01,15.898,15.848,15.977,15.423
2016-12-02,15.66,15.155,15.819,15.155
2016-12-05,14.75,14.195,14.928,13.958
2016-12-06,14.255,14.413,14.69,14.215
2016-12-07,14.571,14.759,14.809,14.472
2016-12-08,14.769,14.561,14.829,14.453
2016-12-09,14.601,14.611,14.829,14.482
2016-12-12,14.621,13.562,14.641,13.512
2016-12-13,13.611,13.661,13.819,13.275
2016-12-14,13.572,13.581,13.839,13.473
2016-12-15,13.581,13.948,14.215,13.482
2016-12-16,13.938,14.552,14.789,13.878
2016-12-19,14.443,14.215,14.69,14.116
2016-12-20,14.156,14.354,14.561,14.116
2016-12-21,14.354,14.334,14.591,14.156
2016-12-22,14.314,13.987,14.314,13.948
2016-12-23,13.928,13.809,14.096,13.76
2016-12-26,13.799,13.789,13.839,13.463
2016-12-27,13.809,13.938,14.076,13.77
2016-12-28,13.898,13.849,14.126,13.839
2016-12-29,13.839,13.779,13.948,13.671
2016-12-30,13.789,13.958,13.958,13.69
2017-01-03,14.047,14.245,14.265,13.849
2017-01-04,14.175,14.532,14.581,14.106
2017-01-05,14.69,14.373,14.69,14.304
2017-01-06,14.354,14.106,14.354,14.047
2017-01-09,14.057,14.235,14.294,13.938
2017-01-10,14.116,14.373,14.532,14.116
2017-01-11,14.294,13.997,14.354,13.977
2017-01-12,13.948,13.849,14.086,13.819
2017-01-13,13.859,13.463,13.908,13.403
2017-01-16,13.344,12.582,13.453,12.116
2017-01-17,12.611,12.562,12.671,12.077
2017-01-18,12.562,12.502,12.641,12.384
2017-01-19,12.473,12.364,12.493,12.235
2017-01-20,12.433,12.651,12.73,12.334
2017-01-23,12.73,12.73,12.948,12.661
2017-01-24,12.75,12.869,13.067,12.601
2017-01-25,12.978,13.215,13.413,12.978
2017-01-26,13.156,13.156,13.265,13.096
2017-02-03,13.136,13.116,13.195,12.997
2017-02-06,13.067,13.126,13.235,12.988
2017-02-07,13.116,13.136,13.176,13.067
2017-02-08,13.106,13.156,13.186,12.958
2017-02-09,13.176,13.304,13.334,13.116
2017-02-10,13.324,13.166,13.324,13.146
2017-02-13,13.166,13.116,13.205,12.948
2017-02-14,13.146,12.958,13.146,12.948
2017-02-15,12.958,12.849,13.037,12.79
2017-02-16,12.77,12.859,12.978,12.77
2017-02-17,12.849,12.77,12.938,12.75
2017-02-20,12.601,12.641,12.7,12.552
2017-02-21,12.651,12.988,12.988,12.651
2017-02-22,12.988,12.879,12.988,12.829
2017-02-23,12.918,12.72,12.918,12.681
2017-02-24,12.74,12.948,13.027,12.681
2017-02-27,12.968,12.78,12.988,12.75
2017-02-28,12.77,12.79,12.859,12.7
2017-03-01,12.799,12.908,12.997,12.72
2017-03-02,12.889,12.908,12.978,12.869
2017-03-03,12.898,12.819,12.908,12.77
2017-03-06,12.79,12.988,12.988,12.77
2017-03-07,12.968,13.116,13.265,12.928
2017-03-08,13.027,13.027,13.126,12.948
2017-03-09,12.948,12.859,13.017,12.819
2017-03-10,12.869,13.126,13.195,12.829
2017-03-13,13.047,13.027,13.067,12.918
2017-03-14,13.047,12.988,13.126,12.938
2017-03-15,12.988,12.938,13.047,12.898
2017-03-16,12.997,13.146,13.245,12.968
2017-03-17,13.205,13.116,13.304,13.087
2017-03-20,13.116,13.067,13.136,12.928
2017-03-21,13.067,13.007,13.067,12.978
2017-03-22,12.978,12.839,13.047,12.77
2017-03-23,12.819,12.75,12.918,12.7
2017-03-24,12.76,12.849,12.889,12.7
2017-03-27,12.849,12.75,12.898,12.74
2017-03-28,12.77,12.78,12.799,12.611
2017-03-29,12.78,12.473,12.819,12.453
2017-03-30,12.473,11.988,12.532,11.988
2017-03-31,12.008,12.017,12.196,11.909
2017-04-05,12.027,12.235,12.275,11.879
2017-04-06,12.215,12.215,12.324,12.126
2017-04-07,12.215,12.176,12.275,12.107
2017-04-10,12.176,12.017,12.176,11.998
2017-04-11,11.958,12.017,12.097,11.8
2017-04-12,12.008,11.681,12.008,11.681
2017-04-13,11.681,11.701,11.81,11.582
2017-04-14,11.671,11.186,11.701,11.077
2017-04-17,11.166,10.948,11.166,10.919
2017-04-18,10.958,11.77,12.047,10.849
2017-04-19,11.483,11.166,11.572,11.008
2017-04-20,11.117,11.463,11.651,11.008
2017-04-21,11.394,11.186,11.641,11.186
2017-04-24,11.107,10.988,11.453,10.938
2017-04-25,11.047,10.988,11.166,10.899
2017-04-26,10.988,10.968,11.087,10.938
2017-04-27,10.948,10.76,11.047,10.394
2017-04-28,10.76,11.097,11.136,10.76
2017-05-02,11.127,10.909,11.146,10.78
2017-05-03,10.859,10.998,11.037,10.859
2017-05-04,10.998,10.988,11.136,10.889
2017-05-05,10.978,10.641,10.978,10.582
2017-05-08,10.651,10.424,10.681,10.384
2017-05-09,10.493,10.434,10.503,10.295
2017-05-10,10.473,10.394,10.948,10.364
2017-05-11,10.335,10.077,10.335,9.81
2017-05-12,10.077,10.087,10.226,9.998
2017-05-15,10.097,10.038,10.166,10.008
2017-05-16,10.018,10.176,10.216,9.84
2017-05-17,10.156,10.196,10.354,10.127
2017-05-18,10.107,10.127,10.275,10.028
2017-05-19,10.127,10.038,10.147,9.998
2017-05-22,9.949,10.087,10.107,9.701
2017-05-23,9.988,9.899,10.077,9.8
2017-05-24,9.85,9.79,9.869,9.008
2017-05-25,9.671,9.978,10.048,9.671
2017-05-26,10.018,9.899,10.018,9.879
2017-05-31,9.958,9.909,10.137,9.899
2017-06-01,9.899,9.414,9.909,9.414
2017-06-02,9.394,9.434,9.543,9.167
2017-06-05,9.463,9.444,9.533,9.414
2017-06-06,9.483,9.533,9.592,9.414
2017-06-07,9.493,9.78,9.79,9.493
2017-06-08,9.711,9.701,9.79,9.642
2017-06-09,9.721,9.78,9.869,9.671
2017-06-12,9.751,9.424,9.751,9.424
2017-06-13,9.424,9.572,9.612,9.345
2017-06-14,9.582,9.691,9.76,9.582
2017-06-15,9.701,10.206,10.661,9.691
2017-06-16,10.097,9.978,10.156,9.968
2017-06-19,9.949,10.048,10.097,9.949
2017-06-20,10.087,10.028,10.107,10.008
2017-06-21,10.087,10.077,10.216,10.038
2017-06-22,10.097,9.919,10.117,9.899
2017-06-23,9.949,9.859,10.008,9.731
2017-06-26,9.859,9.968,9.978,9.82
2017-06-27,9.978,9.899,9.978,9.85
2017-06-28,9.83,9.869,10.008,9.82
2017-06-29,9.859,9.78,9.929,9.751
2017-06-30,9.78,9.8,9.83,9.701
2017-07-03,9.81,9.869,9.889,9.731
2017-07-04,9.879,9.968,10.067,9.85
2017-07-05,9.978,9.978,9.998,9.869
2017-07-06,9.968,9.978,9.988,9.83
2017-07-07,9.978,9.939,9.978,9.79
2017-07-10,9.939,9.85,9.939,9.81
2017-07-11,9.8,9.82,9.94,9.8
2017-07-12,9.82,9.73,9.86,9.66
2017-07-13,9.77,9.52,9.77,9.51
2017-07-14,9.5,9.63,9.74,9.49
2017-07-17,9.6,8.83,9.6,8.8
2017-07-18,8.85,8.8,9.07,8.3
2017-07-19,8.8,8.8,8.85,8.6
2017-07-20,8.77,8.78,8.88,8.7
2017-07-21,8.75,8.83,8.89,8.73
2017-07-24,8.79,8.77,8.85,8.62
2017-07-25,8.77,8.66,8.79,8.64
2017-07-26,8.69,8.65,8.74,8.6
2017-07-27,8.63,8.85,8.97,8.6
2017-07-28,8.85,8.86,9.08,8.85
2017-07-31,8.79,8.84,8.93,8.79
2017-08-01,8.8,8.86,8.88,8.78
2017-08-02,8.85,8.7,8.85,8.65
2017-08-03,8.7,8.77,8.81,8.61
2017-08-04,8.77,8.69,8.78,8.67
2017-08-07,8.65,8.75,8.75,8.63
2017-08-08,8.75,8.8,8.81,8.64
2017-08-09,8.75,9.01,9.39,8.75
2017-08-10,8.95,9.1,9.27,8.88
2017-08-11,9.02,9.08,9.25,9.01
2017-08-14,9.03,9.14,9.2,9.03
2017-08-15,9.16,9.14,9.21,9.06
2017-08-16,9.14,9.18,9.21,9.13
2017-08-17,9.18,9.14,9.19,9.07
2017-08-18,9.14,9.1,9.14,9.06
2017-08-21,9.08,9.11,9.16,9.06
2017-08-22,9.11,9.01,9.13,8.98
2017-08-23,9.02,9.03,9.09,8.99
2017-08-24,9.03,8.94,9.03,8.93
2017-08-25,8.96,9.02,9.04,8.93
2017-08-28,9.02,9.1,9.12,9.0
2017-08-29,9.09,9.07,9.13,9.05
2017-08-30,9.09,9.27,9.47,9.06
2017-08-31,9.22,9.27,9.28,9.11
2017-09-01,9.27,9.3,9.45,9.24
2017-09-04,9.26,9.39,9.41,9.24
2017-09-05,9.4,9.53,9.63,9.4
2017-09-06,9.48,9.43,9.52,9.36
2017-09-07,9.39,9.32,9.48,9.31
2017-09-08,9.35,9.35,9.38,9.3
2017-09-11,9.3,9.34,9.39,9.24
2017-09-12,9.61,9.68,10.17,9.57
2017-09-13,9.58,9.5,9.68,9.46
2017-09-14,9.45,9.41,9.57,9.37
2017-09-15,9.41,9.45,9.65,9.36
2017-09-18,9.41,9.41,9.44,9.34
2017-09-19,9.38,9.38,9.46,9.36
2017-09-20,9.38,9.45,9.63,9.38
2017-09-21,9.42,9.23,9.43,9.19
2017-09-22,9.28,9.06,9.28,8.98
2017-09-25,9.1,9.0,9.18,9.0
2017-09-26,9.01,9.04,9.09,8.98
2017-09-27,9.0,9.02,9.04,8.94
2017-09-28,9.03,9.08,9.23,9.02
2017-09-29,9.08,9.12,9.18,9.06
2017-10-09,9.17,9.03,9.23,8.92
2017-10-10,9.04,9.03,9.04,8.91
2017-10-11,9.01,9.05,9.07,8.97
2017-10-12,9.05,9.07,9.17,9.01
2017-10-13,9.11,9.14,9.15,9.05
2017-10-16,9.13,8.94,9.18,8.93
2017-10-17,8.9,8.92,8.98,8.89
2017-10-18,8.94,8.69,8.94,8.66
2017-10-19,8.7,8.49,8.7,8.48
2017-10-20,8.53,8.79,8.81,8.49
2017-10-23,8.89,8.78,8.91,8.72
2017-10-24,8.75,8.65,8.75,8.6
2017-10-25,8.65,8.76,8.83,8.61
2017-10-26,8.72,8.7,8.74,8.64
2017-10-27,8.7,8.59,8.75,8.54
2017-10-30,8.51,8.3,8.59,8.23
2017-10-31,8.38,8.31,8.4,8.27
2017-11-01,8.38,8.3,8.38,8.25
2017-11-02,8.3,8.09,8.33,8.05
2017-11-03,8.12,8.06,8.17,8.01
2017-11-06,8.01,8.13,8.19,8.01
2017-11-07,8.15,8.23,8.23,8.02
2017-11-08,8.18,8.2,8.29,8.13
2017-11-09,8.25,8.24,8.38,8.17
2017-11-10,8.24,8.24,8.28,8.2
2017-11-13,8.2,8.1,8.24,8.05
2017-11-14,8.13,8.08,8.16,7.99
2017-11-15,8.08,8.02,8.08,7.99
2017-11-16,8.01,7.91,8.03,7.72
2017-11-17,7.82,7.52,7.82,7.42
2017-11-20,7.53,7.42,7.53,7.1
2017-11-21,7.38,7.44,7.47,7.31
2017-11-22,7.44,7.66,7.93,7.28
2017-11-23,7.65,7.85,7.97,7.51
2017-11-24,7.95,7.94,7.98,7.69
2017-11-27,7.93,7.36,8.15,7.36
2017-11-28,7.24,7.39,7.45,7.14
2017-11-29,7.37,7.3,7.39,7.25
2017-11-30,7.26,7.29,7.43,7.23
2017-12-01,7.27,7.37,7.44,7.25
2017-12-04,7.44,7.44,7.9,7.39
2017-12-05,7.38,7.21,7.5,7.15
2017-12-06,7.2,7.23,7.29,7.04
2017-12-07,7.2,7.14,7.28,7.09
2017-12-08,7.14,7.23,7.27,7.06
2017-12-11,7.23,7.3,7.3,7.14
2017-12-12,7.25,7.21,7.31,7.19
2017-12-13,7.22,7.3,7.34,7.18
2017-12-14,7.29,7.34,7.37,7.24
2017-12-15,7.29,7.49,7.71,7.26
2017-12-18,7.44,7.24,7.47,7.21
2017-12-19,7.21,7.32,7.34,7.21
2017-12-20,7.28,7.17,7.32,7.15
2017-12-21,7.17,7.04,7.19,6.96
2017-12-22,7.02,7.05,7.13,7.02
2017-12-25,7.05,7.0,7.09,6.98
2017-12-26,7.0,7.01,7.06,6.89
2017-12-27,6.96,6.97,6.98,6.91
2017-12-28,6.97,7.07,7.15,6.91
2017-12-29,7.04,7.06,7.08,6.99
2018-01-02,7.07,7.14,7.15,7.07
2018-01-03,7.15,7.18,7.21,7.12
2018-01-04,7.18,7.31,7.54,7.14
2018-01-05,7.28,7.2,7.32,7.2
2018-01-08,7.2,7.22,7.22,7.13
2018-01-09,7.17,7.31,7.39,7.17
2018-01-10,7.3,7.23,7.3,7.13
2018-01-11,7.21,7.27,7.28,7.15
2018-01-12,7.23,7.24,7.27,7.18
2018-01-15,7.21,7.04,7.22,7.0
2018-01-16,7.07,7.1,7.13,7.0
2018-01-17,7.1,7.07,7.1,7.0
2018-01-18,7.05,7.06,7.07,7.02
2018-01-19,7.06,7.12,7.13,7.01
2018-01-22,7.11,7.13,7.17,6.97
2018-01-23,7.09,7.1,7.16,7.05
2018-01-24,7.09,7.08,7.1,7.02
2018-01-25,7.09,7.13,7.15,7.05
2018-01-26,7.12,7.03,7.13,7.02
2018-01-29,7.07,6.87,7.07,6.85
2018-01-30,6.84,6.91,7.0,6.84
2018-01-31,6.85,6.41,6.85,6.37
2018-02-01,6.41,6.12,6.5,6.06
2018-02-02,6.03,5.98,6.09,5.91
2018-02-05,5.91,6.02,6.14,5.85
2018-02-06,5.92,5.6,6.01,5.6
2018-02-07,5.72,5.63,5.72,5.47
2018-02-08,5.57,5.74,5.77,5.56
2018-02-09,5.66,5.55,5.67,5.48
2018-02-12,5.59,5.77,5.85,5.59
2018-02-13,5.8,5.87,6.02,5.8
2018-02-14,5.87,5.9,5.93,5.83
2018-02-22,5.93,5.96,6.02,5.89
2018-02-23,5.95,5.95,5.98,5.93
2018-02-26,5.97,6.06,6.1,5.95
2018-02-27,6.09,6.06,6.09,6.02
2018-02-28,6.09,6.05,6.09,5.98
2018-03-01,6.03,6.15,6.15,6.01
2018-03-02,6.13,6.09,6.13,6.04
2018-03-05,6.03,6.09,6.1,6.03
2018-03-06,6.1,6.15,6.16,6.07
2018-03-07,6.12,6.17,6.19,6.12
2018-03-08,6.16,6.25,6.26,6.12
2018-03-09,6.24,6.37,6.43,6.22
2018-03-12,6.25,6.89,6.89,6.25
2018-03-13,7.18,6.73,7.18,6.72
2018-03-14,6.67,6.53,6.7,6.5
2018-03-15,6.53,6.4,6.55,6.33
2018-03-16,6.42,6.49,6.66,6.4
2018-03-19,6.51,6.45,6.53,6.38
2018-03-20,6.43,6.45,6.45,6.32
2018-03-21,6.42,6.43,6.54,6.4
2018-03-22,6.43,6.56,6.87,6.37
2018-03-23,6.35,6.1,6.4,6.0
2018-03-26,5.89,6.09,6.11,5.86
2018-03-27,6.15,6.24,6.36,6.1
2018-03-28,6.11,6.3,6.47,6.11
2018-03-29,6.3,6.32,6.39,6.21
2018-03-30,6.32,6.36,6.4,6.31
2018-04-02,6.36,6.3,6.38,6.25
2018-04-03,6.2,6.18,6.24,6.11
2018-04-04,6.18,6.17,6.26,6.16
2018-04-09,6.16,6.13,6.21,5.9
2018-04-10,6.12,6.18,6.23,6.1
2018-04-11,6.18,6.22,6.25,6.17
2018-04-12,6.19,6.21,6.29,6.15
2018-04-13,6.22,6.21,6.36,6.15
2018-04-16,6.08,6.11,6.18,6.04
2018-04-17,6.14,5.89,6.15,5.84
2018-04-18,5.96,6.12,6.15,5.86
2018-04-19,6.06,5.99,6.11,5.92
2018-04-20,5.93,5.73,5.97,5.72
2018-04-23,5.75,5.75,5.83,5.66
2018-04-24,5.74,5.88,5.88,5.71
2018-04-25,5.83,5.93,5.93,5.82
2018-04-26,5.9,5.85,5.92,5.7
2018-04-27,5.85,5.74,5.88,5.68
2018-05-02,5.75,5.75,5.79,5.7
2018-05-03,5.62,5.77,5.79,5.62
2018-05-04,5.71,5.88,5.96,5.71
2018-05-07,5.88,5.97,6.01,5.87
2018-05-08,5.98,6.03,6.03,5.9
2018-05-09,6.15,6.08,6.34,6.07
2018-05-10,6.02,6.12,6.14,5.98
2018-05-11,6.11,5.99,6.11,5.97
2018-05-14,6.0,5.89,6.01,5.85
2018-05-15,5.87,6.02,6.03,5.87
2018-05-16,5.98,5.95,6.05,5.92
2018-05-17,5.95,5.89,5.97,5.88
2018-05-18,5.93,5.96,5.98,5.89
2018-05-21,5.98,6.01,6.02,5.97
2018-05-22,6.0,6.03,6.04,5.97
2018-05-23,6.03,5.92,6.03,5.9
2018-05-24,5.91,5.94,5.98,5.89
2018-05-25,5.88,5.89,5.93,5.84
