date,open,close,high,low
2016-01-04,14.764,13.292,14.842,13.243
2016-01-05,12.125,12.537,13.302,12.056
2016-01-06,12.567,12.861,12.959,12.459
2016-01-07,12.37,11.576,12.694,11.576
2016-01-08,12.076,11.576,12.204,10.506
2016-01-11,11.046,10.418,11.429,10.418
2016-01-12,10.349,10.212,10.595,9.79
2016-01-13,10.202,9.859,10.663,9.82
2016-01-14,9.614,10.595,10.742,9.319
2016-01-15,10.31,9.908,10.556,9.614
2016-01-18,9.751,9.987,10.281,9.614
2016-01-19,10.085,10.389,10.477,9.957
2016-01-20,10.349,10.124,10.467,10.065
2016-01-21,9.957,9.937,10.379,9.82
2016-01-22,10.124,10.036,10.134,9.731
2016-01-25,10.094,10.31,10.399,10.065
2016-01-26,10.134,9.457,10.251,9.29
2016-01-27,9.467,9.241,9.653,8.75
2016-01-28,9.172,8.8,9.28,8.701
2016-01-29,8.829,9.064,9.153,8.633
2016-02-01,9.104,8.839,9.104,8.731
2016-02-02,8.907,9.192,9.261,8.829
2016-02-03,9.104,9.241,9.27,9.006
2016-02-04,9.27,9.516,9.594,9.231
2016-02-05,9.712,9.378,9.712,9.349
2016-02-15,8.976,9.27,9.408,8.927
2016-02-16,9.3,9.692,9.712,9.3
2016-02-17,9.614,9.839,9.957,9.565
2016-02-18,9.908,9.908,10.3,9.781
2016-02-19,9.82,9.908,9.996,9.731
2016-02-22,9.987,10.202,10.34,9.987
2016-02-23,10.193,10.036,10.271,9.888
2016-02-24,9.928,10.232,10.261,9.928
2016-02-25,10.153,9.212,10.261,9.212
2016-02-26,9.202,9.202,9.408,8.996
2016-02-29,9.192,8.701,9.192,8.397
2016-03-01,8.829,8.888,8.947,8.535
2016-03-02,8.878,9.781,9.781,8.849
2016-03-03,10.34,10.232,10.762,10.104
2016-03-04,9.918,9.761,10.291,9.555
2016-03-07,9.957,9.937,10.094,9.712
2016-03-08,9.918,9.82,9.918,9.212
2016-03-09,9.545,9.516,9.663,9.408
2016-03-10,9.575,9.378,9.663,9.329
2016-03-11,9.29,9.349,9.398,9.094
2016-03-14,9.496,9.731,9.957,9.496
2016-03-15,9.741,9.604,9.771,9.516
2016-03-16,9.722,9.663,9.898,9.614
2016-03-17,9.712,9.908,9.937,9.673
2016-03-18,9.996,10.124,10.232,9.849
2016-03-21,10.193,10.448,10.575,10.153
2016-03-22,10.369,10.31,10.448,10.232
2016-03-23,10.251,10.379,10.506,10.202
2016-03-24,10.202,10.104,10.349,10.094
2016-03-25,10.104,10.232,10.242,10.065
2016-03-28,10.399,10.202,10.516,10.124
2016-03-29,10.3,9.977,10.3,9.908
2016-03-30,10.065,10.369,10.428,10.055
2016-03-31,10.506,10.418,10.516,10.34
2016-04-01,10.418,10.585,10.585,10.232
2016-04-05,10.497,11.017,11.124,10.497
2016-04-06,10.928,11.026,11.34,10.801
2016-04-07,11.124,10.86,11.134,10.742
2016-04-08,10.801,10.595,10.801,10.399
2016-04-11,10.624,10.83,11.007,10.624
2016-04-12,10.879,11.056,11.164,10.742
2016-04-13,11.085,11.144,11.409,11.036
2016-04-14,11.223,11.321,11.429,11.085
2016-04-15,11.33,11.772,12.017,11.232
2016-04-18,11.772,11.87,12.262,11.595
2016-04-19,11.792,11.909,12.125,11.595
2016-04-20,11.87,11.429,12.155,11.066
2016-04-21,11.35,12.204,12.567,11.34
2016-04-22,11.968,11.968,12.037,11.635
2016-04-25,11.87,11.909,12.135,11.546
2016-04-26,11.978,11.782,11.988,11.487
2016-04-27,11.87,11.998,12.213,11.792
2016-04-28,11.919,11.998,12.155,11.654
2016-04-29,11.998,11.909,12.105,11.772
2016-05-03,11.801,12.213,12.233,11.801
2016-05-04,12.174,12.508,12.733,12.047
2016-05-05,12.39,12.361,12.714,12.204
2016-05-06,12.292,11.586,12.361,11.586
2016-05-09,11.281,10.997,11.429,10.801
2016-05-10,11.007,10.811,11.154,10.693
2016-05-11,10.899,10.752,11.075,10.624
2016-05-12,10.644,11.154,11.164,10.31
2016-05-13,11.272,11.232,11.38,11.046
2016-07-13,11.38,11.232,12.172,11.183
2016-07-14,11.024,10.945,11.163,10.856
2016-07-15,10.965,11.014,11.084,10.737
2016-07-18,10.975,10.995,11.103,10.886
2016-07-19,10.975,10.935,10.975,10.846
2016-07-20,10.915,10.846,10.965,10.836
2016-07-21,10.836,10.905,10.935,10.836
2016-07-22,10.925,10.836,11.004,10.787
2016-07-25,10.836,10.836,10.876,10.747
2016-07-26,10.836,10.965,10.965,10.816
2016-07-27,10.975,10.401,10.975,10.292
2016-07-28,10.401,10.331,10.47,10.213
2016-07-29,10.371,10.094,10.371,9.985
2016-08-01,10.084,10.203,10.331,9.936
2016-08-02,10.193,10.233,10.282,10.074
2016-08-03,10.233,10.351,10.48,10.173
2016-08-04,10.341,10.341,10.421,10.292
2016-08-05,10.341,10.381,10.46,10.213
2016-08-08,10.381,10.49,10.5,10.272
2016-08-09,10.49,10.529,10.559,10.411
2016-08-10,10.49,10.5,10.589,10.48
2016-08-11,10.51,10.331,10.529,10.312
2016-08-12,10.322,10.569,10.569,10.312
2016-08-15,10.549,10.797,10.816,10.49
2016-08-16,10.767,10.797,10.915,10.767
2016-08-17,10.866,10.777,10.866,10.737
2016-08-18,10.787,10.767,10.915,10.727
2016-08-19,10.777,10.767,10.846,10.717
2016-08-22,10.826,10.826,10.886,10.668
2016-08-23,10.816,10.836,11.084,10.737
2016-08-24,10.797,10.995,11.014,10.747
2016-08-25,10.955,11.291,11.38,10.797
2016-08-26,11.183,11.39,11.43,11.173
2016-08-29,11.4,12.241,12.271,11.272
2016-08-30,12.133,12.192,12.35,11.994
2016-08-31,12.083,12.093,12.281,11.905
2016-09-01,12.083,12.469,12.608,11.974
2016-09-02,12.35,12.241,12.489,12.034
2016-09-05,12.182,12.152,12.36,12.024
2016-09-06,12.123,12.657,12.805,11.915
2016-09-07,12.756,12.449,13.043,12.192
2016-09-08,12.34,12.113,12.37,12.053
2016-09-09,12.093,11.756,12.152,11.747
2016-09-12,11.568,11.202,11.568,11.202
2016-09-13,11.281,11.291,11.361,11.262
2016-09-14,11.242,11.232,11.331,11.074
2016-09-19,11.252,11.479,11.628,11.232
2016-09-20,11.4,11.519,11.578,11.331
2016-09-21,11.44,11.559,11.707,11.44
2016-09-22,11.578,11.529,11.687,11.509
2016-09-23,11.559,11.183,11.598,11.133
2016-09-26,11.183,10.896,11.232,10.896
2016-09-27,10.905,11.064,11.064,10.896
2016-09-28,11.064,11.113,11.192,11.004
2016-09-29,11.133,11.103,11.202,11.093
2016-09-30,11.074,11.153,11.173,11.064
2016-10-10,11.212,11.47,11.47,11.183
2016-10-11,11.46,11.667,11.717,11.38
2016-10-12,11.578,11.618,11.737,11.529
2016-10-13,11.618,11.588,11.707,11.568
2016-10-14,11.568,11.677,11.677,11.44
2016-10-17,11.667,11.44,11.756,11.331
2016-10-18,11.44,11.628,11.628,11.4
2016-10-19,11.677,11.559,11.727,11.539
2016-10-20,11.578,11.588,11.618,11.46
2016-10-21,11.549,11.44,11.588,11.341
2016-10-24,11.39,11.588,11.658,11.38
2016-10-25,11.578,11.717,11.806,11.578
2016-10-26,11.687,12.043,12.073,11.648
2016-10-27,11.954,11.816,12.043,11.737
2016-10-28,11.776,11.628,11.895,11.628
2016-10-31,11.608,11.509,11.618,11.38
2016-11-01,11.519,11.687,11.707,11.479
2016-11-02,11.687,11.648,11.697,11.539
2016-11-03,11.687,12.024,12.212,11.687
2016-11-04,11.885,12.014,12.043,11.796
2016-11-07,11.925,11.954,12.212,11.925
2016-11-08,12.004,12.014,12.133,11.875
2016-11-09,12.024,11.766,12.083,11.677
2016-11-10,11.915,12.113,12.123,11.846
2016-11-11,12.321,12.202,12.815,12.172
2016-11-14,12.202,12.34,12.548,12.182
2016-11-15,12.281,12.251,12.36,12.172
2016-11-16,12.261,12.42,12.489,12.261
2016-11-17,12.449,12.39,12.459,12.202
2016-11-18,12.321,12.202,12.39,12.123
2016-11-21,12.172,12.103,12.281,12.024
2016-11-22,12.123,12.241,12.261,12.113
2016-11-23,12.281,12.162,12.311,12.133
2016-11-24,12.133,12.034,12.202,11.964
2016-11-25,12.073,11.945,12.073,11.786
2016-11-28,11.945,11.964,12.034,11.846
2016-11-29,11.935,11.697,11.945,11.687
2016-11-30,11.677,11.667,11.756,11.598
2016-12-01,11.648,11.875,11.945,11.638
2016-12-02,11.875,11.786,11.945,11.776
2016-12-05,11.697,11.826,11.915,11.677
2016-12-06,11.855,11.895,11.974,11.836
2016-12-07,11.895,11.994,11.994,11.776
2016-12-08,12.014,11.925,12.014,11.915
2016-12-09,11.935,11.796,11.984,11.717
2016-12-12,11.756,11.281,11.846,11.074
2016-12-13,11.311,11.252,11.311,10.945
2016-12-14,11.173,11.252,11.479,11.143
2016-12-15,11.262,11.341,11.499,11.262
2016-12-16,11.281,11.331,11.42,11.212
2016-12-19,11.242,11.183,11.341,11.133
2016-12-20,11.183,11.331,11.331,11.113
2016-12-21,11.351,11.42,11.489,11.272
2016-12-22,11.41,11.509,11.618,11.361
2016-12-23,11.479,11.42,11.559,11.38
2016-12-26,11.341,11.43,11.479,11.202
2016-12-27,11.43,11.756,11.925,11.43
2016-12-28,11.756,11.638,11.766,11.588
2016-12-29,11.648,11.737,11.766,11.568
2016-12-30,11.756,11.954,11.954,11.658
2017-01-03,11.964,12.073,12.222,11.836
2017-01-04,12.063,12.162,12.241,12.004
2017-01-05,12.133,12.261,12.469,12.113
2017-01-06,12.172,12.271,12.321,11.994
2017-01-09,12.192,12.429,12.598,12.073
2017-01-10,12.439,12.162,12.459,12.142
2017-01-11,12.123,12.212,12.459,12.113
2017-01-12,12.291,13.429,13.429,12.232
2017-01-13,13.637,12.885,13.845,12.786
2017-01-16,12.707,12.261,12.815,11.598
2017-01-17,12.073,12.42,12.518,11.727
2017-01-18,12.271,13.666,13.666,12.202
2017-01-19,13.963,13.142,14.32,13.102
2017-01-20,12.865,13.736,14.31,12.805
2017-01-23,13.558,13.597,13.835,13.31
2017-01-24,13.35,13.488,14.161,13.201
2017-01-25,13.36,13.33,13.419,12.924
2017-01-26,13.36,13.142,13.37,13.013
2017-02-03,13.132,13.251,13.29,12.914
2017-02-06,13.211,13.498,13.548,12.924
2017-02-07,13.399,13.36,13.815,13.261
2017-02-08,13.182,13.706,14.003,13.023
2017-02-09,13.587,13.934,14.626,13.518
2017-02-10,13.854,14.112,14.498,13.755
2017-02-13,13.914,13.706,13.953,13.548
2017-02-14,13.706,13.686,13.934,13.558
2017-02-15,13.587,13.399,13.676,13.36
2017-02-16,13.37,13.389,13.518,13.162
2017-02-17,13.29,13.102,13.518,13.092
2017-02-20,13.043,13.34,13.429,13.013
2017-02-21,13.35,13.409,13.459,13.241
2017-02-22,13.399,13.795,14.003,13.32
2017-02-23,13.736,13.191,13.765,13.102
2017-02-24,13.152,12.904,13.162,12.796
2017-02-27,12.914,12.895,13.102,12.756
2017-02-28,12.865,13.053,13.102,12.865
2017-03-01,13.063,13.013,13.152,12.964
2017-03-02,13.003,13.003,13.261,12.993
2017-03-03,12.904,12.766,12.914,12.697
2017-03-06,12.746,12.964,13.003,12.746
2017-03-07,12.964,12.984,13.053,12.875
2017-03-08,12.974,12.924,13.033,12.875
2017-03-09,12.904,12.667,12.934,12.647
2017-03-10,12.657,12.667,12.805,12.637
2017-03-13,12.677,12.875,12.904,12.499
2017-03-14,12.865,12.786,12.934,12.766
2017-03-15,12.855,12.865,12.974,12.716
2017-03-16,12.914,13.083,13.112,12.865
2017-03-17,13.132,12.895,13.132,12.895
2017-03-20,12.875,13.033,13.033,12.825
2017-03-21,13.013,12.726,13.033,12.608
2017-03-22,12.568,12.37,12.637,12.291
2017-03-23,12.36,12.053,12.42,11.776
2017-03-24,12.004,12.271,12.35,12.004
2017-03-27,12.321,12.241,12.37,12.172
2017-03-28,12.251,12.301,12.36,12.073
2017-03-29,12.261,12.103,12.291,12.073
2017-03-30,12.053,11.658,12.053,11.499
2017-03-31,11.638,11.737,11.766,11.529
2017-04-05,12.251,12.291,12.469,11.984
2017-04-06,12.271,12.053,12.271,12.053
2017-04-07,11.658,11.846,11.925,11.658
2017-04-10,11.786,13.033,13.033,11.628
2017-04-11,13.162,13.439,14.023,12.964
2017-04-12,13.013,12.281,13.063,12.212
2017-04-13,12.053,12.558,12.835,12.024
2017-04-14,12.38,11.865,12.558,11.826
2017-04-17,11.875,11.747,12.024,11.539
2017-04-18,11.756,11.4,11.846,11.4
2017-04-19,11.281,11.034,11.281,10.816
2017-04-20,11.004,10.688,11.064,10.599
2017-04-21,10.708,10.678,10.846,10.658
2017-04-24,10.668,10.173,10.668,10.094
2017-04-25,10.143,10.242,10.302,10.084
2017-04-26,10.242,10.252,10.272,10.153
2017-04-27,10.252,10.282,10.331,9.817
2017-04-28,10.282,10.46,10.48,10.143
2017-05-02,10.401,10.312,10.45,10.203
2017-05-03,10.312,10.401,10.519,10.233
2017-05-04,10.401,10.302,10.559,10.233
2017-05-05,10.233,10.094,10.312,10.054
2017-05-08,9.896,9.569,10.054,9.49
2017-05-09,9.51,9.599,9.649,9.421
2017-05-10,9.619,9.401,9.728,9.282
2017-05-11,9.223,9.104,9.322,8.916
2017-05-12,9.144,9.055,9.203,8.956
2017-05-15,9.045,9.134,9.184,9.005
2017-05-16,9.154,9.352,9.362,9.035
2017-05-17,9.391,9.728,10.292,9.312
2017-05-18,9.5,9.52,9.688,9.48
2017-05-19,9.471,9.56,9.619,9.471
2017-05-22,9.451,9.292,9.728,9.292
2017-05-23,9.292,8.976,9.352,8.966
2017-05-24,8.807,8.996,9.005,8.807
2017-05-25,9.005,9.134,9.164,8.877
2017-05-26,9.223,9.352,9.54,9.065
2017-05-31,9.352,9.085,9.48,9.085
2017-06-01,8.936,8.867,9.085,8.857
2017-06-02,8.857,9.055,9.055,8.768
2017-06-05,9.025,9.104,9.223,9.025
2017-06-06,9.104,9.124,9.154,9.035
2017-06-07,9.104,9.342,9.401,9.104
2017-06-08,9.372,9.263,9.381,9.223
2017-06-09,9.263,9.391,9.441,9.203
2017-06-12,9.362,9.203,9.362,9.124
2017-06-13,9.134,9.243,9.292,9.134
2017-06-14,9.253,9.282,9.332,9.213
2017-06-15,9.282,9.461,9.471,9.273
2017-06-16,9.461,9.48,9.53,9.362
2017-06-19,9.48,9.53,9.569,9.421
2017-06-20,9.6,9.44,9.6,9.41
2017-06-21,9.42,9.44,9.49,9.35
2017-06-22,9.41,9.44,9.99,9.32
2017-06-23,9.33,9.15,9.37,8.99
2017-06-26,9.2,9.25,9.25,9.1
2017-06-27,9.24,9.24,9.29,9.2
2017-06-28,9.22,9.15,9.22,9.12
2017-06-29,9.15,9.39,9.65,9.15
2017-06-30,9.29,9.39,9.43,9.24
2017-07-03,9.41,9.46,9.49,9.31
2017-07-04,9.42,9.45,9.48,9.38
2017-07-05,9.37,9.43,9.45,9.29
2017-07-06,9.41,9.4,9.47,9.34
2017-07-07,9.4,9.45,9.47,9.32
2017-07-10,9.44,9.5,9.6,9.42
2017-07-11,9.5,9.58,9.95,9.43
2017-07-12,9.49,9.46,9.63,9.3
2017-07-13,9.45,9.72,9.73,9.36
2017-07-14,9.7,9.75,9.87,9.54
2017-07-17,9.74,9.06,9.75,9.0
2017-07-18,9.06,9.17,9.17,9.0
2017-07-19,9.17,9.48,9.54,9.08
2017-07-20,9.42,9.42,9.62,9.37
2017-07-21,9.4,9.51,9.59,9.36
2017-07-24,9.46,9.72,9.84,9.46
2017-07-25,9.68,9.62,9.72,9.5
2017-07-26,9.61,9.56,9.67,9.42
2017-07-27,9.55,9.69,9.76,9.46
2017-07-28,9.66,9.56,9.68,9.5
2017-07-31,9.55,9.65,9.69,9.47
2017-08-01,9.63,9.62,9.64,9.53
2017-08-02,9.64,9.4,9.64,9.39
2017-08-03,9.32,9.38,9.51,9.32
2017-08-04,9.37,9.53,9.99,9.36
2017-08-07,9.48,9.72,9.78,9.42
2017-08-08,9.65,9.72,9.87,9.61
2017-08-09,9.79,9.72,9.84,9.62
2017-08-10,9.65,10.2,10.38,9.65
2017-08-11,10.03,9.8,10.12,9.73
2017-08-14,9.8,10.13,10.19,9.8
2017-08-15,10.07,10.44,10.48,9.99
2017-08-16,10.43,10.32,10.43,10.23
2017-08-17,10.32,10.28,10.36,10.12
2017-08-18,10.22,10.23,10.28,10.15
2017-08-21,10.24,10.05,10.28,10.01
2017-08-22,9.93,9.9,10.12,9.82
2017-08-23,9.89,9.85,9.96,9.75
2017-08-24,9.86,9.77,10.12,9.6
2017-08-25,9.71,9.8,9.83,9.64
2017-08-28,9.81,9.94,10.02,9.73
2017-08-29,9.97,9.87,10.15,9.85
2017-08-30,9.8,9.78,9.89,9.74
2017-08-31,9.82,9.8,9.85,9.72
2017-09-01,9.88,9.83,9.94,9.75
2017-09-04,9.8,9.8,9.87,9.77
2017-09-05,9.8,9.82,9.82,9.75
2017-09-06,9.82,9.74,9.82,9.57
2017-09-07,9.8,9.88,9.96,9.64
2017-09-08,9.82,9.77,9.85,9.7
2017-09-11,9.8,9.78,9.88,9.69
2017-09-12,9.75,9.73,9.78,9.67
2017-09-13,9.73,9.73,9.75,9.67
2017-09-14,9.73,9.78,9.92,9.73
2017-09-15,9.78,9.71,9.8,9.64
2017-09-18,9.76,9.75,9.76,9.66
2017-09-19,9.77,9.73,9.79,9.71
2017-09-20,9.76,9.83,9.86,9.66
2017-09-21,9.79,9.87,9.96,9.77
2017-09-22,9.83,9.86,9.92,9.75
2017-09-25,9.88,9.54,9.91,9.54
2017-09-26,9.55,9.3,9.59,9.19
2017-09-27,9.27,9.34,9.35,9.27
2017-09-28,9.35,9.28,9.35,9.23
2017-09-29,9.25,9.33,9.34,9.24
2017-10-09,9.4,9.45,9.47,9.34
2017-10-10,9.4,9.51,9.53,9.36
2017-10-11,9.49,9.54,9.65,9.47
2017-10-12,9.49,9.47,9.58,9.43
2017-10-13,9.47,9.42,9.48,9.38
2017-10-16,9.48,9.25,9.48,9.24
2017-10-17,9.26,9.27,9.31,9.2
2017-10-18,9.26,9.21,9.28,9.17
2017-10-19,9.15,9.03,9.23,9.03
2017-10-20,9.05,9.19,9.2,9.04
2017-10-23,9.23,9.21,9.23,9.17
2017-10-24,9.23,9.16,9.23,9.14
2017-10-25,9.13,9.25,9.26,9.12
2017-10-26,9.19,9.3,9.56,9.14
2017-10-27,9.28,9.19,9.33,9.15
2017-10-30,9.19,8.94,9.19,8.84
2017-10-31,8.93,9.02,9.07,8.86
2017-11-01,9.03,8.99,9.05,8.94
2017-11-02,8.99,8.91,9.03,8.85
2017-11-03,8.91,8.8,8.91,8.66
2017-11-06,8.78,8.76,8.78,8.65
2017-11-07,8.76,8.75,8.8,8.71
2017-11-08,8.75,8.78,8.83,8.74
2017-11-09,8.78,8.77,8.82,8.72
2017-11-10,8.76,8.7,8.76,8.68
2017-11-13,8.7,8.62,8.73,8.6
2017-11-14,8.66,8.62,8.69,8.5
2017-11-15,8.59,8.61,8.63,8.52
2017-11-16,8.57,8.7,8.72,8.55
2017-11-17,8.69,8.51,8.8,8.49
2017-11-20,8.45,8.28,8.45,8.14
2017-11-21,8.25,8.19,8.26,8.12
2017-11-22,8.19,8.2,8.22,8.13
2017-11-23,8.21,7.87,8.22,7.83
2017-11-24,7.87,7.86,7.95,7.72
2017-11-27,7.85,7.81,7.86,7.77
2017-11-28,7.81,7.87,7.94,7.77
2017-11-29,7.84,8.28,8.5,7.84
2017-11-30,8.19,8.14,8.26,8.08
2017-12-01,8.05,8.27,8.4,8.0
2017-12-04,8.17,8.28,8.43,8.17
2017-12-05,8.28,8.2,8.6,8.14
2017-12-06,8.2,8.18,8.25,8.05
2017-12-07,8.17,8.15,8.4,8.1
2017-12-08,8.13,8.15,8.22,8.09
2017-12-11,8.18,8.22,8.27,8.13
2017-12-12,8.21,8.21,8.32,8.16
2017-12-13,8.16,8.21,8.25,8.14
2017-12-14,8.25,8.17,8.25,8.15
2017-12-15,8.25,8.2,8.25,8.12
2017-12-18,8.2,8.15,8.2,8.12
2017-12-19,8.15,8.21,8.3,8.15
2017-12-20,8.2,8.23,8.4,8.16
2017-12-21,8.33,8.2,8.33,8.13
2017-12-22,8.25,8.55,8.66,8.15
2017-12-25,8.53,8.67,8.93,8.44
2017-12-26,8.62,8.63,8.87,8.6
2017-12-27,8.63,8.52,8.63,8.35
2017-12-28,8.4,8.35,8.51,8.16
2017-12-29,8.32,8.31,8.75,8.3
2018-01-02,8.4,8.25,8.4,8.18
2018-01-03,8.23,8.27,8.33,8.23
2018-01-04,8.35,8.2,8.35,8.15
2018-01-05,8.2,8.18,8.24,8.1
2018-01-08,8.17,8.14,8.19,8.09
2018-01-09,8.14,8.24,8.27,8.12
2018-01-10,8.21,8.13,8.21,8.07
2018-01-11,8.12,8.08,8.14,8.04
2018-01-12,8.1,8.08,8.14,8.03
2018-01-15,8.08,7.93,8.08,7.81
2018-01-16,7.99,7.89,7.99,7.83
2018-01-17,7.94,7.8,7.94,7.75
2018-01-18,7.79,7.8,7.92,7.73
2018-01-19,7.8,7.83,7.95,7.78
2018-01-22,7.83,7.97,8.06,7.78
2018-01-23,8.0,8.04,8.1,7.92
2018-01-24,8.09,7.97,8.09,7.95
2018-01-25,7.92,7.93,8.02,7.92
2018-01-26,7.91,7.9,7.95,7.89
2018-01-29,7.91,7.91,8.0,7.83
2018-01-30,7.85,7.95,7.97,7.85
2018-01-31,7.9,7.8,7.93,7.77
2018-02-01,7.8,7.81,7.92,7.77
2018-02-02,7.8,7.58,7.82,7.3
2018-02-05,7.44,7.41,7.5,7.36
2018-02-06,7.4,7.01,7.5,6.92
2018-02-07,7.01,6.99,7.17,6.8
2018-02-08,7.0,7.04,7.09,6.96
2018-02-09,6.93,6.76,6.93,6.66
2018-02-12,6.8,6.89,6.95,6.8
2018-02-13,6.94,6.91,6.96,6.88
2018-02-14,6.97,6.97,6.99,6.82
2018-02-22,7.0,7.06,7.06,6.92
2018-02-23,7.06,7.03,7.06,6.97
2018-02-26,7.02,7.25,7.32,7.01
2018-02-27,7.16,7.2,7.36,7.16
2018-02-28,7.18,7.21,7.26,7.12
2018-03-01,7.19,7.22,7.25,7.13
2018-03-02,7.2,7.22,7.23,7.16
2018-03-05,7.22,7.15,7.22,7.13
2018-03-06,7.15,7.22,7.24,7.15
2018-03-07,7.18,7.16,7.24,7.15
2018-03-08,7.12,7.2,7.22,7.12
2018-03-09,7.17,7.25,7.29,7.17
2018-03-12,7.29,7.46,7.49,7.26
2018-03-13,7.44,7.46,7.48,7.37
2018-03-14,7.44,7.27,7.44,7.27
2018-03-15,7.26,7.32,7.33,7.16
2018-03-16,7.3,7.21,7.3,7.17
2018-03-19,7.21,7.21,7.23,7.14
2018-03-20,7.18,7.25,7.28,7.15
2018-03-21,7.25,7.26,7.36,7.22
2018-03-22,7.22,7.4,7.44,7.19
2018-03-23,7.25,6.94,7.27,6.8
2018-03-26,6.72,7.1,7.13,6.48
2018-03-27,7.08,7.19,7.2,7.0
2018-03-28,7.12,7.09,7.15,7.05
2018-03-29,7.1,7.11,7.15,7.06
2018-03-30,7.13,7.19,7.19,6.99
2018-04-02,7.15,7.3,7.7,7.1
2018-04-03,7.2,7.32,7.34,7.12
2018-04-04,7.2,7.24,7.31,7.16
2018-04-09,7.15,7.1,7.19,7.02
2018-04-10,7.1,7.08,7.16,7.03
2018-04-11,7.09,7.13,7.25,7.06
2018-04-12,7.1,7.04,7.15,7.03
2018-04-13,7.05,7.0,7.09,6.98
2018-04-16,6.95,6.96,7.09,6.91
2018-04-17,7.02,6.9,7.02,6.85
2018-04-18,6.97,6.9,6.97,6.78
2018-04-19,6.9,6.85,6.9,6.8
2018-04-20,6.81,6.8,6.95,6.7
2018-04-23,6.81,6.75,6.87,6.71
2018-04-24,6.73,6.82,6.84,6.73
2018-04-25,6.79,7.07,7.25,6.7
2018-04-26,6.96,6.96,7.02,6.89
2018-04-27,7.02,7.06,7.14,6.91
2018-05-02,7.0,7.08,7.15,6.98
2018-05-03,7.2,7.07,7.2,7.01
2018-05-04,7.08,7.07,7.1,6.98
2018-05-07,7.05,7.07,7.15,6.98
2018-05-08,7.07,7.06,7.1,6.97
2018-05-09,7.04,7.05,7.06,7.0
2018-05-10,7.04,7.06,7.08,6.98
2018-05-11,7.03,7.07,7.18,7.02
2018-05-14,7.05,7.07,7.14,7.0
2018-05-15,7.07,7.09,7.15,7.03
2018-05-16,7.08,7.16,7.3,7.05
2018-05-17,7.1,7.15,7.23,7.05
2018-05-18,7.15,7.18,7.2,7.1
2018-05-21,7.18,7.27,7.34,7.18
2018-05-22,7.25,7.26,7.3,7.2
2018-05-23,7.25,7.19,7.27,7.15
2018-05-24,7.19,7.16,7.24,7.1
2018-05-25,7.15,7.05,7.15,7.02
