date,open,close,high,low
2016-01-04,14.8,13.324,14.82,13.324
2016-01-05,12.197,13.234,13.653,12.197
2016-01-06,13.254,13.523,13.523,12.975
2016-01-07,13.174,12.187,13.304,12.167
2016-01-08,12.586,12.287,12.955,11.569
2016-01-11,11.888,11.06,12.277,11.06
2016-01-12,11.15,11.19,11.369,10.571
2016-01-13,11.18,10.691,11.349,10.681
2016-01-14,10.192,10.97,11.08,10.182
2016-01-15,10.851,10.252,11.05,10.123
2016-01-18,9.853,10.382,10.631,9.853
2016-01-19,10.322,10.851,10.95,10.322
2016-01-20,10.691,10.691,11.14,10.522
2016-01-21,10.641,10.292,10.93,10.292
2016-01-22,10.472,10.551,10.611,10.093
2016-01-25,10.711,10.761,10.771,10.452
2016-01-26,10.641,10.093,11.03,9.963
2016-01-27,10.252,9.863,10.312,9.395
2016-01-28,9.774,9.494,9.993,9.435
2016-01-29,9.524,9.823,9.943,9.454
2016-02-01,9.833,9.624,9.913,9.504
2016-02-02,9.664,9.923,9.943,9.474
2016-02-03,9.754,9.983,10.013,9.744
2016-02-04,10.003,10.212,10.332,9.933
2016-02-05,10.252,10.222,10.352,10.083
2016-02-15,9.923,10.542,10.631,9.853
2016-02-16,10.462,11.11,11.16,10.392
2016-02-17,10.901,11.04,11.15,10.881
2016-02-18,11.12,11.04,11.25,10.881
2016-02-19,10.93,11.05,11.21,10.851
2016-02-22,11.07,11.22,11.28,11.05
2016-02-23,11.18,10.99,11.24,10.891
2016-02-24,10.95,11.429,11.429,10.92
2016-02-25,11.23,10.282,11.419,10.282
2016-02-26,10.422,10.282,10.841,9.973
2016-02-29,10.282,9.704,10.302,9.425
2016-03-01,9.774,9.923,10.053,9.574
2016-03-02,9.973,10.522,10.671,9.883
2016-03-03,10.571,10.94,11.349,10.571
2016-03-04,10.92,10.621,11.02,10.382
2016-03-07,10.671,11.27,11.419,10.671
2016-03-08,11.27,11.13,11.27,10.841
2016-03-09,10.861,10.771,10.99,10.681
2016-03-10,10.871,10.412,10.94,10.332
2016-03-11,10.192,10.272,10.362,10.083
2016-03-14,10.372,10.601,10.811,10.332
2016-03-15,10.532,10.601,10.691,10.432
2016-03-16,10.591,10.462,10.761,10.352
2016-03-17,10.532,10.871,10.911,10.482
2016-03-18,10.891,11.15,11.25,10.841
2016-03-21,11.21,11.349,11.359,11.12
2016-03-22,11.14,11.329,11.539,11.14
2016-03-23,11.27,11.479,11.529,11.22
2016-03-24,11.379,11.13,11.409,11.11
2016-03-25,11.13,11.319,11.439,11.13
2016-03-28,11.349,11.509,11.818,11.349
2016-03-29,11.299,11.02,11.339,10.901
2016-03-30,11.15,11.28,11.319,11.04
2016-03-31,11.289,11.339,11.519,11.27
2016-04-01,11.25,11.639,11.748,11.21
2016-04-05,11.639,12.057,12.227,11.569
2016-04-06,12.147,12.237,12.416,11.848
2016-04-07,12.267,11.868,12.317,11.858
2016-04-08,11.818,11.968,12.008,11.668
2016-04-11,12.027,12.147,12.287,12.027
2016-06-16,11.529,11.28,11.848,11.23
2016-06-17,11.21,11.22,11.41,11.05
2016-06-20,11.18,11.37,11.37,11.12
2016-06-21,11.39,11.19,11.47,11.12
2016-06-22,11.13,11.43,11.43,11.13
2016-06-23,11.4,11.35,11.45,11.22
2016-06-24,11.35,11.22,11.44,11.01
2016-06-27,11.13,11.4,11.4,11.12
2016-06-28,11.36,11.96,11.97,11.32
2016-06-29,11.88,11.77,11.98,11.72
2016-06-30,11.87,12.04,12.1,11.75
2016-07-01,12.1,11.89,12.14,11.82
2016-07-04,11.81,12.64,12.8,11.81
2016-07-05,12.7,12.65,13.24,12.57
2016-07-06,12.8,13.0,13.08,12.6
2016-07-07,12.94,12.84,13.07,12.63
2016-07-08,12.94,13.35,13.5,12.88
2016-07-11,13.19,13.36,13.87,13.19
2016-07-12,13.38,13.45,13.48,12.86
2016-07-13,13.4,13.22,13.45,13.11
2016-07-14,13.12,13.17,13.28,13.04
2016-07-15,13.17,13.17,13.39,13.1
2016-07-18,13.14,13.01,13.15,12.85
2016-07-19,12.98,12.88,13.05,12.76
2016-07-20,12.94,12.88,13.09,12.85
2016-07-21,12.97,13.0,13.08,12.83
2016-07-22,13.04,13.04,13.38,12.94
2016-07-25,12.96,13.5,13.66,12.96
2016-07-26,13.49,13.39,13.49,13.35
2016-07-27,13.37,12.55,13.61,12.39
2016-07-28,12.59,12.36,12.79,12.2
2016-07-29,12.42,12.29,12.45,12.21
2016-08-01,12.33,12.34,12.45,12.03
2016-08-02,12.33,12.4,12.43,12.2
2016-08-03,12.33,12.56,12.63,12.3
2016-08-04,12.56,12.47,12.58,12.34
2016-08-05,12.36,12.64,12.81,12.36
2016-08-08,12.5,13.1,13.26,12.4
2016-08-09,12.96,13.39,13.49,12.86
2016-08-10,13.3,13.28,13.43,13.2
2016-08-11,13.16,13.29,13.45,13.11
2016-08-12,13.22,13.35,13.49,13.03
2016-08-15,13.35,13.52,13.63,13.28
2016-08-16,13.5,13.48,13.58,13.4
2016-08-17,13.51,13.6,13.79,13.27
2016-08-18,13.52,13.86,13.9,13.4
2016-08-19,13.82,13.52,13.83,13.5
2016-08-22,13.53,13.38,13.58,13.3
2016-08-23,13.3,13.32,13.48,13.18
2016-08-24,13.38,13.65,13.85,13.3
2016-08-25,13.5,13.5,13.51,13.24
2016-08-26,13.5,13.47,13.62,13.42
2016-08-29,13.43,13.52,13.68,13.32
2016-08-30,13.56,14.18,14.3,13.56
2016-08-31,14.2,14.03,14.22,13.8
2016-09-01,13.81,13.64,14.0,13.64
2016-09-02,13.68,13.5,13.76,13.48
2016-09-05,13.5,13.42,13.63,13.36
2016-09-06,13.44,13.74,13.8,13.39
2016-09-07,13.71,13.87,13.94,13.68
2016-09-08,13.87,13.95,14.1,13.84
2016-09-09,14.0,14.41,14.54,13.92
2016-09-12,14.0,14.03,14.29,13.8
2016-09-13,14.03,14.62,14.62,13.95
2016-09-14,14.6,14.0,14.6,14.0
2016-09-19,14.0,14.91,14.97,13.96
2016-09-20,14.85,14.79,14.93,14.53
2016-09-21,14.85,15.03,15.45,14.68
2016-09-22,15.17,15.02,15.18,14.92
2016-09-23,15.1,15.42,15.58,14.96
2016-09-26,15.39,15.28,15.77,15.13
2016-09-27,15.06,14.74,15.19,14.52
2016-09-28,14.75,14.65,14.78,14.38
2016-09-29,16.12,16.12,16.12,16.12
2016-09-30,17.73,17.73,17.73,17.73
2016-10-10,19.0,18.85,19.35,17.5
2016-10-11,18.45,19.38,20.39,18.22
2016-10-12,18.91,19.03,19.29,18.55
2016-10-13,18.99,19.34,19.9,18.66
2016-10-14,19.0,18.67,19.0,18.21
2016-10-17,18.7,20.54,20.54,18.58
2016-10-18,21.3,21.46,21.88,20.31
2016-10-19,20.95,21.42,23.45,20.95
2016-10-20,20.96,20.67,21.2,20.35
2016-10-21,20.55,21.45,22.08,20.32
2016-10-24,21.34,21.7,22.4,21.02
2016-10-25,21.25,22.67,22.77,20.88
2016-10-26,22.4,21.78,22.55,21.6
2016-10-27,21.55,21.62,22.22,21.42
2016-10-28,21.15,19.87,21.2,19.7
2016-10-31,19.9,20.48,20.49,19.76
2016-11-01,20.35,22.15,22.53,20.13
2016-11-02,21.7,21.84,23.3,21.18
2016-11-03,22.25,22.96,24.02,22.01
2016-11-04,22.77,21.35,22.77,21.28
2016-11-07,21.09,22.4,22.4,21.05
2016-11-08,22.28,22.26,22.5,21.75
2016-11-09,22.21,22.74,23.25,22.01
2016-11-10,22.72,23.38,24.75,22.27
2016-11-11,23.1,23.91,24.65,23.01
2016-11-14,23.6,22.82,23.85,22.48
2016-11-15,22.92,22.83,23.15,22.1
2016-11-16,22.61,22.24,22.79,22.1
2016-11-17,22.0,22.18,22.44,22.0
2016-11-18,22.1,22.24,22.37,21.7
2016-11-21,22.03,21.77,22.3,21.71
2016-11-22,21.51,22.49,22.6,21.0
2016-11-23,22.3,21.92,22.56,21.8
2016-11-24,21.92,21.2,22.25,21.19
2016-11-25,20.98,21.01,21.44,20.65
2016-11-28,20.95,20.45,21.21,20.38
2016-11-29,20.42,19.39,20.73,19.37
2016-11-30,19.1,19.29,19.75,18.8
2016-12-01,19.36,19.59,19.8,19.2
2016-12-02,19.63,19.7,20.19,19.56
2016-12-05,19.48,20.86,21.2,19.18
2016-12-06,22.45,22.95,22.95,22.01
2016-12-07,25.25,24.87,25.25,23.45
2016-12-08,25.1,27.36,27.36,24.67
2016-12-09,27.7,25.8,28.38,25.47
2016-12-12,25.48,26.08,28.2,25.48
2016-12-13,25.01,26.68,26.97,23.55
2016-12-14,26.12,26.59,28.89,26.0
2016-12-15,25.98,29.25,29.25,25.62
2016-12-16,29.75,30.17,32.11,29.3
2016-12-19,29.98,29.26,31.38,28.61
2016-12-20,28.52,28.15,28.97,27.8
2016-12-21,28.64,28.28,29.33,27.5
2016-12-22,27.9,27.15,28.38,27.0
2016-12-23,26.91,28.6,29.46,26.71
2016-12-26,28.19,31.46,31.46,28.19
2016-12-27,32.1,32.29,33.93,31.26
2016-12-28,32.2,31.03,33.8,30.63
2016-12-29,30.6,34.13,34.13,30.39
2016-12-30,33.88,30.72,33.88,30.72
2017-01-03,29.9,30.17,31.36,28.51
2017-02-23,32.5,29.88,32.5,29.78
2017-02-24,28.9,27.04,29.3,26.9
2017-02-27,27.4,27.2,28.18,27.04
2017-02-28,27.39,27.25,27.59,26.5
2017-03-01,27.02,27.19,27.45,26.75
2017-03-02,27.0,26.47,27.07,26.42
2017-03-03,26.12,26.66,27.19,26.08
2017-03-06,26.6,26.5,26.66,26.32
2017-03-07,26.55,26.4,26.66,26.36
2017-03-08,26.4,26.47,26.59,26.28
2017-03-09,26.4,26.81,27.0,26.28
2017-03-10,26.76,27.36,27.8,26.61
2017-03-13,27.1,26.71,27.1,26.42
2017-03-14,26.68,26.4,26.7,26.34
2017-03-15,26.4,26.22,26.58,26.19
2017-03-16,26.21,26.72,27.39,26.21
2017-03-17,26.59,26.6,27.0,26.4
2017-03-20,26.42,26.34,26.48,26.25
2017-03-21,26.32,26.37,26.5,26.29
2017-03-22,26.33,26.23,26.39,26.2
2017-03-23,26.3,26.21,26.43,26.04
2017-03-24,26.01,26.34,26.4,26.01
2017-03-27,26.45,26.72,26.78,26.3
2017-03-28,26.75,26.6,26.94,26.52
2017-03-29,26.56,26.35,26.64,26.18
2017-03-30,26.35,26.08,26.35,26.04
2017-03-31,26.13,26.15,26.2,26.02
2017-04-05,26.08,25.72,26.08,25.0
2017-04-06,25.7,25.48,25.71,25.31
2017-04-07,25.52,25.81,25.88,25.51
2017-04-10,25.78,25.4,25.78,25.27
2017-04-11,25.39,25.58,25.66,25.33
2017-04-12,25.57,25.6,25.78,25.5
2017-04-13,25.5,25.45,25.6,25.4
2017-04-14,25.43,25.33,25.45,25.27
2017-04-17,25.37,25.31,25.6,25.17
2017-04-18,25.31,25.33,25.48,25.3
2017-04-19,25.31,25.11,25.41,24.94
2017-04-20,25.11,25.24,25.34,25.08
2017-04-21,25.01,25.27,25.33,25.01
2017-04-24,25.18,24.95,25.25,24.84
2017-04-25,25.15,25.64,25.88,25.11
2017-04-26,25.6,25.45,25.78,25.42
2017-04-27,25.38,25.3,25.39,25.18
2017-04-28,25.31,25.3,25.38,25.21
2017-05-02,25.28,25.29,25.36,25.16
2017-05-03,25.23,25.46,25.57,25.22
2017-05-04,25.41,25.36,25.49,25.26
2017-05-05,25.32,25.45,25.47,25.21
2017-05-08,25.38,25.27,25.4,25.24
2017-05-09,25.25,25.22,25.25,25.01
2017-05-10,25.17,25.15,25.21,25.06
2017-05-11,25.1,24.96,25.13,24.81
2017-05-12,24.96,22.47,25.0,22.46
2017-05-15,20.22,20.22,20.22,20.22
2017-05-16,18.2,18.2,18.2,18.2
2017-05-17,16.55,18.75,19.6,16.55
2017-05-18,17.65,16.99,17.9,16.97
2017-05-19,16.79,16.75,17.18,16.61
2017-05-22,16.7,16.14,16.7,16.1
2017-05-23,16.12,14.63,16.38,14.53
2017-05-24,14.54,14.39,14.54,13.68
2017-05-25,14.34,14.57,14.7,14.14
2017-05-26,14.59,14.83,15.05,14.51
2017-05-31,14.89,14.95,15.7,14.88
2017-06-01,14.83,14.45,15.24,14.45
2017-06-02,14.41,14.59,14.65,14.11
2017-06-05,14.99,16.05,16.05,14.98
2017-06-06,15.8,16.84,17.55,15.7
2017-06-07,16.61,16.93,17.27,16.26
2017-06-08,16.98,16.5,17.28,16.48
2017-06-09,16.32,16.26,16.5,16.0
2017-06-12,16.21,15.7,16.21,15.68
2017-06-13,15.6,16.33,16.36,15.51
2017-06-14,16.4,16.32,16.63,16.22
2017-06-15,16.32,17.16,17.95,16.2
2017-06-16,17.0,16.82,17.39,16.67
2017-06-19,16.83,16.69,16.95,16.51
2017-06-20,16.66,16.69,16.89,16.58
2017-06-21,16.76,16.84,16.96,16.56
2017-06-22,16.83,16.01,16.83,15.96
2017-06-23,16.01,16.19,16.52,15.9
2017-06-26,16.2,16.21,16.36,15.87
2017-06-27,16.2,16.96,17.0,16.13
2017-06-28,16.82,16.62,17.12,16.59
2017-06-29,16.56,16.8,16.89,16.5
2017-06-30,16.68,16.95,17.45,16.65
2017-07-03,17.05,16.88,17.05,16.63
2017-07-04,16.8,16.68,16.95,16.65
2017-07-05,16.61,16.84,16.89,16.57
2017-07-06,16.81,16.81,16.95,16.65
2017-07-07,16.75,17.26,17.48,16.75
2017-07-10,17.2,17.5,17.5,16.8
2017-07-11,17.31,17.13,17.78,17.11
2017-07-12,17.28,17.68,17.88,17.18
2017-07-13,17.6,19.45,19.45,17.33
2017-07-14,18.81,20.04,20.99,18.52
2017-07-17,19.8,19.6,20.46,18.07
2017-07-18,19.27,21.06,21.5,19.27
2017-07-19,20.73,20.84,21.56,20.53
2017-07-20,21.01,20.19,21.28,20.03
2017-07-21,19.96,19.75,20.16,19.51
2017-07-24,19.58,20.24,20.5,19.24
2017-07-25,20.0,19.0,20.4,18.27
2017-07-26,18.9,19.71,19.9,18.58
2017-07-27,19.76,19.56,20.4,19.5
2017-07-28,19.37,19.67,20.1,19.04
2017-07-31,19.54,20.22,20.36,19.54
2017-08-01,20.1,19.78,20.45,19.6
2017-08-02,19.65,21.76,21.76,19.3
2017-08-03,21.5,21.38,21.8,21.1
2017-08-04,21.54,21.65,22.56,21.16
2017-08-07,21.39,21.28,21.46,20.5
2017-08-08,21.08,20.95,21.68,20.7
2017-08-09,20.81,21.15,21.58,20.8
2017-08-10,21.0,19.92,21.13,19.88
2017-08-11,19.66,18.31,19.94,18.11
2017-08-14,18.39,18.59,18.82,18.02
2017-08-15,18.74,18.7,18.94,18.45
2017-08-16,18.75,18.67,18.93,18.41
2017-08-17,18.73,18.84,18.86,18.58
2017-08-18,18.82,19.14,19.35,18.53
2017-08-21,19.0,19.15,19.47,19.0
2017-08-22,19.15,18.83,19.33,18.68
2017-08-23,18.94,18.63,19.09,18.58
2017-08-24,18.56,18.08,18.56,17.92
2017-08-25,17.91,18.58,18.74,17.91
2017-08-28,18.58,18.6,18.77,18.25
2017-08-29,19.6,20.46,20.46,19.5
2017-08-30,21.59,20.25,21.61,20.04
2017-08-31,19.74,20.71,21.0,19.71
2017-09-01,21.39,21.04,21.97,20.7
2017-09-04,20.72,20.32,20.9,20.3
2017-09-05,20.15,20.06,20.38,19.84
2017-09-06,19.92,20.05,20.2,19.9
2017-09-07,19.9,19.48,20.25,19.47
2017-09-08,19.2,19.33,19.36,18.74
2017-09-11,19.1,19.9,20.13,19.05
2017-09-12,19.91,19.59,19.99,19.4
2017-09-13,19.43,19.85,19.95,19.12
2017-09-14,19.4,19.25,19.82,19.23
2017-09-15,19.29,19.55,19.73,19.2
2017-09-18,19.39,19.47,19.5,19.27
2017-09-19,19.59,18.81,19.59,18.8
2017-09-20,18.71,18.84,18.98,18.52
2017-09-21,18.82,18.71,19.23,18.71
2017-09-22,18.65,18.32,18.71,18.23
2017-09-25,18.5,18.27,18.59,18.26
2017-09-26,18.22,18.04,18.35,17.96
2017-09-27,18.18,18.15,18.22,18.07
2017-09-28,18.16,17.38,18.2,17.31
2017-09-29,17.42,17.57,17.64,17.42
2017-10-09,17.6,18.56,18.82,17.6
2017-10-10,18.41,18.4,18.61,18.22
2017-10-11,18.43,18.45,18.68,18.32
2017-10-12,18.6,18.62,18.95,18.49
2017-10-13,18.59,18.39,18.62,18.29
2017-10-16,18.28,17.79,18.45,17.6
2017-10-17,17.88,17.93,18.03,17.55
2017-10-18,17.86,17.56,17.89,17.52
2017-10-19,17.57,17.01,17.69,16.97
2017-10-20,17.03,17.25,17.33,17.03
2017-10-23,17.16,17.33,17.39,17.14
2017-10-24,17.37,18.02,18.88,17.27
2017-10-25,17.85,18.02,18.16,17.85
2017-10-26,18.11,18.13,18.4,17.95
2017-10-27,17.99,17.75,18.29,17.75
2017-10-30,17.71,16.9,17.93,16.8
2017-10-31,16.93,17.06,17.12,16.89
2017-11-01,17.1,16.87,17.18,16.68
2017-11-02,16.95,16.82,17.13,16.7
2017-11-03,16.8,16.3,16.92,16.18
2017-11-06,16.33,16.5,16.54,15.69
2017-11-07,16.49,16.38,16.49,16.17
2017-11-08,16.35,16.24,16.55,16.23
2017-11-09,16.21,16.29,16.46,16.18
2017-11-10,16.34,16.81,17.2,16.3
2017-11-13,16.66,16.8,17.05,16.52
2017-11-14,16.7,16.72,16.94,16.53
2017-11-15,16.72,17.08,17.44,16.57
2017-11-16,17.08,16.61,17.1,16.6
2017-11-17,16.62,15.84,16.69,15.7
2017-11-20,15.8,15.51,15.84,15.0
2017-11-21,15.55,15.28,15.85,15.2
2017-11-22,15.26,15.29,15.39,15.2
2017-11-23,15.21,14.86,15.42,14.81
2017-11-24,14.86,15.01,15.02,14.71
2017-11-27,15.02,14.66,15.02,14.54
2017-11-28,14.66,14.83,14.85,14.56
2017-11-29,14.9,15.21,15.48,14.83
2017-11-30,15.21,14.96,15.28,14.93
2017-12-01,14.96,15.11,15.19,14.94
2017-12-04,15.12,15.05,15.28,15.03
2017-12-05,14.97,14.18,15.0,14.1
2017-12-06,14.0,14.46,14.47,14.0
2017-12-07,14.39,14.43,14.75,14.33
2017-12-08,14.45,14.67,14.71,14.44
2017-12-11,14.63,14.88,14.97,14.62
2017-12-12,14.78,14.54,14.95,14.51
2017-12-13,14.53,14.64,14.7,14.49
2017-12-14,14.75,14.98,15.05,14.61
2017-12-15,14.89,14.74,14.9,14.65
2017-12-18,14.75,14.75,14.88,14.62
2017-12-19,14.8,14.87,14.95,14.75
2017-12-20,14.92,15.05,15.17,14.83
2017-12-21,14.91,14.85,15.07,14.8
2017-12-22,14.95,14.74,15.1,14.7
2017-12-25,14.65,14.27,15.05,14.23
2017-12-26,14.3,14.35,14.5,14.17
2017-12-27,14.3,14.35,14.49,14.27
2017-12-28,14.35,14.48,14.58,14.29
2017-12-29,14.45,14.53,14.62,14.4
2018-01-02,14.58,15.05,15.38,14.49
2018-01-03,15.01,15.05,15.27,14.92
2018-01-04,15.08,15.45,15.68,14.96
2018-01-05,15.55,16.9,17.0,15.47
2018-01-08,16.55,16.81,17.1,16.42
2018-01-09,16.82,16.54,16.85,16.45
2018-01-10,16.62,16.57,17.07,16.46
2018-01-11,16.6,16.26,16.6,16.03
2018-01-12,16.23,15.88,16.41,15.87
2018-01-15,15.92,15.61,16.33,15.45
2018-01-16,15.69,15.76,16.04,15.52
2018-01-17,15.8,15.5,15.8,15.35
2018-01-18,15.45,15.38,15.66,15.23
2018-01-19,15.46,15.59,15.74,15.32
2018-01-22,15.25,14.9,15.26,14.45
2018-01-23,14.89,14.83,15.0,14.6
2018-01-24,14.85,14.93,14.94,14.69
2018-01-25,14.95,15.14,15.2,14.75
2018-01-26,15.1,14.72,15.15,14.68
2018-01-29,14.5,14.55,14.9,14.46
2018-01-30,14.55,14.62,14.76,14.51
2018-01-31,14.71,14.15,14.71,13.89
2018-02-01,13.95,13.46,14.14,13.21
2018-02-02,13.49,13.29,13.49,13.04
2018-02-05,13.0,13.15,13.25,13.0
2018-02-06,13.1,11.89,13.1,11.84
2018-02-07,12.19,11.97,12.38,11.54
2018-02-08,11.98,12.13,12.16,11.8
2018-02-09,11.85,11.8,11.97,11.6
2018-02-12,11.8,12.04,12.18,11.8
2018-02-13,12.01,12.16,12.44,12.0
2018-02-14,12.25,12.21,12.27,12.05
2018-02-22,12.2,12.95,13.43,12.2
2018-02-23,12.78,12.8,13.11,12.64
2018-02-26,12.9,13.17,13.38,12.78
2018-02-27,13.21,13.01,13.22,12.95
2018-02-28,13.04,12.91,13.04,12.8
2018-03-01,12.89,13.15,13.37,12.89
2018-03-02,13.27,13.64,14.37,13.27
2018-03-05,13.75,13.64,13.85,13.49
2018-03-06,13.66,13.61,13.7,13.52
2018-03-07,13.61,13.24,13.66,13.15
2018-03-08,13.28,13.52,13.79,13.28
2018-03-09,13.6,13.65,13.75,13.31
2018-03-12,13.69,13.86,13.98,13.64
2018-03-13,13.9,13.7,14.09,13.69
2018-03-14,13.75,13.63,13.91,13.61
2018-03-15,13.73,13.54,13.73,13.3
2018-03-16,13.56,13.9,14.68,13.4
2018-03-19,13.69,13.7,13.98,13.5
2018-03-20,13.49,13.84,13.97,13.48
2018-03-21,13.9,14.36,14.39,13.81
2018-03-22,14.5,14.2,15.3,14.16
2018-03-23,13.6,12.84,13.63,12.79
2018-03-26,12.64,12.88,12.93,12.2
2018-03-27,13.01,13.06,13.27,13.01
2018-03-28,12.51,12.77,12.86,12.3
2018-03-29,12.63,12.9,12.95,12.63
2018-03-30,12.91,12.94,13.05,12.8
2018-04-02,12.93,12.77,13.0,12.76
2018-04-03,12.55,12.45,12.6,12.34
2018-04-04,12.72,12.41,12.72,12.39
2018-04-09,12.36,12.93,13.25,12.34
2018-04-10,12.8,12.79,12.9,12.67
2018-04-11,12.75,12.78,12.85,12.75
2018-04-12,12.75,12.56,12.81,12.53
2018-04-13,12.66,12.44,12.69,12.38
2018-04-16,12.43,12.17,12.43,12.0
2018-04-17,12.15,12.03,12.42,12.0
2018-04-18,12.12,12.08,12.27,11.8
2018-04-19,12.08,12.07,12.15,11.98
2018-04-20,12.12,11.79,12.33,11.65
2018-04-23,11.7,11.5,11.84,11.31
2018-04-24,11.37,11.76,11.78,11.37
2018-04-25,11.63,11.66,11.72,11.5
2018-04-26,11.65,11.25,11.66,11.22
2018-04-27,11.31,11.31,11.39,11.19
2018-05-02,11.3,11.27,11.42,11.18
2018-05-03,11.41,11.89,12.36,11.41
2018-05-04,11.8,11.88,11.89,11.61
2018-05-07,11.8,11.96,12.12,11.79
2018-05-08,11.95,12.2,12.33,11.95
2018-05-09,12.25,12.29,12.32,12.04
2018-05-10,12.34,12.15,12.36,12.11
2018-05-11,12.21,12.0,12.21,12.0
2018-05-14,12.0,11.92,12.0,11.81
2018-05-15,11.93,12.07,12.09,11.84
2018-05-16,12.05,11.9,12.12,11.9
2018-05-17,11.9,12.25,12.33,11.86
2018-05-18,12.25,12.67,12.8,12.16
2018-05-21,12.59,12.72,12.97,12.45
2018-05-22,12.62,12.53,12.74,12.42
2018-05-23,12.52,12.2,12.53,12.11
2018-05-24,12.2,12.22,12.26,12.11
2018-05-25,12.2,11.85,12.24,11.68
