date,open,close,high,low
2016-01-04,11.35,10.15,11.44,10.15
2016-01-05,9.46,9.71,10.08,9.14
2016-01-06,9.78,10.03,10.2,9.41
2016-01-07,9.65,9.03,9.69,9.03
2016-01-08,9.2,9.0,9.48,8.16
2016-01-11,8.75,8.1,8.84,8.1
2016-01-12,7.98,8.11,8.34,7.61
2016-01-13,8.1,7.72,8.39,7.72
2016-01-14,7.36,8.14,8.15,7.23
2016-01-15,8.1,7.6,8.13,7.51
2016-01-18,7.33,7.9,8.05,7.33
2016-01-19,7.84,8.69,8.69,7.81
2016-01-20,8.61,8.59,9.07,8.52
2016-01-21,8.41,8.48,9.25,8.37
2016-01-22,8.7,8.85,8.99,8.41
2016-01-25,8.95,8.81,8.99,8.63
2016-01-26,8.7,7.93,8.79,7.93
2016-01-27,7.99,8.33,8.35,7.3
2016-01-28,8.11,7.87,8.35,7.8
2016-01-29,7.54,8.05,8.19,7.54
2016-02-01,7.99,7.84,8.18,7.48
2016-02-02,7.93,8.1,8.22,7.92
2016-02-03,7.98,8.38,8.48,7.89
2016-02-04,8.32,8.66,8.91,8.31
2016-02-05,8.63,8.32,8.75,8.3
2016-02-15,8.0,8.44,8.49,7.85
2016-02-16,8.47,9.03,9.18,8.47
2016-02-17,8.95,8.99,9.06,8.75
2016-02-18,9.06,9.0,9.18,8.85
2016-02-19,8.95,8.93,9.13,8.86
2016-02-22,9.05,9.12,9.28,9.02
2016-02-23,9.18,8.89,9.18,8.78
2016-02-24,9.12,9.18,9.29,9.02
2016-02-25,9.18,8.26,9.18,8.26
2016-02-26,8.19,7.8,8.39,7.6
2016-02-29,7.76,7.02,7.84,7.02
2016-03-01,7.1,7.09,7.27,6.9
2016-03-02,7.11,7.8,7.8,7.03
2016-03-03,7.84,8.2,8.58,7.82
2016-03-04,8.1,8.3,8.42,7.53
2016-03-07,8.28,8.3,8.57,8.13
2016-03-08,8.27,8.2,8.28,7.8
2016-03-09,7.99,8.28,8.52,7.84
2016-03-10,8.28,7.93,8.39,7.85
2016-03-11,7.78,7.9,8.01,7.65
2016-03-14,8.06,8.13,8.3,7.93
2016-03-15,8.15,8.22,8.55,8.09
2016-03-16,8.59,8.33,8.77,8.32
2016-03-17,8.25,8.52,8.58,8.1
2016-03-18,8.5,8.71,8.83,8.48
2016-03-21,8.93,8.93,9.03,8.73
2016-03-22,8.83,9.18,9.38,8.7
2016-03-23,9.08,9.13,9.17,9.0
2016-03-24,9.09,9.3,9.65,8.85
2016-03-25,9.23,9.76,9.98,9.2
2016-03-28,9.71,9.48,9.92,9.35
2016-03-29,9.3,9.02,9.42,8.91
2016-03-30,9.13,9.36,9.38,9.11
2016-03-31,9.37,9.53,9.9,9.31
2016-04-01,9.49,9.45,9.5,9.01
2016-04-05,9.41,9.73,10.0,9.26
2016-04-06,9.75,10.1,10.13,9.71
2016-04-07,10.16,10.1,10.44,10.0
2016-04-08,9.96,10.5,10.73,9.81
2016-04-11,10.55,10.66,10.85,10.54
2016-04-12,10.54,10.22,10.66,10.1
2016-04-13,10.21,10.26,10.56,10.21
2016-04-14,10.17,10.68,10.74,10.14
2016-04-15,10.58,11.15,11.43,10.52
2016-04-18,11.0,11.41,11.68,10.85
2016-04-19,11.46,11.39,11.6,11.17
2016-04-20,11.36,10.6,11.47,10.25
2016-04-21,10.3,10.25,10.74,10.15
2016-04-22,10.0,10.5,10.55,9.85
2016-04-25,10.36,10.54,10.73,10.25
2016-04-26,10.5,10.99,11.28,10.42
2016-04-27,11.01,11.59,12.09,11.01
2016-04-28,11.5,11.64,11.75,11.05
2016-04-29,11.45,11.36,11.64,11.31
2016-05-04,10.79,10.79,10.79,10.79
2016-05-05,10.31,10.58,10.83,10.31
2016-05-06,10.58,10.05,10.66,10.05
2016-05-09,9.58,9.55,9.67,9.55
2016-05-10,9.07,9.07,9.17,9.07
2016-05-11,8.78,8.62,8.98,8.62
2016-05-12,8.19,8.19,8.19,8.19
2016-05-13,7.78,8.18,8.36,7.78
2016-05-16,8.2,8.59,8.59,8.18
2016-05-17,8.61,8.32,8.68,8.32
2016-05-18,7.95,7.9,8.08,7.9
2016-05-19,7.8,7.81,7.89,7.56
2016-05-20,7.78,7.94,7.94,7.64
2016-05-23,7.9,8.18,8.25,7.89
2016-05-24,8.18,8.05,8.23,7.93
2016-05-25,8.11,8.06,8.24,8.04
2016-05-26,8.01,7.95,8.1,7.66
2016-05-27,7.85,8.0,8.09,7.82
2016-05-30,7.99,8.01,8.14,7.75
2016-05-31,8.0,8.41,8.41,8.0
2016-06-01,8.5,8.49,8.67,8.38
2016-06-02,8.45,8.63,8.68,8.43
2016-06-03,8.64,9.05,9.06,8.59
2016-06-06,9.01,9.13,9.21,8.91
2016-06-07,9.13,8.89,9.2,8.67
2016-06-08,8.85,9.08,9.2,8.77
2016-06-13,8.96,8.64,9.08,8.63
2016-06-14,8.5,8.69,8.76,8.43
2016-06-15,8.6,9.09,9.12,8.53
2016-06-16,9.06,9.07,9.16,9.03
2016-06-17,9.07,9.3,9.4,9.07
2016-06-20,8.84,8.84,8.84,8.84
2016-06-21,8.4,8.4,8.4,8.4
2016-06-22,7.98,7.98,7.98,7.98
2016-06-23,7.81,7.95,8.26,7.81
2016-06-24,7.95,7.77,8.0,7.55
2016-06-27,7.73,7.84,7.89,7.71
2016-06-28,7.8,8.04,8.09,7.75
2016-06-29,8.08,8.04,8.12,7.97
2016-06-30,8.05,8.06,8.08,7.94
2016-07-01,8.06,7.99,8.1,7.99
2016-07-04,7.9,8.1,8.14,7.87
2016-07-05,8.07,8.08,8.16,8.0
2016-07-06,8.04,8.16,8.23,8.02
2016-07-07,8.18,8.11,8.23,8.03
2016-07-08,8.07,8.04,8.1,8.0
2016-07-11,7.93,7.77,8.07,7.71
2016-07-12,7.74,7.79,7.88,7.4
2016-07-13,7.79,7.88,7.88,7.74
2016-07-14,7.85,7.96,8.01,7.82
2016-07-15,7.98,7.94,8.06,7.91
2016-07-18,7.93,7.93,7.95,7.87
2016-07-19,7.93,7.84,7.95,7.72
2016-07-20,7.84,7.78,7.91,7.75
2016-07-21,7.77,7.76,7.8,7.72
2016-07-22,7.77,7.75,7.77,7.65
2016-07-25,7.75,7.78,7.88,7.67
2016-07-26,7.72,7.92,7.94,7.72
2016-07-27,7.91,7.55,7.96,7.52
2016-07-28,7.45,7.49,7.57,7.38
2016-07-29,7.45,7.41,7.55,7.4
2016-08-01,7.42,7.12,7.42,7.04
2016-08-02,7.11,7.24,7.37,7.11
2016-08-03,7.24,7.3,7.33,7.19
2016-08-04,7.3,7.41,7.46,7.26
2016-08-05,7.42,7.78,7.78,7.4
2016-08-08,7.74,7.69,7.81,7.63
2016-08-09,7.7,7.71,7.75,7.67
2016-08-10,7.71,7.67,7.73,7.64
2016-08-11,7.62,7.46,7.67,7.46
2016-08-12,7.38,7.51,7.55,7.31
2016-08-15,7.42,7.61,7.64,7.42
2016-08-16,7.62,7.6,7.64,7.57
2016-08-17,7.6,7.69,7.74,7.57
2016-08-18,7.69,7.81,7.82,7.65
2016-08-19,7.8,7.74,7.8,7.69
2016-08-22,7.74,7.66,7.74,7.64
2016-08-23,7.64,7.72,7.77,7.64
2016-08-24,7.7,7.79,7.8,7.69
2016-08-25,7.76,7.73,7.76,7.63
2016-08-26,7.76,7.78,7.85,7.73
2016-08-29,7.8,7.83,7.95,7.77
2016-08-30,7.94,7.89,8.02,7.84
2016-08-31,7.89,8.1,8.25,7.85
2016-09-01,8.09,8.05,8.23,7.98
2016-09-02,8.01,8.19,8.2,7.99
2016-09-05,8.15,8.13,8.22,8.06
2016-09-06,8.13,8.2,8.23,7.99
2016-09-07,8.18,8.34,8.48,8.17
2016-09-08,8.3,8.56,8.62,8.28
2016-09-09,8.59,8.63,8.92,8.55
2016-09-12,8.2,8.2,8.22,8.2
2016-09-13,8.03,8.2,8.21,7.98
2016-09-14,8.11,8.29,8.45,8.08
2016-09-19,8.29,8.34,8.43,8.26
2016-09-20,8.31,8.39,8.48,8.31
2016-09-21,8.39,8.39,8.44,8.34
2016-09-22,8.42,8.42,8.52,8.38
2016-09-23,8.45,8.57,8.72,8.37
2016-09-26,8.61,8.29,8.65,8.25
2016-09-27,8.3,8.38,8.42,8.17
2016-09-28,8.36,8.34,8.4,8.24
2016-09-29,8.33,8.34,8.38,8.28
2016-09-30,8.34,8.38,8.44,8.29
2016-10-10,8.42,8.54,8.61,8.38
2016-10-11,8.56,8.84,8.97,8.55
2016-10-12,8.84,9.13,9.23,8.78
2016-10-13,9.17,9.15,9.36,8.98
2016-10-14,9.18,9.03,9.18,8.94
2016-10-17,9.08,8.93,9.17,8.9
2016-10-18,8.89,9.08,9.11,8.88
2016-10-19,9.11,9.13,9.26,9.03
2016-10-20,9.14,9.1,9.18,9.08
2016-10-21,9.12,9.1,9.19,9.02
2016-10-24,9.13,9.36,9.42,9.09
2016-10-25,9.44,9.35,9.44,9.29
2016-10-26,9.39,9.24,9.51,9.23
2016-10-27,9.25,9.3,9.36,9.24
2016-10-28,9.32,9.11,9.43,9.09
2016-10-31,9.05,9.04,9.14,8.76
2016-11-01,9.03,9.29,9.31,8.95
2016-11-02,9.31,9.28,9.33,9.23
2016-11-03,9.26,9.69,9.74,9.25
2016-11-04,9.73,9.88,9.93,9.63
2016-11-07,9.81,9.86,9.95,9.67
2016-11-08,9.86,10.04,10.15,9.78
2016-11-09,10.0,10.54,10.54,9.92
2016-11-10,10.52,11.07,11.07,10.51
2016-11-11,11.03,11.36,11.62,11.03
2016-11-14,11.4,10.99,11.56,10.88
2016-11-15,10.98,11.1,11.25,10.88
2016-11-16,11.01,11.28,11.5,10.93
2016-11-17,11.2,11.61,11.84,11.19
2016-11-18,11.42,11.6,11.8,11.3
2016-11-21,11.6,11.39,11.65,11.25
2016-11-22,11.4,11.89,11.93,11.01
2016-11-23,11.74,11.82,12.04,11.63
2016-11-24,11.58,11.42,11.87,11.27
2016-11-25,11.4,11.19,11.41,10.85
2016-11-28,11.09,10.7,11.28,10.7
2016-11-29,10.85,10.17,10.85,10.17
2016-11-30,9.74,9.85,10.29,9.66
2016-12-01,9.76,10.09,10.17,9.75
2016-12-02,10.09,10.03,10.16,9.85
2016-12-05,10.0,10.06,10.16,9.53
2016-12-06,9.88,10.11,10.4,9.88
2016-12-07,10.02,10.4,10.45,10.02
2016-12-08,10.36,10.4,10.49,10.3
2016-12-09,10.35,10.5,10.58,10.35
2016-12-12,10.45,9.98,10.55,9.98
2016-12-13,9.65,9.84,10.02,9.65
2016-12-14,9.88,9.96,10.1,9.8
2016-12-15,9.96,10.05,10.18,9.95
2016-12-16,9.99,10.33,10.54,9.99
2016-12-19,10.35,10.36,10.56,10.25
2016-12-20,10.4,10.31,10.4,10.25
2016-12-21,10.31,10.35,10.42,10.18
2016-12-22,10.3,10.45,10.5,10.25
2016-12-23,10.48,10.13,10.54,10.13
2016-12-26,10.03,10.29,10.3,9.95
2016-12-27,10.29,10.29,10.39,10.2
2016-12-28,10.32,10.21,10.42,10.18
2016-12-29,10.19,10.35,10.48,10.1
2016-12-30,10.39,10.65,10.7,10.39
2017-01-03,10.57,10.78,10.8,10.51
2017-01-04,10.71,10.8,10.8,10.3
2017-01-05,10.69,10.67,10.84,10.62
2017-01-06,10.6,10.58,10.68,10.51
2017-01-09,10.45,10.4,10.57,10.37
2017-01-10,10.39,10.39,10.59,10.35
2017-01-11,10.4,10.42,10.6,10.39
2017-01-12,10.38,10.41,10.58,10.33
2017-01-13,10.41,9.92,10.41,9.89
2017-01-16,9.76,9.42,9.9,9.42
2017-01-17,9.43,9.15,9.43,8.95
2017-01-18,9.24,9.07,9.24,9.03
2017-01-19,9.05,8.99,9.14,8.74
2017-01-20,8.99,9.14,9.19,8.86
2017-01-23,9.15,9.0,9.25,8.9
2017-01-24,9.01,9.02,9.08,8.9
2017-01-25,9.05,9.14,9.15,8.97
2017-01-26,9.12,9.43,9.58,9.1
2017-02-03,9.38,9.32,9.5,9.3
2017-02-06,9.33,9.3,9.38,9.16
2017-02-07,9.29,9.34,9.36,9.22
2017-02-08,9.33,9.33,9.34,9.2
2017-02-09,9.29,9.42,9.47,9.29
2017-02-10,9.38,9.58,9.68,9.28
2017-02-13,9.42,9.41,9.49,9.32
2017-02-14,9.31,9.31,9.41,9.23
2017-02-15,9.3,9.28,9.36,9.21
2017-02-16,9.28,9.33,9.34,9.22
2017-02-17,9.3,9.17,9.37,9.12
2017-02-20,9.05,9.38,9.44,8.94
2017-02-21,9.31,9.33,9.35,9.2
2017-02-22,9.24,9.27,9.28,9.2
2017-02-23,9.23,9.23,9.3,9.17
2017-02-24,9.2,9.21,9.25,9.15
2017-02-27,9.21,9.24,9.36,9.15
2017-02-28,9.25,9.2,9.3,9.17
2017-03-01,9.23,9.4,9.45,9.21
2017-03-02,9.5,9.25,9.56,9.23
2017-03-03,9.25,9.34,9.35,9.2
2017-03-06,9.46,9.44,9.52,9.31
2017-03-07,9.44,9.39,9.5,9.37
2017-03-08,9.39,9.29,9.42,9.24
2017-03-09,9.29,9.26,9.31,9.18
2017-03-10,9.25,9.18,9.28,9.18
2017-03-13,9.19,9.24,9.28,9.15
2017-03-14,9.27,9.34,9.43,9.25
2017-03-15,9.34,9.31,9.37,9.25
2017-03-16,9.31,9.43,9.45,9.28
2017-03-17,9.45,9.43,9.58,9.37
2017-03-20,9.45,9.44,9.48,9.3
2017-03-21,9.42,9.34,9.46,9.32
2017-03-22,9.31,9.27,9.35,9.22
2017-03-23,9.27,9.2,9.34,9.17
2017-03-24,9.21,9.05,9.22,8.98
2017-03-27,9.08,8.93,9.09,8.9
2017-03-28,8.94,9.01,9.04,8.87
2017-03-29,9.03,8.76,9.03,8.74
2017-03-30,8.75,8.32,8.76,8.32
2017-03-31,8.24,8.33,8.38,8.2
2017-04-05,8.34,8.45,8.47,8.25
2017-04-06,8.47,8.68,8.74,8.42
2017-04-07,8.64,8.62,8.68,8.55
2017-04-10,8.58,8.95,9.05,8.55
2017-04-11,8.9,9.02,9.2,8.84
2017-04-12,9.01,8.9,9.1,8.88
2017-04-13,8.9,8.87,8.97,8.67
2017-04-14,8.8,8.64,8.8,8.55
2017-04-17,8.46,8.73,8.77,8.21
2017-04-18,8.66,8.49,8.74,8.4
2017-04-19,8.45,8.19,8.45,8.17
2017-04-20,8.19,7.98,8.27,7.83
2017-04-21,7.96,7.98,8.06,7.8
2017-04-24,7.97,7.7,7.97,7.65
2017-04-25,7.55,7.55,7.71,7.5
2017-04-26,7.55,7.62,7.63,7.4
2017-04-27,7.58,7.59,7.65,7.4
2017-05-02,7.4,7.68,7.8,7.4
2017-05-03,7.69,8.06,8.06,7.66
2017-05-04,8.03,7.95,8.03,7.86
2017-05-05,7.96,7.84,8.08,7.84
2017-05-08,7.83,7.46,7.93,7.45
2017-05-09,7.4,7.24,7.51,7.23
2017-05-10,7.23,7.25,7.34,7.18
2017-05-11,7.2,7.05,7.2,6.89
2017-05-12,7.01,7.06,7.1,6.9
2017-05-15,7.01,7.16,7.19,7.01
2017-05-16,7.17,7.26,7.28,7.12
2017-05-17,7.3,7.18,7.35,7.18
2017-05-18,7.04,7.14,7.23,7.03
2017-05-19,7.12,7.16,7.17,7.07
2017-05-22,7.14,6.8,7.18,6.8
2017-05-23,6.88,6.46,6.9,6.46
2017-05-24,6.35,6.34,6.38,6.14
2017-05-25,6.32,6.44,6.48,6.2
2017-05-26,6.47,6.5,6.53,6.43
2017-05-31,6.6,6.45,6.62,6.45
2017-06-01,6.4,6.14,6.41,6.13
2017-06-02,5.99,6.29,6.36,5.92
2017-06-05,6.3,6.38,6.38,6.28
2017-06-06,6.35,6.45,6.52,6.33
2017-06-07,6.41,6.61,6.64,6.41
2017-06-08,6.59,6.55,6.68,6.54
2017-06-09,6.5,6.54,6.57,6.45
2017-06-12,6.39,6.46,6.49,6.26
2017-06-13,6.4,6.53,6.58,6.25
2017-06-14,6.46,6.45,6.63,6.42
2017-06-15,6.42,6.6,6.64,6.41
2017-06-16,6.63,6.61,6.68,6.58
2017-06-19,6.68,6.71,6.76,6.63
2017-06-20,6.74,6.7,6.79,6.68
2017-06-21,6.69,6.68,6.71,6.58
2017-06-22,6.68,6.46,6.76,6.36
2017-06-23,6.51,6.5,6.52,6.24
2017-06-26,6.5,6.53,6.53,6.43
2017-06-27,6.52,6.45,6.54,6.36
2017-06-28,6.41,6.31,6.45,6.28
2017-06-29,6.33,6.4,6.62,6.33
2017-06-30,6.37,6.48,6.48,6.36
2017-07-03,6.48,6.65,6.72,6.42
2017-07-04,6.62,6.61,6.75,6.58
2017-07-05,6.63,6.63,6.67,6.6
2017-07-06,6.63,6.89,6.96,6.6
2017-07-07,6.89,6.98,7.0,6.78
2017-07-10,6.96,7.04,7.11,6.92
2017-07-11,7.01,6.87,7.08,6.87
2017-07-12,6.9,6.85,6.96,6.65
2017-07-13,6.85,6.93,6.97,6.79
2017-07-14,6.96,6.79,6.97,6.73
2017-07-17,6.79,6.45,6.83,6.45
2017-07-18,6.2,6.21,6.38,6.13
2017-07-19,6.22,6.3,6.31,6.12
2017-07-20,6.45,6.35,6.45,6.33
2017-07-21,6.25,6.34,6.38,6.25
2017-07-24,6.3,6.62,6.65,6.3
2017-07-25,6.55,6.59,6.66,6.54
2017-07-26,6.59,6.47,6.66,6.38
2017-07-27,6.47,6.49,6.52,6.39
2017-07-28,6.45,6.45,6.54,6.42
2017-07-31,6.46,6.52,6.54,6.45
2017-08-01,6.52,6.61,6.63,6.44
2017-08-02,6.6,6.7,6.76,6.56
2017-08-03,6.7,6.68,6.87,6.67
2017-08-04,6.69,6.75,6.82,6.69
2017-08-07,6.71,6.62,6.75,6.41
2017-08-08,6.68,6.62,6.71,6.58
2017-08-09,6.68,6.67,6.71,6.5
2017-08-10,6.67,6.66,6.98,6.61
2017-08-11,6.62,6.5,6.72,6.41
2017-08-14,6.46,6.76,6.77,6.35
2017-08-15,6.71,6.78,6.83,6.7
2017-08-16,6.87,6.87,6.95,6.75
2017-08-17,6.85,6.99,7.09,6.85
2017-08-18,6.96,7.01,7.05,6.91
2017-08-21,7.01,6.98,7.04,6.92
2017-08-22,6.94,6.97,7.01,6.9
2017-08-23,6.96,7.08,7.18,6.91
2017-08-24,7.09,7.14,7.35,7.02
2017-08-25,7.15,7.15,7.2,7.1
2017-08-28,7.29,7.25,7.36,7.21
2017-08-29,7.25,7.54,7.56,7.22
2017-08-30,7.48,7.39,7.65,7.34
2017-08-31,7.42,7.48,7.52,7.34
2017-09-01,7.44,7.37,7.48,7.31
2017-09-04,7.35,7.37,7.41,7.27
2017-09-05,7.36,7.38,7.4,7.31
2017-09-06,7.38,7.52,7.54,7.33
2017-09-07,7.48,7.42,7.55,7.41
2017-09-08,7.44,7.49,7.5,7.39
2017-09-11,7.48,7.83,7.86,7.48
2017-09-12,7.79,8.12,8.22,7.7
2017-09-13,8.09,8.04,8.16,8.02
2017-09-14,8.04,8.09,8.16,7.9
2017-09-15,8.07,8.08,8.15,7.91
2017-09-18,8.01,7.97,8.1,7.93
2017-09-19,7.96,7.94,8.0,7.88
2017-09-20,7.97,7.93,7.99,7.87
2017-09-21,7.9,7.65,7.95,7.65
2017-09-22,7.55,7.88,7.94,7.55
2017-09-25,7.79,7.61,7.84,7.5
2017-09-26,7.55,7.55,7.68,7.5
2017-09-27,7.51,7.49,7.59,7.41
2017-09-28,7.49,7.35,7.52,7.32
2017-09-29,7.35,7.35,7.41,7.3
2017-10-09,7.37,7.32,7.45,7.3
2017-10-10,7.34,7.39,7.44,7.26
2017-10-11,7.41,7.47,7.67,7.36
2017-10-12,7.47,7.54,7.57,7.44
2017-10-13,7.48,7.57,7.58,7.48
2017-10-16,7.56,7.48,7.68,7.48
2017-10-17,7.49,7.48,7.51,7.36
2017-10-18,7.48,7.46,7.53,7.44
2017-10-19,7.45,7.37,7.45,7.25
2017-10-20,7.25,7.46,7.47,7.16
2017-10-23,7.38,7.43,7.51,7.3
2017-10-24,7.32,7.28,7.44,7.23
2017-10-25,7.28,7.36,7.38,7.21
2017-10-26,7.35,7.39,7.5,7.31
2017-10-27,7.4,7.42,7.43,7.35
2017-10-30,7.4,7.13,7.4,7.12
2017-10-31,7.05,7.11,7.16,7.01
2017-11-01,7.11,6.91,7.15,6.91
2017-11-02,6.92,6.89,6.96,6.86
2017-11-03,6.92,6.79,6.92,6.72
2017-11-06,6.79,7.07,7.13,6.75
2017-11-07,7.08,7.08,7.13,6.98
2017-11-08,7.1,7.22,7.24,7.1
2017-11-09,7.19,7.27,7.27,7.13
2017-11-10,7.26,7.38,7.46,7.22
2017-11-13,7.31,7.1,7.36,7.02
2017-11-14,7.09,6.95,7.13,6.95
2017-11-15,6.93,6.93,7.04,6.9
2017-11-16,6.98,6.98,7.04,6.9
2017-11-17,7.03,6.74,7.14,6.63
2017-11-20,6.65,6.59,6.66,6.42
2017-11-21,6.92,6.92,6.92,6.92
2017-11-22,7.01,6.99,7.08,6.89
2017-11-23,6.92,7.3,7.34,6.91
2017-11-24,7.23,7.38,7.47,7.21
2017-11-27,7.29,7.39,7.49,7.26
2017-11-29,7.39,7.66,8.13,7.25
2017-11-30,7.28,7.46,7.48,7.09
2017-12-01,7.45,7.3,7.45,7.0
2017-12-04,7.07,7.34,7.5,7.02
2017-12-05,7.2,7.25,7.42,7.03
2017-12-06,7.2,7.18,7.24,6.81
2017-12-07,7.11,6.95,7.15,6.95
2017-12-08,6.93,6.97,7.03,6.89
2017-12-11,6.97,7.06,7.06,6.81
2017-12-12,7.05,7.06,7.08,6.94
2017-12-13,7.02,7.37,7.54,7.0
2017-12-14,7.4,7.43,7.48,7.21
2017-12-15,7.38,7.55,7.7,7.22
2017-12-18,7.54,7.49,7.66,7.38
2017-12-19,7.44,7.69,7.69,7.35
2017-12-20,7.66,7.81,7.94,7.58
2017-12-21,7.78,7.69,7.82,7.46
2017-12-22,7.61,7.76,7.85,7.42
2017-12-25,7.69,7.85,7.88,7.5
2017-12-26,7.78,7.85,8.02,7.74
2017-12-27,7.73,7.72,7.8,7.5
2017-12-28,7.6,7.7,7.76,7.47
2017-12-29,7.68,7.83,7.86,7.47
2018-01-02,7.75,7.89,7.94,7.67
2018-01-03,7.85,7.89,7.96,7.8
2018-01-04,7.93,8.05,8.06,7.9
2018-01-05,7.99,8.06,8.08,7.94
2018-01-08,8.04,7.74,8.1,7.72
2018-01-09,7.69,7.57,7.73,7.5
2018-01-10,7.62,7.7,7.72,7.52
2018-01-11,7.65,7.66,7.7,7.56
2018-01-12,7.6,7.64,7.7,7.57
2018-01-15,7.56,7.5,7.63,7.37
2018-01-16,7.43,7.43,7.5,7.25
2018-01-17,7.41,7.33,7.41,7.2
2018-01-18,7.25,7.36,7.37,7.12
2018-01-19,7.32,7.42,7.45,7.2
2018-01-22,7.35,7.44,7.49,7.3
2018-01-23,7.44,7.45,7.5,7.32
2018-01-24,7.44,7.41,7.47,7.3
2018-01-25,7.38,7.36,7.38,6.91
2018-01-26,7.22,7.37,7.4,7.13
2018-01-29,7.35,7.31,7.37,7.2
2018-01-30,7.21,7.23,7.31,7.14
2018-01-31,7.16,7.29,7.35,7.14
2018-02-01,7.25,7.18,7.3,6.95
2018-02-02,7.1,7.1,7.15,6.9
2018-02-05,7.08,7.05,7.1,6.7
2018-02-06,6.9,6.8,6.99,6.65
2018-02-07,6.77,6.12,6.8,6.12
2018-02-08,5.51,5.51,5.51,5.51
2018-02-09,4.96,5.42,6.0,4.96
2018-02-12,5.2,5.96,5.96,5.1
2018-02-13,6.29,5.92,6.39,5.92
2018-02-14,5.85,6.25,6.38,5.75
2018-02-22,6.19,6.1,6.23,6.07
2018-02-23,6.11,6.15,6.21,5.98
2018-02-26,6.16,6.46,6.77,6.13
2018-02-27,6.46,6.24,6.51,6.2
2018-02-28,6.2,6.3,6.42,6.17
2018-03-01,6.24,6.58,6.68,6.2
2018-03-02,6.55,6.15,6.55,6.1
2018-03-05,6.04,6.02,6.15,5.96
2018-03-06,6.02,6.08,6.08,5.9
2018-03-07,6.08,6.0,6.08,5.96
2018-03-08,5.95,6.0,6.01,5.92
2018-03-09,6.01,5.96,6.08,5.96
2018-03-12,5.97,6.05,6.08,5.97
2018-03-13,6.06,6.2,6.21,6.02
2018-03-14,6.14,6.12,6.24,6.08
2018-03-15,6.12,6.02,6.17,5.95
2018-03-16,6.04,5.97,6.06,5.95
2018-03-19,5.92,6.0,6.02,5.91
2018-03-20,6.0,6.01,6.01,5.94
2018-03-21,6.03,5.95,6.11,5.94
2018-03-22,6.01,5.87,6.03,5.85
2018-03-23,5.85,5.86,5.86,5.31
2018-03-26,5.72,6.16,6.2,5.51
2018-03-27,6.16,6.06,6.25,6.02
2018-03-28,5.99,6.15,6.21,5.94
2018-03-29,6.15,6.1,6.18,6.04
2018-03-30,6.12,6.19,6.4,6.08
2018-04-02,6.19,6.15,6.25,6.11
2018-04-03,6.1,6.03,6.14,6.0
2018-04-04,6.06,6.03,6.09,6.02
2018-04-09,6.02,6.21,6.36,6.01
2018-04-10,6.22,6.1,6.32,6.04
2018-04-11,6.09,6.15,6.3,6.08
2018-04-12,6.12,6.09,6.17,6.0
2018-04-13,6.05,6.08,6.09,6.0
2018-04-16,6.45,6.39,6.68,6.33
2018-04-17,6.39,6.08,6.39,5.96
2018-04-18,5.97,6.01,6.08,5.93
2018-04-19,6.0,6.03,6.05,5.93
2018-04-20,5.99,5.98,6.02,5.91
2018-04-23,5.95,5.96,5.97,5.71
2018-04-24,5.94,5.92,6.01,5.9
2018-04-25,5.92,5.89,5.97,5.88
2018-04-26,5.87,5.82,5.92,5.75
2018-04-27,5.81,6.4,6.4,5.75
2018-05-02,6.51,6.2,6.58,6.14
2018-05-03,6.22,6.25,6.36,6.03
2018-05-04,6.16,6.22,6.35,6.1
2018-05-07,6.2,6.18,6.23,6.13
2018-05-08,6.18,6.13,6.2,6.11
2018-05-09,6.14,6.0,6.16,6.0
2018-05-10,6.05,5.98,6.09,5.86
2018-05-11,5.98,5.93,6.03,5.91
2018-05-14,5.95,6.0,6.07,5.92
2018-05-15,6.0,6.05,6.12,5.96
2018-05-16,6.02,6.05,6.11,5.97
2018-05-17,6.05,6.06,6.08,6.0
2018-05-18,6.06,6.12,6.15,6.04
2018-05-21,6.08,6.06,6.13,6.0
2018-05-22,6.09,6.14,6.2,6.0
2018-05-23,6.11,6.09,6.15,6.04
2018-05-24,6.06,6.46,6.5,6.06
2018-05-25,6.36,6.41,6.45,6.25
