date,open,close,high,low
2016-01-04,17.24,15.7,17.24,15.64
2016-01-05,14.9,17.0,17.0,14.2
2016-01-06,16.01,17.5,17.56,15.9
2016-01-07,17.25,15.75,17.27,15.75
2016-01-08,16.24,16.9,17.18,14.25
2016-01-11,16.9,15.21,17.95,15.21
2016-01-12,14.3,13.69,14.68,13.69
2016-01-13,13.36,12.35,13.58,12.32
2016-01-14,11.52,12.48,12.8,11.12
2016-01-15,12.88,12.0,12.92,11.86
2016-01-18,12.0,11.9,12.5,11.55
2016-01-19,11.99,13.09,13.09,11.6
2016-01-20,13.05,12.97,13.18,12.69
2016-01-21,12.64,11.83,12.8,11.8
2016-01-22,11.58,12.05,12.19,11.41
2016-01-25,12.13,12.5,12.76,12.13
2016-01-26,12.3,11.25,12.35,11.25
2016-01-27,11.1,10.83,11.45,10.13
2016-01-28,10.64,10.26,10.98,10.25
2016-01-29,10.27,10.85,11.02,10.27
2016-02-01,10.72,10.95,11.41,10.65
2016-02-02,10.99,11.47,11.56,10.85
2016-02-03,11.5,11.76,11.98,11.37
2016-02-04,11.6,11.88,12.17,11.6
2016-02-05,12.15,11.53,12.17,11.45
2016-02-15,10.95,11.55,11.71,10.81
2016-02-16,11.8,12.1,12.17,11.56
2016-02-17,12.18,12.59,12.6,12.03
2016-02-18,13.85,13.15,13.85,13.0
2016-02-19,13.16,12.93,13.16,12.5
2016-02-22,13.06,13.03,13.15,12.88
2016-02-23,13.14,13.36,13.65,13.08
2016-02-24,13.37,13.66,14.1,13.36
2016-02-25,13.78,12.36,13.95,12.36
2016-02-26,12.66,12.38,12.9,11.86
2016-02-29,12.28,11.14,12.28,11.14
2016-03-01,11.28,11.46,11.59,10.81
2016-03-02,11.55,12.15,12.47,11.41
2016-03-03,12.25,12.21,12.62,12.01
2016-03-04,12.2,11.68,12.21,11.27
2016-03-07,11.71,11.55,12.09,11.4
2016-03-08,11.55,11.79,11.85,10.98
2016-03-09,11.45,11.21,11.62,11.02
2016-03-10,11.28,10.83,11.4,10.72
2016-03-11,10.65,10.6,10.7,10.3
2016-03-14,10.77,11.03,11.19,10.73
2016-03-15,11.03,11.1,11.2,10.93
2016-03-16,11.3,11.06,11.55,11.03
2016-03-17,10.84,11.52,11.64,10.84
2016-03-18,11.69,11.99,12.13,11.69
2016-03-21,12.18,12.38,12.4,12.01
2016-03-22,12.38,12.63,12.98,12.1
2016-03-23,12.61,12.79,12.91,12.48
2016-03-24,12.62,12.99,13.14,12.4
2016-03-25,12.61,13.42,13.88,12.59
2016-03-28,13.15,12.86,13.51,12.81
2016-03-29,12.79,12.92,13.26,12.49
2016-03-30,12.94,13.27,13.48,12.8
2016-03-31,13.28,13.2,13.38,13.04
2016-04-01,13.19,12.83,13.27,12.5
2016-04-05,12.9,13.24,13.37,12.71
2016-04-06,13.2,13.37,13.55,13.04
2016-04-07,13.5,13.16,13.52,13.04
2016-04-08,12.9,12.83,13.06,12.5
2016-04-11,12.92,13.13,13.28,12.91
2016-04-12,13.3,13.8,14.14,13.18
2016-04-13,13.9,13.66,14.1,13.56
2016-04-14,13.83,14.71,15.0,13.5
2016-04-15,14.65,14.85,15.0,14.37
2016-04-18,14.8,14.29,14.8,14.17
2016-04-19,14.38,14.95,14.97,14.3
2016-04-20,14.95,13.75,15.1,13.46
2016-04-21,13.77,15.13,15.13,13.58
2016-04-22,15.13,14.57,15.13,14.26
2016-04-25,14.0,14.05,14.45,13.77
2016-04-26,13.98,14.15,14.3,13.66
2016-04-27,14.05,14.2,14.75,13.9
2016-04-28,14.01,13.9,14.15,13.45
2016-04-29,13.8,13.78,14.0,13.68
2016-05-03,14.01,14.23,14.39,14.0
2016-05-04,14.15,14.3,14.43,14.03
2016-05-05,14.32,14.38,14.58,14.15
2016-05-06,14.44,13.45,14.44,13.35
2016-05-09,13.0,12.11,13.01,12.11
2016-05-10,12.09,12.09,12.3,11.9
2016-05-11,12.25,11.97,12.29,11.95
2016-05-12,11.85,11.6,11.85,11.22
2016-05-13,11.66,11.6,11.84,11.55
2016-05-16,11.78,11.95,11.98,11.57
2016-05-17,12.07,11.8,12.08,11.68
2016-05-18,11.5,11.21,11.6,11.0
2016-05-19,11.25,11.32,11.66,11.23
2016-05-20,11.3,11.5,11.57,10.91
2016-05-23,11.42,11.62,11.86,11.42
2016-05-24,11.59,11.47,11.59,11.33
2016-05-25,11.53,11.57,11.8,11.37
2016-05-26,11.4,11.52,11.59,11.0
2016-05-27,11.58,11.67,11.74,11.45
2016-05-30,11.52,11.64,11.86,11.4
2016-05-31,11.68,12.16,12.29,11.65
2016-06-01,12.21,12.13,12.25,12.01
2016-06-02,12.15,12.29,12.3,12.08
2016-06-03,12.47,12.31,12.68,12.23
2016-06-06,12.26,12.19,12.35,12.13
2016-06-07,12.22,12.13,12.22,12.03
2016-06-08,12.05,12.12,12.25,11.93
2016-06-13,11.95,11.1,11.95,11.09
2016-06-14,11.12,11.17,11.3,11.05
2016-06-15,10.85,11.45,11.52,10.81
2016-06-16,11.42,11.4,11.47,11.28
2016-06-17,11.34,11.51,11.65,11.31
2016-06-20,11.51,11.3,11.51,11.07
2016-06-21,11.4,11.23,11.64,11.18
2016-06-22,11.27,11.44,11.47,11.21
2016-06-23,11.48,12.25,12.42,11.41
2016-06-24,13.1,13.48,13.48,12.8
2016-06-27,13.5,13.88,13.88,13.03
2016-06-28,13.4,13.39,13.65,13.2
2016-06-29,13.31,13.41,13.86,13.15
2016-06-30,13.2,13.23,13.29,13.01
2016-07-01,13.25,13.17,13.37,13.09
2016-07-04,13.05,13.21,13.35,12.96
2016-07-05,13.16,13.31,13.45,13.16
2016-07-06,13.28,13.15,13.33,13.09
2016-07-07,13.16,13.37,13.65,13.05
2016-07-08,13.29,13.15,13.43,13.11
2016-07-11,13.14,13.15,13.3,13.1
2016-07-12,13.17,13.12,13.26,12.76
2016-07-13,13.17,13.56,13.59,13.06
2016-07-14,13.68,13.35,13.89,13.26
2016-07-15,13.41,13.36,13.47,13.15
2016-07-18,13.36,13.53,13.66,13.3
2016-07-19,13.49,13.44,13.57,13.16
2016-07-20,13.39,13.17,13.39,13.13
2016-07-21,13.11,13.03,13.26,12.98
2016-07-22,12.99,12.97,13.09,12.77
2016-07-25,12.96,13.23,13.23,12.85
2016-07-26,13.18,13.4,13.44,13.15
2016-07-27,13.45,12.1,13.45,12.06
2016-07-28,12.15,12.21,12.29,11.95
2016-07-29,12.21,12.23,12.33,12.05
2016-08-01,12.23,11.98,12.23,11.7
2016-08-02,11.98,12.07,12.1,11.82
2016-08-03,12.08,12.61,12.88,12.08
2016-08-04,12.51,12.59,12.69,12.45
2016-08-05,12.58,12.69,12.87,12.43
2016-08-08,12.62,12.88,12.99,12.52
2016-08-09,12.8,12.85,12.96,12.71
2016-08-10,12.85,12.56,12.92,12.55
2016-08-11,12.57,12.71,12.85,12.56
2016-08-12,12.71,12.81,12.9,12.56
2016-08-15,12.83,13.14,13.15,12.75
2016-08-16,13.14,13.37,13.65,12.98
2016-08-17,13.26,13.21,13.35,13.12
2016-08-18,13.3,13.27,13.45,13.17
2016-08-19,13.17,12.97,13.23,12.84
2016-08-22,12.98,13.84,14.27,12.87
2016-08-23,13.63,13.48,13.92,13.31
2016-08-24,13.58,13.3,13.66,13.2
2016-08-25,13.16,13.19,13.24,12.92
2016-08-26,13.29,13.62,13.7,13.17
2016-08-29,13.61,13.75,13.75,13.48
2016-08-30,13.72,13.41,13.82,13.39
2016-08-31,13.46,13.43,13.57,13.26
2016-09-01,13.8,13.5,14.09,13.5
2016-09-02,13.38,13.42,13.52,13.29
2016-09-05,13.42,13.35,13.54,13.31
2016-09-06,13.39,13.36,13.39,13.01
2016-09-07,13.3,13.6,13.89,13.3
2016-09-08,13.59,14.04,14.26,13.52
2016-09-09,13.93,13.84,14.24,13.78
2016-09-12,13.51,14.31,15.22,13.44
2016-09-13,14.49,15.14,15.36,14.25
2016-09-14,14.91,14.62,14.91,14.42
2016-09-19,14.59,14.68,14.78,14.5
2016-09-20,14.72,14.73,14.98,14.14
2016-09-21,14.6,14.91,14.99,14.46
2016-09-22,14.95,14.78,15.19,14.74
2016-09-23,14.7,14.79,14.96,14.6
2016-09-26,14.7,13.87,14.7,13.85
2016-09-27,13.78,14.69,14.7,13.52
2016-09-28,14.73,14.48,15.03,14.38
2016-09-29,14.43,14.43,14.76,14.43
2016-09-30,14.4,14.5,14.74,14.39
2016-10-10,14.47,14.8,14.98,14.47
2016-10-11,15.08,15.73,16.2,14.86
2016-10-12,15.58,15.57,15.7,15.32
2016-10-13,15.56,15.54,15.78,15.4
2016-10-14,15.45,15.35,15.64,15.11
2016-10-17,15.5,15.22,15.58,15.12
2016-10-18,15.2,15.49,15.55,15.16
2016-10-19,15.43,15.69,15.76,15.38
2016-10-20,15.82,15.28,15.98,15.17
2016-10-21,15.33,15.13,15.35,14.75
2016-10-24,15.13,15.46,15.49,15.0
2016-10-25,15.45,15.42,15.78,15.36
2016-10-26,15.45,15.4,15.55,15.2
2016-10-27,15.65,15.45,15.65,15.36
2016-10-28,15.26,15.6,15.66,15.26
2016-10-31,15.61,15.53,15.75,15.31
2016-11-01,15.5,15.67,15.68,15.33
2016-11-02,15.63,16.01,16.1,15.56
2016-11-03,15.86,15.96,16.07,15.72
2016-11-04,15.85,15.57,15.94,15.54
2016-11-07,15.59,15.33,15.59,15.25
2016-11-08,15.45,15.35,15.57,15.3
2016-11-09,15.35,15.15,15.38,14.7
2016-11-10,15.21,15.21,15.38,15.2
2016-11-11,15.29,14.99,15.29,14.9
2016-11-14,15.0,15.4,15.46,14.98
2016-11-15,15.41,15.38,15.44,15.23
2016-11-16,15.37,15.22,15.37,15.1
2016-11-17,15.23,15.16,15.25,15.07
2016-11-18,15.11,15.15,15.27,15.07
2016-11-21,15.14,15.25,15.29,15.05
2016-11-22,15.28,15.49,15.6,15.18
2016-11-23,15.51,15.43,15.56,15.32
2016-11-24,15.4,15.78,16.09,15.31
2016-11-25,15.65,15.85,16.0,15.0
2016-11-28,15.91,15.54,16.18,15.54
2016-11-29,15.5,15.09,15.54,15.04
2016-11-30,15.07,15.15,15.24,15.05
2016-12-01,15.09,15.12,15.2,14.71
2016-12-02,15.0,14.77,15.21,14.77
2016-12-05,14.58,14.26,14.67,14.2
2016-12-06,14.27,14.49,14.65,14.27
2016-12-07,14.5,14.55,14.63,14.32
2016-12-08,14.61,14.52,14.79,14.5
2016-12-09,14.59,14.37,14.59,14.35
2016-12-12,14.45,13.63,14.45,13.6
2016-12-13,13.6,13.52,13.69,13.3
2016-12-14,13.45,13.62,13.71,13.38
2016-12-15,13.62,13.96,14.19,13.51
2016-12-16,13.93,14.12,14.32,13.87
2016-12-19,14.33,14.11,14.58,14.07
2016-12-20,14.1,14.18,14.38,13.88
2016-12-21,14.24,14.4,14.6,14.2
2016-12-22,14.4,14.4,14.64,14.12
2016-12-23,14.3,14.06,14.36,13.97
2016-12-26,14.06,14.19,14.28,13.8
2016-12-27,14.16,14.26,14.37,14.16
2016-12-28,14.32,14.18,14.33,14.17
2016-12-29,14.1,14.26,14.32,14.08
2016-12-30,14.25,14.25,14.35,14.15
2017-01-03,14.3,14.96,15.18,14.25
2017-01-04,14.86,14.9,15.17,14.82
2017-01-05,14.98,14.9,15.05,14.79
2017-01-06,14.91,15.06,15.15,14.85
2017-01-09,15.08,15.17,15.32,14.96
2017-01-10,15.17,14.88,15.29,14.8
2017-01-11,14.85,14.7,15.05,14.7
2017-01-12,14.72,15.03,15.66,14.72
2017-01-13,14.8,14.8,15.02,14.58
2017-01-16,14.7,13.61,14.79,13.32
2017-01-17,13.61,13.16,13.61,12.68
2017-01-18,13.18,13.25,13.4,13.0
2017-01-19,13.08,12.89,13.13,12.8
2017-01-20,12.75,13.09,13.17,12.68
2017-01-23,13.07,13.23,13.31,13.06
2017-01-24,13.23,13.34,13.37,13.13
2017-01-25,13.24,13.36,13.36,13.18
2017-01-26,13.32,13.44,13.46,13.18
2017-02-03,13.45,13.36,13.59,13.2
2017-02-06,13.35,13.33,13.41,13.08
2017-02-07,13.33,13.39,13.42,13.22
2017-02-08,13.34,13.6,13.61,13.28
2017-02-09,13.6,13.96,14.28,13.55
2017-02-10,13.83,13.78,14.01,13.76
2017-02-13,13.65,13.77,14.07,13.65
2017-02-14,13.8,13.8,13.88,13.7
2017-02-15,13.95,13.58,14.04,13.55
2017-02-16,13.56,13.7,13.92,13.51
2017-02-17,14.05,13.8,14.29,13.73
2017-02-20,13.66,13.69,13.73,13.48
2017-02-21,13.58,13.65,13.75,13.55
2017-02-22,13.7,13.72,13.8,13.56
2017-02-23,13.67,13.65,13.72,13.56
2017-02-24,13.66,13.83,13.86,13.63
2017-02-27,13.77,13.54,13.82,13.48
2017-02-28,13.54,13.68,13.71,13.52
2017-03-01,13.6,13.79,13.96,13.6
2017-03-02,13.75,13.83,13.94,13.72
2017-03-03,13.75,13.75,13.84,13.65
2017-03-06,13.75,13.98,13.98,13.75
2017-03-07,13.98,14.07,14.08,13.9
2017-03-08,14.09,13.91,14.09,13.89
2017-03-09,13.95,13.88,13.95,13.72
2017-03-10,13.87,13.78,13.94,13.78
2017-03-13,13.76,13.91,14.09,13.47
2017-03-14,13.95,13.96,14.02,13.85
2017-03-15,13.89,13.92,14.04,13.89
2017-03-16,13.94,14.11,14.14,13.93
2017-03-17,14.12,14.03,14.33,14.0
2017-03-20,14.1,14.13,14.15,13.9
2017-03-21,14.28,14.0,14.29,13.97
2017-03-22,13.91,14.13,14.29,13.9
2017-03-23,14.14,14.14,14.34,13.9
2017-03-24,14.13,14.14,14.18,13.99
2017-03-27,14.28,14.08,14.5,14.07
2017-03-28,14.14,13.93,14.17,13.92
2017-03-29,13.93,13.84,13.98,13.77
2017-03-30,13.73,13.39,13.79,13.36
2017-03-31,13.39,13.75,13.75,13.39
2017-04-05,13.78,13.8,13.85,13.64
2017-04-06,13.82,13.91,13.91,13.72
2017-04-07,13.98,13.74,13.98,13.66
2017-04-10,13.74,13.26,13.74,13.24
2017-04-11,13.25,13.37,13.41,12.99
2017-04-12,13.48,13.71,13.86,13.4
2017-04-13,13.6,13.51,13.88,13.48
2017-04-14,13.4,13.12,13.64,13.06
2017-04-17,13.0,12.67,13.12,12.51
2017-04-18,12.69,12.4,12.98,12.4
2017-04-19,12.0,11.87,12.25,11.52
2017-04-20,11.87,11.53,12.0,11.48
2017-04-21,11.41,11.57,11.73,11.41
2017-04-24,11.48,10.41,11.48,10.41
2017-04-25,10.73,10.31,10.73,10.24
2017-04-26,10.33,10.24,10.43,10.1
2017-04-27,10.24,10.48,10.54,10.05
2017-04-28,10.52,10.6,10.69,10.46
2017-05-02,10.67,10.53,10.67,10.49
2017-05-03,10.55,10.49,10.6,10.4
2017-05-04,10.47,10.41,10.55,10.14
2017-05-05,10.42,10.05,10.43,10.05
2017-05-08,10.0,9.72,10.0,9.66
2017-05-09,9.63,9.87,9.98,9.59
2017-05-10,9.87,9.5,10.02,9.2
2017-05-11,9.5,9.4,9.57,8.93
2017-05-12,9.45,9.26,9.6,9.18
2017-05-15,9.12,9.54,9.55,9.12
2017-05-16,9.54,9.67,9.73,9.34
2017-05-17,9.65,9.79,10.04,9.55
2017-05-18,9.63,9.73,9.86,9.63
2017-05-19,9.76,9.64,9.79,9.6
2017-05-22,9.6,9.32,9.83,9.28
2017-05-23,9.41,8.82,9.41,8.74
2017-05-24,9.0,8.93,9.06,8.72
2017-05-25,8.99,9.19,9.25,8.77
2017-05-26,9.12,9.18,9.29,9.11
2017-05-31,9.25,9.11,9.38,9.06
2017-06-01,9.15,8.82,9.25,8.78
2017-06-02,8.7,8.95,8.97,8.65
2017-06-05,8.94,9.14,9.21,8.83
2017-06-06,9.14,9.19,9.2,9.05
2017-06-07,9.15,9.46,9.52,9.15
2017-06-08,9.45,9.43,9.56,9.41
2017-06-09,9.42,9.45,9.5,9.33
2017-06-12,9.39,9.09,9.39,9.06
2017-06-13,9.04,9.23,9.27,9.04
2017-06-14,9.23,9.31,9.45,9.22
2017-06-15,9.31,9.51,9.56,9.31
2017-06-16,9.51,9.7,10.03,9.35
2017-06-19,9.75,9.77,9.93,9.56
2017-06-20,9.86,10.06,10.17,9.8
2017-06-21,10.09,10.0,10.09,9.81
2017-06-22,9.89,9.6,9.97,9.6
2017-06-23,9.56,9.72,9.76,9.4
2017-06-26,9.68,9.78,9.82,9.58
2017-06-27,9.75,9.7,9.86,9.63
2017-06-28,9.68,9.55,9.7,9.5
2017-06-29,9.53,9.55,9.64,9.53
2017-06-30,9.56,9.59,9.64,9.52
2017-07-03,9.6,9.66,9.66,9.55
2017-07-04,9.63,9.75,9.77,9.55
2017-07-05,9.75,9.81,9.81,9.62
2017-07-06,9.79,9.8,9.96,9.7
2017-07-07,9.8,9.77,9.8,9.7
2017-07-10,9.77,9.63,9.77,9.57
2017-07-11,9.63,9.6,9.68,9.52
2017-07-12,9.55,9.35,9.6,9.21
2017-07-13,9.35,9.45,9.46,9.26
2017-07-14,9.45,9.39,9.48,9.3
2017-07-17,9.48,9.77,10.33,9.37
2017-07-18,9.78,10.75,10.75,9.67
2017-07-19,11.83,11.83,11.83,11.83
2017-07-20,12.55,12.11,12.69,11.73
2017-07-21,11.79,11.28,11.79,11.23
2017-07-24,11.17,11.13,11.37,10.92
2017-07-25,11.1,10.9,11.26,10.75
2017-07-26,10.9,11.09,11.13,10.74
2017-07-27,11.03,11.43,11.47,10.97
2017-07-28,11.3,11.0,11.3,10.91
2017-07-31,10.82,11.22,11.33,10.56
2017-08-01,11.02,10.88,11.1,10.86
2017-08-02,10.85,10.72,11.25,10.71
2017-08-03,10.66,10.44,10.7,10.39
2017-08-04,10.39,10.46,10.62,10.35
2017-08-07,10.4,10.5,10.56,10.26
2017-08-08,10.51,10.85,10.97,10.42
2017-08-09,10.86,10.71,10.94,10.64
2017-08-10,10.66,10.29,10.77,10.26
2017-08-11,10.14,9.98,10.23,9.91
2017-08-14,10.04,10.14,10.17,9.99
2017-08-15,10.08,10.06,10.15,10.01
2017-08-16,10.06,10.35,10.57,10.06
2017-08-17,10.22,10.33,10.36,10.15
2017-08-18,10.28,10.38,10.53,10.18
2017-08-21,10.35,10.43,10.45,10.21
2017-08-22,10.4,10.23,10.41,10.19
2017-08-23,10.23,10.14,10.3,10.01
2017-08-24,10.07,10.04,10.17,10.0
2017-08-25,10.04,10.2,10.21,10.0
2017-08-28,10.2,10.26,10.36,10.15
2017-08-29,10.22,10.51,10.75,10.22
2017-08-30,10.4,10.44,10.56,10.35
2017-08-31,10.37,10.58,10.62,10.37
2017-09-01,10.58,10.51,10.69,10.45
2017-09-04,10.5,10.44,10.51,10.36
2017-09-05,10.46,10.96,11.33,10.42
2017-09-06,10.77,10.88,10.89,10.66
2017-09-07,10.8,10.56,10.85,10.55
2017-09-08,10.58,10.71,10.99,10.54
2017-09-11,10.59,10.66,10.77,10.58
2017-09-12,10.68,10.42,10.7,10.38
2017-09-13,10.43,10.48,10.53,10.35
2017-09-14,10.48,10.62,10.62,10.38
2017-09-15,10.58,10.68,10.78,10.49
2017-09-18,10.85,10.69,11.08,10.66
2017-09-19,10.63,10.78,10.97,10.6
2017-09-20,10.75,10.79,10.83,10.53
2017-09-21,10.77,10.54,10.77,10.52
2017-09-22,10.54,10.27,10.59,10.26
2017-09-25,10.23,10.04,10.33,10.03
2017-09-26,10.01,10.1,10.12,10.01
2017-09-27,10.1,10.13,10.15,10.06
2017-09-28,10.14,10.01,10.18,10.01
2017-09-29,10.05,10.15,10.15,10.01
2017-10-09,10.32,10.19,10.39,10.16
2017-10-10,10.16,10.32,10.32,10.16
2017-10-11,10.32,10.33,10.37,10.26
2017-10-12,10.32,10.27,10.33,10.16
2017-10-13,10.29,10.25,10.3,10.2
2017-10-16,10.22,10.0,10.25,10.0
2017-10-17,9.95,9.98,10.07,9.91
2017-10-18,9.97,9.69,10.05,9.69
2017-10-19,9.72,9.41,9.76,9.38
2017-10-20,9.41,9.64,9.65,9.36
2017-10-23,9.63,9.65,9.66,9.5
2017-10-24,9.68,9.6,9.68,9.49
2017-10-25,9.61,9.64,9.75,9.56
2017-10-26,9.66,9.63,9.67,9.48
2017-10-27,9.58,9.47,9.61,9.45
2017-10-30,9.41,9.04,9.42,8.9
2017-10-31,9.07,9.14,9.23,9.01
2017-11-01,9.18,9.2,9.26,9.07
2017-11-02,9.11,8.98,9.2,8.98
2017-11-03,9.05,8.84,9.05,8.78
2017-11-06,8.91,9.03,9.1,8.76
2017-11-07,9.07,9.02,9.08,8.95
2017-11-08,9.0,9.08,9.2,8.97
2017-11-09,9.12,9.09,9.12,9.01
2017-11-10,9.09,9.3,9.35,9.09
2017-11-13,9.17,9.15,9.3,9.12
2017-11-14,9.14,9.08,9.37,9.07
2017-11-15,9.07,9.09,9.17,9.05
2017-11-16,9.06,9.11,9.25,9.05
2017-11-17,9.1,8.79,9.18,8.68
2017-11-20,8.79,9.14,9.16,8.4
2017-11-21,9.15,9.5,9.77,8.23
2017-11-22,9.3,9.33,9.46,9.19
2017-11-23,9.35,9.08,9.41,9.08
2017-11-24,9.01,9.01,9.22,8.84
2017-11-27,9.1,8.82,9.25,8.71
2017-11-28,8.78,8.93,8.99,8.78
2017-11-29,8.91,8.92,8.97,8.8
2017-11-30,8.82,8.83,8.95,8.81
2017-12-01,8.8,8.86,8.94,8.73
2017-12-04,8.85,8.82,8.94,8.8
2017-12-05,8.82,8.37,8.82,8.31
2017-12-06,8.39,8.43,8.54,8.26
2017-12-07,8.45,8.38,8.5,8.33
2017-12-08,8.38,8.45,8.48,8.35
2017-12-11,8.48,8.48,8.5,8.41
2017-12-12,8.46,8.3,8.51,8.28
2017-12-13,8.3,8.49,8.51,8.3
2017-12-14,8.5,8.58,8.61,8.42
2017-12-15,8.64,8.68,8.74,8.52
2017-12-18,8.53,8.47,8.69,8.42
2017-12-19,8.45,8.51,8.58,8.39
2017-12-20,8.55,8.46,8.55,8.42
2017-12-21,8.48,8.48,8.55,8.31
2017-12-22,8.48,8.58,8.62,8.43
2017-12-25,8.58,8.33,8.69,8.25
2017-12-26,8.3,8.32,8.37,8.19
2017-12-27,8.33,8.21,8.33,8.2
2017-12-28,8.3,8.21,8.32,8.19
2017-12-29,8.22,8.36,8.4,8.2
2018-01-02,8.35,8.4,8.44,8.35
2018-01-03,8.42,8.47,8.48,8.33
2018-01-04,8.47,8.45,8.57,8.39
2018-01-05,8.47,8.62,8.95,8.42
2018-01-08,8.62,8.48,8.69,8.38
2018-01-09,8.49,8.54,8.65,8.44
2018-01-10,8.54,8.32,8.54,8.26
2018-01-11,8.3,8.33,8.37,8.21
2018-01-12,8.27,8.45,8.53,8.27
2018-01-15,8.4,8.41,8.41,8.25
2018-01-16,8.35,8.49,8.58,8.22
2018-01-17,8.42,8.52,8.65,8.3
2018-01-18,8.48,8.62,8.62,8.46
2018-01-19,8.62,8.51,8.64,8.5
2018-01-22,8.5,8.41,8.5,8.33
2018-01-23,8.35,8.52,8.61,8.35
2018-01-24,8.58,8.7,8.7,8.41
2018-01-25,9.08,8.62,9.14,8.62
2018-01-26,8.48,8.46,8.54,8.4
2018-01-29,8.43,8.29,8.47,8.25
2018-01-30,8.29,8.2,8.29,8.1
2018-01-31,8.18,8.06,8.22,8.06
2018-02-01,8.03,7.29,8.13,7.25
2018-02-02,7.24,6.99,7.24,6.72
2018-02-05,6.97,6.95,7.06,6.8
2018-02-06,6.8,6.26,6.82,6.26
2018-02-07,6.35,6.41,6.48,6.1
2018-02-08,6.39,6.47,6.51,6.26
2018-02-09,6.3,6.9,7.12,6.12
2018-02-12,7.59,7.59,7.59,7.21
2018-02-13,7.9,7.13,7.9,7.13
2018-02-14,7.09,7.16,7.35,7.07
2018-02-22,7.2,7.51,7.65,7.03
2018-02-23,7.45,7.33,7.46,7.29
2018-02-26,7.33,7.45,7.54,7.29
2018-02-27,7.42,7.46,7.68,7.42
2018-02-28,7.13,7.4,7.56,7.13
2018-03-01,7.34,7.6,7.81,7.3
2018-03-02,7.45,7.58,7.76,7.45
2018-03-05,7.54,7.71,7.74,7.53
2018-03-06,7.7,7.74,7.9,7.63
2018-03-07,7.75,7.83,8.03,7.75
2018-03-08,7.83,7.94,7.99,7.73
2018-03-09,7.93,8.13,8.13,7.81
2018-03-12,8.2,8.35,8.5,8.05
2018-03-13,8.35,8.76,8.9,8.34
2018-03-14,8.78,8.52,8.95,8.42
2018-03-15,8.5,8.61,8.8,8.37
2018-03-16,8.72,9.02,9.07,8.58
2018-03-19,9.1,8.84,9.77,8.84
2018-03-20,8.74,8.93,8.93,8.58
2018-03-21,8.95,9.38,9.58,8.81
2018-03-22,9.36,9.49,9.65,9.11
2018-03-23,8.88,9.27,9.28,8.74
2018-03-26,9.0,8.83,9.22,8.34
2018-03-27,8.78,8.85,9.14,8.74
2018-03-28,9.02,9.15,9.2,8.95
2018-03-29,9.23,8.94,9.23,8.85
2018-03-30,9.0,8.82,9.0,8.7
2018-04-02,8.85,8.59,8.87,8.59
2018-04-03,8.41,9.15,9.25,8.3
2018-04-04,8.99,9.02,9.39,8.99
2018-04-09,9.0,8.77,9.0,8.6
2018-04-10,8.79,9.05,9.05,8.61
2018-04-11,9.06,8.97,9.09,8.91
2018-04-12,8.83,8.71,8.91,8.68
2018-04-13,8.65,8.67,8.79,8.61
2018-04-16,8.67,8.38,8.77,8.33
2018-04-17,8.38,8.44,8.68,8.37
2018-04-18,8.5,8.57,8.64,8.39
2018-04-19,8.61,8.71,8.88,8.61
2018-04-20,8.78,8.62,8.87,8.6
2018-04-23,8.63,8.38,8.63,8.26
2018-04-24,8.7,8.83,8.85,8.69
2018-04-25,8.8,8.63,8.8,8.61
2018-04-26,8.76,8.72,9.16,8.7
2018-04-27,8.62,8.75,8.78,8.48
2018-05-02,8.75,9.07,9.18,8.58
2018-05-03,8.92,9.06,9.18,8.92
2018-05-04,9.06,9.07,9.15,9.0
2018-05-07,9.03,9.08,9.1,9.02
2018-05-08,9.1,9.31,9.38,9.1
2018-05-09,9.25,9.29,9.4,9.2
2018-05-10,9.29,9.16,9.37,9.03
2018-05-11,9.19,9.02,9.22,9.0
2018-05-14,8.92,9.05,9.14,8.88
2018-05-15,9.01,9.48,9.75,9.0
2018-05-16,9.27,9.16,9.44,9.13
2018-05-17,9.2,9.08,9.25,9.08
2018-05-18,9.05,9.15,9.19,9.05
2018-05-21,9.2,9.5,9.52,9.15
2018-05-22,9.41,9.41,9.59,9.38
2018-05-23,9.47,9.32,9.6,9.3
2018-05-24,9.36,9.4,9.44,9.28
2018-05-25,9.4,9.29,9.49,9.18
