date,open,close,high,low
2016-01-04,31.292,28.163,31.571,28.064
2016-01-05,26.325,26.892,28.064,25.352
2016-01-06,26.921,28.114,28.312,26.921
2016-01-07,27.518,25.312,27.518,25.302
2016-01-08,25.878,25.342,26.484,23.325
2016-01-11,24.845,22.809,24.935,22.809
2016-01-12,22.809,23.931,24.716,21.855
2016-01-13,23.931,22.65,24.07,22.65
2016-01-14,21.855,23.822,24.031,21.16
2016-01-15,23.643,22.858,24.021,22.65
2016-01-18,22.064,23.206,23.623,21.865
2016-01-19,23.176,24.339,24.647,22.898
2016-01-20,24.339,24.925,25.988,24.15
2016-01-21,24.239,23.226,24.865,23.147
2016-01-22,23.832,23.594,23.931,22.65
2016-01-25,23.921,23.842,24.309,23.445
2016-01-26,23.494,21.458,23.594,21.458
2016-01-27,21.458,21.249,21.805,19.729
2016-01-28,21.04,20.504,21.656,20.166
2016-01-29,20.524,21.299,21.607,20.464
2016-02-01,21.587,20.951,21.756,20.564
2016-02-02,20.961,21.805,22.352,20.882
2016-02-03,21.517,21.746,21.855,21.14
2016-02-04,21.855,22.193,22.302,21.855
2016-02-05,22.352,21.557,22.352,21.388
2016-02-15,20.653,21.259,21.517,20.395
2016-02-16,21.368,22.392,22.481,21.368
2016-02-17,22.302,22.848,23.365,22.153
2016-02-18,23.186,22.868,23.723,22.58
2016-02-19,22.848,22.809,22.998,22.58
2016-02-22,23.107,23.375,23.633,22.918
2016-02-23,23.494,23.991,24.021,23.276
2016-02-24,23.842,24.17,24.279,23.226
2016-02-25,23.971,21.756,23.971,21.756
2016-02-26,21.865,21.348,22.103,20.713
2016-02-29,21.348,19.858,21.428,19.56
2016-03-01,19.958,20.464,20.574,19.779
2016-03-02,20.564,21.567,21.646,20.415
2016-03-03,21.637,22.044,22.213,21.458
2016-03-04,21.865,21.021,22.044,20.653
2016-03-07,21.219,21.478,21.925,21.189
2016-03-08,21.478,21.656,21.786,20.276
2016-03-09,20.683,20.961,21.557,20.683
2016-03-10,21.04,20.564,21.219,20.504
2016-03-11,20.166,20.355,20.554,20.077
2016-03-14,20.653,21.17,21.458,20.653
2016-03-15,21.07,21.06,21.388,20.862
2016-03-16,21.259,20.981,21.358,20.703
2016-03-17,20.971,21.925,22.163,20.941
2016-03-18,22.233,23.941,24.12,21.964
2016-03-21,24.19,24.2,24.438,23.872
2016-03-22,24.1,24.647,25.829,23.911
2016-03-23,24.647,25.402,25.431,24.527
2016-03-24,26.077,25.928,27.617,25.839
2016-03-25,25.71,26.723,27.001,25.431
2016-03-28,27.269,26.852,27.359,26.544
2016-03-29,26.723,25.183,26.723,24.905
2016-03-30,25.63,26.524,26.524,25.233
2016-03-31,26.822,26.087,26.912,25.739
2016-04-01,26.077,25.193,26.256,24.855
2016-04-05,25.332,25.58,25.789,24.796
2016-04-06,25.561,25.868,26.176,25.282
2016-04-07,26.067,25.104,26.127,25.084
2016-04-08,24.835,24.339,24.984,24.011
2016-04-11,24.686,25.133,25.322,24.686
2016-04-12,25.193,24.706,25.193,24.488
2016-04-13,24.786,25.57,25.7,24.786
2016-04-14,25.6,25.481,25.71,25.203
2016-04-15,25.481,25.362,25.58,25.183
2016-04-18,25.074,24.488,25.074,24.418
2016-04-19,24.637,24.627,24.796,24.358
2016-04-20,24.656,23.196,24.766,22.461
2016-04-21,23.047,22.829,23.464,22.799
2016-04-22,22.531,23.137,23.137,22.531
2016-04-25,23.147,23.613,23.832,22.66
2016-04-26,23.494,23.574,23.703,23.266
2016-04-27,23.673,23.594,24.041,23.445
2016-04-28,23.534,23.226,23.544,22.68
2016-04-29,22.948,22.988,23.345,22.878
2016-05-03,22.878,23.693,23.703,22.878
2016-05-04,23.534,23.643,23.921,23.474
2016-05-05,23.454,23.723,23.812,23.395
2016-05-06,23.733,22.55,23.921,22.55
2016-05-09,22.272,21.368,22.352,21.16
2016-05-10,21.259,21.488,21.805,21.259
2016-05-11,21.627,21.378,21.746,21.309
2016-05-12,21.16,21.209,21.348,20.613
2016-05-13,21.249,21.229,21.726,21.021
2016-05-16,21.189,21.706,21.716,20.921
2016-05-17,21.706,21.557,21.805,21.358
2016-05-18,21.249,20.812,21.249,20.663
2016-05-19,20.802,20.832,21.219,20.802
2016-05-20,20.593,21.031,21.04,20.435
2016-05-23,21.08,21.488,21.637,21.08
2016-05-24,21.497,21.438,21.855,21.16
2016-05-25,21.537,21.637,21.825,21.229
2016-05-26,21.507,21.368,21.627,20.862
2016-05-27,21.478,21.398,21.587,21.239
2016-05-30,21.259,21.199,21.507,20.961
2016-05-31,21.329,22.163,22.183,21.199
2016-06-01,22.074,22.233,22.521,22.054
2016-06-02,22.233,22.481,22.511,22.163
2016-06-03,22.511,22.819,22.938,22.262
2016-06-06,22.848,22.491,23.017,22.312
2016-06-07,22.481,22.312,22.481,22.133
2016-06-08,22.362,22.88,23.309,22.143
2016-06-13,22.432,21.795,23.398,21.775
2016-06-14,21.566,21.576,22.014,21.366
2016-06-15,21.466,22.213,22.313,21.197
2016-06-16,22.592,23.538,24.056,22.094
2016-06-17,23.259,23.139,23.528,23.01
2016-06-20,23.657,23.339,23.707,23.0
2016-06-21,23.578,22.711,23.677,22.582
2016-06-22,22.562,22.99,23.0,22.472
2016-06-23,22.93,22.731,22.94,22.362
2016-06-24,22.582,22.014,22.9,21.506
2016-06-27,21.914,22.751,22.861,21.894
2016-06-28,22.691,23.239,23.478,22.512
2016-06-29,23.209,23.379,23.518,23.01
2016-06-30,23.159,23.468,23.757,22.93
2016-07-01,23.588,23.239,23.608,23.209
2016-07-04,22.99,23.986,24.205,22.93
2016-07-05,23.916,24.554,25.44,23.857
2016-07-06,24.305,24.355,24.424,24.006
2016-07-07,24.325,23.986,24.345,23.638
2016-07-08,23.986,24.016,24.405,23.817
2016-07-11,24.016,24.106,24.673,24.006
2016-07-12,24.046,25.142,25.152,23.966
2016-07-13,25.102,25.201,25.55,24.604
2016-07-14,25.191,24.903,25.201,24.753
2016-07-15,25.5,24.803,25.779,24.803
2016-07-18,24.903,24.604,25.092,24.444
2016-07-19,24.444,24.673,24.673,24.136
2016-07-20,24.663,24.424,24.773,24.414
2016-07-21,24.405,24.255,24.654,24.255
2016-07-22,24.405,24.355,24.693,24.255
2016-07-25,24.365,24.644,24.763,24.255
2016-07-26,24.703,24.753,24.783,24.405
2016-07-27,24.733,23.149,24.863,22.91
2016-07-28,23.209,23.05,23.398,22.572
2016-07-29,23.01,22.612,23.09,22.512
2016-08-01,22.213,22.074,22.303,21.785
2016-08-02,21.944,22.293,22.412,21.944
2016-08-03,22.233,22.293,22.482,22.113
2016-08-04,22.303,22.392,22.472,22.094
2016-08-05,22.392,22.133,22.472,22.064
2016-08-08,22.173,22.602,22.621,21.914
2016-08-09,22.711,22.691,22.731,22.492
2016-08-10,22.741,22.562,22.831,22.512
2016-08-11,22.582,22.034,22.602,22.014
2016-08-12,22.203,22.313,22.353,21.964
2016-08-15,22.462,22.91,23.03,22.223
2016-08-16,22.96,23.209,23.408,22.831
2016-08-17,23.159,23.0,23.169,22.94
2016-08-18,22.97,23.0,23.219,22.92
2016-08-19,23.05,23.259,23.349,22.97
2016-08-22,23.279,22.651,23.279,22.612
2016-08-23,22.512,22.811,23.02,22.512
2016-08-24,22.801,22.691,22.95,22.621
2016-08-25,22.512,22.313,22.681,22.153
2016-08-26,22.362,22.303,22.542,22.273
2016-08-29,22.313,22.362,22.482,22.313
2016-08-30,22.412,22.472,22.631,22.372
2016-08-31,22.392,22.552,22.671,22.153
2016-09-01,22.512,22.213,22.592,22.213
2016-09-02,22.213,22.193,22.362,22.094
2016-09-05,22.313,22.163,22.372,22.163
2016-09-06,22.213,22.472,22.522,21.944
2016-09-07,22.402,22.572,23.209,22.402
2016-09-08,22.532,22.582,22.751,22.442
2016-09-09,22.582,22.781,23.01,22.542
2016-09-12,22.333,21.994,22.382,21.944
2016-09-13,22.064,22.004,22.193,21.954
2016-09-14,21.994,21.964,22.074,21.815
2016-09-19,22.93,24.165,24.165,22.861
2016-09-20,24.355,23.747,24.395,23.568
2016-09-21,23.717,23.747,23.986,23.458
2016-09-22,23.956,23.628,24.006,23.508
2016-09-23,23.727,23.418,23.956,23.309
2016-09-26,23.349,22.462,23.388,22.462
2016-09-27,22.293,22.552,22.562,22.123
2016-09-28,22.612,22.313,22.612,22.223
2016-09-29,22.562,22.492,22.661,22.323
2016-09-30,22.612,22.651,22.781,22.462
2016-10-10,22.701,23.06,23.06,22.621
2016-10-11,23.03,23.129,23.269,22.96
2016-10-12,22.96,23.289,23.508,22.871
2016-10-13,23.159,23.269,23.747,23.159
2016-10-14,23.08,23.01,23.239,22.811
2016-10-17,23.04,23.0,23.558,22.801
2016-10-18,22.9,23.508,23.558,22.831
2016-10-19,23.498,23.438,23.767,23.319
2016-10-20,23.329,23.319,23.498,23.149
2016-10-21,23.329,23.518,23.857,23.259
2016-10-24,23.518,23.896,24.385,23.408
2016-10-25,23.707,23.508,23.807,23.388
2016-10-26,23.418,23.239,23.488,23.07
2016-10-27,23.209,23.428,23.478,23.169
2016-10-28,23.309,22.95,23.468,22.9
2016-10-31,23.0,22.701,23.0,22.512
2016-11-01,22.711,22.98,22.98,22.711
2016-11-02,22.91,22.631,22.98,22.542
2016-11-03,22.412,22.791,23.06,22.412
2016-11-04,22.671,22.711,22.91,22.631
2016-11-07,22.861,22.99,23.04,22.621
2016-11-08,23.129,22.9,23.179,22.721
2016-11-09,22.91,22.612,22.95,22.313
2016-11-10,22.791,22.93,23.06,22.711
2016-11-11,23.299,23.239,23.408,22.97
2016-11-14,23.239,23.428,23.588,23.129
2016-11-15,23.448,23.867,24.006,23.139
2016-11-16,23.677,23.608,24.265,23.498
2016-11-17,23.618,24.026,24.106,23.458
2016-11-18,23.906,23.478,24.215,23.359
2016-11-21,23.548,23.498,23.687,23.309
2016-11-22,23.428,23.827,23.906,23.428
2016-11-23,23.956,23.588,24.006,23.538
2016-11-24,23.508,23.159,23.647,23.12
2016-11-25,23.189,23.468,23.478,22.831
2016-11-28,23.558,23.568,23.657,23.369
2016-11-29,23.558,23.717,24.056,23.349
2016-11-30,23.628,24.106,24.106,23.339
2016-12-01,24.066,24.365,24.554,23.956
2016-12-02,24.205,23.717,24.454,23.498
2016-12-05,23.468,24.215,24.265,23.349
2016-12-06,24.215,23.757,24.285,23.747
2016-12-07,23.797,24.703,24.883,23.618
2016-12-08,24.584,24.444,24.723,24.325
2016-12-09,24.405,24.813,24.843,24.165
2016-12-12,24.743,23.448,24.743,23.339
2016-12-13,23.359,22.821,23.498,22.412
2016-12-14,22.721,22.392,22.831,22.313
2016-12-15,22.323,22.621,22.851,22.223
2016-12-16,22.641,22.542,22.791,22.492
2016-12-19,22.582,22.602,22.681,22.422
2016-12-20,22.582,22.442,22.582,22.323
2016-12-21,22.502,22.731,22.871,22.492
2016-12-22,22.731,23.02,23.458,22.661
2016-12-23,22.861,22.801,23.159,22.552
2016-12-26,22.612,22.821,22.871,22.293
2016-12-27,22.831,22.492,22.841,22.472
2016-12-28,22.542,22.343,22.631,22.333
2016-12-29,22.323,22.492,22.612,22.273
2016-12-30,22.402,22.293,22.542,22.223
2017-01-03,22.402,22.512,22.592,22.273
2017-01-04,22.562,22.661,22.721,22.452
2017-01-05,22.661,22.781,22.841,22.472
2017-01-06,22.861,22.91,23.1,22.731
2017-01-09,22.871,23.478,23.608,22.631
2017-01-10,23.309,23.159,23.498,23.139
2017-01-11,23.129,23.418,23.618,22.97
2017-01-12,23.319,22.761,23.438,22.661
2017-01-13,22.621,22.442,22.791,22.343
2017-01-16,22.412,21.068,22.412,20.201
2017-01-17,21.087,21.287,21.406,20.669
2017-01-18,21.317,21.038,21.356,21.008
2017-01-19,21.038,20.779,21.058,20.739
2017-01-20,20.819,21.087,21.207,20.819
2017-01-23,21.197,21.396,21.645,21.137
2017-01-24,21.416,21.177,21.416,21.137
2017-01-25,20.938,21.307,21.317,20.938
2017-01-26,21.307,21.466,21.516,21.297
2017-02-03,21.506,21.426,21.576,21.376
2017-02-06,21.416,21.655,21.655,21.416
2017-02-07,21.556,21.406,21.645,21.307
2017-02-08,21.346,21.536,21.576,21.117
2017-02-09,21.486,21.595,21.715,21.426
2017-02-10,21.566,21.845,22.223,21.466
2017-02-13,21.715,22.084,22.243,21.715
2017-02-14,21.914,21.835,22.014,21.795
2017-02-15,21.845,21.675,22.153,21.546
2017-02-16,21.416,22.044,22.343,21.416
2017-02-17,21.994,21.715,22.143,21.615
2017-02-20,21.755,21.974,22.074,21.755
2017-02-21,22.193,22.084,22.263,21.914
2017-02-22,22.094,22.313,22.382,22.014
2017-02-23,22.313,22.143,22.412,22.064
2017-02-24,22.193,22.074,22.243,21.974
2017-02-27,22.014,21.825,22.133,21.735
2017-02-28,21.815,21.914,22.014,21.775
2017-03-01,21.845,22.054,22.213,21.815
2017-03-02,22.054,21.735,22.084,21.705
2017-03-03,21.635,21.685,21.825,21.615
2017-03-06,21.685,21.924,22.004,21.685
2017-03-07,21.924,21.884,21.974,21.735
2017-03-08,21.864,21.874,22.044,21.795
2017-03-09,21.884,22.113,22.273,21.884
2017-03-10,22.054,21.695,22.104,21.695
2017-03-13,21.695,21.745,21.765,21.346
2017-03-14,21.755,21.506,21.785,21.476
2017-03-15,21.506,21.416,21.586,21.356
2017-03-16,21.416,21.675,21.745,21.416
2017-03-17,21.755,21.586,22.074,21.556
2017-03-20,23.408,23.747,23.747,22.91
2017-03-21,23.896,24.255,25.102,23.657
2017-03-22,23.787,24.006,24.175,23.458
2017-03-23,23.757,25.181,25.899,23.508
2017-03-24,24.803,24.833,25.55,24.604
2017-03-27,25.032,24.414,25.152,24.275
2017-03-28,24.424,24.385,24.574,24.036
2017-03-29,24.275,24.574,25.052,24.265
2017-03-30,24.405,24.813,25.102,24.076
2017-03-31,24.803,23.518,25.132,23.139
2017-04-05,23.12,24.175,24.385,23.03
2017-04-06,24.205,24.554,24.903,24.016
2017-04-07,24.504,24.335,24.883,24.175
2017-04-10,23.896,23.618,24.106,23.578
2017-04-11,23.508,24.683,24.763,23.468
2017-04-12,24.604,24.056,24.972,23.986
2017-04-13,24.066,24.335,24.743,23.936
2017-04-14,24.315,24.913,25.709,24.275
2017-04-17,25.102,25.301,26.038,24.584
2017-04-18,25.102,24.663,25.211,24.454
2017-04-19,24.325,23.488,24.325,22.99
2017-04-20,23.359,22.96,23.598,22.801
2017-04-21,23.159,23.09,23.508,22.98
2017-04-24,23.209,21.934,23.309,21.914
2017-04-25,21.954,22.044,22.293,21.924
2017-04-26,22.054,21.675,22.253,21.566
2017-04-27,21.516,22.313,22.472,21.476
2017-04-28,22.492,22.293,22.522,22.094
2017-05-02,22.123,21.864,22.123,21.625
2017-05-03,21.924,22.104,22.213,21.755
2017-05-04,22.074,21.765,22.084,21.735
2017-05-05,21.635,21.008,21.785,20.968
2017-05-08,20.918,20.619,20.998,20.599
2017-05-09,20.669,21.018,21.068,20.649
2017-05-10,21.227,20.689,21.297,20.639
2017-05-11,20.42,20.709,20.739,20.002
2017-05-12,20.749,20.51,20.868,20.4
2017-05-15,20.52,20.171,20.679,20.091
2017-05-16,20.161,20.44,20.44,19.683
2017-05-17,20.4,20.599,20.719,20.261
2017-05-18,20.32,20.261,20.53,19.962
2017-05-19,20.619,20.39,20.619,20.231
2017-05-22,20.39,20.36,21.117,20.161
2017-05-23,20.36,19.404,20.36,19.374
2017-05-24,19.374,19.334,19.374,18.826
2017-05-25,19.275,19.793,19.812,19.275
2017-05-26,19.683,20.4,21.406,19.514
2017-05-31,20.38,20.171,20.579,20.141
2017-06-01,20.032,19.643,20.281,19.623
2017-06-02,19.633,19.962,19.962,19.235
2017-06-05,20.151,19.972,20.281,19.872
2017-06-06,19.822,20.071,20.131,19.822
2017-06-07,20.062,20.34,20.43,20.022
2017-06-08,20.42,20.151,20.42,20.091
2017-06-09,20.32,20.619,20.689,20.131
2017-06-12,20.579,20.161,20.799,20.151
2017-06-13,19.922,20.071,20.191,19.842
2017-06-14,20.101,19.882,20.121,19.832
2017-06-15,19.942,20.042,20.141,19.882
2017-06-16,20.032,20.052,20.231,19.992
2017-06-19,20.022,20.201,20.231,19.952
2017-06-20,20.201,20.47,20.52,20.201
2017-06-21,20.6,20.38,20.67,20.24
2017-06-22,20.41,19.96,20.43,19.92
2017-06-23,19.96,20.14,20.38,19.84
2017-06-26,20.0,20.23,20.24,19.9
2017-06-27,20.24,20.3,20.39,20.21
2017-06-28,20.2,20.03,20.24,20.01
2017-06-29,20.12,20.06,20.19,20.01
2017-06-30,20.05,19.96,20.1,19.84
2017-07-03,19.97,20.14,20.17,19.97
2017-07-04,20.15,20.06,20.16,19.97
2017-07-05,20.12,20.2,20.2,19.99
2017-07-06,20.22,20.14,20.22,20.03
2017-07-07,20.12,20.37,20.45,20.07
2017-07-10,20.44,20.37,20.56,20.2
2017-07-11,20.29,20.1,20.38,20.08
2017-07-12,20.09,20.0,20.18,19.83
2017-07-13,19.8,18.3,19.8,18.1
2017-07-14,18.37,17.68,18.37,17.55
2017-07-17,17.54,16.39,17.55,16.26
2017-07-18,16.27,16.67,16.73,16.25
2017-07-19,16.66,16.78,16.8,16.51
2017-07-20,16.7,16.81,17.0,16.7
2017-07-21,16.81,16.97,17.06,16.73
2017-07-24,16.9,16.93,17.04,16.79
2017-07-25,16.9,17.2,17.53,16.88
2017-07-26,17.18,17.22,17.38,17.08
2017-07-27,17.22,17.33,17.37,17.02
2017-07-28,17.33,17.2,17.5,17.19
2017-07-31,17.2,17.21,17.37,17.18
2017-08-01,17.21,17.06,17.3,16.99
2017-08-02,17.06,17.35,17.46,16.82
2017-08-03,17.24,17.18,17.31,17.12
2017-08-04,17.18,17.31,17.54,17.13
2017-08-07,17.25,17.42,17.69,17.2
2017-08-08,17.49,17.4,17.59,17.3
2017-08-09,17.39,17.22,17.46,17.22
2017-08-10,17.23,17.03,17.33,16.97
2017-08-11,17.0,16.92,17.17,16.85
2017-08-14,16.8,17.17,17.25,16.8
2017-08-15,17.22,17.27,17.28,17.17
2017-08-16,17.2,17.43,17.46,17.2
2017-08-17,17.46,18.06,18.28,17.45
2017-08-18,17.95,17.88,18.23,17.76
2017-08-21,18.0,17.95,18.15,17.74
2017-08-22,17.91,17.75,17.97,17.61
2017-08-23,17.78,17.73,17.86,17.7
2017-08-24,17.75,17.66,17.83,17.63
2017-08-25,17.65,17.83,17.88,17.61
2017-08-28,17.83,18.1,18.14,17.79
2017-08-29,17.99,17.79,18.04,17.77
2017-08-30,17.79,17.76,17.87,17.62
2017-08-31,17.74,18.0,18.05,17.72
2017-09-01,18.03,18.01,18.15,17.92
2017-09-04,18.02,17.91,18.14,17.83
2017-09-05,17.9,17.86,18.05,17.77
2017-09-06,17.78,17.94,17.97,17.75
2017-09-07,17.94,17.8,18.06,17.78
2017-09-08,17.81,17.5,17.85,17.43
2017-09-11,17.59,17.88,17.99,17.59
2017-09-12,17.87,18.12,18.27,17.83
2017-09-13,18.1,18.0,18.1,17.92
2017-09-14,18.0,17.79,18.0,17.77
2017-09-15,17.78,17.92,17.95,17.78
2017-09-18,17.9,17.97,17.97,17.52
2017-09-19,17.93,17.84,17.97,17.76
2017-09-20,17.82,17.97,18.05,17.7
2017-09-21,17.97,17.86,18.2,17.85
2017-09-22,17.77,17.48,17.85,17.43
2017-09-25,17.49,17.32,17.59,17.32
2017-09-26,17.32,17.37,17.49,17.25
2017-09-27,17.59,17.38,17.6,17.36
2017-09-28,17.48,17.25,17.49,17.25
2017-09-29,17.28,17.27,17.44,17.25
2017-10-09,17.43,17.54,17.65,17.34
2017-10-10,17.43,17.35,17.43,17.17
2017-10-11,17.3,17.27,17.4,17.25
2017-10-12,17.33,17.29,17.39,17.19
2017-10-13,17.29,17.41,17.52,17.2
2017-10-16,17.39,17.05,17.39,17.02
2017-10-17,17.05,17.48,18.25,17.03
2017-10-18,17.23,17.23,17.41,17.16
2017-10-19,17.2,16.74,17.26,16.7
2017-10-20,16.81,17.0,17.01,16.71
2017-10-23,17.0,16.96,17.04,16.91
2017-10-24,16.94,16.8,16.94,16.7
2017-10-25,16.79,16.87,16.95,16.75
2017-10-26,16.81,17.05,17.22,16.76
2017-10-27,17.1,17.0,17.17,16.91
2017-10-30,16.91,16.39,16.98,16.08
2017-10-31,16.36,16.41,16.49,16.3
2017-11-01,16.41,16.38,16.49,16.35
2017-11-02,16.37,16.1,16.37,16.08
2017-11-03,16.01,16.05,16.23,16.01
2017-11-06,16.3,16.16,16.3,16.11
2017-11-07,16.19,16.25,16.26,16.13
2017-11-08,16.28,16.3,16.34,16.21
2017-11-09,16.32,16.74,17.5,16.21
2017-11-10,16.56,16.99,17.3,16.4
2017-11-13,16.75,16.72,17.0,16.7
2017-11-14,16.75,16.88,17.2,16.46
2017-11-15,16.75,16.84,17.14,16.6
2017-11-16,16.82,16.91,17.1,16.76
2017-11-17,16.9,16.3,17.03,16.18
2017-11-20,16.29,16.2,16.45,15.71
2017-11-21,16.13,16.07,16.26,16.01
2017-11-22,16.06,16.19,16.35,16.06
2017-11-23,16.0,15.56,16.23,15.51
2017-11-24,15.57,15.67,15.85,15.57
2017-11-27,15.67,15.42,15.69,15.41
2017-11-28,15.4,15.47,15.56,15.32
2017-11-29,15.51,15.57,15.58,15.38
2017-11-30,15.68,15.64,15.8,15.59
2017-12-01,15.64,15.68,15.79,15.61
2017-12-04,15.68,15.34,15.68,15.33
2017-12-05,15.4,14.84,15.43,14.6
2017-12-06,14.78,14.78,14.96,14.51
2017-12-07,14.78,15.2,15.77,14.72
2017-12-08,15.2,15.14,15.4,14.91
2017-12-11,15.16,15.18,15.25,15.07
2017-12-12,15.18,15.07,15.5,15.01
2017-12-13,15.03,15.25,15.58,14.86
2017-12-14,15.11,15.05,15.2,15.03
2017-12-15,15.06,14.93,15.09,14.91
2017-12-18,14.83,14.83,14.99,14.8
2017-12-19,15.01,15.08,15.36,14.98
2017-12-20,15.0,14.81,15.05,14.8
2017-12-21,14.82,14.82,14.91,14.7
2017-12-22,14.83,14.94,15.13,14.76
2017-12-25,14.84,14.61,14.94,14.57
2017-12-26,14.56,14.71,14.76,14.56
2017-12-27,14.73,14.85,15.16,14.72
2017-12-28,14.75,14.74,14.91,14.67
2017-12-29,14.89,14.9,14.97,14.77
2018-01-02,14.89,15.36,15.56,14.89
2018-01-03,15.45,15.57,15.6,15.31
2018-01-04,15.51,15.64,15.9,15.5
2018-01-05,15.65,15.9,15.97,15.51
2018-01-08,15.8,16.27,16.3,15.62
2018-01-09,16.09,16.18,16.24,16.02
2018-01-10,16.23,15.8,16.26,15.8
2018-01-11,15.85,15.85,15.92,15.65
2018-01-12,15.85,15.9,15.95,15.7
2018-01-15,15.73,15.54,15.9,15.48
2018-01-16,15.54,15.8,15.84,15.37
2018-01-17,15.82,16.17,16.18,15.63
2018-01-18,16.17,16.03,16.27,15.9
2018-01-19,15.94,15.83,16.06,15.68
2018-01-22,15.8,15.8,15.86,15.61
2018-01-23,15.68,15.83,16.0,15.63
2018-01-24,15.75,15.84,15.92,15.7
2018-01-25,16.65,16.71,17.42,16.4
2018-01-26,16.43,16.39,16.54,16.17
2018-01-29,16.42,15.97,16.56,15.92
2018-01-30,16.01,16.2,16.24,15.9
2018-01-31,16.15,15.77,16.16,15.25
2018-02-01,16.7,15.15,16.82,15.08
2018-02-02,14.14,14.37,14.6,13.64
2018-02-05,14.25,14.01,14.25,13.92
2018-02-06,13.77,12.61,13.99,12.61
2018-02-07,12.89,12.79,13.26,12.31
2018-02-08,12.8,12.97,13.09,12.8
2018-02-09,12.77,12.59,12.77,12.4
2018-02-12,12.61,12.85,12.98,12.61
2018-02-13,13.21,12.88,13.21,12.86
2018-02-14,13.08,12.93,13.08,12.87
2018-02-22,12.95,13.14,13.16,12.95
2018-02-23,13.21,13.19,13.3,13.1
2018-02-26,13.32,13.45,13.45,13.21
2018-02-27,13.45,13.68,13.87,13.31
2018-02-28,13.58,13.74,13.95,13.41
2018-03-01,13.6,13.73,13.84,13.44
2018-03-02,13.68,13.66,13.84,13.56
2018-03-05,13.79,13.84,13.91,13.72
2018-03-06,13.9,13.93,13.99,13.76
2018-03-07,13.85,13.76,13.99,13.74
2018-03-08,13.68,13.75,13.82,13.68
2018-03-09,13.69,13.97,14.09,13.69
2018-03-12,14.05,14.25,14.28,14.0
2018-03-13,14.25,14.13,14.5,14.11
2018-03-14,14.13,13.98,14.25,13.98
2018-03-15,13.96,13.94,14.13,13.77
2018-03-16,13.94,13.9,14.04,13.84
2018-03-19,13.9,13.95,14.0,13.83
2018-03-20,13.97,14.11,14.31,13.75
2018-03-21,14.07,13.99,14.25,13.98
2018-03-22,13.99,14.2,14.29,13.82
2018-03-23,13.85,13.15,13.85,13.0
2018-03-26,13.03,13.26,13.32,12.5
2018-03-27,13.5,13.5,13.59,13.32
2018-03-28,13.4,13.58,13.72,13.3
2018-03-29,13.61,13.62,13.75,13.56
2018-03-30,13.73,13.79,13.85,13.61
2018-04-02,13.84,13.81,13.93,13.73
2018-04-03,13.7,13.5,13.72,13.42
2018-04-04,13.51,13.89,14.38,13.51
2018-04-09,13.74,13.75,13.76,13.45
2018-04-10,13.86,13.96,14.35,13.86
2018-04-11,14.01,14.18,14.18,13.93
2018-04-12,14.22,14.44,14.55,14.01
2018-04-13,14.14,13.98,14.19,13.92
2018-04-16,13.81,13.88,14.08,13.6
2018-04-17,13.73,13.51,13.87,13.51
2018-04-18,13.59,13.63,13.67,13.15
2018-04-19,13.63,13.66,13.74,13.51
2018-04-20,13.66,13.26,13.68,13.25
2018-04-23,13.2,13.18,13.38,13.03
2018-04-24,13.2,13.41,13.44,13.2
2018-04-25,13.34,13.4,13.43,13.31
2018-04-26,13.53,13.39,13.7,13.38
2018-04-27,13.58,13.33,13.58,13.27
2018-05-02,13.33,13.14,13.44,13.02
2018-05-03,13.14,13.24,13.3,13.04
2018-05-04,13.27,13.15,13.27,13.08
2018-05-07,13.2,13.28,13.37,13.12
2018-05-08,13.27,13.36,13.42,13.23
2018-05-09,13.39,13.27,13.4,13.24
2018-05-10,13.23,13.24,13.34,13.21
2018-05-11,13.31,13.41,13.57,13.31
2018-05-14,13.45,13.31,13.47,13.28
2018-05-15,13.3,13.32,13.43,13.24
2018-05-16,13.27,12.86,13.3,12.84
2018-05-17,12.91,12.82,13.02,12.78
2018-05-18,12.75,12.9,12.94,12.75
2018-05-21,13.08,13.01,13.09,12.9
2018-05-22,12.98,12.95,13.01,12.9
2018-05-23,12.91,12.79,12.95,12.78
2018-05-24,12.84,12.77,12.88,12.74
2018-05-25,12.77,12.65,12.81,12.61
