date,open,close,high,low
2016-01-04,12.76,11.78,12.85,11.48
2016-01-05,10.63,10.8,11.88,10.63
2016-01-06,10.81,10.8,10.99,10.35
2016-01-07,10.56,9.72,10.57,9.72
2016-01-08,9.92,9.29,10.08,8.9
2016-01-11,9.04,8.36,9.14,8.36
2016-01-12,8.22,8.39,8.58,7.91
2016-01-13,8.46,8.32,9.0,8.27
2016-01-14,8.0,8.75,8.8,7.81
2016-01-15,8.61,8.25,8.89,8.2
2016-01-18,8.19,8.39,8.58,8.05
2016-01-19,8.31,8.74,8.77,8.21
2016-01-20,8.7,8.64,8.8,8.5
2016-01-21,8.55,8.21,8.73,8.2
2016-01-22,8.3,8.32,8.44,8.03
2016-01-25,8.37,8.45,8.6,8.37
2016-01-26,8.44,7.61,8.45,7.61
2016-01-27,7.7,7.45,7.76,6.93
2016-01-28,7.4,7.13,7.59,7.04
2016-01-29,7.1,7.42,7.5,7.07
2016-02-01,7.35,7.29,7.49,7.2
2016-02-02,7.28,7.53,7.6,7.26
2016-02-03,7.45,7.57,7.65,7.3
2016-02-04,7.59,7.68,7.87,7.57
2016-02-05,7.73,7.64,7.81,7.62
2016-02-15,7.27,7.57,7.74,7.16
2016-02-16,7.57,7.88,7.89,7.57
2016-02-17,7.85,8.04,8.18,7.75
2016-02-18,8.05,8.36,8.45,7.91
2016-02-19,8.25,8.27,8.38,8.15
2016-02-22,8.35,8.37,8.47,8.25
2016-02-23,8.37,8.2,8.42,8.07
2016-02-24,8.14,8.21,8.26,8.03
2016-02-25,8.21,7.93,8.56,7.85
2016-02-26,8.05,8.72,8.72,7.88
2016-02-29,8.88,8.66,9.14,8.15
2016-03-01,8.43,8.63,8.87,8.2
2016-03-02,8.45,8.99,9.08,8.4
2016-03-03,9.03,9.02,9.19,8.78
2016-03-04,8.9,8.47,8.99,8.28
2016-03-07,8.52,8.62,8.68,8.46
2016-03-08,8.6,8.57,8.63,8.2
2016-03-09,8.39,8.45,8.55,8.22
2016-03-10,8.35,8.44,8.54,8.12
2016-03-11,8.32,8.45,8.51,8.21
2016-03-14,8.45,8.83,8.97,8.45
2016-03-15,8.77,9.09,9.1,8.6
2016-03-16,9.17,8.81,9.17,8.79
2016-03-17,8.81,8.98,9.04,8.7
2016-03-18,8.96,9.45,9.6,8.85
2016-03-21,9.47,9.66,9.9,9.35
2016-03-22,9.41,9.58,9.74,9.41
2016-03-23,9.55,9.78,9.87,9.5
2016-03-24,9.67,10.3,10.56,9.65
2016-03-25,10.15,10.3,10.33,9.98
2016-03-28,10.3,10.56,10.59,10.11
2016-09-27,9.5,9.5,9.5,9.5
2016-09-28,8.55,8.95,10.45,8.55
2016-09-29,8.47,8.75,8.89,8.44
2016-09-30,8.7,9.63,9.63,8.64
2016-10-10,10.09,10.59,10.59,9.83
2016-10-11,11.19,11.65,11.65,11.18
2016-10-12,11.8,12.38,12.7,11.66
2016-10-13,12.15,12.35,12.54,11.97
2016-10-14,12.11,11.64,12.29,11.46
2016-10-17,11.6,11.67,11.92,11.43
2016-10-18,11.64,12.05,12.41,11.51
2016-10-19,11.81,12.7,13.26,11.71
2016-10-20,12.35,11.95,12.38,11.66
2016-10-21,11.72,12.03,12.18,11.55
2016-10-24,11.88,12.33,12.44,11.83
2016-10-25,12.25,12.61,13.5,12.01
2016-10-26,12.4,12.01,12.49,11.9
2016-10-27,11.95,12.05,12.16,11.8
2016-10-28,12.0,11.19,12.05,11.11
2016-10-31,11.06,11.4,11.47,10.81
2016-11-01,11.25,11.5,11.6,11.22
2016-11-02,11.33,11.64,11.98,11.18
2016-11-03,11.39,12.21,12.8,11.38
2016-11-04,12.0,12.75,12.85,11.9
2016-11-07,12.48,12.73,13.1,12.23
2016-11-08,12.65,13.09,13.88,12.58
2016-11-09,12.9,13.14,13.47,12.51
2016-11-10,13.1,13.02,13.44,12.86
2016-11-11,12.99,12.8,13.0,12.53
2016-11-14,12.94,12.59,13.05,12.3
2016-11-15,12.5,12.68,12.81,12.37
2016-11-16,12.59,12.15,12.64,12.06
2016-11-17,12.04,12.04,12.31,11.91
2016-11-18,12.08,12.15,12.28,11.95
2016-11-21,12.19,11.71,12.19,11.64
2016-11-22,11.72,11.9,11.93,11.57
2016-11-23,11.85,11.71,12.0,11.68
2016-11-24,11.65,11.24,11.79,11.18
2016-11-25,11.23,11.47,11.49,11.04
2016-11-28,11.45,11.82,11.89,11.39
2016-11-29,11.8,11.3,11.81,11.24
2016-11-30,11.27,11.33,11.47,11.2
2016-12-01,11.3,11.68,11.75,11.27
2016-12-02,11.67,11.43,11.94,11.4
2016-12-05,11.16,11.16,11.34,11.0
2016-12-06,11.15,11.24,11.38,11.15
2016-12-07,11.17,11.53,11.57,11.16
2016-12-08,11.48,11.65,11.75,11.41
2016-12-09,11.65,11.58,11.85,11.5
2016-12-12,11.58,10.42,11.64,10.42
2016-12-13,10.35,10.48,10.52,10.1
2016-12-14,10.49,10.04,10.49,10.03
2016-12-15,10.08,10.16,10.4,10.0
2016-12-16,10.27,10.71,11.18,10.26
2016-12-19,10.56,10.73,10.93,10.51
2016-12-20,10.75,10.81,10.89,10.52
2016-12-21,10.82,10.85,10.95,10.67
2016-12-22,10.81,11.02,11.16,10.75
2016-12-23,10.92,10.6,11.05,10.6
2016-12-26,10.57,10.63,10.69,10.26
2016-12-27,10.63,10.75,10.94,10.63
2016-12-28,10.98,10.82,11.28,10.82
2016-12-29,10.69,10.68,10.98,10.67
2016-12-30,10.68,10.88,11.03,10.53
2017-01-03,10.88,10.91,11.0,10.84
2017-01-04,10.88,11.24,11.42,10.83
2017-01-05,11.2,11.18,11.37,11.0
2017-01-06,11.15,11.28,11.55,11.15
2017-01-09,11.21,11.24,11.27,11.01
2017-01-10,11.24,11.09,11.28,11.02
2017-01-11,11.08,10.68,11.14,10.58
2017-01-12,10.58,10.48,10.77,10.44
2017-01-13,10.44,10.23,10.56,10.2
2017-01-16,10.25,9.51,10.33,9.21
2017-01-17,9.52,9.65,9.7,9.3
2017-01-18,9.66,9.59,9.77,9.57
2017-01-19,9.52,9.54,9.63,9.47
2017-01-20,9.54,9.67,9.73,9.49
2017-01-23,9.67,9.79,9.87,9.65
2017-01-24,9.75,9.73,9.82,9.71
2017-01-25,9.79,9.86,9.94,9.71
2017-01-26,9.82,9.86,9.93,9.82
2017-02-03,9.88,9.95,9.99,9.85
2017-02-06,9.96,10.16,10.19,9.93
2017-02-07,10.15,10.07,10.24,9.98
2017-02-08,10.03,10.32,10.35,9.93
2017-02-09,10.32,10.32,10.36,10.23
2017-02-10,10.26,10.21,10.38,10.18
2017-02-13,10.14,10.23,10.25,10.11
2017-02-14,10.16,10.41,10.75,10.16
2017-02-15,10.31,10.16,10.47,10.15
2017-02-16,10.1,10.15,10.26,10.08
2017-02-17,10.14,9.98,10.21,9.97
2017-02-20,9.99,10.13,10.14,9.99
2017-02-21,10.13,10.16,10.2,10.03
2017-02-22,10.16,10.15,10.18,10.06
2017-02-23,10.11,10.25,10.27,10.01
2017-02-24,10.2,10.24,10.27,10.13
2017-02-27,10.23,10.13,10.37,10.11
2017-02-28,10.08,10.14,10.2,10.06
2017-03-01,10.1,10.12,10.21,10.09
2017-03-02,10.13,9.99,10.18,9.8
2017-03-03,9.95,10.0,10.05,9.8
2017-03-06,9.99,10.16,10.16,9.98
2017-03-07,10.25,10.11,10.25,9.99
2017-03-08,10.11,10.2,10.24,10.05
2017-03-09,10.16,10.26,10.3,10.08
2017-03-10,10.16,9.96,10.2,9.95
2017-03-13,9.98,9.89,9.99,9.8
2017-03-14,9.9,9.87,9.98,9.82
2017-03-15,9.85,9.87,9.93,9.82
2017-03-16,9.85,9.97,9.98,9.85
2017-03-17,9.98,9.93,10.05,9.91
2017-03-20,9.92,9.83,9.97,9.81
2017-03-21,9.84,9.76,9.86,9.74
2017-03-22,9.79,9.68,9.84,9.66
2017-03-23,9.65,9.57,9.74,9.34
2017-03-24,9.52,9.62,9.62,9.49
2017-03-27,9.63,9.72,9.76,9.62
2017-03-28,9.73,9.57,9.74,9.57
2017-03-29,9.59,9.45,9.65,9.43
2017-03-30,9.43,9.14,9.55,9.11
2017-03-31,9.14,9.17,9.26,9.07
2017-04-05,9.24,9.4,9.46,9.18
2017-04-06,9.4,9.43,9.55,9.36
2017-04-07,9.4,9.35,9.45,9.32
2017-04-10,9.31,9.62,9.62,9.25
2017-04-11,9.59,9.61,9.83,9.48
2017-04-12,9.6,9.36,9.6,9.34
2017-04-13,9.37,9.46,9.47,9.31
2017-04-14,9.45,9.18,9.45,9.18
2017-04-17,9.16,8.95,9.16,8.89
2017-04-18,8.95,8.84,9.02,8.82
2017-04-19,8.88,8.69,8.89,8.5
2017-04-20,8.75,8.55,8.75,8.46
2017-04-21,8.58,8.48,8.63,8.45
2017-04-24,8.4,8.24,8.48,8.1
2017-04-25,8.24,8.3,8.39,8.19
2017-04-26,8.3,8.23,8.3,8.17
2017-04-27,8.28,8.1,8.28,7.81
2017-04-28,8.06,8.13,8.14,7.98
2017-05-02,8.13,8.28,8.36,8.07
2017-05-03,8.22,8.22,8.31,8.21
2017-05-04,8.24,7.97,8.24,7.95
2017-05-05,8.0,7.81,8.0,7.77
2017-05-08,7.79,7.65,7.79,7.63
2017-05-09,7.63,7.71,7.72,7.53
2017-05-10,7.68,7.5,7.76,7.5
2017-05-11,7.48,7.39,7.48,7.05
2017-05-12,7.39,7.25,7.39,7.19
2017-05-15,7.25,7.18,7.33,7.17
2017-05-16,7.2,7.3,7.3,6.92
2017-05-17,7.3,7.38,7.4,7.25
2017-05-18,7.3,7.17,7.36,7.15
2017-05-19,7.22,7.19,7.24,7.09
2017-05-22,7.16,6.8,7.18,6.75
2017-05-23,6.81,6.46,6.83,6.41
2017-05-24,6.48,6.6,6.65,6.31
2017-05-25,6.59,6.67,6.7,6.36
2017-05-26,6.61,6.82,6.92,6.61
2017-05-31,6.9,6.75,6.95,6.73
2017-06-01,6.7,6.58,6.77,6.55
2017-06-02,6.58,6.76,6.83,6.51
2017-06-05,6.76,6.87,6.9,6.73
2017-06-06,6.87,6.89,6.95,6.83
2017-06-07,6.89,7.04,7.1,6.89
2017-06-08,7.06,7.01,7.14,6.98
2017-06-09,7.05,6.97,7.05,6.87
2017-06-12,6.96,6.78,6.96,6.77
2017-06-13,6.74,7.02,7.02,6.73
2017-06-14,7.04,7.22,7.45,6.94
2017-06-15,7.23,7.27,7.38,7.16
2017-06-16,7.23,7.26,7.36,7.22
2017-06-19,7.27,7.52,7.55,7.14
2017-06-20,7.49,7.45,7.63,7.4
2017-06-21,7.5,7.34,7.51,7.27
2017-06-22,7.37,7.35,7.39,7.25
2017-06-23,7.5,7.46,7.89,7.4
2017-06-26,7.39,7.38,7.49,7.25
2017-06-27,7.33,7.35,7.45,7.32
2017-06-28,7.35,7.18,7.38,7.17
2017-06-29,7.16,7.17,7.23,7.16
2017-06-30,7.17,7.22,7.23,7.11
2017-07-03,7.25,7.31,7.33,7.18
2017-07-04,7.31,7.24,7.34,7.22
2017-07-05,7.26,7.29,7.3,7.22
2017-07-06,7.28,7.35,7.35,7.24
2017-07-07,7.36,7.32,7.38,7.27
2017-07-10,7.32,7.16,7.34,7.13
2017-07-11,7.16,7.03,7.16,7.03
2017-07-12,7.05,6.94,7.07,6.84
2017-07-13,6.91,6.91,6.93,6.83
2017-07-14,6.87,6.86,6.93,6.86
2017-07-17,6.87,6.35,6.88,6.32
2017-07-18,6.35,6.46,6.49,6.31
2017-07-19,6.5,6.53,6.54,6.35
2017-07-20,6.54,6.58,6.65,6.49
2017-07-21,6.58,6.62,6.67,6.51
2017-07-24,6.6,6.65,6.68,6.54
2017-07-25,6.65,6.59,6.68,6.5
2017-07-26,6.56,6.56,6.63,6.52
2017-07-27,6.56,6.71,6.74,6.56
2017-07-28,6.67,6.74,6.81,6.67
2017-07-31,6.71,6.73,6.78,6.63
2017-08-01,6.72,6.71,6.73,6.67
2017-08-02,6.71,6.61,6.71,6.57
2017-08-03,6.6,6.61,6.66,6.53
2017-08-04,6.64,6.71,6.79,6.59
2017-08-07,6.72,6.71,6.76,6.64
2017-08-08,6.68,6.76,6.77,6.65
2017-08-09,6.76,6.76,6.76,6.71
2017-08-10,6.76,6.58,6.78,6.53
2017-08-11,6.52,6.45,6.57,6.45
2017-08-14,6.46,6.56,6.57,6.45
2017-08-15,6.56,6.59,6.6,6.53
2017-08-16,6.63,6.65,6.71,6.52
2017-08-17,6.67,6.76,6.78,6.65
2017-08-18,6.74,6.78,6.79,6.7
2017-08-21,6.81,6.9,6.9,6.75
2017-08-22,6.83,6.78,6.88,6.75
2017-08-23,6.77,6.77,6.83,6.71
2017-08-24,6.78,7.45,7.45,6.71
2017-08-25,7.6,7.42,7.77,7.31
2017-08-28,7.41,7.39,7.55,7.25
2017-08-29,7.33,7.3,7.45,7.27
2017-08-30,7.34,7.31,7.39,7.26
2017-08-31,7.29,7.33,7.34,7.25
2017-09-01,7.32,7.29,7.35,7.27
2017-09-04,7.27,7.37,7.45,7.24
2017-09-05,7.35,7.47,7.7,7.32
2017-09-06,7.42,7.31,7.46,7.27
2017-09-07,7.26,7.19,7.34,7.18
2017-09-08,7.13,7.22,7.26,7.13
2017-09-11,7.23,7.3,7.32,7.16
2017-09-12,7.29,7.15,7.32,7.13
2017-09-13,7.16,7.15,7.16,7.08
2017-09-14,7.13,7.14,7.18,7.08
2017-09-15,7.13,7.08,7.13,7.05
2017-09-18,7.09,7.13,7.15,7.05
2017-09-19,7.13,7.12,7.17,7.09
2017-09-20,7.13,7.15,7.16,7.08
2017-09-21,7.16,7.15,7.27,7.13
2017-09-22,7.14,7.37,7.56,7.05
2017-09-25,7.3,7.54,7.69,7.22
2017-09-26,7.6,7.53,7.7,7.42
2017-09-27,7.46,7.49,7.55,7.38
2017-09-28,7.5,7.38,7.52,7.35
2017-09-29,7.33,7.38,7.43,7.32
2017-10-09,7.45,7.37,7.47,7.36
2017-10-10,7.41,7.43,7.43,7.31
2017-10-11,7.44,7.69,7.69,7.37
2017-10-12,7.62,7.64,7.75,7.5
2017-10-13,7.59,7.62,7.73,7.54
2017-10-16,7.6,7.35,7.75,7.34
2017-10-17,7.35,7.27,7.39,7.21
2017-10-18,7.27,7.12,7.32,7.11
2017-10-19,7.13,6.9,7.16,6.9
2017-10-20,6.9,6.95,6.99,6.88
2017-10-23,6.95,7.03,7.05,6.93
2018-05-23,7.05,7.73,7.73,6.96
2018-05-24,7.58,7.82,8.19,7.33
2018-05-25,7.6,7.95,8.11,7.51
