date,open,close,high,low
2016-01-04,11.84,10.88,11.84,10.836
2016-01-05,10.13,10.537,10.978,9.812
2016-01-06,10.664,10.684,10.87,10.258
2016-01-07,10.341,9.616,10.39,9.616
2016-01-08,9.9,9.704,9.924,8.959
2016-01-11,9.385,8.733,9.606,8.733
2016-01-12,8.807,8.469,8.812,8.194
2016-01-13,8.508,8.013,8.63,8.013
2016-01-14,7.753,8.366,8.479,7.645
2016-01-15,8.331,8.547,8.998,8.233
2016-01-18,8.331,9.209,9.346,8.037
2016-01-19,9.214,9.802,9.905,9.189
2016-01-20,9.655,10.052,10.194,9.606
2016-01-21,9.802,9.743,10.282,9.718
2016-01-22,9.802,9.483,10.204,9.042
2016-01-25,9.62,9.591,9.802,9.405
2016-01-26,9.361,9.116,9.963,8.871
2016-01-27,9.042,8.866,9.248,8.341
2016-01-28,8.66,8.395,8.91,8.282
2016-01-29,8.361,8.817,8.939,8.042
2016-02-01,8.773,8.366,8.822,8.327
2016-02-02,8.405,8.733,8.89,8.405
2016-02-03,8.724,8.802,8.817,8.532
2016-02-04,8.851,9.135,9.214,8.851
2016-02-05,9.165,9.067,9.361,8.969
2016-02-15,8.655,8.895,9.042,8.655
2016-02-16,8.924,9.253,9.272,8.924
2016-02-17,9.209,9.155,9.228,8.885
2016-02-18,9.16,9.248,9.552,9.155
2016-02-19,9.248,9.067,9.478,8.993
2016-02-22,9.361,9.973,9.973,9.199
2016-02-23,10.164,10.346,10.929,9.973
2016-02-24,10.316,10.351,10.733,10.052
2016-02-25,10.292,9.655,10.351,9.366
2016-02-26,9.826,10.027,10.267,9.532
2016-02-29,9.929,9.728,10.145,9.258
2016-03-01,9.787,9.116,9.939,8.758
2016-03-02,9.116,10.027,10.027,9.091
2016-03-03,10.169,10.4,10.733,10.086
2016-03-04,10.307,9.468,10.424,9.395
2016-03-07,9.606,9.586,9.772,9.429
2016-03-08,9.591,9.361,9.591,8.92
2016-03-09,9.14,9.189,9.454,9.052
2016-03-10,9.194,8.939,9.351,8.836
2016-03-11,8.822,8.675,8.822,8.307
2016-03-14,8.807,9.312,9.336,8.694
2016-03-15,9.214,9.067,9.385,8.924
2016-03-16,9.165,8.866,9.228,8.728
2016-03-17,8.88,9.679,9.753,8.88
2016-03-18,9.777,10.38,10.65,9.684
2016-03-21,10.733,10.679,10.87,10.346
2016-03-22,10.566,11.149,11.742,10.542
2016-03-23,10.958,11.076,11.282,10.684
2016-03-24,10.904,11.556,12.179,10.694
2016-03-25,11.306,11.287,11.713,10.919
2016-03-28,11.311,10.968,11.409,10.782
2016-03-29,10.968,10.439,10.993,10.218
2016-03-30,10.635,10.9,10.963,10.356
2016-03-31,10.978,11.022,11.355,10.826
2016-04-01,10.904,10.757,11.14,10.586
2016-04-05,10.757,11.179,11.321,10.684
2016-04-06,11.164,11.277,11.444,11.1
2016-04-07,11.321,11.027,11.444,10.904
2016-04-08,10.89,10.983,11.022,10.292
2016-04-11,11.203,11.262,11.532,11.076
2016-04-12,11.179,11.36,11.409,11.037
2016-04-13,11.556,11.434,11.831,11.365
2016-04-14,11.395,11.444,11.517,11.282
2016-04-15,11.463,11.336,11.488,11.262
2016-04-18,11.174,11.115,11.247,10.831
2016-04-19,11.125,10.904,11.169,10.772
2016-04-20,10.782,10.008,11.047,9.816
2016-04-21,9.9,9.993,10.37,9.694
2016-04-22,9.816,10.684,10.684,9.802
2016-04-25,10.586,10.4,10.586,10.199
2016-04-26,10.463,10.458,10.463,10.292
2016-04-27,10.493,10.752,10.958,10.385
2016-04-28,10.708,11.027,11.096,10.517
2016-04-29,11.223,11.262,11.61,11.14
2016-05-03,11.184,11.326,11.409,11.002
2016-05-04,11.272,11.522,11.718,11.257
2016-05-05,11.517,11.243,11.527,11.071
2016-05-06,11.272,10.674,11.316,10.503
2016-05-09,10.542,10.071,10.547,9.949
2016-05-10,10.071,9.988,10.169,9.949
2016-05-11,10.101,10.022,10.37,9.826
2016-05-12,9.905,10.037,10.086,9.655
2016-05-13,10.027,9.91,10.169,9.9
2016-05-16,9.802,10.223,10.223,9.748
2016-05-17,10.159,10.125,10.267,9.998
2016-05-18,10.047,9.983,10.164,9.777
2016-05-19,9.983,10.061,10.267,9.9
2016-05-20,9.939,10.081,10.11,9.875
2016-05-23,10.194,10.581,10.659,10.194
2016-05-24,10.561,10.669,10.841,10.444
2016-05-25,10.733,10.454,10.777,10.307
2016-05-26,10.365,10.449,10.512,10.096
2016-05-27,10.449,10.836,10.958,10.449
2016-05-30,10.679,10.527,10.846,10.478
2016-05-31,10.537,10.865,10.89,10.463
2016-06-01,10.885,10.762,11.027,10.757
2016-06-02,10.762,10.87,10.87,10.625
2016-06-03,10.87,10.738,10.909,10.645
2016-06-06,10.748,10.566,10.806,10.483
2016-06-07,10.635,10.61,10.669,10.463
2016-06-08,10.615,10.63,10.659,10.458
2016-06-13,10.488,10.008,10.537,9.998
2016-06-14,9.954,9.949,10.066,9.816
2016-06-15,9.978,10.478,10.532,9.973
2016-06-16,10.473,10.429,10.566,10.248
2016-06-17,10.503,10.38,10.503,10.292
2016-06-20,10.503,10.537,10.689,10.38
2016-06-21,10.571,10.071,10.645,10.071
2016-06-22,9.934,10.16,10.17,9.875
2016-06-23,10.17,10.003,10.17,9.845
2016-06-24,10.042,9.776,10.18,9.363
2016-06-27,9.786,9.914,9.963,9.756
2016-06-28,9.855,9.825,9.904,9.589
2016-06-29,9.845,10.022,10.16,9.796
2016-06-30,10.003,9.973,10.062,9.865
2016-07-01,10.003,10.032,10.14,9.934
2016-07-04,9.934,10.101,10.14,9.904
2016-07-05,10.121,10.032,10.15,9.855
2016-07-06,9.973,9.806,9.973,9.697
2016-07-07,9.825,9.855,9.934,9.766
2016-07-08,9.825,9.835,9.904,9.727
2016-07-11,9.825,10.14,10.327,9.747
2016-07-12,10.062,10.131,10.259,9.875
2016-07-13,10.209,10.081,10.318,9.963
2016-07-14,10.081,10.14,10.18,10.022
2016-07-15,10.17,10.032,10.19,9.993
2016-07-18,10.052,10.564,10.928,10.022
2016-07-19,10.446,10.731,10.81,10.278
2016-07-20,10.81,10.515,10.81,10.495
2016-07-21,10.544,10.465,10.613,10.377
2016-07-22,10.436,10.524,10.78,10.377
2016-07-25,10.446,10.702,10.81,10.446
2016-07-26,10.702,10.731,10.79,10.633
2016-07-27,10.741,10.495,11.125,10.14
2016-07-28,10.515,10.898,10.967,10.288
2016-07-29,10.839,10.82,10.987,10.564
2016-08-01,10.672,10.229,10.731,9.944
2016-08-02,10.18,10.15,10.308,10.003
2016-08-03,10.14,10.003,10.14,9.894
2016-08-04,10.012,10.052,10.101,9.973
2016-08-05,10.052,9.944,10.071,9.904
2016-08-08,9.924,9.845,9.924,9.717
2016-08-09,9.855,9.993,10.022,9.825
2016-08-10,9.993,9.845,9.993,9.816
2016-08-11,9.884,9.697,9.884,9.678
2016-08-12,9.658,9.707,9.737,9.52
2016-08-15,9.707,9.934,10.032,9.668
2016-08-16,9.953,9.904,9.983,9.845
2016-08-17,9.904,9.894,10.022,9.855
2016-08-18,9.904,9.884,9.944,9.766
2016-08-19,9.845,9.806,9.884,9.756
2016-08-22,9.806,9.747,9.825,9.707
2016-08-23,9.737,9.737,9.766,9.707
2016-08-24,9.756,9.747,9.786,9.697
2016-08-25,9.737,9.56,9.737,9.451
2016-08-26,9.569,9.756,9.816,9.56
2016-08-29,9.599,9.432,9.688,9.392
2016-08-30,9.441,9.382,9.491,9.353
2016-08-31,9.422,9.372,9.432,9.333
2016-09-01,9.402,9.353,9.5,9.343
2016-09-02,9.353,9.225,9.392,9.215
2016-09-05,9.254,9.117,9.284,9.067
2016-09-06,9.097,9.156,9.185,8.861
2016-09-07,9.156,9.067,9.195,9.048
2016-09-08,9.136,9.245,9.323,9.107
2016-09-09,9.254,9.117,9.294,9.107
2016-09-12,8.969,8.792,9.008,8.762
2016-09-13,8.801,8.831,8.91,8.782
2016-09-14,8.811,8.772,8.831,8.733
2016-09-19,8.772,8.811,8.821,8.772
2016-09-20,8.811,8.939,9.008,8.792
2016-09-21,8.939,8.89,9.008,8.88
2016-09-22,8.939,8.989,9.008,8.89
2016-09-23,8.979,8.88,9.028,8.861
2016-09-26,8.87,8.742,8.88,8.733
2016-09-27,8.733,8.634,8.762,8.457
2016-09-28,8.634,8.555,8.634,8.496
2016-09-29,8.555,8.546,8.624,8.526
2016-09-30,8.555,8.585,8.595,8.516
2016-10-10,8.595,8.733,8.742,8.585
2016-10-11,8.733,8.92,8.979,8.693
2016-10-12,8.92,8.969,9.087,8.88
2016-10-13,8.969,8.9,8.998,8.87
2016-10-14,8.89,8.89,8.9,8.831
2016-10-17,8.9,8.821,8.969,8.811
2016-10-18,8.792,8.861,8.88,8.762
2016-10-19,8.87,8.87,8.91,8.831
2016-10-20,8.861,8.949,8.969,8.851
2016-10-21,8.939,8.851,8.939,8.801
2016-10-24,8.861,8.9,8.939,8.841
2016-10-25,8.91,9.018,9.057,8.88
2016-10-26,9.008,8.929,9.048,8.89
2016-10-27,8.88,8.752,8.92,8.654
2016-10-28,8.693,8.703,8.772,8.664
2016-10-31,8.703,8.713,8.723,8.634
2016-11-01,8.673,8.841,8.861,8.673
2016-11-02,8.821,8.801,8.841,8.752
2016-11-03,8.811,8.88,8.929,8.762
2016-11-04,8.939,8.9,8.939,8.861
2016-11-07,8.89,8.792,8.92,8.782
2016-11-08,8.811,8.811,8.841,8.762
2016-11-09,8.811,8.742,8.831,8.664
2016-11-10,8.811,8.811,8.821,8.772
2016-11-11,8.811,8.811,8.821,8.752
2016-11-14,8.811,8.841,8.91,8.742
2016-11-15,8.841,9.382,9.638,8.821
2016-11-16,9.304,9.245,9.343,9.156
2016-11-17,9.166,9.185,9.323,9.156
2016-11-18,9.156,9.077,9.195,9.057
2016-11-21,9.077,9.097,9.195,9.048
2016-11-22,9.057,9.136,9.146,9.057
2016-11-23,9.146,9.097,9.166,9.087
2016-11-24,9.097,9.048,9.156,9.038
2016-11-25,9.067,8.959,9.067,8.841
2016-11-28,8.949,8.91,8.969,8.88
2016-11-29,8.9,8.861,8.939,8.861
2016-11-30,8.861,8.88,8.89,8.801
2016-12-01,8.88,8.841,8.979,8.782
2016-12-02,8.831,8.723,8.861,8.723
2016-12-05,8.644,8.683,8.742,8.565
2016-12-06,8.693,8.733,8.772,8.654
2016-12-07,8.733,8.801,8.801,8.723
2016-12-08,8.801,8.752,8.821,8.723
2016-12-09,8.772,8.664,8.792,8.654
2016-12-12,8.673,8.201,8.723,8.181
2016-12-13,8.201,8.221,8.27,8.152
2016-12-14,8.191,8.152,8.25,8.152
2016-12-15,8.132,8.181,8.24,8.112
2016-12-16,8.191,8.25,8.29,8.181
2016-12-19,8.25,8.211,8.26,8.181
2016-12-20,8.181,8.26,8.358,8.181
2016-12-21,8.26,8.29,8.319,8.23
2016-12-22,8.329,8.408,8.457,8.29
2016-12-23,8.418,8.221,8.418,8.211
2016-12-26,8.23,8.211,8.25,8.083
2016-12-27,8.24,8.201,8.26,8.181
2016-12-28,8.23,8.142,8.24,8.122
2016-12-29,8.132,8.122,8.211,8.093
2016-12-30,8.122,8.221,8.329,8.093
2017-01-03,8.191,8.24,8.26,8.142
2017-01-04,8.23,8.368,8.368,8.201
2017-01-05,8.368,8.309,8.408,8.299
2017-01-06,8.309,8.27,8.329,8.24
2017-01-09,8.26,8.27,8.299,8.211
2017-01-10,8.27,8.299,8.309,8.25
2017-01-11,8.368,8.349,8.506,8.319
2017-01-12,8.299,8.152,8.319,8.142
2017-01-13,8.152,8.004,8.171,7.965
2017-01-16,8.004,7.728,8.004,7.492
2017-01-17,7.719,7.699,7.728,7.591
2017-01-18,7.699,7.659,7.728,7.65
2017-01-19,7.659,7.61,7.719,7.541
2017-01-20,7.62,7.728,7.797,7.61
2017-01-23,7.728,7.827,7.827,7.719
2017-01-24,7.778,7.797,7.827,7.728
2017-01-25,7.778,7.807,7.837,7.748
2017-01-26,7.787,7.856,7.866,7.787
2017-02-03,7.866,7.847,7.866,7.817
2017-02-06,7.837,7.925,7.935,7.827
2017-02-07,7.886,7.935,7.975,7.886
2017-02-08,7.935,8.004,8.004,7.896
2017-02-09,7.994,8.329,8.329,7.984
2017-02-10,8.358,8.585,8.683,8.29
2017-02-13,8.565,8.536,8.614,8.388
2017-02-14,8.526,8.664,8.664,8.408
2017-02-15,8.683,8.398,8.683,8.388
2017-02-16,8.378,8.546,8.546,8.368
2017-02-17,8.565,8.388,8.565,8.368
2017-02-20,8.418,8.437,8.477,8.378
2017-02-21,8.477,8.654,8.703,8.437
2017-02-22,8.664,8.673,8.693,8.595
2017-02-23,8.703,8.496,8.703,8.418
2017-02-24,8.526,8.418,8.526,8.378
2017-02-27,8.398,8.408,8.506,8.378
2017-02-28,8.408,8.447,8.477,8.358
2017-03-01,8.467,8.388,8.467,8.378
2017-03-02,8.418,8.25,8.418,8.24
2017-03-03,8.23,8.25,8.27,8.162
2017-03-06,8.27,8.309,8.329,8.191
2017-03-07,8.319,8.358,8.388,8.299
2017-03-08,8.388,8.349,8.398,8.319
2017-03-09,8.339,8.221,8.349,8.211
2017-03-10,8.221,8.23,8.29,8.201
2017-03-13,8.23,8.319,8.339,8.191
2017-03-14,8.309,8.25,8.339,8.201
2017-03-15,8.25,8.26,8.319,8.211
2017-03-16,8.24,8.329,8.349,8.24
2017-03-17,8.349,8.23,8.349,8.221
2017-03-20,8.23,8.122,8.27,8.014
2017-03-21,8.132,8.152,8.162,8.034
2017-03-22,8.132,8.063,8.142,8.043
2017-03-23,8.063,7.925,8.093,7.876
2017-03-24,7.935,8.112,8.112,7.925
2017-03-27,8.122,8.112,8.201,8.073
2017-03-28,8.112,8.132,8.152,8.024
2017-03-29,8.132,8.23,8.388,8.043
2017-03-30,8.181,8.102,8.26,8.073
2017-03-31,8.122,8.014,8.122,7.955
2017-04-05,8.073,8.171,8.171,8.034
2017-04-06,8.162,8.162,8.181,8.112
2017-04-07,8.162,8.221,8.299,8.122
2017-04-10,8.191,8.25,8.349,8.191
2017-04-11,8.201,8.339,8.339,8.201
2017-04-12,8.368,8.299,8.398,8.29
2017-04-13,8.329,8.26,8.329,8.221
2017-04-14,8.27,8.142,8.28,8.112
2017-04-17,8.132,8.043,8.132,7.965
2017-04-18,8.043,7.955,8.073,7.925
2017-04-19,7.975,7.827,7.975,7.748
2017-04-20,7.827,7.768,7.906,7.728
2017-04-21,7.768,7.738,7.807,7.709
2017-04-24,7.738,7.787,7.807,7.512
2017-04-25,7.787,7.738,7.827,7.689
2017-04-26,7.738,7.689,7.778,7.679
2017-04-27,7.669,7.64,7.699,7.472
2017-04-28,7.63,7.709,7.728,7.62
2017-05-02,7.699,7.728,7.748,7.659
2017-05-03,7.728,7.669,7.748,7.669
2017-05-04,7.669,7.709,7.758,7.63
2017-05-05,7.728,7.659,7.728,7.63
2017-05-08,7.581,7.512,7.64,7.482
2017-05-09,7.433,7.453,7.502,7.344
2017-05-10,7.492,7.285,7.502,7.266
2017-05-11,7.285,7.157,7.285,6.99
2017-05-12,7.148,7.167,7.187,7.069
2017-05-15,7.177,7.039,7.207,7.039
2017-05-16,7.049,7.088,7.138,6.951
2017-05-17,7.098,7.059,7.167,7.01
2017-05-18,7.0,7.01,7.079,6.99
2017-05-19,7.0,7.098,7.138,7.0
2017-05-22,7.079,7.0,7.108,6.951
2017-05-23,7.02,6.7,7.02,6.7
2017-05-24,6.67,6.82,6.87,6.53
2017-05-25,6.8,6.85,6.87,6.76
2017-05-26,6.85,6.87,6.91,6.82
2017-05-31,7.0,6.88,7.06,6.87
2017-06-01,6.9,6.66,6.9,6.62
2017-06-02,6.56,6.66,6.69,6.5
2017-06-05,6.66,6.69,6.72,6.62
2017-06-06,6.68,6.72,6.74,6.67
2017-06-07,6.72,6.91,6.93,6.71
2017-06-08,6.9,6.88,6.93,6.86
2017-06-09,6.88,6.87,6.9,6.8
2017-06-12,6.84,7.42,7.5,6.81
2017-06-13,7.35,7.25,7.59,7.21
2017-06-14,7.25,7.3,7.34,7.19
2017-06-15,7.31,7.41,7.78,7.24
2017-06-16,7.4,7.43,7.51,7.35
2017-06-19,7.39,7.89,8.0,7.35
2017-06-20,7.89,7.67,8.08,7.56
2017-06-21,7.63,7.69,7.76,7.52
2017-06-22,7.69,7.49,7.7,7.49
2017-06-23,7.42,7.45,7.58,7.23
2017-06-26,7.39,7.63,7.89,7.37
2017-06-27,7.68,8.09,8.27,7.65
2017-08-16,8.0,7.72,8.16,7.6
2017-08-17,7.62,8.14,8.37,7.52
2017-08-18,8.04,7.98,8.33,7.84
2017-08-21,7.9,8.15,8.58,7.77
2017-08-22,8.09,7.98,8.24,7.94
2017-08-23,7.93,7.88,8.02,7.85
2017-08-24,7.87,7.6,7.91,7.54
2017-08-25,7.58,7.68,7.93,7.45
2017-08-28,7.63,7.94,8.13,7.6
2017-08-29,7.87,7.65,7.9,7.61
2017-08-30,7.63,7.31,7.7,7.27
2017-08-31,7.31,7.36,7.42,7.27
2017-09-01,7.36,7.32,7.38,7.3
2017-09-04,7.3,7.32,7.34,7.14
2017-09-05,7.33,7.49,7.59,7.31
2017-09-06,7.4,7.44,7.55,7.38
2017-09-07,7.44,7.23,7.48,7.21
2017-09-08,7.23,7.18,7.27,7.15
2017-09-11,7.18,7.23,7.25,7.15
2017-09-12,7.26,7.2,7.28,7.2
2017-09-13,7.21,7.18,7.23,7.14
2017-09-14,7.2,7.2,7.25,7.15
2017-09-15,7.2,7.3,7.31,7.16
2017-09-18,7.29,7.33,7.37,7.24
2017-09-19,7.34,7.21,7.35,7.18
2017-09-20,7.21,7.22,7.25,7.16
2017-09-21,7.23,7.13,7.23,7.13
2017-09-22,7.13,7.0,7.13,6.96
2017-09-25,6.99,6.91,7.09,6.88
2017-09-26,6.87,6.93,6.99,6.87
2017-09-27,6.91,6.94,6.95,6.9
2017-09-28,6.97,7.02,7.14,6.95
2017-09-29,7.03,7.06,7.08,6.98
2017-10-09,7.13,7.15,7.18,7.09
2017-10-10,7.17,7.22,7.25,7.15
2017-10-11,7.22,7.3,7.39,7.2
2017-10-12,7.29,7.19,7.29,7.14
2017-10-13,7.19,7.17,7.19,7.1
2017-10-16,7.15,6.96,7.18,6.96
2017-10-17,6.91,6.96,7.01,6.91
2017-10-18,6.94,6.94,7.02,6.93
2017-10-19,6.9,6.83,6.95,6.79
2017-10-20,6.82,6.87,6.88,6.8
2017-10-23,6.87,6.92,6.93,6.86
2017-10-24,6.92,6.86,6.94,6.8
2017-10-25,6.86,6.91,6.92,6.83
2017-10-26,6.89,6.91,6.93,6.87
2017-10-27,6.93,6.8,6.94,6.77
2017-10-30,6.76,6.6,6.8,6.56
2017-10-31,6.6,6.6,6.64,6.57
2017-11-01,6.62,6.57,6.62,6.55
2017-11-02,6.56,6.4,6.58,6.4
2017-11-03,6.4,6.33,6.46,6.31
2017-11-06,6.34,6.33,6.35,6.19
2017-11-07,6.28,6.3,6.32,6.24
2017-11-08,6.3,6.33,6.37,6.28
2017-11-09,6.34,6.37,6.38,6.3
2017-11-10,6.35,6.35,6.36,6.32
2017-11-13,6.38,6.5,6.53,6.37
2017-11-14,6.49,6.48,6.52,6.43
2017-11-15,6.46,6.4,6.46,6.34
2017-11-23,6.49,6.57,6.78,6.44
2017-11-24,6.3,6.04,6.34,5.91
2017-11-27,5.96,5.78,5.97,5.77
2017-11-28,5.74,5.87,5.87,5.74
2017-11-29,5.86,5.84,5.88,5.74
2017-11-30,5.82,5.81,5.87,5.8
2017-12-01,5.79,5.83,5.86,5.77
2017-12-04,5.82,5.77,5.84,5.74
2017-12-05,5.77,5.58,5.77,5.57
2017-12-06,5.58,5.65,5.66,5.52
2017-12-07,5.64,5.64,5.69,5.61
2017-12-08,5.62,5.7,5.74,5.62
2017-12-11,5.68,5.79,5.81,5.68
2017-12-12,5.77,5.7,5.8,5.7
2017-12-13,5.71,5.77,5.78,5.7
2017-12-14,5.77,5.73,5.77,5.71
2017-12-15,5.71,5.73,5.75,5.69
2017-12-18,5.74,5.63,5.74,5.6
2017-12-19,5.64,5.7,5.71,5.64
2017-12-20,5.69,5.6,5.71,5.59
2017-12-21,5.63,5.63,5.65,5.56
2017-12-22,5.62,5.58,5.63,5.57
2017-12-25,5.57,5.52,5.62,5.52
2017-12-26,5.54,5.56,5.57,5.51
2017-12-27,5.59,5.64,5.68,5.54
2017-12-28,5.62,5.65,5.69,5.61
2017-12-29,5.68,5.67,5.76,5.65
2018-01-02,5.68,5.73,5.74,5.67
2018-01-03,5.73,5.82,5.83,5.69
2018-01-04,5.8,5.82,5.84,5.77
2018-01-05,5.83,5.81,5.84,5.77
2018-01-08,5.82,5.82,5.89,5.81
2018-01-09,5.82,5.78,5.83,5.75
2018-01-10,5.79,5.72,5.79,5.7
2018-01-11,5.73,5.78,5.78,5.7
2018-01-12,5.77,5.72,5.77,5.72
2018-01-15,5.74,5.56,5.74,5.55
2018-01-16,5.58,5.56,5.58,5.54
2018-01-17,5.56,5.6,5.62,5.53
2018-01-18,5.59,5.6,5.62,5.57
2018-01-19,5.62,5.63,5.65,5.6
2018-01-22,5.64,5.65,5.65,5.55
2018-01-23,5.65,5.72,5.73,5.62
2018-01-24,5.72,5.72,5.73,5.66
2018-01-25,5.7,5.71,5.8,5.69
2018-01-26,5.71,5.66,5.71,5.65
2018-01-29,5.66,5.57,5.68,5.55
2018-01-30,5.55,5.57,5.59,5.55
2018-01-31,5.56,5.41,5.57,5.4
2018-02-01,5.41,5.12,5.44,5.11
2018-02-02,5.1,5.08,5.12,4.97
2018-02-05,5.06,5.03,5.1,5.0
2018-02-06,4.98,4.73,4.99,4.73
2018-02-07,4.8,4.76,4.85,4.62
2018-02-08,4.76,4.79,4.81,4.73
2018-02-09,4.71,4.6,4.73,4.55
2018-02-12,4.62,4.71,4.77,4.62
2018-02-13,4.73,4.7,4.78,4.67
2018-02-14,4.69,4.68,4.72,4.64
2018-02-22,4.7,4.74,4.76,4.7
2018-02-23,4.72,4.77,4.78,4.72
2018-02-26,4.85,4.87,4.89,4.79
2018-02-27,4.88,4.89,4.91,4.83
2018-02-28,4.86,4.9,4.91,4.8
2018-03-01,4.87,4.98,4.98,4.86
2018-03-02,4.93,5.0,5.04,4.93
2018-03-05,5.02,5.01,5.02,4.94
2018-03-06,4.99,5.07,5.08,4.99
2018-03-07,5.07,5.04,5.07,5.03
2018-03-08,5.03,5.07,5.08,5.02
2018-03-09,5.07,5.14,5.14,5.05
2018-03-12,5.14,5.18,5.19,5.12
2018-03-13,5.18,5.38,5.55,5.14
2018-03-14,5.31,5.2,5.33,5.2
2018-03-15,5.2,5.13,5.23,5.06
2018-03-16,5.13,5.11,5.18,5.1
2018-03-19,5.1,5.13,5.17,5.07
2018-03-20,5.11,5.12,5.14,5.06
2018-03-21,5.14,5.16,5.35,5.1
2018-03-22,5.14,5.16,5.21,5.1
2018-03-23,5.08,4.82,5.08,4.78
2018-03-26,4.76,4.87,4.88,4.68
2018-03-27,4.9,4.96,5.02,4.9
2018-03-28,4.9,4.91,4.97,4.89
2018-03-29,4.93,4.95,4.96,4.92
2018-03-30,4.97,4.96,5.0,4.94
2018-04-02,4.98,4.99,5.04,4.96
2018-04-03,4.95,5.03,5.07,4.93
2018-04-04,5.04,4.98,5.07,4.98
2018-04-09,4.96,4.95,5.0,4.91
2018-04-10,5.0,5.02,5.05,4.95
2018-04-11,5.01,5.04,5.07,5.01
2018-04-12,5.04,4.96,5.04,4.95
2018-04-13,4.97,4.92,4.99,4.91
2018-04-16,4.75,4.64,4.75,4.55
2018-04-17,4.65,4.64,4.69,4.63
2018-04-18,4.69,4.66,4.69,4.59
2018-04-19,4.66,4.66,4.69,4.62
2018-04-20,4.67,4.46,4.67,4.45
2018-04-23,4.46,4.55,4.55,4.41
2018-04-24,4.53,4.56,4.59,4.51
2018-04-25,4.57,4.65,4.65,4.56
2018-04-26,4.65,4.59,4.65,4.58
2018-04-27,4.6,4.59,4.61,4.5
2018-05-02,4.6,4.48,4.6,4.43
2018-05-03,4.48,4.51,4.55,4.43
2018-05-04,4.51,4.52,4.54,4.49
2018-05-07,4.52,4.56,4.58,4.5
2018-05-08,4.55,4.56,4.58,4.54
2018-05-09,4.57,4.54,4.58,4.52
2018-05-10,4.53,4.55,4.56,4.51
2018-05-11,4.55,4.55,4.59,4.53
2018-05-14,4.55,4.51,4.57,4.51
2018-05-15,4.54,4.61,4.64,4.52
2018-05-16,4.6,4.56,4.61,4.55
2018-05-17,4.56,4.49,4.58,4.49
2018-05-18,4.5,4.52,4.52,4.48
2018-05-21,4.55,4.58,4.6,4.52
2018-05-22,4.58,4.6,4.6,4.54
2018-05-23,4.62,4.64,4.76,4.61
2018-05-24,4.61,4.56,4.64,4.56
2018-05-25,4.57,4.67,4.7,4.54
