date,open,close,high,low
2016-01-04,16.469,15.071,16.748,14.842
2016-01-05,13.774,14.602,14.972,13.774
2016-01-06,14.862,15.121,15.131,14.602
2016-01-07,15.031,13.614,15.031,13.614
2016-01-08,13.674,13.694,14.303,12.476
2016-01-11,13.484,12.327,13.664,12.327
2016-01-12,12.277,12.007,12.546,11.528
2016-01-13,12.177,11.488,12.177,11.488
2016-01-14,11.159,11.798,11.847,10.909
2016-01-15,11.867,11.069,11.867,10.889
2016-01-18,10.959,11.388,11.528,10.61
2016-01-19,11.378,11.897,11.917,11.289
2016-01-20,11.857,11.758,12.047,11.588
2016-01-21,11.678,11.099,11.897,11.099
2016-01-22,11.378,11.239,11.528,10.979
2016-01-25,11.368,11.798,11.828,11.289
2016-01-26,11.628,10.68,11.778,10.62
2016-01-27,10.68,10.949,10.949,9.861
2016-01-28,10.72,10.55,10.909,10.071
2016-01-29,10.58,11.009,11.059,10.221
2016-02-01,11.009,10.69,11.159,10.011
2016-02-02,10.48,11.059,11.189,10.48
2016-02-03,11.059,10.899,11.059,10.63
2016-02-04,10.919,11.189,11.418,10.879
2016-02-05,11.279,11.229,11.408,11.089
2016-02-15,10.51,10.979,11.079,10.51
2016-02-16,11.009,11.418,11.578,10.979
2016-02-17,11.408,11.478,11.658,11.279
2016-02-18,11.658,11.398,11.668,11.279
2016-02-19,11.378,11.478,11.548,11.299
2016-02-22,11.528,11.818,11.977,11.528
2016-02-23,11.798,12.995,12.995,11.488
2016-02-24,13.375,12.716,13.574,12.676
2016-02-25,12.476,11.448,12.696,11.448
2016-02-26,11.538,11.758,12.227,11.428
2016-02-29,11.618,10.6,11.768,10.58
2016-03-01,10.6,10.799,10.909,10.221
2016-03-02,10.859,11.348,11.378,10.59
2016-03-03,11.279,11.857,12.117,11.179
2016-03-04,11.778,11.758,12.267,11.189
2016-03-07,11.658,12.277,12.376,11.658
2016-03-08,12.177,11.927,12.177,11.468
2016-03-09,11.578,11.139,11.758,11.129
2016-03-10,11.179,10.869,11.249,10.799
2016-03-11,10.809,10.67,10.829,10.181
2016-03-14,10.71,11.179,11.219,10.71
2016-03-15,11.129,11.079,11.358,11.049
2016-03-16,11.289,10.829,11.328,10.63
2016-03-17,10.849,11.338,11.828,10.79
2016-03-18,11.338,11.927,11.977,11.338
2016-03-21,11.977,12.656,12.726,11.877
2016-03-22,12.476,12.896,12.975,12.297
2016-03-23,12.876,13.065,13.355,12.526
2016-03-24,13.734,12.666,13.754,12.656
2016-03-25,12.466,12.476,12.696,12.247
2016-03-28,12.596,12.486,12.945,12.406
2016-03-29,12.576,12.367,12.756,12.107
2016-03-30,12.526,12.806,12.846,12.496
2016-03-31,12.766,13.115,13.255,12.766
2016-04-01,13.125,13.225,13.235,12.776
2016-04-05,13.265,14.273,14.552,13.265
2016-04-06,14.303,14.233,14.612,14.113
2016-04-07,14.143,14.223,14.502,14.013
2016-04-08,13.983,13.884,14.173,13.554
2016-04-11,13.973,14.742,14.972,13.944
2016-04-12,14.572,14.772,14.862,14.383
2016-04-13,14.772,14.652,15.051,14.602
2016-04-14,14.752,14.972,15.031,14.552
2016-04-15,14.962,15.071,15.371,14.772
2016-04-18,15.051,14.852,15.061,14.682
2016-04-19,14.922,14.842,15.161,14.473
2016-04-20,14.772,14.153,14.922,13.454
2016-04-21,14.113,13.874,14.183,13.634
2016-04-22,13.764,14.023,14.173,13.524
2016-04-25,13.973,13.754,13.973,13.554
2016-04-26,13.754,13.794,13.844,13.554
2016-04-27,13.864,13.983,14.153,13.794
2016-04-28,13.914,14.373,14.453,13.634
2016-04-29,14.163,14.572,14.652,14.013
2016-05-03,14.522,14.602,14.672,14.283
2016-05-04,14.473,14.283,14.602,14.153
2016-05-05,14.293,14.273,14.413,14.153
2016-05-06,14.273,12.925,14.273,12.846
2016-05-09,12.576,11.638,12.826,11.638
2016-05-10,11.538,11.808,12.157,11.229
2016-05-11,11.778,11.997,12.137,11.488
2016-05-12,11.678,12.147,12.456,11.478
2016-05-13,11.997,12.376,12.706,11.997
2016-05-16,12.277,12.716,12.796,12.157
2016-05-17,12.666,13.983,13.983,12.656
2016-05-18,13.934,14.173,14.363,13.604
2016-05-19,14.073,13.924,14.073,13.784
2016-05-20,13.804,13.774,13.953,13.624
2016-05-23,13.804,14.283,14.423,13.654
2016-05-24,14.852,14.622,14.852,13.774
2016-05-25,14.373,14.652,14.722,14.203
2016-05-26,14.672,14.772,15.171,14.173
2016-05-27,14.972,14.473,14.972,14.173
2016-05-30,14.343,14.642,14.712,13.554
2016-05-31,14.453,14.562,14.642,14.143
2016-06-01,14.463,14.393,14.742,14.163
2016-06-02,14.203,14.303,14.353,14.053
2016-06-03,14.353,14.153,14.393,14.033
2016-06-06,14.153,14.233,14.303,14.033
2016-06-07,14.293,14.972,15.121,14.273
2016-06-08,14.862,14.632,14.982,14.522
2016-06-13,14.173,13.165,14.293,13.165
2016-06-14,12.856,12.736,13.075,12.486
2016-06-15,12.586,13.175,13.345,12.546
2016-06-16,13.195,13.155,13.365,12.945
2016-06-17,13.145,13.275,13.534,13.145
2016-06-20,13.155,13.245,13.375,12.985
2016-06-21,13.325,13.035,13.574,12.905
2016-06-22,13.035,13.325,13.335,12.925
2016-06-23,13.325,13.185,13.534,13.125
2016-06-24,13.185,13.065,13.305,12.187
2016-06-27,12.965,13.275,13.355,12.696
2016-06-28,13.255,13.395,13.444,13.125
2016-06-29,13.474,13.654,13.774,13.355
2016-06-30,13.744,13.624,13.824,13.444
2016-07-01,13.724,13.424,13.764,13.345
2016-07-04,13.235,13.674,13.744,13.235
2016-07-05,13.724,13.864,14.263,13.644
2016-07-06,13.764,13.914,14.073,13.734
2016-07-07,13.914,13.854,14.143,13.704
2016-07-08,13.854,13.804,13.973,13.744
2016-07-11,13.854,13.794,14.123,13.774
2016-07-12,13.824,13.924,13.944,13.624
2016-07-13,14.033,14.033,14.223,13.944
2016-07-14,14.033,14.033,14.133,13.963
2016-07-15,14.113,14.113,14.163,13.983
2016-07-18,14.123,13.764,14.123,13.704
2016-07-19,13.754,13.854,13.924,13.674
2016-07-20,13.854,14.123,14.363,13.784
2016-07-21,14.033,14.023,14.203,13.944
2016-07-22,13.924,13.824,14.103,13.824
2016-07-25,13.734,13.784,13.934,13.704
2016-07-26,13.824,14.173,14.213,13.754
2016-07-27,14.183,13.235,14.223,12.975
2016-07-28,13.145,13.125,13.434,12.915
2016-07-29,13.165,12.905,13.195,12.896
2016-08-01,12.995,12.756,12.995,12.386
2016-08-02,12.796,13.045,13.115,12.736
2016-08-03,12.985,13.155,13.255,12.935
2016-08-04,13.125,13.135,13.185,12.925
2016-08-05,13.105,13.085,13.205,13.035
2016-08-08,13.125,13.195,13.235,12.985
2016-08-09,13.195,13.265,13.325,13.145
2016-08-10,13.225,13.175,13.395,13.125
2016-08-11,13.175,12.975,13.275,12.925
2016-08-12,13.115,13.105,13.175,12.915
2016-08-15,13.125,13.335,13.454,13.075
2016-08-16,13.375,13.484,13.644,13.335
2016-08-17,13.494,13.644,13.664,13.315
2016-08-18,13.644,13.544,13.714,13.415
2016-08-19,13.474,13.584,13.624,13.385
2016-08-22,13.544,13.454,13.624,13.405
2016-08-23,13.474,13.534,13.554,13.355
2016-08-24,13.534,13.674,13.694,13.464
2016-08-25,13.664,13.405,13.664,13.175
2016-08-26,13.444,13.734,13.804,13.434
2016-08-29,13.774,13.704,13.784,13.644
2016-08-30,13.634,13.644,13.774,13.624
2016-08-31,13.574,13.664,13.674,12.975
2016-09-01,13.754,13.884,14.153,13.684
2016-09-02,13.734,13.874,14.093,13.574
2016-09-05,13.874,13.754,14.023,13.724
2016-09-06,13.764,13.924,13.993,13.554
2016-09-07,13.924,13.973,14.283,13.924
2016-09-08,14.013,14.373,14.522,13.953
2016-09-09,14.383,14.373,14.682,14.273
2016-09-12,14.273,14.652,14.722,13.983
2016-09-13,14.632,14.682,14.932,14.313
2016-09-14,14.672,14.752,14.932,14.522
2016-09-19,14.732,14.612,14.842,14.403
2016-09-20,14.582,14.572,14.642,14.373
2016-09-21,14.423,14.952,15.251,14.423
2016-09-22,14.852,14.852,15.131,14.802
2016-09-23,14.752,14.542,15.001,14.453
2016-09-26,14.542,14.652,14.822,14.173
2016-09-27,14.592,14.652,14.712,14.443
2016-09-28,14.602,14.862,15.121,14.552
2016-09-29,14.862,15.131,15.181,14.682
2016-09-30,15.071,15.261,15.431,14.992
2016-10-10,15.97,15.091,15.97,14.882
2016-10-11,15.001,15.64,15.92,15.001
2016-10-12,15.451,15.59,15.79,15.291
2016-10-13,15.57,15.76,15.84,15.371
2016-10-14,15.75,15.521,15.76,15.371
2016-10-17,15.481,15.331,15.62,15.051
2016-10-18,15.381,15.461,15.53,15.131
2016-10-19,15.53,15.361,15.57,15.301
2016-10-20,15.381,15.241,15.381,15.121
2016-10-21,15.141,15.281,15.391,14.622
2016-10-24,15.171,15.56,15.57,15.141
2016-10-25,15.55,15.461,15.67,15.381
2016-10-26,15.381,15.371,15.491,15.171
2016-10-27,15.341,15.411,15.53,15.261
2016-10-28,15.411,15.53,15.84,15.411
2016-10-31,15.471,15.63,15.76,15.401
2016-11-01,15.59,15.87,16.069,15.59
2016-11-02,15.83,15.67,15.88,15.66
2016-11-03,15.67,15.83,16.169,15.57
2016-11-04,15.81,15.53,16.01,15.491
2016-11-07,15.53,15.161,15.63,15.021
2016-11-08,16.409,15.89,16.439,15.63
2016-11-09,15.89,15.73,16.169,15.381
2016-11-10,15.87,15.82,16.149,15.72
2016-11-11,15.9,16.149,16.169,15.79
2016-11-14,16.119,16.219,16.279,15.97
2016-11-15,16.129,16.01,16.259,15.8
2016-11-16,16.01,15.79,16.099,15.68
2016-11-17,15.69,15.79,16.02,15.6
2016-11-18,15.91,15.54,15.91,15.471
2016-11-21,15.61,16.04,16.079,15.491
2016-11-22,15.97,16.049,16.109,15.88
2016-11-23,16.059,15.87,16.109,15.77
2016-11-24,15.85,15.7,15.93,15.481
2016-11-25,15.69,15.78,15.82,15.271
2016-11-28,15.83,15.81,15.94,15.71
2016-11-29,15.81,15.341,15.88,15.331
2016-11-30,15.401,14.892,15.461,14.792
2016-12-01,14.972,15.75,15.75,14.792
2016-12-02,15.94,15.66,16.439,15.511
2016-12-05,14.772,14.842,15.121,14.133
2016-12-06,14.383,14.522,15.071,14.373
2016-12-07,14.453,14.822,14.912,14.373
2016-12-08,14.832,14.622,14.982,14.602
2016-12-09,14.642,14.702,14.852,14.632
2016-12-12,14.702,13.834,14.842,13.774
2016-12-13,13.834,14.173,14.283,13.834
2016-12-14,14.183,14.003,14.273,13.953
2016-12-15,13.973,13.983,14.203,13.804
2016-12-16,13.884,14.143,14.183,13.824
2016-12-19,14.123,14.073,14.143,14.003
2016-12-20,14.093,14.173,14.253,14.063
2016-12-21,14.193,14.423,14.532,14.173
2016-12-22,14.403,14.263,14.403,14.093
2016-12-23,14.263,14.253,14.393,14.083
2016-12-26,14.233,14.133,14.293,13.784
2016-12-27,14.143,14.073,14.153,13.944
2016-12-28,14.063,14.073,14.203,14.023
2016-12-29,14.023,13.963,14.063,13.824
2016-12-30,13.963,13.983,14.043,13.934
2017-01-03,14.093,14.343,14.373,14.033
2017-01-04,14.333,14.512,14.572,14.243
2017-01-05,14.512,14.772,15.091,14.373
2017-01-06,14.672,14.762,14.952,14.662
2017-01-09,14.762,15.311,15.341,14.552
2017-01-10,15.261,15.361,15.451,15.041
2017-01-11,15.261,15.251,15.301,14.792
2017-01-12,15.511,15.051,15.511,15.051
2017-01-13,14.972,14.972,15.051,14.423
2017-01-16,14.802,14.652,14.802,14.013
2017-01-17,14.522,14.842,14.872,14.283
2017-01-18,14.752,14.722,14.852,14.572
2017-01-19,14.732,14.852,14.922,14.582
2017-01-20,14.802,15.051,15.141,14.802
2017-01-23,15.071,14.912,15.071,14.762
2017-01-24,14.882,14.912,14.972,14.572
2017-01-25,14.792,14.902,15.001,14.782
2017-01-26,15.75,15.251,15.75,14.832
2017-02-03,15.091,15.121,15.181,14.922
2017-02-06,15.091,15.041,15.111,14.912
2017-02-07,15.081,15.051,15.161,14.942
2017-02-08,15.011,14.992,15.041,14.752
2017-02-09,14.842,15.051,15.101,14.772
2017-02-10,15.361,16.559,16.559,15.281
2017-02-13,16.958,16.658,17.666,16.549
2017-02-14,16.269,16.529,16.668,16.089
2017-02-15,16.409,15.9,16.409,15.8
2017-02-16,15.9,15.97,16.149,15.84
2017-02-17,15.87,16.04,16.169,15.77
2017-02-20,15.98,16.269,16.349,15.87
2017-02-21,16.289,16.169,16.349,16.059
2017-02-22,16.169,16.109,16.199,15.89
2017-02-23,16.04,15.76,16.069,15.65
2017-02-24,15.77,15.91,15.97,15.66
2017-02-27,15.69,15.301,15.77,15.231
2017-02-28,15.241,15.361,15.401,15.221
2017-03-01,15.321,15.431,15.57,15.321
2017-03-02,15.401,15.151,15.521,15.101
2017-03-03,15.131,15.221,15.341,15.021
2017-03-06,15.231,15.401,15.491,15.201
2017-03-07,15.421,15.501,15.57,15.331
2017-03-08,15.501,15.311,15.501,15.241
2017-03-09,15.271,15.171,15.391,15.151
2017-03-10,15.181,15.261,15.311,15.171
2017-03-13,15.291,15.331,15.341,15.051
2017-03-14,15.321,15.111,15.381,15.111
2017-03-15,15.111,15.191,15.341,15.111
2017-03-16,15.301,15.441,15.451,15.191
2017-03-17,15.54,15.76,15.76,15.351
2017-03-20,16.069,15.97,16.369,15.74
2017-03-21,15.77,16.319,16.549,15.58
2017-03-22,16.079,16.169,16.369,16.0
2017-03-23,16.189,16.02,16.239,15.7
2017-03-24,16.01,15.86,16.239,15.74
2017-03-27,15.79,15.67,16.01,15.63
2017-03-28,15.65,16.069,16.519,15.54
2017-03-29,15.84,16.03,16.259,15.78
2017-03-30,15.77,15.281,15.94,14.982
2017-03-31,15.281,15.021,15.421,15.001
2017-04-05,15.171,15.381,15.501,14.812
2017-04-06,15.271,15.321,15.481,15.221
2017-04-07,15.271,15.68,15.97,15.241
2017-04-10,15.62,15.501,15.72,15.371
2017-04-11,15.62,15.57,15.65,15.301
2017-04-12,15.431,15.55,15.76,15.371
2017-04-13,15.57,15.411,15.63,15.331
2017-04-14,15.411,14.852,15.411,14.572
2017-04-17,14.872,14.363,14.872,14.253
2017-04-18,14.393,14.393,14.443,14.273
2017-04-19,14.353,14.343,14.552,14.063
2017-04-20,14.403,15.331,15.331,14.303
2017-04-21,15.371,14.872,15.421,14.782
2017-04-24,14.872,14.562,14.872,14.393
2017-04-25,14.642,15.021,15.021,14.522
2017-04-26,14.962,14.772,15.111,14.762
2017-04-27,14.782,16.249,16.249,14.762
2017-04-28,16.249,16.02,16.748,15.56
2017-05-02,15.95,15.8,16.159,15.7
2017-05-03,15.84,15.87,16.828,15.8
2017-05-04,15.62,15.091,15.84,15.061
2017-05-05,14.872,14.063,14.872,14.063
2017-05-08,13.874,12.656,13.874,12.656
2017-05-09,12.476,12.386,12.636,11.987
2017-05-10,12.347,12.307,12.816,12.277
2017-05-11,12.087,12.157,12.267,11.648
2017-05-12,12.097,11.917,12.207,11.738
2017-05-15,11.857,11.877,12.077,11.788
2017-05-16,11.877,11.927,11.947,11.219
2017-05-17,11.778,12.357,12.496,11.738
2017-05-18,12.157,12.157,12.396,12.087
2017-05-19,12.167,12.337,12.406,12.167
2017-05-22,12.297,12.227,12.636,12.177
2017-05-23,12.137,11.219,12.257,11.009
2017-05-24,11.219,11.309,11.458,10.899
2017-05-25,11.219,11.418,11.458,11.069
2017-05-26,11.418,11.478,11.558,11.219
2017-05-31,11.528,11.478,11.688,11.478
2017-06-01,11.528,11.139,11.548,10.999
2017-06-02,11.099,11.289,11.338,10.899
2017-06-05,11.309,11.319,11.378,11.229
2017-06-06,11.289,11.428,11.488,11.179
2017-06-07,11.478,12.576,12.576,11.478
2017-06-08,12.576,12.576,12.766,12.446
2017-06-09,12.536,12.586,12.836,12.396
2017-06-12,12.606,12.177,12.776,12.057
2017-06-13,11.997,12.406,12.716,11.977
2017-06-14,12.376,12.357,12.476,12.197
2017-06-15,12.357,12.456,12.516,12.257
2017-06-16,12.466,12.347,12.476,12.297
2017-06-19,12.277,12.706,12.876,12.277
2017-06-20,12.616,12.386,12.686,12.297
2017-06-21,12.396,12.317,12.506,12.197
2017-06-22,12.327,12.147,12.337,12.127
2017-06-23,12.147,12.277,12.386,12.117
2017-06-26,12.207,12.446,12.576,12.177
2017-06-27,12.486,12.317,12.486,12.237
2017-06-28,12.337,12.307,12.406,12.187
2017-06-29,12.297,12.247,12.357,12.157
2017-06-30,12.247,12.257,12.317,12.117
2017-07-03,12.257,12.426,12.476,12.197
2017-07-04,12.446,12.337,12.496,12.307
2017-07-05,12.347,12.376,12.396,12.217
2017-07-06,12.327,12.247,12.396,12.217
2017-07-07,12.237,12.257,12.287,12.177
2017-07-10,12.277,12.037,12.277,11.927
2017-07-11,11.987,11.628,12.017,11.578
2017-07-12,11.628,11.398,11.718,11.179
2017-07-13,11.378,11.428,11.478,11.309
2017-07-14,11.388,11.428,11.458,11.289
2017-07-17,11.408,10.3,11.408,10.29
2017-07-18,10.27,10.261,10.39,10.001
2017-07-19,10.28,10.47,10.49,10.211
2017-07-20,10.52,10.44,10.66,10.43
2017-07-21,10.54,10.58,10.66,10.4
2017-07-24,10.55,10.51,10.59,10.36
2017-07-25,10.47,10.56,10.61,10.39
2017-07-26,10.49,10.44,10.58,10.4
2017-07-27,10.44,10.68,10.71,10.36
2017-07-28,10.69,10.55,10.69,10.51
2017-07-31,10.55,10.62,10.65,10.48
2017-08-01,10.59,10.56,10.66,10.52
2017-08-02,10.58,10.52,10.63,10.5
2017-08-03,10.52,10.76,10.849,10.47
2017-08-04,10.69,10.73,10.869,10.64
2017-08-07,10.72,10.809,10.849,10.67
2017-08-08,10.929,10.809,10.929,10.72
2017-08-09,10.809,10.68,10.809,10.67
2017-08-10,10.71,10.49,10.74,10.38
2017-08-11,10.43,10.38,10.55,10.32
2017-08-14,10.39,10.63,10.7,10.38
2017-08-15,10.68,10.79,10.829,10.59
2017-08-16,10.79,10.909,10.909,10.73
2017-08-17,10.939,10.989,11.079,10.839
2017-08-18,10.879,11.029,11.049,10.799
2017-08-21,11.129,11.328,11.358,11.059
2017-08-22,11.328,11.229,11.358,11.179
2017-08-23,11.309,11.289,11.338,11.179
2017-08-24,11.289,11.099,11.398,11.079
2017-08-25,11.089,11.139,11.249,11.089
2017-08-28,11.149,11.678,11.728,11.149
2017-08-29,11.568,11.728,12.067,11.568
2017-08-30,11.728,11.498,11.728,11.448
2017-08-31,11.648,11.738,11.867,11.488
2017-09-01,11.738,11.628,11.768,11.548
2017-09-04,11.558,11.558,11.618,11.428
2017-09-05,11.558,11.668,11.748,11.528
2017-09-06,11.618,11.478,11.658,11.299
2017-09-07,11.478,11.438,11.578,11.408
2017-09-08,11.398,11.378,11.508,11.358
2017-09-11,11.378,11.488,11.518,11.348
2017-09-12,11.528,11.338,11.568,11.328
2017-09-13,11.279,11.398,11.428,11.279
2017-09-14,11.378,11.418,11.578,11.348
2017-09-15,11.408,11.738,11.967,11.328
2017-09-18,11.508,11.618,11.728,11.508
2017-09-19,11.578,11.388,11.638,11.309
2017-09-20,11.388,11.398,11.438,11.299
2017-09-21,11.428,11.239,11.448,11.239
2017-09-22,11.229,11.249,11.338,11.199
2017-09-25,11.269,11.099,11.319,11.059
2017-09-26,11.099,10.969,11.099,10.899
2017-09-27,10.969,11.219,11.279,10.949
2017-09-28,11.179,11.089,11.239,11.079
2017-09-29,11.089,11.119,11.179,10.999
2017-10-09,11.189,11.289,11.299,11.169
2017-10-10,11.249,11.398,11.418,11.229
2017-10-11,11.338,11.458,11.528,11.338
2017-10-12,11.478,11.408,11.528,11.328
2017-10-13,11.338,11.478,11.538,11.328
2017-10-16,11.458,11.069,11.478,11.069
2017-10-17,11.069,11.149,11.199,11.009
2017-10-18,11.169,10.979,11.199,10.949
2017-10-19,10.989,10.77,11.059,10.7
2017-10-20,10.68,10.949,10.979,10.66
2017-10-23,10.949,11.029,11.109,10.869
2017-10-24,10.989,10.919,11.119,10.809
2017-10-25,10.899,11.069,11.109,10.899
2017-10-26,11.069,11.079,11.119,10.979
2017-10-27,11.099,10.929,11.129,10.909
2017-10-30,10.929,10.5,10.939,10.48
2017-10-31,10.5,10.6,10.64,10.46
2017-11-01,10.65,10.56,10.66,10.5
2017-11-02,10.54,10.33,10.57,10.32
2017-11-03,10.41,10.151,10.43,10.111
2017-11-06,10.151,10.31,10.39,10.151
2017-11-07,10.28,10.31,10.35,10.231
2017-11-08,10.261,10.49,10.49,10.261
2017-11-09,10.52,10.43,10.52,10.38
2017-11-10,10.46,10.46,10.53,10.4
2017-11-13,10.47,10.75,10.95,10.35
2017-11-14,10.6,10.41,10.76,10.36
2017-11-15,10.37,10.32,10.45,10.3
2017-11-16,10.33,10.35,10.39,10.22
2017-11-17,10.39,9.75,10.39,9.33
2017-11-20,9.6,9.58,9.64,9.34
2017-11-21,9.58,9.6,9.78,9.51
2017-11-22,9.6,9.63,9.67,9.51
2017-11-23,9.85,9.89,10.38,9.8
2017-11-24,9.65,9.79,9.94,9.56
2017-11-27,9.81,9.64,9.86,9.62
2017-11-28,9.64,9.73,9.74,9.58
2017-11-29,9.71,9.52,9.71,9.43
2017-11-30,9.51,9.45,9.58,9.4
2017-12-01,9.49,9.53,9.53,9.41
2017-12-04,9.52,9.48,9.57,9.36
2017-12-05,9.41,9.05,9.44,8.9
2017-12-06,9.06,9.14,9.18,8.95
2017-12-07,9.1,9.14,9.14,9.04
2017-12-08,9.14,9.19,9.21,9.1
2017-12-11,9.19,9.24,9.25,9.13
2017-12-12,9.25,9.14,9.26,9.03
2017-12-13,9.13,9.15,9.17,9.04
2017-12-14,9.16,9.11,9.17,9.1
2017-12-15,9.15,9.16,9.18,9.08
2017-12-18,9.17,9.08,9.19,9.06
2017-12-19,9.1,9.21,9.25,9.1
2017-12-20,9.21,9.1,9.23,9.07
2017-12-21,9.09,9.06,9.13,9.02
2017-12-22,9.09,9.11,9.14,9.07
2017-12-25,9.14,9.3,9.3,9.03
2017-12-26,9.65,9.49,9.65,9.32
2017-12-27,9.39,9.2,9.39,9.12
2017-12-28,9.19,9.17,9.23,9.1
2017-12-29,9.14,9.2,9.25,9.13
2018-01-02,9.2,9.22,9.24,9.15
2018-01-03,9.22,9.31,9.33,9.21
2018-01-04,9.3,9.39,9.4,9.24
2018-01-05,9.39,9.5,9.5,9.31
2018-01-08,9.44,9.51,9.56,9.41
2018-01-09,9.5,9.59,9.59,9.43
2018-01-10,9.6,9.34,9.6,9.28
2018-01-11,9.3,9.38,9.49,9.3
2018-01-12,9.36,9.4,9.44,9.33
2018-01-15,9.45,9.1,9.45,9.08
2018-01-16,9.1,9.28,9.31,9.05
2018-01-17,9.24,9.17,9.29,9.09
2018-01-18,9.25,9.27,9.29,9.15
2018-01-19,9.26,9.4,9.5,9.18
2018-01-22,9.4,9.38,9.4,9.3
2018-01-23,9.4,9.3,9.42,9.29
2018-01-24,9.3,9.3,9.32,9.22
2018-01-25,9.35,9.34,9.49,9.25
2018-01-26,9.36,9.33,9.45,9.33
2018-01-29,9.45,9.23,9.45,9.2
2018-01-30,9.23,9.28,9.32,9.2
2018-01-31,9.24,9.08,9.24,9.05
2018-02-01,9.09,8.66,9.14,8.51
2018-02-02,8.67,8.52,8.78,8.38
2018-02-05,8.53,8.59,8.64,8.31
2018-02-06,8.59,8.79,8.79,8.39
2018-02-07,8.78,8.59,8.79,8.46
2018-02-08,8.41,8.57,8.58,8.3
2018-02-09,8.41,8.15,8.41,8.0
2018-02-12,8.15,8.4,8.42,8.14
2018-02-13,8.42,8.52,8.54,8.4
2018-02-14,8.56,8.61,8.61,8.48
2018-02-22,8.76,8.71,8.78,8.63
2018-02-23,8.72,8.67,8.72,8.62
2018-02-26,8.72,8.87,8.95,8.65
2018-02-27,8.88,8.99,9.12,8.8
2018-02-28,8.95,9.01,9.19,8.86
2018-03-01,9.09,8.98,9.09,8.88
2018-03-02,8.81,8.95,9.02,8.81
2018-03-05,9.0,9.56,9.56,8.94
2018-03-06,9.9,9.43,9.9,9.39
2018-03-07,9.36,9.23,9.43,9.13
2018-03-08,9.23,9.2,9.29,9.13
2018-03-09,9.21,9.27,9.32,9.17
2018-03-12,9.28,9.28,9.36,9.23
2018-03-13,9.28,9.36,9.47,9.23
2018-03-14,9.33,9.28,9.42,9.19
2018-03-15,9.27,9.14,9.27,9.07
2018-03-16,9.08,9.27,9.36,9.08
2018-03-19,9.23,9.34,9.53,9.23
2018-03-20,9.27,9.46,9.5,9.21
2018-03-21,9.48,9.43,9.74,9.4
2018-03-22,9.5,9.45,9.58,9.34
2018-03-23,9.3,8.94,9.3,8.71
2018-03-26,8.71,8.94,9.08,8.66
2018-03-27,9.0,9.21,9.27,8.96
2018-03-28,9.15,9.17,9.25,9.01
2018-03-29,9.37,9.16,9.37,9.13
2018-03-30,9.16,9.28,9.35,9.15
2018-04-02,9.28,9.32,9.4,9.22
2018-04-03,9.22,9.22,9.31,9.17
2018-04-04,9.25,9.25,9.42,9.25
2018-04-09,9.25,9.41,9.43,9.18
2018-04-10,9.41,9.42,9.44,9.31
2018-04-11,9.44,9.51,9.53,9.37
2018-04-12,9.49,9.51,9.59,9.43
2018-04-13,9.5,9.43,9.66,9.42
2018-04-16,9.8,9.44,9.84,9.32
2018-04-17,9.36,9.11,9.51,9.1
2018-04-18,9.15,9.35,9.42,9.01
2018-04-19,9.28,9.4,9.46,9.24
2018-04-20,9.48,9.15,9.48,9.12
2018-04-23,9.14,9.0,9.2,8.96
2018-04-24,9.09,9.22,9.28,9.06
2018-04-25,9.17,9.29,9.34,9.15
2018-04-26,9.29,9.32,9.46,9.23
2018-04-27,9.32,9.24,9.39,9.24
2018-05-02,9.24,9.06,9.28,9.02
2018-05-03,9.05,9.32,9.33,9.02
2018-05-04,9.23,9.3,9.35,9.23
2018-05-07,9.3,9.48,9.54,9.3
2018-05-08,9.42,9.52,9.55,9.42
2018-05-09,9.51,9.6,9.62,9.46
2018-05-10,9.63,9.56,9.7,9.51
2018-05-11,9.57,9.37,9.65,8.6
2018-05-14,9.49,9.3,9.49,9.23
2018-05-15,9.35,9.42,9.42,9.22
2018-05-16,9.4,9.4,9.43,9.33
2018-05-17,9.34,9.38,9.42,9.33
2018-05-18,9.36,9.27,9.38,9.15
2018-05-21,9.3,9.48,9.55,9.29
2018-05-22,9.42,9.5,9.55,9.42
2018-05-23,9.48,9.4,9.5,9.36
2018-05-24,9.42,9.59,9.69,9.42
2018-05-25,9.59,9.62,9.73,9.52
