date,open,close,high,low
2016-01-04,8.482,7.674,8.521,7.674
2016-01-05,7.119,7.362,7.557,7.109
2016-01-06,7.392,7.509,7.567,7.362
2016-01-07,7.382,6.788,7.382,6.759
2016-01-08,7.109,6.885,7.109,6.213
2016-01-11,6.72,6.515,7.099,6.398
2016-01-12,6.613,6.603,6.681,6.457
2016-01-13,6.729,6.574,6.778,6.574
2016-01-14,6.33,6.69,6.759,6.281
2016-01-15,6.622,6.223,6.71,6.145
2016-01-18,6.106,6.262,6.379,6.057
2016-01-19,6.252,6.466,6.486,6.184
2016-01-20,6.457,6.408,6.544,6.301
2016-01-21,6.281,6.067,6.466,6.067
2016-01-22,6.135,6.106,6.174,5.853
2016-01-25,6.204,6.184,6.252,6.116
2016-01-26,6.165,5.571,6.165,5.571
2016-01-27,5.541,5.347,5.619,5.054
2016-01-28,5.298,5.123,5.356,5.113
2016-01-29,5.054,5.317,5.424,5.054
2016-02-01,5.317,5.278,5.405,5.152
2016-02-02,5.347,5.444,5.483,5.269
2016-02-03,5.376,5.405,5.424,5.269
2016-02-04,5.366,5.502,5.532,5.366
2016-02-05,5.502,5.454,5.541,5.444
2016-02-15,5.21,5.308,5.366,5.171
2016-02-16,5.347,5.629,5.746,5.327
2016-02-17,5.648,5.746,5.746,5.561
2016-02-18,5.785,5.726,5.863,5.687
2016-02-19,5.668,5.736,5.795,5.658
2016-02-22,5.804,5.863,5.931,5.746
2016-02-23,5.863,5.765,5.882,5.658
2016-02-24,5.756,5.892,5.902,5.658
2016-02-25,5.882,5.308,5.882,5.308
2016-02-26,5.327,5.298,5.532,5.191
2016-02-29,5.288,4.899,5.288,4.84
2016-03-01,4.947,5.015,5.064,4.869
2016-03-02,5.006,5.317,5.376,5.006
2016-03-03,5.288,5.347,5.444,5.269
2016-03-04,5.308,5.23,5.376,5.093
2016-03-07,5.259,5.376,5.454,5.259
2016-03-08,5.385,5.356,5.405,5.132
2016-03-09,5.239,5.22,5.308,5.181
2016-03-10,5.2,5.103,5.278,5.084
2016-03-11,5.045,5.142,5.171,5.045
2016-03-14,5.181,5.356,5.376,5.181
2016-03-15,5.327,5.278,5.376,5.249
2016-03-16,5.308,5.21,5.327,5.181
2016-03-17,5.22,5.356,5.385,5.2
2016-03-18,5.385,5.609,5.668,5.327
2016-03-21,5.678,5.882,6.067,5.648
2016-03-22,5.726,5.756,5.843,5.697
2016-03-23,5.795,5.804,5.843,5.697
2016-03-24,5.746,5.619,5.746,5.609
2016-03-25,5.6,5.678,5.687,5.561
2016-03-28,5.697,5.687,5.814,5.668
2016-03-29,5.668,5.541,5.707,5.493
2016-03-30,5.571,5.707,5.726,5.571
2016-03-31,5.726,5.687,5.795,5.658
2016-04-01,5.843,6.028,6.096,5.658
2016-04-05,5.941,6.057,6.087,5.843
2016-04-06,5.999,5.989,6.057,5.911
2016-04-07,5.989,5.833,6.009,5.824
2016-04-08,5.775,5.833,5.863,5.765
2016-04-11,5.902,5.95,5.97,5.872
2016-04-12,5.941,5.872,5.941,5.843
2016-04-13,5.902,5.95,6.038,5.902
2016-04-14,5.95,5.97,5.989,5.824
2016-04-15,6.018,6.028,6.165,5.97
2016-04-18,5.98,5.96,5.999,5.872
2016-04-19,6.038,5.989,6.174,5.921
2016-04-20,6.057,5.736,6.135,5.629
2016-04-21,5.795,5.678,5.892,5.629
2016-04-22,5.619,5.648,5.707,5.551
2016-04-25,5.629,5.561,5.648,5.463
2016-04-26,5.571,5.717,5.726,5.551
2016-04-27,5.658,5.619,5.726,5.619
2016-04-28,5.619,5.551,5.648,5.454
2016-04-29,5.532,5.522,5.561,5.483
2016-05-03,5.532,5.687,5.697,5.483
2016-05-04,5.687,5.678,5.726,5.639
2016-05-05,5.717,5.717,5.726,5.658
2016-05-06,5.707,5.454,5.736,5.415
2016-05-09,5.415,5.21,5.444,5.142
2016-05-10,5.21,5.171,5.249,5.162
2016-05-11,5.22,5.162,5.249,5.103
2016-05-12,5.113,5.093,5.123,5.006
2016-05-13,5.103,5.084,5.162,5.054
2016-05-16,5.064,5.269,5.493,5.035
2016-05-17,5.239,5.181,5.298,5.142
2016-05-18,5.142,5.006,5.142,4.957
2016-05-19,4.996,5.045,5.103,4.986
2016-05-20,5.074,5.152,5.191,5.006
2016-05-23,5.123,5.191,5.22,5.123
2016-05-24,5.171,5.181,5.181,5.123
2016-05-25,5.2,5.152,5.23,5.132
2016-05-26,5.171,5.142,5.171,5.006
2016-05-27,5.142,5.152,5.171,5.103
2016-05-30,5.113,5.152,5.21,5.093
2016-05-31,5.162,5.356,5.444,5.152
2016-06-01,5.356,5.317,5.405,5.317
2016-06-02,5.317,5.356,5.366,5.298
2016-06-03,5.356,5.454,5.502,5.259
2016-06-06,5.454,5.424,5.463,5.395
2016-06-07,5.444,5.424,5.473,5.395
2016-06-08,5.424,5.347,5.424,5.327
2016-06-13,5.298,5.084,5.337,5.084
2016-06-14,5.054,5.074,5.103,5.006
2016-06-15,5.025,5.191,5.22,5.006
2016-06-16,5.191,5.337,5.366,5.142
2016-06-17,5.561,5.872,5.872,5.561
2016-06-20,5.872,5.775,5.911,5.619
2016-06-21,5.785,5.884,6.092,5.716
2016-06-22,5.825,5.874,5.963,5.785
2016-06-23,5.874,5.785,6.003,5.746
2016-06-24,5.775,5.646,5.815,5.468
2016-06-27,5.607,5.775,5.775,5.557
2016-06-28,5.706,5.805,5.805,5.646
2016-06-29,5.864,5.815,5.993,5.795
2016-06-30,5.864,5.795,5.884,5.765
2016-07-01,5.795,5.666,5.835,5.666
2016-07-04,5.696,5.904,5.914,5.656
2016-07-05,5.894,5.805,5.894,5.785
2016-07-06,5.765,5.765,5.835,5.746
2016-07-07,5.775,5.884,6.023,5.755
2016-07-08,5.845,5.785,5.874,5.775
2016-07-11,5.775,5.736,5.835,5.736
2016-07-12,5.746,5.835,5.854,5.646
2016-07-13,5.845,5.874,5.914,5.815
2016-07-14,5.874,5.914,5.963,5.835
2016-07-15,5.894,5.934,5.934,5.854
2016-07-18,5.954,5.914,6.013,5.874
2016-07-19,5.894,5.894,5.914,5.805
2016-07-20,5.904,5.864,5.904,5.854
2016-07-21,5.864,5.864,5.914,5.845
2016-07-22,5.854,5.795,5.864,5.746
2016-07-25,5.755,5.815,5.835,5.746
2016-07-26,5.795,5.884,5.884,5.795
2016-07-27,5.894,5.587,5.914,5.498
2016-07-28,5.617,5.547,5.666,5.448
2016-07-29,5.528,5.518,5.587,5.498
2016-08-01,5.508,5.429,5.528,5.389
2016-08-02,5.438,5.478,5.488,5.429
2016-08-03,5.458,5.518,5.547,5.458
2016-08-04,5.518,5.528,5.538,5.468
2016-08-05,5.508,5.567,5.607,5.498
2016-08-08,5.538,5.607,5.617,5.498
2016-08-09,5.666,5.706,5.726,5.607
2016-08-10,5.676,5.637,5.696,5.627
2016-08-11,5.637,5.676,5.805,5.637
2016-08-12,5.646,5.726,5.736,5.587
2016-08-15,5.736,5.904,5.973,5.706
2016-08-16,5.904,5.894,5.954,5.864
2016-08-17,5.914,5.864,5.924,5.825
2016-08-18,5.864,5.874,5.954,5.854
2016-08-19,5.874,5.845,5.874,5.795
2016-08-22,5.884,5.993,6.132,5.845
2016-08-23,5.944,5.914,5.983,5.864
2016-08-24,5.904,5.864,5.934,5.825
2016-08-25,5.845,5.835,5.854,5.736
2016-08-26,5.835,5.874,5.934,5.815
2016-08-29,5.894,5.973,5.983,5.845
2016-08-30,5.914,5.904,5.954,5.884
2016-08-31,5.924,5.934,5.944,5.864
2016-09-01,5.924,5.874,5.973,5.874
2016-09-02,5.874,5.845,5.894,5.805
2016-09-05,5.845,5.825,5.904,5.805
2016-09-06,5.835,5.963,5.963,5.805
2016-09-07,5.954,5.934,6.003,5.914
2016-09-08,5.944,6.003,6.013,5.914
2016-09-09,6.013,5.904,6.072,5.894
2016-09-12,5.785,5.696,5.815,5.686
2016-09-13,5.736,5.716,5.755,5.666
2016-09-14,5.696,5.696,5.755,5.666
2016-09-19,5.686,5.746,5.746,5.686
2016-09-20,5.746,5.765,5.765,5.716
2016-09-21,5.746,5.775,5.795,5.716
2016-09-22,5.805,5.825,5.835,5.775
2016-09-23,5.845,5.805,5.874,5.795
2016-09-26,5.795,5.646,5.795,5.637
2016-09-27,5.656,5.676,5.716,5.607
2016-09-28,5.686,5.676,5.706,5.646
2016-09-29,5.696,5.706,5.736,5.666
2016-09-30,5.696,5.765,5.775,5.676
2016-10-10,5.854,5.845,5.864,5.775
2016-10-11,5.845,5.864,5.884,5.825
2016-10-12,5.845,5.854,5.884,5.815
2016-10-13,5.845,5.924,5.973,5.835
2016-10-14,5.904,5.944,5.944,5.874
2016-10-17,5.944,5.815,5.954,5.805
2016-10-18,5.805,5.924,5.924,5.795
2016-10-19,5.924,5.894,5.954,5.874
2016-10-20,5.894,5.904,5.934,5.874
2016-10-21,5.894,5.874,5.914,5.825
2016-10-24,5.854,5.944,5.983,5.854
2016-10-25,5.944,6.063,6.063,5.914
2016-10-26,6.053,6.013,6.072,5.963
2016-10-27,5.993,6.003,6.013,5.944
2016-10-28,6.013,5.904,6.033,5.904
2016-10-31,5.894,5.894,5.904,5.854
2016-11-01,5.884,5.924,5.934,5.874
2016-11-02,5.904,5.884,5.934,5.874
2016-11-03,5.884,6.102,6.231,5.874
2016-11-04,6.102,6.003,6.142,5.954
2016-11-07,6.013,6.033,6.053,5.944
2016-11-08,6.023,6.082,6.142,6.023
2016-11-09,6.082,6.211,6.28,5.983
2016-11-10,6.231,6.409,6.439,6.191
2016-11-11,6.389,6.548,6.597,6.29
2016-11-14,6.429,6.469,6.558,6.37
2016-11-15,6.409,6.419,6.488,6.389
2016-11-16,6.419,6.34,6.429,6.33
2016-11-17,6.33,6.449,6.469,6.3
2016-11-18,6.459,6.34,6.528,6.3
2016-11-21,6.32,6.3,6.399,6.271
2016-11-22,6.3,6.419,6.518,6.29
2016-11-23,6.399,6.35,6.518,6.32
2016-11-24,6.399,6.607,6.934,6.35
2016-11-25,6.627,6.558,6.716,6.35
2016-11-28,6.518,6.578,6.588,6.469
2016-11-29,6.558,6.35,6.558,6.35
2016-11-30,6.33,6.251,6.399,6.191
2016-12-01,6.271,6.29,6.34,6.221
2016-12-02,6.29,6.102,6.29,6.063
2016-12-05,6.053,6.122,6.162,6.053
2016-12-06,6.122,6.092,6.152,6.092
2016-12-07,6.112,6.191,6.201,6.072
2016-12-08,6.201,6.122,6.211,6.072
2016-12-09,6.082,6.142,6.171,6.072
2016-12-12,6.152,5.815,6.171,5.795
2016-12-13,5.835,5.815,5.845,5.706
2016-12-14,5.815,5.795,5.874,5.755
2016-12-15,5.785,5.845,5.904,5.765
2016-12-16,5.854,5.894,5.914,5.835
2016-12-19,5.894,5.914,5.944,5.874
2016-12-20,5.914,5.884,5.924,5.845
2016-12-21,5.884,5.924,5.934,5.884
2016-12-22,5.924,5.894,5.924,5.835
2016-12-23,5.884,5.795,5.884,5.795
2016-12-26,5.765,5.854,5.864,5.726
2016-12-27,5.854,5.884,5.904,5.845
2016-12-28,5.894,5.884,5.924,5.864
2016-12-29,5.864,5.884,5.934,5.854
2016-12-30,5.894,5.904,5.904,5.845
2017-01-03,5.884,5.973,5.993,5.884
2017-01-04,5.973,6.013,6.013,5.954
2017-01-05,6.003,5.983,6.033,5.973
2017-01-06,5.973,6.013,6.033,5.963
2017-01-09,5.993,6.023,6.033,5.993
2017-01-10,6.033,6.063,6.112,6.013
2017-01-11,6.053,5.993,6.112,5.983
2017-01-12,5.993,6.003,6.072,5.983
2017-01-13,6.003,5.884,6.003,5.845
2017-01-16,5.854,5.646,5.864,5.468
2017-01-17,5.607,5.676,5.696,5.577
2017-01-18,5.686,5.666,5.706,5.637
2017-01-19,5.646,5.637,5.676,5.597
2017-01-20,5.646,5.716,5.726,5.627
2017-01-23,5.726,5.775,5.795,5.716
2017-01-24,5.785,5.775,5.805,5.736
2017-01-25,5.785,5.785,5.815,5.736
2017-01-26,5.795,5.835,5.854,5.775
2017-02-03,5.835,5.805,5.854,5.765
2017-02-06,5.795,5.874,5.874,5.785
2017-02-07,5.874,5.854,5.884,5.805
2017-02-08,5.854,5.884,5.884,5.805
2017-02-09,5.884,5.934,5.934,5.854
2017-02-10,5.914,5.944,5.973,5.884
2017-02-13,5.934,5.973,5.973,5.924
2017-02-14,5.954,5.934,5.973,5.914
2017-02-15,5.914,5.904,5.963,5.894
2017-02-16,5.894,6.033,6.092,5.884
2017-02-17,6.171,6.033,6.31,6.003
2017-02-20,6.023,6.092,6.122,5.973
2017-02-21,6.082,6.706,6.706,6.043
2017-02-22,6.905,6.597,7.023,6.568
2017-02-23,6.588,6.578,6.756,6.488
2017-02-24,6.469,6.34,6.498,6.28
2017-02-27,6.35,6.261,6.38,6.261
2017-02-28,6.241,6.3,6.35,6.201
2017-03-01,6.251,6.271,6.3,6.241
2017-03-02,6.29,6.241,6.409,6.201
2017-03-03,6.211,6.181,6.251,6.171
2017-03-06,6.191,6.271,6.28,6.191
2017-03-07,6.271,6.251,6.28,6.231
2017-03-08,6.251,6.201,6.261,6.171
2017-03-09,6.191,6.112,6.191,6.112
2017-03-10,6.122,6.122,6.152,6.102
2017-03-13,6.102,6.162,6.171,6.092
2017-03-14,6.162,6.122,6.201,6.122
2017-03-15,6.122,6.112,6.152,6.092
2017-03-16,6.122,6.191,6.201,6.112
2017-03-17,6.162,6.132,6.221,6.122
2017-03-20,6.142,6.211,6.211,6.122
2017-03-21,6.251,6.241,6.29,6.201
2017-03-22,6.201,6.162,6.221,6.112
2017-03-23,6.162,6.191,6.261,6.132
2017-03-24,6.181,6.162,6.201,6.112
2017-03-27,6.112,6.102,6.152,6.082
2017-03-28,6.102,6.043,6.132,6.033
2017-03-29,6.053,6.033,6.072,5.983
2017-03-30,6.033,5.924,6.053,5.894
2017-03-31,5.944,5.934,5.973,5.904
2017-04-05,5.934,6.092,6.092,5.934
2017-04-06,6.063,6.072,6.102,6.043
2017-04-07,6.063,6.043,6.072,6.023
2017-04-10,6.043,5.963,6.063,5.944
2017-04-11,5.894,6.013,6.023,5.894
2017-04-12,6.023,6.043,6.063,5.983
2017-04-13,6.063,6.063,6.082,6.033
2017-04-14,6.063,5.993,6.063,5.973
2017-04-17,5.993,5.934,5.993,5.904
2017-04-18,5.934,5.795,5.963,5.785
2017-04-19,5.765,5.716,5.795,5.637
2017-04-20,5.716,5.646,5.726,5.577
2017-04-21,5.646,5.656,5.676,5.617
2017-04-24,5.656,5.508,5.656,5.498
2017-04-25,5.508,5.528,5.587,5.508
2017-04-26,5.547,5.547,5.597,5.528
2017-04-27,5.538,5.567,5.587,5.419
2017-04-28,5.547,5.627,5.627,5.538
2017-05-02,5.597,5.607,5.637,5.547
2017-05-03,5.607,5.547,5.607,5.508
2017-05-04,5.538,5.538,5.617,5.498
2017-05-05,5.528,5.468,5.528,5.438
2017-05-08,5.419,5.399,5.478,5.399
2017-05-09,5.389,5.429,5.448,5.359
2017-05-10,5.429,5.27,5.468,5.23
2017-05-11,5.24,5.211,5.25,5.062
2017-05-12,5.201,5.201,5.221,5.151
2017-05-15,5.221,5.221,5.25,5.181
2017-05-16,5.221,5.3,5.3,5.151
2017-05-17,5.26,5.29,5.329,5.26
2017-05-18,5.23,5.211,5.3,5.191
2017-05-19,5.211,5.23,5.23,5.181
2017-05-22,5.221,5.102,5.23,5.092
2017-05-23,5.121,5.003,5.131,4.993
2017-05-24,4.993,5.052,5.082,4.963
2017-05-25,5.062,5.092,5.121,4.973
2017-05-26,5.082,5.082,5.102,5.062
2017-05-31,5.092,5.131,5.141,5.092
2017-06-01,5.112,5.012,5.112,4.993
2017-06-02,4.993,5.062,5.082,4.953
2017-06-05,5.062,5.082,5.121,5.052
2017-06-06,5.092,5.112,5.121,5.062
2017-06-07,5.121,5.191,5.201,5.112
2017-06-08,5.191,5.26,5.349,5.121
2017-06-09,5.23,5.221,5.24,5.181
2017-06-12,5.201,5.151,5.211,5.141
2017-06-13,5.161,5.201,5.23,5.151
2017-06-14,5.201,5.191,5.211,5.171
2017-06-15,5.191,5.23,5.25,5.171
2017-06-16,5.23,5.27,5.369,5.201
2017-06-19,5.26,5.27,5.28,5.181
2017-06-20,5.27,5.25,5.3,5.24
2017-06-21,5.28,5.26,5.29,5.23
2017-06-22,5.26,5.191,5.28,5.181
2017-06-23,5.181,5.151,5.191,5.092
2017-06-26,5.161,5.25,5.26,5.131
2017-06-27,5.25,5.26,5.27,5.23
2017-06-28,5.26,5.2,5.27,5.19
2017-06-29,5.2,5.24,5.26,5.19
2017-06-30,5.21,5.25,5.27,5.2
2017-07-03,5.25,5.28,5.29,5.23
2017-07-04,5.28,5.26,5.28,5.25
2017-07-05,5.26,5.33,5.34,5.25
2017-07-06,5.32,5.3,5.32,5.26
2017-07-07,5.3,5.34,5.35,5.27
2017-07-10,5.33,5.36,5.4,5.32
2017-07-11,5.35,5.33,5.4,5.31
2017-07-12,5.33,5.29,5.35,5.24
2017-07-13,5.28,5.31,5.32,5.27
2017-07-14,5.3,5.27,5.32,5.26
2017-07-17,5.25,5.04,5.26,5.04
2017-07-18,5.03,5.08,5.11,5.0
2017-07-19,5.08,5.19,5.19,5.06
2017-07-20,5.18,5.32,5.32,5.16
2017-07-21,5.29,5.41,5.45,5.28
2017-07-24,5.39,5.42,5.62,5.36
2017-07-25,5.42,5.36,5.42,5.33
2017-07-26,5.38,5.39,5.42,5.35
2017-07-27,5.39,5.41,5.43,5.34
2017-07-28,5.4,5.64,5.83,5.38
2017-07-31,5.56,5.59,5.64,5.5
2017-08-01,5.57,5.47,5.59,5.45
2017-08-02,5.46,5.47,5.55,5.43
2017-08-03,5.45,5.43,5.48,5.42
2017-08-04,5.43,5.42,5.51,5.42
2017-08-07,5.42,5.47,5.49,5.42
2017-08-08,5.47,5.48,5.51,5.45
2017-08-09,5.46,5.46,5.49,5.44
2017-08-10,5.44,5.34,5.47,5.32
2017-08-11,5.33,5.23,5.34,5.22
2017-08-14,5.23,5.28,5.29,5.23
2017-08-15,5.28,5.3,5.33,5.27
2017-08-16,5.3,5.3,5.31,5.25
2017-08-17,5.29,5.33,5.34,5.29
2017-08-18,5.31,5.34,5.35,5.29
2017-08-21,5.33,5.34,5.35,5.32
2017-08-22,5.34,5.28,5.35,5.27
2017-08-23,5.28,5.28,5.32,5.26
2017-08-24,5.27,5.21,5.28,5.19
2017-08-25,5.19,5.26,5.28,5.19
2017-08-28,5.26,5.37,5.42,5.26
2017-08-29,5.37,5.34,5.39,5.31
2017-08-30,5.34,5.39,5.41,5.32
2017-08-31,5.39,5.38,5.39,5.35
2017-09-01,5.37,5.43,5.44,5.37
2017-09-04,5.43,5.4,5.43,5.38
2017-09-05,5.4,5.47,5.6,5.34
2017-09-06,5.45,5.62,5.64,5.4
2017-09-07,5.59,5.47,5.59,5.45
2017-09-08,5.46,5.42,5.49,5.41
2017-09-11,5.42,5.44,5.46,5.4
2017-09-12,5.44,5.43,5.47,5.39
2017-09-13,5.4,5.4,5.43,5.37
2017-09-14,5.4,5.4,5.44,5.37
2017-09-15,5.4,5.41,5.44,5.38
2017-09-18,5.41,5.45,5.46,5.4
2017-09-19,5.45,5.43,5.47,5.41
2017-09-20,5.44,5.45,5.49,5.4
2017-09-21,5.45,5.42,5.47,5.41
2017-09-22,5.41,5.36,5.42,5.34
2017-09-25,5.35,5.25,5.36,5.25
2017-09-26,5.24,5.26,5.27,5.22
2017-09-27,5.27,5.26,5.29,5.25
2017-09-28,5.27,5.23,5.27,5.21
2017-09-29,5.24,5.26,5.28,5.23
2017-10-09,5.31,5.29,5.32,5.27
2017-10-10,5.29,5.33,5.34,5.27
2017-10-11,5.33,5.32,5.33,5.31
2017-10-12,5.3,5.3,5.32,5.28
2017-10-13,5.3,5.33,5.33,5.28
2017-10-16,5.32,5.22,5.33,5.21
2017-10-17,5.22,5.22,5.25,5.21
2017-10-18,5.22,5.17,5.25,5.15
2017-10-19,5.16,5.11,5.17,5.09
2017-10-20,5.11,5.14,5.15,5.09
2017-10-23,5.15,5.16,5.16,5.11
2017-10-24,5.14,5.14,5.15,5.12
2017-10-25,5.14,5.16,5.16,5.12
2017-10-26,5.16,5.17,5.19,5.14
2017-10-27,5.17,5.13,5.17,5.11
2017-10-30,5.12,5.02,5.13,5.01
2017-10-31,5.02,5.05,5.07,5.02
2017-11-01,5.07,5.05,5.08,5.05
2017-11-02,5.05,5.0,5.06,4.99
2017-11-03,5.01,4.93,5.02,4.91
2017-11-06,4.93,4.93,4.96,4.87
2017-11-07,4.93,4.94,4.96,4.91
2017-11-08,4.94,4.99,5.03,4.93
2017-11-09,4.97,5.02,5.06,4.97
2017-11-10,5.02,5.03,5.03,4.99
2017-11-13,5.03,5.01,5.04,4.99
2017-11-14,5.0,4.93,5.01,4.93
2017-11-15,4.93,4.92,4.94,4.9
2017-11-16,4.91,4.89,4.93,4.88
2017-11-17,4.91,4.76,4.91,4.74
2017-11-20,4.77,4.72,4.77,4.65
2017-11-21,4.72,4.75,4.8,4.7
2017-11-22,4.74,4.75,4.78,4.72
2017-11-23,4.74,4.65,4.75,4.64
2017-11-24,4.65,4.66,4.67,4.62
2017-11-27,4.65,4.79,4.8,4.65
2017-11-28,4.88,4.83,4.88,4.77
2017-11-29,4.79,4.73,4.83,4.7
2017-11-30,4.73,4.73,4.75,4.7
2017-12-01,4.73,4.75,4.76,4.72
2017-12-04,4.74,4.67,4.75,4.66
2017-12-05,4.67,4.54,4.67,4.53
2017-12-06,4.54,4.58,4.58,4.5
2017-12-07,4.57,4.56,4.61,4.55
2017-12-08,4.55,4.6,4.61,4.54
2017-12-11,4.6,4.62,4.64,4.58
2017-12-12,4.63,4.56,4.63,4.53
2017-12-13,4.56,4.58,4.59,4.54
2017-12-14,4.57,4.57,4.58,4.56
2017-12-15,4.56,4.58,4.59,4.55
2017-12-18,4.57,4.57,4.61,4.55
2017-12-19,4.57,4.74,4.8,4.57
2017-12-20,4.7,4.57,4.71,4.55
2017-12-21,4.56,4.53,4.58,4.44
2017-12-22,4.52,4.51,4.55,4.51
2017-12-25,4.51,4.46,4.53,4.45
2017-12-26,4.46,4.49,4.49,4.44
2017-12-27,4.47,4.48,4.53,4.46
2017-12-28,4.48,4.5,4.53,4.46
2017-12-29,4.53,4.57,4.66,4.52
2018-01-02,4.57,4.61,4.63,4.55
2018-01-03,4.61,4.64,4.65,4.6
2018-01-04,4.64,4.64,4.65,4.61
2018-01-05,4.64,4.66,4.68,4.63
2018-01-08,4.66,4.64,4.67,4.6
2018-01-09,4.63,4.63,4.65,4.61
2018-01-10,4.62,4.58,4.63,4.56
2018-01-11,4.58,4.58,4.59,4.55
2018-01-12,4.58,4.58,4.61,4.56
2018-01-15,4.58,4.52,4.59,4.49
2018-01-16,4.52,4.51,4.53,4.46
2018-01-17,4.51,4.54,4.56,4.49
2018-01-18,4.54,4.54,4.56,4.52
2018-01-19,4.54,4.6,4.63,4.54
2018-01-22,4.65,4.64,4.68,4.61
2018-01-23,4.63,4.6,4.66,4.58
2018-01-24,4.6,4.68,4.69,4.59
2018-01-25,4.69,4.66,4.71,4.65
2018-01-26,4.66,4.65,4.69,4.64
2018-01-29,4.64,4.59,4.69,4.59
2018-01-30,4.59,4.6,4.62,4.57
2018-01-31,4.59,4.48,4.6,4.47
2018-02-01,4.48,4.33,4.51,4.31
2018-02-02,4.32,4.29,4.32,4.24
2018-02-05,4.24,4.26,4.28,4.2
2018-02-06,4.21,4.1,4.24,4.09
2018-02-07,4.18,4.11,4.18,4.02
2018-02-08,4.11,4.14,4.17,4.09
2018-02-09,4.06,3.98,4.08,3.96
2018-02-12,4.0,4.06,4.07,4.0
2018-02-13,4.08,4.07,4.1,4.06
2018-02-14,4.07,4.08,4.08,4.04
2018-02-22,4.12,4.17,4.31,4.09
2018-02-23,4.13,4.17,4.18,4.1
2018-02-26,4.16,4.22,4.23,4.16
2018-02-27,4.21,4.2,4.21,4.17
2018-02-28,4.18,4.19,4.21,4.16
2018-03-01,4.18,4.22,4.22,4.16
2018-03-02,4.2,4.22,4.24,4.19
2018-03-05,4.22,4.22,4.27,4.21
2018-03-06,4.22,4.27,4.27,4.22
2018-03-07,4.26,4.26,4.31,4.25
2018-03-08,4.26,4.28,4.3,4.26
2018-03-09,4.29,4.34,4.36,4.27
2018-03-12,4.33,4.37,4.39,4.33
2018-03-13,4.38,4.35,4.39,4.33
2018-03-14,4.35,4.29,4.35,4.28
2018-03-15,4.29,4.29,4.32,4.25
2018-03-16,4.29,4.36,4.53,4.27
2018-03-19,4.36,4.36,4.38,4.34
2018-03-20,4.31,4.3,4.32,4.26
2018-03-21,4.31,4.27,4.35,4.27
2018-03-22,4.27,4.31,4.38,4.26
2018-03-23,4.25,4.1,4.25,4.03
2018-03-26,4.07,4.15,4.2,3.98
2018-03-27,4.18,4.19,4.23,4.16
2018-03-28,4.16,4.16,4.19,4.15
2018-03-29,4.16,4.21,4.21,4.16
2018-03-30,4.2,4.23,4.23,4.18
2018-04-02,4.22,4.24,4.43,4.2
2018-04-03,4.19,4.24,4.36,4.16
2018-04-04,4.25,4.27,4.3,4.22
2018-04-09,4.26,4.29,4.31,4.22
2018-04-10,4.35,4.44,4.47,4.35
2018-04-11,4.38,4.4,4.43,4.36
2018-04-12,4.4,4.41,4.42,4.35
2018-04-13,4.4,4.41,4.43,4.36
2018-04-16,4.43,4.33,4.43,4.3
2018-04-17,4.29,4.2,4.32,4.19
2018-04-18,4.21,4.23,4.26,4.16
2018-04-19,4.23,4.21,4.25,4.19
2018-04-20,4.21,4.21,4.26,4.16
2018-04-23,4.21,4.15,4.21,4.13
2018-04-24,4.16,4.2,4.21,4.14
2018-04-25,4.18,4.2,4.21,4.17
2018-04-26,4.2,4.08,4.2,4.07
2018-04-27,4.09,4.11,4.12,4.05
2018-05-02,4.14,4.11,4.14,4.09
2018-05-03,4.12,4.16,4.16,4.08
2018-05-04,4.16,4.17,4.18,4.13
2018-05-07,4.16,4.22,4.23,4.15
2018-05-08,4.22,4.26,4.26,4.2
2018-05-09,4.26,4.23,4.27,4.21
2018-05-10,4.23,4.25,4.26,4.22
2018-05-11,4.25,4.18,4.26,4.18
2018-05-14,4.16,4.16,4.2,4.13
2018-05-15,4.17,4.19,4.21,4.15
2018-05-16,4.19,4.24,4.25,4.17
2018-05-17,4.23,4.28,4.37,4.2
2018-05-18,4.27,4.31,4.32,4.24
2018-05-21,4.34,4.35,4.38,4.33
2018-05-22,4.39,4.35,4.39,4.32
2018-05-23,4.34,4.24,4.36,4.23
2018-05-24,4.24,4.25,4.28,4.22
2018-05-25,4.26,4.23,4.26,4.22
