date,open,close,high,low
2016-01-04,5.72,5.29,5.88,5.22
2016-01-05,5.01,5.5,5.6,5.01
2016-01-06,5.49,6.05,6.05,5.47
2016-01-07,5.9,5.45,5.95,5.45
2016-01-08,5.6,5.77,5.98,5.17
2016-01-11,5.55,6.01,6.3,5.44
2016-01-12,6.05,6.21,6.44,5.77
2016-01-13,6.0,5.66,6.09,5.59
2016-01-14,5.35,5.54,5.64,5.09
2016-01-15,5.47,4.99,5.5,4.99
2016-01-18,4.7,4.78,4.96,4.53
2016-01-19,4.78,5.12,5.19,4.76
2016-01-20,5.09,5.19,5.37,5.01
2016-01-21,5.07,4.95,5.33,4.91
2016-01-22,5.0,5.07,5.09,4.81
2016-01-25,5.09,5.08,5.17,5.04
2016-01-26,5.0,4.58,5.07,4.57
2016-01-27,4.63,4.38,4.68,4.13
2016-01-28,4.34,4.2,4.46,4.17
2016-01-29,4.18,4.53,4.62,4.18
2016-02-01,4.52,4.7,4.93,4.49
2016-02-02,4.79,4.8,4.98,4.68
2016-02-03,4.8,4.74,4.89,4.67
2016-02-04,4.77,4.82,4.92,4.72
2016-02-05,4.82,4.68,4.82,4.61
2016-02-15,4.51,4.78,4.82,4.46
2016-02-16,4.79,5.18,5.26,4.73
2016-02-17,5.17,5.04,5.29,4.99
2016-02-18,5.0,4.98,5.1,4.95
2016-02-19,4.99,5.07,5.11,4.91
2016-02-22,5.17,5.1,5.22,5.06
2016-02-23,5.12,5.01,5.12,4.94
2016-02-24,5.01,5.1,5.13,4.98
2016-02-25,5.09,4.59,5.14,4.59
2016-02-26,4.61,4.57,4.68,4.38
2016-02-29,4.54,4.3,4.57,4.11
2016-03-01,4.31,4.44,4.54,4.27
2016-03-02,4.45,4.8,4.82,4.38
2016-03-03,4.78,4.72,4.9,4.7
2016-03-04,4.65,4.53,4.72,4.43
2016-03-07,4.57,4.59,4.65,4.5
2016-03-08,4.56,4.55,4.58,4.36
2016-03-09,4.45,4.46,4.52,4.4
2016-03-10,4.46,4.39,4.54,4.37
2016-03-11,4.38,4.36,4.4,4.31
2016-03-14,4.41,4.58,4.63,4.41
2016-03-15,4.58,4.57,4.61,4.53
2016-03-16,4.6,4.43,4.63,4.39
2016-03-17,4.46,4.52,4.56,4.41
2016-03-18,4.53,4.62,4.65,4.5
2016-03-21,4.67,4.72,4.76,4.64
2016-03-22,4.7,4.65,4.72,4.61
2016-03-23,4.65,4.68,4.69,4.61
2016-03-24,4.62,4.52,4.65,4.48
2016-03-25,4.51,4.51,4.54,4.45
2016-03-28,4.51,4.67,4.87,4.5
2016-03-29,4.6,4.49,4.64,4.42
2016-03-30,4.49,4.6,4.6,4.49
2016-03-31,4.61,4.64,4.68,4.57
2016-04-01,4.63,4.72,4.82,4.51
2016-04-05,4.67,4.76,4.8,4.63
2016-04-06,4.72,4.87,4.95,4.71
2016-04-07,4.84,4.71,4.87,4.7
2016-04-08,4.68,4.65,4.71,4.6
2016-04-11,4.69,4.73,4.79,4.67
2016-04-12,4.71,4.7,4.75,4.65
2016-04-13,4.74,4.76,4.84,4.69
2016-04-14,4.77,4.81,4.86,4.75
2016-04-15,4.79,4.81,4.85,4.76
2016-04-18,4.8,4.72,4.8,4.68
2016-04-19,4.74,4.72,4.76,4.69
2016-04-20,4.72,4.44,4.75,4.32
2016-04-21,4.45,4.41,4.5,4.38
2016-04-22,4.43,4.42,4.46,4.36
2016-04-25,4.43,4.36,4.43,4.33
2016-04-26,4.36,4.42,4.42,4.34
2016-04-27,4.4,4.51,4.7,4.4
2016-04-28,4.46,4.44,4.49,4.34
2016-04-29,4.42,4.43,4.46,4.4
2016-05-03,4.44,4.52,4.52,4.4
2016-05-04,4.5,4.5,4.56,4.48
2016-05-05,4.48,4.49,4.52,4.46
2016-05-06,4.52,4.37,4.52,4.35
2016-05-09,4.33,4.13,4.35,4.11
2016-05-10,4.14,4.14,4.19,4.12
2016-05-11,4.16,4.09,4.18,4.07
2016-05-12,4.06,4.02,4.06,3.95
2016-05-13,4.04,4.0,4.06,3.96
2016-05-16,4.01,4.06,4.09,4.0
2016-05-17,4.06,4.04,4.08,4.03
2016-05-18,4.04,3.85,4.04,3.71
2016-05-19,3.82,3.84,3.91,3.8
2016-05-20,3.81,3.87,3.92,3.73
2016-05-23,3.86,3.91,3.94,3.84
2016-05-24,3.9,3.92,3.95,3.89
2016-05-25,3.93,3.91,3.98,3.84
2016-05-26,3.92,3.86,3.92,3.79
2016-05-27,3.87,3.91,3.96,3.83
2016-05-30,3.89,3.85,3.9,3.81
2016-05-31,3.86,4.01,4.02,3.85
2016-06-01,4.02,3.98,4.03,3.96
2016-06-02,3.98,4.04,4.13,3.93
2016-06-03,4.02,4.0,4.04,3.95
2016-06-06,4.0,4.01,4.04,3.98
2016-06-07,4.02,3.98,4.02,3.94
2016-06-08,3.96,3.94,3.98,3.91
2016-06-13,3.9,3.75,3.92,3.74
2016-06-14,3.77,3.77,3.8,3.74
2016-06-15,3.73,3.86,3.87,3.71
2016-06-16,3.86,3.81,3.88,3.8
2016-06-17,3.84,3.82,3.86,3.79
2016-06-20,3.81,3.78,3.82,3.72
2016-06-21,3.79,3.75,3.83,3.74
2016-06-22,3.76,3.79,3.79,3.74
2016-06-23,3.78,3.8,3.82,3.75
2016-06-24,3.78,3.74,3.81,3.66
2016-06-27,3.7,3.79,3.79,3.69
2016-06-28,3.76,3.86,3.86,3.76
2016-06-29,3.85,3.85,3.89,3.83
2016-06-30,3.84,3.87,3.97,3.82
2016-07-01,3.85,3.89,3.96,3.84
2016-07-04,3.84,3.93,3.95,3.84
2016-07-05,3.93,3.96,3.97,3.91
2016-07-06,3.95,3.95,3.99,3.93
2016-07-07,3.97,3.95,3.97,3.91
2016-07-08,3.94,3.95,3.96,3.9
2016-07-11,3.95,3.93,3.97,3.92
2016-07-12,3.94,4.0,4.01,3.91
2016-07-13,4.01,4.03,4.05,3.99
2016-07-14,4.05,4.06,4.11,4.04
2016-07-15,4.06,4.05,4.1,4.04
2016-07-18,4.05,4.01,4.08,4.0
2016-07-19,4.01,4.01,4.03,3.98
2016-07-20,4.02,4.1,4.1,4.0
2016-07-21,4.1,4.08,4.14,4.06
2016-07-22,4.07,4.03,4.09,4.03
2016-07-25,4.01,4.05,4.09,4.01
2016-07-26,4.05,4.11,4.12,4.04
2016-07-27,4.1,3.93,4.15,3.88
2016-07-28,3.94,3.94,3.95,3.9
2016-07-29,3.92,3.91,3.96,3.91
2016-08-01,3.91,3.98,3.98,3.83
2016-08-02,3.98,3.99,4.0,3.94
2016-08-03,3.98,4.39,4.39,3.96
2016-08-04,4.38,4.49,4.64,4.31
2016-08-05,4.41,4.39,4.46,4.33
2016-08-08,4.35,4.4,4.48,4.32
2016-08-09,4.39,4.37,4.39,4.29
2016-08-10,4.37,4.33,4.37,4.29
2016-08-11,4.32,4.23,4.33,4.23
2016-08-12,4.21,4.39,4.4,4.17
2016-08-15,4.37,4.44,4.54,4.34
2016-08-16,4.44,4.52,4.66,4.38
2016-08-17,4.47,4.66,4.85,4.38
2016-08-18,4.66,4.9,4.9,4.63
2016-08-19,4.9,5.24,5.38,4.81
2016-08-22,5.06,4.75,5.06,4.72
2016-08-23,4.72,4.68,4.75,4.6
2016-08-24,4.68,4.68,4.78,4.64
2016-08-25,4.61,4.71,4.74,4.47
2016-08-26,4.68,4.6,4.71,4.58
2016-08-29,4.58,4.65,4.72,4.55
2016-08-30,4.66,4.58,4.66,4.56
2016-08-31,4.57,4.66,4.71,4.49
2016-09-01,4.63,4.54,4.68,4.53
2016-09-02,4.51,4.56,4.62,4.5
2016-09-05,4.55,4.72,4.78,4.55
2016-09-06,4.68,4.71,4.73,4.61
2016-09-07,4.72,4.64,4.74,4.63
2016-09-08,4.62,4.66,4.69,4.6
2016-09-09,4.65,4.58,4.67,4.57
2016-09-12,4.46,4.34,4.49,4.34
2016-09-13,4.38,4.36,4.42,4.3
2016-09-14,4.32,4.39,4.42,4.3
2016-09-19,4.38,4.4,4.42,4.36
2016-09-20,4.4,4.31,4.41,4.3
2016-09-21,4.3,4.37,4.4,4.3
2016-09-22,4.39,4.42,4.48,4.38
2016-09-23,4.41,4.38,4.44,4.37
2016-09-26,4.37,4.27,4.38,4.25
2016-09-27,4.25,4.4,4.42,4.24
2016-09-28,4.42,4.37,4.42,4.34
2016-09-29,4.36,4.35,4.39,4.34
2016-09-30,4.34,4.35,4.37,4.32
2016-10-10,4.39,4.37,4.42,4.32
2016-10-11,4.37,4.52,4.66,4.36
2016-10-12,4.45,4.44,4.47,4.41
2016-10-13,4.42,4.48,4.53,4.42
2016-10-14,4.48,4.55,4.55,4.46
2016-10-17,4.56,4.58,4.72,4.5
2016-10-18,4.53,4.61,4.62,4.47
2016-10-19,4.61,4.6,4.65,4.57
2016-10-20,4.58,4.52,4.59,4.5
2016-10-21,4.52,4.51,4.54,4.44
2016-10-24,4.5,4.53,4.55,4.46
2016-10-25,4.53,4.53,4.55,4.5
2016-10-26,4.53,4.53,4.57,4.51
2016-10-27,4.53,4.56,4.57,4.51
2016-10-28,4.54,4.45,4.58,4.45
2016-10-31,4.44,4.39,4.44,4.37
2016-11-01,4.39,4.44,4.46,4.37
2016-11-02,4.42,4.36,4.42,4.34
2016-11-03,4.35,4.44,4.46,4.33
2016-11-04,4.44,4.39,4.46,4.39
2016-11-07,4.39,4.4,4.42,4.38
2016-11-08,4.41,4.43,4.45,4.4
2016-11-09,4.44,4.37,4.44,4.31
2016-11-10,4.41,4.47,4.48,4.39
2016-11-11,4.47,4.52,4.52,4.45
2016-11-14,4.53,4.54,4.57,4.51
2016-11-15,4.54,4.57,4.57,4.51
2016-11-16,4.56,4.54,4.57,4.51
2016-11-17,4.53,4.58,4.58,4.5
2016-11-18,4.59,4.52,4.61,4.51
2016-11-21,4.51,4.58,4.65,4.5
2016-11-22,4.57,4.61,4.62,4.56
2016-11-23,4.6,4.61,4.68,4.6
2016-11-24,4.6,4.54,4.62,4.52
2016-11-25,4.54,4.57,4.57,4.49
2016-11-28,4.59,4.6,4.62,4.54
2016-11-29,4.56,4.52,4.59,4.52
2016-11-30,4.52,4.64,4.64,4.49
2016-12-01,4.65,4.75,4.83,4.61
2016-12-02,4.72,4.69,4.88,4.66
2016-12-05,4.64,4.56,4.69,4.55
2016-12-06,4.58,4.56,4.71,4.55
2016-12-07,4.55,4.77,4.77,4.51
2016-12-08,4.77,4.7,4.82,4.69
2016-12-09,4.72,4.73,4.8,4.67
2016-12-12,4.71,4.41,4.74,4.4
2016-12-13,4.39,4.34,4.41,4.2
2016-12-14,4.35,4.35,4.45,4.34
2016-12-15,4.34,4.4,4.42,4.3
2016-12-16,4.36,4.41,4.45,4.36
2016-12-19,4.37,4.38,4.46,4.36
2016-12-20,4.37,4.35,4.39,4.32
2016-12-21,4.35,4.39,4.41,4.35
2016-12-22,4.4,4.43,4.44,4.34
2016-12-23,4.43,4.33,4.43,4.32
2016-12-26,4.32,4.3,4.33,4.2
2016-12-27,4.29,4.29,4.33,4.27
2016-12-28,4.27,4.24,4.29,4.22
2016-12-29,4.23,4.24,4.28,4.21
2016-12-30,4.25,4.28,4.29,4.25
2017-01-03,4.29,4.38,4.38,4.28
2017-01-04,4.36,4.4,4.43,4.35
2017-01-05,4.39,4.39,4.43,4.37
2017-01-06,4.39,4.83,4.83,4.38
2017-01-09,4.83,5.04,5.3,4.71
2017-01-10,4.95,4.78,4.98,4.77
2017-01-11,4.78,4.75,4.86,4.75
2017-01-12,4.7,4.84,4.93,4.63
2017-01-13,4.71,4.6,4.83,4.57
2017-01-16,4.57,4.42,4.65,4.17
2017-01-17,4.41,4.51,4.52,4.28
2017-01-18,4.46,4.61,4.67,4.44
2017-01-19,4.56,4.64,4.82,4.54
2017-01-20,4.59,4.75,4.84,4.57
2017-01-23,4.71,4.74,4.79,4.68
2017-01-24,4.72,4.67,4.76,4.66
2017-01-25,4.68,4.66,4.74,4.64
2017-01-26,4.66,4.67,4.68,4.61
2017-02-03,4.67,4.6,4.7,4.6
2017-02-06,4.55,4.61,4.61,4.54
2017-02-07,4.61,4.78,4.88,4.57
2017-02-08,4.72,4.83,4.83,4.71
2017-02-09,4.82,4.82,4.87,4.77
2017-02-10,4.82,4.88,5.0,4.81
2017-02-13,4.87,4.97,4.99,4.85
2017-02-14,4.97,4.91,4.97,4.82
2017-02-15,4.88,4.96,5.08,4.84
2017-02-16,4.93,5.12,5.27,4.91
2017-02-17,5.22,5.07,5.5,5.06
2017-02-20,4.99,5.12,5.15,4.99
2017-02-21,5.1,5.1,5.19,5.06
2017-02-22,5.08,5.2,5.34,5.07
2017-02-23,5.15,5.06,5.18,5.03
2017-02-24,5.04,5.16,5.21,5.03
2017-02-27,5.12,5.05,5.24,5.03
2017-02-28,5.02,5.2,5.45,5.01
2017-03-01,5.12,5.28,5.38,5.12
2017-03-02,5.24,5.18,5.31,5.16
2017-03-03,5.17,5.1,5.2,5.07
2017-03-06,5.07,5.11,5.13,5.07
2017-03-07,5.13,5.05,5.18,5.03
2017-03-08,5.03,5.01,5.08,4.97
2017-03-09,4.99,4.96,5.03,4.94
2017-03-10,4.95,4.86,4.98,4.86
2017-03-13,4.82,4.93,4.95,4.8
2017-03-14,4.9,4.96,5.08,4.9
2017-03-15,4.93,4.89,4.98,4.89
2017-03-16,4.91,5.0,5.05,4.91
2017-03-17,4.98,4.89,4.99,4.86
2017-03-20,4.91,4.87,4.91,4.85
2017-03-21,4.87,4.85,4.89,4.84
2017-03-22,4.83,4.88,4.89,4.79
2017-03-23,4.88,4.89,4.98,4.83
2017-03-24,4.87,4.96,4.97,4.85
2017-03-27,4.94,4.96,4.98,4.9
2017-03-28,4.96,4.89,4.98,4.89
2017-03-29,4.9,4.81,4.94,4.78
2017-03-30,4.79,4.68,4.83,4.66
2017-03-31,4.7,4.59,4.71,4.5
2017-04-05,5.05,5.05,5.05,4.94
2017-04-06,5.36,5.56,5.56,5.07
2017-04-07,5.49,5.73,6.08,5.25
2017-04-10,5.61,6.3,6.3,5.55
2017-04-11,6.58,6.93,6.93,6.43
2017-04-12,7.0,6.32,7.0,6.24
2017-04-13,6.15,6.46,6.67,6.02
2017-04-14,6.45,6.19,6.57,6.04
2017-04-17,6.05,5.71,6.13,5.57
2017-04-18,5.78,5.75,5.95,5.71
2017-04-19,5.75,5.96,6.01,5.61
2017-04-20,5.88,5.71,5.89,5.52
2017-04-21,5.65,5.41,5.76,5.37
2017-04-24,5.43,5.26,5.48,5.21
2017-04-25,5.31,5.54,5.79,5.24
2017-04-26,5.48,5.77,5.86,5.41
2017-04-27,5.68,5.66,5.98,5.64
2017-04-28,5.6,5.85,5.93,5.6
2017-05-02,5.8,5.93,6.0,5.7
2017-05-03,5.85,5.6,5.88,5.52
2017-05-04,5.53,5.72,5.95,5.52
2017-05-05,5.62,5.63,5.83,5.52
2017-05-08,5.6,5.11,5.68,5.08
2017-05-09,5.15,5.17,5.2,5.02
2017-05-10,5.18,5.0,5.29,4.94
2017-05-11,4.95,5.08,5.09,4.73
2017-05-12,5.04,5.07,5.19,4.91
2017-05-15,5.09,5.15,5.26,5.02
2017-05-16,5.1,5.35,5.38,5.03
2017-05-17,5.3,5.4,5.54,5.25
2017-05-18,5.33,5.19,5.37,5.13
2017-05-19,5.18,5.25,5.3,5.14
2017-05-22,5.2,5.04,5.2,5.01
2017-05-23,5.01,4.86,5.15,4.84
2017-05-24,4.77,4.98,5.01,4.73
2017-05-25,4.95,5.05,5.1,4.92
2017-05-26,5.05,5.02,5.12,5.02
2017-05-31,5.1,5.03,5.13,5.03
2017-06-01,5.0,4.83,5.01,4.83
2017-06-02,4.82,4.93,4.96,4.77
2017-06-05,4.93,4.97,4.98,4.89
2017-06-06,4.93,4.96,4.97,4.9
2017-06-07,4.94,5.09,5.12,4.93
2017-06-08,5.07,5.05,5.14,5.01
2017-06-09,5.1,5.1,5.15,5.02
2017-06-12,5.07,4.98,5.11,4.95
2017-06-13,4.97,5.01,5.04,4.92
2017-06-14,5.02,4.95,5.03,4.93
2017-06-15,4.94,4.98,4.99,4.92
2017-06-16,4.98,5.08,5.11,4.95
2017-06-19,5.06,5.02,5.07,4.99
2017-06-20,5.01,5.04,5.09,5.01
2017-06-21,5.05,5.05,5.08,4.99
2017-06-22,5.04,4.88,5.07,4.82
2017-06-23,4.84,4.83,4.9,4.74
2017-06-26,4.8,4.86,4.87,4.78
2017-06-27,4.84,4.82,4.9,4.81
2017-06-28,4.81,4.73,4.81,4.72
2017-06-29,4.74,4.75,4.8,4.73
2017-06-30,4.74,4.7,4.75,4.68
2017-07-03,4.71,4.77,4.77,4.71
2017-07-04,4.75,4.76,4.77,4.74
2017-07-05,4.75,4.81,4.82,4.74
2017-07-06,4.8,4.77,4.84,4.76
2017-07-07,4.78,4.78,4.79,4.75
2017-07-10,4.76,4.79,4.83,4.72
2017-07-11,4.77,4.7,4.78,4.7
2017-07-12,4.7,4.63,4.72,4.53
2017-07-13,4.61,4.6,4.62,4.57
2017-07-14,4.53,4.5,4.56,4.49
2017-07-17,4.5,4.15,4.51,4.07
2017-07-18,4.13,4.17,4.19,4.1
2017-07-19,4.17,4.25,4.26,4.13
2017-07-20,4.23,4.25,4.32,4.22
2017-07-21,4.23,4.18,4.26,4.17
2017-07-24,4.2,4.23,4.25,4.15
2017-07-25,4.23,4.2,4.25,4.18
2017-07-26,4.2,4.2,4.22,4.17
2017-07-27,4.2,4.27,4.3,4.19
2017-07-28,4.26,4.24,4.28,4.23
2017-07-31,4.25,4.25,4.28,4.22
2017-08-01,4.26,4.35,4.42,4.22
2017-08-02,4.35,4.32,4.39,4.28
2017-08-03,4.3,4.35,4.41,4.3
2017-08-04,4.38,4.33,4.42,4.33
2017-08-07,4.31,4.35,4.36,4.3
2017-08-08,4.46,4.37,4.46,4.34
2017-08-09,4.37,4.35,4.4,4.34
2017-08-10,4.36,4.3,4.38,4.27
2017-08-11,4.26,4.25,4.34,4.19
2017-08-14,4.25,4.35,4.36,4.24
2017-08-15,4.35,4.36,4.38,4.33
2017-08-16,4.35,4.47,4.68,4.35
2017-08-17,4.47,4.47,4.51,4.42
2017-08-18,4.44,4.52,4.57,4.41
2017-08-21,4.55,4.59,4.7,4.46
2017-08-22,4.54,4.47,4.57,4.47
2017-08-23,4.47,4.41,4.49,4.39
2017-08-24,4.41,4.46,4.54,4.4
2017-08-25,4.43,4.46,4.49,4.4
2017-08-28,4.46,4.49,4.52,4.46
2017-08-29,4.47,4.44,4.51,4.42
2017-08-30,4.42,4.48,4.49,4.42
2017-08-31,4.46,4.5,4.55,4.44
2017-09-01,4.52,4.46,4.52,4.45
2017-09-04,4.46,4.44,4.46,4.41
2017-09-05,4.43,4.46,4.47,4.39
2017-09-06,4.44,4.42,4.44,4.4
2017-09-07,4.43,4.41,4.47,4.4
2017-09-08,4.42,4.41,4.44,4.39
2017-09-11,4.42,4.43,4.44,4.4
2017-09-12,4.43,4.4,4.45,4.39
2017-09-13,4.4,4.4,4.42,4.38
2017-09-14,4.41,4.37,4.41,4.36
2017-09-15,4.36,4.44,4.46,4.35
2017-09-18,4.42,4.42,4.44,4.4
2017-09-19,4.42,4.51,4.59,4.4
2017-09-20,4.52,4.49,4.52,4.45
2017-09-21,4.48,4.4,4.5,4.4
2017-09-22,4.38,4.37,4.43,4.36
2017-09-25,4.36,4.25,4.37,4.25
2017-09-26,4.25,4.26,4.28,4.24
2017-09-27,4.26,4.29,4.3,4.25
2017-09-28,4.29,4.22,4.29,4.22
2017-09-29,4.23,4.22,4.26,4.2
2017-10-09,4.29,4.28,4.33,4.26
2017-10-10,4.28,4.3,4.3,4.26
2017-10-11,4.3,4.3,4.35,4.28
2017-10-12,4.29,4.26,4.3,4.24
2017-10-13,4.27,4.3,4.33,4.25
2017-10-16,4.29,4.21,4.3,4.21
2017-10-17,4.21,4.22,4.22,4.18
2017-10-18,4.21,4.16,4.23,4.16
2017-10-19,4.16,4.08,4.17,4.07
2017-10-20,4.08,4.15,4.17,4.07
2017-10-23,4.15,4.22,4.36,4.14
2017-10-24,4.22,4.18,4.22,4.15
2017-10-25,4.18,4.2,4.25,4.18
2017-10-26,4.2,4.23,4.28,4.16
2017-10-27,4.22,4.17,4.22,4.16
2017-10-30,4.16,4.07,4.18,4.05
2017-10-31,4.09,4.08,4.14,4.05
2017-11-01,4.08,4.09,4.13,4.06
2017-11-02,4.09,4.12,4.24,4.08
2017-11-03,4.1,4.11,4.15,4.06
2017-11-06,4.09,4.08,4.11,4.03
2017-11-07,4.09,4.08,4.1,4.04
2017-11-08,4.07,4.09,4.13,4.06
2017-11-09,4.1,4.1,4.12,4.08
2017-11-10,4.1,4.05,4.1,4.04
2017-11-13,4.05,4.05,4.07,4.04
2017-11-14,4.05,4.01,4.06,3.99
2017-11-15,4.0,3.92,4.0,3.9
2017-11-16,3.92,3.91,3.96,3.91
2017-11-17,3.91,3.76,3.92,3.75
2017-11-20,3.75,3.71,3.75,3.65
2017-11-21,3.7,3.7,3.74,3.69
2017-11-22,3.7,3.72,3.76,3.7
2017-11-23,3.71,3.63,3.72,3.62
2017-11-24,3.63,3.66,3.69,3.58
2017-11-27,3.68,3.69,3.71,3.66
2017-11-28,3.67,3.72,3.73,3.65
2017-11-29,3.71,3.7,3.73,3.64
2017-11-30,3.69,3.65,3.71,3.65
2017-12-01,3.66,3.68,3.69,3.63
2017-12-04,3.67,3.61,3.68,3.61
2017-12-05,3.61,3.47,3.63,3.45
2017-12-06,3.48,3.48,3.49,3.44
2017-12-07,3.49,3.48,3.5,3.46
2017-12-08,3.49,3.52,3.54,3.48
2017-12-11,3.53,3.53,3.55,3.52
2017-12-12,3.55,3.5,3.55,3.5
2017-12-13,3.51,3.53,3.53,3.51
2017-12-14,3.52,3.52,3.52,3.48
2017-12-15,3.52,3.51,3.53,3.47
2017-12-18,3.51,3.5,3.53,3.48
2017-12-19,3.5,3.51,3.54,3.5
2017-12-20,3.52,3.47,3.53,3.46
2017-12-21,3.47,3.47,3.48,3.41
2017-12-22,3.47,3.45,3.48,3.45
2017-12-25,3.45,3.35,3.47,3.35
2017-12-26,3.35,3.32,3.37,3.28
2017-12-27,3.32,3.34,3.37,3.31
2017-12-28,3.34,3.34,3.38,3.32
2017-12-29,3.35,3.38,3.4,3.34
2018-01-02,3.4,3.42,3.47,3.39
2018-01-03,3.42,3.61,3.67,3.41
2018-01-04,3.6,3.53,3.6,3.51
2018-01-05,3.54,3.64,3.67,3.51
2018-01-08,3.64,3.68,3.76,3.61
2018-01-09,3.63,3.64,3.73,3.59
2018-01-10,3.65,3.58,3.66,3.55
2018-01-11,3.58,3.62,3.65,3.54
2018-01-12,3.62,3.93,3.98,3.61
2018-01-15,3.78,3.71,3.84,3.67
2018-01-16,3.68,3.79,3.82,3.63
2018-01-17,3.74,3.7,3.77,3.66
2018-01-18,3.69,3.63,3.73,3.62
2018-01-19,3.64,3.6,3.68,3.58
2018-01-22,3.6,3.63,3.65,3.58
2018-01-23,3.62,3.66,3.68,3.61
2018-01-24,3.64,3.71,3.88,3.64
2018-01-25,3.68,3.68,3.72,3.66
2018-01-26,3.65,3.67,3.72,3.64
2018-01-29,3.67,3.58,3.7,3.57
2018-01-30,3.6,3.63,3.72,3.6
2018-01-31,3.51,3.45,3.52,3.4
2018-02-01,3.43,3.25,3.47,3.23
2018-02-02,3.26,3.26,3.28,3.12
2018-02-05,3.22,3.28,3.31,3.15
2018-02-06,3.24,3.08,3.26,3.05
2018-02-07,3.12,3.09,3.19,3.0
2018-02-08,3.09,3.11,3.16,3.07
2018-02-09,3.05,2.99,3.08,2.94
2018-02-12,3.0,3.07,3.08,3.0
2018-02-13,3.07,3.08,3.14,3.07
2018-02-14,3.08,3.08,3.11,3.06
2018-02-22,3.09,3.14,3.15,3.09
2018-02-23,3.15,3.21,3.3,3.15
2018-02-26,3.3,3.25,3.3,3.19
2018-02-27,3.24,3.21,3.25,3.2
2018-02-28,3.21,3.22,3.26,3.17
2018-03-01,3.2,3.27,3.3,3.19
2018-03-02,3.24,3.25,3.28,3.22
2018-03-05,3.25,3.24,3.27,3.2
2018-03-06,3.24,3.29,3.3,3.22
2018-03-07,3.3,3.3,3.35,3.28
2018-03-08,3.28,3.36,3.39,3.26
2018-03-09,3.37,3.35,3.38,3.32
2018-03-12,3.35,3.39,3.49,3.34
2018-03-13,3.38,3.33,3.38,3.32
2018-03-14,3.33,3.32,3.36,3.31
2018-03-15,3.33,3.33,3.37,3.31
2018-03-16,3.33,3.28,3.34,3.27
2018-03-19,3.28,3.27,3.3,3.26
2018-03-20,3.25,3.25,3.27,3.23
2018-03-21,3.24,3.24,3.3,3.24
2018-03-22,3.25,3.34,3.39,3.24
2018-03-23,3.26,3.23,3.42,3.19
2018-03-26,3.17,3.11,3.17,3.01
2018-03-27,3.15,3.16,3.19,3.13
2018-03-28,3.1,3.14,3.21,3.09
2018-03-29,3.14,3.2,3.2,3.13
2018-03-30,3.19,3.19,3.22,3.17
2018-04-02,3.22,3.21,3.26,3.19
2018-04-03,3.17,3.14,3.18,3.11
2018-04-04,3.14,3.11,3.16,3.1
2018-04-09,3.1,3.1,3.13,3.05
2018-04-10,3.1,3.11,3.12,3.08
2018-04-11,3.11,3.12,3.14,3.1
2018-04-12,3.1,3.08,3.11,3.07
2018-04-13,3.08,3.06,3.1,3.05
2018-04-16,3.06,3.01,3.08,3.01
2018-04-17,3.02,2.98,3.04,2.98
2018-04-18,3.0,3.0,3.02,2.94
2018-04-19,3.0,3.0,3.02,2.98
2018-04-20,3.0,2.93,3.0,2.93
2018-04-23,2.95,2.95,3.0,2.94
2018-04-24,2.95,2.98,3.01,2.94
2018-04-25,2.98,2.96,2.98,2.93
2018-04-26,2.95,2.9,2.97,2.9
2018-04-27,2.91,2.92,2.93,2.9
2018-05-02,2.92,2.94,2.95,2.91
2018-05-03,2.93,2.94,2.96,2.9
2018-05-04,2.94,2.94,2.95,2.92
2018-05-07,2.94,2.97,2.98,2.93
2018-05-08,2.97,2.99,3.0,2.96
2018-05-09,3.0,2.98,3.0,2.96
2018-05-10,2.97,3.01,3.01,2.97
2018-05-11,3.01,2.98,3.02,2.97
2018-05-14,2.96,2.93,2.98,2.92
2018-05-15,2.94,2.95,2.96,2.92
2018-05-16,2.95,2.87,2.95,2.85
2018-05-17,2.86,2.9,2.96,2.72
2018-05-18,2.88,2.89,2.9,2.87
2018-05-21,2.91,2.92,2.94,2.91
2018-05-22,2.92,2.93,2.94,2.9
2018-05-23,2.93,2.93,2.96,2.91
2018-05-24,2.93,2.94,2.96,2.92
2018-05-25,2.93,2.97,2.97,2.92
