date,open,close,high,low
2016-01-04,5.215,4.742,5.234,4.732
2016-01-05,4.564,4.82,4.88,4.495
2016-01-06,4.85,4.958,4.958,4.791
2016-01-07,4.899,4.515,4.899,4.495
2016-01-08,4.722,4.751,4.85,4.554
2016-01-11,4.692,4.436,4.781,4.426
2016-01-12,4.515,4.456,4.554,4.387
2016-01-13,4.475,4.337,4.515,4.337
2016-01-14,4.229,4.466,4.475,4.17
2016-01-15,4.426,4.258,4.475,4.219
2016-01-18,4.15,4.288,4.357,4.15
2016-01-19,4.268,4.426,4.446,4.239
2016-01-20,4.396,4.367,4.446,4.308
2016-01-21,4.318,4.249,4.426,4.249
2016-01-22,4.288,4.298,4.327,4.15
2016-01-25,4.337,4.377,4.387,4.308
2016-01-26,4.337,4.012,4.347,3.973
2016-01-27,4.042,3.943,4.081,3.716
2016-01-28,3.933,3.785,3.992,3.766
2016-01-29,3.775,3.913,3.963,3.756
2016-02-01,3.904,3.825,3.923,3.746
2016-02-02,3.825,3.923,3.943,3.815
2016-02-03,3.874,3.913,3.933,3.835
2016-02-04,3.913,3.973,3.992,3.913
2016-02-05,3.973,3.933,3.992,3.923
2016-02-15,3.825,3.894,3.923,3.726
2016-02-16,3.904,4.051,4.061,3.904
2016-02-17,4.022,4.071,4.081,4.002
2016-02-18,4.091,4.17,4.288,4.071
2016-02-19,4.111,4.13,4.16,4.071
2016-02-22,4.17,4.219,4.249,4.15
2016-02-23,4.229,4.16,4.229,4.101
2016-02-24,4.14,4.229,4.239,4.101
2016-02-25,4.189,3.825,4.219,3.805
2016-02-26,3.854,3.933,4.042,3.815
2016-02-29,3.973,3.766,3.973,3.618
2016-03-01,3.795,3.884,3.963,3.746
2016-03-02,3.963,4.111,4.13,3.933
2016-03-03,4.091,4.101,4.209,4.061
2016-03-04,4.061,3.992,4.17,3.923
2016-03-07,4.032,4.14,4.15,4.012
2016-03-08,4.14,4.209,4.219,4.002
2016-03-09,4.12,4.042,4.12,3.992
2016-03-10,4.042,3.953,4.081,3.943
2016-03-11,3.923,3.933,3.963,3.874
2016-03-14,3.973,4.051,4.101,3.973
2016-03-15,4.012,4.012,4.061,3.982
2016-03-16,4.032,3.963,4.051,3.943
2016-03-17,3.982,4.081,4.081,3.982
2016-03-18,4.12,4.17,4.189,4.091
2016-03-21,4.189,4.239,4.239,4.17
2016-03-22,4.219,4.189,4.219,4.16
2016-03-23,4.18,4.209,4.229,4.16
2016-03-24,4.189,4.13,4.199,4.12
2016-03-25,4.12,4.16,4.17,4.101
2016-03-28,4.17,4.12,4.199,4.101
2016-03-29,4.12,4.091,4.16,4.061
2016-03-30,4.12,4.219,4.229,4.12
2016-03-31,4.229,4.268,4.268,4.18
2016-04-01,4.268,4.337,4.377,4.189
2016-04-05,4.357,4.396,4.436,4.288
2016-04-06,4.347,4.377,4.387,4.327
2016-04-07,4.367,4.466,4.535,4.278
2016-04-08,4.495,4.357,4.505,4.278
2016-04-11,4.436,4.544,4.564,4.377
2016-04-12,4.505,4.564,4.574,4.426
2016-04-13,4.584,4.623,4.673,4.554
2016-04-14,4.623,4.88,4.929,4.554
2016-04-15,4.771,4.702,4.85,4.673
2016-04-18,4.633,4.554,4.673,4.505
2016-04-19,4.594,4.544,4.604,4.525
2016-04-20,4.564,4.308,4.594,4.16
2016-04-21,4.278,4.308,4.416,4.249
2016-04-22,4.229,4.308,4.327,4.209
2016-04-25,4.268,4.278,4.288,4.189
2016-04-26,4.268,4.357,4.387,4.249
2016-04-27,4.337,4.298,4.396,4.298
2016-04-28,4.288,4.268,4.327,4.17
2016-04-29,4.239,4.239,4.278,4.209
2016-05-03,4.239,4.337,4.347,4.209
2016-05-04,4.318,4.327,4.367,4.298
2016-05-05,4.308,4.337,4.357,4.298
2016-05-06,4.327,4.12,4.347,4.101
2016-05-09,4.101,3.923,4.111,3.864
2016-05-10,3.923,3.904,3.963,3.844
2016-05-11,3.923,3.894,3.943,3.854
2016-05-12,3.864,3.884,3.884,3.785
2016-05-13,3.874,3.844,3.924,3.824
2016-05-16,3.854,3.904,3.904,3.814
2016-05-17,3.953,4.013,4.092,3.934
2016-05-18,3.973,3.864,3.993,3.834
2016-05-19,3.924,3.874,3.943,3.864
2016-05-20,3.874,3.904,3.904,3.824
2016-05-23,3.904,3.934,3.953,3.894
2016-05-24,3.924,3.884,3.924,3.844
2016-05-25,3.904,3.864,3.924,3.854
2016-05-26,3.864,3.894,3.894,3.785
2016-05-27,3.874,3.874,3.904,3.844
2016-05-30,3.854,3.844,3.884,3.814
2016-05-31,3.864,3.973,3.973,3.854
2016-06-01,3.983,3.973,4.003,3.953
2016-06-02,3.963,4.003,4.003,3.943
2016-06-03,3.993,4.033,4.043,3.973
2016-06-06,4.023,4.073,4.132,4.023
2016-06-07,4.063,4.023,4.083,3.993
2016-06-08,4.013,3.993,4.023,3.963
2016-06-13,3.953,3.834,3.963,3.824
2016-06-14,3.834,3.814,3.864,3.775
2016-06-15,3.794,3.904,3.914,3.775
2016-06-16,3.953,3.924,3.993,3.904
2016-06-17,3.914,3.934,3.953,3.874
2016-06-20,3.934,3.934,3.943,3.874
2016-06-21,3.934,3.894,3.963,3.874
2016-06-22,3.884,3.934,3.934,3.874
2016-06-23,3.934,3.924,3.943,3.904
2016-06-24,3.924,3.894,3.963,3.814
2016-06-27,3.884,3.943,3.943,3.854
2016-06-28,3.934,3.983,3.983,3.924
2016-06-29,3.983,3.983,4.013,3.973
2016-06-30,3.993,3.983,4.003,3.963
2016-07-01,3.993,3.983,4.033,3.973
2016-07-04,3.963,4.132,4.152,3.953
2016-07-05,4.152,4.192,4.271,4.142
2016-07-06,4.232,4.232,4.371,4.202
2016-07-07,4.212,4.172,4.212,4.132
2016-07-08,4.152,4.132,4.172,4.132
2016-07-11,4.132,4.142,4.192,4.122
2016-07-12,4.112,4.281,4.301,4.112
2016-07-13,4.291,4.251,4.311,4.212
2016-07-14,4.232,4.232,4.261,4.202
2016-07-15,4.222,4.251,4.281,4.212
2016-07-18,4.222,4.182,4.251,4.162
2016-07-19,4.192,4.241,4.251,4.172
2016-07-20,4.251,4.281,4.351,4.251
2016-07-21,4.261,4.251,4.301,4.232
2016-07-22,4.251,4.172,4.251,4.162
2016-07-25,4.182,4.192,4.222,4.162
2016-07-26,4.202,4.351,4.361,4.192
2016-07-27,4.321,4.132,4.321,4.073
2016-07-28,4.092,4.142,4.162,4.083
2016-07-29,4.152,4.142,4.172,4.122
2016-08-01,4.132,4.023,4.152,3.943
2016-08-02,4.033,4.083,4.112,4.013
2016-08-03,4.073,4.092,4.132,4.063
2016-08-04,4.092,4.102,4.122,4.063
2016-08-05,4.142,4.132,4.182,4.112
2016-08-08,4.132,4.222,4.251,4.102
2016-08-09,4.212,4.222,4.232,4.172
2016-08-10,4.212,4.182,4.251,4.182
2016-08-11,4.172,4.172,4.202,4.122
2016-08-12,4.152,4.222,4.222,4.142
2016-08-15,4.232,4.331,4.44,4.222
2016-08-16,4.341,4.341,4.361,4.281
2016-08-17,4.341,4.39,4.4,4.301
2016-08-18,4.371,4.361,4.4,4.341
2016-08-19,4.351,4.321,4.361,4.281
2016-08-22,4.321,4.311,4.361,4.301
2016-08-23,4.311,4.381,4.41,4.291
2016-08-24,4.39,4.341,4.43,4.331
2016-08-25,4.321,4.261,4.321,4.222
2016-08-26,4.271,4.301,4.331,4.271
2016-08-29,4.301,4.321,4.371,4.281
2016-08-30,4.321,4.331,4.351,4.311
2016-08-31,4.361,4.331,4.371,4.311
2016-09-01,4.321,4.291,4.331,4.281
2016-09-02,4.291,4.291,4.311,4.251
2016-09-05,4.291,4.311,4.331,4.281
2016-09-06,4.311,4.41,4.46,4.291
2016-09-07,4.4,4.371,4.44,4.371
2016-09-08,4.381,4.39,4.41,4.351
2016-09-09,4.39,4.42,4.44,4.381
2016-09-12,4.381,4.549,4.619,4.261
2016-09-13,4.48,4.549,4.609,4.48
2016-09-14,4.529,4.639,4.708,4.529
2016-09-19,4.609,4.639,4.748,4.589
2016-09-20,4.619,4.639,4.718,4.559
2016-09-21,4.599,4.599,4.659,4.569
2016-09-22,4.619,4.629,4.629,4.569
2016-09-23,4.619,4.659,4.708,4.599
2016-09-26,4.649,4.559,4.688,4.5
2016-09-27,4.539,4.708,4.837,4.51
2016-09-28,4.688,4.937,4.947,4.678
2016-09-29,4.927,4.967,5.016,4.857
2016-09-30,4.937,5.016,5.026,4.897
2016-10-10,5.016,5.046,5.056,4.957
2016-10-11,5.076,4.957,5.076,4.927
2016-10-12,4.917,4.986,5.056,4.897
2016-10-13,4.967,4.986,5.016,4.927
2016-10-14,4.976,4.996,5.066,4.947
2016-10-17,4.986,5.016,5.106,4.967
2016-10-18,5.026,5.245,5.245,5.006
2016-10-19,5.235,5.225,5.274,5.175
2016-10-20,5.255,5.354,5.433,5.255
2016-10-21,5.384,5.344,5.414,5.255
2016-10-24,5.344,5.354,5.414,5.314
2016-10-25,5.384,5.354,5.384,5.314
2016-10-26,5.334,5.374,5.404,5.314
2016-10-27,5.374,5.423,5.433,5.324
2016-10-28,5.423,5.106,5.443,5.106
2016-10-31,5.076,5.125,5.145,5.016
2016-11-01,5.125,5.195,5.215,5.086
2016-11-02,5.205,5.046,5.225,5.036
2016-11-03,5.066,5.185,5.185,5.046
2016-11-04,5.185,5.155,5.274,5.046
2016-11-07,5.106,5.106,5.155,5.046
2016-11-08,5.106,5.255,5.354,5.106
2016-11-09,5.205,5.255,5.294,5.116
2016-11-10,5.274,5.274,5.324,5.225
2016-11-11,5.274,5.404,5.503,5.274
2016-11-14,5.374,5.354,5.473,5.314
2016-11-15,5.354,5.334,5.384,5.225
2016-11-16,5.294,5.284,5.354,5.255
2016-11-17,5.274,5.324,5.364,5.265
2016-11-18,5.334,5.294,5.374,5.255
2016-11-21,5.294,5.523,5.533,5.205
2016-11-22,5.513,5.771,5.861,5.463
2016-11-23,5.761,5.761,5.801,5.652
2016-11-24,5.721,5.781,5.95,5.702
2016-11-25,5.771,5.781,5.851,5.563
2016-11-28,5.771,5.702,5.781,5.592
2016-11-29,5.662,5.662,5.731,5.622
2016-11-30,5.662,5.602,5.662,5.503
2016-12-01,5.602,5.592,5.622,5.533
2016-12-02,5.602,5.582,5.622,5.553
2016-12-05,5.563,5.592,5.712,5.374
2016-12-06,5.533,5.791,5.851,5.533
2016-12-07,5.781,5.87,5.88,5.731
2016-12-08,5.851,5.801,5.861,5.741
2016-12-09,5.801,5.811,5.841,5.741
2016-12-12,5.761,5.632,5.811,5.533
2016-12-13,5.602,5.592,5.642,5.443
2016-12-14,5.592,5.572,5.592,5.493
2016-12-15,5.513,5.632,5.731,5.453
2016-12-16,5.602,5.751,5.781,5.563
2016-12-19,5.721,6.029,6.079,5.672
2016-12-20,5.98,6.039,6.079,5.9
2016-12-21,6.049,6.039,6.109,5.97
2016-12-22,6.039,5.95,6.049,5.88
2016-12-23,5.93,5.89,5.95,5.831
2016-12-26,5.821,5.89,5.92,5.781
2016-12-27,5.9,6.029,6.059,5.841
2016-12-28,6.029,6.059,6.208,6.01
2016-12-29,6.01,6.049,6.178,5.94
2016-12-30,6.069,6.168,6.198,6.049
2017-01-03,6.168,6.099,6.178,6.059
2017-01-04,6.079,6.129,6.159,6.029
2017-01-05,6.109,6.168,6.198,6.069
2017-01-06,6.139,6.129,6.168,6.079
2017-01-09,6.109,6.109,6.159,6.029
2017-01-10,6.109,6.248,6.308,6.069
2017-01-11,6.238,6.218,6.238,6.139
2017-01-12,6.198,6.298,6.407,6.188
2017-01-13,6.288,6.198,6.288,6.149
2017-01-16,6.168,5.9,6.168,5.582
2017-01-17,5.861,5.88,5.94,5.702
2017-01-18,5.861,5.88,5.91,5.801
2017-01-19,5.87,5.88,5.93,5.831
2017-01-20,5.88,5.95,5.98,5.791
2017-01-23,5.95,5.96,6.029,5.93
2017-01-24,5.92,5.97,6.0,5.92
2017-01-25,5.96,5.96,5.98,5.92
2017-01-26,5.97,6.258,6.456,5.95
2017-02-03,6.198,6.168,6.218,6.129
2017-02-06,6.178,6.159,6.298,6.049
2017-02-07,6.178,6.129,6.178,6.089
2017-02-08,6.129,6.149,6.159,6.049
2017-02-09,6.159,6.149,6.188,6.119
2017-02-10,6.139,6.258,6.308,6.139
2017-02-13,6.437,6.337,6.496,6.268
2017-02-14,6.298,6.327,6.337,6.258
2017-02-15,6.337,6.238,6.337,6.198
2017-02-16,6.228,6.248,6.268,6.178
2017-02-17,6.238,6.149,6.238,5.98
2017-02-20,6.149,6.168,6.178,6.059
2017-02-21,6.149,6.139,6.188,6.089
2017-02-22,6.139,6.268,6.298,6.119
2017-02-23,6.228,6.268,6.327,6.208
2017-02-24,6.218,6.238,6.278,6.188
2017-02-27,6.238,6.149,6.238,6.059
2017-02-28,6.149,6.099,6.149,6.079
2017-03-01,6.109,6.139,6.168,6.059
2017-03-02,6.159,6.089,6.178,6.069
2017-03-03,6.059,6.109,6.109,5.98
2017-03-06,6.109,6.109,6.168,6.059
2017-03-07,6.089,6.079,6.119,6.039
2017-03-08,6.079,6.099,6.119,6.059
2017-03-09,6.079,6.139,6.139,6.039
2017-03-10,6.089,6.208,6.218,6.089
2017-03-13,6.208,6.258,6.288,6.208
2017-03-14,6.248,6.258,6.278,6.198
2017-03-15,6.268,6.268,6.298,6.198
2017-03-16,6.278,6.268,6.298,6.218
2017-03-17,6.278,6.228,6.298,6.188
2017-03-20,6.228,6.248,6.248,6.159
2017-03-21,6.248,6.337,6.347,6.208
2017-03-22,6.327,6.337,6.347,6.278
2017-03-23,6.308,6.367,6.456,6.198
2017-03-24,6.367,6.337,6.427,6.268
2017-03-27,6.337,6.298,6.337,6.218
2017-03-28,6.278,6.298,6.298,6.228
2017-03-29,6.288,6.268,6.288,6.238
2017-03-30,6.268,6.188,6.268,6.099
2017-03-31,6.178,6.168,6.198,6.119
2017-04-05,6.139,6.298,6.308,6.119
2017-04-06,6.298,6.288,6.327,6.218
2017-04-07,6.268,6.258,6.288,6.228
2017-04-10,6.238,6.129,6.238,6.039
2017-04-11,6.059,5.851,6.109,5.721
2017-04-12,5.831,5.801,5.841,5.682
2017-04-13,5.791,5.831,5.851,5.682
2017-04-14,5.851,5.771,5.88,5.721
2017-04-17,5.761,5.344,5.761,5.195
2017-04-18,5.245,5.096,5.304,5.076
2017-04-19,4.957,4.986,5.036,4.808
2017-04-20,4.986,4.917,5.006,4.818
2017-04-21,4.927,4.857,4.976,4.827
2017-04-24,4.857,4.619,4.887,4.619
2017-04-25,4.629,4.708,4.758,4.619
2017-04-26,4.688,4.768,4.778,4.688
2017-04-27,4.768,4.976,5.006,4.688
2017-04-28,4.986,5.096,5.106,4.947
2017-05-02,5.116,5.046,5.155,5.036
2017-05-03,5.046,4.967,5.066,4.907
2017-05-04,4.967,4.957,5.046,4.917
2017-05-05,4.957,4.847,4.986,4.847
2017-05-08,4.857,4.847,4.907,4.748
2017-05-09,4.847,4.967,4.996,4.788
2017-05-10,4.967,4.897,5.026,4.837
2017-05-11,4.867,4.897,4.897,4.539
2017-05-12,4.857,4.748,4.877,4.728
2017-05-15,4.758,4.559,4.788,4.45
2017-05-16,4.5,4.768,4.768,4.331
2017-05-17,4.669,4.738,4.857,4.609
2017-05-18,4.649,4.629,4.738,4.589
2017-05-19,4.669,4.649,4.728,4.629
2017-05-22,4.629,4.5,4.669,4.48
2017-05-23,4.49,4.52,4.549,4.341
2017-05-24,4.44,4.529,4.559,4.41
2017-05-25,4.539,4.569,4.609,4.47
2017-05-26,4.559,4.529,4.589,4.52
2017-05-31,4.569,4.549,4.599,4.51
2017-06-01,4.539,4.381,4.539,4.381
2017-06-02,4.43,4.45,4.45,4.341
2017-06-05,4.44,4.45,4.5,4.43
2017-06-06,4.42,4.45,4.46,4.42
2017-06-07,4.46,4.59,4.59,4.45
2017-06-08,4.58,4.55,4.58,4.53
2017-06-09,4.55,4.56,4.57,4.53
2017-06-12,4.54,4.51,4.57,4.51
2017-06-13,4.51,4.56,4.57,4.49
2017-06-14,4.56,4.55,4.57,4.53
2017-06-15,4.55,4.61,4.64,4.54
2017-06-16,4.6,4.59,4.64,4.58
2017-06-19,4.61,4.62,4.63,4.59
2017-06-20,4.61,4.64,4.65,4.6
2017-06-21,4.64,4.61,4.64,4.58
2017-06-22,4.61,4.52,4.62,4.51
2017-06-23,4.51,4.52,4.53,4.45
2017-06-26,4.52,4.59,4.61,4.52
2017-06-27,4.6,4.64,4.67,4.59
2017-06-28,4.65,4.6,4.65,4.59
2017-06-29,4.6,4.61,4.64,4.6
2017-06-30,4.6,4.62,4.63,4.57
2017-07-03,4.61,4.75,4.76,4.6
2017-07-04,4.73,4.75,4.77,4.7
2017-07-05,4.75,4.76,4.77,4.72
2017-07-06,4.74,4.82,4.84,4.74
2017-07-07,4.82,4.88,4.88,4.79
2017-07-10,4.86,4.98,5.03,4.84
2017-07-11,4.98,4.82,5.01,4.8
2017-07-12,4.82,4.75,4.84,4.63
2017-07-13,4.75,4.97,4.99,4.72
2017-07-14,4.92,5.0,5.01,4.91
2017-07-17,4.99,4.74,4.99,4.72
2017-07-18,4.7,4.83,4.83,4.69
2017-07-19,4.83,5.05,5.06,4.82
2017-07-20,5.04,5.0,5.07,4.93
2017-07-21,4.97,5.02,5.04,4.95
2017-07-24,4.99,5.09,5.14,4.98
2017-07-25,5.06,5.04,5.11,4.96
2017-07-26,5.03,5.21,5.22,4.97
2017-07-27,5.17,5.19,5.34,5.14
2017-07-28,5.15,5.21,5.29,5.14
2017-07-31,5.19,5.25,5.27,5.16
2017-08-01,5.26,5.18,5.3,5.14
2017-08-02,5.18,5.04,5.19,5.04
2017-08-03,5.03,5.1,5.13,5.02
2017-08-04,5.09,5.19,5.35,5.06
2017-08-07,5.22,5.18,5.22,5.12
2017-08-08,5.19,5.18,5.27,5.14
2017-08-09,5.17,5.18,5.18,5.07
2017-08-10,5.2,5.27,5.31,5.07
2017-08-11,5.17,4.88,5.25,4.87
2017-08-14,4.88,4.96,4.98,4.88
2017-08-15,4.97,4.82,4.97,4.78
2017-08-16,4.82,4.73,4.82,4.7
2017-08-17,4.72,4.76,4.76,4.71
2017-08-18,4.73,4.74,4.76,4.7
2017-08-21,4.74,4.75,4.76,4.72
2017-08-22,4.75,4.66,4.76,4.64
2017-08-23,4.66,4.68,4.7,4.65
2017-08-24,4.69,4.65,4.69,4.63
2017-08-25,4.64,4.7,4.72,4.62
2017-08-28,4.71,4.75,4.75,4.69
2017-08-29,4.76,4.73,4.77,4.72
2017-08-30,4.73,4.74,4.75,4.71
2017-08-31,4.72,4.69,4.73,4.64
2017-09-01,4.69,4.68,4.7,4.64
2017-09-04,4.69,4.67,4.69,4.66
2017-09-05,4.7,4.71,4.72,4.67
2017-09-06,4.71,4.68,4.71,4.65
2017-09-07,4.68,4.68,4.71,4.66
2017-09-08,4.68,4.63,4.7,4.62
2017-09-11,4.62,4.62,4.63,4.58
2017-09-12,4.62,4.53,4.63,4.5
2017-09-13,4.52,4.57,4.57,4.51
2017-09-14,4.57,4.54,4.58,4.51
2017-09-15,4.54,4.53,4.55,4.51
2017-09-18,4.53,4.55,4.56,4.5
2017-09-19,4.55,4.59,4.61,4.54
2017-09-20,4.59,4.61,4.61,4.55
2017-09-21,4.6,4.56,4.6,4.55
2017-09-22,4.55,4.53,4.55,4.51
2017-09-25,4.51,4.45,4.52,4.45
2017-09-26,4.45,4.46,4.48,4.43
2017-09-27,4.45,4.47,4.49,4.44
2017-09-28,4.47,4.42,4.48,4.42
2017-09-29,4.43,4.48,4.49,4.43
2017-10-09,4.49,4.5,4.53,4.49
2017-10-10,4.5,4.55,4.55,4.48
2017-10-11,4.53,4.55,4.56,4.52
2017-10-12,4.55,4.53,4.57,4.52
2017-10-13,4.53,4.56,4.57,4.51
2017-10-16,4.56,4.48,4.58,4.48
2017-10-17,4.44,4.45,4.5,4.44
2017-10-18,4.46,4.44,4.48,4.42
2017-10-19,4.45,4.4,4.47,4.4
2017-10-20,4.4,4.44,4.44,4.38
2017-10-23,4.43,4.45,4.45,4.41
2017-10-24,4.44,4.43,4.44,4.4
2017-10-25,4.41,4.43,4.44,4.41
2017-10-26,4.43,4.46,4.47,4.4
2017-10-27,4.43,4.44,4.45,4.42
2017-10-30,4.43,4.27,4.43,4.24
2017-10-31,4.28,4.35,4.36,4.27
2017-11-01,4.34,4.27,4.34,4.27
2017-11-02,4.29,4.27,4.36,4.25
2017-11-03,4.28,4.22,4.31,4.17
2017-11-06,4.2,4.23,4.26,4.19
2017-11-07,4.24,4.22,4.25,4.2
2017-11-08,4.22,4.26,4.29,4.21
2017-11-09,4.25,4.24,4.27,4.2
2017-11-10,4.23,4.21,4.23,4.21
2017-11-13,4.23,4.17,4.23,4.15
2017-11-14,4.17,4.12,4.18,4.11
2017-11-15,4.11,4.06,4.11,4.0
2017-11-16,4.05,4.06,4.09,4.01
2017-11-17,4.04,3.93,4.05,3.87
2017-11-20,3.88,3.89,3.92,3.85
2017-11-21,3.89,3.91,3.96,3.88
2017-11-22,3.91,3.95,3.95,3.87
2017-11-23,3.92,3.88,3.93,3.88
2017-11-24,3.88,3.98,4.03,3.87
2017-11-27,3.97,4.09,4.1,3.97
2017-11-28,4.09,4.16,4.18,4.06
2017-11-29,4.16,4.11,4.19,4.11
2017-11-30,4.12,4.06,4.14,4.06
2017-12-01,4.07,4.15,4.16,4.06
2017-12-04,4.13,4.08,4.16,4.06
2017-12-05,4.12,4.34,4.38,4.07
2017-12-06,4.26,4.3,4.36,4.26
2017-12-07,4.27,4.38,4.49,4.27
2017-12-08,4.38,4.38,4.42,4.31
2017-12-11,4.38,4.33,4.44,4.31
2017-12-12,4.34,4.26,4.34,4.24
2017-12-13,4.23,4.27,4.29,4.23
2017-12-14,4.25,4.21,4.29,4.2
2017-12-15,4.21,4.41,4.45,4.18
2017-12-18,4.35,4.4,4.42,4.34
2017-12-19,4.4,4.36,4.4,4.33
2017-12-20,4.35,4.38,4.47,4.32
2017-12-21,4.36,4.34,4.4,4.28
2017-12-22,4.35,4.39,4.45,4.31
2017-12-25,4.36,4.36,4.46,4.35
2017-12-26,4.36,4.36,4.42,4.34
2017-12-27,4.41,4.78,4.78,4.41
2017-12-28,4.75,4.6,4.75,4.55
2017-12-29,4.57,4.49,4.68,4.48
2018-01-02,4.48,4.57,4.64,4.45
2018-01-03,4.52,4.53,4.56,4.51
2018-01-04,4.52,4.52,4.59,4.51
2018-01-05,4.52,4.53,4.59,4.5
2018-01-08,4.54,4.62,4.63,4.52
2018-01-09,4.62,4.51,4.62,4.51
2018-01-10,4.5,4.35,4.51,4.33
2018-01-11,4.35,4.39,4.45,4.31
2018-01-12,4.39,4.33,4.39,4.32
2018-01-15,4.33,4.18,4.35,4.17
2018-01-16,4.17,4.19,4.22,4.15
2018-01-17,4.19,4.12,4.19,4.06
2018-01-18,4.11,4.12,4.15,4.1
2018-01-19,4.12,4.13,4.14,4.09
2018-01-22,4.14,4.16,4.19,4.13
2018-01-23,4.16,4.14,4.17,4.14
2018-01-24,4.13,4.14,4.16,4.13
2018-01-25,4.16,4.21,4.24,4.15
2018-01-26,4.2,4.23,4.25,4.19
2018-01-29,4.26,4.13,4.26,4.12
2018-01-30,4.14,4.09,4.18,4.07
2018-01-31,4.02,3.97,4.06,3.9
2018-02-01,3.94,3.86,4.0,3.85
2018-02-02,3.87,3.82,3.88,3.76
2018-02-05,3.81,3.89,4.0,3.78
2018-02-06,3.85,3.79,3.95,3.79
2018-02-07,3.82,3.95,3.96,3.76
2018-02-08,3.92,3.91,3.95,3.89
2018-02-09,3.84,3.79,3.85,3.75
2018-02-12,3.81,3.86,3.89,3.81
2018-02-13,3.86,3.83,3.89,3.83
2018-02-14,3.85,3.83,3.85,3.82
2018-02-22,3.85,3.89,3.91,3.84
2018-02-23,3.9,3.9,3.92,3.88
2018-02-26,3.91,3.93,3.95,3.89
2018-02-27,3.91,3.93,3.94,3.9
2018-02-28,3.92,3.92,3.98,3.91
2018-03-01,3.9,3.94,3.94,3.9
2018-03-02,3.92,3.95,4.01,3.92
2018-03-05,3.92,3.94,3.97,3.92
2018-03-06,3.93,3.96,3.97,3.92
2018-03-07,3.96,3.93,3.97,3.93
2018-03-08,3.95,4.07,4.27,3.93
2018-03-09,4.05,4.06,4.1,4.04
2018-03-12,4.05,4.07,4.1,4.04
2018-03-13,4.06,4.08,4.1,4.06
2018-03-14,4.09,4.08,4.12,4.07
2018-03-15,4.09,4.09,4.09,3.97
2018-03-16,4.08,4.04,4.08,4.03
2018-03-19,4.03,4.02,4.04,4.01
2018-03-20,4.02,3.97,4.02,3.95
2018-03-21,3.98,3.97,4.02,3.97
2018-03-22,4.0,3.96,4.0,3.93
2018-03-23,3.92,3.77,3.92,3.63
2018-03-26,3.7,3.75,3.76,3.65
2018-03-27,3.76,3.8,3.83,3.75
2018-03-28,3.78,3.75,3.78,3.74
2018-03-29,3.74,3.99,4.06,3.74
2018-03-30,3.99,3.93,4.01,3.92
2018-04-02,3.93,3.93,3.99,3.91
2018-04-03,3.91,3.88,3.92,3.86
2018-04-04,3.85,3.95,4.0,3.85
2018-04-09,3.9,3.89,3.94,3.88
2018-04-10,3.88,3.89,3.91,3.86
2018-04-11,3.91,3.9,3.94,3.88
2018-04-12,3.9,3.86,3.9,3.86
2018-04-13,3.83,3.81,3.89,3.81
2018-04-16,3.79,3.81,3.89,3.78
2018-04-17,3.85,3.78,3.86,3.78
2018-04-18,3.8,3.79,3.82,3.76
2018-04-19,3.79,3.79,3.84,3.78
2018-04-20,3.8,3.74,3.82,3.74
2018-04-23,3.74,3.7,3.75,3.68
2018-04-24,3.71,3.74,3.77,3.7
2018-04-25,3.74,3.75,3.76,3.72
2018-04-26,3.74,3.68,3.77,3.67
2018-04-27,3.7,3.69,3.71,3.67
2018-05-02,3.7,3.68,3.73,3.68
2018-05-03,3.68,3.7,3.71,3.67
2018-05-04,3.69,3.7,3.73,3.66
2018-05-07,3.7,3.74,3.78,3.7
2018-05-08,3.74,3.73,3.76,3.72
2018-05-09,3.74,3.69,3.75,3.66
2018-05-10,3.68,3.69,3.7,3.67
2018-05-11,3.7,3.64,3.7,3.63
2018-05-14,3.64,3.63,3.65,3.53
2018-05-15,3.61,3.63,3.63,3.56
2018-05-16,3.61,3.62,3.66,3.58
2018-05-17,3.63,3.68,3.71,3.59
2018-05-18,3.69,3.73,3.85,3.67
2018-05-21,3.73,3.82,3.83,3.7
2018-05-22,3.82,3.77,3.82,3.75
2018-05-23,3.74,3.71,3.8,3.7
2018-05-24,3.72,3.67,3.73,3.67
2018-05-25,3.66,3.62,3.67,3.61
