date,open,close,high,low
2016-04-21,13.68,13.68,13.68,13.68
2016-04-22,15.053,15.053,15.053,15.053
2016-04-25,16.555,16.038,16.555,15.471
2016-04-26,15.899,16.416,16.893,15.66
2016-04-27,16.416,16.724,17.291,16.257
2016-04-28,16.446,16.048,16.685,15.779
2016-04-29,15.998,16.048,16.306,15.749
2016-05-03,16.058,16.346,16.495,15.968
2016-05-04,16.316,16.336,16.356,16.058
2016-05-05,16.376,16.505,16.854,16.137
2016-05-06,16.585,15.55,16.655,15.222
2016-05-09,14.645,14.496,15.073,13.998
2016-05-10,14.237,14.247,14.555,13.829
2016-05-11,14.386,14.207,14.715,14.207
2016-05-12,13.74,13.381,13.779,13.113
2016-05-13,13.381,13.292,13.62,13.252
2016-05-16,13.421,13.889,13.958,13.421
2016-05-17,13.939,13.73,13.988,13.541
2016-05-18,13.431,12.834,13.481,12.685
2016-05-19,12.775,12.814,13.123,12.745
2016-05-20,12.705,13.252,13.282,12.705
2016-05-23,13.282,13.332,13.381,12.934
2016-05-24,13.312,13.401,13.68,13.222
2016-05-25,13.451,13.511,13.6,13.292
2016-05-26,13.481,13.511,13.62,13.133
2016-05-27,13.441,13.62,13.71,13.441
2016-05-30,13.461,13.491,13.67,13.322
2016-05-31,13.491,14.088,14.118,13.431
2016-06-01,14.028,14.157,14.277,13.988
2016-06-02,14.128,14.526,14.625,14.018
2016-06-03,14.466,14.506,14.804,14.257
2016-06-06,14.476,14.725,14.854,14.327
2016-06-07,14.685,14.486,14.725,14.347
2016-06-08,14.446,14.874,14.874,14.187
2016-06-13,14.555,14.396,15.331,14.396
2016-06-14,14.307,14.725,14.764,13.59
2016-06-15,14.456,14.993,15.212,14.426
2016-06-16,15.003,15.142,15.172,14.685
2016-06-17,15.103,15.123,15.421,14.904
2016-06-20,14.585,14.456,14.794,14.148
2016-06-21,14.536,14.068,14.655,13.998
2016-06-22,14.078,14.247,14.267,13.978
2016-06-23,14.227,14.177,14.317,14.118
2016-06-24,14.227,14.157,14.476,13.57
2016-06-27,14.008,14.366,14.386,13.988
2016-06-28,14.307,14.824,14.824,14.187
2016-06-29,14.824,14.824,14.874,14.645
2016-06-30,14.844,14.695,14.844,14.635
2016-07-01,14.695,14.615,14.854,14.585
2016-07-04,14.506,15.192,15.192,14.446
2016-07-05,15.142,15.312,15.381,15.043
2016-07-06,15.212,15.391,15.461,15.142
2016-07-07,15.391,15.252,15.54,15.033
2016-07-08,15.152,15.252,15.371,15.083
2016-07-11,15.172,15.152,15.471,15.093
2016-07-12,15.172,15.063,15.331,14.625
2016-07-13,15.023,15.252,15.341,14.864
2016-07-14,15.142,15.113,15.242,15.033
2016-07-15,15.003,14.953,15.083,14.884
2016-07-18,14.953,14.804,14.953,14.536
2016-07-19,14.804,15.023,15.212,14.715
2016-07-20,14.973,15.023,15.232,14.943
2016-07-21,15.103,15.341,15.491,15.003
2016-07-22,15.341,15.113,15.341,15.033
2016-07-25,15.103,15.242,15.371,15.023
2016-07-26,15.222,15.461,15.471,15.182
2016-07-27,15.411,14.615,15.491,14.555
2016-07-28,14.486,14.197,14.715,14.038
2016-07-29,14.227,14.207,14.327,14.108
2016-08-01,14.207,14.267,14.366,13.531
2016-08-02,14.118,14.217,14.277,14.058
2016-08-03,14.128,14.486,14.545,14.108
2016-08-04,14.486,15.351,15.889,14.486
2016-08-05,15.351,15.073,15.421,14.943
2016-08-08,15.063,15.391,15.779,15.053
2016-08-09,15.491,16.933,16.933,15.491
2016-08-10,17.013,17.202,18.087,16.794
2016-08-11,17.192,17.073,17.351,16.724
2016-08-12,17.212,16.913,17.212,16.734
2016-08-15,17.082,17.003,17.56,16.864
2016-08-16,16.804,18.028,18.565,16.635
2016-08-17,17.64,17.63,18.008,17.391
2016-08-18,17.62,17.64,18.197,17.461
2016-08-19,17.66,17.321,17.849,17.212
2016-08-22,17.212,16.615,17.281,16.595
2016-08-23,16.665,16.565,16.864,16.436
2016-08-24,17.212,16.655,17.351,16.515
2016-08-25,16.665,16.376,16.694,16.137
2016-08-26,16.714,16.675,16.874,16.396
2016-08-29,16.545,16.844,17.013,16.495
2016-08-30,16.983,16.675,17.003,16.565
2016-08-31,16.605,16.913,16.953,16.366
2016-09-01,16.893,16.714,17.003,16.625
2016-09-02,16.615,16.595,16.754,16.306
2016-09-05,16.585,16.386,16.714,16.376
2016-09-06,16.366,16.694,16.764,16.247
2016-09-07,16.734,17.152,17.908,16.714
2016-09-08,17.063,17.262,17.49,16.993
2016-09-09,17.142,17.341,17.55,17.132
2016-09-12,16.923,16.416,16.963,16.406
2016-09-13,16.615,16.884,16.903,16.426
2016-09-14,16.724,17.47,17.61,16.645
2016-09-19,17.461,17.998,17.998,17.222
2016-09-20,17.908,17.898,18.187,17.65
2016-09-21,17.849,17.64,18.286,17.49
2016-09-22,17.759,17.689,17.908,17.52
2016-09-23,17.739,17.779,18.654,17.679
2016-09-26,17.63,16.913,17.699,16.913
2016-09-27,16.665,17.182,17.262,16.665
2016-09-28,17.162,17.451,17.51,17.013
2016-09-29,17.61,17.689,17.709,17.391
2016-09-30,17.789,17.789,18.376,17.66
2016-10-10,17.849,18.127,18.386,17.849
2016-10-11,18.346,19.052,19.062,17.978
2016-10-12,18.804,18.704,19.321,18.505
2016-10-13,18.714,18.804,19.032,18.485
2016-10-14,18.784,18.296,18.804,18.137
2016-10-17,18.207,17.988,18.694,17.928
2016-10-18,18.008,18.853,18.883,17.789
2016-10-19,18.804,19.212,19.45,18.674
2016-10-20,18.953,20.107,20.386,18.953
2016-10-21,19.669,19.679,20.097,19.202
2016-10-24,19.48,19.699,19.978,19.082
2016-10-25,19.55,19.5,19.968,19.381
2016-10-26,19.381,19.988,20.336,19.301
2016-10-27,19.898,19.749,20.356,19.61
2016-10-28,19.699,19.052,19.868,19.003
2016-10-31,18.913,19.152,19.301,18.704
2016-11-01,19.172,19.381,19.43,18.973
2016-11-02,19.291,19.789,20.077,19.142
2016-11-03,19.57,19.918,20.396,19.57
2016-11-04,19.998,19.58,20.197,19.351
2016-11-07,19.52,19.251,19.52,19.003
2016-11-08,19.291,20.047,20.296,19.291
2016-11-09,19.928,20.147,20.336,19.381
2016-11-10,20.177,20.157,20.356,19.938
2016-11-11,20.157,20.007,20.644,19.978
2016-11-14,19.898,20.087,20.157,19.639
2016-11-15,19.978,19.878,20.097,19.729
2016-11-16,19.898,19.938,20.256,19.709
2016-11-17,19.818,20.326,20.485,19.818
2016-11-18,20.445,20.833,21.689,20.286
2016-11-21,21.152,20.465,21.152,20.396
2016-11-22,20.425,20.445,20.833,20.296
2016-11-23,20.396,20.545,21.092,20.396
2016-11-24,20.545,21.281,21.51,20.296
2016-11-25,21.181,20.992,21.271,20.296
2016-11-28,22.863,22.186,23.092,21.888
2016-11-29,21.639,21.201,22.734,21.022
2016-11-30,20.833,20.206,20.843,19.769
2016-12-01,20.157,20.386,20.873,19.908
2016-12-02,20.216,19.301,20.356,19.092
2016-12-05,18.744,18.983,19.351,18.406
2016-12-06,19.202,19.391,19.719,19.013
2016-12-07,19.6,19.659,19.789,19.301
2016-12-08,19.629,19.59,19.888,19.381
2016-12-09,19.42,19.918,20.535,19.42
2016-12-12,19.679,18.087,20.097,18.028
2016-12-13,18.107,18.555,18.764,17.53
2016-12-14,18.555,18.286,18.744,18.256
2016-12-15,18.256,18.445,18.774,17.958
2016-12-16,18.117,18.704,18.853,17.819
2016-12-19,18.445,18.495,18.684,18.237
2016-12-20,18.585,18.515,18.883,18.485
2016-12-21,18.465,18.973,19.172,18.406
2016-12-22,19.013,19.023,19.132,18.774
2016-12-23,19.023,18.834,19.311,18.804
2016-12-26,18.804,18.824,18.883,18.416
2016-12-27,18.853,19.172,19.301,18.804
2016-12-28,19.281,18.863,19.301,18.684
2016-12-29,18.784,18.834,19.182,18.774
2016-12-30,18.834,19.202,19.361,18.834
2017-01-03,19.182,19.261,19.331,19.082
2017-01-04,19.261,19.311,19.381,19.162
2017-01-05,19.261,19.52,19.779,19.132
2017-01-06,18.983,18.674,19.013,18.535
2017-01-09,18.485,18.565,18.804,18.436
2017-01-10,18.704,18.615,18.834,18.555
2017-01-11,18.714,18.057,18.714,18.018
2017-01-12,18.107,18.028,18.256,17.908
2017-01-13,18.028,17.033,18.137,16.943
2017-01-16,16.714,15.899,17.311,15.331
2017-01-17,15.71,16.316,16.466,15.421
2017-01-18,16.267,16.456,16.555,16.177
2017-01-19,16.505,16.257,16.585,16.147
2017-01-20,16.197,16.346,16.495,16.068
2017-01-23,16.217,16.764,16.854,16.177
2017-01-24,16.645,17.013,17.172,16.645
2017-01-25,17.023,16.824,17.023,16.665
2017-01-26,16.893,17.192,17.381,16.814
2017-02-03,17.202,17.232,17.49,17.202
2017-02-06,17.351,17.202,17.351,17.112
2017-02-07,17.202,17.311,17.411,17.162
2017-02-08,17.222,17.232,17.331,16.913
2017-02-09,17.172,17.351,17.371,17.162
2017-02-10,17.381,17.281,17.709,17.212
2017-02-13,17.112,17.51,17.61,16.933
2017-02-14,17.51,17.351,17.51,17.242
2017-02-15,17.222,17.262,17.48,17.212
2017-02-16,17.54,17.371,17.54,17.152
2017-02-17,17.371,17.212,17.47,17.162
2017-02-20,17.162,17.411,17.5,17.122
2017-02-21,17.411,17.54,17.54,17.321
2017-02-22,17.53,17.291,17.54,17.262
2017-02-23,17.5,17.48,17.57,17.272
2017-02-24,17.361,17.57,17.849,17.361
2017-02-27,17.57,17.65,17.689,17.361
2017-02-28,17.59,17.5,17.65,17.371
2017-03-01,17.709,17.958,18.077,17.431
2017-03-02,17.868,17.819,18.187,17.779
2017-03-03,17.719,17.888,18.057,17.719
2017-03-06,17.859,18.834,18.853,17.759
2017-03-07,18.744,18.863,19.251,18.356
2017-03-08,18.774,18.227,18.774,18.067
2017-03-09,18.237,18.167,18.605,18.038
2017-03-10,18.207,18.276,18.585,18.097
2017-03-13,18.276,18.107,18.306,17.59
2017-03-14,18.286,18.028,18.286,17.908
2017-03-15,18.077,17.779,18.077,17.699
2017-03-16,17.839,17.958,18.057,17.799
2017-03-17,18.187,17.779,18.187,17.709
2017-03-20,17.789,17.908,17.978,17.62
2017-03-21,17.928,17.839,18.008,17.749
2017-03-22,18.057,17.699,18.057,17.62
2017-03-23,17.839,17.242,17.898,17.013
2017-03-24,17.252,17.411,17.47,17.142
2017-03-27,17.421,17.381,17.66,16.933
2017-03-28,17.301,17.122,17.411,17.073
2017-03-29,17.162,17.311,18.804,17.162
2017-03-30,17.291,16.346,17.291,15.918
2017-03-31,16.316,17.013,17.411,15.968
2017-04-05,16.834,16.784,16.983,16.316
2017-04-06,16.784,16.814,16.973,16.535
2017-04-07,16.814,16.774,16.814,16.495
2017-04-10,16.734,16.446,17.162,16.326
2017-04-11,16.297,16.515,16.565,16.217
2017-04-12,16.744,16.187,16.744,16.018
2017-04-13,16.117,16.088,16.277,15.918
2017-04-14,16.326,15.56,16.326,15.441
2017-04-17,15.222,15.272,15.839,15.222
2017-04-18,15.272,15.361,15.52,14.943
2017-04-19,15.421,14.496,15.441,13.919
2017-04-20,14.426,14.386,14.456,13.988
2017-04-21,14.764,14.327,14.794,14.327
2017-04-24,14.337,13.779,14.446,13.769
2017-04-25,13.65,13.68,13.968,13.501
2017-04-26,13.68,13.769,13.869,13.58
2017-04-27,13.809,14.018,14.038,13.163
2017-04-28,13.929,14.605,14.874,13.75
2017-05-02,14.545,14.406,14.655,14.297
2017-05-03,14.396,14.456,14.725,14.257
2017-05-04,14.426,14.506,14.705,14.376
2017-05-05,14.655,14.048,14.655,13.949
2017-05-08,13.809,13.561,13.998,13.561
2017-05-09,13.511,13.63,13.76,13.103
2017-05-10,13.58,13.6,13.958,13.491
2017-05-11,13.431,13.789,13.968,12.824
2017-05-12,13.7,13.769,13.799,13.431
2017-05-15,13.62,13.67,13.909,13.6
2017-05-16,13.68,13.909,14.008,13.491
2017-05-17,13.859,14.128,14.207,13.829
2017-05-18,14.028,14.337,14.466,13.939
2017-05-19,14.237,14.088,14.416,14.028
2017-05-22,13.919,13.829,14.078,13.829
2017-05-23,13.799,13.839,13.849,13.302
2017-05-24,13.789,13.919,13.978,13.461
2017-05-25,13.919,13.958,14.008,13.73
2017-05-26,14.028,13.789,14.068,13.769
2017-05-31,13.849,13.72,14.008,13.72
2017-06-01,13.6,13.332,13.769,13.153
2017-06-02,13.232,13.312,13.401,12.884
2017-06-05,13.332,13.461,13.69,13.302
2017-06-06,13.401,13.431,13.57,13.182
2017-06-07,13.362,13.75,13.809,13.242
2017-06-08,13.69,13.829,13.978,13.69
2017-06-09,13.829,14.038,14.068,13.531
2017-06-12,14.038,13.869,14.038,13.73
2017-06-13,13.869,14.008,14.058,13.68
2017-06-14,14.108,14.048,14.108,13.829
2017-06-15,13.968,14.376,14.784,13.929
2017-06-16,14.327,14.227,14.337,14.138
2017-06-19,14.148,14.118,14.217,14.028
2017-06-20,14.177,14.167,14.317,14.108
2017-06-21,14.128,13.879,14.197,13.799
2017-06-22,13.879,13.779,13.899,13.481
2017-06-23,13.68,13.64,13.76,13.441
2017-06-26,13.66,13.98,14.02,13.52
2017-06-27,13.98,13.99,14.1,13.88
2017-06-28,13.99,13.91,13.99,13.82
2017-06-29,13.98,13.96,14.2,13.91
2017-06-30,13.9,13.91,13.99,13.82
2017-07-03,13.85,13.87,13.97,13.77
2017-07-04,13.87,13.76,13.88,13.71
2017-07-05,13.75,13.81,13.85,13.74
2017-07-06,13.81,13.69,13.84,13.59
2017-07-07,13.68,13.81,13.86,13.6
2017-07-10,13.78,13.88,14.01,13.64
2017-07-11,13.8,13.81,13.95,13.8
2017-07-12,13.88,13.42,13.89,13.31
2017-07-13,13.33,13.42,13.5,13.33
2017-07-14,13.41,13.49,13.55,13.33
2017-07-17,13.37,12.99,14.0,12.14
2017-07-18,12.81,13.12,13.16,12.7
2017-07-19,13.16,13.19,13.37,12.82
2017-07-20,13.19,13.28,13.4,13.11
2017-07-21,13.18,13.08,13.33,13.02
2017-07-24,13.22,13.06,13.22,13.03
2017-07-25,13.1,13.1,13.13,12.95
2017-07-26,13.02,13.01,13.11,12.91
2017-07-27,13.01,13.28,13.39,12.96
2017-07-28,13.28,13.23,13.54,13.19
2017-07-31,13.23,13.05,13.3,12.96
2017-08-01,13.1,13.05,13.1,12.9
2017-08-02,13.01,12.86,13.04,12.82
2017-08-03,12.76,12.89,12.97,12.73
2017-08-04,12.91,12.78,12.98,12.78
2017-08-07,12.78,12.88,12.95,12.73
2017-08-08,12.82,12.89,12.93,12.8
2017-08-09,12.88,13.15,13.26,12.84
2017-08-10,13.18,13.42,13.53,13.05
2017-08-11,13.46,14.07,14.2,13.33
2017-08-14,14.08,14.15,14.44,13.73
2017-08-15,14.1,13.8,14.1,13.74
2017-08-16,13.79,13.84,13.85,13.61
2017-08-17,13.9,13.7,13.9,13.69
2017-08-18,13.65,13.5,13.65,13.42
2017-08-21,13.5,13.58,13.6,13.45
2017-08-22,13.6,13.55,13.6,13.43
2017-08-23,13.47,13.5,13.64,13.43
2017-08-24,13.6,13.38,13.62,13.33
2017-08-25,13.39,13.52,13.57,13.39
2017-08-28,13.5,13.62,13.72,13.5
2017-08-29,13.68,13.53,13.73,13.52
2017-08-30,13.53,13.48,13.57,13.43
2017-08-31,13.53,13.41,13.53,13.38
2017-09-01,13.45,13.49,13.52,13.35
2017-09-04,13.42,13.45,13.5,13.38
2017-09-05,13.47,13.56,13.56,13.41
2017-09-06,13.55,14.0,14.22,13.42
2017-09-07,13.92,13.73,13.93,13.66
2017-09-08,13.63,13.64,13.79,13.62
2017-09-11,13.54,13.77,13.78,13.54
2017-09-12,13.75,13.63,13.77,13.56
2017-09-13,13.56,13.79,13.87,13.56
2017-09-14,13.68,13.61,13.77,13.42
2017-09-15,13.63,13.37,13.63,13.35
2017-09-18,13.36,13.44,13.51,13.33
2017-09-19,13.49,13.42,13.49,13.33
2017-09-20,13.36,13.47,13.5,13.36
2017-09-21,13.46,13.31,13.47,13.31
2017-09-22,13.26,13.2,13.35,13.19
2017-09-25,13.19,12.97,13.23,12.92
2017-09-26,12.92,12.88,13.05,12.83
2017-09-27,12.97,13.16,13.24,12.88
2017-09-28,13.16,13.05,13.25,12.95
2017-09-29,13.1,12.93,13.1,12.79
2017-10-09,12.96,13.02,13.07,12.91
2017-10-10,13.07,13.7,13.7,13.02
2017-10-11,14.19,13.68,14.19,13.52
2017-10-12,13.41,13.21,13.49,13.06
2017-10-13,13.23,13.23,13.29,13.09
2017-10-16,13.22,12.96,13.26,12.96
2017-10-17,12.85,12.92,13.05,12.82
2017-10-18,12.9,12.6,12.95,12.55
2017-10-19,12.6,12.41,12.67,12.34
2017-10-20,12.32,12.49,12.58,12.32
2017-10-23,12.47,12.8,12.96,12.38
2017-10-24,12.62,12.46,12.69,12.42
2017-10-25,12.48,12.51,12.61,12.46
2017-10-26,12.52,12.87,12.88,12.5
2017-10-27,12.8,12.88,12.95,12.75
2017-10-30,12.77,12.6,13.07,12.5
2017-10-31,12.6,12.69,12.72,12.5
2017-11-01,12.62,12.49,12.72,12.45
2017-11-02,12.37,12.44,12.5,12.3
2017-11-03,12.37,12.23,12.42,12.18
2017-11-06,12.23,12.17,12.28,11.74
2017-11-07,12.29,12.3,12.3,11.89
2017-11-08,12.39,12.37,12.47,12.24
2017-11-09,12.3,12.46,12.47,12.2
2017-11-10,12.42,12.51,12.69,12.38
2017-11-13,12.49,12.53,12.64,12.43
2017-11-14,12.5,12.45,12.59,12.0
2017-11-15,12.29,12.26,12.56,12.23
2017-11-16,12.23,12.2,12.32,12.2
2017-11-17,12.2,11.56,12.22,11.38
2017-11-20,11.5,11.15,11.57,10.4
2017-11-21,10.9,10.95,11.14,10.75
2017-11-22,10.83,11.15,11.2,10.77
2017-11-23,11.05,11.7,12.25,10.95
2017-11-24,11.6,11.9,11.92,11.37
2017-11-27,11.8,11.9,11.9,11.54
2017-11-28,11.73,12.08,12.2,11.68
2017-11-29,12.08,12.1,12.16,11.88
2017-11-30,12.05,12.0,12.38,11.92
2017-12-01,11.88,11.81,12.1,11.77
2017-12-04,11.76,12.18,12.21,11.53
2017-12-05,12.5,12.33,12.5,11.97
2017-12-06,12.29,12.32,12.32,11.88
2017-12-07,12.19,12.12,12.33,12.09
2017-12-08,12.12,12.04,12.14,12.02
2017-12-11,12.0,11.95,12.1,11.88
2017-12-12,12.19,11.86,12.19,11.66
2017-12-13,11.79,11.95,11.96,11.64
2017-12-14,11.9,11.83,11.95,11.68
2017-12-15,11.82,11.67,11.82,11.52
2017-12-18,11.62,11.6,11.67,11.4
2017-12-19,11.55,11.8,11.81,11.45
2017-12-20,11.71,11.9,12.1,11.65
2017-12-21,12.15,12.21,12.26,11.77
2017-12-22,12.22,12.2,12.4,12.03
2017-12-25,12.12,11.96,12.17,11.73
2017-12-26,11.87,11.86,11.94,11.72
2017-12-27,12.01,11.8,12.01,11.53
2017-12-28,11.99,11.85,11.99,11.7
2017-12-29,11.8,11.93,12.11,11.43
2018-01-02,11.83,11.9,11.9,11.74
2018-01-03,11.83,11.87,11.98,11.77
2018-01-04,11.81,11.95,12.05,11.78
2018-01-05,12.18,12.12,12.34,12.05
2018-01-08,11.9,12.07,12.42,11.7
2018-01-09,11.99,11.9,12.14,11.89
2018-01-10,11.86,11.87,11.96,11.62
2018-01-11,11.8,11.85,11.9,11.74
2018-01-12,11.76,11.84,11.87,11.72
2018-01-15,11.81,11.75,11.81,11.54
2018-01-16,11.8,11.96,12.1,11.7
2018-01-17,11.9,11.83,11.9,11.41
2018-01-18,11.64,11.76,11.77,11.6
2018-01-19,11.95,11.78,11.95,11.61
2018-01-22,11.64,11.77,11.83,11.54
2018-01-23,11.54,11.64,11.74,11.5
2018-01-24,11.56,11.55,11.58,11.5
2018-01-25,11.5,11.5,11.54,11.41
2018-01-26,11.47,11.49,11.63,11.32
2018-01-29,11.39,11.44,11.45,11.18
2018-01-30,11.36,11.42,11.42,11.26
2018-01-31,11.38,11.5,11.58,11.16
2018-02-01,11.37,11.32,11.49,11.13
2018-02-02,11.16,11.18,11.2,10.82
2018-02-05,10.9,10.75,11.2,10.75
2018-02-06,10.64,10.33,10.68,9.68
2018-02-07,10.01,9.3,10.16,9.3
2018-02-08,8.37,8.37,8.37,8.37
2018-02-09,7.53,7.87,8.27,7.53
2018-02-12,7.5,7.72,7.85,7.39
2018-02-13,7.74,7.78,7.94,7.73
2018-02-14,7.69,7.79,7.82,7.62
2018-02-22,7.77,7.85,7.9,7.76
2018-02-23,7.85,8.01,8.13,7.81
2018-02-26,8.01,8.27,8.33,7.96
2018-02-27,8.27,8.33,8.37,8.16
2018-02-28,8.25,8.3,8.42,8.2
2018-03-01,8.7,8.48,8.72,8.36
2018-03-02,8.38,8.3,8.44,8.3
2018-03-05,8.32,8.39,8.42,8.29
2018-03-06,8.38,8.43,8.49,8.29
2018-03-07,8.43,8.37,8.48,8.35
2018-03-08,8.38,8.47,8.48,8.35
2018-03-09,8.48,8.65,8.67,8.42
2018-03-12,8.69,8.97,8.98,8.62
2018-03-13,8.99,8.83,9.02,8.76
2018-03-14,8.81,8.81,8.94,8.78
2018-03-15,8.69,8.6,8.76,8.43
2018-03-16,8.6,8.71,8.76,8.56
2018-03-19,8.65,8.72,8.75,8.58
2018-03-20,8.69,8.86,8.89,8.6
2018-03-21,8.87,9.04,9.15,8.82
2018-03-22,9.0,9.08,9.22,8.86
2018-03-23,8.9,8.64,9.13,8.51
2018-03-26,8.41,8.57,8.61,8.12
2018-03-27,8.69,8.98,8.98,8.66
2018-03-28,8.9,8.88,9.05,8.8
2018-03-29,8.92,9.15,9.29,8.92
2018-03-30,9.15,9.3,9.61,9.08
2018-04-02,9.12,9.01,9.18,9.0
2018-04-03,8.9,8.8,8.92,8.71
2018-04-04,8.83,8.71,8.95,8.7
2018-04-09,8.69,8.66,8.76,8.58
2018-04-10,8.66,8.68,8.74,8.58
2018-04-11,8.73,8.81,8.82,8.67
2018-04-12,8.72,8.76,8.85,8.72
2018-04-13,8.78,8.64,8.82,8.63
2018-04-16,8.5,8.42,8.57,8.27
2018-04-17,8.38,7.95,8.41,7.92
2018-04-18,8.0,7.95,8.0,7.65
2018-04-19,7.93,7.9,8.02,7.84
2018-04-20,7.85,7.71,7.99,7.71
2018-04-23,7.71,7.7,7.73,7.5
2018-04-24,7.68,7.85,7.87,7.65
2018-04-25,7.83,7.91,7.96,7.8
2018-04-26,7.91,7.72,7.99,7.72
2018-04-27,7.75,7.82,7.89,7.75
2018-05-02,7.84,7.7,7.95,7.62
2018-05-03,7.72,7.79,7.81,7.56
2018-05-04,7.77,7.77,7.85,7.66
2018-05-07,7.76,8.05,8.07,7.76
2018-05-08,8.03,8.09,8.1,7.99
2018-05-09,8.09,8.17,8.18,8.03
2018-05-10,8.15,8.2,8.32,8.11
2018-05-11,8.22,8.09,8.25,8.06
2018-05-14,8.07,8.07,8.14,7.99
2018-05-15,8.09,8.25,8.28,8.03
2018-05-16,8.24,8.44,8.73,8.19
2018-05-17,8.35,8.43,8.57,8.31
2018-05-18,8.36,8.48,8.5,8.36
2018-05-21,8.48,8.59,8.63,8.48
2018-05-22,8.59,8.59,8.61,8.51
2018-05-23,8.64,8.58,8.64,8.55
2018-05-24,8.57,8.65,8.65,8.53
2018-05-25,8.62,8.58,8.82,8.58
