date,open,close,high,low
2016-01-04,18.901,17.328,18.958,17.318
2016-01-05,17.223,17.595,17.776,16.937
2016-01-06,17.585,18.053,18.053,17.538
2016-01-07,17.843,16.517,17.852,16.489
2016-01-08,17.042,17.08,17.271,16.517
2016-01-11,16.88,15.983,17.004,15.831
2016-01-12,16.05,16.269,16.365,15.954
2016-01-13,16.403,15.754,16.441,15.64
2016-01-14,15.392,16.174,16.365,15.306
2016-01-15,16.098,15.344,16.26,15.258
2016-01-18,15.239,15.277,15.64,15.02
2016-01-19,15.316,15.821,15.831,15.192
2016-01-20,15.716,15.859,16.164,15.44
2016-01-21,15.592,15.125,15.916,15.068
2016-01-22,15.258,15.211,15.344,14.925
2016-01-25,15.306,15.344,15.564,15.182
2016-01-26,15.192,14.419,15.23,14.238
2016-01-27,14.648,14.839,15.115,13.837
2016-01-28,14.667,14.677,15.115,14.61
2016-01-29,14.591,15.163,15.287,14.505
2016-02-01,15.258,14.972,15.258,14.877
2016-02-02,14.972,15.43,15.611,14.925
2016-02-03,15.287,15.487,15.544,15.192
2016-02-04,15.487,15.63,15.716,15.43
2016-02-05,15.668,15.258,15.726,15.239
2016-02-15,14.925,15.22,15.344,14.734
2016-02-16,15.335,15.659,15.773,15.22
2016-02-17,15.64,15.783,15.831,15.564
2016-02-18,15.821,15.64,15.983,15.564
2016-02-19,16.031,16.25,16.546,16.002
2016-02-22,16.288,16.384,16.469,16.222
2016-02-23,16.365,16.231,16.489,16.031
2016-02-24,16.126,16.355,16.527,16.05
2016-02-25,16.307,15.277,16.374,15.125
2016-02-26,15.449,15.878,15.993,15.401
2016-02-29,15.821,15.039,15.859,14.829
2016-03-01,15.115,15.134,15.306,14.934
2016-03-02,15.201,15.802,15.811,15.201
2016-03-03,15.783,15.802,15.983,15.707
2016-03-04,15.773,15.44,15.811,15.163
2016-03-07,15.449,15.611,15.697,15.316
2016-03-08,15.583,15.506,15.592,15.039
2016-03-09,15.258,15.058,15.335,15.001
2016-03-10,15.068,14.905,15.182,14.848
2016-03-11,14.848,14.991,15.068,14.801
2016-03-14,15.134,15.449,15.621,15.087
2016-03-15,15.382,15.306,15.44,15.144
2016-03-16,15.344,15.239,15.497,15.163
2016-03-17,15.23,15.592,15.592,15.23
2016-03-18,15.583,15.993,16.002,15.544
2016-03-21,16.05,16.336,16.431,15.983
2016-03-22,16.336,16.269,16.431,16.202
2016-03-23,16.222,16.269,16.345,16.078
2016-03-24,16.193,15.926,16.193,15.916
2016-03-25,15.974,16.145,16.183,15.926
2016-03-28,16.241,16.117,16.45,16.107
2016-03-29,16.126,16.355,16.689,16.078
2016-03-30,16.403,17.375,17.423,16.403
2016-03-31,17.366,17.127,17.509,17.023
2016-04-01,16.956,17.375,17.461,16.822
2016-04-05,17.48,17.604,17.709,17.299
2016-04-06,17.604,17.652,17.7,17.461
2016-04-07,17.681,17.108,17.681,17.07
2016-04-08,17.013,17.089,17.204,16.813
2016-04-11,17.204,17.328,17.452,17.156
2016-04-12,17.309,17.08,17.49,17.004
2016-04-13,17.242,17.671,17.709,17.185
2016-04-14,17.795,17.986,18.033,17.48
2016-04-15,17.929,17.671,18.053,17.576
2016-04-18,17.642,17.547,17.747,17.452
2016-04-19,17.585,17.566,17.69,17.423
2016-04-20,17.547,16.927,17.671,16.469
2016-04-21,16.822,16.689,17.013,16.67
2016-04-22,16.689,16.736,16.794,16.412
2016-04-25,16.756,17.166,17.223,16.508
2016-04-26,17.232,17.328,17.404,17.07
2016-04-27,17.337,17.271,17.48,17.118
2016-04-28,17.309,17.728,17.766,17.261
2016-04-29,17.547,17.719,18.053,17.538
2016-05-03,17.776,18.024,18.024,17.576
2016-05-04,17.976,17.595,18.081,17.585
2016-05-05,17.614,17.642,17.776,17.499
2016-05-06,17.652,17.175,17.9,17.147
2016-05-09,17.147,17.07,17.518,16.908
2016-05-10,17.061,17.032,17.271,16.88
2016-05-11,17.08,18.1,18.463,16.975
2016-05-12,18.11,19.912,19.912,18.024
2016-05-13,19.788,19.826,20.027,19.14
2016-05-16,19.578,19.55,19.607,19.092
2016-05-17,19.55,18.949,19.826,18.882
2016-05-18,18.834,18.262,18.834,18.014
2016-05-19,18.243,18.377,18.739,18.215
2016-05-20,18.196,18.625,18.672,18.043
2016-05-23,18.691,18.787,19.025,18.501
2016-05-24,18.73,18.053,18.73,18.024
2016-05-25,18.196,18.148,18.281,17.967
2016-05-26,18.215,17.929,18.281,17.566
2016-05-27,17.938,18.405,18.558,17.852
2016-05-30,18.215,18.453,18.644,18.138
2016-05-31,18.491,18.93,18.968,18.396
2016-06-01,18.873,18.701,19.092,18.653
2016-06-02,18.691,18.825,18.92,18.596
2016-06-03,19.025,19.054,19.159,18.701
2016-06-06,18.978,19.235,19.407,18.978
2016-06-07,19.235,19.073,19.34,18.882
2016-06-08,18.834,18.901,19.159,18.749
2016-06-13,18.701,18.501,19.245,18.453
2016-06-14,18.548,18.272,18.691,18.215
2016-06-15,18.389,18.791,18.801,18.223
2016-06-16,18.762,18.409,18.781,18.321
2016-06-17,18.38,18.399,18.683,18.292
2016-06-20,18.507,18.899,18.899,18.409
2016-06-21,18.967,19.408,19.76,18.967
2016-06-22,19.222,19.418,19.653,19.222
2016-06-23,19.427,19.271,19.77,19.192
2016-06-24,19.28,18.654,19.339,18.233
2016-06-27,18.664,18.918,19.143,18.664
2016-06-28,18.948,18.879,18.987,18.556
2016-06-29,18.987,18.997,19.232,18.889
2016-06-30,19.055,18.83,19.065,18.762
2016-07-01,18.948,19.114,19.134,18.82
2016-07-04,19.143,19.496,19.555,18.948
2016-07-05,19.545,19.339,19.653,19.32
2016-07-06,19.3,19.633,19.976,19.261
2016-07-07,19.574,19.437,19.633,19.378
2016-07-08,19.476,19.349,19.545,19.32
2016-07-11,19.339,19.388,19.878,19.339
2016-07-12,19.437,19.986,20.034,19.408
2016-07-13,20.005,20.367,20.563,19.878
2016-07-14,20.348,19.986,20.348,19.809
2016-07-15,20.034,19.643,20.034,19.574
2016-07-18,19.682,19.633,19.829,19.506
2016-07-19,19.721,19.682,20.074,19.604
2016-07-20,19.682,19.692,19.799,19.437
2016-07-21,19.711,19.78,19.907,19.535
2016-07-22,19.731,20.044,20.123,19.623
2016-07-25,20.005,20.064,20.123,19.819
2016-07-26,20.064,20.191,20.221,19.937
2016-07-27,20.181,19.78,20.661,19.486
2016-07-28,19.682,19.418,19.731,19.261
2016-07-29,19.476,19.447,19.584,19.369
2016-08-01,19.418,19.604,19.751,19.192
2016-08-02,19.594,19.799,19.848,19.506
2016-08-03,19.711,19.682,19.829,19.604
2016-08-04,19.653,19.633,19.721,19.467
2016-08-05,19.633,18.987,19.682,18.948
2016-08-08,18.997,19.222,19.232,18.82
2016-08-09,19.241,19.212,19.29,18.977
2016-08-10,19.241,19.535,19.692,19.202
2016-08-11,19.486,19.036,19.486,19.006
2016-08-12,19.036,19.467,19.535,18.997
2016-08-15,19.388,19.721,19.809,19.388
2016-08-16,19.662,19.613,19.848,19.584
2016-08-17,19.633,19.545,19.682,19.486
2016-08-18,19.545,19.467,19.633,19.447
2016-08-19,19.437,19.476,19.555,19.398
2016-08-22,19.457,19.065,19.457,18.997
2016-08-23,19.006,19.006,19.163,18.918
2016-08-24,19.016,19.016,19.124,18.967
2016-08-25,19.006,18.762,19.006,18.458
2016-08-26,18.742,18.859,19.085,18.742
2016-08-29,18.869,18.85,18.977,18.752
2016-08-30,18.879,18.928,18.987,18.713
2016-08-31,18.928,18.977,18.987,18.84
2016-09-01,18.977,18.732,18.987,18.732
2016-09-02,18.732,18.536,18.732,18.223
2016-09-05,18.458,18.595,18.624,18.35
2016-09-06,18.487,18.85,18.899,18.438
2016-09-07,18.82,18.85,18.899,18.713
2016-09-08,18.83,18.615,18.859,18.566
2016-09-09,18.585,18.546,18.771,18.546
2016-09-12,18.311,18.252,18.429,18.203
2016-09-13,18.272,18.164,18.35,18.115
2016-09-14,18.105,18.008,18.184,17.919
2016-09-19,18.066,18.233,18.301,18.037
2016-09-20,18.203,18.252,18.34,17.919
2016-09-21,18.282,18.203,18.301,18.115
2016-09-22,18.262,18.282,18.409,18.213
2016-09-23,18.282,18.331,18.37,18.233
2016-09-26,18.331,17.821,18.331,17.782
2016-09-27,17.87,17.978,18.105,17.773
2016-09-28,17.978,18.056,18.282,17.88
2016-09-29,18.017,18.086,18.213,17.988
2016-09-30,18.174,18.066,18.184,17.998
2016-10-10,17.919,17.939,17.988,17.489
2016-10-11,17.919,18.233,18.35,17.841
2016-10-12,18.135,18.282,18.37,18.086
2016-10-13,18.311,18.262,18.331,18.194
2016-10-14,17.724,16.97,17.724,16.891
2016-10-17,16.803,16.803,17.028,16.764
2016-10-18,16.823,16.911,16.96,16.744
2016-10-19,16.999,16.95,17.019,16.842
2016-10-20,16.95,16.96,16.999,16.872
2016-10-21,16.989,16.891,17.048,16.744
2016-10-24,16.901,16.93,16.999,16.872
2016-10-25,16.852,16.862,16.901,16.774
2016-10-26,16.911,16.813,16.921,16.784
2016-10-27,16.823,16.891,16.921,16.784
2016-10-28,16.93,16.842,16.97,16.823
2016-10-31,16.784,16.695,16.872,16.666
2016-11-01,16.774,16.793,16.823,16.705
2016-11-02,16.793,16.588,16.793,16.549
2016-11-03,16.568,16.607,16.705,16.48
2016-11-04,16.607,16.568,16.676,16.519
2016-11-07,16.568,16.539,16.637,16.5
2016-11-08,16.597,16.597,16.627,16.519
2016-11-09,16.568,16.597,16.725,16.441
2016-11-10,16.715,16.744,16.744,16.646
2016-11-11,16.774,16.901,16.95,16.705
2016-11-14,16.921,16.862,16.979,16.754
2016-11-15,16.872,16.823,16.881,16.744
2016-11-16,16.842,16.823,16.852,16.754
2016-11-17,16.852,16.872,16.872,16.764
2016-11-18,16.872,16.764,16.96,16.754
2016-11-21,16.784,16.695,16.813,16.637
2016-11-22,16.666,16.793,16.832,16.666
2016-11-23,16.842,16.774,16.891,16.686
2016-11-24,16.793,17.185,17.391,16.774
2016-11-25,17.038,16.979,17.116,16.637
2016-11-28,17.009,17.244,17.459,16.872
2016-11-29,17.244,17.185,17.371,17.126
2016-11-30,17.146,16.979,17.224,16.862
2016-12-01,16.989,16.96,17.068,16.832
2016-12-02,16.93,16.784,17.116,16.784
2016-12-05,16.695,16.245,16.695,16.157
2016-12-06,16.304,16.284,16.323,16.167
2016-12-07,16.274,16.274,16.304,16.147
2016-12-08,16.274,16.314,16.362,16.265
2016-12-09,16.323,16.304,16.362,16.186
2016-12-12,16.353,15.55,16.353,15.471
2016-12-13,15.56,15.56,15.599,15.383
2016-12-14,15.55,15.716,15.863,15.501
2016-12-15,15.706,15.824,16.147,15.608
2016-12-16,15.824,15.844,15.892,15.697
2016-12-19,15.824,15.961,16.362,15.824
2016-12-20,15.726,15.892,16.127,15.716
2016-12-21,15.824,16.137,16.206,15.824
2016-12-22,16.069,16.343,16.49,16.069
2016-12-23,16.304,16.176,16.46,16.157
2016-12-26,16.225,16.137,16.225,15.873
2016-12-27,16.039,16.079,16.157,15.961
2016-12-28,16.079,15.971,16.245,15.971
2016-12-29,16.0,15.961,16.118,15.932
2016-12-30,15.981,16.059,16.147,15.941
2017-01-03,16.118,16.265,16.284,16.02
2017-01-04,16.274,16.343,16.372,16.137
2017-01-05,16.343,16.568,16.617,16.323
2017-01-06,16.509,16.656,16.881,16.48
2017-01-09,16.48,16.754,16.803,16.48
2017-01-10,16.666,16.49,16.842,16.451
2017-01-11,16.441,16.5,16.646,16.441
2017-01-12,16.529,16.274,16.607,16.265
2017-01-13,16.255,16.098,16.441,16.088
2017-01-16,16.088,15.746,16.088,15.54
2017-01-17,15.746,15.736,15.824,15.501
2017-01-18,15.746,15.746,15.814,15.657
2017-01-19,15.736,15.785,15.824,15.628
2017-01-20,15.765,15.932,15.99,15.697
2017-01-23,15.883,15.971,16.088,15.883
2017-01-24,15.971,16.235,16.343,15.951
2017-01-25,16.206,16.265,16.392,16.069
2017-01-26,16.206,16.274,16.314,16.167
2017-02-03,16.274,16.157,16.274,16.108
2017-02-06,16.118,16.284,16.304,16.118
2017-02-07,16.284,16.127,16.294,16.079
2017-02-08,16.157,16.333,16.343,16.059
2017-02-09,16.304,16.353,16.392,16.255
2017-02-10,16.343,16.362,16.451,16.304
2017-02-13,16.353,16.451,16.539,16.353
2017-02-14,16.48,16.451,16.588,16.402
2017-02-15,16.451,16.245,16.725,16.235
2017-02-16,16.225,16.47,16.509,16.225
2017-02-17,16.441,16.294,16.588,16.196
2017-02-20,16.216,16.539,16.568,16.216
2017-02-21,16.5,16.578,16.597,16.431
2017-02-22,16.578,16.549,16.617,16.48
2017-02-23,16.48,16.46,16.539,16.323
2017-02-24,16.441,17.224,17.43,16.382
2017-02-27,16.842,17.097,17.234,16.813
2017-02-28,17.019,16.451,17.116,16.353
2017-03-01,16.627,16.294,16.627,16.235
2017-03-02,16.323,16.127,16.353,16.079
2017-03-03,16.069,16.147,16.216,16.059
2017-03-06,16.186,16.245,16.333,16.157
2017-03-07,16.255,16.343,16.402,16.225
2017-03-08,16.323,16.127,16.343,16.088
2017-03-09,16.127,15.971,16.176,15.932
2017-03-10,16.0,16.098,16.127,15.941
2017-03-13,16.069,16.088,16.108,15.892
2017-03-14,16.118,16.069,16.206,16.03
2017-03-15,16.108,16.265,16.323,16.108
2017-03-16,16.216,16.255,16.304,16.167
2017-03-17,16.265,16.235,16.372,16.186
2017-03-20,16.245,16.265,16.294,16.049
2017-03-21,16.235,16.186,16.343,16.127
2017-03-22,16.186,15.912,16.186,15.863
2017-03-23,15.902,15.853,15.99,15.775
2017-03-24,15.804,15.981,15.981,15.804
2017-03-27,15.981,15.902,16.039,15.853
2017-03-28,15.863,15.873,15.941,15.795
2017-03-29,15.814,15.736,15.99,15.726
2017-03-30,15.726,15.765,16.039,15.393
2017-03-31,15.775,15.648,15.932,15.569
2017-04-05,15.56,15.657,15.755,15.471
2017-04-06,15.667,15.697,15.775,15.589
2017-04-07,15.667,15.726,15.814,15.618
2017-04-10,15.716,15.589,15.804,15.579
2017-04-11,15.579,15.54,15.618,15.354
2017-04-12,15.52,15.706,15.795,15.373
2017-04-13,15.667,15.755,15.795,15.667
2017-04-14,15.746,15.52,15.746,15.452
2017-04-17,15.481,15.52,15.569,15.393
2017-04-18,15.53,15.178,15.55,15.138
2017-04-19,15.178,15.05,15.207,14.825
2017-04-20,15.07,14.659,15.07,14.6
2017-04-21,14.629,14.786,14.933,14.62
2017-04-24,14.796,14.453,14.815,14.443
2017-04-25,14.512,14.463,14.659,14.394
2017-04-26,14.463,14.482,14.561,14.424
2017-04-27,14.482,14.414,14.482,14.12
2017-04-28,14.345,14.365,14.433,14.218
2017-05-02,14.365,14.306,14.453,14.257
2017-05-03,14.316,14.316,14.365,14.218
2017-05-04,14.345,14.326,14.365,14.198
2017-05-05,14.326,14.159,14.384,14.13
2017-05-08,14.159,13.856,14.228,13.836
2017-05-09,13.817,13.954,14.061,13.748
2017-05-10,13.875,13.797,14.022,13.758
2017-05-11,13.885,13.836,13.895,13.709
2017-05-12,13.905,14.042,14.081,13.866
2017-05-15,14.042,14.169,14.179,14.003
2017-05-16,14.159,14.228,14.228,13.983
2017-05-17,14.198,14.218,14.296,14.14
2017-05-18,14.159,14.267,14.355,14.052
2017-05-19,14.267,14.267,14.296,14.169
2017-05-22,14.257,13.934,14.277,13.885
2017-05-23,13.954,13.836,14.003,13.797
2017-05-24,13.758,13.866,13.954,13.758
2017-05-25,13.905,13.954,14.061,13.836
2017-05-26,13.963,13.954,14.052,13.934
2017-05-31,14.022,13.983,14.189,13.944
2017-06-01,13.993,13.758,14.022,13.719
2017-06-02,13.719,13.66,13.758,13.444
2017-06-05,13.728,13.777,13.875,13.67
2017-06-06,13.777,13.768,13.807,13.699
2017-06-07,13.846,13.954,13.983,13.748
2017-06-08,13.983,14.032,14.061,13.924
2017-06-09,13.983,14.101,14.13,13.914
2017-06-12,14.179,14.257,14.345,14.13
2017-06-13,14.238,14.267,14.316,14.179
2017-06-14,14.267,14.022,14.296,14.012
2017-06-15,14.052,14.101,14.169,14.003
2017-06-16,14.25,14.08,14.25,14.05
2017-06-19,14.08,14.2,14.29,14.06
2017-06-20,14.2,14.23,14.32,14.14
2017-06-21,14.28,14.18,14.29,14.08
2017-06-22,14.29,14.15,14.3,14.06
2017-06-23,14.07,14.06,14.16,13.94
2017-06-26,14.08,14.25,14.26,14.04
2017-06-27,14.28,14.42,14.45,14.26
2017-06-28,14.33,14.27,14.41,14.24
2017-06-29,14.26,14.23,14.34,14.23
2017-06-30,14.22,14.54,14.57,14.21
2017-07-03,14.64,14.69,14.77,14.56
2017-07-04,14.56,14.68,14.68,14.49
2017-07-05,14.68,14.97,15.16,14.68
2017-07-06,14.98,15.12,15.19,14.91
2017-07-07,15.13,15.3,15.48,15.07
2017-07-10,15.34,16.05,16.15,15.34
2017-07-11,15.9,15.96,16.22,15.76
2017-07-12,15.86,15.83,16.05,15.64
2017-07-13,15.85,16.09,16.16,15.75
2017-07-14,16.02,16.0,16.3,15.95
2017-07-17,16.13,15.91,16.17,15.5
2017-07-18,16.0,15.91,16.02,15.73
2017-07-19,15.97,16.08,16.09,15.8
2017-07-20,16.1,16.76,16.88,16.09
2017-07-21,16.67,16.67,16.7,16.43
2017-07-24,16.55,16.35,16.67,16.23
2017-07-25,16.33,16.36,16.47,16.25
2017-07-26,16.45,16.19,16.5,16.02
2017-07-27,16.2,16.32,16.35,16.1
2017-07-28,16.22,16.32,16.51,16.2
2017-07-31,16.39,16.35,16.4,16.16
2017-08-01,16.36,16.44,16.47,16.27
2017-08-02,16.52,16.49,16.57,16.34
2017-08-03,16.42,16.35,16.43,16.2
2017-08-04,16.34,16.3,16.34,16.13
2017-08-07,16.28,16.07,16.28,15.91
2017-08-08,15.95,16.0,16.13,15.95
2017-08-09,16.0,15.99,16.06,15.9
2017-08-10,16.04,15.86,16.04,15.74
2017-08-11,15.81,15.7,15.83,15.56
2017-08-14,15.65,15.75,15.96,15.62
2017-08-15,15.8,15.7,15.9,15.61
2017-08-16,15.75,15.85,15.92,15.61
2017-08-17,15.83,15.83,15.88,15.63
2017-08-18,15.7,15.93,16.07,15.61
2017-08-21,15.95,16.02,16.03,15.79
2017-08-22,16.0,15.99,16.03,15.86
2017-08-23,15.92,16.0,16.11,15.91
2017-08-24,16.01,15.98,16.09,15.93
2017-08-25,16.1,16.18,16.36,16.04
2017-08-28,16.26,16.13,16.26,16.1
2017-08-29,16.16,16.16,16.3,16.1
2017-08-30,16.16,15.83,16.24,15.81
2017-08-31,15.83,15.74,15.88,15.7
2017-09-01,15.74,15.81,15.95,15.71
2017-09-04,15.86,15.86,16.0,15.82
2017-09-05,15.91,16.3,16.3,15.89
2017-09-06,16.23,16.31,16.38,16.18
2017-09-07,16.3,16.17,16.3,16.1
2017-09-08,16.23,16.61,17.0,16.23
2017-09-11,16.54,16.62,16.72,16.43
2017-09-12,16.71,16.48,16.71,16.32
2017-09-13,16.44,16.19,16.45,15.91
2017-09-14,16.13,16.0,16.13,15.95
2017-09-15,16.0,15.96,16.08,15.9
2017-09-18,15.92,16.0,16.07,15.9
2017-09-19,16.05,15.88,16.19,15.84
2017-09-20,15.98,15.86,15.98,15.8
2017-09-21,15.83,15.8,15.86,15.73
2017-09-22,15.8,15.65,15.8,15.52
2017-09-25,15.66,15.52,15.7,15.31
2017-09-26,15.52,15.54,15.62,15.44
2017-09-27,15.52,15.64,15.67,15.51
2017-09-28,15.6,15.58,15.68,15.52
2017-09-29,15.62,15.68,15.73,15.54
2017-10-09,15.79,15.82,15.88,15.71
2017-10-10,15.81,16.01,16.01,15.76
2017-10-11,16.06,15.99,16.12,15.92
2017-10-12,16.02,16.04,16.05,15.89
2017-10-13,16.09,16.04,16.12,16.0
2017-10-16,16.06,15.94,16.15,15.85
2017-10-17,15.93,15.85,15.98,15.8
2017-10-18,15.93,15.91,15.98,15.78
2017-10-19,15.93,15.93,16.06,15.85
2017-10-20,15.87,16.18,16.21,15.85
2017-10-23,16.25,16.25,16.42,16.11
2017-10-24,16.25,16.4,16.42,16.21
2017-10-25,16.35,16.45,16.48,16.3
2017-10-26,16.5,16.45,16.66,16.37
2017-10-27,16.46,16.44,16.54,16.38
2017-10-30,16.45,16.57,16.66,16.12
2017-10-31,16.56,16.55,16.62,16.32
2017-11-01,16.55,16.61,16.72,16.51
2017-11-02,16.61,16.46,16.67,16.36
2017-11-03,16.5,16.2,16.5,16.17
2017-11-06,16.28,16.36,16.42,16.08
2017-11-07,16.33,16.31,16.37,16.18
2017-11-08,16.23,16.43,16.54,16.22
2017-11-09,16.44,16.55,16.59,16.32
2017-11-10,16.55,16.64,16.65,16.32
2017-11-13,16.59,16.61,16.75,16.47
2017-11-14,16.62,16.72,16.74,16.51
2017-11-15,16.71,16.35,16.74,16.35
2017-11-16,16.37,16.3,16.38,16.16
2017-11-17,16.26,15.99,16.27,15.93
2017-11-20,15.97,15.98,16.05,15.77
2017-11-21,15.99,16.04,16.06,15.86
2017-11-22,16.1,16.15,16.28,16.01
2017-11-23,16.13,15.99,16.2,15.98
2017-11-24,15.99,15.83,16.02,15.74
2017-11-27,15.77,15.79,15.88,15.72
2017-11-28,15.75,15.84,15.85,15.74
2017-11-29,15.92,15.84,15.93,15.72
2017-11-30,15.74,15.76,15.89,15.73
2017-12-01,15.81,15.86,15.89,15.72
2017-12-04,15.83,15.75,15.88,15.74
2017-12-05,15.78,15.65,15.84,15.55
2017-12-06,15.64,15.51,15.73,15.4
2017-12-07,15.52,15.38,15.56,15.31
2017-12-08,15.4,15.53,15.57,15.3
2017-12-11,15.43,15.72,15.72,15.43
2017-12-12,15.7,15.64,15.74,15.58
2017-12-13,15.59,15.75,15.81,15.59
2017-12-14,15.77,15.73,15.8,15.49
2017-12-15,15.76,15.75,15.8,15.68
2017-12-18,15.75,15.83,15.89,15.73
2017-12-19,15.78,15.85,15.94,15.78
2017-12-20,15.94,15.74,15.94,15.65
2017-12-21,15.67,15.77,15.79,15.6
2017-12-22,15.73,15.72,15.86,15.67
2017-12-25,15.7,15.67,15.83,15.53
2017-12-26,15.62,15.54,15.75,15.49
2017-12-27,15.54,15.62,15.7,15.51
2017-12-28,15.53,15.55,15.63,15.5
2017-12-29,15.6,15.53,15.63,15.49
2018-01-02,15.51,15.6,15.69,15.51
2018-01-03,15.6,15.85,15.89,15.59
2018-01-04,15.85,15.96,15.99,15.76
2018-01-05,15.98,16.03,16.16,15.9
2018-01-08,16.1,15.95,16.1,15.83
2018-01-09,15.92,15.98,16.12,15.85
2018-01-10,15.97,15.93,16.06,15.83
2018-01-11,15.9,15.98,16.0,15.86
2018-01-12,16.01,15.9,16.01,15.8
2018-01-15,15.88,15.69,15.9,15.65
2018-01-16,15.75,15.68,15.75,15.55
2018-01-17,15.66,15.67,15.74,15.57
2018-01-18,15.69,15.7,15.73,15.62
2018-01-19,15.73,15.71,15.76,15.6
2018-01-22,15.7,15.64,15.7,15.58
2018-01-23,15.63,15.84,16.05,15.6
2018-01-24,15.83,15.8,15.87,15.7
2018-01-25,15.83,15.81,15.85,15.72
2018-01-26,15.8,15.74,15.87,15.72
2018-01-29,15.8,16.15,16.18,15.77
2018-01-30,16.15,16.06,16.16,15.93
2018-01-31,15.99,15.72,16.0,15.7
2018-02-01,15.75,15.53,15.88,15.4
2018-02-02,15.39,15.63,15.68,15.36
2018-02-05,15.45,15.6,15.63,15.42
2018-02-06,15.48,15.3,15.49,15.25
2018-02-07,15.37,15.15,15.46,15.05
2018-02-08,15.15,15.16,15.26,15.1
2018-02-09,14.98,14.51,14.98,14.42
2018-02-12,14.51,14.7,14.75,14.51
2018-02-13,14.78,14.66,14.86,14.66
2018-02-14,14.66,14.74,14.79,14.63
2018-02-22,14.84,14.91,14.98,14.74
2018-02-23,14.99,15.04,15.04,14.85
2018-02-26,15.1,15.21,15.25,15.01
2018-02-27,15.24,15.37,15.38,15.17
2018-02-28,15.22,15.24,15.35,15.19
2018-03-01,15.24,15.35,15.41,15.17
2018-03-02,15.25,15.38,15.42,15.25
2018-03-05,15.29,15.37,15.41,15.27
2018-03-06,15.37,15.36,15.39,15.27
2018-03-07,15.31,15.34,15.54,15.31
2018-03-08,15.34,15.54,15.6,15.33
2018-03-09,15.54,15.61,15.64,15.48
2018-03-12,15.62,15.75,15.77,15.62
2018-03-13,15.73,15.58,15.83,15.55
2018-03-14,15.57,15.57,15.66,15.51
2018-03-15,15.6,15.4,15.65,15.29
2018-03-16,15.4,15.38,15.49,15.35
2018-03-19,15.44,15.45,15.53,15.32
2018-03-20,15.45,15.36,15.47,15.27
2018-03-21,15.39,15.35,15.53,15.33
2018-03-22,15.33,15.27,15.42,15.19
2018-03-23,15.03,14.8,15.07,14.67
2018-03-26,14.77,14.84,14.88,14.63
2018-03-27,14.9,15.17,15.19,14.87
2018-03-28,15.08,15.25,15.28,15.01
2018-03-29,15.18,15.09,15.18,14.93
2018-03-30,15.05,15.12,15.19,15.05
2018-04-02,15.09,15.11,15.17,14.96
2018-04-03,15.09,15.01,15.09,14.91
2018-04-04,15.0,14.8,15.06,14.8
2018-04-09,14.84,14.77,14.85,14.66
2018-04-10,14.78,14.8,14.85,14.72
2018-04-11,14.79,14.79,14.86,14.72
2018-04-12,14.75,14.78,14.8,14.67
2018-04-13,14.74,14.53,14.78,14.53
2018-04-16,14.52,14.4,14.69,14.35
2018-04-17,14.5,13.94,14.51,13.8
2018-04-18,14.0,14.14,14.26,13.86
2018-04-19,14.11,14.16,14.24,14.08
2018-04-20,14.1,14.13,14.28,14.05
2018-04-23,14.13,13.9,14.18,13.83
2018-04-24,14.0,14.19,14.21,13.95
2018-04-25,14.14,14.09,14.2,13.98
2018-04-26,14.02,13.85,14.09,13.84
2018-04-27,13.95,13.94,13.99,13.87
2018-05-02,13.95,13.82,14.0,13.74
2018-05-03,13.84,13.96,14.01,13.73
2018-05-04,13.94,13.96,13.96,13.83
2018-05-07,13.92,14.1,14.11,13.92
2018-05-08,14.05,14.14,14.15,14.05
2018-05-09,14.14,14.32,14.37,14.12
2018-05-10,14.31,14.29,14.37,14.21
2018-05-11,14.3,14.34,14.47,14.27
2018-05-14,14.33,14.31,14.41,14.25
2018-05-15,14.31,14.34,14.39,14.2
2018-05-16,14.25,14.32,14.4,14.22
2018-05-17,14.28,14.54,14.59,14.28
2018-05-18,14.58,14.51,14.58,14.38
2018-05-21,14.52,14.5,14.54,14.45
2018-05-22,14.5,14.52,14.53,14.43
2018-05-23,14.5,14.5,14.58,14.39
2018-05-24,14.39,14.32,14.45,14.29
2018-05-25,14.33,14.39,14.48,14.24
