date,open,close,high,low
2016-01-04,18.381,17.055,19.157,16.75
2016-01-05,16.347,17.477,17.683,16.111
2016-01-06,17.389,17.782,17.988,17.192
2016-01-07,17.595,16.003,17.595,16.003
2016-01-08,16.701,15.021,16.73,14.559
2016-01-11,14.245,13.518,14.677,13.518
2016-01-12,13.626,13.498,13.891,12.477
2016-01-13,13.557,12.722,13.587,12.673
2016-01-14,11.956,13.98,13.999,11.956
2016-01-15,13.754,13.361,14.245,12.653
2016-01-18,12.624,14.117,14.687,12.624
2016-01-19,14.196,14.815,14.933,14.039
2016-01-20,14.854,14.274,14.854,14.147
2016-01-21,13.921,13.302,14.422,12.919
2016-01-22,13.39,13.145,13.606,12.771
2016-01-25,13.262,12.702,13.449,12.437
2016-01-26,12.673,11.435,12.673,11.435
2016-01-27,11.199,10.856,11.445,10.296
2016-01-28,10.679,9.922,10.767,9.775
2016-01-29,9.824,10.915,10.915,9.785
2016-02-01,11.003,10.895,11.298,10.512
2016-02-02,10.826,11.249,11.642,10.826
2016-02-03,11.062,11.622,11.779,10.797
2016-02-04,11.622,12.221,12.486,11.514
2016-02-05,12.28,12.575,12.919,12.201
2016-02-15,11.828,12.447,12.752,11.504
2016-02-16,12.535,12.673,13.145,12.535
2016-02-17,12.771,13.528,13.685,12.693
2016-02-18,13.587,12.948,13.675,12.85
2016-02-19,12.811,12.968,13.164,12.722
2016-02-22,13.066,12.928,13.302,12.663
2016-02-23,12.968,12.673,13.046,12.477
2016-02-24,12.555,12.192,12.761,11.789
2016-02-25,12.378,10.973,12.427,10.973
2016-02-26,10.973,10.345,11.19,10.148
2016-02-29,10.168,9.313,10.345,9.313
2016-03-01,9.313,9.677,9.785,8.94
2016-03-02,9.706,10.649,10.649,9.578
2016-03-03,10.895,10.463,11.15,10.463
2016-03-04,10.335,10.237,10.856,9.824
2016-03-07,10.345,10.453,10.816,10.227
2016-03-08,10.296,10.777,10.875,9.785
2016-03-09,10.581,10.836,11.17,10.364
2016-03-10,10.895,10.806,11.091,10.6
2016-03-11,10.531,10.954,11.003,10.394
2016-03-14,11.131,11.691,11.985,11.121
2016-03-15,11.592,11.661,12.034,11.317
2016-03-16,11.769,11.681,12.054,11.642
2016-03-17,11.779,12.565,12.644,11.612
2016-03-18,12.408,12.781,13.253,12.398
2016-03-21,12.82,12.928,13.017,12.477
2016-03-22,12.771,12.653,12.84,12.496
2016-03-23,12.624,12.634,12.722,12.28
2016-03-24,12.437,12.339,12.653,12.28
2016-03-25,12.408,12.162,12.447,11.789
2016-03-28,12.3,12.221,12.575,12.064
2016-03-29,12.28,11.789,12.349,11.75
2016-03-30,11.995,12.398,12.398,11.926
2016-03-31,12.477,13.095,13.213,12.3
2016-04-01,13.145,12.86,13.164,12.693
2016-04-05,12.86,13.439,13.616,12.771
2016-04-06,13.449,14.058,14.245,13.302
2016-04-07,14.068,13.243,14.088,13.233
2016-04-08,13.017,12.85,13.154,12.477
2016-04-11,13.086,13.685,13.842,12.968
2016-04-12,13.665,13.567,13.665,13.115
2016-04-13,13.557,13.773,14.402,13.557
2016-04-14,13.813,13.852,14.019,13.518
2016-04-15,13.872,13.921,13.95,13.616
2016-04-18,13.744,13.921,14.068,13.508
2016-04-19,13.921,13.439,13.98,13.312
2016-04-20,13.547,12.093,13.587,12.093
2016-04-21,12.034,11.828,12.241,11.779
2016-04-22,11.494,12.113,12.113,11.18
2016-04-25,12.084,11.75,12.084,11.602
2016-04-26,11.867,11.995,11.995,11.7
2016-04-27,12.044,12.29,12.486,12.044
2016-04-28,12.29,12.025,12.29,11.72
2016-04-29,12.025,11.966,12.221,11.838
2016-05-03,12.015,12.457,12.575,11.75
2016-05-04,12.437,12.211,12.437,12.152
2016-05-05,12.162,12.378,12.418,12.103
2016-05-06,12.457,11.671,12.457,11.671
2016-05-09,11.553,10.895,11.553,10.806
2016-05-10,10.895,10.856,11.003,10.787
2016-05-11,10.954,10.512,11.013,10.512
2016-05-12,10.315,10.669,10.787,9.814
2016-05-13,10.63,10.679,10.806,10.531
2016-05-16,10.541,11.553,11.75,10.522
2016-05-17,11.445,11.73,12.093,11.357
2016-05-18,11.504,11.062,11.573,10.885
2016-05-19,11.082,11.14,11.514,10.983
2016-05-20,11.003,11.199,11.416,10.826
2016-05-23,11.553,12.319,12.319,11.396
2016-05-24,12.575,12.663,13.135,12.319
2016-05-25,12.496,12.359,12.653,11.985
2016-05-26,12.172,11.907,12.251,11.347
2016-05-27,11.671,11.72,11.985,11.455
2016-05-30,11.543,11.779,12.064,11.396
2016-05-31,11.789,12.26,12.26,11.769
2016-06-01,12.231,12.496,12.919,12.221
2016-06-02,12.477,13.253,13.341,12.427
2016-06-03,13.144,13.005,13.321,12.857
2016-06-06,14.31,14.31,14.31,14.31
2016-06-07,15.743,15.743,15.743,15.535
2016-06-08,15.812,16.721,17.314,15.693
2016-06-13,15.96,15.051,16.118,15.051
2016-06-14,14.537,14.201,14.586,13.934
2016-06-15,14.053,14.853,15.209,14.053
2016-06-16,14.646,15.328,15.693,14.576
2016-06-17,15.219,14.468,15.328,13.993
2016-06-20,14.527,15.051,15.051,14.171
2016-06-21,15.179,14.428,15.416,14.231
2016-06-22,14.527,14.764,14.804,14.31
2016-06-23,14.774,14.389,14.774,14.132
2016-06-24,14.428,13.835,14.576,13.272
2016-06-27,13.638,14.053,14.181,13.539
2016-06-28,13.855,14.478,14.507,13.717
2016-06-29,14.379,14.29,14.715,14.221
2016-06-30,14.31,14.112,14.389,13.865
2016-07-01,14.122,14.112,14.408,13.974
2016-07-04,13.865,14.201,14.349,13.845
2016-07-05,14.231,14.458,14.576,14.033
2016-07-06,14.399,14.24,14.606,14.181
2016-07-07,14.152,14.31,14.418,13.875
2016-07-08,14.181,14.221,14.428,14.013
2016-07-11,14.181,13.825,14.29,13.736
2016-07-12,13.796,13.954,14.053,13.371
2016-07-13,14.033,13.934,14.082,13.835
2016-07-14,13.914,13.736,13.924,13.667
2016-07-15,13.727,13.687,13.885,13.588
2016-07-18,13.638,13.272,13.657,13.242
2016-07-19,13.272,13.578,13.667,13.272
2016-07-20,13.598,13.489,13.667,13.44
2016-07-21,13.489,13.559,13.618,13.41
2016-07-22,13.559,13.312,13.578,13.252
2016-07-25,13.242,13.144,13.41,13.094
2016-07-26,13.203,13.687,13.766,13.094
2016-07-27,13.667,12.808,13.717,12.353
2016-07-28,12.798,12.155,12.926,11.958
2016-07-29,12.155,12.205,12.333,12.066
2016-08-01,12.145,11.582,12.145,11.473
2016-08-02,11.582,11.602,11.711,11.513
2016-08-03,11.602,11.691,11.691,11.483
2016-08-04,11.661,11.928,12.027,11.543
2016-08-05,11.879,11.701,11.908,11.681
2016-08-08,11.661,11.819,11.819,11.404
2016-08-09,11.691,12.076,12.126,11.691
2016-08-10,12.165,11.977,12.224,11.968
2016-08-11,11.938,11.711,11.977,11.691
2016-08-12,11.641,11.819,11.888,11.641
2016-08-15,11.77,12.126,12.274,11.671
2016-08-16,12.136,12.126,12.304,12.066
2016-08-17,12.145,12.254,12.304,12.056
2016-08-18,12.244,12.244,12.402,12.155
2016-08-19,12.175,12.185,12.224,11.958
2016-08-22,12.185,11.888,12.244,11.879
2016-08-23,11.898,11.809,11.987,11.711
2016-08-24,11.8,11.76,11.898,11.711
2016-08-25,11.661,11.552,11.73,11.434
2016-08-26,11.562,11.562,11.75,11.444
2016-08-29,11.552,11.691,11.711,11.513
2016-08-30,11.701,11.73,11.839,11.671
2016-08-31,11.75,11.661,11.75,11.543
2016-09-01,11.661,11.928,12.254,11.533
2016-09-02,11.888,12.076,12.145,11.809
2016-09-05,12.145,11.948,12.234,11.888
2016-09-06,11.948,12.047,12.047,11.562
2016-09-07,12.047,11.938,12.106,11.938
2016-09-08,11.948,12.244,12.254,11.948
2016-09-09,12.224,12.383,12.481,12.086
2016-09-12,12.106,12.116,12.343,12.017
2016-09-13,12.244,12.699,12.728,12.066
2016-09-14,12.551,12.59,13.015,12.422
2016-09-19,12.728,12.709,12.936,12.531
2016-09-20,12.659,12.896,12.926,12.491
2016-09-21,12.916,12.728,12.916,12.699
2016-09-22,12.827,12.511,12.877,12.501
2016-09-23,12.511,12.392,12.64,12.373
2016-09-26,12.452,12.946,13.203,12.452
2016-09-27,12.946,12.649,13.025,12.304
2016-09-28,12.659,12.541,12.689,12.432
2016-09-29,12.58,12.481,12.649,12.402
2016-09-30,12.422,12.531,12.59,12.422
2016-10-10,12.57,12.956,13.025,12.551
2016-10-11,12.936,12.808,12.985,12.738
2016-10-12,12.768,13.074,13.134,12.689
2016-10-13,13.025,13.43,13.519,12.976
2016-10-14,13.43,13.242,13.44,13.114
2016-10-17,13.292,12.956,13.371,12.778
2016-10-18,12.926,13.312,13.331,12.857
2016-10-19,13.736,13.252,13.904,13.193
2016-10-20,13.144,13.272,13.391,13.114
2016-10-21,13.163,13.094,13.282,12.887
2016-10-24,13.173,13.055,13.213,13.045
2016-10-25,13.045,12.995,13.144,12.946
2016-10-26,13.025,13.104,13.104,12.719
2016-10-27,13.282,13.242,13.539,13.124
2016-10-28,12.995,13.381,13.578,12.867
2016-10-31,13.44,13.371,13.697,13.252
2016-11-01,13.45,14.705,14.705,13.292
2016-11-02,14.922,14.557,15.288,14.428
2016-11-03,14.567,14.626,14.735,14.329
2016-11-04,14.557,14.152,14.764,14.122
2016-11-07,14.023,14.221,14.28,13.885
2016-11-08,14.25,14.171,14.349,14.063
2016-11-09,14.171,13.964,14.27,13.657
2016-11-10,14.043,14.201,14.379,13.895
2016-11-11,14.132,13.835,14.28,13.786
2016-11-14,13.756,13.875,13.944,13.727
2016-11-15,13.993,14.231,14.379,13.845
2016-11-16,14.27,14.142,14.27,14.023
2016-11-17,14.122,13.727,14.132,13.707
2016-11-18,13.628,13.46,13.885,13.391
2016-11-21,13.46,13.766,13.796,13.223
2016-11-22,13.687,13.687,13.786,13.489
2016-11-23,13.736,13.282,13.766,13.242
2016-11-24,13.292,13.144,13.361,13.025
2016-11-25,13.114,13.064,13.223,12.649
2016-11-28,13.173,13.321,13.588,13.045
2016-11-29,13.321,12.896,13.44,12.827
2016-11-30,12.896,12.887,13.025,12.719
2016-12-01,12.926,12.936,13.015,12.748
2016-12-02,12.926,12.481,12.995,12.462
2016-12-05,12.353,12.402,12.689,12.136
2016-12-06,12.472,12.462,12.847,12.422
2016-12-07,12.481,12.63,12.699,12.481
2016-12-08,12.659,12.63,12.788,12.58
2016-12-09,12.511,12.462,12.62,12.392
2016-12-12,12.363,11.454,12.442,11.444
2016-12-13,11.454,11.483,11.592,11.197
2016-12-14,11.473,11.088,11.473,11.039
2016-12-15,10.969,11.167,11.266,10.871
2016-12-16,11.157,11.651,11.8,11.068
2016-12-19,11.592,11.493,11.869,11.434
2016-12-20,11.444,11.651,11.711,11.394
2016-12-21,11.711,11.681,11.8,11.582
2016-12-22,11.72,11.612,11.73,11.424
2016-12-23,11.552,11.286,11.671,11.266
2016-12-26,11.355,11.75,11.76,11.216
2016-12-27,11.74,12.086,12.313,11.592
2016-12-28,12.086,12.126,12.304,11.987
2016-12-29,12.155,12.185,12.274,12.017
2016-12-30,12.205,12.304,12.442,12.066
2017-01-16,12.304,11.365,12.304,11.078
2017-01-17,11.167,12.501,12.501,10.88
2017-01-18,12.827,12.472,13.124,12.254
2017-01-19,12.392,12.215,12.392,11.839
2017-01-20,12.076,12.363,12.808,11.987
2017-01-23,12.234,12.274,12.402,12.096
2017-01-24,12.254,12.205,12.284,11.977
2017-01-25,12.155,12.649,12.798,12.037
2017-01-26,12.6,12.63,12.679,12.442
2017-02-03,12.64,12.551,12.817,12.521
2017-02-06,12.57,12.521,12.649,12.402
2017-02-07,12.551,13.064,13.282,12.432
2017-02-08,12.995,13.183,13.42,12.857
2017-02-09,13.203,13.223,13.509,13.055
2017-02-10,13.262,13.114,13.272,13.094
2017-02-13,13.045,13.074,13.183,12.946
2017-02-14,13.005,13.055,13.272,12.946
2017-02-15,13.094,13.282,13.371,13.005
2017-02-16,13.282,13.252,13.341,13.104
2017-02-17,13.232,12.768,13.232,12.709
2017-02-20,12.659,12.136,12.748,11.75
2017-02-21,12.106,12.136,12.264,12.017
2017-02-22,12.145,12.511,12.719,12.136
2017-02-23,12.491,12.313,12.491,12.155
2017-02-24,12.333,12.284,12.422,12.136
2017-02-27,12.274,12.402,12.699,12.165
2017-02-28,12.304,12.402,12.56,12.244
2017-03-01,12.432,12.58,12.62,12.343
2017-03-02,12.541,12.472,12.62,12.402
2017-03-03,12.402,12.541,12.61,12.363
2017-03-06,12.501,12.887,12.995,12.462
2017-03-07,12.867,13.598,13.835,12.847
2017-03-08,13.499,13.677,13.786,13.302
2017-03-09,13.598,13.539,13.885,13.489
2017-03-10,13.578,13.707,13.885,13.341
2017-03-13,13.717,13.677,13.875,13.529
2017-03-14,13.638,13.41,13.736,13.361
2017-03-15,13.4,13.44,13.608,13.223
2017-03-16,13.47,14.24,14.596,13.41
2017-03-17,14.349,13.984,14.665,13.914
2017-03-20,14.003,15.11,15.387,14.003
2017-03-21,14.873,15.614,15.97,14.833
2017-03-22,15.318,15.436,16.158,15.239
2017-03-23,15.664,16.632,16.662,15.219
2017-03-24,16.306,16.108,16.78,15.99
2017-03-27,16.256,15.94,16.642,15.911
2017-03-28,16.148,15.98,16.256,15.713
2017-03-29,15.871,16.355,16.76,15.822
2017-03-30,16.276,16.217,16.336,15.713
2017-03-31,16.108,15.614,16.168,15.219
2017-04-05,15.565,17.027,17.176,15.565
2017-04-06,17.146,17.116,17.442,16.8
2017-04-07,16.998,17.561,17.739,16.681
2017-04-10,17.561,17.393,17.927,17.185
2017-04-11,17.393,17.6,17.936,16.701
2017-04-12,17.294,17.245,17.739,17.096
2017-04-13,17.195,18.085,18.45,17.077
2017-04-14,17.986,17.778,18.164,17.521
2017-04-17,17.739,17.541,18.006,17.017
2017-04-18,17.541,17.185,17.788,17.146
2017-04-19,16.909,17.353,17.561,16.168
2017-04-20,17.353,16.928,17.531,16.83
2017-04-21,16.909,17.66,18.253,16.909
2017-04-24,17.788,17.452,17.907,16.8
2017-04-25,17.452,17.195,17.699,17.156
2017-04-26,17.225,17.61,17.788,17.136
2017-04-27,17.472,18.342,18.767,17.195
2017-04-28,18.263,18.944,19.419,18.253
2017-05-02,18.944,19.024,19.103,18.628
2017-05-03,19.043,18.895,19.043,18.628
2017-05-04,18.875,18.757,19.192,18.579
2017-05-05,18.628,18.302,19.063,18.302
2017-05-08,18.332,17.452,18.411,17.393
2017-05-09,17.096,17.571,17.867,17.067
2017-05-10,17.571,18.095,18.628,17.551
2017-05-11,17.907,18.203,18.46,17.393
2017-05-12,18.164,18.154,18.411,17.788
2017-05-15,18.134,18.164,18.46,18.085
2017-05-16,18.184,19.518,19.646,17.917
2017-05-17,19.537,19.073,20.111,18.757
2017-05-18,19.022,18.556,19.052,17.891
2017-05-19,18.358,18.229,18.635,17.762
2017-05-22,18.06,18.06,18.377,17.941
2017-05-23,18.149,18.209,18.487,18.06
2017-05-24,18.159,17.871,18.209,17.415
2017-05-25,17.762,17.643,18.01,17.445
2017-05-26,17.643,15.877,17.663,15.877
2017-05-31,15.887,15.877,16.175,15.192
2017-06-01,15.678,16.333,16.74,15.579
2017-06-02,16.323,16.333,16.532,15.887
2017-06-05,16.571,16.829,17.326,16.522
2017-06-06,17.564,16.304,17.613,15.381
2017-06-07,16.055,16.472,16.8,16.055
2017-06-08,16.671,16.452,16.79,16.403
2017-06-09,16.423,16.055,16.423,15.837
2017-06-12,16.006,15.43,16.006,14.984
2017-06-13,15.351,15.629,15.738,15.182
2017-06-14,15.678,15.53,15.768,15.272
2017-06-15,15.48,15.718,15.797,15.381
2017-06-16,15.718,15.46,16.125,15.361
2017-06-19,15.53,15.212,15.539,15.033
2017-06-20,15.262,15.778,16.036,15.143
2017-06-21,15.807,16.75,16.75,15.599
2017-06-22,16.76,16.591,16.849,16.423
2017-06-23,16.571,16.175,16.581,15.807
2017-06-26,16.204,16.571,16.7,16.075
2017-06-27,16.562,16.026,16.651,15.827
2017-06-28,15.877,15.559,15.956,15.341
2017-06-29,15.579,15.281,15.589,15.182
2017-06-30,15.172,15.768,15.827,15.172
2017-07-03,15.788,15.956,16.125,15.609
2017-07-04,15.946,16.006,16.621,15.549
2017-07-05,15.827,15.917,16.194,15.698
2017-07-06,15.877,17.167,17.484,15.778
2017-07-07,17.117,16.77,17.266,16.7
2017-07-10,16.71,16.661,17.058,16.571
2017-07-11,16.671,15.877,16.82,15.768
2017-07-12,15.807,16.125,16.165,15.688
2017-07-13,16.095,15.728,16.234,15.51
2017-07-14,15.559,15.748,15.827,15.48
2017-07-17,15.748,14.388,15.748,14.17
2017-07-18,14.339,14.13,14.537,13.813
2017-07-19,14.12,14.349,14.418,13.654
2017-07-20,14.24,15.073,15.351,14.19
2017-07-21,15.043,14.775,15.212,14.736
2017-07-24,14.686,14.746,14.954,14.388
2017-07-25,14.756,14.765,14.934,14.587
2017-07-26,14.785,14.646,14.815,14.408
2017-07-27,14.617,15.41,15.748,14.428
2017-07-28,15.678,15.559,16.105,15.391
2017-07-31,15.46,15.311,15.668,15.014
2017-08-01,15.232,15.252,15.53,15.133
2017-08-02,15.381,14.914,15.698,14.865
2017-08-03,14.894,15.053,15.44,14.587
2017-08-04,15.033,15.242,15.42,15.033
2017-08-07,15.381,15.966,16.155,15.272
2017-08-08,15.887,16.651,16.72,15.639
2017-08-09,16.522,17.028,17.474,16.423
2017-08-10,17.038,17.058,17.365,16.581
2017-08-11,16.79,16.939,17.465,16.641
2017-08-14,17.068,17.068,17.623,16.998
2017-08-15,17.137,17.216,17.435,17.038
2017-08-16,17.266,17.465,17.514,17.097
2017-08-17,17.167,17.087,17.425,16.889
2017-08-18,16.869,17.564,17.713,16.869
2017-08-21,17.544,18.348,18.368,17.484
2017-08-22,18.258,17.435,18.278,17.375
2017-08-23,17.534,17.197,17.544,17.068
2017-08-24,17.236,17.365,17.524,16.889
2017-08-25,17.365,17.266,17.365,16.968
2017-08-28,17.266,17.693,18.06,17.068
2017-08-29,17.613,17.316,17.961,17.087
2017-08-30,17.365,17.752,17.911,17.167
2017-08-31,17.693,17.514,18.01,17.465
2017-09-01,17.494,17.157,17.653,16.72
2017-09-04,17.137,16.949,17.197,16.591
2017-09-05,16.919,18.645,18.645,16.919
2017-09-06,18.199,18.546,18.755,17.99
2017-09-07,18.407,17.961,18.665,17.961
2017-09-08,17.852,18.1,18.258,17.663
2017-09-11,17.911,18.735,19.052,17.901
2017-09-12,18.606,18.308,18.893,18.219
2017-09-13,18.159,18.358,18.447,17.871
2017-09-14,18.288,18.953,19.171,18.239
2017-09-15,19.251,18.764,19.419,18.596
2017-09-18,18.655,18.953,19.092,18.358
2017-09-19,18.913,18.953,19.052,18.556
2017-09-20,18.794,18.506,18.854,18.338
2017-09-21,18.506,17.842,18.596,17.742
2017-09-22,17.812,17.504,17.812,16.869
2017-09-25,17.455,16.929,17.455,16.76
2017-09-26,16.869,17.246,17.326,16.79
2017-09-27,17.246,17.425,17.445,17.068
2017-09-28,17.455,17.058,17.494,16.968
2017-09-29,17.058,17.107,17.355,16.968
2017-10-09,17.445,17.613,17.792,17.068
2017-10-10,17.613,17.514,17.802,17.425
2017-10-11,17.465,17.574,17.812,17.167
2017-10-12,17.623,18.645,18.764,17.623
2017-10-13,18.497,18.755,19.062,18.219
2017-10-16,18.735,18.328,18.755,17.762
2017-10-17,18.139,18.566,18.735,18.01
2017-10-18,18.576,18.804,19.32,18.258
2017-10-19,18.804,17.941,19.052,17.713
2017-10-20,17.941,18.437,18.437,17.574
2017-10-23,18.407,18.477,18.526,18.06
2017-10-24,18.437,18.467,18.774,18.129
2017-10-25,18.556,18.407,18.635,18.06
2017-10-26,18.288,18.179,18.358,17.981
2017-10-27,18.209,17.693,18.209,17.544
2017-10-30,17.663,17.445,17.663,16.571
2017-10-31,17.167,17.345,17.494,17.018
2017-11-01,17.395,16.929,17.415,16.631
2017-11-02,16.939,16.77,16.939,16.373
2017-11-03,16.522,16.75,16.8,16.492
2017-11-06,16.79,17.107,17.157,16.671
2017-11-07,17.187,17.723,17.842,17.187
2017-11-08,17.723,18.159,18.487,17.574
2017-11-09,18.179,18.953,19.032,17.861
2017-11-10,18.973,19.132,19.31,18.655
2017-11-13,19.132,18.824,19.132,18.506
2017-11-14,18.893,18.983,19.538,18.358
2017-11-15,18.983,19.102,19.3,18.556
2017-11-16,19.102,18.854,19.142,18.576
2017-11-17,18.933,17.812,18.953,17.465
2017-11-20,17.266,17.107,17.365,16.423
2017-11-21,17.038,16.631,17.207,16.274
2017-11-22,16.631,16.73,17.028,16.383
2017-11-23,16.73,15.897,16.76,15.708
2017-11-24,15.827,16.026,16.085,15.083
2017-11-27,15.966,16.075,16.323,15.48
2017-11-28,16.085,16.651,16.691,15.966
2017-11-29,16.552,16.919,17.038,16.363
2017-11-30,17.018,16.452,17.018,16.254
2017-12-01,16.323,16.234,16.571,16.155
2017-12-04,16.175,16.323,16.591,16.095
2017-12-05,16.284,16.036,16.373,15.778
2017-12-06,16.125,16.323,16.323,15.758
2017-12-07,16.313,16.304,16.452,16.175
2017-12-08,16.413,16.492,16.621,16.204
2017-12-11,16.472,16.82,16.909,16.433
2017-12-12,16.849,16.313,16.939,16.254
2017-12-13,16.175,16.393,16.75,16.036
2017-12-14,16.373,16.403,16.601,16.115
2017-12-15,16.383,16.323,16.512,15.956
2017-12-18,16.313,16.234,16.313,15.976
2017-12-19,16.184,16.671,16.7,16.184
2017-12-20,16.611,16.82,16.82,16.423
2017-12-21,16.82,16.899,17.008,16.502
2017-12-22,16.829,16.939,16.988,16.78
2017-12-25,16.949,16.681,17.117,16.373
2017-12-26,16.621,16.601,16.671,16.343
2017-12-27,16.571,16.661,16.72,16.472
2017-12-28,16.671,16.472,16.74,16.472
2017-12-29,16.472,16.691,16.73,16.323
2018-01-02,16.869,17.623,17.772,16.869
2018-01-03,17.574,17.623,17.961,17.365
2018-01-04,17.812,18.219,18.407,17.762
2018-01-05,18.11,18.248,18.358,17.921
2018-01-08,18.308,18.08,18.308,17.296
2018-01-09,17.901,17.613,18.08,17.603
2018-01-10,17.772,17.623,17.971,17.494
2018-01-11,17.673,18.07,18.457,17.286
2018-01-12,17.861,18.685,18.953,17.772
2018-01-15,18.755,18.675,20.094,18.358
2018-01-16,18.397,17.861,18.735,17.435
2018-01-17,17.802,18.199,18.635,17.445
2018-01-18,18.209,18.387,18.784,18.04
2018-01-19,18.645,18.219,18.645,18.06
2018-01-22,18.358,18.229,18.635,17.911
2018-01-23,18.119,17.683,18.179,17.405
2018-01-24,18.06,18.04,18.268,17.256
2018-01-25,17.901,17.842,18.239,17.603
2018-01-26,17.812,17.246,17.861,16.82
2018-01-29,17.068,16.323,17.087,15.976
2018-01-30,16.333,16.055,16.393,15.976
2018-01-31,15.877,14.448,16.055,14.448
2018-02-01,14.587,13.515,14.587,12.999
2018-02-02,13.128,14.041,14.18,12.503
2018-02-05,13.644,13.793,13.991,13.317
2018-02-06,13.396,12.533,13.595,12.503
2018-02-07,12.93,12.821,13.148,11.63
2018-02-08,12.652,12.9,13.217,12.612
2018-02-09,12.483,12.384,12.801,12.066
2018-02-12,12.453,12.662,12.751,12.324
2018-02-13,12.721,12.314,12.86,12.205
2018-02-14,12.374,12.87,13.088,12.324
2018-02-22,12.959,13.257,13.277,12.602
2018-02-23,13.198,13.039,13.297,12.92
2018-02-26,13.168,13.495,13.843,12.93
2018-02-27,13.525,13.297,14.091,13.108
2018-02-28,13.297,13.892,13.972,13.168
2018-03-01,13.714,13.684,13.793,13.327
2018-03-02,13.495,13.525,13.872,13.396
2018-03-05,13.525,13.386,13.654,13.307
2018-03-06,13.396,13.475,13.644,13.346
2018-03-07,13.436,13.178,13.456,13.128
2018-03-08,13.138,13.138,13.317,13.049
2018-03-09,13.168,13.674,13.783,13.168
2018-03-12,13.704,13.902,14.12,13.704
2018-03-13,13.882,13.803,14.051,13.644
2018-03-14,13.793,13.426,13.803,13.396
2018-03-15,12.989,12.791,13.098,12.314
2018-03-16,12.701,12.821,13.088,12.612
2018-03-19,12.811,12.503,12.821,12.404
2018-03-20,12.463,12.612,12.632,12.116
2018-03-21,12.592,12.771,12.999,12.513
2018-03-22,12.781,12.632,12.88,12.443
2018-03-23,12.106,11.382,12.156,11.372
2018-03-26,10.915,11.223,11.511,10.816
2018-03-27,11.55,11.798,11.818,11.491
2018-03-28,11.56,11.56,11.689,11.412
2018-03-29,11.531,11.471,11.888,11.402
2018-03-30,11.57,12.622,12.622,11.57
2018-04-02,12.731,12.801,12.93,12.265
2018-04-03,12.414,12.443,12.701,12.364
2018-04-04,12.394,12.384,12.682,12.354
2018-04-09,12.185,11.908,12.334,11.749
2018-04-10,11.947,12.066,12.185,11.818
2018-04-11,12.106,12.116,12.305,12.056
2018-04-12,11.679,11.868,11.918,11.6
2018-04-13,11.937,11.729,12.027,11.689
2018-04-16,11.61,11.074,11.61,10.955
2018-04-17,11.154,10.935,11.193,10.836
2018-04-18,11.094,11.084,11.193,10.786
2018-04-19,11.163,11.431,11.521,11.074
2018-04-20,11.263,11.263,11.759,11.223
2018-04-23,11.243,10.985,11.312,10.816
2018-04-24,10.985,11.183,11.213,10.985
2018-04-25,11.114,11.015,11.283,10.995
2018-04-26,11.104,9.923,11.104,9.923
2018-04-27,9.973,10.131,10.201,9.963
2018-05-02,10.171,10.26,10.509,10.112
2018-05-03,10.251,10.419,10.439,10.022
2018-05-04,10.409,10.161,10.409,10.151
2018-05-07,10.221,10.38,10.449,10.221
2018-05-08,10.419,10.29,10.419,10.231
2018-05-09,10.34,10.449,10.568,10.27
2018-05-10,10.419,10.31,10.518,10.28
2018-05-11,10.34,10.37,10.399,10.28
2018-05-14,10.45,10.2,10.45,10.2
2018-05-15,10.24,10.06,10.25,9.81
2018-05-16,10.0,10.03,10.14,9.88
2018-05-17,9.97,9.96,10.18,9.94
2018-05-18,10.01,10.13,10.18,9.94
2018-05-21,10.17,10.46,10.56,10.17
2018-05-22,10.45,10.4,10.49,10.35
2018-05-23,10.41,10.1,10.53,10.04
2018-05-24,10.17,10.14,10.41,10.09
2018-05-25,10.12,10.03,10.24,9.94
