date,open,close,high,low
2016-01-04,23.47,21.8,23.47,21.8
2016-01-05,19.72,21.46,21.65,19.65
2016-01-06,21.25,22.57,22.58,21.25
2016-01-07,22.0,20.31,22.2,20.31
2016-01-08,20.8,21.43,22.34,18.28
2016-01-11,20.5,19.29,21.65,19.29
2016-01-12,19.35,18.74,19.89,17.91
2016-01-13,18.77,16.87,18.99,16.87
2016-01-14,15.51,17.26,17.59,15.18
2016-01-15,16.7,15.78,16.98,15.61
2016-01-18,15.02,15.8,16.49,14.8
2016-01-19,15.68,16.81,17.2,15.68
2016-01-20,16.58,17.59,17.83,16.5
2016-01-21,17.09,15.91,17.57,15.88
2016-01-22,16.4,15.92,16.45,15.3
2016-01-25,16.03,16.4,16.5,16.0
2016-01-26,16.05,14.76,16.24,14.76
2016-01-27,14.77,14.68,14.92,13.77
2016-01-28,14.38,14.48,15.22,14.3
2016-01-29,14.3,15.58,15.71,14.3
2016-02-01,15.5,16.1,16.68,15.4
2016-02-02,16.11,16.53,16.79,15.91
2016-02-03,16.09,16.71,16.79,15.9
2016-02-04,16.72,17.39,17.76,16.58
2016-02-05,17.75,18.34,19.1,17.2
2016-02-15,17.62,19.55,19.85,17.36
2016-02-16,19.31,19.9,20.48,19.31
2016-02-17,19.55,20.17,20.3,19.52
2016-02-18,19.81,21.64,22.13,19.81
2016-02-19,21.15,21.96,22.0,21.03
2016-02-22,22.9,23.04,23.23,22.23
2016-02-23,22.7,22.64,23.35,22.45
2016-08-17,20.38,22.08,22.69,20.38
2016-08-18,21.38,21.11,21.6,20.6
2016-08-19,20.76,21.1,21.19,20.35
2016-08-22,20.9,20.77,21.08,20.4
2016-08-23,20.6,20.58,20.93,20.38
2016-08-24,20.44,20.14,20.66,19.91
2016-08-25,19.97,20.16,20.26,19.83
2016-08-26,20.25,20.17,20.35,20.01
2016-08-29,20.2,20.73,20.75,19.58
2016-08-30,20.8,21.29,21.5,20.63
2016-08-31,21.32,21.3,21.49,20.8
2016-09-01,21.35,20.93,21.5,20.85
2016-09-02,20.72,20.8,20.98,20.15
2016-09-05,20.55,20.69,20.88,20.34
2016-09-06,20.57,21.0,21.08,20.23
2016-09-07,20.95,21.45,21.5,20.81
2016-09-08,21.48,22.02,22.1,21.28
2016-09-09,21.93,22.71,23.23,21.84
2016-09-12,22.29,22.4,22.69,21.96
2016-09-13,22.46,23.16,23.16,22.22
2016-09-14,23.01,24.72,24.98,22.93
2016-09-19,24.79,24.75,25.51,24.15
2016-09-20,24.53,25.0,26.12,24.0
2016-09-21,24.8,24.66,25.29,24.55
2016-09-22,24.51,23.57,24.6,23.55
2016-09-23,23.66,22.86,23.68,22.71
2016-09-26,23.09,23.06,23.53,22.88
2016-09-27,22.98,23.33,23.5,22.51
2016-09-28,23.51,24.51,24.88,23.5
2016-09-29,24.5,24.48,24.78,24.0
2016-09-30,24.38,24.16,24.46,24.03
2016-10-10,24.16,24.76,24.85,23.3
2016-10-11,24.66,24.5,24.85,24.16
2016-10-12,24.35,23.92,24.38,23.91
2016-10-13,23.81,23.96,24.19,23.81
2016-10-14,24.03,23.56,24.09,23.32
2016-10-17,23.56,23.33,23.96,22.86
2016-10-18,23.22,23.39,23.55,23.05
2016-10-19,23.48,23.73,23.74,22.24
2016-10-20,23.66,23.68,23.86,23.49
2016-10-21,23.58,23.29,23.69,22.18
2016-10-24,23.6,23.78,23.94,23.08
2016-10-25,23.59,24.43,24.6,23.55
2016-10-26,24.2,25.93,26.2,24.2
2016-10-27,26.06,25.56,26.5,25.3
2016-10-28,25.75,25.63,26.0,25.33
2016-10-31,25.45,25.64,25.89,25.1
2016-11-01,23.08,23.08,23.2,23.08
2016-11-02,21.31,22.68,23.66,21.31
2016-11-03,21.9,22.92,22.98,21.5
2016-11-04,22.82,22.25,23.2,22.25
2016-11-07,22.25,22.3,22.48,21.6
2016-11-08,22.42,23.02,23.14,22.3
2016-11-09,23.02,23.08,23.27,22.59
2016-11-10,23.19,23.18,23.43,22.9
2016-11-11,23.27,23.4,23.53,23.0
2016-11-14,23.2,24.4,24.73,23.2
2016-11-15,24.4,24.8,25.14,24.32
2016-11-16,24.94,25.79,26.18,24.51
2016-11-17,25.75,25.8,26.15,25.38
2016-11-18,26.09,26.0,26.09,25.35
2016-11-21,25.71,26.31,26.88,25.71
2016-11-22,26.28,26.38,26.66,26.19
2016-11-23,26.6,28.71,29.0,26.35
2016-11-24,28.2,28.18,29.48,27.79
2016-11-25,28.0,28.2,28.68,27.03
2016-11-28,28.26,28.56,29.2,28.16
2016-11-29,28.49,27.95,28.55,27.76
2016-11-30,26.26,26.42,28.18,26.26
2016-12-01,26.62,26.6,27.3,26.41
2016-12-02,26.97,26.02,27.18,25.56
2016-12-05,25.3,26.03,26.3,25.3
2016-12-06,26.22,27.3,27.5,25.5
2016-12-07,27.2,27.76,28.09,27.02
2016-12-08,27.65,27.85,27.95,27.55
2016-12-09,27.95,27.99,28.38,27.53
2016-12-12,27.99,27.4,28.33,26.5
2016-12-13,27.53,28.13,28.18,26.45
2016-12-14,28.12,28.25,28.38,27.81
2016-12-15,27.95,29.1,29.2,27.95
2016-12-16,29.0,31.25,31.95,28.9
2016-12-19,31.1,30.95,31.95,30.5
2016-12-20,30.9,30.71,31.55,30.1
2016-12-21,30.8,30.88,31.87,30.02
2016-12-22,30.82,30.8,31.52,30.21
2016-12-23,30.8,30.44,30.96,29.32
2016-12-26,30.5,29.96,30.65,29.6
2016-12-27,30.11,29.95,30.38,29.5
2016-12-28,29.89,29.15,29.94,28.65
2016-12-29,28.98,28.72,29.16,28.66
2016-12-30,26.3,29.0,29.0,26.3
2017-01-03,28.52,28.5,28.65,27.72
2017-01-04,28.3,28.27,28.74,28.01
2017-01-05,28.27,28.32,28.56,28.13
2017-01-06,28.3,27.66,28.3,27.26
2017-01-09,27.53,27.4,27.94,27.0
2017-01-10,27.32,26.93,27.6,26.59
2017-01-11,26.93,27.31,27.45,26.11
2017-01-12,27.3,27.37,27.82,27.06
2017-01-13,27.4,27.27,27.4,26.9
2017-01-16,27.16,26.8,27.21,24.54
2017-01-17,26.2,26.03,26.78,25.6
2017-01-18,26.3,26.07,26.3,25.55
2017-01-19,25.9,26.25,26.3,25.68
2017-01-20,25.96,26.2,26.3,25.96
2017-01-23,26.06,26.46,26.78,26.06
2017-01-24,26.3,25.72,26.58,25.5
2017-01-25,25.55,26.2,26.48,25.4
2017-01-26,26.2,26.35,26.5,25.9
2017-02-03,26.35,26.5,26.6,26.24
2017-02-06,26.51,26.55,26.69,26.3
2017-02-07,26.55,26.57,26.57,26.22
2017-02-08,26.56,26.63,26.67,26.41
2017-02-09,26.65,26.64,26.66,26.46
2017-02-10,26.56,27.57,29.29,26.51
2017-02-13,27.17,27.63,27.75,27.11
2017-02-14,27.61,27.28,27.66,27.26
2017-02-15,27.43,27.13,27.43,26.71
2017-02-16,26.93,27.15,27.16,26.83
2017-02-17,27.14,27.01,27.94,26.64
2017-02-20,26.9,26.39,26.9,26.2
2017-02-21,26.3,26.0,26.31,25.01
2017-02-22,26.01,26.44,26.49,25.6
2017-02-23,26.3,26.0,26.56,25.91
2017-02-24,25.81,26.02,26.3,25.05
2017-02-27,25.89,25.9,25.98,25.6
2017-02-28,25.8,26.09,26.4,25.53
2017-03-01,26.09,25.4,26.16,23.48
2017-03-02,25.4,24.4,25.5,23.0
2017-03-03,24.05,24.4,24.48,21.96
2017-03-06,23.69,24.39,24.8,23.69
2017-03-07,24.3,24.42,24.67,24.01
2017-03-08,24.49,24.4,24.49,24.32
2017-03-09,24.41,23.94,24.49,23.72
2017-03-10,23.87,23.9,24.13,23.71
2017-03-13,23.9,24.18,24.18,23.5
2017-03-14,24.3,24.25,24.38,24.03
2017-03-15,24.23,24.39,24.49,24.02
2017-03-16,24.4,24.41,24.5,24.17
2017-03-17,24.41,24.1,24.42,23.68
2017-03-20,23.95,24.13,24.16,23.53
2017-03-21,24.12,24.5,24.5,23.83
2017-03-22,24.48,24.47,24.95,24.3
2017-03-23,24.47,24.47,24.65,24.11
2017-03-24,24.47,24.4,24.48,24.0
2017-04-12,24.5,24.8,24.98,22.19
2017-04-13,24.66,26.25,26.29,24.4
2017-04-14,26.25,26.35,26.85,25.56
2017-04-17,26.19,23.72,26.19,23.72
2017-04-18,23.95,23.75,23.95,21.35
2017-04-19,23.7,23.8,24.11,22.8
2017-04-20,23.84,24.36,24.65,23.81
2017-04-21,24.36,24.62,25.09,24.21
2017-04-24,24.66,24.55,25.13,24.16
2017-04-25,24.56,24.68,25.28,24.44
2017-04-26,24.8,24.71,24.97,24.17
2017-04-27,24.75,24.84,25.3,24.71
2017-04-28,24.9,24.98,25.17,24.83
2017-06-07,25.11,27.37,27.47,25.0
2017-06-08,27.0,27.41,27.85,26.9
2017-06-09,27.11,27.41,27.68,27.01
2017-06-12,27.18,27.41,27.58,26.99
2017-06-13,27.5,27.5,28.2,27.47
2017-06-14,27.44,27.21,27.75,27.11
2017-06-15,27.21,27.55,27.6,27.1
2017-06-16,28.1,29.5,29.98,28.1
2017-06-19,29.66,29.53,29.84,29.01
2017-06-20,29.53,29.8,29.83,29.4
2017-06-21,29.8,30.24,31.06,29.72
2017-06-22,30.28,30.0,30.94,29.82
2017-06-23,29.2,29.99,30.44,28.88
2017-06-26,30.05,30.94,30.94,30.05
2017-06-27,30.94,32.74,33.0,30.18
2017-06-28,32.7,33.35,33.48,32.37
2017-06-29,33.34,32.79,33.76,30.02
2017-06-30,31.96,32.64,32.76,30.81
2017-07-03,32.46,32.53,33.28,31.66
2017-07-04,33.29,32.8,33.53,32.54
2017-07-05,33.2,32.6,33.29,31.51
2017-07-06,32.6,32.35,32.7,32.01
2017-07-07,32.2,31.7,32.53,30.96
2017-07-10,31.65,31.0,31.65,30.6
2017-07-11,30.79,31.0,31.3,30.52
2017-07-12,31.2,31.1,31.25,30.97
2017-07-13,31.0,31.09,31.2,30.74
2017-07-14,30.9,31.7,31.7,28.13
2017-07-17,31.59,31.25,32.01,30.18
2017-07-18,31.2,31.24,31.53,30.5
2017-08-01,32.3,31.3,32.3,30.52
2017-08-02,31.29,31.0,31.5,30.4
2017-08-03,30.35,30.96,30.96,30.35
2017-08-04,30.77,30.88,31.35,30.36
2017-08-07,30.88,30.76,31.2,30.51
2017-08-08,30.58,30.79,31.13,30.51
2017-08-09,30.79,30.74,31.14,30.56
2017-08-10,30.9,30.74,30.92,30.56
2017-08-11,30.61,30.8,30.84,30.6
2017-08-14,30.82,30.81,30.93,30.7
2017-08-15,30.71,30.8,30.97,30.71
2017-08-16,30.89,30.84,30.91,30.67
2017-08-17,30.83,30.81,31.0,30.59
2017-08-18,30.8,30.98,31.12,30.64
2017-08-21,30.94,30.85,31.09,30.61
2017-08-22,30.89,30.86,30.89,30.6
2017-08-23,30.91,30.81,30.91,30.68
2017-08-24,30.81,30.69,30.81,30.61
2017-08-25,30.69,30.8,32.0,30.53
2017-08-28,30.78,30.61,30.95,30.61
2017-08-29,30.75,30.56,30.75,30.48
2017-08-30,30.65,30.6,30.71,30.09
2017-08-31,30.68,30.47,30.68,30.38
2017-09-01,30.46,30.46,30.54,30.24
2017-09-04,30.7,31.6,32.16,30.46
2017-09-05,31.62,31.91,32.23,31.62
2017-09-06,32.08,32.0,32.2,31.91
2017-09-07,32.09,31.85,32.3,31.74
2017-09-08,31.97,31.83,33.2,31.1
2017-09-11,31.82,31.66,31.82,31.35
2017-09-12,31.5,31.15,31.7,31.11
2017-09-13,31.1,30.85,31.25,30.51
2017-09-14,30.7,30.99,30.99,30.4
2017-09-15,30.99,30.8,30.99,30.53
2017-09-18,30.88,30.4,30.88,30.15
2017-09-19,30.38,30.44,30.69,30.0
2017-09-20,30.35,30.31,30.83,29.66
2017-09-21,30.75,30.42,30.83,30.36
2017-09-22,30.42,30.41,30.65,30.01
2017-09-25,30.39,30.29,30.48,30.09
2017-09-26,30.15,31.3,31.5,30.15
2017-09-27,31.35,31.07,31.39,30.81
2017-09-28,31.07,31.3,31.48,30.3
2017-09-29,31.13,31.17,31.19,30.6
2017-10-09,31.09,30.85,31.18,30.43
2017-10-10,30.49,30.23,30.78,30.1
2017-10-11,30.44,30.95,31.0,30.17
2017-10-12,30.93,30.7,30.93,30.46
2017-10-13,30.7,30.61,30.88,30.5
2017-10-16,30.61,30.62,30.98,30.4
2017-10-17,30.37,30.62,30.64,30.37
2017-10-18,30.75,30.57,30.75,30.12
2017-10-19,30.55,30.42,30.55,30.11
2017-10-20,30.35,30.61,30.71,30.21
2017-10-23,30.7,30.49,30.78,30.18
2017-10-24,30.3,30.43,30.75,30.07
2017-10-25,30.31,30.27,30.33,30.01
2017-10-26,30.2,30.3,30.33,30.01
2017-10-27,30.27,30.1,30.27,30.0
2017-10-30,29.9,30.6,30.77,29.9
2017-10-31,30.53,31.5,31.88,30.2
2017-11-01,31.46,31.76,32.3,31.2
2017-11-02,31.64,31.4,32.25,31.03
2017-11-03,31.52,31.1,31.52,30.86
2017-11-06,31.09,31.02,31.09,30.18
2017-11-07,30.9,30.58,30.9,30.3
2017-11-08,30.52,30.3,30.75,30.2
2017-11-09,30.38,30.35,30.59,30.28
2017-11-10,30.3,30.25,30.41,30.07
2017-11-13,30.09,30.23,30.3,29.92
2017-11-14,30.23,30.23,30.7,29.9
2017-11-15,30.29,30.26,30.29,29.85
2017-11-16,29.91,30.84,30.84,29.83
2017-11-17,30.6,30.4,30.8,30.1
2017-11-20,30.47,30.13,30.47,29.7
2017-11-21,30.08,30.0,30.19,29.88
2017-11-22,30.05,29.97,30.24,29.71
2017-11-23,30.05,29.96,30.05,29.7
2017-11-24,29.94,29.97,29.97,29.5
2017-11-27,29.89,30.09,30.26,29.6
2017-11-28,30.09,29.77,30.2,29.75
2017-11-29,29.7,29.97,29.97,29.5
2017-11-30,29.94,29.9,29.94,29.68
2017-12-01,29.62,29.88,29.9,29.28
2017-12-04,29.99,29.75,29.99,26.89
2017-12-05,29.5,29.5,29.5,28.0
2017-12-06,28.95,28.9,29.3,28.0
2018-05-21,26.01,26.01,26.01,26.01
2018-05-22,23.41,23.41,23.41,23.41
2018-05-23,21.07,21.07,21.07,21.07
2018-05-24,18.96,18.96,18.96,18.96
2018-05-25,17.06,17.06,17.06,17.06
