date,open,close,high,low
2016-01-04,7.96,7.174,8.029,7.174
2016-01-05,6.63,6.783,7.12,6.492
2016-01-06,6.838,7.243,7.332,6.749
2016-01-07,7.07,6.521,7.07,6.521
2016-01-08,6.734,6.699,6.887,6.081
2016-01-11,6.427,6.032,6.596,6.032
2016-01-12,6.027,6.136,6.304,5.884
2016-01-13,6.156,5.973,6.413,5.933
2016-01-14,5.73,6.225,6.225,5.646
2016-01-15,6.076,6.23,6.408,5.958
2016-01-18,6.081,6.442,6.516,5.982
2016-01-19,6.324,6.67,6.704,6.264
2016-01-20,6.655,6.502,6.655,6.427
2016-01-21,6.205,6.165,6.65,6.165
2016-01-22,6.259,6.259,6.378,6.037
2016-01-25,6.329,6.462,6.512,6.284
2016-01-26,6.427,5.814,6.427,5.814
2016-01-27,5.814,5.656,5.933,5.246
2016-01-28,5.483,5.093,5.627,5.093
2016-01-29,5.038,5.266,5.429,4.989
2016-02-01,5.241,5.048,5.266,4.919
2016-02-02,5.068,5.414,5.547,5.048
2016-02-03,5.34,5.483,5.518,5.216
2016-02-04,5.597,5.72,5.829,5.587
2016-02-05,5.75,5.641,5.809,5.607
2016-02-15,5.449,6.205,6.205,5.449
2016-02-16,6.032,6.334,6.363,6.032
2016-02-17,6.259,6.304,6.353,6.096
2016-02-18,6.304,6.205,6.418,6.19
2016-02-19,6.165,6.249,6.279,6.16
2016-02-22,6.343,6.358,6.526,6.304
2016-02-23,6.329,6.467,6.477,6.289
2016-02-24,6.403,6.447,6.516,6.24
2016-02-25,6.452,5.804,6.452,5.804
2016-02-26,5.809,5.864,5.958,5.691
2016-02-29,5.814,5.379,5.814,5.28
2016-03-01,5.453,5.582,5.612,5.364
2016-03-02,5.607,5.982,6.032,5.567
2016-03-03,6.022,6.581,6.581,6.007
2016-03-04,6.576,6.264,6.774,6.205
2016-03-07,6.566,6.615,6.704,6.447
2016-03-08,7.07,6.882,7.189,6.783
2016-03-09,6.403,6.373,6.6,6.279
2016-03-10,6.423,6.279,6.526,6.081
2016-03-11,6.121,6.289,6.358,6.121
2016-03-14,6.418,6.536,6.645,6.334
2016-03-15,6.467,6.398,6.62,6.329
2016-03-16,6.363,6.304,6.462,6.18
2016-03-17,6.452,6.536,6.571,6.393
2016-03-18,6.62,6.803,6.872,6.546
2016-03-21,6.897,6.981,6.986,6.675
2016-03-22,6.867,6.858,7.11,6.724
2016-03-23,6.798,6.996,7.065,6.778
2016-03-24,7.317,6.981,7.639,6.961
2016-03-25,6.774,6.882,6.917,6.749
2016-03-28,6.902,6.887,7.174,6.863
2016-03-29,6.922,6.853,6.996,6.699
2016-03-30,6.966,7.075,7.085,6.882
2016-03-31,7.1,7.001,7.144,6.942
2016-04-01,6.922,6.882,6.971,6.764
2016-04-05,6.902,7.06,7.1,6.848
2016-04-06,7.045,7.144,7.268,7.021
2016-04-07,7.149,7.219,7.545,7.06
2016-04-08,7.228,7.411,7.535,7.1
2016-04-11,7.555,7.481,7.659,7.352
2016-04-12,7.411,7.283,7.451,7.154
2016-04-13,7.367,7.486,7.663,7.367
2016-04-14,7.51,7.441,7.545,7.347
2016-04-15,7.416,7.436,7.49,7.317
2016-04-18,7.342,7.085,7.342,7.055
2016-04-19,7.164,7.13,7.248,7.026
2016-04-20,7.189,6.709,7.293,6.556
2016-04-21,6.872,7.001,7.288,6.833
2016-04-22,6.843,7.703,7.703,6.739
2016-04-25,7.861,7.713,8.069,7.545
2016-04-26,7.708,7.911,7.955,7.505
2016-04-27,7.856,7.797,7.896,7.654
2016-04-28,7.708,7.589,7.762,7.387
2016-04-29,7.49,7.565,7.713,7.486
2016-05-03,7.57,7.896,8.005,7.476
2016-05-04,7.802,7.668,7.861,7.639
2016-05-05,7.683,8.01,8.104,7.614
2016-05-06,7.96,7.589,8.089,7.589
2016-05-09,7.406,6.922,7.406,6.863
2016-05-10,6.823,6.818,6.991,6.704
2016-05-11,6.917,6.828,7.05,6.808
2016-05-12,6.6,6.813,6.863,6.427
2016-05-13,6.774,6.818,6.956,6.675
2016-05-16,6.778,7.065,7.12,6.719
2016-05-17,7.07,7.125,7.377,7.045
2016-05-18,6.961,6.858,7.07,6.675
2016-05-19,6.917,7.065,7.164,6.887
2016-05-20,6.981,7.263,7.317,6.927
2016-05-23,7.214,7.812,7.911,7.214
2016-05-24,7.649,7.668,7.807,7.49
2016-05-25,7.748,7.654,7.792,7.466
2016-05-26,7.584,7.688,7.703,7.387
2016-05-27,7.703,7.614,7.846,7.545
2016-05-30,7.495,7.352,7.495,7.273
2016-05-31,7.352,7.807,7.837,7.327
2016-06-01,7.767,8.064,8.356,7.762
2016-06-02,8.015,8.158,8.509,7.985
2016-06-03,8.202,8.207,8.306,8.079
2016-06-06,8.267,8.227,8.479,8.113
2016-06-07,8.188,8.346,8.395,8.01
2016-06-08,8.282,8.346,8.371,8.133
2016-06-13,8.084,8.207,8.756,8.084
2016-06-14,8.074,8.252,8.395,7.926
2016-06-15,8.138,8.746,8.9,8.138
2016-06-16,9.147,8.974,9.621,8.875
2016-06-17,9.087,9.107,9.221,8.825
2016-06-20,9.087,9.191,9.29,8.979
2016-06-21,9.271,8.868,9.902,8.555
2016-06-22,9.047,9.753,9.753,8.953
2016-06-23,9.942,10.32,10.727,9.694
2016-06-24,10.136,10.086,10.3,9.544
2016-06-27,9.902,10.121,10.24,9.798
2016-06-28,10.041,9.967,10.086,9.798
2016-06-29,9.967,10.007,10.151,9.718
2016-06-30,10.166,9.892,10.444,9.788
2016-07-01,9.743,9.694,9.892,9.634
2016-07-04,9.679,9.917,10.191,9.679
2016-07-05,9.897,9.793,9.917,9.698
2016-07-06,9.748,10.076,10.191,9.748
2016-07-07,10.439,10.732,11.085,10.295
2016-07-08,10.439,10.28,10.578,10.28
2016-07-11,10.389,10.141,10.822,10.121
2016-07-12,10.111,10.041,10.24,9.788
2016-07-13,9.997,10.29,10.434,9.982
2016-07-14,10.24,10.573,10.877,10.196
2016-07-15,10.583,10.916,11.369,10.578
2016-07-18,10.842,11.384,11.563,10.787
2016-07-19,11.195,11.294,11.374,11.061
2016-07-20,11.309,11.235,11.93,11.185
2016-07-21,11.185,11.578,11.582,10.862
2016-07-22,11.433,11.334,11.687,11.239
2016-07-25,11.433,11.314,11.831,10.946
2016-07-26,11.19,12.015,12.015,11.085
2016-07-27,11.95,10.936,11.98,10.842
2016-07-28,10.852,11.11,11.309,10.852
2016-07-29,10.986,10.539,11.215,10.28
2016-08-01,10.345,10.384,10.608,9.942
2016-08-02,10.365,10.449,10.499,10.215
2016-08-03,10.489,10.196,10.514,10.111
2016-08-04,10.206,10.265,10.36,9.987
2016-08-05,10.235,9.942,10.315,9.942
2016-08-08,9.877,10.325,10.375,9.758
2016-08-09,10.285,10.34,10.379,10.141
2016-08-10,10.345,10.519,10.737,10.27
2016-08-11,10.414,10.086,10.429,10.051
2016-08-12,9.907,10.215,10.28,9.907
2016-08-15,10.24,10.414,10.603,10.096
2016-08-16,10.484,10.762,10.971,10.444
2016-08-17,10.767,10.747,10.946,10.563
2016-08-18,10.698,10.693,10.867,10.628
2016-08-19,10.688,10.718,10.752,10.593
2016-08-22,10.767,10.772,10.906,10.504
2016-08-23,10.757,10.747,10.931,10.618
2016-08-24,10.688,10.409,10.732,10.379
2016-08-25,10.275,10.017,10.28,9.942
2016-08-26,10.032,9.987,10.315,9.877
2016-08-29,9.922,10.032,10.131,9.892
2016-08-30,10.032,9.997,10.141,9.947
2016-08-31,10.076,10.136,10.255,10.076
2016-09-01,10.002,9.783,10.091,9.783
2016-09-02,9.788,9.544,9.867,9.46
2016-09-05,9.624,9.629,9.783,9.44
2016-09-06,9.644,9.892,9.927,9.539
2016-09-07,9.892,9.897,10.036,9.853
2016-09-08,9.917,9.892,10.051,9.783
2016-09-09,9.892,9.694,9.917,9.694
2016-09-12,9.47,9.346,9.515,9.251
2016-09-13,9.425,9.619,9.619,9.281
2016-09-14,9.773,10.151,10.499,9.773
2016-09-19,10.051,10.071,10.121,9.892
2016-09-20,10.041,9.932,10.041,9.833
2016-09-21,9.982,9.907,10.022,9.877
2016-09-22,9.992,10.002,10.215,9.942
2016-09-23,10.036,9.718,10.061,9.718
2016-09-26,9.748,9.624,9.942,9.624
2016-09-27,9.649,9.723,9.743,9.559
2016-09-28,9.753,10.027,10.191,9.723
2016-09-29,10.027,10.106,10.186,9.942
2016-09-30,10.046,10.186,10.191,10.041
2016-10-10,10.34,10.235,10.414,9.942
2016-10-11,10.176,10.524,10.563,10.091
2016-10-12,10.444,10.335,10.489,10.265
2016-10-13,10.3,10.225,10.384,10.201
2016-10-14,10.285,10.27,10.355,10.091
2016-10-17,10.32,10.33,10.419,10.181
2016-10-18,10.34,10.489,10.678,10.29
2016-10-19,10.563,10.568,10.633,10.449
2016-10-20,10.613,10.628,10.668,10.489
2016-10-21,10.628,10.563,10.906,10.394
2016-10-24,10.693,10.444,10.713,10.33
2016-10-25,10.464,10.534,10.608,10.429
2016-10-26,10.519,10.375,10.519,10.28
2016-10-27,10.34,10.365,10.464,10.31
2016-10-28,10.365,10.673,10.777,10.325
2016-10-31,10.658,10.862,11.061,10.504
2016-11-01,10.936,10.877,10.986,10.767
2016-11-02,10.832,10.737,10.882,10.638
2016-11-03,10.737,10.688,10.852,10.638
2016-11-04,10.703,10.732,10.921,10.663
2016-11-07,10.762,10.708,10.852,10.549
2016-11-08,10.539,10.201,10.539,9.952
2016-11-09,10.181,10.101,10.28,9.942
2016-11-10,10.191,10.141,10.34,10.126
2016-11-11,10.21,10.588,10.688,10.131
2016-11-14,10.365,10.29,10.563,10.28
2016-11-15,10.31,10.35,10.464,10.23
2016-11-16,10.31,10.22,10.35,10.206
2016-11-17,10.235,10.116,10.235,10.091
2016-11-18,10.141,10.161,10.345,10.116
2016-11-21,10.166,10.116,10.225,10.066
2016-11-22,10.121,10.255,10.26,10.081
2016-11-23,10.29,10.136,10.29,10.101
2016-11-24,10.096,10.151,10.27,10.096
2016-11-25,10.141,10.017,10.141,9.788
2016-11-28,10.022,10.066,10.176,9.992
2016-11-29,10.022,9.843,10.091,9.833
2016-11-30,9.848,9.718,9.867,9.694
2016-12-01,9.743,9.758,9.833,9.703
2016-12-02,9.783,9.679,9.813,9.674
2016-12-05,9.644,9.554,9.723,9.495
2016-12-06,9.594,9.679,9.783,9.594
2016-12-07,9.689,9.843,9.872,9.619
2016-12-08,9.848,9.843,9.992,9.843
2016-12-09,9.808,9.579,9.882,9.579
2016-12-12,9.569,9.032,9.694,9.003
2016-12-13,9.037,9.117,9.137,8.63
2016-12-14,9.057,9.012,9.112,8.863
2016-12-15,8.948,9.017,9.191,8.918
2016-12-16,8.943,9.137,9.181,8.943
2016-12-19,9.097,9.177,9.206,9.052
2016-12-20,9.177,9.172,9.221,9.052
2016-12-21,9.221,9.435,9.495,9.172
2016-12-22,9.44,9.395,9.589,9.311
2016-12-23,9.326,9.206,9.47,9.196
2016-12-26,9.117,9.311,9.341,9.052
2016-12-27,9.311,9.201,9.341,9.127
2016-12-28,9.102,9.201,9.326,9.102
2016-12-29,9.147,9.201,9.316,9.127
2016-12-30,9.271,9.251,9.321,9.167
2017-01-03,9.211,9.281,9.316,9.211
2017-01-04,9.306,9.385,9.415,9.211
2017-01-05,9.385,9.296,9.385,9.256
2017-01-06,9.271,9.072,9.336,8.998
2017-01-09,9.097,9.206,9.226,9.037
2017-01-10,9.221,9.142,9.236,9.122
2017-01-11,9.147,8.983,9.196,8.963
2017-01-12,9.008,8.699,9.042,8.665
2017-01-13,8.699,8.595,8.824,8.595
2017-01-16,8.59,8.595,8.769,8.187
2017-01-17,8.6,8.302,8.6,8.113
2017-01-18,8.396,8.013,8.396,7.964
2017-01-19,7.974,7.904,8.063,7.745
2017-01-20,8.053,8.317,8.426,8.053
2017-01-23,8.292,8.401,8.486,8.267
2017-01-24,8.351,8.456,8.54,8.326
2017-01-25,8.491,8.6,8.754,8.401
2017-01-26,8.515,8.804,8.819,8.515
2017-02-03,8.923,8.749,8.993,8.65
2017-02-06,8.799,8.853,8.893,8.739
2017-02-07,8.789,8.878,8.978,8.789
2017-02-08,8.888,8.953,8.988,8.809
2017-02-09,8.983,9.142,9.181,8.923
2017-02-10,9.132,9.102,9.152,8.973
2017-02-13,9.196,9.087,9.336,9.027
2017-02-14,9.137,8.978,9.137,8.853
2017-02-15,8.978,9.037,9.097,8.948
2017-02-16,8.958,9.117,9.191,8.958
2017-02-17,9.082,8.893,9.147,8.829
2017-02-20,8.873,9.012,9.052,8.863
2017-02-21,9.037,9.276,9.296,9.037
2017-02-22,9.485,9.863,10.186,9.485
2017-02-23,9.708,9.793,10.076,9.634
2017-02-24,9.783,9.763,10.027,9.669
2017-02-27,10.215,9.763,10.215,9.694
2017-02-28,9.823,9.708,9.823,9.549
2017-03-01,9.674,10.051,10.091,9.574
2017-03-02,9.942,10.141,10.638,9.917
2017-03-03,10.131,10.28,10.365,9.917
2017-03-06,10.201,10.469,10.514,10.091
2017-03-07,10.573,10.305,10.762,10.25
2017-03-08,10.35,10.156,10.379,10.091
2017-03-09,10.111,9.947,10.25,9.942
2017-03-10,9.992,9.992,10.146,9.882
2017-03-13,9.992,10.365,10.379,9.922
2017-03-14,10.384,10.345,10.479,10.24
2017-03-15,10.28,10.161,10.32,10.121
2017-03-16,10.21,10.285,10.35,10.156
2017-03-17,10.22,10.091,10.29,10.081
2017-03-20,10.066,10.007,10.176,9.927
2017-03-21,10.002,9.882,10.061,9.793
2017-03-22,9.853,9.937,9.972,9.783
2017-03-23,9.942,9.917,10.027,9.793
2017-03-24,9.912,9.808,9.912,9.748
2017-03-27,9.803,9.748,9.877,9.713
2017-03-28,9.793,9.997,10.071,9.753
2017-03-29,9.992,10.215,10.265,9.853
2017-03-30,10.166,9.957,10.32,9.798
2017-03-31,9.877,9.47,9.982,9.336
2017-04-05,9.475,9.639,9.669,9.4
2017-04-06,9.614,9.534,9.614,9.47
2017-04-07,9.539,9.524,9.669,9.505
2017-04-10,9.544,9.306,9.554,9.301
2017-04-11,9.271,9.36,9.395,9.072
2017-04-12,9.341,9.241,9.39,9.211
2017-04-13,9.201,9.281,9.375,9.186
2017-04-14,9.296,8.848,9.296,8.829
2017-04-17,8.824,8.898,9.012,8.779
2017-04-18,8.893,8.903,9.042,8.863
2017-04-19,8.903,8.699,8.903,8.625
2017-04-20,8.674,8.739,8.834,8.674
2017-04-21,8.804,9.047,9.087,8.754
2017-04-24,9.052,8.804,9.092,8.774
2017-04-25,8.809,8.993,9.012,8.809
2017-04-26,8.878,8.968,9.087,8.848
2017-04-27,8.923,9.291,9.336,8.853
2017-04-28,9.241,9.271,9.42,9.211
2017-05-02,9.346,9.291,9.395,9.251
2017-05-03,9.246,9.236,9.36,9.152
2017-05-04,9.196,9.246,9.375,9.157
2017-05-05,9.231,8.873,9.256,8.838
2017-05-08,8.848,8.615,8.968,8.615
2017-05-09,8.545,8.789,8.814,8.545
2017-05-10,8.814,8.505,8.843,8.491
2017-05-11,8.505,8.635,8.655,8.406
2017-05-12,8.635,8.61,8.699,8.52
2017-05-15,8.63,8.5,8.684,8.486
2017-05-16,8.5,8.769,8.774,8.312
2017-05-17,8.774,8.943,9.112,8.734
2017-05-18,8.973,8.963,9.147,8.888
2017-05-19,8.918,8.928,8.988,8.804
2017-05-22,8.953,8.814,9.027,8.789
2017-05-23,8.814,8.331,8.829,8.277
2017-05-24,8.331,8.292,8.486,8.138
2017-05-25,8.322,8.491,8.615,7.909
2017-05-26,8.49,8.21,8.5,8.14
2017-05-31,8.34,7.8,8.4,7.79
2017-06-01,7.82,7.39,7.89,7.33
2017-06-02,7.31,7.49,7.62,7.07
2017-06-05,7.53,7.64,7.72,7.46
2017-06-06,7.69,7.9,8.01,7.62
2017-06-07,7.9,8.11,8.17,7.81
2017-06-08,8.1,7.99,8.28,7.96
2017-06-09,7.97,7.96,8.07,7.89
2017-06-12,7.89,7.68,7.96,7.64
2017-06-13,7.69,8.1,8.17,7.69
2017-06-14,8.1,8.12,8.25,8.0
2017-06-15,8.1,8.26,8.31,8.04
2017-06-16,8.28,8.24,8.4,8.13
2017-06-19,8.25,8.23,8.29,8.11
2017-06-20,8.24,8.58,8.79,8.24
2017-06-21,8.57,8.63,8.72,8.47
2017-06-22,8.6,8.29,8.68,8.2
2017-06-23,8.3,8.49,8.56,8.25
2017-06-26,8.83,9.34,9.34,8.73
2017-06-27,9.54,9.35,9.69,9.26
2017-06-28,9.19,9.32,9.51,9.18
2017-06-29,9.4,9.31,9.56,9.15
2017-06-30,9.23,9.19,9.28,9.11
2017-07-03,9.28,9.34,9.47,9.2
2017-07-04,9.26,9.3,9.44,9.16
2017-07-05,9.25,9.42,9.49,9.18
2017-07-06,9.43,9.65,9.89,9.26
2017-07-07,9.56,9.74,9.84,9.38
2017-07-10,9.65,10.02,10.16,9.59
2017-07-11,9.89,9.33,9.95,9.2
2017-07-12,9.27,9.52,9.54,9.11
2017-07-13,9.48,9.37,9.66,9.36
2017-07-14,9.37,9.68,9.77,9.15
2017-07-17,9.53,9.68,9.96,9.15
2017-07-18,9.45,10.18,10.18,9.41
2017-07-19,10.18,10.39,10.47,10.03
2017-07-20,10.25,10.2,10.34,10.1
2017-07-21,10.13,10.13,10.38,10.06
2017-07-24,10.36,10.39,10.58,10.13
2017-07-25,10.77,11.43,11.43,10.76
2017-07-26,11.78,11.33,12.17,11.21
2017-07-27,11.2,12.46,12.46,11.1
2017-07-28,12.01,13.25,13.63,11.88
2017-07-31,13.17,14.37,14.58,12.98
2017-08-01,14.06,13.72,14.19,13.5
2017-08-02,13.8,13.14,14.5,13.09
2017-08-03,12.88,13.0,13.32,12.68
2017-08-04,13.0,12.07,13.13,12.04
2017-08-07,12.01,12.54,12.59,11.78
2017-08-08,12.41,12.26,12.9,12.05
2017-08-09,12.6,12.56,12.8,12.14
2017-08-10,12.08,11.92,12.18,11.8
2017-08-11,11.89,10.89,11.89,10.75
2017-08-14,10.93,11.07,11.18,10.61
2017-08-15,11.09,11.22,11.36,10.91
2017-08-16,11.33,10.95,11.34,10.62
2017-08-17,11.2,11.1,11.27,10.85
2017-08-18,10.85,11.38,11.6,10.7
2017-08-21,11.29,11.92,11.98,11.22
2017-08-22,11.75,12.01,12.45,11.58
2017-08-23,11.98,12.23,12.52,11.84
2017-08-24,12.09,11.48,12.14,11.12
2017-08-25,11.36,11.61,11.84,11.22
2017-08-28,11.5,11.55,11.64,11.3
2017-08-29,11.56,11.35,11.82,11.3
2017-08-30,11.15,11.66,11.76,11.11
2017-08-31,11.55,11.81,11.9,11.46
2017-09-01,11.77,12.21,12.44,11.73
2017-09-04,12.18,12.28,12.65,12.13
2017-09-05,12.3,12.06,12.31,11.81
2017-09-06,11.9,12.29,12.54,11.84
2017-09-07,12.28,12.03,12.28,11.9
2017-09-08,11.9,13.09,13.23,11.89
2017-09-11,12.91,13.03,13.19,12.71
2017-09-12,13.0,12.57,13.8,12.49
2017-09-13,12.54,12.94,13.05,12.2
2017-09-14,12.87,13.2,13.3,12.55
2017-09-15,13.06,12.71,13.55,12.7
2017-09-18,12.28,12.56,12.76,12.22
2017-09-19,12.57,12.12,12.6,12.04
2017-09-20,12.1,12.46,12.57,12.04
2017-09-21,12.46,11.95,12.46,11.9
2017-09-22,11.82,11.56,11.89,11.5
2017-09-25,11.6,10.9,11.62,10.88
2017-09-26,10.98,11.04,11.22,10.9
2017-09-27,11.0,11.1,11.19,10.95
2017-09-28,11.07,10.84,11.11,10.81
2017-09-29,10.84,10.98,11.05,10.84
2017-10-09,11.25,11.17,11.33,11.11
2017-10-10,11.13,11.21,11.24,11.11
2017-10-11,11.21,11.0,11.21,10.97
2017-10-12,11.0,10.8,11.06,10.55
2017-10-13,10.81,11.01,11.02,10.8
2017-10-16,11.01,11.11,11.19,10.77
2017-10-17,11.0,10.92,11.13,10.9
2017-10-18,10.9,10.55,10.98,10.51
2017-10-19,10.54,10.15,10.59,10.05
2017-10-20,10.14,10.27,10.3,10.12
2017-10-23,10.27,10.3,10.37,10.16
2017-10-24,10.28,10.23,10.4,10.13
2017-10-25,10.28,10.44,10.53,10.28
2017-10-26,10.38,10.72,10.79,10.36
2017-10-27,10.59,10.38,10.65,10.35
2017-10-30,10.37,9.81,10.37,9.79
2017-10-31,9.77,9.89,9.97,9.77
2017-11-01,9.95,9.91,10.12,9.9
2017-11-02,9.95,9.83,9.96,9.76
2017-11-03,9.82,9.48,9.82,9.33
2017-11-06,9.48,9.57,9.57,9.4
2017-11-07,9.58,9.52,9.64,9.39
2017-11-08,9.47,9.59,9.68,9.46
2017-11-09,9.57,9.59,9.73,9.53
2017-11-10,9.56,9.33,9.58,9.28
2017-11-13,9.31,9.48,9.53,9.28
2017-11-14,9.38,9.24,9.43,9.19
2017-11-15,9.21,9.02,9.41,8.88
2017-11-16,9.0,8.72,9.0,8.72
2017-11-17,8.85,8.86,9.42,8.82
2017-11-20,8.65,8.73,8.77,8.2
2017-11-21,8.52,8.52,8.67,8.45
2017-11-22,8.56,8.53,8.65,8.43
2017-11-23,8.75,8.89,9.3,8.66
2017-11-24,8.67,9.17,9.21,8.6
2017-11-27,9.08,9.22,9.54,9.07
2017-11-28,9.15,9.32,9.35,9.02
2017-11-29,9.28,9.5,9.56,9.21
2017-11-30,9.4,9.24,9.46,9.22
2017-12-01,9.15,9.15,9.25,9.07
2017-12-04,9.18,9.01,9.33,9.01
2017-12-05,8.89,8.38,8.9,8.36
2017-12-06,8.38,8.56,8.57,8.28
2017-12-07,8.5,8.43,8.65,8.41
2017-12-08,8.36,8.56,8.63,8.35
2017-12-11,8.6,9.17,9.29,8.53
2017-12-12,9.08,9.0,9.13,8.96
2017-12-13,8.97,9.02,9.04,8.86
2017-12-14,9.09,8.91,9.1,8.88
2017-12-15,8.82,8.71,8.9,8.62
2017-12-18,8.71,9.09,9.15,8.71
2017-12-19,9.06,9.13,9.19,8.97
2017-12-20,9.06,8.97,9.25,8.92
2017-12-21,8.96,9.09,9.16,8.82
2017-12-22,9.09,9.1,9.26,9.06
2017-12-25,9.09,8.81,9.18,8.77
2017-12-26,8.7,8.84,8.86,8.63
2017-12-27,8.92,9.04,9.3,8.82
2017-12-28,9.1,9.5,9.58,9.03
2017-12-29,9.43,9.38,9.49,9.3
2018-01-02,9.37,9.55,9.56,9.29
2018-01-03,9.57,9.51,9.75,9.47
2018-01-04,9.44,9.55,9.57,9.32
2018-01-05,9.49,9.36,9.5,9.31
2018-01-08,9.31,9.59,9.64,9.3
2018-01-09,9.6,9.45,9.63,9.36
2018-01-10,9.43,9.25,9.52,9.21
2018-01-11,9.26,9.33,9.44,9.25
2018-01-12,9.26,9.08,9.3,9.07
2018-01-15,9.06,8.61,9.06,8.56
2018-01-16,8.58,8.63,8.7,8.57
2018-01-17,8.65,8.69,8.7,8.45
2018-01-18,8.64,8.7,8.85,8.63
2018-01-19,8.68,8.6,8.7,8.55
2018-01-22,8.63,8.73,8.73,8.53
2018-01-23,8.68,8.95,8.98,8.68
2018-01-24,8.88,8.84,8.9,8.75
2018-01-25,8.88,8.81,9.01,8.81
2018-01-26,8.76,8.67,8.79,8.65
2018-01-29,8.67,8.53,8.76,8.5
2018-01-30,8.58,8.52,8.62,8.47
2018-01-31,8.43,8.15,8.5,8.11
2018-02-01,8.2,7.74,8.23,7.66
2018-02-02,7.7,7.92,8.05,7.4
2018-02-05,7.63,7.83,7.91,7.63
2018-02-06,7.61,7.1,7.66,7.09
2018-02-07,7.3,7.18,7.34,6.93
2018-02-08,7.2,7.25,7.32,7.15
2018-02-09,7.01,6.93,7.14,6.82
2018-02-12,7.01,7.16,7.18,7.0
2018-02-13,7.19,7.19,7.32,7.17
2018-02-14,7.18,7.27,7.3,7.15
2018-02-22,7.31,7.54,7.62,7.31
2018-02-23,7.56,7.5,7.58,7.4
2018-02-26,7.52,7.69,7.72,7.52
2018-02-27,7.6,7.53,7.67,7.5
2018-02-28,7.49,7.58,7.69,7.4
2018-03-01,7.49,7.63,7.64,7.45
2018-03-02,7.56,7.7,7.84,7.52
2018-03-05,7.85,8.08,8.17,7.72
2018-03-06,8.04,8.09,8.12,7.9
2018-03-07,8.09,7.88,8.09,7.87
2018-03-08,7.87,7.86,7.96,7.79
2018-03-09,7.91,8.0,8.06,7.91
2018-03-12,8.08,8.16,8.19,8.01
2018-03-13,8.09,8.01,8.11,7.96
2018-03-14,8.0,8.03,8.17,7.97
2018-03-15,7.98,7.84,7.98,7.73
2018-03-16,7.83,7.76,7.86,7.74
2018-03-19,7.74,8.11,8.38,7.61
2018-03-20,8.0,7.96,8.03,7.9
2018-03-21,7.94,7.95,8.09,7.88
2018-03-22,7.91,7.99,8.11,7.91
2018-03-23,7.68,7.28,7.78,7.19
2018-03-26,7.08,7.35,7.37,6.95
2018-03-27,7.43,7.45,7.56,7.41
2018-03-28,7.35,7.31,7.45,7.3
2018-03-29,7.28,7.41,7.42,7.26
2018-03-30,7.45,7.45,7.48,7.37
2018-04-02,7.4,7.4,7.5,7.37
2018-04-03,7.28,7.07,7.28,6.97
2018-04-04,7.05,7.02,7.16,7.01
2018-04-09,6.86,7.0,7.08,6.86
2018-04-10,6.98,7.08,7.1,6.97
2018-04-11,7.12,7.14,7.19,7.1
2018-04-12,7.08,7.03,7.12,7.02
2018-04-13,7.08,7.12,7.18,7.05
2018-04-16,7.04,7.01,7.12,6.98
2018-04-17,7.05,6.97,7.11,6.97
2018-04-18,7.03,7.02,7.05,6.82
2018-04-19,7.13,7.21,7.25,7.08
2018-04-20,7.14,7.0,7.14,6.99
2018-04-23,6.92,6.92,7.04,6.85
2018-04-24,6.97,7.07,7.08,6.95
2018-04-25,7.02,7.0,7.06,6.99
2018-04-26,7.0,6.86,7.03,6.86
2018-04-27,6.92,6.97,6.98,6.85
2018-05-02,6.98,7.06,7.08,6.98
2018-05-03,7.06,7.14,7.14,6.97
2018-05-04,7.1,7.06,7.15,7.04
2018-05-07,7.08,7.17,7.2,7.08
2018-05-08,7.2,7.19,7.24,7.14
2018-05-09,7.2,7.17,7.2,7.13
2018-05-10,7.2,7.18,7.22,7.13
2018-05-11,7.2,7.21,7.28,7.16
2018-05-14,7.26,7.5,7.68,7.19
2018-05-15,7.43,7.61,7.62,7.39
2018-05-16,7.55,7.66,7.9,7.51
2018-05-17,7.65,7.66,7.76,7.55
2018-05-18,7.66,7.84,7.86,7.61
2018-05-21,7.89,7.77,8.03,7.77
2018-05-22,7.72,7.79,7.8,7.62
2018-05-23,7.7,7.51,7.73,7.5
2018-05-24,7.55,7.5,7.6,7.46
2018-05-25,7.5,7.47,7.62,7.46
