date,open,close,high,low
2016-01-04,41.793,38.021,42.156,38.021
2016-01-05,35.34,38.994,39.17,34.898
2016-01-06,38.414,39.033,39.269,37.324
2016-01-07,37.697,35.134,37.697,35.134
2016-01-08,35.654,32.649,35.733,31.617
2016-01-11,31.47,29.388,31.519,29.388
2016-01-12,29.122,29.633,30.94,27.502
2016-01-13,29.967,26.677,30.429,26.667
2016-01-14,25.606,28.042,28.464,24.143
2016-01-15,27.492,26.637,28.327,26.421
2016-01-18,25.645,28.229,29.172,25.557
2016-01-19,28.111,29.27,29.417,28.091
2016-01-20,29.26,28.739,29.643,28.494
2016-01-21,28.238,26.785,29.348,26.775
2016-01-22,27.502,27.659,27.993,26.402
2016-01-25,28.867,28.631,28.867,28.15
2016-01-26,27.875,25.832,28.386,25.832
2016-01-27,26.608,25.832,26.608,23.544
2016-01-28,25.243,23.966,25.881,23.573
2016-01-29,24.241,26.058,26.284,23.681
2016-02-01,26.5,25.773,26.5,25.046
2016-02-02,25.94,27.099,27.738,25.773
2016-02-03,26.618,27.345,27.6,26.5
2016-02-04,27.58,28.091,28.337,27.345
2016-02-05,28.091,27.944,28.887,27.708
2016-02-15,26.579,28.238,28.543,26.579
2016-02-16,28.484,29.447,29.633,28.484
2016-02-17,29.24,29.673,30.173,29.172
2016-02-18,29.849,29.113,30.399,29.113
2016-02-19,28.808,29.172,29.594,28.789
2016-02-22,29.673,29.555,30.006,29.172
2016-02-23,29.702,29.26,29.839,28.749
2016-02-24,28.926,28.543,29.456,27.502
2016-02-25,28.484,25.685,28.484,25.685
2016-02-26,26.52,25.459,26.52,24.732
2016-02-29,25.203,22.915,25.233,22.915
2016-03-01,23.033,23.239,23.426,21.412
2016-03-02,23.239,24.457,24.516,22.925
2016-03-03,24.477,24.025,25.243,24.025
2016-03-04,23.671,22.375,24.015,22.1
2016-03-07,22.542,22.876,23.534,22.542
2016-03-08,22.846,23.681,23.907,20.921
2016-03-09,23.072,22.817,23.642,22.591
2016-03-10,22.885,22.129,23.426,22.119
2016-03-11,21.461,21.638,22.001,21.412
2016-03-14,22.1,23.072,23.416,22.08
2016-03-15,23.082,23.239,23.868,22.787
2016-03-16,23.779,22.856,23.809,22.591
2016-03-17,22.994,24.261,24.329,22.994
2016-03-18,24.408,26.421,26.608,24.408
2016-03-21,26.529,27.472,27.738,26.52
2016-03-22,26.579,26.736,27.423,26.245
2016-03-23,26.52,27.138,27.256,26.52
2016-03-24,27.109,27.217,28.347,26.824
2016-03-25,26.765,26.962,27.482,26.323
2016-03-28,27.178,26.372,27.787,26.235
2016-03-29,26.048,25.272,26.362,24.879
2016-03-30,25.547,26.765,26.765,25.547
2016-03-31,27.305,27.079,27.993,27.011
2016-04-01,26.854,26.451,27.001,25.783
2016-04-05,26.618,27.649,27.747,26.471
2016-04-06,27.404,29.093,29.466,27.286
2016-04-07,28.828,28.052,29.073,27.875
2016-04-08,27.787,27.433,27.787,26.52
2016-04-11,27.698,27.865,28.376,27.698
2016-04-12,27.846,27.011,27.846,26.618
2016-04-13,27.335,27.296,27.846,27.178
2016-04-14,27.502,28.042,28.14,27.354
2016-04-15,28.189,27.757,28.268,27.521
2016-04-18,27.364,27.011,27.404,26.775
2016-04-19,27.354,27.207,27.521,26.883
2016-04-20,27.444,24.985,27.602,24.57
2016-04-21,25.005,24.106,25.133,23.997
2016-04-22,24.086,24.61,24.679,23.948
2016-04-25,24.481,24.787,25.005,24.096
2016-04-26,24.54,24.718,24.965,23.958
2016-04-27,24.728,24.254,24.827,24.126
2016-04-28,24.303,23.8,24.363,23.286
2016-04-29,23.553,23.573,23.829,23.385
2016-05-03,23.573,24.738,24.738,23.415
2016-05-04,24.679,24.866,25.074,24.511
2016-05-05,24.886,25.034,25.133,24.698
2016-05-06,25.113,23.701,25.33,23.622
2016-05-09,23.454,22.605,23.454,22.368
2016-05-10,22.595,22.664,22.911,22.526
2016-05-11,22.871,22.2,22.96,22.2
2016-05-12,21.914,22.338,22.516,21.43
2016-05-13,22.22,22.091,22.457,21.854
2016-05-16,21.825,22.407,22.407,21.775
2016-05-17,22.555,22.931,23.484,22.467
2016-05-18,22.615,22.002,22.713,21.805
2016-05-19,21.993,22.21,22.713,21.993
2016-05-20,21.904,22.437,22.476,21.805
2016-05-23,22.407,22.901,22.97,22.338
2016-05-24,22.792,22.417,22.802,22.22
2016-05-25,22.664,22.684,22.901,22.437
2016-05-26,22.585,22.723,22.723,21.726
2016-05-27,22.496,22.417,22.674,22.239
2016-05-30,22.22,22.16,22.496,21.923
2016-05-31,22.141,23.691,23.701,22.141
2016-06-01,23.938,23.582,23.948,23.503
2016-06-02,23.582,23.948,24.234,23.513
2016-06-03,24.096,23.918,24.116,23.533
2016-06-06,23.997,23.849,24.027,23.602
2016-06-07,24.096,24.165,24.659,24.007
2016-06-08,23.928,24.155,24.382,23.632
2016-06-13,23.721,21.874,23.908,21.775
2016-06-14,21.874,21.844,22.2,21.726
2016-06-15,21.528,23.049,23.089,21.449
2016-06-16,22.95,22.713,23.197,22.585
2016-06-17,22.753,23.01,23.454,22.753
2016-06-20,23.296,23.434,23.523,22.773
2016-06-21,23.622,23.089,24.205,22.96
2016-06-22,22.921,25.4,25.4,22.763
2016-06-23,26.12,26.259,27.157,25.795
2016-06-24,26.259,25.567,26.555,24.57
2016-06-27,25.192,26.249,26.535,25.192
2016-06-28,25.834,26.565,26.901,25.834
2016-06-29,26.614,26.071,26.812,25.953
2016-06-30,26.12,25.982,26.654,25.686
2016-07-01,25.982,25.656,26.259,25.479
2016-07-04,25.439,26.219,26.417,25.38
2016-07-05,26.565,26.535,27.355,26.367
2016-07-06,26.249,26.17,26.427,25.972
2016-07-07,26.219,26.19,26.565,25.696
2016-07-08,26.338,26.634,27.108,26.229
2016-07-11,26.367,25.903,26.92,25.775
2016-07-12,25.735,25.775,25.923,24.886
2016-07-13,25.745,26.051,26.259,25.745
2016-07-14,26.091,25.992,26.091,25.785
2016-07-15,25.182,24.294,25.182,24.244
2016-07-18,24.195,24.392,24.452,24.076
2016-07-19,24.353,24.501,24.521,24.195
2016-07-20,24.471,24.303,24.57,24.284
2016-07-21,24.284,24.521,24.57,24.126
2016-07-22,24.432,24.294,24.461,24.037
2016-07-25,24.294,24.244,24.481,24.136
2016-07-26,24.244,24.392,24.461,24.205
2016-07-27,24.422,23.178,24.856,22.911
2016-07-28,23.178,22.743,23.326,22.269
2016-07-29,22.694,22.348,22.694,22.289
2016-08-01,22.358,22.634,22.792,21.844
2016-08-02,22.615,22.684,22.802,22.437
2016-08-03,22.684,22.555,22.881,22.526
2016-08-04,22.516,22.753,22.802,22.437
2016-08-05,22.625,22.526,22.802,22.447
2016-08-08,22.467,22.664,22.704,22.22
2016-08-09,22.615,23.029,23.089,22.615
2016-08-10,23.039,22.852,23.108,22.822
2016-08-11,22.852,22.309,22.911,22.299
2016-08-12,22.22,22.595,22.595,22.22
2016-08-15,22.546,23.01,23.158,22.427
2016-08-16,23.059,23.049,23.207,22.753
2016-08-17,23.01,23.197,23.365,22.921
2016-08-18,23.108,23.029,23.237,22.921
2016-08-19,22.96,23.276,23.345,22.96
2016-08-22,23.355,23.326,23.464,23.0
2016-08-23,23.207,23.75,23.75,23.029
2016-08-24,23.948,23.405,24.353,23.355
2016-08-25,22.921,22.595,23.0,22.318
2016-08-26,22.585,22.881,23.089,22.358
2016-08-29,22.99,22.931,23.069,22.743
2016-08-30,23.059,22.97,23.089,22.832
2016-08-31,23.02,23.0,23.089,22.822
2016-09-01,22.862,23.503,23.503,22.644
2016-09-02,23.513,23.513,23.849,23.306
2016-09-05,23.355,23.158,23.652,23.069
2016-09-06,23.158,23.286,23.326,22.664
2016-09-07,23.207,22.931,23.306,22.891
2016-09-08,22.901,23.069,23.148,22.822
2016-09-09,23.0,22.763,23.187,22.743
2016-09-12,22.358,21.953,22.496,21.933
2016-09-13,22.22,22.022,22.22,21.953
2016-09-14,22.012,22.052,22.151,21.854
2016-09-19,22.081,22.269,22.388,22.081
2016-09-20,22.309,22.072,22.309,22.042
2016-09-21,22.062,22.16,22.19,22.052
2016-09-22,22.309,22.17,22.417,22.121
2016-09-23,22.17,22.081,22.259,22.072
2016-09-26,22.002,21.528,22.141,21.44
2016-09-27,21.528,21.973,22.022,21.528
2016-09-28,21.973,21.805,21.993,21.726
2016-09-29,21.805,21.993,22.121,21.805
2016-09-30,21.923,22.141,22.19,21.923
2016-10-10,22.279,22.862,23.02,22.249
2016-10-11,22.862,22.733,22.881,22.625
2016-10-12,22.654,22.773,22.862,22.575
2016-10-13,22.773,22.733,22.862,22.625
2016-10-14,22.763,22.625,22.792,22.516
2016-10-17,22.634,22.358,22.802,22.318
2016-10-18,22.358,22.802,22.862,22.358
2016-10-19,22.723,22.644,22.812,22.625
2016-10-20,22.644,22.684,22.812,22.555
2016-10-21,22.743,22.467,22.852,22.299
2016-10-24,22.467,23.059,23.138,22.467
2016-10-25,22.862,22.911,23.276,22.832
2016-10-26,22.792,22.684,22.96,22.526
2016-10-27,22.546,23.187,24.126,22.546
2016-10-28,23.306,23.454,23.701,23.0
2016-10-31,23.306,23.108,23.336,22.901
2016-11-01,23.108,23.819,23.879,23.108
2016-11-02,23.661,24.066,24.126,23.573
2016-11-03,24.037,23.918,24.353,23.819
2016-11-04,23.918,23.642,24.076,23.513
2016-11-07,23.701,23.75,24.175,23.592
2016-11-08,23.652,23.879,23.977,23.553
2016-11-09,23.849,23.148,23.879,22.664
2016-11-10,23.454,23.207,23.464,23.099
2016-11-11,23.207,23.563,23.582,23.108
2016-11-14,23.553,24.086,24.145,23.484
2016-11-15,24.155,24.076,24.303,23.701
2016-11-16,23.997,24.491,24.59,23.938
2016-11-17,24.392,23.968,24.54,23.81
2016-11-18,24.007,23.731,24.175,23.661
2016-11-21,23.721,23.701,23.76,23.306
2016-11-22,23.691,23.938,24.007,23.563
2016-11-23,23.948,23.997,24.323,23.859
2016-11-24,23.997,23.197,24.136,23.158
2016-11-25,23.207,23.0,23.316,22.536
2016-11-28,23.029,23.0,23.168,22.911
2016-11-29,23.0,22.269,23.049,22.239
2016-11-30,22.338,22.338,22.378,22.022
2016-12-01,22.328,22.506,22.546,22.259
2016-12-02,22.516,22.121,22.536,22.062
2016-12-05,22.012,22.318,22.397,21.835
2016-12-06,22.279,22.358,22.664,22.249
2016-12-07,22.417,22.802,22.832,22.417
2016-12-08,22.753,22.467,23.039,22.427
2016-12-09,22.467,22.111,22.467,22.042
2016-12-12,22.18,20.847,22.22,20.689
2016-12-13,20.867,20.482,20.966,19.948
2016-12-14,20.531,20.008,20.58,19.929
2016-12-15,19.948,20.353,20.472,19.81
2016-12-16,20.353,20.57,20.62,20.254
2016-12-19,20.57,20.827,20.887,20.245
2016-12-20,20.975,20.689,20.975,20.472
2016-12-21,20.64,22.476,22.496,20.254
2016-12-22,22.052,22.328,23.197,21.973
2016-12-23,22.022,21.252,22.072,21.242
2016-12-26,21.232,21.726,21.825,21.035
2016-12-27,21.627,21.351,21.815,21.291
2016-12-28,21.262,20.966,21.588,20.936
2016-12-29,20.956,20.58,21.045,20.472
2016-12-30,20.58,20.442,20.719,20.363
2017-01-03,20.442,20.58,20.669,20.442
2017-01-04,20.63,21.035,21.084,20.442
2017-01-05,21.015,20.966,21.015,20.798
2017-01-06,20.896,20.59,20.985,20.422
2017-01-09,20.462,20.837,20.887,20.462
2017-01-10,20.946,20.798,21.015,20.748
2017-01-11,20.738,20.57,20.936,20.442
2017-01-12,20.57,20.284,20.719,20.254
2017-01-13,20.304,20.175,20.58,20.146
2017-01-16,19.998,18.753,20.185,18.161
2017-01-17,18.566,18.823,18.981,18.279
2017-01-18,18.793,18.586,18.941,18.516
2017-01-19,18.556,18.339,18.615,18.299
2017-01-20,18.388,18.684,18.921,18.339
2017-01-23,18.674,18.803,18.921,18.674
2017-01-24,18.882,19.0,19.148,18.753
2017-01-25,19.0,19.158,19.326,18.892
2017-01-26,19.079,19.385,19.435,19.079
2017-02-03,19.385,19.366,19.563,19.158
2017-02-06,19.366,19.455,19.672,19.188
2017-02-07,19.553,19.03,19.553,19.01
2017-02-08,19.069,19.346,19.346,19.02
2017-02-09,19.504,19.642,19.909,19.504
2017-02-10,19.642,19.455,19.79,19.385
2017-02-13,19.543,19.622,19.682,19.395
2017-02-14,19.642,19.306,19.682,19.257
2017-02-15,19.306,19.089,19.474,19.06
2017-02-16,19.079,18.931,19.188,18.665
2017-02-17,18.961,18.951,19.119,18.783
2017-02-20,19.02,19.158,19.158,18.763
2017-02-21,19.158,19.336,19.445,19.06
2017-02-22,19.326,19.435,19.504,19.257
2017-02-23,19.356,19.494,19.603,19.109
2017-02-24,19.494,19.534,19.563,19.376
2017-02-27,19.573,19.553,19.622,19.297
2017-02-28,19.543,20.175,21.509,19.385
2017-03-01,19.879,19.899,20.126,19.761
2017-03-02,19.82,19.464,19.938,19.435
2017-03-03,19.405,19.405,19.464,19.129
2017-03-06,19.425,19.899,19.929,19.405
2017-03-07,20.047,19.84,20.047,19.563
2017-03-08,19.731,19.741,19.82,19.583
2017-03-09,19.721,19.484,19.721,19.425
2017-03-10,19.445,19.356,19.593,19.356
2017-03-13,19.346,19.385,19.484,19.139
2017-03-14,19.385,19.632,19.82,19.316
2017-03-15,19.652,19.464,19.652,19.316
2017-03-16,19.514,19.682,19.8,19.435
2017-03-17,19.741,19.543,20.126,19.356
2017-03-20,19.455,19.346,19.563,19.148
2017-03-21,19.405,19.158,19.405,19.069
2017-03-22,19.01,18.842,19.208,18.704
2017-03-23,18.862,18.931,18.941,18.655
2017-03-24,18.931,18.921,18.99,18.783
2017-03-27,18.951,18.744,18.961,18.734
2017-03-28,18.753,18.734,18.892,18.674
2017-03-29,18.783,18.852,18.931,18.566
2017-03-30,18.823,18.279,18.823,18.279
2017-03-31,18.22,18.21,18.289,17.954
2017-04-05,18.2,18.507,18.507,17.963
2017-04-06,18.507,18.507,18.665,18.437
2017-04-07,18.566,18.309,18.605,18.27
2017-04-10,18.299,17.983,18.299,17.954
2017-04-11,17.954,18.23,18.23,17.904
2017-04-12,18.24,18.052,18.24,18.013
2017-04-13,18.013,18.102,18.358,17.973
2017-04-14,17.993,17.924,18.112,17.894
2017-04-17,17.776,17.489,17.894,17.479
2017-04-18,17.499,16.778,17.628,16.749
2017-04-19,16.778,16.383,16.788,16.087
2017-04-20,16.482,16.146,16.482,16.008
2017-04-21,16.206,16.077,16.364,16.067
2017-04-24,16.048,15.485,16.067,15.406
2017-04-25,15.593,15.633,15.722,15.406
2017-04-26,15.712,15.702,15.751,15.475
2017-04-27,15.662,15.85,15.939,15.307
2017-04-28,15.781,15.89,15.998,15.732
2017-05-02,15.89,16.077,16.127,15.801
2017-05-03,16.067,15.939,16.077,15.811
2017-05-04,15.939,15.929,16.136,15.83
2017-05-05,15.929,15.929,15.929,15.702
2017-05-08,16.413,16.502,17.035,16.413
2017-05-09,16.077,15.998,16.077,15.623
2017-05-10,16.058,15.243,16.058,15.134
2017-05-11,15.194,14.935,15.194,14.558
2017-05-12,14.925,14.578,14.925,14.538
2017-05-15,14.687,14.747,14.846,14.598
2017-05-16,14.766,15.124,15.184,14.518
2017-05-17,15.104,15.055,15.283,14.955
2017-05-18,14.915,14.896,15.134,14.806
2017-05-19,14.816,14.856,15.025,14.717
2017-05-22,14.856,14.429,14.955,14.419
2017-05-23,14.429,13.793,14.558,13.773
2017-05-24,13.733,13.991,14.071,13.395
2017-05-25,14.051,14.011,14.091,13.624
2017-05-26,13.991,13.892,14.081,13.832
2017-05-31,14.121,13.713,14.21,13.703
2017-06-01,13.713,13.018,13.713,12.978
2017-06-02,12.998,13.186,13.365,12.63
2017-06-05,13.296,13.236,13.355,13.117
2017-06-06,13.196,13.534,13.753,13.137
2017-06-07,13.504,13.822,13.892,13.415
2017-06-08,13.882,13.753,13.912,13.653
2017-06-09,13.733,13.753,13.793,13.475
2017-06-12,13.604,13.316,13.604,13.226
2017-06-13,13.226,13.604,13.703,13.226
2017-06-14,13.644,13.852,14.25,13.614
2017-06-15,13.803,14.041,14.19,13.783
2017-06-16,14.011,14.13,14.309,13.962
2017-06-19,14.021,14.309,14.309,14.011
2017-06-20,14.349,14.409,14.607,14.26
2017-06-21,14.369,14.21,14.369,14.041
2017-06-22,14.21,14.25,14.886,14.051
2017-06-23,13.902,14.16,14.23,13.783
2017-06-26,14.051,14.101,14.18,13.932
2017-06-27,14.011,14.001,14.21,13.892
2017-06-28,14.001,13.803,14.001,13.713
2017-06-29,13.803,13.832,13.991,13.753
2017-06-30,13.783,13.912,13.942,13.733
2017-07-03,13.932,14.061,14.071,13.842
2017-07-04,14.061,14.28,14.359,13.942
2017-07-05,14.22,14.369,14.558,14.16
2017-07-06,14.319,14.409,14.478,14.26
2017-07-07,14.379,14.389,14.518,14.25
2017-07-10,14.369,14.588,14.677,14.27
2017-07-11,14.588,14.25,14.588,14.17
2017-07-12,14.17,14.766,14.766,14.021
2017-07-13,14.756,14.419,14.876,14.26
2017-07-14,14.359,13.912,14.369,13.812
2017-07-17,13.892,12.65,13.892,12.64
2017-07-18,12.65,12.719,12.799,12.541
2017-07-19,12.709,12.849,12.868,12.65
2017-07-20,12.839,12.868,13.087,12.769
2017-07-21,13.067,12.918,13.067,12.868
2017-07-24,12.878,13.037,13.266,12.779
2017-07-25,13.008,12.938,13.087,12.868
2017-07-26,12.908,12.859,12.958,12.809
2017-07-27,12.829,13.216,13.296,12.829
2017-07-28,13.246,13.177,13.316,13.147
2017-07-31,13.127,13.186,13.296,13.067
2017-08-01,13.186,13.236,13.345,13.127
2017-08-02,13.296,12.968,13.296,12.918
2017-08-03,12.878,13.037,13.226,12.878
2017-08-04,13.047,13.157,13.256,12.978
2017-08-07,13.177,13.186,13.246,13.077
2017-08-08,13.186,13.256,13.276,13.097
2017-08-09,13.226,13.345,13.485,13.177
2017-08-10,13.395,13.196,13.574,13.097
2017-08-11,13.127,13.047,13.266,13.018
2017-08-14,13.047,13.365,13.365,13.047
2017-08-15,13.375,13.385,13.385,13.236
2017-08-16,13.415,13.624,13.634,13.316
2017-08-17,13.614,13.793,14.091,13.514
2017-08-18,13.624,13.634,13.743,13.574
2017-08-21,13.673,13.733,13.872,13.624
2017-08-22,13.624,13.574,13.743,13.475
2017-08-23,13.524,13.504,13.644,13.455
2017-08-24,13.485,13.276,13.514,13.266
2017-08-25,13.276,13.564,13.564,13.276
2017-08-28,13.485,13.733,13.803,13.485
2017-08-29,13.713,13.703,13.892,13.653
2017-08-30,13.763,13.693,13.842,13.673
2017-08-31,13.773,14.081,14.091,13.663
2017-09-01,14.011,14.16,14.19,13.882
2017-09-04,14.111,14.756,14.856,14.011
2017-09-05,14.617,14.975,14.995,14.607
2017-09-06,14.836,14.985,15.045,14.756
2017-09-07,14.965,15.015,15.084,14.766
2017-09-08,14.915,16.436,16.515,14.906
2017-09-11,15.999,15.581,15.999,15.412
2017-09-12,15.432,15.671,15.899,15.084
2017-09-13,15.412,15.293,15.502,15.194
2017-09-14,15.194,15.124,15.422,15.104
2017-09-15,15.134,14.935,15.214,14.836
2017-09-18,14.935,14.975,15.074,14.906
2017-09-19,14.955,15.055,15.323,14.955
2017-09-20,15.055,15.263,15.283,14.707
2017-09-21,15.273,15.631,15.691,15.134
2017-09-22,15.502,15.343,15.631,15.283
2017-09-25,15.253,14.607,15.333,14.568
2017-09-26,14.617,14.339,14.737,14.16
2017-09-27,14.299,14.508,14.558,14.24
2017-09-28,14.508,14.23,14.508,14.22
2017-09-29,14.26,14.409,14.409,14.26
2017-10-09,14.558,14.637,14.796,14.518
2017-10-10,14.508,14.915,14.955,14.508
2017-10-11,14.906,14.856,15.015,14.796
2017-10-12,14.766,14.707,14.955,14.508
2017-10-13,14.687,14.756,14.846,14.617
2017-10-16,14.627,14.697,15.184,14.627
2017-10-17,14.697,14.558,14.756,14.488
2017-10-18,14.389,14.051,14.578,14.041
2017-10-19,14.011,13.624,14.011,13.614
2017-10-20,13.465,13.773,13.842,13.465
2017-10-23,13.812,13.783,13.912,13.693
2017-10-24,13.812,13.862,13.882,13.564
2017-10-25,13.852,13.832,13.932,13.763
2017-10-26,13.793,13.902,13.952,13.544
2017-10-27,13.862,13.932,14.111,13.852
2017-10-30,13.932,13.614,14.23,13.534
2017-10-31,13.604,13.683,13.703,13.494
2017-11-01,13.604,14.071,14.091,13.604
2017-11-02,14.081,14.707,15.094,13.902
2017-11-03,14.558,14.508,14.896,14.319
2017-11-06,14.528,14.995,14.995,14.289
2017-11-07,15.005,14.786,15.005,14.697
2017-11-08,14.707,14.558,14.796,14.528
2017-11-09,14.518,14.727,14.756,14.458
2017-11-10,14.677,14.727,14.766,14.478
2017-11-13,14.617,15.015,15.015,14.538
2017-11-14,15.005,15.104,15.204,14.796
2017-11-15,15.055,14.568,15.055,14.448
2017-11-16,14.508,14.558,14.687,14.329
2017-11-17,14.508,13.345,14.538,13.345
2017-11-20,13.316,13.385,13.475,12.819
2017-11-21,13.316,13.196,13.475,13.117
2017-11-22,13.216,13.027,13.266,12.968
2017-11-23,13.057,12.61,13.087,12.57
2017-11-24,12.719,12.59,12.759,12.55
2017-11-27,12.57,12.541,12.709,12.521
2017-11-28,12.61,12.809,12.829,12.58
2017-11-29,12.789,12.68,12.799,12.531
2017-11-30,12.7,12.62,12.779,12.58
2017-12-01,12.7,12.739,12.769,12.58
2017-12-04,12.719,12.302,12.729,12.272
2017-12-05,12.312,11.765,12.401,11.597
2017-12-06,11.825,11.875,11.875,11.676
2017-12-07,11.905,11.865,11.954,11.765
2017-12-08,11.845,12.093,12.163,11.785
2017-12-11,12.034,12.193,12.272,12.034
2017-12-12,12.183,11.944,12.312,11.944
2017-12-13,11.984,12.024,12.074,11.905
2017-12-14,12.113,12.113,12.183,11.934
2017-12-15,12.093,12.223,12.322,12.054
2017-12-18,12.223,11.994,12.232,11.934
2017-12-19,12.044,12.133,12.203,11.974
2017-12-20,12.203,11.765,12.203,11.756
2017-12-21,11.686,11.706,11.815,11.587
2017-12-22,11.716,11.746,11.825,11.676
2017-12-25,11.746,11.666,11.885,11.646
2017-12-26,11.587,11.825,11.855,11.587
2017-12-27,11.825,12.163,12.242,11.736
2017-12-28,12.471,12.133,12.471,12.083
2017-12-29,11.974,12.064,12.133,11.944
2018-01-02,12.064,12.103,12.153,11.984
2018-01-03,12.103,12.123,12.183,12.044
2018-01-04,12.123,12.034,12.173,11.984
2018-01-05,12.034,12.421,12.461,12.024
2018-01-08,12.411,12.352,12.411,12.223
2018-01-09,12.332,12.242,12.332,12.173
2018-01-10,12.173,11.934,12.223,11.825
2018-01-11,11.934,12.183,12.272,11.845
2018-01-12,12.223,12.143,12.391,12.024
2018-01-15,12.054,11.756,12.054,11.726
2018-01-16,11.756,11.736,11.835,11.626
2018-01-17,11.636,11.765,11.765,11.487
2018-01-18,11.746,11.577,11.785,11.497
2018-01-19,11.606,11.567,11.706,11.547
2018-01-22,11.497,11.696,11.795,11.328
2018-01-23,11.696,11.756,11.835,11.666
2018-01-24,11.756,12.521,12.56,11.646
2018-01-25,13.047,12.153,13.047,12.123
2018-01-26,12.123,11.924,12.163,11.885
2018-01-29,11.924,11.765,11.984,11.736
2018-01-30,11.726,11.785,11.835,11.686
2018-01-31,11.666,11.06,11.666,11.01
2018-02-01,10.98,9.957,11.04,9.957
2018-02-02,9.738,9.828,10.017,9.5
2018-02-05,9.679,9.708,9.808,9.559
2018-02-06,9.45,9.013,9.689,8.983
2018-02-07,9.271,8.923,9.271,8.605
2018-02-08,8.854,9.182,9.222,8.854
2018-02-09,9.043,8.794,9.043,8.665
2018-02-12,8.834,9.063,9.142,8.834
2018-02-13,9.043,9.043,9.222,9.043
2018-02-14,9.063,9.102,9.132,8.943
2018-02-22,9.162,9.232,9.301,9.122
2018-02-23,9.212,9.341,9.351,9.112
2018-02-26,9.371,9.629,9.689,9.281
2018-02-27,9.639,9.867,10.176,9.55
2018-02-28,9.639,9.907,10.066,9.589
2018-03-01,9.788,10.901,10.901,9.788
2018-03-02,11.428,11.994,11.994,11.338
2018-03-05,13.196,13.196,13.196,12.918
2018-03-06,14.518,14.518,14.518,14.518
2018-03-07,15.502,15.551,15.899,14.756
2018-03-08,15.253,17.112,17.112,15.184
2018-03-09,16.893,18.821,18.821,16.545
2018-03-15,17.986,18.135,18.612,16.943
2018-03-16,17.688,18.374,19.725,17.658
2018-03-19,17.936,20.212,20.212,17.499
2018-03-20,19.079,19.099,20.122,18.811
2018-03-21,18.91,19.059,20.122,18.632
2018-03-22,18.682,18.244,19.169,17.996
2018-03-23,17.022,16.694,17.36,16.416
2018-03-26,16.456,17.29,17.449,16.416
2018-03-27,17.151,17.787,18.185,17.002
2018-03-28,17.489,17.39,18.046,17.34
2018-03-29,17.241,17.688,18.93,17.241
2018-03-30,17.887,18.91,19.457,17.688
2018-04-02,18.344,18.582,18.731,18.056
2018-04-03,17.916,18.364,19.069,17.39
2018-04-04,18.085,16.595,18.552,16.565
2018-04-09,16.009,16.158,16.505,15.83
2018-04-10,16.277,16.446,16.495,15.72
2018-04-11,16.436,16.913,17.469,16.247
2018-04-12,16.843,16.267,16.963,16.048
2018-04-13,16.575,15.85,16.893,15.8
2018-04-16,15.81,16.396,16.396,15.72
2018-04-17,16.396,14.995,16.575,14.756
2018-04-18,15.144,15.76,16.396,14.796
2018-04-19,15.86,15.442,16.138,15.283
2018-04-20,15.909,15.065,16.386,14.806
2018-04-23,14.945,15.402,15.561,14.945
2018-04-24,15.422,15.889,15.899,15.422
2018-04-25,15.869,16.009,16.674,15.611
2018-04-26,15.532,15.055,15.83,14.935
2018-04-27,15.065,15.233,15.392,14.806
2018-05-02,15.253,15.701,15.701,14.925
2018-05-03,15.62,15.7,15.8,15.03
2018-05-04,15.71,15.14,15.84,15.14
2018-05-07,15.25,15.78,16.18,15.18
2018-05-08,15.68,16.68,16.74,15.68
2018-05-09,16.63,16.27,16.64,16.1
2018-05-10,16.14,16.25,16.47,15.91
2018-05-11,16.26,15.44,16.38,15.4
2018-05-14,15.58,15.48,15.93,15.21
2018-05-15,15.37,15.46,15.49,15.03
2018-05-16,15.4,15.15,15.43,15.12
2018-05-17,15.0,15.24,15.32,14.9
2018-05-18,15.28,14.53,15.28,14.51
2018-05-21,14.45,15.2,15.33,14.45
2018-05-22,15.27,15.1,15.39,14.88
2018-05-23,15.1,15.21,15.4,14.7
2018-05-24,15.3,15.03,15.4,14.8
2018-05-25,14.85,15.26,15.35,14.65
