date,open,close,high,low
2016-01-04,7.495,6.828,7.574,6.818
2016-01-05,6.28,6.649,6.937,6.181
2016-01-06,6.679,6.808,6.828,6.589
2016-01-07,6.669,6.131,6.728,6.131
2016-01-08,6.28,6.231,6.46,5.713
2016-01-11,6.042,5.624,6.211,5.604
2016-01-12,5.673,5.783,5.912,5.584
2016-01-13,5.833,5.653,5.902,5.574
2016-01-14,5.424,5.852,5.872,5.395
2016-01-15,5.823,5.554,5.823,5.484
2016-01-18,5.444,5.703,5.823,5.405
2016-01-19,5.703,5.882,5.922,5.643
2016-01-20,5.852,5.763,5.912,5.703
2016-01-21,5.653,5.504,5.813,5.484
2016-01-22,5.594,5.574,5.624,5.454
2016-01-25,5.614,5.624,5.703,5.564
2016-01-26,5.554,5.066,5.584,5.066
2016-01-27,5.096,4.977,5.156,4.638
2016-01-28,4.917,4.718,4.957,4.688
2016-01-29,4.698,4.887,4.937,4.698
2016-02-01,4.887,4.807,4.897,4.738
2016-02-02,4.817,4.977,5.056,4.807
2016-02-03,4.927,4.987,5.016,4.787
2016-02-04,4.996,5.106,5.136,4.987
2016-02-05,5.106,5.146,5.325,5.066
2016-02-15,4.927,5.076,5.136,4.867
2016-02-16,5.126,5.295,5.315,5.096
2016-02-17,5.305,5.355,5.375,5.205
2016-02-18,5.375,5.405,5.544,5.325
2016-02-19,5.385,5.405,5.464,5.315
2016-02-22,5.474,5.624,5.633,5.415
2016-02-23,5.663,5.484,5.663,5.395
2016-02-24,5.454,5.504,5.524,5.325
2016-02-25,5.454,4.957,5.484,4.957
2016-02-26,4.987,4.977,5.046,4.817
2016-02-29,4.927,4.698,4.977,4.578
2016-03-01,4.708,4.817,4.867,4.648
2016-03-02,4.817,5.076,5.096,4.778
2016-03-03,5.016,5.215,5.365,4.987
2016-03-04,5.156,4.996,5.205,4.887
2016-03-07,5.036,5.116,5.136,4.996
2016-03-08,5.126,5.066,5.126,4.877
2016-03-09,4.977,4.957,5.046,4.917
2016-03-10,4.987,4.907,5.026,4.887
2016-03-11,4.837,4.897,4.927,4.827
2016-03-14,4.957,5.056,5.126,4.917
2016-03-15,5.046,4.987,5.046,4.957
2016-03-16,5.006,4.937,5.056,4.917
2016-03-17,4.947,5.086,5.106,4.937
2016-03-18,5.096,5.245,5.295,5.076
2016-03-21,5.325,5.405,5.424,5.235
2016-03-22,5.335,5.305,5.385,5.275
2016-03-23,5.275,5.385,5.395,5.275
2016-03-24,5.325,5.215,5.345,5.215
2016-03-25,5.196,5.255,5.285,5.196
2016-03-28,5.285,5.205,5.355,5.196
2016-03-29,5.205,5.086,5.225,5.036
2016-03-30,5.126,5.245,5.255,5.116
2016-03-31,5.215,5.225,5.265,5.176
2016-04-01,5.166,5.186,5.215,5.106
2016-04-05,5.186,5.355,5.355,5.176
2016-04-06,5.355,5.355,5.385,5.275
2016-04-07,5.355,5.892,5.892,5.335
2016-04-08,5.892,5.713,5.932,5.594
2016-04-11,5.743,5.773,5.902,5.713
2016-04-12,5.783,5.653,5.783,5.544
2016-04-13,5.673,5.663,5.773,5.663
2016-04-14,5.683,5.733,5.793,5.643
2016-04-15,5.743,5.723,5.763,5.633
2016-04-18,5.683,5.594,5.683,5.524
2016-04-19,5.624,5.614,5.643,5.554
2016-04-20,5.624,5.255,5.643,5.096
2016-04-21,5.225,5.166,5.295,5.146
2016-04-22,5.116,5.196,5.235,5.086
2016-04-25,5.225,5.176,5.225,5.106
2016-04-26,5.186,5.215,5.215,5.126
2016-04-27,5.215,5.196,5.275,5.186
2016-04-28,5.196,5.176,5.205,5.036
2016-04-29,5.136,5.275,5.464,5.086
2016-05-03,5.245,5.365,5.405,5.196
2016-05-04,5.325,5.325,5.424,5.295
2016-05-05,5.325,5.335,5.365,5.245
2016-05-06,5.325,5.086,5.345,5.086
2016-05-09,5.066,4.877,5.066,4.827
2016-05-10,4.877,4.887,4.907,4.837
2016-05-11,4.917,4.857,4.937,4.847
2016-05-12,4.817,4.787,4.817,4.638
2016-05-13,4.778,4.787,4.847,4.728
2016-05-16,4.787,4.837,4.847,4.728
2016-05-17,4.847,4.827,4.877,4.797
2016-05-18,4.787,4.688,4.797,4.628
2016-05-19,4.698,4.728,4.787,4.688
2016-05-20,4.708,4.758,4.758,4.678
2016-05-23,4.768,4.807,4.827,4.748
2016-05-24,4.797,4.738,4.797,4.708
2016-05-25,4.768,4.748,4.827,4.708
2016-05-26,4.748,4.758,4.787,4.678
2016-05-27,4.748,4.768,4.807,4.708
2016-05-30,4.748,4.728,4.778,4.698
2016-05-31,4.728,4.897,4.907,4.728
2016-06-01,4.897,4.887,4.927,4.877
2016-06-02,4.877,4.907,4.917,4.857
2016-06-03,4.897,4.937,4.957,4.877
2016-06-06,4.927,4.907,5.006,4.887
2016-06-07,4.907,4.897,4.917,4.867
2016-06-08,4.887,4.857,4.897,4.807
2016-06-13,4.787,4.658,4.807,4.658
2016-06-14,4.658,4.678,4.698,4.648
2016-06-15,4.658,4.768,4.797,4.628
2016-06-16,4.768,4.708,4.807,4.708
2016-06-17,4.718,4.748,4.778,4.718
2016-06-20,4.728,4.728,4.748,4.688
2016-06-21,4.758,4.718,4.817,4.698
2016-06-22,4.708,4.797,4.797,4.698
2016-06-23,4.787,4.748,4.797,4.728
2016-06-24,4.758,4.668,4.758,4.588
2016-06-27,4.638,4.758,4.758,4.628
2016-06-28,4.728,4.797,4.797,4.698
2016-06-29,4.787,4.817,4.847,4.778
2016-06-30,4.807,4.807,4.837,4.778
2016-07-01,4.807,4.807,4.847,4.787
2016-07-04,4.787,4.887,4.897,4.778
2016-07-05,4.887,4.897,4.917,4.867
2016-07-06,4.887,4.927,4.927,4.867
2016-07-07,4.917,4.897,4.927,4.837
2016-07-08,4.887,4.877,4.897,4.837
2016-07-11,4.877,4.897,4.957,4.867
2016-07-12,4.907,4.947,4.947,4.867
2016-07-13,4.957,4.987,4.997,4.947
2016-07-14,5.006,5.026,5.036,4.957
2016-07-15,5.016,4.967,5.056,4.957
2016-07-18,4.947,4.907,4.957,4.877
2016-07-19,4.887,4.937,4.937,4.877
2016-07-20,4.937,4.897,4.937,4.887
2016-07-21,4.897,4.907,4.937,4.887
2016-07-22,4.897,4.867,4.917,4.857
2016-07-25,4.867,4.897,4.927,4.847
2016-07-26,4.877,4.947,4.947,4.867
2016-07-27,4.957,4.757,4.957,4.687
2016-07-28,4.737,4.737,4.767,4.687
2016-07-29,4.747,4.697,4.747,4.687
2016-08-01,4.687,4.667,4.697,4.618
2016-08-02,4.647,4.697,4.697,4.647
2016-08-03,4.677,4.717,4.727,4.657
2016-08-04,4.697,4.717,4.717,4.677
2016-08-05,4.707,4.687,4.717,4.687
2016-08-08,4.687,4.727,4.727,4.637
2016-08-09,4.717,4.757,4.767,4.707
2016-08-10,4.747,4.727,4.757,4.717
2016-08-11,4.717,4.677,4.727,4.667
2016-08-12,4.667,4.737,4.777,4.657
2016-08-15,4.737,4.817,4.837,4.717
2016-08-16,4.827,4.827,4.837,4.797
2016-08-17,4.827,4.827,4.837,4.787
2016-08-18,4.817,4.847,4.917,4.807
2016-08-19,4.837,4.837,4.867,4.817
2016-08-22,4.847,4.947,5.156,4.827
2016-08-23,4.887,4.907,4.937,4.857
2016-08-24,4.907,4.887,4.947,4.867
2016-08-25,4.877,4.797,4.877,4.767
2016-08-26,4.797,4.797,4.837,4.787
2016-08-29,4.807,4.817,4.857,4.767
2016-08-30,4.817,4.837,4.877,4.807
2016-08-31,4.847,4.827,4.867,4.807
2016-09-01,4.827,4.767,4.837,4.767
2016-09-02,4.757,4.767,4.787,4.727
2016-09-05,4.777,4.837,4.937,4.767
2016-09-06,4.817,4.867,4.867,4.777
2016-09-07,4.857,4.857,4.907,4.837
2016-09-08,4.857,4.897,4.907,4.847
2016-09-09,4.897,4.837,4.917,4.827
2016-09-12,4.777,4.677,4.787,4.667
2016-09-13,4.717,4.697,4.717,4.667
2016-09-14,4.687,4.697,4.747,4.657
2016-09-19,4.697,4.727,4.727,4.687
2016-09-20,4.727,4.717,4.737,4.707
2016-09-21,4.697,4.717,4.737,4.697
2016-09-22,4.737,4.727,4.757,4.717
2016-09-23,4.727,4.707,4.737,4.697
2016-09-26,4.707,4.647,4.707,4.628
2016-09-27,4.647,4.667,4.667,4.618
2016-09-28,4.667,4.647,4.677,4.628
2016-09-29,4.647,4.657,4.677,4.637
2016-09-30,4.647,4.677,4.687,4.637
2016-10-10,4.687,4.747,4.757,4.687
2016-10-11,4.757,4.757,4.767,4.727
2016-10-12,4.737,4.747,4.757,4.717
2016-10-13,4.747,4.767,4.777,4.737
2016-10-14,4.767,4.977,5.236,4.757
2016-10-17,4.967,5.216,5.366,4.947
2016-10-18,5.206,5.226,5.246,5.096
2016-10-19,5.206,5.166,5.296,5.136
2016-10-20,5.166,5.146,5.226,5.096
2016-10-21,5.136,5.086,5.146,5.016
2016-10-24,5.066,5.126,5.156,5.046
2016-10-25,5.116,5.186,5.226,5.086
2016-10-26,5.176,5.126,5.216,5.106
2016-10-27,5.086,5.146,5.186,5.076
2016-10-28,5.146,5.086,5.176,5.086
2016-10-31,5.036,4.937,5.046,4.927
2016-11-01,4.937,4.977,4.997,4.937
2016-11-02,4.977,4.997,5.026,4.937
2016-11-03,4.997,5.076,5.106,4.957
2016-11-04,5.066,5.116,5.166,5.056
2016-11-07,5.116,5.366,5.505,5.106
2016-11-08,5.346,5.515,5.675,5.296
2016-11-09,5.445,5.385,5.565,5.336
2016-11-10,5.475,5.445,5.625,5.395
2016-11-11,5.465,5.385,5.505,5.356
2016-11-14,5.385,5.924,5.924,5.356
2016-11-15,6.014,5.794,6.074,5.735
2016-11-16,5.794,5.844,6.064,5.784
2016-11-17,5.794,5.784,5.984,5.764
2016-11-18,5.804,6.104,6.353,5.685
2016-11-21,6.113,6.034,6.233,6.004
2016-11-22,5.994,6.084,6.293,5.984
2016-11-23,6.064,5.984,6.133,5.904
2016-11-24,5.984,5.864,6.104,5.844
2016-11-25,5.824,5.695,5.854,5.525
2016-11-28,5.705,5.665,5.804,5.575
2016-11-29,5.645,5.635,5.774,5.615
2016-11-30,5.635,5.525,5.685,5.465
2016-12-01,5.525,5.565,5.615,5.505
2016-12-02,5.575,5.336,5.575,5.326
2016-12-05,5.236,5.206,5.336,5.166
2016-12-06,5.246,5.316,5.346,5.206
2016-12-07,5.286,5.346,5.385,5.256
2016-12-08,5.346,5.326,5.395,5.306
2016-12-09,5.326,5.455,5.515,5.256
2016-12-12,5.475,5.096,5.475,5.056
2016-12-13,5.116,5.256,5.316,5.026
2016-12-14,5.256,5.186,5.306,5.156
2016-12-15,5.186,5.475,5.685,5.146
2016-12-16,5.485,5.495,5.585,5.395
2016-12-19,5.485,5.525,5.665,5.435
2016-12-20,5.515,5.665,5.715,5.485
2016-12-21,5.665,5.595,5.705,5.535
2016-12-22,5.565,5.465,5.595,5.445
2016-12-23,5.495,5.326,5.535,5.226
2016-12-26,5.296,5.336,5.346,5.196
2016-12-27,5.336,5.246,5.385,5.246
2016-12-28,5.246,5.455,5.605,5.246
2016-12-29,5.395,5.415,5.455,5.296
2016-12-30,5.405,5.405,5.525,5.385
2017-01-03,5.405,5.565,5.635,5.356
2017-01-04,5.535,5.635,5.744,5.515
2017-01-05,5.615,5.495,5.615,5.485
2017-01-06,5.505,5.535,5.555,5.435
2017-01-09,5.535,5.585,5.605,5.485
2017-01-10,5.605,5.465,5.605,5.465
2017-01-11,5.435,5.326,5.475,5.286
2017-01-12,5.316,5.266,5.366,5.246
2017-01-13,5.266,5.186,5.306,5.136
2017-01-16,5.156,4.857,5.166,4.667
2017-01-17,4.787,4.877,4.887,4.707
2017-01-18,4.817,4.837,4.867,4.807
2017-01-19,4.837,4.737,4.847,4.727
2017-01-20,4.757,4.837,4.847,4.727
2017-01-23,4.827,4.857,4.887,4.817
2017-01-24,4.857,4.827,4.857,4.807
2017-01-25,4.827,4.847,4.857,4.797
2017-01-26,4.857,4.867,4.897,4.847
2017-02-03,4.867,4.837,4.887,4.827
2017-02-06,4.837,4.867,4.887,4.837
2017-02-07,4.877,4.927,4.957,4.857
2017-02-08,4.917,4.927,4.927,4.857
2017-02-09,4.917,4.997,5.026,4.897
2017-02-10,4.987,4.987,5.026,4.947
2017-02-13,4.987,4.997,5.046,4.967
2017-02-14,4.997,4.957,5.006,4.947
2017-02-15,4.957,4.897,4.967,4.877
2017-02-16,4.877,4.957,4.977,4.857
2017-02-17,4.947,4.907,4.977,4.887
2017-02-20,4.897,4.997,4.997,4.867
2017-02-21,4.987,5.086,5.266,4.957
2017-02-22,5.056,5.046,5.076,4.997
2017-02-23,5.046,5.026,5.056,4.987
2017-02-24,5.016,5.066,5.106,5.006
2017-02-27,5.066,4.967,5.066,4.967
2017-02-28,4.967,4.987,5.006,4.957
2017-03-01,4.977,4.967,4.997,4.947
2017-03-02,4.977,4.887,4.977,4.877
2017-03-03,4.877,4.867,4.887,4.837
2017-03-06,4.877,4.917,4.927,4.857
2017-03-07,4.927,4.917,4.947,4.887
2017-03-08,4.917,4.897,4.917,4.877
2017-03-09,4.887,4.837,4.887,4.797
2017-03-10,4.827,4.997,5.076,4.787
2017-03-13,4.927,4.907,4.937,4.857
2017-03-14,4.897,4.897,4.927,4.887
2017-03-15,4.887,4.887,4.907,4.857
2017-03-16,4.897,4.917,4.927,4.887
2017-03-17,4.917,4.867,4.927,4.857
2017-03-20,4.857,4.867,4.877,4.827
2017-03-21,4.867,4.857,4.887,4.837
2017-03-22,4.837,4.797,4.847,4.777
2017-03-23,4.787,4.777,4.817,4.737
2017-03-24,4.767,4.807,4.807,4.757
2017-03-27,4.807,4.787,4.837,4.787
2017-03-28,4.797,4.757,4.807,4.757
2017-03-29,4.757,4.737,4.777,4.727
2017-03-30,4.727,4.647,4.737,4.608
2017-03-31,4.647,4.657,4.677,4.608
2017-04-05,4.657,4.727,4.747,4.647
2017-04-06,4.727,4.717,4.747,4.707
2017-04-07,4.717,4.697,4.727,4.667
2017-04-10,4.677,4.628,4.687,4.628
2017-04-11,4.618,4.657,4.667,4.588
2017-04-12,4.657,4.628,4.667,4.608
2017-04-13,4.628,4.647,4.677,4.618
2017-04-14,4.657,4.608,4.657,4.588
2017-04-17,4.608,4.538,4.608,4.508
2017-04-18,4.528,4.508,4.558,4.508
2017-04-19,4.498,4.358,4.498,4.288
2017-04-20,4.338,4.288,4.368,4.249
2017-04-21,4.288,4.298,4.328,4.268
2017-04-24,4.288,4.039,4.288,4.019
2017-04-25,4.039,4.039,4.089,4.019
2017-04-26,4.039,4.019,4.049,3.989
2017-04-27,4.009,3.989,4.009,3.86
2017-04-28,3.979,4.029,4.029,3.949
2017-05-02,4.039,4.059,4.089,4.029
2017-05-03,4.059,4.039,4.069,3.999
2017-05-04,4.009,4.049,4.089,3.999
2017-05-05,4.029,3.959,4.029,3.949
2017-05-08,3.929,3.909,3.969,3.88
2017-05-09,3.89,3.949,3.959,3.87
2017-05-10,3.949,3.84,3.979,3.84
2017-05-11,3.82,3.79,3.88,3.71
2017-05-12,3.79,3.76,3.81,3.71
2017-05-15,3.77,3.8,3.82,3.75
2017-05-16,3.79,3.87,3.87,3.74
2017-05-17,3.85,3.88,3.909,3.83
2017-05-18,3.85,3.84,3.88,3.82
2017-05-19,3.85,3.87,3.89,3.83
2017-05-22,3.86,3.77,3.87,3.75
2017-05-23,3.78,3.63,3.78,3.59
2017-05-24,3.6,3.62,3.64,3.54
2017-05-25,3.62,3.68,3.7,3.56
2017-05-26,3.68,3.64,3.71,3.64
2017-05-31,3.69,3.65,3.71,3.64
2017-06-01,3.65,3.57,3.66,3.57
2017-06-02,3.57,3.65,3.66,3.53
2017-06-05,3.65,3.68,3.7,3.63
2017-06-06,3.67,3.77,3.81,3.66
2017-06-07,3.75,3.81,3.82,3.72
2017-06-08,3.81,3.77,3.81,3.76
2017-06-09,3.77,3.75,3.78,3.72
2017-06-12,3.75,3.69,3.76,3.68
2017-06-13,3.69,3.73,3.75,3.67
2017-06-14,3.74,3.76,3.78,3.72
2017-06-15,3.76,3.81,3.82,3.75
2017-06-16,3.81,3.78,3.81,3.76
2017-06-19,3.77,3.79,3.8,3.76
2017-06-20,3.8,3.8,3.84,3.78
2017-06-21,3.79,3.8,3.83,3.77
2017-06-22,3.78,3.72,3.79,3.7
2017-06-23,3.72,3.71,3.74,3.65
2017-06-26,3.7,3.75,3.75,3.68
2017-06-27,3.76,3.76,3.78,3.73
2017-06-28,3.74,3.71,3.75,3.69
2017-06-29,3.7,3.72,3.73,3.7
2017-06-30,3.7,3.71,3.73,3.69
2017-07-03,3.72,3.75,3.76,3.7
2017-07-04,3.76,3.77,3.81,3.74
2017-07-05,3.78,3.8,3.8,3.76
2017-07-06,3.8,3.79,3.81,3.77
2017-07-07,3.78,3.8,3.81,3.77
2017-07-10,3.79,3.79,3.81,3.77
2017-07-11,3.79,3.84,3.95,3.76
2017-07-12,3.81,3.83,3.87,3.76
2017-07-13,3.83,3.95,3.95,3.79
2017-07-14,3.91,4.02,4.07,3.91
2017-07-17,4.01,3.78,4.01,3.63
2017-07-18,3.76,4.09,4.1,3.72
2017-07-19,4.04,4.11,4.12,4.01
2017-07-20,4.09,4.04,4.1,4.02
2017-07-21,4.04,3.98,4.07,3.96
2017-07-24,3.97,4.0,4.05,3.96
2017-07-25,3.99,3.95,4.04,3.94
2017-07-26,3.95,3.94,3.96,3.89
2017-07-27,3.93,4.02,4.02,3.91
2017-07-28,4.02,3.98,4.04,3.97
2017-07-31,3.96,3.97,4.02,3.95
2017-08-01,3.98,3.95,4.0,3.92
2017-08-02,3.95,3.93,3.96,3.89
2017-08-03,3.93,3.91,3.94,3.9
2017-08-04,3.91,3.94,3.97,3.9
2017-08-07,3.95,3.99,4.0,3.94
2017-08-08,4.01,3.98,4.01,3.96
2017-08-09,3.98,3.97,4.0,3.96
2017-08-10,3.96,3.93,3.98,3.88
2017-08-11,3.92,3.85,3.92,3.83
2017-08-14,3.85,3.94,3.94,3.84
2017-08-15,3.94,3.92,3.96,3.89
2017-08-16,3.92,3.93,3.95,3.9
2017-08-17,3.92,3.96,3.97,3.9
2017-08-18,3.94,3.93,3.95,3.91
2017-08-21,3.93,3.93,3.95,3.9
2017-08-22,3.92,3.9,3.92,3.88
2017-08-23,3.9,3.86,3.9,3.86
2017-08-24,3.87,3.83,3.88,3.82
2017-08-25,3.84,3.86,3.87,3.83
2017-08-28,3.86,3.89,3.9,3.85
2017-08-29,3.89,3.89,3.91,3.87
2017-08-30,3.88,3.88,3.9,3.87
2017-08-31,3.88,3.89,3.89,3.85
2017-09-01,3.89,3.88,3.9,3.86
2017-09-04,3.87,3.9,3.91,3.87
2017-09-05,3.89,3.9,3.9,3.88
2017-09-06,3.89,3.89,3.9,3.86
2017-09-07,3.89,3.9,3.94,3.89
2017-09-08,3.91,3.96,3.97,3.89
2017-09-11,3.95,3.96,3.98,3.93
2017-09-12,3.96,3.98,4.0,3.94
2017-09-13,3.98,3.98,4.02,3.96
2017-09-14,3.98,4.0,4.0,3.92
2017-09-15,3.99,3.97,4.0,3.95
2017-09-18,3.95,3.97,3.98,3.95
2017-09-19,3.96,3.93,3.97,3.91
2017-09-20,3.93,3.96,3.96,3.92
2017-09-21,3.97,3.93,3.97,3.93
2017-09-22,3.92,3.89,3.93,3.88
2017-09-25,3.9,3.84,3.9,3.82
2017-09-26,3.84,3.84,3.85,3.81
2017-09-27,3.85,3.83,3.85,3.8
2017-09-28,3.84,3.79,3.84,3.78
2017-09-29,3.79,3.81,3.82,3.77
2017-10-09,3.83,3.84,3.87,3.83
2017-10-10,3.85,3.86,3.86,3.83
2017-10-11,3.87,3.87,3.89,3.86
2017-10-12,3.87,3.84,3.89,3.81
2017-10-13,3.84,3.85,3.86,3.83
2017-10-16,3.84,3.8,3.87,3.8
2017-10-17,3.8,3.8,3.81,3.77
2017-10-18,3.8,3.77,3.81,3.77
2017-10-19,3.76,3.69,3.78,3.68
2017-10-20,3.7,3.74,3.76,3.68
2017-10-23,3.74,3.74,3.75,3.72
2017-10-24,3.74,3.74,3.78,3.73
2017-10-25,3.74,3.75,3.76,3.73
2017-10-26,3.76,3.76,3.78,3.74
2017-10-27,3.76,3.74,3.77,3.71
2017-10-30,3.75,3.66,3.76,3.6
2017-10-31,3.66,3.68,3.68,3.64
2017-11-01,3.69,3.67,3.71,3.66
2017-11-02,3.67,3.63,3.68,3.62
2017-11-03,3.63,3.61,3.64,3.58
2017-11-06,3.61,3.63,3.64,3.56
2017-11-07,3.63,3.65,3.66,3.61
2017-11-08,3.65,3.73,3.85,3.63
2017-11-09,3.71,3.71,3.73,3.68
2017-11-10,3.71,3.68,3.72,3.65
2017-11-13,3.67,3.63,3.67,3.63
2017-11-14,3.63,3.61,3.65,3.61
2017-11-15,3.62,3.59,3.63,3.58
2017-11-16,3.59,3.61,3.63,3.59
2017-11-17,3.6,3.43,3.61,3.41
2017-11-20,3.4,3.41,3.42,3.32
2017-11-21,3.41,3.37,3.43,3.36
2017-11-22,3.38,3.36,3.39,3.35
2017-11-23,3.37,3.26,3.38,3.25
2017-11-24,3.26,3.25,3.27,3.21
2017-11-27,3.25,3.24,3.26,3.22
2017-11-28,3.24,3.27,3.27,3.22
2017-11-29,3.28,3.35,3.39,3.23
2017-11-30,3.33,3.42,3.45,3.32
2017-12-01,3.41,3.39,3.41,3.37
2017-12-04,3.37,3.33,3.38,3.33
2017-12-05,3.33,3.25,3.35,3.23
2017-12-06,3.27,3.31,3.33,3.27
2017-12-07,3.32,3.35,3.36,3.29
2017-12-08,3.32,3.34,3.35,3.3
2017-12-11,3.33,3.36,3.4,3.32
2017-12-12,3.36,3.32,3.36,3.31
2017-12-13,3.3,3.32,3.33,3.29
2017-12-14,3.32,3.31,3.33,3.3
2017-12-15,3.32,3.35,3.36,3.32
2017-12-18,3.35,3.35,3.39,3.33
2017-12-19,3.35,3.36,3.37,3.34
2017-12-20,3.36,3.35,3.37,3.34
2017-12-21,3.35,3.35,3.37,3.32
2017-12-22,3.35,3.35,3.37,3.34
2017-12-25,3.35,3.42,3.52,3.34
2017-12-26,3.4,3.44,3.46,3.38
2017-12-27,3.44,3.42,3.48,3.42
2017-12-28,3.42,3.44,3.47,3.41
2017-12-29,3.45,3.48,3.52,3.45
2018-01-02,3.48,3.48,3.53,3.46
2018-01-03,3.47,3.48,3.5,3.46
2018-01-04,3.47,3.49,3.5,3.46
2018-01-05,3.48,3.49,3.51,3.47
2018-01-08,3.48,3.42,3.49,3.41
2018-01-09,3.42,3.41,3.44,3.41
2018-01-10,3.42,3.37,3.43,3.36
2018-01-11,3.36,3.39,3.4,3.35
2018-01-12,3.39,3.36,3.39,3.35
2018-01-15,3.34,3.27,3.36,3.26
2018-01-16,3.27,3.31,3.32,3.27
2018-01-17,3.31,3.31,3.32,3.27
2018-01-18,3.3,3.32,3.34,3.28
2018-01-19,3.32,3.29,3.34,3.26
2018-01-22,3.28,3.31,3.31,3.26
2018-01-23,3.31,3.31,3.33,3.3
2018-01-24,3.31,3.32,3.34,3.3
2018-01-25,3.32,3.33,3.35,3.3
2018-01-26,3.33,3.31,3.33,3.3
2018-01-29,3.3,3.29,3.33,3.27
2018-01-30,3.28,3.31,3.35,3.27
2018-01-31,3.31,3.3,3.46,3.28
2018-02-01,3.28,3.09,3.29,3.09
2018-02-02,3.09,3.06,3.1,2.93
2018-02-05,3.05,3.04,3.05,2.97
2018-02-06,2.97,2.92,3.02,2.92
2018-02-07,2.95,2.98,3.01,2.91
2018-02-08,2.98,3.02,3.03,2.97
2018-02-09,2.98,2.93,2.98,2.92
2018-02-12,2.94,3.06,3.18,2.94
2018-02-13,3.05,3.02,3.08,3.01
2018-02-14,3.02,3.05,3.05,3.01
2018-02-22,3.06,3.06,3.08,3.04
2018-02-23,3.06,3.08,3.11,3.04
2018-02-26,3.09,3.13,3.15,3.06
2018-02-27,3.11,3.11,3.13,3.1
2018-02-28,3.1,3.13,3.13,3.09
2018-03-01,3.13,3.14,3.15,3.1
2018-03-02,3.13,3.12,3.14,3.11
2018-03-05,3.12,3.11,3.13,3.1
2018-03-06,3.12,3.14,3.14,3.12
2018-03-07,3.13,3.11,3.17,3.1
2018-03-08,3.11,3.12,3.13,3.11
2018-03-09,3.12,3.15,3.17,3.11
2018-03-12,3.16,3.18,3.19,3.15
2018-03-13,3.17,3.18,3.21,3.16
2018-03-14,3.16,3.13,3.18,3.12
2018-03-15,3.13,3.11,3.14,3.08
2018-03-16,3.1,3.11,3.13,3.09
2018-03-19,3.12,3.13,3.16,3.11
2018-03-20,3.12,3.12,3.13,3.09
2018-03-21,3.12,3.11,3.16,3.11
2018-03-22,3.1,3.11,3.14,3.09
2018-03-23,3.05,2.95,3.06,2.9
2018-03-26,2.92,2.97,2.97,2.87
2018-03-27,2.98,3.01,3.04,2.97
2018-03-28,3.0,2.99,3.01,2.98
2018-03-29,2.98,3.02,3.03,2.98
2018-03-30,3.01,3.02,3.04,3.01
2018-04-02,3.04,3.05,3.07,3.04
2018-04-03,3.03,3.02,3.04,3.0
2018-04-04,3.02,3.02,3.05,3.01
2018-04-09,3.01,3.02,3.04,2.97
2018-04-10,3.01,3.02,3.03,3.0
2018-04-11,3.03,3.03,3.04,3.02
2018-04-12,3.03,3.0,3.04,2.99
2018-04-13,3.01,2.99,3.02,2.99
2018-04-16,3.0,2.99,3.01,2.97
2018-04-17,2.98,2.95,3.02,2.94
2018-04-18,3.0,2.97,3.0,2.92
2018-04-19,2.97,2.96,2.99,2.95
2018-04-20,2.96,2.89,2.96,2.88
2018-04-23,2.9,2.91,2.93,2.88
2018-04-24,2.92,2.98,2.99,2.9
2018-04-25,2.96,3.03,3.05,2.96
2018-04-26,3.03,3.0,3.04,2.99
2018-04-27,3.0,2.96,3.03,2.95
2018-05-02,2.98,3.02,3.02,2.95
2018-05-03,3.02,3.08,3.09,2.98
2018-05-04,3.06,3.14,3.18,3.05
2018-05-07,3.12,3.15,3.15,3.09
2018-05-08,3.12,3.11,3.13,3.09
2018-05-09,3.1,3.09,3.11,3.07
2018-05-10,3.1,3.11,3.12,3.09
2018-05-11,3.09,3.08,3.11,3.07
2018-05-14,3.07,3.12,3.18,3.07
2018-05-15,3.1,3.13,3.13,3.07
2018-05-16,3.11,3.15,3.17,3.1
2018-05-17,3.15,3.29,3.33,3.13
2018-05-18,3.24,3.27,3.29,3.13
2018-05-21,3.25,3.27,3.31,3.25
2018-05-22,3.28,3.26,3.28,3.24
2018-05-23,3.25,3.29,3.37,3.24
2018-05-24,3.3,3.35,3.36,3.28
2018-05-25,3.34,3.34,3.37,3.32
