date,open,close,high,low
2016-01-04,6.264,6.264,6.264,6.004
2016-01-05,5.871,5.637,6.077,5.637
2016-01-06,5.524,5.657,5.79,5.424
2016-01-07,5.55,5.09,5.55,5.09
2016-01-08,4.97,4.783,5.17,4.583
2016-01-11,4.69,4.303,4.703,4.303
2016-01-12,4.356,4.343,4.45,4.096
2016-01-13,4.363,4.343,4.563,4.323
2016-01-14,4.209,4.47,4.536,4.143
2016-01-15,4.436,4.263,4.583,4.223
2016-01-18,4.203,4.323,4.43,4.156
2016-01-19,4.316,4.65,4.683,4.29
2016-01-20,4.596,4.663,4.736,4.503
2016-01-21,4.536,4.283,4.63,4.256
2016-01-22,4.343,4.33,4.403,4.216
2016-01-25,4.376,4.43,4.51,4.343
2016-01-26,4.39,4.169,4.416,4.083
2016-01-27,4.203,4.043,4.216,3.869
2016-01-28,4.003,3.856,4.043,3.836
2016-01-29,3.809,3.996,4.036,3.776
2016-02-01,3.996,4.116,4.183,3.936
2016-02-02,4.076,4.203,4.303,4.076
2016-02-03,4.183,4.176,4.189,4.049
2016-02-04,4.176,4.249,4.336,4.156
2016-02-05,4.249,4.156,4.33,4.143
2016-02-15,4.096,4.176,4.249,3.936
2016-02-16,4.183,4.35,4.363,4.183
2016-02-17,4.35,4.39,4.443,4.29
2016-02-18,4.416,4.336,4.47,4.316
2016-02-19,4.33,4.343,4.37,4.29
2016-02-22,4.383,4.47,4.496,4.343
2016-02-23,4.456,4.45,4.523,4.35
2016-02-24,4.45,4.47,4.503,4.363
2016-02-25,4.47,4.023,4.49,4.023
2016-02-26,4.136,4.009,4.136,3.869
2016-03-02,3.742,3.989,4.003,3.709
2016-03-03,3.969,3.976,3.996,3.929
2016-03-04,3.949,3.776,3.976,3.776
2016-03-07,3.829,3.929,3.963,3.803
2016-03-08,3.909,3.956,3.969,3.783
2016-03-09,3.903,3.956,3.976,3.876
2016-03-10,3.956,3.869,3.976,3.849
2016-03-11,3.849,3.856,3.876,3.769
2016-03-14,3.883,3.956,3.996,3.863
2016-03-15,3.936,3.943,4.009,3.916
2016-03-16,4.103,3.983,4.103,3.943
2016-03-17,3.976,4.069,4.109,3.969
2016-03-18,4.096,4.209,4.229,4.069
2016-03-21,4.216,4.269,4.283,4.203
2016-03-22,4.203,4.209,4.263,4.189
2016-03-23,4.216,4.249,4.283,4.203
2016-03-24,4.216,4.203,4.269,4.176
2016-03-25,4.176,4.243,4.256,4.163
2016-03-28,4.263,4.236,4.336,4.223
2016-03-29,4.229,4.116,4.236,4.089
2016-03-30,4.143,4.249,4.263,4.123
2016-03-31,4.263,4.283,4.336,4.256
2016-04-01,4.283,4.296,4.323,4.229
2016-04-05,4.35,4.47,4.503,4.283
2016-04-06,4.463,4.55,4.616,4.423
2016-04-07,4.55,4.63,4.776,4.516
2016-04-08,4.596,4.523,4.696,4.456
2016-04-11,4.556,4.683,4.75,4.543
2016-04-12,4.683,4.643,4.703,4.57
2016-04-13,4.696,4.716,4.837,4.663
2016-04-14,4.75,4.89,4.89,4.683
2016-04-15,4.91,5.137,5.137,4.87
2016-04-18,5.203,5.15,5.223,5.05
2016-04-19,5.123,5.09,5.19,5.023
2016-04-20,5.123,4.837,5.177,4.837
2016-04-21,4.803,4.67,4.85,4.616
2016-04-22,4.676,4.736,4.77,4.57
2016-04-25,4.696,4.817,4.837,4.65
2016-04-26,4.803,4.857,4.857,4.716
2016-04-27,4.843,4.923,5.09,4.823
2016-04-28,4.937,4.81,4.963,4.676
2016-04-29,4.796,4.803,4.823,4.736
2016-05-03,4.796,4.91,4.917,4.736
2016-05-04,4.897,4.923,5.017,4.877
2016-05-05,4.923,4.89,4.95,4.796
2016-05-06,4.903,4.663,4.97,4.643
2016-05-09,4.57,4.43,4.596,4.43
2016-05-10,4.37,4.303,4.416,4.263
2016-05-11,4.363,4.216,4.403,4.216
2016-05-12,4.196,4.136,4.196,4.023
2016-05-13,4.089,4.096,4.216,4.083
2016-05-16,4.116,4.29,4.303,4.096
2016-05-17,4.316,4.256,4.323,4.236
2016-05-18,4.203,4.063,4.203,4.043
2016-05-19,4.063,4.116,4.143,4.049
2016-05-20,4.076,4.189,4.189,4.043
2016-05-23,4.183,4.256,4.269,4.163
2016-05-24,4.243,4.183,4.249,4.156
2016-05-25,4.223,4.169,4.243,4.156
2016-05-26,4.163,4.156,4.189,4.029
2016-05-27,4.156,4.203,4.243,4.116
2016-06-15,4.103,4.33,4.35,4.043
2016-06-16,4.296,4.31,4.343,4.256
2016-06-17,4.31,4.39,4.443,4.276
2016-06-20,4.229,4.31,4.343,4.216
2016-06-21,4.31,4.269,4.343,4.249
2016-06-22,4.256,4.303,4.316,4.256
2016-06-23,4.33,4.316,4.356,4.31
2016-06-24,4.336,4.269,4.343,4.203
2016-06-27,4.249,4.303,4.316,4.236
2016-06-28,4.303,4.356,4.356,4.263
2016-06-29,4.356,4.336,4.376,4.31
2016-06-30,4.343,4.376,4.396,4.31
2016-07-01,4.39,4.356,4.416,4.35
2016-07-04,4.343,4.416,4.443,4.29
2016-07-05,4.403,4.45,4.463,4.396
2016-07-06,4.456,4.53,4.536,4.416
2016-07-07,4.543,4.51,4.543,4.47
2016-07-08,4.496,4.57,4.61,4.47
2016-07-11,4.583,4.55,4.63,4.516
2016-07-12,4.583,4.523,4.583,4.443
2016-07-13,4.516,4.696,4.716,4.47
2016-07-14,4.656,4.603,4.656,4.556
2016-07-15,4.603,4.576,4.61,4.516
2016-07-18,4.563,4.596,4.603,4.47
2016-07-19,4.596,4.563,4.603,4.45
2016-07-20,4.536,4.55,4.61,4.496
2016-07-21,4.543,4.516,4.57,4.503
2016-07-22,4.516,4.49,4.536,4.483
2016-07-25,4.496,4.496,4.516,4.47
2016-07-26,4.523,4.583,4.616,4.523
2016-07-27,4.603,4.37,4.623,4.356
2016-07-28,4.37,4.33,4.423,4.269
2016-07-29,4.33,4.33,4.356,4.296
2016-08-01,4.303,4.229,4.363,4.196
2016-08-02,4.216,4.269,4.276,4.216
2016-08-03,4.263,4.296,4.31,4.236
2016-08-04,4.296,4.323,4.336,4.276
2016-08-05,4.336,4.323,4.336,4.303
2016-08-08,4.33,4.37,4.376,4.29
2016-08-09,4.363,4.37,4.403,4.356
2016-08-10,4.363,4.383,4.39,4.35
2016-08-11,4.356,4.316,4.376,4.303
2016-08-12,4.316,4.336,4.336,4.296
2016-08-15,4.343,4.39,4.41,4.323
2016-08-16,4.403,4.396,4.416,4.39
2016-08-17,4.403,4.41,4.43,4.39
2016-08-18,4.403,4.416,4.43,4.396
2016-08-19,4.416,4.416,4.43,4.39
2016-08-22,4.403,4.343,4.416,4.336
2016-08-23,4.343,4.356,4.37,4.336
2016-08-24,4.356,4.37,4.396,4.35
2016-08-25,4.37,4.323,4.376,4.269
2016-08-26,4.316,4.363,4.41,4.31
2016-08-29,4.363,4.396,4.41,4.323
2016-08-30,4.396,4.403,4.43,4.383
2016-08-31,4.403,4.49,4.516,4.396
2016-09-01,4.503,4.456,4.51,4.443
2016-09-02,4.443,4.45,4.47,4.416
2016-09-05,4.456,4.49,4.516,4.443
2016-09-06,4.483,4.536,4.55,4.463
2016-09-07,4.543,4.576,4.596,4.53
2016-09-08,4.576,4.623,4.623,4.543
2016-09-09,4.63,4.596,4.69,4.59
2016-09-12,4.49,4.45,4.536,4.45
2016-09-13,4.476,4.523,4.523,4.463
2016-09-14,4.483,4.583,4.61,4.476
2016-09-19,4.59,4.636,4.643,4.556
2016-09-20,4.643,4.63,4.65,4.596
2016-09-21,4.636,4.656,4.683,4.63
2016-09-29,4.656,4.636,4.683,4.556
2016-09-30,4.576,4.87,4.87,4.576
2016-10-10,4.937,4.863,4.99,4.756
2016-10-11,4.883,5.01,5.103,4.837
2016-10-12,5.01,5.017,5.05,4.93
2016-10-13,5.017,4.99,5.15,4.99
2016-10-14,4.957,4.863,5.023,4.863
2016-10-17,4.903,4.917,4.97,4.863
2016-10-18,4.903,4.937,4.95,4.85
2016-10-19,4.95,4.963,5.037,4.93
2016-10-20,4.97,4.977,4.977,4.917
2016-10-21,4.977,5.05,5.077,4.957
2016-10-24,5.09,5.057,5.097,5.003
2016-10-25,5.043,5.07,5.11,5.037
2016-10-26,5.057,5.077,5.103,5.023
2016-10-27,5.09,5.063,5.09,4.997
2016-10-28,5.043,5.01,5.09,5.01
2016-10-31,5.03,5.077,5.083,4.903
2016-11-01,5.077,5.083,5.143,5.057
2016-11-02,5.077,5.09,5.123,5.057
2016-11-03,5.07,5.097,5.117,5.057
2016-11-04,5.097,5.177,5.263,5.09
2016-11-07,5.183,5.077,5.183,5.043
2016-11-08,5.083,5.137,5.177,5.07
2016-11-09,5.15,5.143,5.19,5.05
2016-11-10,5.17,5.31,5.404,5.137
2016-11-11,5.29,5.37,5.47,5.29
2016-11-14,5.364,5.417,5.457,5.344
2016-11-15,5.417,5.444,5.484,5.35
2016-11-16,5.464,5.49,5.524,5.424
2016-11-17,5.497,5.43,5.497,5.37
2016-11-18,5.41,5.384,5.464,5.377
2016-11-21,5.39,5.337,5.457,5.324
2016-11-22,5.357,5.377,5.404,5.324
2016-11-23,5.524,5.223,5.53,5.177
2016-11-24,5.19,5.057,5.217,5.017
2016-11-25,5.057,5.097,5.11,4.93
2016-11-28,5.097,5.097,5.143,5.063
2016-11-29,5.01,5.017,5.117,4.99
2016-11-30,5.023,4.963,5.03,4.93
2016-12-01,4.963,5.057,5.11,4.943
2016-12-02,5.057,4.963,5.063,4.943
2016-12-05,4.903,4.97,4.997,4.883
2016-12-06,4.983,5.023,5.05,4.983
2016-12-07,4.997,5.07,5.083,4.99
2016-12-08,5.07,5.097,5.15,5.057
2016-12-09,5.11,5.123,5.13,5.077
2016-12-12,5.123,4.877,5.143,4.877
2016-12-13,4.89,4.99,5.117,4.823
2016-12-14,5.003,5.023,5.103,4.983
2016-12-15,5.017,5.19,5.223,5.003
2016-12-16,5.19,5.23,5.29,5.157
2016-12-19,5.263,5.223,5.277,5.19
2016-12-20,5.21,5.29,5.357,5.177
2016-12-21,5.283,5.297,5.37,5.263
2016-12-22,5.263,5.377,5.45,5.19
2016-12-23,5.377,5.33,5.377,5.297
2016-12-26,5.303,5.257,5.303,5.177
2016-12-27,5.243,5.297,5.37,5.203
2016-12-28,5.337,5.317,5.337,5.263
2016-12-29,5.29,5.317,5.364,5.277
2016-12-30,5.33,5.364,5.384,5.33
2017-01-03,5.377,5.37,5.404,5.35
2017-01-04,5.37,5.377,5.39,5.35
2017-01-05,5.377,5.33,5.397,5.324
2017-01-06,5.33,5.33,5.35,5.277
2017-01-09,5.33,5.364,5.404,5.317
2017-01-10,5.35,5.357,5.384,5.344
2017-01-11,5.364,5.324,5.364,5.303
2017-01-12,5.303,5.344,5.404,5.283
2017-01-13,5.33,5.417,5.57,5.303
2017-01-16,5.404,5.29,5.524,5.143
2017-01-17,5.257,5.217,5.29,5.143
2017-01-18,5.15,5.19,5.237,5.137
2017-01-19,5.183,5.19,5.303,5.137
2017-01-20,5.263,5.29,5.31,5.197
2017-01-23,5.29,5.35,5.397,5.29
2017-01-24,5.39,5.384,5.404,5.337
2017-01-25,5.35,5.444,5.517,5.35
2017-01-26,5.457,5.45,5.537,5.377
2017-02-03,5.444,5.43,5.47,5.384
2017-02-06,5.41,5.437,5.444,5.397
2017-02-07,5.43,5.437,5.47,5.417
2017-02-08,5.437,5.457,5.47,5.404
2017-02-09,5.444,5.457,5.504,5.437
2017-02-10,5.47,5.49,5.51,5.45
2017-02-13,5.517,5.544,5.597,5.484
2017-02-14,5.51,5.49,5.544,5.464
2017-02-15,5.484,5.484,5.51,5.424
2017-02-16,5.477,5.497,5.504,5.444
2017-02-17,5.477,5.49,5.51,5.45
2017-02-20,5.484,5.477,5.504,5.444
2017-02-21,5.484,5.497,5.51,5.464
2017-02-22,5.497,5.504,5.57,5.497
2017-02-23,5.504,5.497,5.51,5.47
2017-02-24,5.504,5.584,5.597,5.49
2017-02-27,5.61,5.684,5.75,5.61
2017-02-28,5.69,5.717,5.77,5.65
2017-03-01,5.73,5.877,5.884,5.704
2017-03-02,5.924,5.804,5.971,5.797
2017-03-03,5.79,5.917,5.931,5.784
2017-03-06,5.937,6.071,6.091,5.931
2017-03-07,6.071,6.031,6.091,5.977
2017-03-08,5.997,5.997,6.044,5.871
2017-03-09,6.017,5.964,6.017,5.937
2017-03-10,5.971,6.017,6.111,5.924
2017-03-13,5.997,5.997,6.064,5.944
2017-03-14,6.011,5.991,6.051,5.951
2017-03-15,5.991,6.037,6.051,5.977
2017-03-16,6.064,6.224,6.291,6.017
2017-03-17,6.231,6.251,6.398,6.204
2017-03-20,6.244,6.244,6.371,6.204
2017-03-21,6.224,6.171,6.311,6.111
2017-03-22,6.144,6.064,6.164,6.011
2017-03-23,6.084,5.951,6.111,5.924
2017-03-24,5.957,6.017,6.037,5.937
2017-03-28,5.784,5.624,5.857,5.597
2017-03-29,5.597,5.637,5.817,5.597
2017-03-30,5.537,5.464,5.597,5.41
2017-03-31,5.47,5.464,5.55,5.464
2017-04-05,5.47,5.55,5.577,5.424
2017-04-06,5.557,5.55,5.577,5.497
2017-04-07,5.557,5.57,5.604,5.49
2017-04-10,5.57,5.57,5.67,5.497
2017-04-11,5.59,5.564,5.59,5.47
2017-04-12,5.55,5.624,5.75,5.45
2017-04-13,5.617,5.59,5.637,5.577
2017-04-14,5.577,5.537,5.644,5.484
2017-04-17,5.51,5.444,5.557,5.35
2017-04-18,5.444,5.29,5.497,5.21
2017-04-19,5.25,5.163,5.283,5.07
2017-04-20,5.203,5.09,5.237,5.01
2017-04-21,5.11,5.137,5.183,5.063
2017-04-24,5.09,5.077,5.163,5.057
2017-04-25,5.123,5.09,5.183,5.077
2017-04-26,5.097,5.083,5.11,5.05
2017-04-27,5.083,5.13,5.177,4.97
2017-04-28,5.157,5.143,5.163,5.097
2017-05-02,5.137,5.377,5.45,5.117
2017-05-03,5.344,5.337,5.39,5.277
2017-05-04,5.31,5.337,5.424,5.277
2017-05-05,5.344,5.27,5.344,5.203
2017-05-08,5.203,5.263,5.317,5.17
2017-05-09,5.263,5.283,5.424,5.21
2017-05-10,5.263,5.23,5.357,5.203
2017-05-11,5.19,5.203,5.377,5.037
2017-05-12,5.23,5.117,5.297,5.103
2017-05-15,5.123,5.117,5.183,5.083
2017-05-16,5.123,5.177,5.19,5.01
2017-05-17,5.19,5.404,5.577,5.15
2017-05-18,5.47,5.944,5.944,5.404
2017-05-19,5.911,6.197,6.271,5.877
2017-05-22,6.151,6.104,6.271,5.991
2017-05-23,6.111,6.004,6.137,5.924
2017-05-24,5.937,6.084,6.157,5.757
2017-05-25,6.071,6.691,6.691,5.904
2017-05-26,6.538,6.518,6.651,6.418
2017-05-31,6.411,6.818,6.938,6.411
2017-06-01,6.758,6.678,6.938,6.511
2017-06-02,6.538,6.438,6.671,6.011
2017-06-05,6.358,6.284,6.471,6.104
2017-06-06,6.231,6.411,6.484,6.151
2017-06-07,6.338,6.404,6.604,6.331
2017-06-08,6.384,6.484,6.571,6.257
2017-06-09,6.538,6.338,6.538,6.338
2017-06-12,6.257,6.338,6.431,6.217
2017-06-13,6.297,6.364,6.391,6.297
2017-06-14,6.344,6.471,6.838,6.344
2017-06-15,6.471,6.631,6.804,6.277
2017-06-16,6.711,6.624,6.738,6.478
2017-06-19,6.538,6.831,6.985,6.491
2017-06-20,6.858,6.764,6.905,6.671
2017-06-21,6.771,6.538,6.791,6.091
2017-06-22,6.504,5.944,6.571,5.931
2017-06-23,5.77,5.504,5.871,5.41
2017-06-26,5.45,5.524,5.617,5.437
2017-06-27,5.53,5.424,5.544,5.384
2017-06-28,5.424,5.39,5.437,5.33
2017-06-29,5.404,5.49,5.517,5.357
2017-06-30,5.47,5.39,5.49,5.39
2017-07-03,5.397,5.41,5.43,5.344
2017-07-04,5.397,5.357,5.41,5.357
2017-07-05,5.357,5.37,5.39,5.344
2017-07-06,5.377,5.517,5.57,5.337
2017-07-07,5.49,5.47,5.557,5.437
2017-07-10,5.47,5.517,5.577,5.45
2017-07-11,5.497,5.804,5.904,5.464
2017-07-12,5.77,5.744,5.79,5.684
2017-07-13,5.684,5.717,5.857,5.677
2017-07-14,5.677,5.39,5.737,5.377
2017-07-17,5.337,4.85,5.357,4.85
2017-07-18,4.71,4.843,4.85,4.69
2017-07-19,4.803,4.91,4.917,4.75
2017-07-20,4.903,4.97,5.003,4.863
2017-07-21,4.93,4.99,5.057,4.91
2017-07-24,4.957,5.043,5.103,4.943
2017-07-25,5.03,4.937,5.103,4.923
2017-07-26,4.943,5.07,5.103,4.917
2017-07-27,5.07,5.17,5.324,5.037
2017-07-28,5.143,5.09,5.183,5.077
2017-07-31,5.097,5.23,5.27,5.097
2017-08-01,5.237,5.183,5.324,5.13
2017-08-02,5.19,5.117,5.19,5.063
2017-08-03,5.15,5.183,5.19,5.097
2017-08-04,5.157,5.143,5.237,5.103
2017-08-07,5.13,5.143,5.183,5.083
2017-08-08,5.13,5.037,5.157,5.023
2017-08-09,5.057,5.123,5.137,5.043
2017-08-10,5.11,4.957,5.123,4.943
2017-08-11,4.937,4.923,5.057,4.863
2017-08-14,4.923,4.997,5.003,4.91
2017-08-15,5.023,5.123,5.157,5.003
2017-08-16,5.163,5.157,5.23,5.11
2017-08-17,5.15,5.17,5.177,5.103
2017-08-18,5.183,5.083,5.183,5.07
2017-08-21,5.057,5.103,5.13,5.03
2017-08-22,5.117,5.43,5.604,5.103
2017-08-23,5.397,5.23,5.43,5.21
2017-08-24,5.203,5.123,5.257,5.11
2017-08-25,5.117,5.163,5.197,5.103
2017-08-28,5.19,5.243,5.283,5.15
2017-08-29,5.25,5.177,5.257,5.157
2017-08-30,5.157,5.23,5.263,5.15
2017-08-31,5.25,5.21,5.257,5.163
2017-09-01,5.223,5.21,5.237,5.177
2017-09-04,5.23,5.35,5.39,5.23
2017-09-05,5.31,5.29,5.33,5.263
2017-09-06,5.283,5.263,5.283,5.223
2017-09-07,5.263,5.223,5.27,5.203
2017-09-08,5.23,5.223,5.263,5.197
2017-09-11,5.21,5.223,5.23,5.177
2017-09-12,5.23,5.31,5.357,5.217
2017-09-13,5.45,5.844,5.844,5.45
2017-09-14,6.358,6.431,6.431,6.264
2017-09-15,6.117,6.204,6.384,6.064
2017-09-18,6.044,6.331,6.551,5.971
2017-09-19,6.164,6.137,6.297,6.051
2017-09-20,6.131,6.144,6.157,5.997
2017-09-21,6.117,5.924,6.117,5.884
2017-09-22,5.917,6.197,6.518,5.891
2017-09-25,6.177,5.924,6.191,5.871
2017-09-26,5.937,5.904,5.957,5.777
2017-09-27,5.871,5.904,5.977,5.837
2017-09-28,5.917,5.891,6.017,5.857
2017-09-29,5.897,5.931,5.984,5.81
2017-10-09,6.004,6.104,6.104,5.924
2017-10-10,6.071,6.044,6.084,5.971
2017-10-11,6.057,5.784,6.057,5.784
2017-10-12,5.75,5.684,5.79,5.597
2017-10-13,5.677,5.67,5.71,5.617
2017-10-16,5.67,5.557,5.717,5.49
2017-10-17,5.517,5.584,5.59,5.504
2017-10-18,5.57,5.464,5.61,5.457
2017-10-19,5.45,5.464,5.49,5.344
2017-10-20,5.45,5.53,5.604,5.397
2017-10-23,5.55,5.51,5.564,5.477
2017-10-24,5.517,5.43,5.55,5.35
2017-10-25,5.417,5.49,5.517,5.384
2017-10-26,5.497,5.51,5.524,5.444
2017-10-27,5.517,5.424,5.524,5.417
2017-10-30,5.404,5.097,5.424,5.077
2017-10-31,5.117,5.137,5.17,5.097
2017-11-01,5.137,5.117,5.183,5.103
2017-11-02,5.103,4.963,5.103,4.957
2017-11-03,4.977,4.977,5.003,4.923
2017-11-06,4.983,5.023,5.037,4.81
2017-11-07,5.003,5.05,5.083,4.977
2017-11-08,5.023,5.137,5.217,5.017
2017-11-09,5.09,5.257,5.29,5.09
2017-11-10,5.384,5.303,5.464,5.303
2017-11-13,5.197,5.21,5.29,5.15
2017-11-14,5.203,5.043,5.203,5.01
2017-11-15,5.07,4.97,5.09,4.957
2017-11-16,4.97,5.017,5.057,4.95
2017-11-17,5.03,4.756,5.037,4.73
2017-11-20,4.736,4.763,4.77,4.503
2017-11-21,4.763,4.696,4.817,4.663
2017-11-22,4.696,4.616,4.736,4.59
2017-11-23,4.616,4.53,4.65,4.51
2017-11-24,4.456,4.503,4.55,4.443
2017-11-27,4.503,4.416,4.523,4.403
2017-11-28,4.416,4.476,4.476,4.39
2017-11-29,4.456,4.656,4.656,4.436
2017-11-30,4.63,4.576,4.663,4.55
2017-12-01,4.576,4.643,4.656,4.563
2017-12-04,4.603,4.83,5.01,4.603
2017-12-05,4.796,4.67,4.903,4.57
2017-12-06,4.636,4.61,4.636,4.476
2017-12-07,4.59,4.583,4.623,4.55
2017-12-08,4.603,4.663,4.69,4.576
2017-12-11,4.69,4.67,4.69,4.65
2017-12-12,4.656,4.536,4.703,4.523
2017-12-13,4.51,4.596,4.643,4.51
2017-12-14,4.583,4.676,4.696,4.57
2017-12-15,4.676,4.61,4.696,4.59
2017-12-18,4.603,4.603,4.65,4.55
2017-12-19,4.583,4.59,4.623,4.57
2017-12-20,4.59,4.516,4.603,4.516
2017-12-21,4.503,4.49,4.556,4.483
2017-12-22,4.496,4.49,4.523,4.476
2017-12-25,4.47,4.436,4.496,4.41
2017-12-26,4.47,4.523,4.523,4.416
2017-12-27,4.53,4.57,4.596,4.523
2017-12-28,4.556,4.556,4.59,4.51
2017-12-29,4.556,4.596,4.643,4.556
2018-01-02,4.623,4.69,4.703,4.576
2018-01-03,4.703,4.683,4.79,4.683
2018-01-04,4.65,4.837,4.877,4.65
2018-01-05,4.803,4.796,4.83,4.756
2018-01-08,4.77,4.79,4.837,4.763
2018-01-09,4.77,4.736,4.783,4.683
2018-01-10,4.723,4.736,4.776,4.71
2018-01-11,4.716,4.736,4.736,4.663
2018-01-12,4.716,4.696,4.736,4.696
2018-01-15,4.696,4.516,4.696,4.496
2018-01-16,4.536,4.55,4.576,4.496
2018-01-17,4.55,4.503,4.55,4.423
2018-01-18,4.49,4.51,4.536,4.483
2018-01-19,4.516,4.51,4.556,4.483
2018-01-22,4.483,4.51,4.543,4.443
2018-01-23,4.496,4.556,4.59,4.496
2018-01-24,4.563,4.576,4.59,4.516
2018-01-25,4.55,4.663,4.69,4.55
2018-01-26,5.13,5.13,5.13,5.13
2018-01-29,5.303,5.417,5.644,5.223
2018-01-30,5.037,4.977,5.203,4.91
2018-01-31,4.91,5.003,5.137,4.79
2018-02-01,4.957,4.796,5.05,4.796
2018-02-02,4.79,4.656,4.796,4.47
2018-02-05,4.503,4.65,4.723,4.483
2018-02-06,4.536,4.209,4.603,4.183
2018-02-07,4.336,4.276,4.363,4.136
2018-02-08,4.229,4.323,4.356,4.229
2018-02-09,4.169,4.263,4.396,4.076
2018-02-12,4.323,4.37,4.37,4.243
2018-02-13,4.376,4.383,4.496,4.35
2018-02-14,4.376,4.343,4.383,4.303
2018-02-22,4.363,4.41,4.443,4.356
2018-02-23,4.423,4.47,4.483,4.383
2018-02-26,4.476,4.53,4.536,4.43
2018-02-27,4.53,4.443,4.53,4.43
2018-02-28,4.416,4.496,4.516,4.376
2018-03-01,4.456,4.51,4.516,4.423
2018-03-02,4.456,4.436,4.496,4.43
2018-03-05,4.43,4.45,4.456,4.423
2018-03-06,4.45,4.496,4.496,4.41
2018-03-07,4.496,4.416,4.496,4.41
2018-03-08,4.416,4.476,4.483,4.41
2018-03-09,4.476,4.61,4.65,4.45
2018-03-12,4.643,4.643,4.663,4.59
2018-03-13,4.656,4.65,4.723,4.616
2018-03-14,4.65,4.736,4.943,4.63
2018-03-15,4.67,4.69,4.776,4.63
2018-03-16,4.676,4.65,4.73,4.636
2018-03-19,4.61,4.663,4.663,4.563
2018-03-20,4.736,4.79,4.903,4.723
2018-03-21,4.716,4.683,4.79,4.663
2018-03-22,4.69,4.663,4.71,4.61
2018-03-23,4.563,4.29,4.563,4.216
2018-03-26,4.256,4.35,4.37,4.109
2018-03-27,4.376,4.423,4.463,4.376
2018-03-28,4.376,4.41,4.43,4.343
2018-03-29,4.47,4.483,4.523,4.43
2018-03-30,4.503,4.776,4.803,4.496
2018-04-02,4.783,4.656,4.783,4.623
2018-04-03,4.563,4.59,4.623,4.536
2018-04-04,4.636,4.59,4.756,4.59
2018-04-09,4.583,4.643,4.683,4.543
2018-04-10,4.656,4.756,4.783,4.656
2018-04-11,4.763,4.736,4.776,4.703
2018-04-12,4.703,4.763,4.79,4.703
2018-04-13,4.77,4.77,4.843,4.75
2018-04-16,4.77,4.67,4.776,4.623
2018-04-17,4.603,4.47,4.643,4.45
2018-04-18,4.49,4.556,4.563,4.41
2018-04-19,4.536,4.596,4.65,4.53
2018-04-20,4.616,4.423,4.616,4.403
2018-04-23,4.416,4.496,4.503,4.416
2018-04-24,4.503,4.583,4.583,4.47
2018-04-25,4.57,4.61,4.616,4.55
2018-04-26,4.616,4.563,4.683,4.556
2018-04-27,4.603,4.703,4.71,4.563
2018-05-02,4.71,4.703,4.743,4.643
2018-05-03,4.69,4.71,4.723,4.603
2018-05-04,4.716,4.71,4.79,4.676
2018-05-07,4.74,4.71,4.81,4.64
2018-05-08,4.72,4.7,4.76,4.68
2018-05-09,4.69,4.67,4.76,4.66
2018-05-10,4.71,4.8,4.9,4.71
2018-05-11,4.82,4.66,4.82,4.65
2018-05-14,4.66,4.55,4.69,4.51
2018-05-15,4.53,4.58,4.59,4.51
2018-05-16,4.58,4.57,4.63,4.53
2018-05-17,4.54,4.62,4.67,4.54
2018-05-18,4.65,4.74,4.76,4.62
2018-05-21,4.75,4.77,4.81,4.7
2018-05-22,4.75,4.85,4.87,4.73
2018-05-23,4.82,4.71,4.88,4.71
2018-05-24,4.71,4.75,4.83,4.69
2018-05-25,4.74,4.58,4.75,4.58
