date,open,close,high,low
2016-01-04,18.47,16.83,18.7,16.83
2016-01-05,15.23,15.78,16.33,15.15
2016-01-06,15.51,16.23,16.37,15.51
2016-01-07,15.78,14.61,15.93,14.61
2016-01-08,14.8,15.0,15.41,14.01
2016-01-11,14.62,15.05,15.06,14.2
2016-01-12,14.95,14.88,15.37,14.7
2016-01-13,14.9,13.54,15.04,13.54
2016-01-14,13.06,13.6,13.84,12.5
2016-01-15,13.51,12.85,13.77,12.68
2016-01-18,12.65,13.93,14.14,12.58
2016-01-19,14.0,14.68,14.79,13.88
2016-01-20,14.42,15.0,15.2,14.34
2016-01-21,14.7,14.65,15.17,14.6
2016-01-22,14.81,15.17,15.39,14.55
2016-01-25,15.21,15.15,15.25,14.89
2016-01-26,15.05,14.4,15.05,13.65
2016-01-27,14.14,13.97,14.5,13.38
2016-01-28,13.95,13.4,14.01,13.4
2016-01-29,13.2,14.0,14.15,13.2
2016-02-01,13.99,13.47,14.03,13.42
2016-02-02,13.34,13.81,13.95,13.34
2016-02-03,13.65,13.8,13.92,13.5
2016-02-04,13.89,14.07,14.29,13.88
2016-02-05,14.18,14.06,14.66,13.97
2016-02-15,13.71,14.1,14.25,13.57
2016-02-16,14.17,14.77,15.0,14.1
2016-02-17,14.84,14.86,15.32,14.5
2016-02-18,15.3,15.1,15.39,14.6
2016-02-19,14.8,14.8,14.98,14.75
2016-02-22,15.03,15.3,15.45,14.88
2016-02-23,15.21,16.03,16.15,15.1
2016-02-24,16.07,15.84,16.11,15.4
2016-02-25,15.8,14.27,15.88,14.26
2016-02-26,14.94,14.6,14.94,14.27
2016-02-29,14.35,13.96,14.58,13.14
2016-03-01,13.84,13.96,14.16,13.51
2016-03-02,13.9,14.39,14.55,13.73
2016-03-03,14.59,14.5,15.03,14.3
2016-03-04,14.31,14.32,15.01,14.18
2016-03-07,14.41,14.43,14.89,14.3
2016-03-08,14.41,15.17,15.21,14.01
2016-03-09,15.03,14.8,15.17,14.7
2016-03-10,14.75,14.95,15.1,14.73
2016-03-11,14.0,14.48,15.1,14.0
2016-03-14,14.43,14.8,15.04,14.41
2016-03-15,14.8,14.7,14.99,14.55
2016-03-16,15.68,14.53,15.68,14.48
2016-03-17,14.4,15.01,15.1,14.3
2016-03-18,15.09,15.54,15.66,14.94
2016-03-21,15.7,16.4,16.4,15.64
2016-03-22,16.18,16.35,16.9,16.0
2016-03-23,16.18,16.25,16.47,15.8
2016-03-24,16.12,15.9,16.2,15.89
2016-03-25,15.81,16.18,16.22,15.81
2016-03-28,16.45,16.55,17.27,16.39
2016-03-29,16.77,17.0,17.28,16.41
2016-03-30,17.01,17.8,17.87,16.73
2016-03-31,17.94,17.61,17.96,17.45
2016-04-01,17.6,17.79,17.86,17.35
2016-04-05,17.79,18.2,18.4,17.72
2016-04-06,18.25,18.28,18.6,17.94
2016-04-07,18.31,17.67,18.43,17.67
2016-04-08,17.57,18.1,18.11,16.89
2016-04-11,17.72,17.93,18.14,17.6
2016-08-11,17.03,17.03,17.03,17.03
2016-08-12,16.18,16.18,16.18,16.18
2016-08-15,15.37,15.37,15.37,15.37
2016-08-16,14.6,14.6,15.1,14.6
2016-08-17,14.15,14.41,14.46,14.05
2016-08-18,14.25,14.78,14.92,14.21
2016-08-19,14.78,14.51,14.79,14.4
2016-08-22,14.48,14.22,14.48,14.17
2016-08-23,14.23,14.35,14.36,14.16
2016-08-24,14.35,14.23,14.37,14.2
2016-08-25,14.1,13.8,14.12,13.76
2016-08-26,13.82,13.96,14.07,13.82
2016-08-29,13.95,14.02,14.18,13.88
2016-08-30,14.04,14.16,14.29,14.03
2016-08-31,14.19,14.2,14.2,14.04
2016-09-01,14.19,14.34,14.48,14.13
2016-09-02,14.38,14.42,14.77,14.3
2016-09-05,14.4,14.41,14.49,14.19
2016-09-06,14.41,14.51,14.54,14.21
2016-09-07,14.58,14.44,14.61,14.42
2016-09-08,14.5,14.53,14.61,14.37
2016-09-09,14.51,14.59,14.73,14.41
2016-09-12,14.29,13.88,14.46,13.86
2016-09-13,14.05,13.89,14.07,13.73
2016-09-14,13.8,13.93,14.05,13.69
2016-09-19,14.04,14.06,14.13,13.96
2016-09-20,14.12,13.93,14.16,13.87
2016-09-21,13.96,13.71,14.0,13.71
2016-09-22,13.81,14.0,14.02,13.71
2016-09-23,14.03,14.09,14.26,13.9
2016-09-26,14.11,13.85,14.11,13.8
2016-09-27,13.75,14.06,14.13,13.71
2016-09-28,14.0,14.26,14.37,13.97
2016-09-29,14.21,14.26,14.42,14.21
2016-09-30,14.26,14.48,14.6,14.18
2016-10-10,14.47,14.52,14.88,14.31
2016-10-11,14.5,14.71,14.8,14.45
2016-10-12,14.7,14.74,14.8,14.57
2016-10-13,14.74,14.73,14.84,14.65
2016-10-14,14.75,14.77,14.96,14.6
2016-10-17,14.79,14.54,14.89,14.44
2016-10-18,14.54,14.67,14.78,14.5
2016-10-19,14.66,15.06,15.14,14.61
2016-10-20,15.0,15.6,15.81,14.9
2016-10-21,15.48,15.42,15.75,15.23
2016-10-24,15.42,15.6,15.84,15.36
2016-10-25,15.65,15.7,15.81,15.51
2016-10-26,15.73,16.25,16.42,15.71
2016-10-27,16.24,16.4,16.54,16.2
2016-10-28,16.4,15.58,16.41,15.58
2016-10-31,15.49,15.3,15.49,15.14
2016-11-01,15.42,15.85,15.85,15.42
2016-11-02,15.79,16.37,16.43,15.78
2016-11-03,16.36,16.76,17.05,16.22
2016-11-04,16.61,16.82,17.05,16.57
2016-11-07,16.82,16.97,17.33,16.81
2016-11-08,17.0,16.96,17.27,16.74
2016-11-09,17.2,17.45,17.49,16.81
2016-11-10,17.46,18.02,18.16,17.3
2016-11-11,18.12,18.18,18.37,17.85
2016-11-14,18.2,18.95,19.02,18.2
2016-11-15,18.75,18.59,19.29,18.51
2016-11-30,17.66,17.66,18.0,17.66
2016-12-01,17.11,16.93,17.32,16.78
2016-12-02,16.96,17.72,17.78,16.8
2016-12-05,17.38,18.27,18.49,17.38
2016-12-06,18.28,19.03,19.18,18.28
2016-12-07,19.1,18.76,19.16,18.4
2016-12-08,18.83,19.23,19.49,18.7
2016-12-09,19.29,19.15,19.29,18.89
2016-12-12,18.87,18.19,19.03,18.19
2016-12-13,17.8,18.02,18.37,17.28
2016-12-14,17.93,18.03,18.55,17.73
2016-12-15,18.1,17.5,18.25,17.49
2016-12-16,17.58,17.55,17.78,17.3
2016-12-19,17.53,17.83,18.12,17.47
2016-12-20,17.98,17.63,17.98,17.31
2016-12-21,17.77,17.21,17.79,17.16
2016-12-22,17.2,17.02,17.35,16.83
2016-12-23,17.06,16.48,17.06,16.42
2016-12-26,16.59,16.63,16.65,15.91
2016-12-27,16.69,17.01,17.14,16.69
2016-12-28,17.07,17.33,17.62,17.05
2016-12-29,17.33,17.44,17.68,17.15
2016-12-30,17.44,17.62,17.75,17.35
2017-01-03,17.78,17.44,17.97,17.35
2017-01-04,17.31,17.56,17.61,17.1
2017-01-05,17.3,17.4,17.62,17.3
2017-01-06,17.07,16.87,17.25,16.87
2017-01-09,16.78,17.1,17.1,16.73
2017-01-10,17.15,17.29,17.46,17.13
2017-01-11,17.31,16.9,17.38,16.88
2017-01-12,16.9,16.57,16.98,16.57
2017-01-13,16.58,16.58,16.89,16.52
2017-01-16,16.58,16.1,16.68,15.75
2017-01-17,16.17,16.11,16.25,15.64
2017-01-18,16.22,15.88,16.27,15.3
2017-01-19,15.96,15.6,16.49,15.44
2017-01-20,15.59,16.0,16.01,15.31
2017-01-23,16.06,16.16,16.25,15.82
2017-01-24,16.19,16.15,16.3,16.1
2017-01-25,16.26,16.19,16.29,16.12
2017-01-26,16.16,16.31,16.32,16.1
2017-02-03,16.3,16.62,16.72,16.25
2017-02-06,16.66,16.87,16.96,16.66
2017-02-07,16.97,17.11,17.3,16.88
2017-02-08,17.11,17.58,17.59,17.11
2017-02-09,17.6,18.08,18.46,17.55
2017-02-10,18.1,17.89,18.43,17.65
2017-02-13,17.8,18.18,18.18,17.73
2017-02-14,18.2,18.06,18.2,17.89
2017-02-15,18.07,17.7,18.1,17.5
2017-02-16,17.7,17.8,17.96,17.7
2017-02-17,17.75,17.92,18.3,17.75
2017-02-20,17.95,18.2,18.26,17.9
2017-02-21,18.2,17.97,18.39,17.9
2017-02-22,17.87,17.96,18.14,17.87
2017-02-23,17.96,17.84,18.06,17.75
2017-02-24,17.8,18.26,18.27,17.52
2017-02-27,18.39,18.65,18.9,18.17
2017-02-28,18.61,18.77,18.95,18.22
2017-03-01,18.98,19.29,19.68,18.8
2017-03-02,19.23,19.43,19.65,19.11
2017-03-03,19.31,19.44,19.57,19.16
2017-03-06,19.47,20.06,20.33,19.39
2017-03-07,19.97,19.4,20.22,19.31
2017-03-08,19.39,19.05,19.63,18.86
2017-03-09,18.93,19.08,19.39,18.9
2017-03-10,18.82,19.01,19.28,18.82
2017-03-13,19.01,19.1,19.17,18.7
2017-03-15,19.3,19.6,20.5,19.11
2017-03-16,19.31,19.44,19.95,18.95
2017-03-17,19.05,18.54,19.28,18.52
2017-03-20,18.58,18.75,18.87,17.98
2017-03-21,18.46,18.95,19.14,18.46
2017-03-22,18.95,18.97,19.09,18.56
2017-03-23,19.08,19.35,19.57,19.04
2017-03-24,19.42,19.39,19.66,19.23
2017-03-27,19.38,19.05,19.59,18.9
2017-03-28,19.11,19.07,19.3,18.9
2017-03-29,19.01,18.65,19.17,18.64
2017-03-30,18.5,17.8,18.64,17.72
2017-03-31,17.81,17.73,17.99,17.58
2017-04-05,17.8,18.94,19.16,17.8
2017-04-06,18.94,19.7,19.89,18.85
2017-04-07,19.8,20.38,21.29,19.4
2017-04-10,20.92,20.6,21.26,20.01
2017-04-11,20.58,20.7,20.9,20.1
2017-04-12,20.39,20.0,20.89,20.0
2017-04-13,20.01,20.1,20.2,19.81
2017-04-14,20.09,19.86,20.3,19.83
2017-04-17,19.8,19.62,19.96,19.57
2017-04-18,19.62,19.3,19.86,19.3
2017-04-19,19.31,18.85,19.5,18.43
2017-04-20,18.88,19.15,19.26,18.63
2017-04-21,18.95,18.46,19.16,18.4
2017-04-24,18.38,16.61,18.39,16.61
2017-04-25,16.4,15.7,16.67,15.57
2017-04-26,15.7,16.5,16.65,15.7
2017-04-27,16.9,16.64,16.9,16.29
2017-04-28,16.67,17.0,17.16,16.42
2017-05-02,17.02,17.16,17.33,16.91
2017-05-03,17.19,17.05,17.45,16.9
2017-05-04,17.21,16.83,17.21,16.8
2017-05-05,16.93,16.51,17.0,16.5
2017-05-08,16.34,16.83,17.09,16.34
2017-05-09,16.83,16.92,17.17,16.72
2017-05-10,16.94,16.31,17.0,15.82
2017-05-11,16.31,15.95,16.33,15.71
2017-05-12,15.95,15.95,16.49,15.82
2017-05-15,16.08,16.0,16.47,15.92
2017-05-16,15.95,16.14,16.14,15.76
2017-05-17,16.14,16.14,16.44,15.91
2017-05-18,15.99,15.7,16.1,15.6
2017-05-19,15.74,15.65,15.89,15.5
2017-05-22,15.66,14.66,15.76,14.51
2017-05-23,14.63,14.92,15.09,14.32
2017-05-24,15.11,14.93,15.26,14.66
2017-05-25,14.96,14.82,15.02,14.74
2017-05-26,14.95,14.86,15.2,14.82
2017-05-31,15.09,14.66,15.2,14.64
2017-06-01,14.6,13.5,14.75,13.19
2017-06-02,13.3,13.75,13.75,12.5
2017-06-05,13.82,13.82,13.95,13.68
2017-06-06,14.13,14.24,14.4,13.99
2017-06-07,14.24,14.49,14.5,14.04
2017-06-08,14.49,14.89,15.04,14.49
2017-06-09,14.9,14.68,14.9,14.4
2017-06-12,14.68,14.35,14.68,14.0
2017-06-13,14.31,14.83,14.85,14.2
2017-06-14,14.83,14.79,14.94,14.7
2017-06-15,14.87,15.29,15.46,14.71
2017-06-16,15.24,15.67,15.95,15.08
2017-06-19,15.67,15.78,15.88,15.37
2017-06-20,15.68,15.59,16.04,15.59
2017-06-21,15.68,15.63,15.87,15.51
2017-06-22,15.7,15.33,15.7,15.3
2017-06-23,15.48,15.35,15.5,15.1
2017-06-26,15.31,15.37,15.63,15.15
2017-06-27,15.38,15.29,15.59,15.17
2017-06-28,15.26,15.17,15.46,15.12
2017-06-29,15.17,15.25,15.37,15.12
2017-06-30,15.17,15.45,15.52,15.0
2017-07-03,15.49,15.41,15.55,15.2
2017-07-04,15.22,15.31,15.5,15.22
2017-07-05,15.42,15.02,15.42,14.82
2017-07-06,15.01,15.1,15.16,14.8
2017-07-07,15.01,15.1,15.12,14.85
2017-07-10,15.11,14.9,15.11,14.5
2017-07-11,14.9,14.7,14.98,14.6
2017-07-12,14.47,14.65,14.85,14.47
2017-07-13,14.5,14.69,14.81,14.5
2017-07-14,14.55,14.45,14.75,14.24
2017-07-17,14.63,13.72,14.63,13.01
2017-07-18,14.0,13.72,14.0,13.3
2017-07-19,13.3,13.78,13.8,13.3
2017-07-20,13.51,15.16,15.16,13.51
2017-07-21,15.16,15.54,15.68,15.05
2017-07-24,15.54,15.12,15.54,15.0
2017-07-25,15.11,15.0,15.42,14.85
2017-07-26,14.93,15.12,15.17,14.8
2017-07-27,15.0,15.25,15.42,15.0
2017-07-28,15.35,14.95,15.37,14.88
2017-07-31,14.9,14.76,15.02,14.76
2017-08-01,14.77,14.65,14.93,14.47
2017-08-02,14.51,14.16,14.67,14.07
2017-08-03,14.1,14.4,14.55,13.95
2017-08-04,14.34,14.23,14.43,14.17
2017-08-07,14.15,14.28,14.39,14.15
2017-08-08,14.28,14.73,14.84,14.2
2017-08-09,14.89,14.61,14.89,14.45
2017-08-10,14.86,14.59,16.07,14.28
2017-08-11,14.67,14.16,14.85,14.16
2017-08-14,14.16,14.38,14.52,14.16
2017-08-15,14.48,14.59,14.59,14.28
2017-08-16,14.48,14.58,14.69,14.35
2017-08-17,14.5,15.23,15.48,14.5
2017-08-18,14.87,14.7,15.07,14.55
2017-08-21,14.61,14.71,14.84,14.53
2017-08-22,14.61,14.55,14.7,14.42
2017-08-23,14.57,15.0,15.04,14.34
2017-08-24,14.88,15.17,15.44,14.75
2017-08-25,15.17,15.26,15.29,15.08
2017-08-28,15.2,15.45,15.73,15.15
2017-08-29,15.4,15.54,15.74,15.34
2017-08-30,15.54,15.31,15.79,15.23
2017-08-31,15.26,15.53,15.55,15.26
2017-09-01,15.52,15.49,15.74,15.43
2017-09-04,15.48,15.3,15.6,15.2
2017-09-05,15.21,15.55,15.55,15.2
2017-09-06,15.55,16.18,16.39,15.38
2017-09-07,15.99,16.42,16.5,15.86
2017-09-08,16.3,16.8,16.95,16.25
2017-09-11,16.8,16.78,16.82,16.27
2017-09-12,16.6,16.6,16.97,16.43
2017-09-13,16.48,16.59,16.79,16.4
2017-09-14,16.59,16.91,17.99,16.42
2017-09-15,16.64,16.63,16.81,16.19
2017-09-18,16.47,17.19,17.24,16.2
2017-09-19,17.19,17.43,17.87,16.9
2017-09-20,17.28,17.65,17.86,17.2
2017-09-21,17.64,18.22,18.53,17.38
2017-09-22,18.15,18.06,18.44,17.95
2017-09-25,18.06,18.23,18.46,17.92
2017-09-26,18.2,18.47,18.68,18.0
2017-09-27,18.3,18.58,18.8,18.11
2017-09-28,18.46,17.97,18.63,17.89
2017-09-29,18.0,17.64,18.14,17.17
2017-10-09,17.9,17.63,17.9,17.49
2017-10-10,17.63,17.29,17.73,17.15
2017-10-11,17.36,17.23,17.37,17.13
2017-10-12,17.25,16.88,17.41,16.85
2017-10-13,16.89,17.03,17.44,16.8
2017-10-16,17.03,16.71,17.24,16.62
2017-10-17,16.57,16.7,16.84,16.07
2017-10-18,16.7,17.32,17.47,16.7
2017-10-19,17.5,17.61,17.61,17.01
2017-10-20,17.6,17.3,17.69,17.3
2017-10-23,17.25,16.9,17.3,16.82
2017-10-24,16.9,16.96,17.0,16.66
2017-10-25,16.98,16.76,16.98,16.67
2017-10-26,16.88,16.63,16.88,16.5
2017-10-27,16.68,16.23,16.68,16.2
2017-10-30,16.23,16.9,17.44,16.23
2017-10-31,16.8,18.04,18.15,16.75
2017-11-01,18.35,18.6,18.69,18.04
2017-11-02,18.59,18.34,18.62,18.12
2017-11-03,18.56,16.92,18.56,16.51
2017-11-06,16.2,16.9,17.47,15.75
2017-11-07,16.9,16.8,17.04,16.66
2017-11-08,16.81,17.16,17.45,16.81
2017-11-09,17.17,17.19,17.32,16.99
2017-11-10,17.45,17.12,17.45,16.95
2017-11-13,17.28,16.72,17.28,16.56
2017-11-14,16.54,16.24,16.75,16.04
2017-11-15,16.0,16.2,16.4,15.98
2017-11-16,16.25,16.01,16.5,16.0
2017-11-17,15.97,15.47,16.16,15.4
2017-11-20,15.49,15.36,15.49,14.4
2017-11-21,15.36,15.06,16.05,14.91
2017-11-22,15.04,14.9,15.26,14.75
2017-11-23,14.89,14.1,14.91,13.85
2017-11-24,14.0,15.51,15.51,13.45
2017-11-27,15.51,15.11,15.99,15.04
2017-11-28,15.0,14.88,15.14,14.64
2017-11-29,15.0,15.4,15.96,15.0
2017-11-30,15.12,15.58,15.65,15.01
2017-12-01,15.58,15.32,15.84,15.27
2017-12-04,15.08,14.71,15.25,14.68
2017-12-05,14.55,14.37,14.83,14.13
2017-12-06,14.13,14.69,14.75,14.11
2017-12-07,14.57,14.6,14.9,14.57
2017-12-08,14.6,14.64,14.8,14.4
2017-12-11,14.8,14.36,14.8,14.22
2017-12-12,14.45,14.18,14.47,14.07
2017-12-13,14.32,14.28,14.33,14.14
2017-12-14,14.38,14.39,14.47,14.21
2017-12-15,14.39,14.25,14.39,14.02
2017-12-18,14.38,14.26,14.39,14.06
2017-12-19,14.32,14.26,14.42,14.2
2017-12-20,14.26,14.12,14.31,14.11
2017-12-21,14.11,13.94,14.17,13.81
2017-12-22,13.99,15.01,15.3,13.89
2017-12-25,14.83,14.4,15.0,14.35
2017-12-26,14.26,14.57,14.89,14.26
2017-12-27,14.69,14.54,14.8,14.46
2017-12-28,14.39,14.9,15.13,14.39
2017-12-29,14.71,15.35,15.5,14.71
2018-01-02,15.35,15.2,15.48,15.07
2018-01-03,15.19,15.16,15.25,15.02
2018-01-04,15.18,15.2,15.57,15.1
2018-01-05,15.05,15.23,15.33,15.05
2018-01-08,15.16,15.06,15.29,14.95
2018-01-09,15.2,15.16,15.28,14.8
2018-01-10,15.11,15.08,15.27,15.02
2018-01-11,15.18,14.97,15.18,14.92
2018-01-12,15.09,14.98,15.09,14.9
2018-01-15,15.08,14.61,15.08,14.61
2018-01-16,14.51,14.63,14.72,14.4
2018-01-17,14.61,14.46,14.75,14.31
2018-01-18,14.46,14.47,14.59,14.4
2018-01-19,14.47,14.46,14.57,14.33
2018-01-22,14.15,14.28,14.46,14.15
2018-01-23,14.28,14.51,14.71,14.24
2018-01-24,14.5,14.32,14.51,14.25
2018-01-25,14.29,14.37,14.53,14.29
2018-01-26,14.39,14.49,14.54,14.08
2018-01-29,14.36,14.6,14.67,14.21
2018-01-30,14.55,15.1,15.2,14.42
2018-01-31,15.04,15.3,15.38,14.9
2018-02-01,15.15,14.92,15.31,14.5
2018-02-02,14.72,15.3,15.3,13.43
2018-02-05,15.05,15.0,15.23,14.9
2018-02-06,15.0,14.6,15.0,13.88
2018-02-07,13.66,14.4,14.48,13.66
2018-02-08,14.14,14.2,14.2,13.58
2018-02-09,13.75,13.99,14.01,13.01
2018-02-12,13.68,13.8,13.94,13.67
2018-02-13,13.69,13.8,13.89,13.48
2018-02-14,13.83,13.88,13.9,13.63
2018-02-22,13.89,14.11,14.4,13.89
2018-02-23,14.02,13.88,14.13,13.7
2018-02-26,13.8,13.82,13.92,13.49
2018-02-27,13.83,13.84,13.91,13.58
2018-02-28,13.74,13.75,13.85,13.65
2018-03-01,13.63,13.72,13.81,13.63
2018-03-02,13.58,14.02,14.34,13.56
2018-03-05,14.03,13.87,14.23,13.75
2018-03-06,13.87,13.78,13.96,13.69
2018-03-07,13.78,14.18,14.66,13.66
2018-03-08,14.05,14.03,14.15,13.92
2018-03-09,14.03,14.04,14.1,13.81
2018-03-12,14.03,14.2,14.27,14.01
2018-03-13,14.17,14.1,14.24,14.03
2018-03-14,14.1,14.25,14.45,14.0
2018-03-15,14.25,14.12,14.25,14.05
2018-03-16,14.15,14.41,14.42,14.1
2018-03-19,14.41,14.31,14.41,14.17
2018-03-20,14.31,14.18,14.34,14.1
2018-03-21,14.28,14.13,14.36,14.02
2018-03-22,14.29,14.03,14.29,13.71
2018-03-23,13.7,14.0,14.05,13.18
2018-03-26,13.5,13.97,13.97,13.5
2018-03-27,13.9,13.96,14.18,13.85
2018-03-28,13.72,13.81,13.94,13.72
2018-03-29,13.78,13.82,13.91,13.75
2018-03-30,13.79,13.88,13.88,13.65
2018-04-02,13.93,14.12,14.2,13.77
2018-04-03,14.12,14.0,14.12,13.85
2018-04-04,13.88,14.0,14.0,13.72
2018-04-09,13.98,14.18,14.19,13.8
2018-04-10,14.18,14.07,14.29,14.04
2018-04-11,13.95,13.98,14.1,13.9
2018-04-12,14.0,13.97,14.09,13.86
2018-04-13,13.98,13.93,14.05,13.85
2018-04-16,13.8,13.6,13.94,13.52
2018-04-17,13.58,13.34,13.78,13.2
2018-04-18,13.4,13.44,13.6,13.25
2018-04-19,13.45,13.97,14.21,13.41
2018-04-20,14.09,13.79,14.18,13.65
2018-04-23,13.76,13.53,13.89,13.52
2018-04-24,13.78,13.61,13.78,13.53
2018-04-25,13.71,13.43,13.71,13.36
2018-04-26,13.53,13.16,13.53,13.1
2018-04-27,13.16,13.13,13.29,13.02
2018-05-02,13.13,12.81,13.25,12.81
2018-05-03,12.81,12.77,12.96,12.6
2018-05-04,12.77,12.79,12.94,12.73
2018-05-07,12.88,12.71,12.88,12.6
2018-05-08,12.64,13.24,13.98,12.07
2018-05-09,12.84,12.64,12.99,12.5
2018-05-10,12.68,12.58,12.7,12.45
2018-05-11,12.62,12.3,12.67,12.21
2018-05-14,12.4,11.07,12.4,11.07
2018-05-15,10.84,10.43,10.84,9.96
2018-05-16,10.18,10.2,10.33,10.12
2018-05-17,10.19,10.16,10.32,10.12
2018-05-18,10.2,10.29,10.33,10.06
2018-05-21,10.33,10.39,10.46,10.25
2018-05-22,10.4,10.3,10.4,10.23
2018-05-23,10.21,9.99,10.28,9.75
2018-05-24,9.95,9.82,9.95,9.78
2018-05-25,9.82,8.95,9.86,8.93
