date,open,close,high,low
2016-01-04,10.643,9.543,10.689,9.528
2016-01-05,8.997,9.297,9.836,8.613
2016-01-06,9.343,9.459,9.589,9.151
2016-01-07,9.228,8.513,9.251,8.513
2016-01-08,8.844,8.359,8.874,7.682
2016-01-11,8.267,7.521,8.267,7.521
2016-01-12,7.682,7.636,7.744,7.313
2016-01-13,7.99,7.429,7.99,7.382
2016-01-14,6.929,7.682,7.767,6.929
2016-01-15,7.69,7.129,7.69,7.067
2016-01-18,6.844,7.259,7.344,6.806
2016-01-19,7.367,7.636,7.69,7.236
2016-01-20,7.521,7.49,7.729,7.413
2016-01-21,7.259,6.998,7.529,6.998
2016-01-22,7.136,7.159,7.19,6.883
2016-01-25,7.236,7.421,7.552,7.159
2016-01-26,7.29,6.69,7.336,6.683
2016-01-27,6.729,6.49,6.767,6.121
2016-01-28,6.337,6.106,6.529,6.014
2016-01-29,6.106,6.483,6.583,6.037
2016-02-01,6.49,6.56,6.66,6.406
2016-02-02,6.59,6.86,7.029,6.567
2016-02-03,6.76,6.86,6.952,6.575
2016-02-04,6.99,7.036,7.267,6.99
2016-02-05,7.059,7.083,7.259,7.029
2016-02-15,6.806,6.944,7.029,6.49
2016-02-16,6.952,7.321,7.413,6.952
2016-02-17,7.306,7.406,7.406,7.213
2016-02-18,7.536,7.475,7.936,7.306
2016-02-19,7.367,7.436,7.536,7.352
2016-02-22,7.559,7.613,7.69,7.444
2016-02-23,7.659,7.629,7.882,7.467
2016-02-24,7.644,7.613,7.805,7.275
2016-02-25,7.498,6.852,7.521,6.852
2016-02-26,6.883,6.606,6.975,6.498
2016-02-29,6.66,6.229,6.783,6.075
2016-03-01,6.283,6.36,6.452,6.129
2016-03-02,6.36,6.706,6.76,6.306
2016-03-03,6.667,6.883,7.036,6.667
2016-03-04,6.836,6.513,6.898,6.367
2016-03-07,6.567,6.652,6.76,6.567
2016-03-08,6.66,6.621,6.667,6.191
2016-03-09,6.46,7.282,7.282,6.352
2016-03-10,7.352,7.059,7.636,7.006
2016-03-11,6.683,6.537,6.79,6.414
2016-03-14,6.583,6.775,6.998,6.498
2016-03-15,6.69,6.537,6.721,6.498
2016-03-16,6.613,6.36,6.667,6.306
2016-03-17,6.367,6.552,6.583,6.367
2016-03-18,6.644,7.067,7.183,6.552
2016-03-21,7.229,7.505,7.652,7.152
2016-03-22,7.559,7.452,7.898,7.382
2016-03-23,7.306,7.429,7.498,7.252
2016-03-24,7.375,7.159,7.375,7.159
2016-03-25,7.206,7.605,7.605,7.206
2016-03-28,7.836,7.398,7.928,7.352
2016-03-29,7.29,7.075,7.367,6.967
2016-03-30,7.083,7.29,7.298,7.083
2016-03-31,7.352,7.198,7.375,7.129
2016-04-01,7.159,7.098,7.206,6.998
2016-04-05,7.113,7.413,7.436,7.067
2016-04-06,7.321,7.352,7.421,7.229
2016-04-07,7.382,7.482,7.682,7.19
2016-04-08,7.313,7.29,7.421,7.167
2016-04-11,7.382,7.498,7.567,7.306
2016-04-12,7.498,7.382,7.552,7.252
2016-04-13,7.421,7.459,7.598,7.406
2016-04-14,7.467,7.521,7.529,7.39
2016-04-15,7.513,7.567,7.675,7.482
2016-04-18,7.513,7.39,7.521,7.344
2016-04-19,7.429,7.759,7.836,7.382
2016-04-20,7.652,7.106,7.721,6.983
2016-04-21,6.998,6.86,7.098,6.844
2016-04-22,6.783,6.975,6.998,6.698
2016-04-25,7.036,7.036,7.152,6.821
2016-04-26,7.013,7.052,7.075,6.906
2016-04-27,7.059,7.006,7.121,7.006
2016-04-28,7.006,7.229,7.282,6.906
2016-04-29,7.152,7.09,7.19,7.075
2016-05-03,7.136,7.236,7.259,7.006
2016-05-04,7.229,7.313,7.421,7.229
2016-05-05,7.267,7.436,7.444,7.267
2016-05-06,7.429,6.998,7.552,6.99
2016-05-09,6.967,6.621,6.967,6.613
2016-05-10,6.575,6.637,6.736,6.575
2016-05-11,6.729,6.66,6.798,6.621
2016-05-12,6.521,6.498,6.521,6.383
2016-05-13,6.506,6.444,6.567,6.398
2016-05-16,6.452,6.544,6.544,6.429
2016-05-17,6.552,6.86,7.198,6.406
2016-05-18,6.69,6.444,6.744,6.352
2016-05-19,6.437,6.46,6.598,6.437
2016-05-20,6.36,6.498,6.544,6.321
2016-05-23,6.521,6.621,6.652,6.521
2016-05-24,6.598,6.49,6.598,6.452
2016-05-25,6.58,6.44,6.58,6.43
2016-05-26,6.41,6.46,6.49,6.22
2016-05-27,6.48,6.46,6.55,6.41
2016-05-30,6.41,6.47,6.63,6.41
2016-05-31,6.48,6.7,6.78,6.48
2016-06-01,6.67,6.67,6.77,6.66
2016-06-02,6.7,6.83,6.99,6.66
2016-06-03,6.83,6.74,6.87,6.71
2016-06-06,6.71,6.81,6.98,6.71
2016-06-07,6.82,6.71,6.85,6.64
2016-06-08,6.73,6.73,6.76,6.61
2016-06-13,6.66,6.42,6.86,6.4
2016-06-14,6.32,6.38,6.41,6.27
2016-06-15,6.25,6.54,6.55,6.24
2016-06-16,6.52,6.41,6.53,6.39
2016-06-17,6.44,6.42,6.56,6.38
2016-06-20,6.42,6.36,6.44,6.3
2016-06-21,6.43,6.3,6.46,6.27
2016-06-22,6.27,6.36,6.38,6.27
2016-06-23,6.38,6.33,6.41,6.3
2016-06-24,6.35,6.18,6.38,5.95
2016-06-27,6.15,6.32,6.33,6.11
2016-06-28,6.3,6.37,6.39,6.28
2016-06-29,6.38,6.5,6.64,6.38
2016-06-30,6.5,6.42,6.51,6.37
2016-07-01,6.45,6.38,6.48,6.37
2016-07-04,6.35,6.46,6.49,6.31
2016-07-05,6.48,6.51,6.52,6.45
2016-07-06,6.49,6.51,6.51,6.42
2016-07-07,6.49,6.52,6.6,6.43
2016-07-08,6.53,6.46,6.53,6.45
2016-07-11,6.48,6.39,6.51,6.38
2016-07-12,6.37,6.45,6.45,6.35
2016-07-13,6.46,6.57,6.63,6.44
2016-07-14,6.54,6.56,6.59,6.49
2016-07-15,6.55,6.5,6.59,6.48
2016-07-18,6.49,6.64,6.83,6.39
2016-07-19,6.54,6.58,6.61,6.48
2016-07-20,6.55,6.72,6.81,6.55
2016-07-21,6.7,6.96,6.98,6.69
2016-07-22,6.95,6.77,6.95,6.75
2016-07-25,6.75,6.71,6.82,6.65
2016-07-26,6.81,6.98,7.37,6.78
2016-07-27,6.98,6.73,7.13,6.51
2016-07-28,6.61,6.52,6.73,6.41
2016-07-29,6.53,6.38,6.56,6.36
2016-08-01,6.31,6.19,6.37,6.13
2016-08-02,6.2,6.28,6.28,6.2
2016-08-03,6.26,6.27,6.3,6.21
2016-08-04,6.27,6.25,6.27,6.18
2016-08-05,6.23,6.26,6.34,6.21
2016-08-08,6.25,6.32,6.33,6.19
2016-08-09,6.3,6.4,6.45,6.28
2016-08-10,6.41,6.4,6.46,6.33
2016-08-11,6.38,6.26,6.39,6.25
2016-08-12,6.24,6.43,6.57,6.23
2016-08-15,6.37,6.49,6.52,6.34
2016-08-16,6.5,7.14,7.14,6.47
2016-08-17,7.13,6.88,7.14,6.84
2016-08-18,6.89,7.29,7.56,6.84
2016-08-19,7.15,7.35,7.36,7.05
2016-08-22,7.6,7.21,7.8,7.19
2016-08-23,7.05,7.08,7.21,6.91
2016-08-24,7.05,7.07,7.14,7.01
2016-08-25,6.98,7.18,7.28,6.92
2016-08-26,7.19,7.06,7.27,7.05
2016-08-29,7.13,6.9,7.13,6.9
2016-08-30,6.86,7.1,7.24,6.86
2016-08-31,7.05,6.98,7.1,6.87
2016-09-01,6.95,6.86,6.98,6.86
2016-09-02,6.86,6.78,6.87,6.72
2016-09-05,6.8,6.8,6.87,6.77
2016-09-06,6.8,6.93,6.94,6.72
2016-09-07,6.93,6.93,7.05,6.91
2016-09-08,6.92,7.2,7.26,6.91
2016-09-09,7.22,7.09,7.22,7.05
2016-09-12,6.95,6.68,6.95,6.68
2016-09-13,6.77,6.74,6.77,6.68
2016-09-14,6.71,6.7,6.78,6.64
2016-09-19,6.73,6.78,6.83,6.73
2016-09-20,6.78,6.74,6.81,6.71
2016-09-21,6.78,6.75,6.78,6.73
2016-09-22,6.77,6.78,6.82,6.76
2016-09-23,6.8,6.77,6.81,6.72
2016-09-26,6.77,6.51,6.78,6.5
2016-09-27,6.51,6.62,6.63,6.4
2016-09-28,6.6,6.53,6.62,6.51
2016-09-29,6.55,6.54,6.59,6.53
2016-09-30,6.56,6.6,6.62,6.54
2016-10-10,6.63,6.76,6.77,6.63
2016-10-11,6.76,6.78,6.79,6.73
2016-10-12,6.95,6.92,7.18,6.86
2016-10-13,6.88,6.91,6.98,6.83
2016-10-14,6.89,6.84,6.95,6.82
2016-10-17,6.84,6.9,7.03,6.82
2016-10-18,6.86,6.95,6.95,6.83
2016-10-19,6.95,6.89,6.97,6.86
2016-10-20,6.87,6.88,6.91,6.85
2016-10-21,6.87,6.89,6.95,6.81
2016-10-24,6.86,6.94,7.04,6.86
2016-10-25,6.93,7.0,7.04,6.91
2016-10-26,7.2,7.38,7.7,7.2
2016-10-27,7.2,7.13,7.24,7.05
2016-10-28,7.14,6.92,7.14,6.92
2016-10-31,6.86,7.04,7.07,6.86
2016-11-01,7.05,7.1,7.12,6.93
2016-11-02,7.05,6.96,7.09,6.96
2016-11-03,6.94,6.98,7.05,6.91
2016-11-04,6.97,6.94,7.04,6.92
2016-11-07,6.92,6.94,6.98,6.9
2016-11-08,6.97,7.07,7.1,6.9
2016-11-09,7.04,7.09,7.17,6.93
2016-11-10,7.13,7.14,7.19,7.07
2016-11-11,7.15,7.14,7.18,7.08
2016-11-14,7.14,7.18,7.22,7.11
2016-11-15,7.2,7.18,7.22,7.08
2016-11-16,7.18,7.28,7.32,7.13
2016-11-17,7.26,7.24,7.26,7.13
2016-11-18,7.27,7.14,7.27,7.11
2016-11-21,7.1,7.26,7.32,7.1
2016-11-22,7.23,7.21,7.25,7.17
2016-11-23,7.2,7.11,7.24,7.09
2016-11-24,7.1,7.03,7.16,7.01
2016-11-25,7.01,7.07,7.08,6.93
2016-11-28,7.07,7.05,7.08,7.02
2016-11-29,7.04,6.91,7.04,6.91
2016-11-30,6.89,6.91,7.0,6.87
2016-12-01,6.95,7.0,7.03,6.91
2016-12-02,7.0,6.87,7.02,6.87
2016-12-05,6.85,6.8,6.87,6.73
2016-12-06,6.81,6.8,6.87,6.8
2016-12-07,6.81,6.9,6.9,6.78
2016-12-08,6.89,6.85,6.9,6.82
2016-12-09,6.87,6.84,6.88,6.82
2016-12-12,6.85,6.37,6.86,6.35
2016-12-13,6.37,6.34,6.42,6.28
2016-12-14,6.35,6.22,6.36,6.19
2016-12-15,6.21,6.37,6.45,6.17
2016-12-16,6.36,6.44,6.48,6.31
2016-12-19,6.4,6.39,6.44,6.35
2016-12-20,6.45,6.41,6.47,6.4
2016-12-21,6.43,6.61,6.66,6.43
2017-07-05,6.8,6.71,7.15,6.65
2017-07-06,6.57,6.72,6.87,6.52
2017-07-07,6.63,6.51,6.71,6.49
2017-07-10,6.55,6.62,6.82,6.55
2017-07-11,6.55,6.46,6.66,6.45
2017-07-12,6.39,6.2,6.39,6.14
2017-07-13,6.2,6.18,6.25,6.17
2017-07-14,6.23,6.18,6.23,6.16
2017-07-17,6.19,5.61,6.22,5.6
2017-07-18,5.6,5.57,5.6,5.4
2017-07-19,5.59,5.68,5.75,5.59
2017-07-20,5.69,5.65,5.76,5.65
2017-07-21,5.67,5.64,5.69,5.63
2017-07-24,5.67,5.61,5.68,5.57
2017-07-25,5.59,5.57,5.65,5.54
2017-07-26,5.62,5.54,5.62,5.52
2017-07-27,5.54,5.66,5.67,5.48
2017-07-28,5.67,5.69,5.77,5.67
2017-07-31,5.75,5.82,5.84,5.69
2017-08-01,5.89,5.83,5.89,5.79
2017-08-02,5.85,5.99,6.0,5.7
2017-08-03,5.93,5.89,5.97,5.86
2017-08-04,5.86,5.82,5.89,5.81
2017-08-07,5.82,5.89,5.96,5.81
2017-08-08,5.9,5.87,5.93,5.84
2017-08-09,5.86,5.86,5.9,5.84
2017-08-10,5.88,5.76,5.91,5.75
2017-08-11,5.76,5.68,5.76,5.67
2017-08-14,5.76,5.89,5.95,5.73
2017-08-15,5.94,5.96,5.98,5.89
2017-08-16,5.96,6.03,6.07,5.89
2017-08-17,6.01,6.01,6.02,5.94
2017-08-18,5.98,5.97,6.0,5.95
2017-08-21,5.99,6.01,6.07,5.98
2017-08-22,6.03,5.93,6.04,5.93
2017-08-23,5.94,5.94,5.97,5.91
2017-08-24,5.94,5.88,5.94,5.87
2017-08-25,5.89,5.91,5.94,5.88
2017-08-28,5.91,5.96,5.98,5.91
2017-08-29,5.98,5.91,5.98,5.9
2017-08-30,5.92,5.92,5.95,5.9
2017-08-31,5.95,5.93,5.95,5.88
2017-09-01,5.95,5.94,5.96,5.89
2017-09-04,5.94,5.94,5.95,5.9
2017-09-05,5.92,5.95,5.96,5.92
2017-09-06,5.95,5.91,5.95,5.86
2017-09-07,5.93,5.97,6.05,5.91
2017-09-08,5.97,6.04,6.07,5.95
2017-09-11,6.0,6.02,6.05,5.97
2017-09-12,6.03,5.97,6.03,5.96
2017-09-13,5.99,5.96,6.0,5.94
2017-09-14,5.95,5.98,6.0,5.95
2017-09-15,5.97,5.91,5.98,5.91
2017-09-18,5.92,5.94,5.97,5.91
2017-09-19,5.94,5.91,5.96,5.91
2017-09-20,5.91,6.0,6.0,5.87
2017-09-21,6.25,6.04,6.31,6.04
2017-09-22,6.0,5.97,6.05,5.95
2017-09-25,6.0,5.97,6.04,5.96
2017-09-26,5.97,5.84,6.01,5.8
2017-09-27,5.84,5.83,5.85,5.81
2017-09-28,5.83,5.78,5.86,5.78
2017-09-29,5.8,5.87,5.97,5.78
2017-10-09,5.96,5.91,5.99,5.88
2017-10-10,5.92,6.13,6.19,5.92
2017-10-11,6.13,6.08,6.18,6.05
2017-10-12,6.05,6.04,6.09,6.02
2017-10-13,6.06,6.08,6.1,6.04
2017-10-16,6.06,5.97,6.1,5.97
2017-10-17,5.98,5.97,6.0,5.93
2017-10-18,5.96,6.43,6.57,5.95
2017-10-19,6.2,6.44,6.78,6.18
2017-10-20,6.27,6.35,6.44,6.12
2017-10-23,6.35,6.39,6.54,6.25
2017-10-24,6.32,6.18,6.34,6.12
2017-10-25,6.14,6.19,6.26,6.14
2017-10-26,6.15,6.14,6.19,6.12
2017-10-27,6.14,6.07,6.17,6.05
2017-10-30,6.05,5.78,6.08,5.71
2017-10-31,5.8,5.83,5.83,5.75
2017-11-01,5.83,5.78,5.86,5.78
2017-11-02,5.78,5.69,5.81,5.65
2017-11-03,5.71,5.59,5.74,5.52
2017-11-06,5.6,5.69,5.79,5.52
2017-11-07,5.7,5.75,5.75,5.66
2017-11-08,5.77,5.73,5.78,5.72
2017-11-09,5.7,5.71,5.73,5.68
2017-11-10,5.7,5.7,5.74,5.68
2017-11-13,5.64,5.69,5.75,5.64
2017-11-14,5.69,5.59,5.7,5.56
2017-11-15,5.56,5.54,5.59,5.53
2017-11-16,5.54,5.55,5.62,5.52
2017-11-17,5.56,5.25,5.56,5.19
2017-11-20,5.25,5.29,5.3,5.03
2017-11-21,5.25,5.21,5.3,5.14
2017-11-22,5.25,5.18,5.28,5.16
2017-11-23,5.2,5.06,5.2,5.0
2017-11-24,5.09,5.08,5.11,5.03
2017-11-27,5.06,5.11,5.13,5.06
2017-11-28,5.09,5.17,5.18,5.09
2017-11-29,5.15,5.2,5.25,5.15
2017-11-30,5.18,5.25,5.32,5.17
2017-12-01,5.22,5.25,5.3,5.21
2017-12-04,5.27,5.17,5.27,5.17
2017-12-05,5.15,5.03,5.19,5.01
2017-12-06,5.03,5.09,5.11,4.99
2017-12-07,5.06,5.07,5.1,5.03
2017-12-08,5.09,5.11,5.14,5.07
2017-12-11,5.11,5.28,5.36,5.09
2017-12-12,5.24,5.18,5.27,5.15
2017-12-13,5.17,5.22,5.25,5.16
2017-12-14,5.22,5.25,5.27,5.18
2017-12-15,5.25,5.27,5.3,5.22
2017-12-18,5.27,5.2,5.28,5.2
2017-12-19,5.22,5.22,5.27,5.2
2017-12-20,5.19,5.07,5.19,5.05
2017-12-21,5.1,5.08,5.13,5.05
2017-12-22,5.1,5.05,5.13,5.05
2017-12-25,5.06,5.01,5.09,5.0
2017-12-26,5.02,5.2,5.2,5.01
2017-12-27,5.19,5.14,5.25,5.12
2017-12-28,5.1,5.07,5.12,5.03
2017-12-29,5.1,5.12,5.16,5.09
2018-01-02,5.11,5.18,5.2,5.11
2018-01-03,5.28,5.28,5.33,5.22
2018-01-04,5.24,5.26,5.3,5.24
2018-01-05,5.25,5.39,5.45,5.22
2018-01-08,5.39,5.42,5.44,5.33
2018-01-09,5.42,5.53,5.57,5.38
2018-01-10,5.51,5.6,5.62,5.44
2018-01-18,5.58,5.28,5.58,5.04
2018-01-19,5.21,5.12,5.23,5.11
2018-01-22,5.13,5.14,5.16,5.12
2018-01-23,5.13,5.11,5.16,5.11
2018-01-24,5.13,5.11,5.14,5.06
2018-01-25,5.09,5.14,5.18,5.09
2018-01-26,5.16,5.09,5.17,5.08
2018-01-29,5.09,5.02,5.09,5.01
2018-01-30,5.0,5.01,5.03,4.99
2018-01-31,5.01,4.73,5.01,4.7
2018-02-01,4.72,4.43,4.77,4.38
2018-02-02,4.43,4.36,4.43,4.24
2018-02-05,4.36,4.34,4.4,4.25
2018-02-06,4.31,4.01,4.31,4.0
2018-02-07,4.03,4.1,4.16,4.02
2018-02-08,4.1,4.25,4.35,4.07
2018-02-09,4.1,4.12,4.17,4.06
2018-02-12,4.13,4.23,4.28,4.13
2018-02-13,4.27,4.22,4.31,4.22
2018-02-14,4.22,4.25,4.29,4.21
2018-02-22,4.27,4.28,4.31,4.27
2018-02-23,4.28,4.32,4.34,4.25
2018-02-26,4.33,4.45,4.48,4.33
2018-02-27,4.49,4.46,4.55,4.37
2018-02-28,4.31,4.4,4.45,4.28
2018-03-01,4.44,4.48,4.49,4.39
2018-03-02,4.41,4.42,4.47,4.4
2018-03-05,4.45,4.56,4.62,4.39
2018-03-06,4.52,4.56,4.58,4.47
2018-03-07,4.54,4.46,4.55,4.46
2018-03-08,4.48,4.49,4.5,4.43
2018-03-09,4.49,4.58,4.59,4.45
2018-03-12,4.58,4.7,4.7,4.57
2018-03-13,4.68,4.61,4.69,4.6
2018-03-14,4.56,4.75,4.82,4.54
2018-03-15,4.93,4.77,4.93,4.66
2018-03-16,4.63,4.66,4.73,4.62
2018-03-19,4.66,4.63,4.68,4.58
2018-03-20,4.6,4.73,4.95,4.57
2018-03-21,4.67,4.62,4.73,4.59
2018-03-22,4.65,4.6,4.65,4.55
2018-03-23,4.54,4.29,4.54,4.17
2018-03-26,4.21,4.29,4.3,4.13
2018-03-27,4.32,4.36,4.39,4.31
2018-03-28,4.34,4.34,4.41,4.31
2018-03-29,4.32,4.37,4.4,4.32
2018-03-30,4.42,4.4,4.42,4.37
2018-04-02,4.37,4.42,4.42,4.37
2018-04-03,4.4,4.34,4.4,4.32
2018-04-04,4.36,4.35,4.43,4.35
2018-04-09,4.35,4.34,4.37,4.32
2018-04-10,4.35,4.36,4.39,4.33
2018-04-11,4.36,4.51,4.7,4.36
2018-04-12,4.5,4.44,4.51,4.43
2018-04-13,4.47,4.44,4.53,4.43
2018-04-16,4.39,4.33,4.39,4.33
2018-04-17,4.33,4.26,4.37,4.25
2018-04-18,4.26,4.27,4.3,4.21
2018-04-19,4.27,4.25,4.3,4.24
2018-04-20,4.25,4.15,4.25,4.12
2018-04-23,4.15,4.19,4.19,4.12
2018-04-24,4.18,4.24,4.25,4.17
2018-04-25,4.25,4.26,4.26,4.2
2018-04-26,4.27,4.2,4.27,4.14
2018-04-27,4.24,4.19,4.24,4.16
2018-05-02,4.2,4.18,4.2,4.08
2018-05-03,4.14,4.15,4.17,4.09
2018-05-04,4.16,4.17,4.18,4.13
2018-05-07,4.17,4.2,4.23,4.14
2018-05-08,4.21,4.2,4.24,4.19
2018-05-09,4.2,4.17,4.2,4.15
2018-05-10,4.18,4.21,4.21,4.16
2018-05-11,4.2,4.15,4.2,4.15
2018-05-14,4.15,4.14,4.18,4.11
2018-05-15,4.12,4.12,4.14,4.09
2018-05-16,4.12,4.13,4.16,4.07
2018-05-17,4.1,4.1,4.12,4.03
2018-05-18,4.09,4.09,4.1,4.04
2018-05-21,4.1,4.13,4.14,4.1
2018-05-22,4.15,4.15,4.17,4.12
2018-05-23,4.14,4.06,4.15,4.06
2018-05-24,3.95,4.02,4.06,3.75
2018-05-25,3.92,4.01,4.01,3.87
