date,open,close,high,low
2016-01-04,15.059,13.649,15.133,13.603
2016-01-05,12.995,13.391,13.751,12.903
2016-01-06,13.4,13.677,13.714,13.4
2016-01-07,13.382,12.331,13.382,12.313
2016-01-08,12.737,12.691,12.866,11.981
2016-01-11,12.543,12.009,12.617,11.99
2016-01-12,12.101,12.433,12.58,11.825
2016-01-13,12.442,12.11,12.848,12.046
2016-01-14,11.797,12.626,12.691,11.52
2016-01-15,12.617,12.036,12.691,12.0
2016-01-18,11.954,12.617,12.894,11.668
2016-01-19,12.543,13.4,13.548,12.451
2016-01-20,13.345,13.133,13.391,12.811
2016-01-21,13.115,12.636,13.253,12.636
2016-01-22,12.884,12.617,12.903,12.35
2016-01-25,12.765,13.059,13.069,12.442
2016-01-26,12.811,11.889,12.811,11.769
2016-01-27,12.027,11.705,12.073,11.244
2016-01-28,11.502,11.189,11.751,11.161
2016-01-29,11.318,11.659,11.834,11.244
2016-02-01,11.576,11.751,12.119,11.576
2016-02-02,11.659,12.055,12.147,11.64
2016-02-03,12.055,12.055,12.129,11.806
2016-02-04,12.101,12.359,12.728,12.027
2016-02-05,12.377,12.35,12.617,12.064
2016-02-15,11.898,12.202,12.331,11.815
2016-02-16,12.239,12.571,12.589,12.239
2016-02-17,12.451,12.7,12.718,12.451
2016-02-18,12.765,12.728,12.857,12.562
2016-02-19,12.626,12.589,12.728,12.543
2016-02-22,12.682,12.921,12.949,12.608
2016-02-23,12.866,12.58,12.875,12.451
2016-02-24,12.589,12.718,12.737,12.424
2016-02-25,12.626,11.548,12.663,11.447
2016-02-26,11.797,11.613,11.797,11.401
2016-02-29,11.539,10.765,11.603,10.599
2016-03-01,10.765,11.004,11.152,10.691
2016-03-02,11.06,11.548,11.659,11.013
2016-03-03,11.511,11.548,11.778,11.447
2016-03-04,11.557,11.235,11.705,11.124
2016-03-07,11.308,11.613,11.797,11.308
2016-03-08,11.668,11.695,11.723,11.152
2016-03-09,11.548,11.502,11.686,11.382
2016-03-10,11.548,11.207,11.659,11.17
2016-03-11,11.207,11.004,11.207,10.838
2016-03-14,11.106,11.299,11.502,11.106
2016-03-15,11.207,11.391,11.557,11.207
2016-03-16,11.419,11.272,11.548,11.106
2016-03-17,11.336,11.603,11.686,11.336
2016-03-18,11.603,12.0,12.064,11.594
2016-03-21,12.101,12.534,12.718,12.092
2016-03-22,12.442,12.46,12.58,12.341
2016-03-23,12.359,12.589,12.617,12.359
2016-03-24,12.728,12.442,12.894,12.424
2016-03-25,12.451,12.507,12.663,12.35
2016-03-28,12.525,12.488,12.626,12.368
2016-03-29,12.534,12.248,12.534,12.073
2016-03-30,12.276,12.608,12.663,12.276
2016-03-31,12.617,12.691,12.746,12.608
2016-04-01,12.682,12.746,12.792,12.451
2016-04-05,12.728,13.069,13.087,12.645
2016-04-06,12.958,13.133,13.142,12.866
2016-04-07,13.161,13.161,13.189,12.977
2016-04-08,13.106,13.152,13.17,12.765
2016-04-11,13.225,13.41,13.686,13.106
2016-04-12,13.327,13.4,13.53,12.986
2016-04-13,13.483,13.437,13.677,13.4
2016-04-14,13.502,13.723,13.815,13.373
2016-04-15,13.714,13.493,13.714,13.419
2016-04-18,13.318,13.023,13.456,12.967
2016-04-19,13.087,13.087,13.189,12.93
2016-04-20,13.133,12.488,13.29,12.239
2016-04-21,12.525,12.331,12.682,12.313
2016-04-22,12.368,12.451,12.488,12.258
2016-04-25,12.267,12.092,12.341,11.935
2016-04-26,12.11,12.184,12.248,11.963
2016-04-27,12.184,12.101,12.267,12.055
2016-04-28,12.147,12.036,12.156,11.861
2016-04-29,11.954,12.009,12.119,11.935
2016-05-03,12.055,12.377,12.377,12.036
2016-05-04,12.322,12.295,12.46,12.258
2016-05-05,12.341,12.341,12.359,12.23
2016-05-06,12.341,11.815,12.405,11.788
2016-05-09,11.723,11.318,11.723,11.225
2016-05-10,11.299,11.133,11.41,11.05
2016-05-11,11.161,10.949,11.281,10.921
2016-05-12,10.829,10.986,11.078,10.737
2016-05-13,10.94,10.958,11.152,10.829
2016-05-16,10.912,11.096,11.106,10.884
2016-05-17,11.124,11.069,11.179,10.977
2016-05-18,10.986,10.672,10.995,10.599
2016-05-19,10.654,10.728,10.866,10.654
2016-05-20,10.672,10.903,10.912,10.654
2016-05-23,10.894,11.023,11.06,10.857
2016-05-24,11.032,10.894,11.05,10.746
2016-05-25,10.958,10.884,11.032,10.829
2016-05-26,10.894,10.931,10.967,10.654
2016-05-27,10.931,11.023,11.096,10.82
2016-05-30,10.949,10.958,11.013,10.765
2016-05-31,11.015,11.393,11.412,10.948
2016-06-01,11.459,11.412,11.563,11.355
2016-06-02,11.364,11.468,11.478,11.364
2016-06-03,11.449,11.601,11.657,11.44
2016-06-06,11.563,11.525,11.62,11.459
2016-06-07,11.544,11.478,11.582,11.374
2016-06-08,11.459,11.535,11.582,11.374
2016-06-13,11.402,10.92,11.402,10.892
2016-06-14,10.92,10.996,11.081,10.882
2016-06-15,10.873,11.251,11.308,10.873
2016-06-16,11.204,11.071,11.289,10.977
2016-06-17,11.09,11.26,11.355,11.09
2016-06-20,11.26,11.393,11.421,11.213
2016-06-21,11.393,11.317,11.629,11.27
2016-06-22,11.317,11.412,11.44,11.279
2016-06-23,11.449,11.402,11.497,11.327
2016-06-24,11.383,11.223,11.497,10.92
2016-06-27,11.166,11.525,11.629,11.137
2016-06-28,11.544,11.771,11.969,11.374
2016-06-29,11.733,11.657,11.799,11.601
2016-06-30,11.695,11.648,11.733,11.601
2016-07-01,11.667,11.639,11.743,11.535
2016-07-04,11.591,11.865,11.884,11.553
2016-07-05,11.875,11.875,11.96,11.799
2016-07-06,11.818,11.988,11.988,11.818
2016-07-07,11.988,11.998,12.102,11.913
2016-07-08,11.96,11.988,12.055,11.818
2016-07-11,11.922,12.045,12.168,11.922
2016-07-12,12.026,12.225,12.291,11.865
2016-07-13,12.187,12.187,12.272,12.092
2016-07-14,12.13,12.244,12.253,12.111
2016-07-15,12.225,12.149,12.272,12.055
2016-07-18,12.177,12.102,12.225,12.036
2016-07-19,12.083,12.121,12.159,12.055
2016-07-20,12.13,12.149,12.215,12.102
2016-07-21,12.149,12.14,12.215,12.092
2016-07-22,12.111,12.026,12.177,11.922
2016-07-25,11.988,12.017,12.111,11.941
2016-07-26,12.007,12.272,12.3,12.007
2016-07-27,12.244,11.733,12.291,11.657
2016-07-28,11.724,11.818,11.913,11.714
2016-07-29,11.875,12.045,12.102,11.818
2016-08-01,11.969,11.686,12.026,11.487
2016-08-02,11.676,11.79,11.799,11.629
2016-08-03,11.733,12.461,12.565,11.733
2016-08-04,12.385,12.376,12.442,12.206
2016-08-05,12.329,12.385,12.518,12.263
2016-08-08,12.357,12.593,12.631,12.225
2016-08-09,12.584,12.697,12.754,12.442
2016-08-10,12.688,12.593,12.745,12.537
2016-08-11,12.546,12.385,12.622,12.367
2016-08-12,12.433,12.556,12.575,12.206
2016-08-15,12.461,12.688,12.716,12.414
2016-08-16,12.716,12.783,13.0,12.697
2016-08-17,12.726,12.745,12.868,12.65
2016-08-18,12.716,12.735,12.839,12.65
2016-08-19,12.716,12.745,12.745,12.603
2016-08-22,12.707,12.953,13.057,12.612
2016-08-23,12.953,12.953,13.189,12.783
2016-08-24,12.953,12.849,13.0,12.745
2016-08-25,12.764,13.0,13.028,12.48
2016-08-26,12.953,12.896,13.113,12.811
2016-08-29,12.896,12.716,12.896,12.697
2016-08-30,12.726,12.66,12.764,12.556
2016-08-31,12.622,12.697,12.754,12.612
2016-09-01,12.679,12.508,12.773,12.489
2016-09-02,12.518,12.499,12.556,12.348
2016-09-05,12.508,12.669,12.688,12.508
2016-09-06,12.697,12.839,13.0,12.565
2016-09-07,12.839,13.047,13.18,12.745
2016-09-08,12.981,13.066,13.095,12.905
2016-09-09,13.104,12.839,13.104,12.754
2016-09-12,12.669,12.66,12.905,12.584
2016-09-13,13.076,12.783,13.076,12.622
2016-09-14,12.716,12.593,12.754,12.48
2016-09-19,12.556,12.679,12.688,12.556
2016-09-20,12.669,12.527,12.669,12.499
2016-09-21,12.527,12.593,12.631,12.48
2016-09-22,12.631,12.697,12.811,12.631
2016-09-23,12.697,12.66,12.754,12.575
2016-09-26,12.631,12.263,12.631,12.206
2016-09-27,12.263,12.338,12.338,12.168
2016-09-28,12.319,12.272,12.48,12.102
2016-09-29,12.281,12.291,12.376,12.244
2016-09-30,12.291,12.385,12.423,12.263
2016-10-10,12.423,12.575,12.65,12.423
2016-10-11,12.565,12.735,12.764,12.556
2016-10-12,12.66,13.492,13.567,12.66
2016-10-13,13.425,13.17,13.425,13.095
2016-10-14,13.066,13.028,13.113,12.896
2016-10-17,13.047,12.868,13.066,12.783
2016-10-18,12.83,13.057,13.104,12.83
2016-10-19,13.095,12.896,13.104,12.858
2016-10-20,12.896,12.934,12.953,12.82
2016-10-21,12.934,12.953,13.0,12.735
2016-10-24,12.924,12.972,13.047,12.858
2016-10-25,12.991,12.972,13.047,12.924
2016-10-26,12.981,12.877,13.028,12.783
2016-10-27,12.868,12.858,12.915,12.811
2016-10-28,12.83,12.839,12.905,12.783
2016-10-31,12.83,12.934,12.953,12.735
2016-11-01,12.924,13.085,13.132,12.915
2016-11-02,13.066,12.943,13.142,12.801
2016-11-03,12.83,13.009,13.132,12.83
2016-11-04,13.038,13.113,13.161,12.981
2016-11-07,13.057,13.076,13.217,13.047
2016-11-08,13.151,13.18,13.236,13.076
2016-11-09,13.17,13.104,13.189,12.877
2016-11-10,13.161,13.227,13.274,13.057
2016-11-11,13.208,13.293,13.331,13.104
2016-11-14,13.265,13.303,13.369,13.151
2016-11-15,13.303,13.331,13.359,13.132
2016-11-16,13.321,13.284,13.369,13.18
2016-11-17,13.293,13.227,13.303,13.142
2016-11-18,13.199,13.293,13.293,13.151
2016-11-21,13.284,13.529,13.529,13.284
2016-11-22,13.407,13.615,13.728,13.407
2016-11-23,13.615,13.548,13.785,13.473
2016-11-24,13.529,13.463,13.605,13.217
2016-11-25,13.378,13.35,13.416,13.085
2016-11-28,13.369,13.397,13.511,13.284
2016-11-29,13.407,13.293,13.454,13.17
2016-11-30,13.227,13.151,13.284,13.066
2016-12-01,13.161,13.511,13.52,13.151
2016-12-02,13.473,13.284,13.643,13.246
2016-12-05,13.142,13.284,13.52,13.123
2016-12-06,13.236,13.331,13.378,13.18
2016-12-07,13.303,14.172,14.645,13.236
2016-12-08,14.182,13.756,14.276,13.671
2016-12-09,13.662,14.097,14.286,13.473
2016-12-12,14.163,13.095,14.201,13.047
2016-12-13,12.953,12.783,13.0,12.499
2016-12-14,12.773,12.934,13.52,12.65
2016-12-15,12.858,13.18,13.397,12.839
2016-12-16,13.142,13.255,13.369,13.028
2016-12-19,13.236,13.425,13.454,13.151
2016-12-20,13.312,13.095,13.388,12.953
2016-12-21,13.019,13.161,13.227,13.009
2016-12-22,13.142,13.577,13.728,13.095
2016-12-23,13.492,13.293,13.7,13.199
2016-12-26,13.227,13.161,13.274,12.764
2016-12-27,13.085,13.189,13.321,13.066
2016-12-28,13.113,13.567,13.681,13.113
2016-12-29,13.492,13.435,13.511,13.265
2016-12-30,13.388,13.35,13.539,13.199
2017-01-03,13.321,13.615,13.615,13.303
2017-01-04,13.548,13.728,13.747,13.501
2017-01-05,13.652,13.624,13.775,13.577
2017-01-06,13.567,13.785,13.945,13.435
2017-01-09,13.993,14.031,14.371,13.889
2017-01-10,13.908,14.087,14.532,13.841
2017-01-11,13.993,13.596,14.002,13.548
2017-01-12,13.567,13.567,13.775,13.529
2017-01-13,13.539,13.255,13.662,13.142
2017-01-16,13.17,12.764,13.227,12.291
2017-01-17,12.754,13.019,13.104,12.461
2017-01-18,12.915,12.82,13.085,12.764
2017-01-19,12.792,12.83,12.924,12.593
2017-01-20,12.82,13.019,13.019,12.735
2017-01-23,12.934,13.047,13.076,12.924
2017-01-24,13.009,12.877,13.019,12.83
2017-01-25,12.82,12.981,13.019,12.82
2017-01-26,12.924,13.019,13.057,12.924
2017-02-03,13.028,12.924,13.028,12.877
2017-02-06,12.896,13.038,13.057,12.887
2017-02-07,13.009,13.123,13.142,12.962
2017-02-08,13.095,13.189,13.208,12.991
2017-02-09,13.113,13.321,13.407,13.104
2017-02-10,13.293,13.378,13.463,13.284
2017-02-13,13.331,13.407,13.473,13.227
2017-02-14,13.369,13.284,13.425,13.236
2017-02-15,13.236,13.246,13.425,13.236
2017-02-16,13.293,13.359,13.369,13.142
2017-02-17,13.359,13.416,13.463,13.303
2017-02-20,13.407,13.728,13.775,13.407
2017-02-21,13.709,13.879,13.889,13.567
2017-02-22,13.804,13.794,13.879,13.643
2017-02-23,13.737,13.643,13.832,13.529
2017-02-24,13.596,13.671,13.69,13.548
2017-02-27,13.643,13.492,13.643,13.435
2017-02-28,13.416,13.529,13.567,13.416
2017-03-01,13.529,13.529,13.615,13.501
2017-03-02,13.548,13.473,13.567,13.369
2017-03-03,13.473,13.473,13.511,13.312
2017-03-06,13.435,13.548,13.586,13.407
2017-03-07,13.529,13.624,13.681,13.492
2017-03-08,13.577,13.681,13.69,13.539
2017-03-09,13.69,13.624,13.737,13.463
2017-03-10,13.624,13.662,13.681,13.567
2017-03-13,13.662,13.747,13.785,13.312
2017-03-14,13.709,13.633,13.804,13.596
2017-03-15,13.567,13.539,13.615,13.397
2017-03-16,13.454,13.681,13.69,13.454
2017-03-17,13.615,13.425,13.69,13.397
2017-03-20,13.407,13.454,13.52,13.246
2017-03-21,13.454,13.473,13.511,13.388
2017-03-22,13.397,13.397,13.501,13.312
2017-03-23,13.34,13.463,13.52,13.17
2017-03-24,13.435,13.473,13.492,13.246
2017-03-27,13.596,13.435,13.596,13.397
2017-03-28,13.416,13.35,13.473,13.255
2017-03-29,13.388,13.199,13.482,13.123
2017-03-30,13.095,12.981,13.189,12.764
2017-03-31,12.868,12.924,13.038,12.849
2017-04-05,12.915,13.047,13.066,12.82
2017-04-06,13.047,12.962,13.047,12.924
2017-04-07,12.972,12.991,13.095,12.953
2017-04-10,13.047,12.905,13.047,12.811
2017-04-11,12.887,13.151,13.217,12.792
2017-04-12,13.284,13.492,13.889,13.284
2017-04-13,13.35,13.123,13.397,13.066
2017-04-14,13.113,12.754,13.123,12.575
2017-04-17,12.593,12.688,12.83,12.442
2017-04-18,12.65,12.556,12.697,12.367
2017-04-19,12.489,12.499,12.546,12.196
2017-04-20,12.499,12.546,12.679,12.414
2017-04-21,12.527,12.669,12.764,12.499
2017-04-24,12.527,12.196,12.603,12.111
2017-04-25,12.225,12.281,12.414,12.149
2017-04-26,12.225,12.281,12.367,12.196
2017-04-27,12.234,12.357,12.452,12.111
2017-04-28,12.281,12.404,12.423,12.272
2017-05-02,12.357,12.348,12.404,12.291
2017-05-03,12.433,12.348,12.461,12.3
2017-05-04,12.367,12.281,12.385,12.272
2017-05-05,12.244,12.196,12.281,12.14
2017-05-08,12.168,12.045,12.206,12.017
2017-05-09,11.922,12.073,12.13,11.913
2017-05-10,12.073,11.96,12.13,11.828
2017-05-11,11.96,11.828,11.96,11.497
2017-05-12,11.867,11.905,12.002,11.741
2017-05-15,11.886,11.934,11.993,11.838
2017-05-16,11.896,12.215,12.254,11.673
2017-05-17,12.215,12.177,12.273,12.118
2017-05-18,12.07,12.012,12.186,11.867
2017-05-19,12.041,12.167,12.273,11.983
2017-05-22,12.225,12.089,12.254,11.925
2017-05-23,11.963,11.876,12.089,11.731
2017-05-24,11.741,11.809,11.954,11.634
2017-05-25,11.799,11.954,12.157,11.654
2017-05-26,11.954,11.925,11.993,11.896
2017-05-31,12.157,12.012,12.157,11.905
2017-06-01,12.012,11.799,12.012,11.76
2017-06-02,11.799,11.983,11.993,11.654
2017-06-05,11.993,11.915,12.051,11.867
2017-06-06,11.886,11.876,11.944,11.799
2017-06-07,11.886,12.002,12.022,11.828
2017-06-08,12.012,12.07,12.118,11.983
2017-06-09,12.06,11.944,12.138,11.876
2017-06-12,11.954,11.721,11.954,11.692
2017-06-13,11.683,11.857,11.886,11.683
2017-06-14,11.857,11.876,11.886,11.75
2017-06-15,11.867,11.963,11.993,11.818
2017-06-16,11.944,12.002,12.002,11.915
2017-06-19,12.002,12.041,12.06,11.944
2017-06-20,12.041,12.08,12.089,11.993
2017-06-21,12.041,12.08,12.089,11.954
2017-06-22,12.06,11.896,12.06,11.838
2017-06-23,11.847,11.905,12.118,11.673
2017-06-26,11.896,12.022,12.041,11.857
2017-06-27,12.041,12.041,12.07,12.002
2017-06-28,12.157,11.973,12.157,11.915
2017-06-29,11.973,11.983,12.07,11.944
2017-06-30,11.973,12.08,12.099,11.915
2017-07-03,12.07,12.07,12.08,11.983
2017-07-04,12.041,12.118,12.148,12.022
2017-07-05,12.118,12.157,12.157,12.07
2017-07-06,12.138,12.118,12.138,12.031
2017-07-07,12.099,12.157,12.157,12.06
2017-07-10,12.148,12.225,12.244,12.099
2017-07-11,12.225,12.283,12.535,12.167
2017-07-12,12.283,12.206,12.293,12.012
2017-07-13,12.167,12.186,12.225,12.06
2017-07-14,12.128,12.128,12.206,12.099
2017-07-17,12.128,11.353,12.128,11.353
2017-07-18,11.344,11.314,11.402,11.14
2017-07-19,11.324,11.508,11.557,11.295
2017-07-20,11.499,11.489,11.547,11.45
2017-07-21,11.46,11.508,11.547,11.46
2017-07-24,11.479,11.634,11.702,11.46
2017-07-25,11.663,11.605,11.673,11.499
2017-07-26,11.566,11.595,11.615,11.15
2017-07-27,11.547,11.692,11.77,11.537
2017-07-28,11.663,11.712,11.799,11.644
2017-07-31,11.712,11.692,11.76,11.644
2017-08-01,11.634,11.702,11.731,11.634
2017-08-02,11.683,11.518,11.702,11.508
2017-08-03,11.537,11.566,11.615,11.469
2017-08-04,11.528,11.557,11.615,11.499
2017-08-07,11.528,11.595,11.605,11.508
2017-08-08,11.557,11.557,11.624,11.547
2017-08-09,11.557,11.615,11.673,11.518
2017-08-10,11.576,11.469,11.654,11.411
2017-08-11,11.489,11.276,11.489,11.218
2017-08-14,11.218,11.324,11.363,11.218
2017-08-15,11.344,11.402,11.44,11.324
2017-08-16,11.421,11.547,11.566,11.382
2017-08-17,11.537,11.605,11.615,11.421
2017-08-18,11.595,11.605,11.634,11.528
2017-08-21,11.605,11.654,11.702,11.605
2017-08-22,11.654,11.566,11.673,11.547
2017-08-23,11.576,11.595,11.615,11.518
2017-08-24,11.586,11.479,11.615,11.431
2017-08-25,11.469,11.644,11.644,11.469
2017-08-28,11.673,11.683,11.712,11.615
2017-08-29,11.721,11.702,11.721,11.644
2017-08-30,11.702,11.673,11.712,11.644
2017-08-31,11.721,11.683,11.721,11.595
2017-09-01,11.663,11.663,11.683,11.624
2017-09-04,11.673,11.76,11.779,11.586
2017-09-05,12.148,11.838,12.148,11.779
2017-09-06,11.741,11.741,11.799,11.712
2017-09-07,11.75,11.663,11.779,11.634
2017-09-08,11.663,11.683,11.702,11.634
2017-09-11,11.702,11.741,11.76,11.663
2017-09-12,11.741,11.624,11.77,11.615
2017-09-13,11.624,11.663,11.673,11.595
2017-09-14,11.702,11.644,11.702,11.615
2017-09-15,11.644,11.595,11.663,11.586
2017-09-18,11.595,11.605,11.634,11.547
2017-09-19,11.615,11.615,11.634,11.576
2017-09-20,11.595,11.595,11.615,11.557
2017-09-21,11.595,11.673,11.76,11.576
2017-09-22,11.673,11.557,11.673,11.537
2017-09-25,11.528,11.479,11.595,11.45
2017-09-26,11.508,11.411,11.518,11.363
2017-09-27,11.421,11.431,11.528,11.411
2017-09-28,11.44,11.411,11.499,11.402
2017-09-29,11.431,11.528,11.547,11.431
2017-10-09,11.605,11.557,11.615,11.528
2017-10-10,11.547,11.663,11.683,11.537
2017-10-11,11.663,11.654,11.741,11.615
2017-10-12,11.644,11.605,11.702,11.557
2017-10-13,11.605,11.663,11.673,11.576
2017-10-16,11.663,11.499,11.683,11.479
2017-10-17,11.508,11.508,11.576,11.46
2017-10-18,11.499,11.44,11.595,11.421
2017-10-19,11.431,11.285,11.469,11.266
2017-10-20,11.266,11.45,11.479,11.266
2017-10-23,11.421,11.44,11.469,11.353
2017-10-24,11.411,11.344,11.421,11.295
2017-10-25,11.324,11.402,11.411,11.305
2017-10-26,11.402,11.411,11.421,11.334
2017-10-27,11.373,11.344,11.431,11.334
2017-10-30,11.382,11.159,11.402,11.101
2017-10-31,11.159,11.159,11.189,11.092
2017-11-01,11.159,11.189,11.256,11.13
2017-11-02,11.189,11.024,11.198,11.004
2017-11-03,11.014,10.83,11.043,10.733
2017-11-06,10.84,10.83,10.859,10.743
2017-11-07,10.849,10.83,10.869,10.791
2017-11-08,10.849,10.879,10.937,10.791
2017-11-09,10.879,10.859,10.917,10.762
2017-11-10,10.83,10.84,10.859,10.772
2017-11-13,10.83,10.811,10.917,10.782
2017-11-14,10.811,10.685,10.82,10.656
2017-11-15,10.675,10.588,10.694,10.559
2017-11-16,10.569,10.598,10.656,10.559
2017-11-17,10.636,10.336,10.636,10.317
2017-11-20,10.278,10.375,10.385,10.142
2017-11-21,10.317,10.394,10.433,10.191
2017-11-22,10.317,10.549,10.753,10.249
2017-11-23,10.472,10.21,10.481,10.191
2017-11-24,10.171,10.075,10.2,10.026
2017-11-27,10.075,9.9,10.094,9.861
2017-11-28,9.881,9.958,9.978,9.861
2017-11-29,9.978,9.949,9.987,9.842
2017-11-30,9.929,9.929,9.987,9.91
2017-12-01,9.9,10.007,10.065,9.9
2017-12-04,9.978,9.861,10.016,9.852
2017-12-05,9.871,9.648,9.871,9.619
2017-12-06,9.629,9.716,9.735,9.6
2017-12-07,9.687,9.745,9.803,9.687
2017-12-08,9.716,9.958,10.007,9.706
2017-12-11,9.949,9.968,10.036,9.871
2017-12-12,9.939,9.774,9.968,9.755
2017-12-13,9.745,9.881,9.89,9.735
2017-12-14,9.852,10.142,10.2,9.813
2017-12-15,10.075,10.239,10.443,10.065
2017-12-18,10.23,9.978,10.23,9.92
2017-12-19,9.958,10.016,10.036,9.929
2017-12-20,10.026,9.91,10.104,9.91
2017-12-21,9.89,9.939,9.968,9.803
2017-12-22,9.91,9.861,9.929,9.832
2017-12-25,9.871,9.774,9.89,9.765
2017-12-26,9.755,9.842,9.852,9.716
2017-12-27,9.842,9.784,9.861,9.784
2017-12-28,9.774,9.784,9.861,9.755
2017-12-29,9.794,9.861,9.861,9.794
2018-01-02,9.861,9.997,10.026,9.861
2018-01-03,10.016,10.133,10.142,9.978
2018-01-04,10.142,10.094,10.142,10.045
2018-01-05,10.055,10.133,10.142,10.045
2018-01-08,10.133,10.191,10.22,10.094
2018-01-09,10.181,10.171,10.355,10.142
2018-01-10,10.171,10.055,10.2,9.987
2018-01-11,10.036,10.249,10.259,10.016
2018-01-12,10.191,10.094,10.191,10.065
2018-01-15,10.142,9.89,10.142,9.852
2018-01-16,9.871,9.92,9.968,9.861
2018-01-17,9.949,10.016,10.065,9.881
2018-01-18,10.016,9.958,10.036,9.958
2018-01-19,9.939,10.075,10.084,9.939
2018-01-22,10.075,10.152,10.152,9.997
2018-01-23,10.133,10.084,10.162,10.055
2018-01-24,10.104,10.259,10.259,10.094
2018-01-25,10.268,10.307,10.404,10.259
2018-01-26,10.288,10.23,10.297,10.181
2018-01-29,10.23,10.104,10.259,10.055
2018-01-30,10.104,10.443,10.501,10.055
2018-01-31,10.346,10.336,10.443,10.22
2018-02-01,10.278,9.823,10.346,9.784
2018-02-02,9.861,9.813,9.91,9.668
2018-02-05,9.774,9.784,9.861,9.639
2018-02-06,9.687,9.232,9.706,9.222
2018-02-07,9.406,9.261,9.464,9.154
2018-02-08,9.261,9.377,9.406,9.203
2018-02-09,9.222,8.99,9.222,8.873
2018-02-12,9.096,9.145,9.174,9.077
2018-02-13,9.174,9.193,9.319,9.135
2018-02-14,9.183,9.251,9.28,9.183
2018-02-22,9.348,9.338,9.367,9.261
2018-02-23,9.338,9.367,9.396,9.309
2018-02-26,9.406,9.474,9.513,9.358
2018-02-27,9.493,9.435,9.551,9.416
2018-02-28,9.445,9.435,9.474,9.348
2018-03-01,9.445,9.561,9.59,9.406
2018-03-02,9.513,9.493,9.561,9.455
2018-03-05,9.503,9.435,9.522,9.416
2018-03-06,9.445,9.551,9.561,9.445
2018-03-07,9.551,9.561,9.784,9.493
2018-03-08,9.551,9.513,9.6,9.445
2018-03-09,9.503,9.668,9.706,9.493
2018-03-12,9.706,9.9,9.968,9.687
2018-03-13,9.861,9.755,9.861,9.726
2018-03-14,9.89,9.658,9.9,9.658
2018-03-15,9.639,9.677,9.735,9.58
2018-03-16,9.677,9.716,9.842,9.677
2018-03-19,9.697,9.706,9.745,9.61
2018-03-20,9.639,9.668,9.677,9.561
2018-03-21,9.842,9.697,9.842,9.629
2018-03-22,9.687,9.978,10.036,9.629
2018-03-23,9.755,9.3,9.842,9.212
2018-03-26,9.164,9.222,9.28,8.912
2018-03-27,9.3,9.377,9.464,9.28
2018-03-28,9.271,9.28,9.484,9.222
2018-03-29,9.29,9.387,9.426,9.28
2018-03-30,9.396,9.445,9.455,9.377
2018-04-02,9.455,9.455,9.484,9.377
2018-04-03,9.377,9.358,9.396,9.241
2018-04-04,9.377,9.358,9.484,9.309
2018-04-09,9.309,9.348,9.367,9.28
2018-04-10,9.367,9.416,9.445,9.338
2018-04-11,9.396,9.445,9.503,9.396
2018-04-12,9.396,9.387,9.445,9.387
2018-04-13,9.406,9.387,9.445,9.377
2018-04-16,9.367,9.251,9.406,9.222
2018-04-17,9.251,9.106,9.3,9.086
2018-04-18,9.154,9.203,9.222,9.038
2018-04-19,9.174,9.183,9.241,9.174
2018-04-20,9.3,8.99,9.484,8.951
2018-04-23,9.028,8.99,9.096,8.951
2018-04-24,8.99,9.154,9.164,8.951
2018-04-25,9.135,9.271,9.28,9.116
2018-04-26,9.28,9.174,9.319,9.135
2018-04-27,9.193,9.28,9.319,9.145
2018-05-02,9.309,9.212,9.309,9.135
2018-05-03,9.212,9.29,9.3,9.086
2018-05-04,9.27,9.32,9.36,9.21
2018-05-07,9.3,9.42,9.43,9.3
2018-05-08,9.41,9.48,9.53,9.38
2018-05-09,9.48,9.45,9.48,9.39
2018-05-10,9.47,9.65,9.77,9.41
2018-05-11,9.58,9.47,9.62,9.42
2018-05-14,9.44,9.36,9.49,9.32
2018-05-15,9.4,9.44,9.49,9.32
2018-05-16,9.44,9.38,9.47,9.36
2018-05-17,9.41,9.41,9.45,9.37
2018-05-18,9.38,9.48,9.5,9.37
2018-05-21,9.54,9.59,9.59,9.5
2018-05-22,9.57,9.62,9.63,9.54
2018-05-23,9.62,9.55,9.65,9.55
2018-05-24,9.51,9.61,9.63,9.51
2018-05-25,9.6,9.53,9.6,9.49
