date,open,close,high,low
2016-01-04,15.981,15.495,15.981,14.396
2016-01-05,14.773,15.723,15.842,14.396
2016-01-06,15.723,16.297,16.406,15.694
2016-01-07,16.198,15.0,16.198,14.664
2016-01-08,15.644,16.129,16.387,14.862
2016-01-11,15.743,15.505,15.852,14.882
2016-01-12,15.396,14.951,15.505,14.179
2016-01-13,15.0,14.119,15.109,13.921
2016-01-14,13.664,12.703,13.743,12.703
2016-01-15,11.436,11.436,11.436,11.436
2016-01-18,10.297,11.03,11.278,10.297
2016-01-19,10.377,11.04,11.159,10.149
2016-01-20,10.743,10.495,10.981,10.446
2016-01-21,10.297,9.862,10.773,9.852
2016-01-22,9.99,9.713,10.139,9.099
2016-01-25,9.703,9.901,9.961,9.584
2016-01-26,9.763,8.911,9.792,8.911
2016-01-27,8.842,8.713,8.99,8.218
2016-01-28,8.594,8.228,8.782,8.139
2016-01-29,8.149,8.555,8.773,8.149
2016-02-01,8.485,8.634,8.703,8.396
2016-02-02,8.565,8.921,9.0,8.565
2016-02-03,8.792,8.901,8.941,8.614
2016-02-04,8.931,9.149,9.357,8.931
2016-02-05,9.198,8.961,9.198,8.901
2016-02-15,8.495,8.802,8.951,8.416
2016-02-16,8.961,9.297,9.347,8.911
2016-02-17,9.307,9.535,9.545,9.228
2016-02-18,9.654,9.515,9.733,9.456
2016-02-19,9.406,9.565,9.644,9.357
2016-02-22,9.693,10.089,10.099,9.614
2016-02-23,10.089,9.921,10.248,9.802
2016-02-24,9.921,9.951,10.03,9.555
2016-02-25,9.901,8.961,9.951,8.961
2016-02-26,9.089,8.872,9.159,8.634
2016-02-29,8.852,8.119,8.872,8.02
2016-03-01,7.98,8.287,8.396,7.961
2016-03-02,8.377,9.119,9.119,8.248
2016-03-03,9.099,9.04,9.198,8.99
2016-03-04,8.931,8.575,9.04,8.466
2016-03-07,8.693,8.753,8.961,8.604
2016-03-08,8.753,8.763,8.812,8.238
2016-03-09,8.525,8.505,8.634,8.347
2016-03-10,8.505,8.357,8.604,8.327
2016-03-11,8.297,8.218,8.396,8.089
2016-03-14,8.317,8.594,8.693,8.317
2016-03-15,8.604,8.674,8.763,8.584
2016-03-16,8.723,8.495,8.782,8.436
2016-03-17,8.565,8.782,8.872,8.476
2016-03-18,8.822,9.149,9.268,8.743
2016-03-21,9.258,9.357,9.456,9.208
2016-03-22,9.327,9.357,9.604,9.208
2016-03-23,9.307,9.466,9.466,9.248
2016-03-24,9.317,9.119,9.347,9.119
2016-03-25,9.07,9.248,9.278,9.07
2016-03-28,9.248,9.179,9.446,9.129
2016-03-29,9.198,8.931,9.268,8.852
2016-03-30,9.02,9.287,9.297,9.01
2016-03-31,9.317,9.297,9.575,9.268
2016-04-01,9.258,9.654,9.743,9.188
2016-04-05,9.604,10.099,10.327,9.604
2016-04-06,10.109,10.159,10.208,9.872
2016-04-07,10.159,9.981,10.476,9.961
2016-04-08,9.901,9.901,10.01,9.693
2016-04-11,10.099,10.01,10.208,9.931
2016-04-12,10.0,10.109,10.169,9.901
2016-04-13,10.198,10.317,10.545,10.129
2016-04-14,10.347,10.792,10.872,10.317
2016-04-15,10.783,10.842,11.0,10.565
2016-04-18,10.792,10.594,10.792,10.367
2016-04-19,10.604,10.773,10.822,10.535
2016-04-20,10.822,11.02,11.733,10.238
2016-04-21,10.872,11.278,11.545,10.456
2016-04-22,11.02,10.911,11.218,10.594
2016-04-25,10.792,10.644,10.842,10.337
2016-04-26,10.644,11.713,11.713,10.476
2016-04-27,11.723,11.664,12.149,11.446
2016-04-28,11.664,12.089,12.396,11.317
2016-04-29,12.08,12.159,12.654,11.901
2016-05-03,12.08,12.357,12.565,11.961
2016-05-04,12.179,11.961,12.476,11.931
2016-05-05,11.971,12.07,12.07,11.753
2016-05-06,11.981,11.179,12.04,10.891
2016-05-09,10.901,10.713,11.03,10.347
2016-05-10,10.674,10.624,10.842,10.446
2016-05-11,10.693,10.842,10.99,10.575
2016-05-12,10.674,10.386,10.674,10.198
2016-05-13,10.347,10.159,10.466,10.01
2016-05-16,10.08,10.426,10.446,10.01
2016-05-17,10.426,10.347,10.555,10.258
2016-05-18,10.357,9.852,10.357,9.703
2016-05-19,9.703,9.743,10.05,9.693
2016-05-20,9.674,9.802,9.891,9.614
2016-05-23,9.812,10.169,10.248,9.812
2016-05-24,10.169,9.951,10.169,9.901
2016-05-25,10.06,10.08,10.139,9.901
2016-05-26,10.05,10.099,10.169,9.852
2016-05-27,10.089,10.02,10.119,10.0
2016-05-30,9.941,9.584,10.0,9.525
2016-05-31,9.584,9.951,9.981,9.416
2016-06-01,9.901,10.089,10.258,9.842
2016-06-02,10.03,10.139,10.169,9.951
2016-06-03,10.129,10.218,10.327,10.05
2016-06-06,10.238,10.614,10.891,10.238
2016-06-07,10.525,10.654,10.763,10.525
2016-06-08,10.594,10.436,10.654,10.317
2016-06-13,10.327,9.584,10.327,9.505
2016-06-14,9.377,9.763,9.852,9.377
2016-06-15,9.604,10.01,10.06,9.515
2016-06-16,10.04,10.198,10.268,10.01
2016-06-17,10.288,10.139,10.388,10.079
2016-06-20,10.06,10.149,10.249,9.95
2016-06-21,10.428,10.149,10.428,10.03
2016-06-22,10.03,10.278,10.318,10.03
2016-06-23,10.258,10.557,10.637,10.199
2016-06-24,10.517,10.428,10.776,9.91
2016-06-27,10.249,10.527,10.587,10.239
2016-06-28,10.448,10.726,10.746,10.408
2016-06-29,10.726,10.647,10.846,10.597
2016-06-30,10.647,10.567,10.736,10.527
2016-07-01,10.597,10.457,10.696,10.438
2016-07-04,10.448,10.756,10.816,10.378
2016-07-05,10.756,10.746,10.875,10.676
2016-07-06,10.726,10.696,10.806,10.647
2016-07-07,10.706,10.567,10.706,10.448
2016-07-08,10.557,10.627,10.666,10.448
2016-07-11,10.607,10.497,10.666,10.448
2016-07-12,10.587,10.776,10.846,10.298
2016-07-13,10.716,10.935,10.985,10.696
2016-07-14,10.935,10.836,11.045,10.736
2016-07-15,10.826,10.776,10.925,10.726
2016-07-18,10.746,10.915,10.915,10.647
2016-07-19,10.796,10.826,10.935,10.696
2016-07-20,10.875,10.965,11.124,10.826
2016-07-21,10.955,11.343,11.393,10.945
2016-07-22,11.283,11.174,11.423,11.064
2016-07-25,11.224,11.273,11.393,11.104
2016-07-26,11.303,11.761,11.761,11.214
2016-07-27,11.691,10.816,11.811,10.607
2016-07-28,10.816,10.517,10.905,10.298
2016-07-29,10.527,10.388,10.597,10.109
2016-08-01,10.298,10.109,10.318,9.96
2016-08-02,10.139,10.229,10.268,10.099
2016-08-03,10.229,10.288,10.338,10.149
2016-08-04,10.298,10.338,10.378,10.069
2016-08-05,10.318,10.159,10.368,10.119
2016-08-08,10.159,10.338,10.338,10.06
2016-08-09,10.258,10.298,10.348,10.149
2016-08-10,10.308,10.308,10.398,10.278
2016-08-11,10.288,10.199,10.328,10.189
2016-08-12,10.209,10.249,10.258,10.129
2016-08-15,10.258,10.438,10.527,10.179
2016-08-16,10.448,10.507,10.587,10.348
2016-08-17,10.457,10.448,10.517,10.378
2016-08-18,10.497,10.587,10.706,10.467
2016-08-19,10.517,10.557,10.726,10.517
2016-08-22,10.617,10.318,10.617,10.308
2016-08-23,10.308,10.348,10.467,10.288
2016-08-24,10.328,10.358,10.448,10.328
2016-08-25,10.348,10.179,10.348,10.05
2016-08-26,10.04,10.189,10.229,9.97
2016-08-29,10.119,10.328,10.438,10.06
2016-08-30,10.308,10.418,10.497,10.169
2016-08-31,10.647,10.895,11.443,10.408
2016-09-01,10.706,10.766,10.806,10.587
2016-09-02,10.647,10.129,10.686,10.03
2016-09-05,10.239,10.258,10.358,10.149
2016-09-06,10.229,10.796,10.826,10.179
2016-09-07,10.746,10.666,10.846,10.647
2016-09-08,10.776,10.846,10.925,10.666
2016-09-09,10.776,10.657,10.846,10.647
2016-09-12,10.358,10.298,10.497,10.268
2016-09-13,10.338,10.318,10.398,10.239
2016-09-14,10.179,10.388,10.457,10.159
2016-09-19,10.348,10.746,10.796,10.249
2016-09-20,10.756,10.786,10.836,10.676
2016-09-21,10.766,10.786,10.846,10.696
2016-09-22,10.865,10.786,10.925,10.726
2016-09-23,10.806,10.657,10.885,10.647
2016-09-26,10.587,10.487,10.776,10.487
2016-09-27,10.448,10.607,10.617,10.388
2016-09-28,10.627,10.726,10.816,10.587
2016-09-29,10.716,10.796,10.905,10.716
2016-09-30,10.776,10.766,10.925,10.657
2016-10-10,10.776,11.134,11.224,10.776
2016-10-11,11.194,11.084,11.194,10.995
2016-10-12,11.064,11.124,11.134,11.005
2016-10-13,11.094,11.114,11.313,11.074
2016-10-14,11.114,11.214,11.224,10.965
2016-10-17,11.254,10.875,11.303,10.846
2016-10-18,10.895,11.184,11.204,10.826
2016-10-19,11.194,11.204,11.373,11.084
2016-10-20,11.204,11.333,11.413,11.054
2016-10-21,11.303,11.482,11.562,11.254
2016-10-24,11.482,11.472,11.592,11.343
2016-10-25,11.472,11.542,11.622,11.413
2016-10-26,11.492,11.323,11.791,11.234
2016-10-27,11.323,11.263,11.433,11.263
2016-10-28,11.263,11.263,11.383,11.184
2016-10-31,11.263,11.303,11.433,11.194
2016-11-01,11.333,11.502,11.552,11.214
2016-11-02,11.472,11.572,11.711,11.423
2016-11-03,11.582,11.661,11.761,11.502
2016-11-04,11.582,12.04,12.547,11.572
2016-11-07,12.119,11.94,12.398,11.741
2016-11-08,11.96,12.119,12.169,11.821
2016-11-09,12.059,12.338,12.418,11.821
2016-11-10,12.338,13.234,13.532,12.239
2016-11-11,13.224,13.363,13.462,12.975
2016-11-14,13.413,13.393,13.88,13.104
2016-11-15,13.253,13.263,13.562,13.224
2016-11-16,13.204,12.836,13.462,12.836
2016-11-17,12.845,13.214,13.383,12.497
2016-11-18,13.234,12.945,13.313,12.905
2016-11-21,12.945,13.035,13.154,12.776
2016-11-22,13.164,13.005,13.164,12.865
2016-11-23,12.885,12.686,12.975,12.666
2016-11-24,12.537,12.706,12.855,12.537
2016-11-25,12.716,13.194,13.323,12.686
2016-11-28,13.144,12.885,13.244,12.885
2016-11-29,12.816,13.025,13.194,12.796
2016-11-30,13.064,12.647,13.064,12.637
2016-12-01,12.637,12.666,12.826,12.597
2016-12-02,13.015,12.398,13.015,12.398
2016-12-05,12.159,12.069,12.457,11.831
2016-12-06,12.069,12.119,12.149,11.96
2016-12-07,12.189,12.517,12.656,11.95
2016-12-08,12.517,12.696,12.875,12.487
2016-12-09,12.587,12.617,12.796,12.258
2016-12-12,12.587,12.219,12.716,12.219
2016-12-13,12.199,12.05,12.249,11.92
2016-12-14,12.05,12.149,12.308,12.0
2016-12-15,12.288,12.328,12.457,12.099
2016-12-16,12.239,12.368,12.418,12.209
2016-12-19,12.348,12.517,12.537,12.229
2016-12-20,12.537,12.925,12.955,12.477
2016-12-21,12.935,13.323,13.363,12.766
2016-12-22,13.184,13.323,13.492,13.144
2016-12-23,13.333,12.935,13.602,12.925
2016-12-26,12.925,13.253,13.293,12.547
2016-12-27,13.144,13.064,13.423,13.015
2016-12-28,13.044,13.044,13.124,12.935
2016-12-29,13.015,13.104,13.224,12.935
2016-12-30,13.164,13.423,13.433,13.084
2017-01-03,13.522,13.293,13.681,13.184
2017-01-04,13.522,13.691,13.92,13.363
2017-01-05,13.562,13.632,13.771,13.363
2017-01-06,13.542,13.781,13.9,13.532
2017-01-09,13.87,13.741,14.079,13.642
2017-01-10,13.711,13.482,13.791,13.393
2017-01-11,13.393,13.502,13.651,13.363
2017-01-12,13.502,13.204,13.502,13.204
2017-01-13,13.204,12.517,13.234,12.447
2017-01-16,12.517,11.263,12.577,11.263
2017-01-17,11.074,11.443,11.492,10.846
2017-01-18,11.443,11.313,11.452,11.045
2017-01-19,11.204,11.134,11.283,11.094
2017-01-20,11.154,11.482,11.721,11.144
2017-01-23,11.482,11.562,11.831,11.443
2017-01-24,11.642,11.602,11.642,11.482
2017-01-25,11.602,11.681,11.821,11.562
2017-01-26,11.721,11.92,11.97,11.711
2017-02-03,11.92,11.701,11.92,11.572
2017-02-06,11.721,11.88,11.93,11.691
2017-02-07,11.97,11.93,12.02,11.801
2017-02-08,11.93,12.02,12.079,11.851
2017-02-09,12.05,11.92,12.089,11.92
2017-02-10,11.97,11.831,11.98,11.801
2017-02-13,11.821,11.711,11.92,11.592
2017-02-14,11.821,12.209,12.288,11.741
2017-02-15,12.099,11.95,12.189,11.95
2017-02-16,11.94,11.811,11.94,11.721
2017-02-17,11.821,11.771,11.87,11.711
2017-02-20,11.821,11.831,11.9,11.761
2017-02-21,11.88,11.811,11.89,11.741
2017-02-22,11.841,11.771,11.841,11.691
2017-02-23,11.791,11.781,11.87,11.701
2017-02-24,11.761,11.711,11.831,11.671
2017-02-27,11.731,11.801,11.86,11.671
2017-02-28,11.811,12.119,12.179,11.701
2017-03-01,12.119,12.278,12.438,12.059
2017-03-02,12.268,12.02,12.298,11.97
2017-03-03,11.99,12.02,12.129,11.96
2017-03-06,12.089,12.089,12.139,11.96
2017-03-07,12.089,12.05,12.119,11.99
2017-03-08,12.089,12.059,12.129,11.89
2017-03-09,12.0,11.94,12.04,11.89
2017-03-10,11.94,11.87,11.99,11.831
2017-03-13,11.89,11.91,11.91,11.771
2017-03-14,11.91,11.751,11.94,11.721
2017-03-15,11.711,11.661,11.781,11.562
2017-03-16,11.661,11.701,11.751,11.592
2017-03-17,11.671,11.801,11.96,11.671
2017-03-20,11.821,12.069,12.129,11.711
2017-03-21,12.04,12.069,12.358,12.02
2017-03-22,12.089,12.04,12.189,11.95
2017-03-23,12.079,12.179,12.209,11.86
2017-03-24,11.89,11.642,11.93,11.552
2017-03-27,11.652,11.413,11.691,11.373
2017-03-28,11.413,11.452,11.592,11.413
2017-03-29,11.452,11.134,11.522,10.945
2017-03-30,11.134,10.657,11.134,10.428
2017-03-31,10.637,10.657,10.885,10.537
2017-04-05,10.746,10.945,11.025,10.686
2017-04-06,10.945,10.865,10.995,10.826
2017-04-07,10.905,10.895,10.975,10.836
2017-04-10,10.895,10.895,11.035,10.806
2017-04-11,10.915,10.816,10.915,10.457
2017-04-12,10.706,10.736,10.846,10.637
2017-04-13,10.676,10.796,10.905,10.676
2017-04-14,10.806,10.507,10.806,10.497
2017-04-17,10.587,10.408,10.587,10.398
2017-04-18,10.527,10.408,10.527,10.229
2017-04-19,10.348,10.06,10.368,9.89
2017-04-20,10.02,9.94,10.139,9.87
2017-04-21,9.97,9.95,10.069,9.861
2017-04-24,9.96,9.62,10.02,9.58
2017-04-25,9.74,9.28,9.75,9.26
2017-04-26,9.28,9.18,9.28,9.12
2017-04-27,9.18,9.22,9.24,8.82
2017-04-28,9.17,9.31,9.4,9.15
2017-05-02,9.33,9.2,9.33,9.15
2017-05-03,9.2,9.12,9.22,9.03
2017-05-04,9.1,9.31,9.47,8.98
2017-05-05,9.22,9.1,9.31,9.06
2017-05-08,9.07,9.02,9.14,8.92
2017-05-09,9.05,9.09,9.13,8.89
2017-05-10,9.1,8.89,9.15,8.88
2017-05-11,8.84,8.66,8.87,8.41
2017-05-12,8.62,8.59,8.7,8.47
2017-05-15,8.6,8.62,8.69,8.58
2017-05-16,8.62,8.9,8.97,8.46
2017-05-17,8.9,8.84,9.07,8.79
2017-05-18,8.75,8.82,8.93,8.75
2017-05-19,8.82,8.91,8.92,8.8
2017-05-22,8.95,8.6,8.95,8.53
2017-05-23,8.6,8.32,8.67,8.29
2017-05-24,8.31,8.31,8.5,8.09
2017-05-25,8.27,8.46,8.6,8.18
2017-05-26,8.47,8.56,8.65,8.41
2017-05-31,8.75,8.49,8.79,8.44
2017-06-01,8.47,8.29,8.48,8.26
2017-06-02,8.42,8.36,8.42,8.13
2017-06-05,8.36,8.39,8.57,8.3
2017-06-06,8.39,8.46,8.47,8.36
2017-06-07,8.42,8.69,8.74,8.42
2017-06-08,8.7,8.65,8.76,8.61
2017-06-09,8.7,8.65,8.7,8.55
2017-06-12,8.66,8.51,8.66,8.5
2017-06-13,8.51,8.67,8.75,8.48
2017-06-14,8.65,8.73,8.77,8.63
2017-06-15,8.69,8.89,8.93,8.68
2017-06-16,8.88,8.83,8.88,8.79
2017-06-19,8.77,8.85,8.89,8.77
2017-06-20,8.86,8.7,8.88,8.64
2017-06-21,8.68,8.72,8.76,8.63
2017-06-22,8.73,8.54,8.75,8.52
2017-06-23,8.54,8.42,8.59,8.28
2017-06-26,8.4,8.47,8.52,8.38
2017-06-27,8.49,8.47,8.53,8.45
2017-06-28,8.47,8.36,8.47,8.33
2017-06-29,8.38,8.39,8.48,8.36
2017-06-30,8.38,8.42,8.44,8.27
2017-07-03,8.42,8.46,8.51,8.4
2017-07-04,8.5,9.05,9.19,8.46
2017-07-05,8.8,8.9,8.97,8.72
2017-07-06,8.83,8.85,8.87,8.72
2017-07-07,8.84,8.99,9.08,8.81
2017-07-10,9.08,8.86,9.09,8.84
2017-07-11,8.86,8.73,8.86,8.68
2017-07-12,8.7,8.48,8.73,8.17
2017-07-13,8.43,8.4,8.48,8.35
2017-07-14,8.39,8.42,8.45,8.35
2017-07-17,8.42,7.81,8.42,7.8
2017-07-18,7.83,7.94,7.97,7.79
2017-07-19,7.94,8.05,8.1,7.82
2017-07-20,8.01,8.09,8.15,8.01
2017-07-21,8.09,8.07,8.1,8.0
2017-07-24,8.03,8.1,8.11,7.98
2017-07-25,8.1,8.0,8.1,7.98
2017-07-26,8.01,8.04,8.05,7.92
2017-07-27,8.04,8.21,8.27,8.0
2017-07-28,8.16,8.17,8.25,8.15
2017-07-31,8.17,8.2,8.25,8.14
2017-08-01,8.22,8.19,8.37,8.15
2017-08-02,8.18,8.01,8.2,8.0
2017-08-03,7.99,8.06,8.1,7.99
2017-08-04,8.07,7.96,8.08,7.96
2017-08-07,7.93,8.21,8.21,7.93
2017-08-08,8.18,8.3,8.3,8.13
2017-08-09,8.18,8.15,8.23,8.08
2017-08-10,8.15,8.04,8.2,8.01
2017-08-11,8.04,8.05,8.18,8.02
2017-08-14,8.08,8.21,8.24,8.05
2017-08-15,8.21,8.22,8.25,8.15
2017-08-16,8.2,8.32,8.35,8.16
2017-08-17,8.33,8.4,8.45,8.24
2017-08-18,8.39,8.38,8.49,8.3
2017-08-21,8.42,8.37,8.42,8.32
2017-08-22,8.37,8.26,8.38,8.22
2017-08-23,8.29,8.22,8.29,8.2
2017-08-24,8.24,8.2,8.32,8.13
2017-08-25,8.22,8.28,8.35,8.16
2017-08-28,8.3,8.34,8.38,8.25
2017-08-29,8.35,8.29,8.36,8.27
2017-08-30,8.3,8.36,8.36,8.26
2017-08-31,8.38,8.35,8.4,8.32
2017-09-01,8.37,8.34,8.41,8.31
2017-09-04,8.34,8.34,8.34,8.28
2017-09-05,8.33,8.54,8.57,8.32
2017-09-06,8.49,8.8,8.95,8.42
2017-09-07,8.76,8.77,8.9,8.7
2017-09-08,8.7,8.69,8.84,8.65
2017-09-11,8.69,8.75,8.82,8.61
2017-09-12,8.7,8.7,8.81,8.62
2017-09-13,8.65,8.68,8.72,8.58
2017-09-14,8.66,8.56,8.7,8.51
2017-09-15,8.57,8.5,8.57,8.4
2017-09-18,8.52,8.62,8.65,8.45
2017-09-19,8.63,8.58,8.68,8.47
2017-09-20,8.58,8.56,8.63,8.46
2017-09-21,8.56,8.51,8.64,8.5
2017-09-22,8.5,8.47,8.51,8.4
2017-09-25,8.46,8.33,8.47,8.33
2017-09-26,8.33,8.23,8.35,8.2
2017-09-27,8.23,8.31,8.31,8.1
2017-09-28,8.3,8.17,8.3,8.16
2017-09-29,8.19,8.16,8.2,8.11
2017-10-09,8.2,8.19,8.27,8.15
2017-10-10,8.19,8.32,8.34,8.17
2017-10-11,8.32,8.68,9.05,8.25
2017-10-12,8.57,8.45,8.66,8.45
2017-10-13,8.43,8.45,8.49,8.42
2017-10-16,8.45,8.24,8.52,8.23
2017-10-17,8.2,8.22,8.29,8.2
2017-10-18,8.22,8.2,8.28,8.2
2017-10-19,8.2,8.1,8.27,8.08
2017-10-20,8.09,8.21,8.21,8.06
2017-10-23,8.2,8.23,8.27,8.17
2017-10-24,8.25,8.14,8.25,8.1
2017-10-25,8.14,8.18,8.2,8.1
2017-10-26,8.17,8.17,8.22,8.12
2017-10-27,8.18,8.02,8.2,8.01
2017-10-30,8.0,7.79,8.0,7.78
2017-10-31,7.8,7.82,7.88,7.79
2017-11-01,7.82,7.75,7.84,7.74
2017-11-02,7.75,7.55,7.76,7.53
2017-11-03,7.54,7.63,7.65,7.48
2017-11-06,7.59,7.69,7.72,7.52
2017-11-07,7.69,7.77,7.79,7.61
2017-11-08,7.74,7.7,7.77,7.68
2017-11-09,7.71,7.71,7.72,7.66
2017-11-10,7.71,7.68,7.72,7.67
2017-11-13,7.68,7.57,7.68,7.56
2017-11-14,7.57,7.52,7.6,7.51
2017-11-15,7.51,7.52,7.59,7.5
2017-11-16,7.52,7.52,7.56,7.49
2017-11-17,7.53,7.52,7.54,7.26
2017-11-20,7.43,7.55,7.59,7.34
2017-11-21,7.54,7.5,7.54,7.44
2017-11-22,7.48,7.51,7.55,7.47
2017-11-23,7.48,7.51,7.74,7.44
2017-11-24,7.41,7.46,7.53,7.41
2017-11-27,7.46,7.3,7.46,7.28
2017-11-28,7.32,7.37,7.41,7.28
2017-11-29,7.36,7.34,7.37,7.28
2017-11-30,7.32,7.29,7.35,7.26
2017-12-01,7.29,7.37,7.44,7.27
2017-12-04,7.37,7.22,7.37,7.21
2017-12-05,7.22,7.23,7.25,7.05
2017-12-26,7.23,7.21,7.29,7.05
2017-12-27,7.17,7.26,7.3,7.11
2017-12-28,7.28,7.24,7.32,7.21
2017-12-29,7.24,7.19,7.24,7.07
2018-01-02,7.17,7.2,7.22,7.11
2018-01-03,7.21,7.23,7.26,7.17
2018-01-04,7.22,7.18,7.22,7.15
2018-01-05,7.16,7.24,7.25,7.14
2018-01-08,7.24,7.39,7.39,7.19
2018-01-09,7.33,7.34,7.38,7.26
2018-01-10,7.36,7.4,7.5,7.19
2018-01-11,7.4,7.52,7.55,7.34
2018-01-12,7.46,7.6,7.68,7.43
2018-01-15,7.57,7.43,7.59,7.4
2018-01-16,7.39,7.43,7.46,7.39
2018-01-17,7.44,7.4,7.44,7.33
2018-01-18,7.38,7.4,7.45,7.36
2018-01-19,7.39,7.41,7.49,7.35
2018-01-22,7.37,7.49,7.55,7.35
2018-01-23,7.5,7.45,7.54,7.43
2018-01-24,7.45,7.43,7.45,7.36
2018-01-25,7.42,7.42,7.47,7.4
2018-01-26,7.42,7.34,7.43,7.34
2018-01-29,7.34,7.24,7.35,7.21
2018-01-30,7.25,7.3,7.44,7.22
2018-01-31,7.26,7.41,7.41,7.1
2018-02-01,7.42,6.8,7.44,6.67
2018-02-02,6.51,6.96,7.2,6.16
2018-02-05,6.64,7.0,7.08,6.5
2018-02-06,7.16,6.61,7.16,6.42
2018-02-07,7.18,6.66,7.18,6.58
2018-02-08,6.89,7.1,7.1,6.64
2018-02-09,6.87,6.74,6.87,6.68
2018-02-12,6.88,6.81,6.92,6.71
2018-02-13,6.81,6.77,6.84,6.68
2018-02-14,6.76,6.76,6.78,6.71
2018-02-22,6.76,6.82,6.88,6.71
2018-02-23,6.78,6.78,6.83,6.76
2018-02-26,6.79,6.93,7.0,6.71
2018-02-27,6.93,7.03,7.09,6.86
2018-02-28,7.0,6.94,7.06,6.93
2018-03-01,6.93,7.04,7.1,6.92
2018-03-02,7.0,6.96,7.02,6.93
2018-03-05,6.99,6.99,7.0,6.92
2018-03-06,6.97,7.1,7.15,6.96
2018-03-07,7.1,7.05,7.11,7.02
2018-03-08,7.02,7.23,7.26,7.01
2018-03-09,7.24,7.25,7.37,7.16
2018-03-12,7.25,7.31,7.37,7.1
2018-03-13,7.3,7.27,7.34,7.24
2018-03-14,7.26,7.15,7.26,7.14
2018-03-15,7.12,7.06,7.14,7.02
2018-03-16,7.08,7.0,7.12,6.98
2018-03-19,7.0,7.17,7.2,6.95
2018-03-20,7.16,7.23,7.34,7.09
2018-03-21,7.27,7.24,7.33,7.2
2018-03-22,7.21,7.33,7.39,7.2
2018-03-23,7.1,7.23,7.28,6.98
2018-03-26,7.17,7.14,7.17,6.71
2018-03-27,7.12,7.22,7.26,7.12
2018-03-28,7.2,7.2,7.25,7.11
2018-03-29,7.15,7.18,7.25,7.1
2018-03-30,7.14,7.19,7.21,7.11
2018-04-02,7.14,7.17,7.17,7.04
2018-04-03,7.09,7.02,7.14,7.02
2018-04-04,7.04,6.9,7.1,6.9
2018-04-09,6.88,6.9,6.93,6.79
2018-04-10,6.88,6.84,6.9,6.8
2018-04-11,6.86,6.88,6.95,6.84
2018-04-12,6.91,6.81,6.91,6.8
2018-04-13,6.85,6.73,6.85,6.73
2018-04-16,6.77,6.72,6.81,6.65
2018-04-17,6.82,6.73,6.89,6.62
2018-04-18,6.7,6.79,6.79,6.63
2018-04-19,6.8,7.21,7.24,6.74
2018-04-20,7.13,7.38,7.71,7.03
2018-04-23,7.09,7.13,7.56,7.06
2018-05-10,7.35,7.22,7.77,7.16
2018-05-11,7.17,7.14,7.28,6.9
2018-05-14,7.05,6.92,7.06,6.91
2018-05-15,6.89,7.05,7.35,6.81
2018-05-16,7.03,7.76,7.76,7.0
2018-05-17,7.46,7.78,7.95,7.41
2018-05-18,7.65,7.67,7.85,7.63
2018-05-21,7.71,7.85,7.99,7.6
2018-05-22,7.82,8.18,8.33,7.76
2018-05-23,8.24,8.16,8.45,8.16
2018-05-24,8.25,8.38,8.41,8.14
2018-05-25,8.38,8.62,8.66,8.35
