date,open,close,high,low
2016-01-04,35.326,31.498,35.379,31.498
2016-01-05,29.141,30.533,31.38,28.635
2016-01-06,30.671,31.051,31.321,29.285
2016-01-07,29.883,27.946,30.264,27.946
2016-01-08,28.3,26.849,28.957,25.444
2016-01-11,25.95,24.164,26.133,24.164
2016-01-12,23.605,24.269,24.61,23.179
2016-01-13,24.689,22.391,24.735,22.345
2016-01-14,21.13,24.137,24.216,21.012
2016-01-15,23.901,23.356,24.82,23.244
2016-01-18,22.325,24.617,24.925,22.272
2016-01-19,24.676,25.628,25.93,23.967
2016-01-20,25.28,25.043,26.087,24.722
2016-01-21,24.492,23.573,25.726,23.559
2016-01-22,23.993,24.295,24.531,23.014
2016-01-25,24.689,25.004,25.28,24.59
2016-01-26,24.295,22.502,24.669,22.502
2016-01-27,22.653,22.292,22.653,20.276
2016-01-28,22.286,20.447,22.286,20.224
2016-01-29,20.171,21.583,21.859,20.06
2016-02-01,21.583,21.314,22.325,20.88
2016-02-02,21.34,22.502,22.883,21.34
2016-02-03,21.865,22.752,23.1,21.813
2016-02-04,22.85,23.225,23.54,22.653
2016-02-05,23.31,22.653,23.96,22.627
2016-02-15,21.537,22.916,23.192,21.209
2016-02-16,24.374,25.208,25.208,24.374
2016-02-17,27.729,27.729,27.729,27.729
2016-02-18,29.548,30.5,30.5,29.121
2016-02-19,30.139,30.992,31.367,29.942
2016-02-22,31.058,31.157,32.897,30.881
2016-02-23,30.861,31.662,32.64,30.401
2016-02-24,30.861,31.255,31.386,30.073
2016-02-25,30.809,28.13,31.734,28.13
2016-02-26,27.841,27.046,28.629,26.6
2016-02-29,26.823,24.341,26.823,24.341
2016-03-01,23.244,26.777,26.777,23.244
2016-03-02,26.265,28.064,28.95,26.133
2016-03-03,27.644,28.031,29.489,27.42
2016-03-04,27.512,27.026,28.891,25.687
2016-03-07,27.361,29.732,29.732,27.361
2016-03-08,30.073,30.572,31.38,28.11
2016-03-09,28.891,29.226,30.631,28.3
2016-03-10,29.548,28.983,30.388,28.412
2016-03-11,27.906,28.103,28.891,27.578
2016-03-14,29.285,30.914,30.914,28.812
2016-03-15,31.984,30.388,32.568,30.375
2016-03-16,30.979,32.194,33.428,29.673
2016-03-17,31.839,33.881,35.188,31.57
2016-03-18,33.98,34.794,36.462,33.494
2016-03-21,34.538,35.313,35.897,34.328
2016-03-22,34.341,34.216,34.991,34.144
2016-03-23,35.523,35.188,36.311,34.873
2016-03-24,34.046,33.573,34.932,33.501
2016-03-25,33.494,36.928,36.928,33.422
2016-03-28,38.077,35.661,38.596,35.392
2016-03-29,34.932,34.144,35.267,33.126
2016-03-30,34.505,35.818,36.639,34.21
2016-03-31,35.851,36.344,37.132,35.47
2016-04-01,36.114,34.886,36.147,34.361
2016-04-05,35.392,36.18,36.626,34.735
2016-04-06,35.786,37.552,38.143,35.589
2016-04-07,37.329,35.733,37.381,35.7
2016-04-08,34.866,35.654,36.869,34.866
2016-04-11,35.963,37.073,38.005,35.93
2016-04-12,36.705,35.713,36.915,34.932
2016-04-13,35.654,36.908,38.465,35.654
2016-04-14,37.289,39.069,39.548,36.56
2016-04-15,38.675,38.865,40.06,38.353
2016-04-18,38.727,39.614,40.566,37.756
2016-04-19,39.647,41.367,43.534,39.154
2016-04-20,40.907,39.712,41.695,37.624
2016-04-21,39.299,37.171,39.522,37.033
2016-04-22,37.04,37.9,38.412,36.652
2016-04-25,37.788,36.869,37.788,35.989
2016-04-26,37.23,37.624,38.071,36.442
2016-04-27,37.69,35.74,37.854,35.444
2016-04-28,35.457,34.998,35.733,33.816
2016-04-29,34.144,34.768,35.451,34.144
2016-05-03,35.168,36.567,36.639,34.801
2016-05-04,36.442,38.222,39.397,36.318
2016-05-05,38.084,38.478,38.944,37.88
2016-05-06,38.74,35.72,38.806,35.457
2016-05-09,34.177,34.637,34.912,33.684
2016-05-10,34.394,34.157,35.122,33.842
2016-05-11,34.637,32.109,34.669,32.017
2016-05-12,31.853,33.409,33.816,30.874
2016-05-13,33.363,33.218,34.026,32.246
2016-05-16,33.487,34.978,34.985,33.264
2016-05-17,35.379,34.453,35.379,33.98
2016-05-18,34.21,33.487,35.116,32.608
2016-05-19,33.419,33.35,34.952,33.073
2016-05-20,32.529,33.429,33.617,31.639
2016-05-23,33.647,34.388,34.902,33.123
2016-05-24,34.517,34.843,35.95,34.111
2016-05-25,34.902,34.062,35.496,33.844
2016-05-26,33.617,33.993,34.388,32.312
2016-05-27,33.617,35.12,35.95,33.518
2016-05-30,34.616,33.805,34.655,33.32
2016-05-31,34.012,36.781,37.186,34.012
2016-06-01,36.583,36.781,37.325,36.059
2016-06-02,36.811,38.561,39.055,36.583
2016-06-03,38.481,37.7,38.511,37.374
2016-06-06,38.165,37.997,38.748,37.522
2016-06-07,38.007,38.056,38.412,37.048
2016-06-08,37.582,37.443,37.888,37.097
2016-06-13,36.583,33.993,37.216,33.933
2016-06-14,33.617,33.983,34.596,33.469
2016-06-15,33.34,35.308,35.782,33.34
2016-06-16,35.347,35.713,36.346,34.606
2016-06-17,35.792,34.863,36.257,34.556
2016-06-20,34.507,34.863,35.377,33.726
2016-06-21,35.13,34.022,35.762,33.765
2016-06-22,33.864,34.942,35.001,33.716
2016-06-23,34.932,35.644,35.792,34.428
2016-06-24,35.199,36.217,37.265,33.993
2016-06-27,35.99,37.592,37.779,35.723
2016-06-28,37.077,37.325,38.126,36.83
2016-06-29,37.592,37.058,37.799,36.83
2016-06-30,37.127,36.929,37.918,36.415
2016-07-01,36.761,36.682,37.305,36.583
2016-07-04,36.385,37.572,37.928,36.198
2016-07-05,37.572,37.493,38.452,37.226
2016-07-06,36.979,36.83,37.374,36.514
2016-07-07,36.633,36.306,36.84,35.723
2016-07-08,36.306,36.642,37.176,36.247
2016-07-11,36.939,37.117,37.75,36.692
2016-07-12,37.255,36.969,37.522,35.772
2016-07-13,36.979,38.966,40.39,36.534
2016-07-14,38.6,38.986,39.876,38.442
2016-07-15,38.57,37.859,38.798,37.572
2016-07-18,37.76,38.778,38.907,37.572
2016-07-19,38.778,39.015,39.322,38.116
2016-07-20,39.253,38.224,39.253,38.165
2016-07-21,38.224,37.809,38.432,37.681
2016-07-22,38.442,38.808,39.915,38.224
2016-07-25,38.066,38.066,38.501,37.671
2016-07-26,38.066,38.254,38.333,37.849
2016-07-27,38.264,34.942,38.363,34.507
2016-07-28,34.932,33.914,35.278,32.697
2016-07-29,34.111,33.508,34.299,33.221
2016-08-01,33.113,32.599,33.113,31.738
2016-08-02,32.638,32.905,33.073,32.628
2016-08-03,33.014,32.51,33.014,32.43
2016-08-04,32.618,33.034,33.182,32.529
2016-08-05,32.984,32.5,33.113,32.44
2016-08-08,32.5,32.915,32.915,32.035
2016-08-09,33.014,33.706,33.834,32.905
2016-08-10,33.696,33.38,34.032,33.281
2016-08-11,33.123,32.628,33.587,32.628
2016-08-12,32.51,32.796,32.826,32.44
2016-08-15,32.846,33.706,33.864,32.608
2016-08-16,33.736,33.755,34.082,33.617
2016-08-17,33.765,34.012,34.487,33.419
2016-08-18,34.309,34.161,34.882,34.032
2016-08-19,34.121,34.052,34.131,33.637
2016-08-22,34.269,33.488,34.309,33.469
2016-08-23,33.271,33.399,33.686,33.073
2016-08-24,33.548,33.914,34.269,33.518
2016-08-25,33.716,33.172,33.726,32.836
2016-08-26,33.498,33.281,33.834,33.142
2016-08-29,32.974,33.142,33.478,32.974
2016-08-30,33.152,33.34,33.597,33.152
2016-08-31,33.37,33.261,33.478,32.747
2016-09-01,33.261,33.063,33.439,32.984
2016-09-02,33.014,32.688,33.241,32.529
2016-09-05,32.559,32.243,32.717,32.144
2016-09-06,32.233,32.332,32.371,30.957
2016-09-07,32.312,32.519,32.796,32.183
2016-09-08,32.49,32.252,32.727,31.976
2016-09-09,32.183,31.649,32.183,31.57
2016-09-12,31.076,30.532,31.333,30.532
2016-09-13,30.799,30.542,30.888,30.285
2016-09-14,30.404,30.799,31.106,30.156
2016-09-19,30.799,30.848,31.115,30.75
2016-09-20,30.878,30.759,30.967,30.453
2016-09-21,30.829,30.829,30.987,30.651
2016-09-22,31.195,30.848,31.244,30.829
2016-09-23,30.848,30.463,31.026,30.453
2016-09-26,30.453,29.702,30.799,29.652
2016-09-27,29.682,30.631,30.631,29.563
2016-09-28,30.819,30.72,31.036,30.502
2016-09-29,30.888,30.69,30.957,30.552
2016-09-30,30.73,30.799,30.848,30.572
2016-10-10,30.898,31.501,31.62,30.898
2016-10-11,31.58,31.333,31.58,31.244
2016-10-12,31.274,31.036,31.274,30.858
2016-10-13,31.096,31.007,31.224,30.72
2016-10-14,30.997,30.918,30.997,30.562
2016-10-17,30.947,30.651,31.214,30.582
2016-10-18,30.394,30.878,30.898,30.394
2016-10-19,30.937,30.651,31.076,30.582
2016-10-20,30.779,31.175,31.244,30.552
2016-10-21,31.185,30.601,31.195,30.404
2016-10-24,30.601,30.769,30.957,30.493
2016-10-25,30.75,30.967,31.056,30.591
2016-10-26,30.957,30.404,30.957,30.255
2016-10-27,30.453,30.413,30.552,30.206
2016-10-28,30.473,29.86,30.502,29.82
2016-10-31,29.741,29.464,29.81,29.395
2016-11-01,29.593,29.83,29.86,29.415
2016-11-02,29.83,29.435,29.84,29.415
2016-11-03,29.168,29.761,30.117,29.089
2016-11-04,29.662,29.899,30.146,29.662
2016-11-07,29.919,29.603,29.978,29.573
2016-11-08,29.791,29.761,29.899,29.662
2016-11-09,29.86,31.649,32.658,29.791
2016-11-10,30.661,31.837,32.628,30.631
2016-11-11,31.639,31.402,32.391,31.145
2016-11-14,31.343,31.135,31.719,30.848
2016-11-15,31.115,31.363,31.471,30.878
2016-11-16,31.343,31.046,31.422,30.987
2016-11-17,31.046,30.7,31.076,30.661
2016-11-18,30.641,30.661,30.957,30.473
2016-11-21,30.75,30.532,30.848,30.502
2016-11-22,30.641,30.977,30.977,30.522
2016-11-23,31.036,30.68,31.115,30.651
2016-11-24,30.601,29.889,30.878,29.88
2016-11-25,29.899,30.018,30.146,29.267
2016-11-28,30.127,29.771,30.127,29.731
2016-11-29,29.771,29.365,29.771,29.355
2016-11-30,29.365,29.524,29.82,29.267
2016-12-01,29.533,29.751,29.81,29.533
2016-12-02,29.8,28.96,29.889,28.841
2016-12-05,28.851,28.584,29.168,28.545
2016-12-06,28.693,28.693,28.871,28.495
2016-12-07,28.772,28.792,28.871,28.476
2016-12-08,28.742,28.377,28.802,28.377
2016-12-09,28.298,27.803,28.476,27.744
2016-12-12,27.526,25.025,27.724,25.025
2016-12-13,24.807,24.125,24.807,23.591
2016-12-14,24.175,24.204,24.501,23.927
2016-12-15,23.997,24.639,25.094,23.888
2016-12-16,24.827,25.608,26.33,24.817
2016-12-19,25.371,25.055,25.49,25.025
2016-12-20,25.015,25.074,25.391,24.926
2016-12-21,25.163,25.114,25.391,24.995
2016-12-22,25.094,25.045,25.312,24.995
2016-12-23,25.282,25.312,26.172,25.213
2016-12-26,25.045,25.361,25.499,24.086
2016-12-27,25.242,25.331,25.687,25.242
2016-12-28,25.114,25.312,25.49,25.015
2016-12-29,25.44,24.975,25.44,24.936
2016-12-30,24.916,24.659,25.203,24.619
2017-01-03,24.738,24.975,25.094,24.738
2017-01-04,25.213,25.341,25.401,24.966
2017-01-05,26.597,27.872,27.872,26.597
2017-01-06,29.168,26.814,29.168,26.577
2017-01-09,26.221,27.151,27.348,25.806
2017-01-10,26.805,26.3,26.992,26.3
2017-01-11,26.449,28.93,28.93,26.36
2017-01-12,28.96,28.456,28.96,27.863
2017-01-13,28.505,27.882,29.563,27.813
2017-01-16,27.783,26.795,28.92,25.114
2017-01-17,26.696,29.474,29.474,26.182
2017-01-18,28.752,30.038,30.226,28.713
2017-01-19,29.444,29.464,30.443,29.059
2017-01-20,29.267,29.751,30.285,28.99
2017-01-23,30.156,29.029,30.374,28.95
2017-01-24,29.029,28.298,29.029,28.199
2017-01-25,28.12,29.543,29.959,28.12
2017-01-26,29.168,29.306,29.583,29.098
2017-02-03,29.504,28.653,29.632,28.653
2017-02-06,28.673,29.237,29.632,28.228
2017-02-07,28.97,28.851,29.0,28.337
2017-02-08,28.673,29.761,29.959,28.357
2017-02-09,29.86,29.8,30.018,29.296
2017-02-10,29.702,29.138,29.702,29.079
2017-02-13,28.871,28.891,29.079,28.426
2017-02-14,28.772,28.505,29.118,28.446
2017-02-15,28.476,28.337,28.911,28.248
2017-02-16,28.594,28.525,28.792,28.288
2017-02-17,28.337,27.338,28.476,27.319
2017-02-20,27.289,27.576,27.675,27.052
2017-02-21,27.685,28.149,28.456,27.516
2017-02-22,28.248,28.1,28.258,27.744
2017-02-23,27.892,27.961,28.12,27.724
2017-02-24,27.833,28.357,28.555,27.714
2017-02-27,28.169,27.902,28.377,27.783
2017-02-28,27.863,27.655,27.961,27.507
2017-03-01,27.675,27.685,28.1,27.586
2017-03-02,27.882,27.062,27.932,27.012
2017-03-03,26.894,27.081,27.348,26.765
2017-03-06,28.298,28.476,29.593,28.268
2017-03-07,28.584,29.85,30.295,28.495
2017-03-08,29.326,28.92,29.336,28.703
2017-03-09,28.92,29.563,30.354,28.812
2017-03-10,29.187,29.365,29.909,29.079
2017-03-13,29.533,29.909,30.354,29.533
2017-03-14,29.86,30.502,31.59,29.178
2017-03-15,30.137,30.137,30.493,29.88
2017-03-16,30.137,30.552,31.007,29.988
2017-03-17,31.125,31.392,32.114,30.73
2017-03-20,31.293,31.007,31.293,30.354
2017-03-21,30.878,30.977,31.817,30.542
2017-03-22,30.463,30.562,30.947,30.255
2017-03-23,30.572,29.889,30.572,29.385
2017-03-24,29.959,29.988,30.344,29.583
2017-03-27,29.978,30.779,30.987,29.85
2017-03-28,30.641,30.008,30.641,29.959
2017-03-29,30.028,30.156,30.779,29.721
2017-03-30,30.048,31.531,31.956,29.474
2017-03-31,31.115,31.728,32.51,30.878
2017-04-05,32.084,32.925,33.014,31.195
2017-04-06,32.599,32.638,32.806,32.183
2017-04-07,32.628,31.798,33.419,31.788
2017-04-10,31.442,30.433,31.61,30.206
2017-04-11,30.443,31.432,31.471,30.087
2017-04-12,31.244,30.384,31.382,30.305
2017-04-13,30.245,30.493,30.947,30.156
2017-04-14,30.324,29.761,30.591,29.543
2017-04-17,29.662,29.929,30.245,29.375
2017-04-18,29.909,26.933,29.909,26.933
2017-04-19,26.3,26.32,26.36,24.916
2017-04-20,26.34,25.974,26.567,25.717
2017-04-21,25.974,25.707,26.32,25.668
2017-04-24,25.717,24.738,25.875,24.234
2017-04-25,24.768,24.896,25.193,24.728
2017-04-26,24.807,25.094,25.302,24.807
2017-04-27,24.886,25.381,25.598,23.927
2017-04-28,25.213,25.628,25.865,25.114
2017-05-02,25.608,25.42,25.796,25.321
2017-05-03,25.43,25.727,26.004,25.143
2017-05-04,25.509,25.015,25.569,24.956
2017-05-05,24.748,24.817,25.559,24.669
2017-05-08,24.916,24.649,25.213,24.61
2017-05-09,24.501,24.699,24.817,23.888
2017-05-10,24.758,24.214,25.134,24.204
2017-05-11,24.006,23.601,24.214,22.701
2017-05-12,23.571,23.354,23.66,22.968
2017-05-15,23.631,24.837,24.906,23.611
2017-05-16,24.659,25.588,25.588,24.441
2017-05-17,25.46,25.163,25.757,25.104
2017-05-18,24.916,25.43,25.687,24.827
2017-05-19,25.45,25.064,25.608,24.718
2017-05-22,25.312,25.608,25.855,25.114
2017-05-23,25.618,23.482,25.618,23.433
2017-05-24,23.107,23.562,23.7,22.464
2017-05-25,23.571,23.838,23.967,23.136
2017-05-26,23.958,23.561,24.038,23.501
2017-05-31,23.948,23.213,24.038,23.163
2017-06-01,23.104,21.365,23.104,21.315
2017-06-02,21.176,21.712,21.981,21.116
2017-06-05,21.871,21.702,21.921,21.663
2017-06-06,21.742,21.881,21.981,21.573
2017-06-07,21.861,22.438,22.537,21.812
2017-06-08,22.458,22.279,22.567,22.169
2017-06-09,22.309,22.12,22.368,21.901
2017-06-12,21.931,21.464,22.011,21.444
2017-06-13,21.265,22.14,22.239,21.186
2017-06-14,22.16,22.209,22.418,22.001
2017-06-15,22.16,22.646,22.855,22.09
2017-06-16,22.706,22.666,22.825,22.448
2017-06-19,22.597,22.955,23.034,22.597
2017-06-20,23.054,22.746,23.183,22.736
2017-06-21,22.805,23.024,23.342,22.706
2017-06-22,23.064,23.203,24.445,22.805
2017-06-23,22.955,22.925,23.104,22.219
2017-06-26,22.964,23.382,23.531,22.925
2017-06-27,23.392,23.243,23.541,23.133
2017-06-28,23.243,23.153,23.521,22.905
2017-06-29,23.263,23.74,24.644,23.114
2017-06-30,23.59,23.849,24.067,23.471
2017-07-03,23.869,24.425,24.574,23.789
2017-07-04,24.246,24.107,24.346,23.899
2017-07-05,24.276,24.336,24.495,24.038
2017-07-06,24.246,24.018,24.495,23.958
2017-07-07,23.859,23.879,24.028,23.749
2017-07-10,23.948,23.66,24.038,23.511
2017-07-11,23.67,23.064,23.889,22.984
2017-07-12,23.064,22.696,23.292,22.299
2017-07-13,22.656,23.044,23.044,22.478
2017-07-14,23.004,22.726,23.074,22.567
2017-07-17,22.597,21.365,22.607,20.888
2017-07-18,21.086,21.474,21.593,21.076
2017-07-19,21.474,21.742,21.842,21.225
2017-07-20,21.752,22.249,22.557,21.752
2017-07-21,22.855,22.438,23.422,22.368
2017-07-24,21.961,22.577,22.637,21.852
2017-07-25,22.617,22.169,22.617,22.08
2017-07-26,22.348,22.02,22.557,21.871
2017-07-27,22.001,23.014,23.034,21.762
2017-07-28,22.905,22.577,22.994,22.497
2017-07-31,22.696,23.143,23.6,22.597
2017-08-01,22.955,23.302,23.332,22.706
2017-08-02,23.282,22.845,23.282,22.805
2017-08-03,22.766,22.577,23.114,22.517
2017-08-04,22.577,22.776,23.104,22.368
2017-08-07,22.736,22.368,22.885,22.249
2017-08-08,22.249,22.487,22.716,22.219
2017-08-09,22.368,22.189,22.448,22.11
2017-08-10,22.08,21.861,22.348,21.842
2017-08-11,21.762,21.394,21.782,21.275
2017-08-14,21.464,22.13,22.259,21.464
2017-08-15,22.239,22.169,22.328,21.981
2017-08-16,22.06,22.855,23.223,21.971
2017-08-17,22.746,24.445,25.141,22.637
2017-08-18,24.097,24.356,24.823,24.008
2017-08-21,24.097,24.892,25.131,24.097
2017-08-22,24.813,23.908,24.813,23.73
2017-08-23,24.038,23.918,24.525,23.799
2017-08-24,24.286,24.187,24.813,24.048
2017-08-25,23.958,24.385,24.525,23.759
2017-08-28,24.505,25.161,25.836,24.505
2017-08-29,24.763,24.485,25.002,24.405
2017-08-30,24.644,25.707,26.363,24.505
2017-08-31,26.085,25.856,26.323,25.568
2017-09-01,25.638,27.108,27.128,25.359
2017-09-04,26.969,27.605,29.115,26.671
2017-09-05,27.108,27.307,27.814,26.85
2017-09-06,26.83,27.456,27.496,26.264
2017-09-07,27.436,26.631,27.694,26.591
2017-09-08,26.442,26.492,26.88,26.214
2017-09-11,26.244,26.353,26.432,25.955
2017-09-12,26.363,27.138,27.317,26.065
2017-09-13,26.83,26.711,27.108,26.532
2017-09-14,26.731,26.383,27.098,26.214
2017-09-15,26.234,25.598,26.234,25.389
2017-09-18,25.538,26.095,26.095,25.449
2017-09-19,26.194,25.826,26.303,25.797
2017-09-20,25.647,26.333,26.383,25.598
2017-09-21,26.095,25.747,26.542,25.737
2017-09-22,25.548,25.479,25.955,25.419
2017-09-25,25.498,25.29,25.797,25.27
2017-09-26,25.28,25.141,25.508,24.743
2017-09-27,25.161,25.379,25.429,24.932
2017-09-28,25.28,25.071,25.697,25.061
2017-09-29,25.061,25.23,25.32,24.922
2017-10-09,25.687,26.373,26.403,25.419
2017-10-10,26.323,26.611,26.691,26.164
2017-10-11,26.582,26.105,26.582,26.045
2017-10-12,26.174,26.333,26.9,25.846
2017-10-13,26.283,26.095,26.283,25.747
2017-10-16,26.184,26.264,26.81,26.035
2017-10-17,25.787,24.852,25.797,24.654
2017-10-18,24.753,23.988,25.101,23.938
2017-10-19,24.048,24.127,24.505,23.859
2017-10-20,24.177,24.395,24.415,23.978
2017-10-23,24.425,24.326,24.624,24.256
2017-10-24,24.316,23.839,24.346,23.501
2017-10-25,23.849,24.018,24.048,23.67
2017-10-26,24.018,24.167,24.296,23.789
2017-10-27,24.236,23.849,24.256,23.799
2017-10-30,23.71,22.915,23.829,22.468
2017-10-31,22.905,22.945,23.074,22.676
2017-11-01,22.915,23.004,23.292,22.885
2017-11-02,22.984,23.203,23.451,22.666
2017-11-03,23.153,22.815,23.213,22.656
2017-11-06,23.501,23.789,24.535,23.451
2017-11-07,23.779,24.465,24.495,23.6
2017-11-08,24.465,24.087,24.505,24.028
2017-11-09,23.928,23.908,23.988,23.66
2017-11-10,23.978,23.66,24.117,23.63
2017-11-13,23.511,24.346,24.445,23.203
2017-11-14,24.107,23.839,24.475,23.759
2017-11-15,23.66,22.925,23.66,22.865
2017-11-16,22.865,22.974,23.501,22.865
2017-11-17,22.855,21.881,22.895,21.573
2017-11-20,21.891,22.269,22.289,21.414
2017-11-21,22.209,21.901,22.408,21.633
2017-11-22,21.981,22.199,22.706,21.742
2017-11-23,21.871,21.633,22.09,21.613
2017-11-24,21.464,21.643,21.792,21.434
2017-11-27,21.673,21.603,21.941,21.583
2017-11-28,21.573,22.06,22.15,21.573
2017-11-29,22.05,21.842,22.06,21.623
2017-11-30,21.861,21.762,22.04,21.663
2017-12-01,21.762,22.06,22.14,21.663
2017-12-04,22.02,21.762,22.08,21.712
2017-12-05,21.732,20.59,21.822,20.421
2017-12-06,20.47,20.709,20.808,19.983
2017-12-07,20.599,20.57,20.858,20.46
2017-12-08,20.57,20.838,20.907,20.56
2017-12-11,20.878,21.116,21.355,20.878
2017-12-12,21.027,20.719,21.206,20.619
2017-12-13,20.888,20.818,20.907,20.699
2017-12-14,20.768,20.689,20.818,20.47
2017-12-15,20.987,21.742,22.428,20.947
2017-12-18,21.524,21.235,21.742,21.066
2017-12-19,21.235,21.394,21.683,21.235
2017-12-20,21.315,21.076,21.454,21.047
2017-12-21,21.265,20.848,21.265,20.659
2017-12-22,20.858,20.679,21.037,20.679
2017-12-25,20.679,20.272,20.719,20.252
2017-12-26,20.093,20.411,20.411,20.093
2017-12-27,20.56,20.152,20.56,20.113
2017-12-28,20.291,20.182,20.55,20.152
2017-12-29,20.182,20.341,20.351,20.073
2018-01-02,20.46,20.51,20.52,20.291
2018-01-03,20.51,20.739,20.818,20.371
2018-01-04,20.729,20.619,20.729,20.57
2018-01-05,20.609,20.699,20.818,20.58
2018-01-08,20.768,20.619,20.848,20.47
2018-01-09,20.52,20.411,20.619,20.381
2018-01-10,20.321,20.361,20.53,20.222
2018-01-11,20.351,20.868,21.017,20.093
2018-01-12,20.858,20.51,20.858,20.48
2018-01-15,20.46,19.636,20.46,19.477
2018-01-16,19.755,19.228,19.785,19.039
2018-01-17,19.208,18.672,19.228,17.946
2018-01-18,18.602,18.552,18.86,18.493
2018-01-19,18.602,18.572,18.96,18.542
2018-01-22,18.552,19.089,19.437,18.026
2018-01-23,19.089,18.87,19.119,18.821
2018-01-24,18.741,19.119,19.208,18.701
2018-01-25,18.92,18.94,19.248,18.9
2018-01-26,19.208,19.149,19.377,19.099
2018-01-29,19.139,18.622,19.139,18.513
2018-01-30,18.622,18.622,18.791,18.503
2018-01-31,18.751,17.996,18.791,17.936
2018-02-01,18.006,17.191,18.284,17.092
2018-02-02,17.28,16.774,17.28,16.158
2018-02-05,16.297,16.376,16.585,16.078
2018-02-06,15.949,14.737,16.078,14.737
2018-02-07,15.005,14.756,15.134,14.101
2018-02-08,14.886,15.055,15.263,14.747
2018-02-09,14.588,14.598,14.856,14.16
2018-02-12,14.856,15.581,15.78,14.786
2018-02-13,15.76,15.442,15.86,15.353
2018-02-14,15.333,15.373,15.551,15.303
2018-02-22,15.701,15.701,15.75,15.412
2018-02-23,15.701,15.75,15.889,15.522
2018-02-26,15.85,16.247,16.317,15.78
2018-02-27,16.287,16.396,16.694,16.118
2018-02-28,16.197,16.545,16.674,16.009
2018-03-01,16.476,17.191,17.29,16.307
2018-03-02,17.072,17.34,18.006,16.883
2018-03-05,17.479,17.439,17.688,17.002
2018-03-06,17.39,17.767,17.847,17.191
2018-03-07,17.638,17.4,17.718,17.35
2018-03-08,17.29,17.251,17.479,17.102
2018-03-09,17.231,17.757,17.817,17.221
2018-03-12,18.105,18.344,19.328,18.105
2018-03-13,18.165,18.185,18.592,17.956
2018-03-14,17.946,17.847,18.383,17.847
2018-03-15,17.628,17.489,17.777,16.982
2018-03-16,17.39,17.459,17.757,17.39
2018-03-19,17.449,17.549,17.797,17.3
2018-03-20,17.39,17.678,17.718,17.251
2018-03-21,17.787,17.499,18.026,17.489
2018-03-22,17.449,17.877,17.916,17.271
2018-03-23,17.201,16.118,17.271,16.088
2018-03-26,15.75,16.386,16.436,15.114
2018-03-27,16.575,17.082,17.36,16.575
2018-03-28,16.893,17.31,17.489,16.714
2018-03-29,17.31,17.271,17.767,17.022
2018-03-30,17.39,18.393,18.562,17.36
2018-04-02,18.682,18.88,19.328,18.066
2018-04-03,18.582,18.383,18.86,18.195
2018-04-04,18.523,18.185,18.761,18.036
2018-04-09,17.966,18.264,18.572,17.887
2018-04-10,18.334,18.135,18.513,17.797
2018-04-11,18.374,18.781,18.831,18.085
2018-04-12,18.86,18.513,18.97,18.483
2018-04-13,18.572,18.811,18.821,18.503
2018-04-16,18.682,19.238,19.367,18.523
2018-04-17,19.248,18.175,19.367,18.095
2018-04-18,18.374,18.9,19.029,17.688
2018-04-19,18.89,18.97,19.645,18.612
2018-04-20,18.831,18.88,19.457,18.493
2018-04-23,18.88,18.811,19.288,18.383
2018-04-24,18.86,19.516,19.556,18.453
2018-04-25,19.367,20.411,20.977,19.278
2018-04-26,20.093,19.616,20.212,19.536
2018-04-27,19.894,19.685,20.043,19.079
2018-05-02,19.675,19.109,19.834,18.98
2018-05-03,19.059,19.238,19.357,18.383
2018-05-04,19.248,19.606,19.973,19.169
2018-05-07,19.675,19.954,20.152,19.288
2018-05-08,19.884,19.804,20.023,19.695
2018-05-09,19.795,20.053,20.132,19.685
2018-05-10,20.142,19.785,20.212,19.377
2018-05-11,19.775,19.169,19.844,19.169
2018-05-14,18.98,18.682,19.308,18.562
2018-05-15,18.731,19.049,19.059,18.533
2018-05-16,18.89,18.731,19.0,18.662
2018-05-17,18.781,18.533,18.851,18.483
2018-05-18,18.493,18.761,18.781,18.463
2018-05-21,18.98,19.069,19.308,18.88
2018-05-22,19.07,19.18,19.5,18.9
2018-05-23,19.16,18.72,19.16,18.72
2018-05-24,18.73,18.5,18.81,18.48
2018-05-25,18.47,18.0,18.61,17.99
