date,open,close,high,low
2016-01-04,12.331,11.012,12.39,11.012
2016-01-05,10.113,10.358,11.012,9.918
2016-01-06,10.416,10.504,10.573,10.074
2016-01-07,10.26,9.459,10.26,9.459
2016-01-08,9.625,9.341,9.869,8.765
2016-01-11,9.097,8.403,9.185,8.403
2016-01-12,8.403,8.628,8.706,8.061
2016-01-13,8.667,7.993,8.745,7.876
2016-01-14,7.622,8.482,8.521,7.612
2016-01-15,8.589,8.276,8.784,8.159
2016-01-18,7.895,8.384,8.56,7.895
2016-01-19,8.286,8.687,8.784,8.267
2016-01-20,8.599,8.472,8.696,8.315
2016-01-21,8.315,8.159,8.667,8.13
2016-01-22,8.267,8.169,8.354,7.925
2016-01-25,8.306,8.237,8.325,8.14
2016-01-26,8.237,7.416,8.237,7.416
2016-01-27,7.553,7.211,7.553,6.723
2016-01-28,7.084,6.928,7.192,6.879
2016-01-29,6.908,7.289,7.524,6.908
2016-02-01,7.211,7.221,7.309,7.035
2016-02-02,7.319,7.514,7.563,7.319
2016-02-03,7.329,7.524,7.563,7.309
2016-02-04,7.524,7.739,7.768,7.524
2016-02-05,7.729,7.602,7.807,7.583
2016-02-15,7.211,7.622,7.739,7.094
2016-02-16,7.7,7.993,8.091,7.622
2016-02-17,7.925,8.052,8.11,7.846
2016-02-18,8.179,8.315,8.472,8.081
2016-02-19,8.257,8.218,8.315,8.159
2016-02-22,8.286,8.306,8.384,8.198
2016-02-23,8.384,8.96,9.136,8.257
2016-02-24,8.667,8.657,8.726,8.472
2016-02-25,8.599,7.788,8.628,7.788
2016-02-26,7.905,7.758,7.964,7.622
2016-02-29,7.68,7.153,7.856,7.035
2016-03-01,7.192,7.309,7.368,7.035
2016-03-02,7.329,7.68,7.7,7.28
2016-03-03,7.7,7.7,7.856,7.622
2016-03-04,7.651,7.485,7.798,7.329
2016-03-07,7.475,7.778,7.807,7.475
2016-03-08,7.817,7.983,8.003,7.436
2016-03-09,7.778,7.69,7.866,7.641
2016-03-10,7.671,7.426,7.768,7.387
2016-03-11,7.329,7.719,7.876,7.201
2016-03-14,7.768,7.925,8.071,7.68
2016-03-15,7.866,7.934,8.13,7.827
2016-03-16,7.973,7.954,8.364,7.944
2016-03-17,8.012,8.198,8.257,7.964
2016-03-18,8.169,8.472,8.628,8.14
2016-03-21,8.579,8.599,8.784,8.433
2016-03-22,8.55,8.609,8.755,8.423
2016-03-23,8.579,8.745,8.775,8.53
2016-03-24,8.706,8.745,8.98,8.589
2016-03-25,8.716,9.214,9.625,8.706
2016-03-28,9.058,9.312,9.42,8.98
2016-03-29,9.283,10.074,10.24,9.283
2016-03-30,9.928,10.387,10.592,9.722
2016-03-31,10.26,11.09,11.227,10.162
2016-04-01,10.866,10.846,11.217,10.563
2016-04-05,10.944,10.631,10.944,10.358
2016-04-06,10.533,10.602,10.846,10.377
2016-04-07,10.592,10.348,10.621,10.348
2016-04-08,10.26,10.035,10.553,9.781
2016-04-11,10.289,10.348,10.543,10.162
2016-04-12,10.416,9.576,10.582,9.556
2016-04-13,9.654,9.683,9.859,9.566
2016-04-14,9.683,9.791,9.937,9.576
2016-04-15,9.82,9.81,9.937,9.752
2016-04-18,9.869,9.576,9.869,9.41
2016-04-19,9.654,9.732,9.762,9.527
2016-04-20,9.771,9.038,9.771,8.824
2016-04-21,8.98,8.951,9.185,8.892
2016-04-22,8.931,9.107,9.126,8.863
2016-04-25,9.038,9.371,9.508,8.921
2016-04-26,9.332,9.449,9.576,9.322
2016-04-27,9.429,9.302,9.595,9.293
2016-04-28,9.302,9.185,9.351,8.951
2016-04-29,9.273,9.488,9.674,9.205
2016-05-03,9.38,9.635,9.644,9.283
2016-05-04,9.576,9.517,9.635,9.459
2016-05-05,9.478,9.547,9.566,9.41
2016-05-06,9.537,9.293,9.81,9.283
2016-05-09,9.097,8.511,9.136,8.482
2016-05-10,8.491,8.511,8.677,8.442
2016-05-11,8.599,8.482,8.638,8.472
2016-05-12,8.433,8.403,8.433,7.993
2016-05-13,8.433,8.267,8.491,8.218
2016-05-16,8.276,8.589,8.599,8.208
2016-05-17,8.55,8.579,8.677,8.354
2016-05-18,8.511,8.13,8.511,8.061
2016-05-19,8.13,8.276,8.511,8.13
2016-05-20,8.218,8.384,8.384,8.12
2016-05-23,8.345,8.56,8.648,8.306
2016-05-24,9.42,9.42,9.42,9.42
2016-05-25,9.791,9.273,9.947,9.234
2016-05-26,9.048,9.038,9.146,8.726
2016-05-27,8.96,8.951,9.146,8.892
2016-05-30,8.804,8.863,9.029,8.638
2016-05-31,8.863,9.224,9.283,8.863
2016-06-01,9.224,9.615,9.859,9.136
2016-06-02,9.586,10.573,10.573,9.488
2016-06-03,10.455,10.26,10.836,10.25
2016-06-06,10.299,10.328,10.592,10.152
2016-06-07,10.319,10.348,10.514,10.27
2016-06-08,10.612,10.358,11.022,10.348
2016-07-07,10.505,10.791,11.324,10.061
2016-07-08,10.564,10.16,10.643,10.111
2016-07-11,10.268,10.219,10.693,10.111
2016-07-12,10.209,9.982,10.259,9.706
2016-07-13,10.002,10.051,10.111,9.884
2016-07-14,10.101,10.308,10.535,9.953
2016-07-15,10.259,10.061,10.426,10.012
2016-07-18,9.973,10.17,10.288,9.953
2016-07-19,11.186,11.186,11.186,11.186
2016-07-20,11.294,10.772,11.403,10.762
2016-07-21,10.683,10.91,11.186,10.604
2016-07-22,10.742,10.485,10.86,10.456
2016-07-25,10.466,10.525,10.683,10.318
2016-07-26,10.564,10.702,10.752,10.436
2016-07-27,10.702,9.854,10.722,9.726
2016-07-28,9.854,9.539,9.933,9.183
2016-07-29,9.568,9.469,9.637,9.371
2016-08-01,9.361,9.134,9.371,8.947
2016-08-02,9.134,9.292,9.302,9.095
2016-08-03,9.341,9.302,9.539,9.223
2016-08-04,9.302,9.371,9.41,9.223
2016-08-05,9.361,9.361,9.381,9.183
2016-08-08,9.548,9.686,9.805,9.45
2016-08-09,9.598,9.746,9.805,9.529
2016-08-10,9.706,9.696,9.775,9.627
2016-08-11,9.647,9.45,9.746,9.42
2016-08-12,9.4,9.617,9.667,9.4
2016-08-15,9.617,9.746,9.775,9.322
2016-08-16,9.726,9.775,9.805,9.677
2016-08-17,9.874,9.795,9.913,9.736
2016-08-18,9.795,9.736,9.904,9.706
2016-08-19,9.805,9.844,9.894,9.716
2016-08-22,9.834,9.499,9.834,9.489
2016-08-23,9.529,9.45,9.568,9.371
2016-08-24,9.479,9.41,9.509,9.322
2016-08-25,9.43,9.312,9.43,9.213
2016-08-26,9.312,9.361,9.499,9.302
2016-08-29,9.341,9.44,9.44,9.322
2016-08-30,9.46,9.41,9.499,9.41
2016-08-31,9.41,9.509,9.558,9.312
2016-09-01,9.558,9.785,10.13,9.509
2016-09-02,9.647,9.617,9.736,9.499
2016-09-05,9.598,9.627,9.696,9.598
2016-09-06,9.637,9.627,9.637,9.312
2016-09-07,9.627,9.617,9.696,9.578
2016-09-08,9.617,9.627,9.647,9.568
2016-09-09,9.627,9.746,9.785,9.568
2016-09-12,9.588,9.243,9.608,9.183
2016-09-13,9.292,9.371,9.44,9.174
2016-09-14,9.272,9.252,9.341,9.193
2016-09-19,9.292,9.608,9.785,9.272
2016-09-20,9.578,9.469,9.657,9.44
2016-09-21,9.529,9.598,9.598,9.4
2016-09-22,9.598,9.558,9.667,9.529
2016-09-23,9.598,9.391,9.608,9.381
2016-09-26,9.44,9.4,9.795,9.341
2016-09-27,9.292,9.381,9.391,9.035
2016-09-28,9.312,9.361,9.42,9.292
2016-09-29,9.44,9.519,9.657,9.282
2016-09-30,9.529,9.539,9.627,9.479
2016-10-10,9.568,9.706,9.716,9.529
2016-10-11,9.706,9.696,9.726,9.598
2016-10-12,9.667,9.726,9.785,9.608
2016-10-13,9.696,9.627,9.765,9.578
2016-10-14,9.617,9.637,9.647,9.568
2016-10-17,9.677,9.351,9.686,9.331
2016-10-18,9.351,9.519,9.568,9.341
2016-10-19,9.519,9.686,9.686,9.509
2016-10-20,9.686,9.825,10.012,9.588
2016-10-21,9.765,9.775,9.795,9.509
2016-10-24,9.795,9.923,9.953,9.746
2016-10-25,9.923,9.864,9.953,9.815
2016-10-26,9.854,9.775,9.874,9.667
2016-10-27,9.677,9.726,9.765,9.637
2016-10-28,9.686,9.608,9.746,9.608
2016-10-31,9.558,9.568,9.608,9.42
2016-11-01,9.608,9.667,9.696,9.548
2016-11-02,9.637,9.489,9.647,9.469
2016-11-03,9.45,9.568,9.608,9.43
2016-11-04,9.548,9.568,9.686,9.529
2016-11-07,9.667,9.686,9.864,9.627
2016-11-08,9.746,9.765,9.795,9.657
2016-11-09,9.765,9.608,9.785,9.548
2016-11-10,9.686,9.973,10.051,9.667
2016-11-11,9.992,10.051,10.091,9.825
2016-11-14,9.963,10.091,10.199,9.913
2016-11-15,10.091,9.982,10.111,9.913
2016-11-16,9.973,10.022,10.239,9.923
2016-11-17,10.012,10.17,10.209,9.923
2016-11-18,10.18,10.022,10.278,9.992
2016-11-21,10.061,10.051,10.13,9.953
2016-11-22,10.051,10.199,10.219,10.012
2016-11-23,10.13,10.091,10.268,10.022
2016-11-24,10.071,10.032,10.16,9.963
2016-11-25,10.061,10.259,10.357,9.864
2016-11-28,10.259,10.19,10.278,10.14
2016-11-29,10.16,9.884,10.318,9.854
2016-11-30,9.815,9.696,9.834,9.667
2016-12-01,9.706,9.765,9.805,9.667
2016-12-02,9.756,9.381,9.775,9.381
2016-12-05,9.272,9.341,9.44,9.223
2016-12-06,9.331,9.4,9.45,9.331
2016-12-07,9.43,9.43,9.46,9.341
2016-12-08,9.45,9.44,9.499,9.381
2016-12-09,9.41,9.312,9.46,9.262
2016-12-12,9.351,8.601,9.351,8.493
2016-12-13,8.601,8.661,8.779,8.582
2016-12-14,8.7,8.68,8.789,8.631
2016-12-15,8.661,8.769,8.789,8.631
2016-12-16,8.71,8.809,8.838,8.68
2016-12-19,8.818,8.888,8.957,8.72
2016-12-20,8.838,8.848,8.927,8.759
2016-12-21,8.868,8.917,8.976,8.848
2016-12-22,8.976,8.986,9.006,8.878
2016-12-23,8.976,8.828,9.006,8.789
2016-12-26,8.759,8.878,8.957,8.7
2016-12-27,8.868,8.976,9.006,8.848
2016-12-28,8.966,9.016,9.114,8.937
2016-12-29,9.035,8.927,9.105,8.897
2016-12-30,8.907,8.937,9.006,8.897
2017-01-03,8.986,9.026,9.075,8.937
2017-01-04,9.035,9.174,9.233,9.006
2017-01-05,9.134,9.124,9.223,9.124
2017-01-06,9.134,9.124,9.154,9.075
2017-01-09,9.124,9.134,9.174,9.085
2017-01-10,9.144,9.105,9.193,9.045
2017-01-11,9.105,8.868,9.114,8.848
2017-01-12,8.838,8.779,8.927,8.71
2017-01-13,8.779,8.73,8.848,8.671
2017-01-16,8.69,8.286,8.72,7.941
2017-01-17,8.246,8.276,8.315,7.97
2017-01-18,8.236,8.197,8.325,8.148
2017-01-19,8.158,8.118,8.187,8.039
2017-01-20,8.138,8.286,8.306,8.108
2017-01-23,8.246,8.375,8.384,8.217
2017-01-24,8.355,8.325,8.404,8.286
2017-01-25,8.325,8.365,8.384,8.296
2017-01-26,8.384,8.434,8.444,8.365
2017-02-03,8.463,8.404,8.473,8.335
2017-02-06,8.414,8.503,8.503,8.414
2017-02-07,8.503,8.463,8.503,8.404
2017-02-08,8.453,8.493,8.503,8.355
2017-02-09,8.503,8.523,8.542,8.453
2017-02-10,8.572,8.523,8.572,8.463
2017-02-13,8.463,8.513,8.572,8.463
2017-02-14,8.532,8.572,8.621,8.483
2017-02-15,8.562,8.444,8.562,8.434
2017-02-16,8.434,8.493,8.552,8.404
2017-02-17,8.513,8.404,8.542,8.394
2017-02-20,8.384,8.463,8.473,8.365
2017-02-21,8.473,8.562,8.582,8.453
2017-02-22,8.572,8.582,8.69,8.542
2017-02-23,8.592,8.631,8.651,8.532
2017-02-24,8.631,8.661,8.72,8.582
2017-02-27,8.661,8.592,8.73,8.572
2017-02-28,8.601,8.68,8.72,8.582
2017-03-01,8.72,8.907,8.907,8.651
2017-03-02,8.917,9.075,9.499,8.779
2017-03-03,9.026,8.937,9.351,8.897
2017-03-06,8.897,8.848,8.976,8.769
2017-03-07,8.868,8.818,8.868,8.73
2017-03-08,8.809,8.69,8.809,8.661
2017-03-09,8.7,8.69,8.759,8.621
2017-03-10,8.7,8.621,8.74,8.621
2017-03-13,8.621,8.671,8.69,8.503
2017-03-14,8.69,8.572,8.73,8.562
2017-03-15,8.601,8.74,8.759,8.572
2017-03-16,8.68,8.72,8.74,8.641
2017-03-17,8.72,8.611,8.74,8.601
2017-03-20,8.592,8.532,8.601,8.493
2017-03-21,8.532,8.503,8.582,8.493
2017-03-22,8.463,8.355,8.513,8.286
2017-03-23,8.384,8.315,8.414,8.207
2017-03-24,8.315,8.384,8.434,8.266
2017-03-27,8.365,8.394,8.473,8.365
2017-03-28,8.878,9.233,9.233,8.828
2017-03-29,9.469,9.351,9.647,9.272
2017-03-30,9.075,9.114,9.233,8.937
2017-03-31,9.085,8.73,9.272,8.68
2017-04-05,8.631,8.838,8.878,8.592
2017-04-06,8.838,8.818,8.937,8.73
2017-04-07,8.976,8.838,9.105,8.818
2017-04-10,8.759,8.542,8.809,8.503
2017-04-11,8.503,8.641,8.651,8.434
2017-04-12,8.68,8.532,8.749,8.513
2017-04-13,8.562,8.582,8.72,8.542
2017-04-14,8.582,8.542,8.631,8.444
2017-04-17,8.493,8.434,8.582,8.394
2017-04-18,8.463,8.483,8.661,8.404
2017-04-19,8.453,8.463,8.532,8.335
2017-04-20,8.483,8.227,8.513,8.089
2017-04-21,8.246,8.266,8.355,8.207
2017-04-24,8.276,7.97,8.276,7.862
2017-04-25,7.911,7.901,8.019,7.862
2017-04-26,7.901,7.891,7.941,7.842
2017-04-27,7.881,7.773,7.881,7.546
2017-04-28,7.773,7.812,7.842,7.743
2017-05-02,7.802,7.891,7.95,7.793
2017-05-03,7.891,7.862,7.95,7.783
2017-05-04,7.872,7.812,7.931,7.802
2017-05-05,7.753,7.625,7.802,7.625
2017-05-08,7.615,7.457,7.645,7.418
2017-05-09,7.467,7.595,7.615,7.418
2017-05-10,7.576,7.151,7.625,6.836
2017-05-11,7.132,7.132,7.142,6.875
2017-05-12,7.082,7.142,7.181,7.013
2017-05-15,7.161,7.122,7.22,7.092
2017-05-16,7.122,7.349,7.378,7.043
2017-05-17,7.349,7.398,7.516,7.299
2017-05-18,7.398,7.378,7.457,7.29
2017-05-19,7.438,7.339,7.457,7.309
2017-05-22,7.339,7.112,7.428,7.073
2017-05-23,7.112,6.934,7.22,6.905
2017-05-24,6.934,7.043,7.053,6.836
2017-05-25,7.053,7.112,7.132,6.984
2017-05-26,7.082,7.112,7.161,7.063
2017-05-31,7.22,7.102,7.29,7.092
2017-06-01,7.102,6.915,7.161,6.915
2017-06-02,6.905,7.073,7.073,6.836
2017-06-05,7.112,7.132,7.22,7.073
2017-06-06,7.161,7.181,7.211,7.112
2017-06-07,7.151,7.27,7.299,7.151
2017-06-08,7.27,7.191,7.329,7.181
2017-06-09,7.211,7.211,7.26,7.112
2017-06-12,7.171,7.053,7.191,7.023
2017-06-13,7.063,7.191,7.191,7.063
2017-06-14,7.191,7.23,7.309,7.161
2017-06-15,7.25,7.32,7.36,7.21
2017-06-16,7.35,7.35,7.39,7.3
2017-06-19,7.35,7.43,7.46,7.33
2017-06-20,7.43,7.9,8.17,7.36
2017-06-21,7.66,7.75,7.83,7.65
2017-06-22,7.71,7.51,7.73,7.51
2017-06-23,7.51,7.57,7.62,7.43
2017-06-26,7.6,7.73,7.75,7.58
2017-06-27,7.76,7.93,8.25,7.76
2017-06-28,7.85,7.95,7.96,7.75
2017-06-29,7.91,7.85,8.03,7.85
2017-06-30,7.8,7.91,7.95,7.76
2017-07-03,7.85,8.05,8.09,7.83
2017-07-04,8.0,7.93,8.11,7.93
2017-07-05,7.91,8.02,8.04,7.88
2017-07-06,8.02,8.02,8.15,7.9
2017-07-07,8.0,8.05,8.05,7.9
2017-07-10,7.99,7.82,8.03,7.78
2017-07-11,7.8,7.82,7.99,7.77
2017-07-12,7.77,7.82,7.83,7.58
2017-07-13,7.86,7.98,8.03,7.82
2017-07-14,7.96,7.92,8.04,7.87
2017-07-17,7.89,7.46,7.9,7.3
2017-07-18,7.47,7.55,7.58,7.31
2017-07-19,7.54,7.81,7.83,7.48
2017-07-20,7.77,8.13,8.13,7.71
2017-07-21,8.3,8.19,8.56,8.15
2017-07-24,8.11,8.5,8.7,8.02
2017-07-25,8.49,8.35,8.54,8.26
2017-07-26,8.3,8.51,8.62,8.26
2017-07-27,8.46,8.6,8.84,8.4
2017-07-28,8.7,8.79,8.97,8.63
2017-07-31,8.69,8.76,8.82,8.55
2017-08-01,8.69,8.59,8.74,8.38
2017-08-02,8.51,8.38,8.67,8.35
2017-08-03,8.36,8.36,8.47,8.29
2017-08-04,8.36,8.33,8.49,8.3
2017-08-07,8.34,8.41,8.41,8.16
2017-08-08,8.39,8.46,8.6,8.35
2017-08-09,8.42,8.36,8.5,8.32
2017-08-10,8.35,8.13,8.38,8.11
2017-08-11,8.09,7.75,8.09,7.73
2017-08-14,7.75,7.81,7.83,7.72
2017-08-15,7.8,7.87,7.88,7.78
2017-08-16,7.87,7.9,7.94,7.72
2017-08-17,7.9,7.94,7.94,7.84
2017-08-18,7.87,7.8,7.89,7.71
2017-08-21,7.8,7.84,7.84,7.75
2017-08-22,7.87,8.0,8.08,7.79
2017-08-23,7.99,7.86,8.04,7.84
2017-08-24,7.82,7.62,7.85,7.6
2017-08-25,7.64,7.75,7.75,7.57
2017-08-28,7.79,7.87,8.03,7.79
2017-08-29,7.88,7.91,7.93,7.78
2017-08-30,7.88,7.86,7.92,7.81
2017-08-31,7.86,7.87,7.92,7.83
2017-09-01,7.9,8.12,8.22,7.84
2017-09-04,8.0,8.11,8.13,7.97
2017-09-05,8.1,8.05,8.11,8.0
2017-09-06,8.0,8.34,8.39,7.94
2017-09-07,8.49,8.19,8.55,8.17
2017-09-08,8.1,8.09,8.21,8.0
2017-09-11,8.15,8.38,8.43,8.15
2017-09-12,8.35,8.75,9.22,8.29
2017-09-13,8.58,8.63,8.75,8.49
2017-09-14,8.77,8.97,9.22,8.66
2017-09-15,8.85,9.0,9.06,8.74
2017-09-18,9.0,8.96,9.2,8.9
2017-09-19,8.91,8.74,8.94,8.65
2017-09-20,8.7,8.75,8.8,8.63
2017-09-21,9.62,9.24,9.63,9.21
2017-09-22,8.93,9.05,9.17,8.8
2017-09-25,8.89,8.42,8.9,8.42
2017-09-26,8.35,8.52,8.58,8.35
2017-09-27,8.5,8.45,8.63,8.42
2017-09-28,8.44,8.37,8.53,8.37
2017-09-29,8.46,8.4,8.46,8.33
2017-10-09,8.48,8.52,8.63,8.45
2017-10-10,8.55,8.55,8.55,8.43
2017-10-11,8.56,8.54,8.67,8.48
2017-10-12,8.54,8.36,8.59,8.28
2017-10-13,8.35,8.32,8.35,8.21
2017-10-16,8.28,7.93,8.3,7.91
2017-10-17,7.93,7.93,8.01,7.92
2017-10-18,7.9,7.76,8.0,7.73
2017-10-19,7.78,7.81,7.88,7.75
2017-10-20,7.78,8.0,8.0,7.78
2017-10-23,8.0,8.0,8.03,7.92
2017-10-24,7.99,7.93,8.0,7.87
2017-10-25,7.92,7.97,8.07,7.92
2017-10-26,7.97,7.97,8.02,7.91
2017-10-27,8.04,7.97,8.14,7.93
2017-10-30,7.95,7.7,7.95,7.59
2017-10-31,7.66,7.78,7.78,7.61
2017-11-01,7.77,7.76,7.84,7.74
2017-11-02,7.76,7.69,7.79,7.65
2017-11-03,7.68,7.62,7.74,7.57
2017-11-06,7.64,7.69,7.71,7.6
2017-11-07,7.7,7.75,7.75,7.66
2017-11-08,7.72,7.86,7.88,7.71
2017-11-09,7.8,8.04,8.06,7.8
2017-11-10,7.98,7.91,8.02,7.88
2017-11-13,7.94,8.01,8.05,7.82
2017-11-14,7.95,7.97,8.04,7.91
2017-11-15,7.94,8.05,8.28,7.91
2017-11-16,8.0,7.91,8.11,7.91
2017-11-17,7.92,7.6,7.98,7.45
2017-11-20,7.6,7.44,7.62,7.25
2017-11-21,7.41,7.42,7.5,7.35
2017-11-22,7.42,7.41,7.56,7.38
2017-11-23,7.44,7.28,7.45,7.24
2017-11-24,7.27,7.32,7.39,7.22
2017-11-27,7.35,7.32,7.45,7.28
2017-11-28,7.3,7.37,7.4,7.28
2017-11-29,7.34,7.47,7.48,7.34
2017-11-30,7.43,7.39,7.46,7.38
2017-12-01,7.39,7.45,7.47,7.39
2017-12-04,7.49,7.39,7.49,7.38
2017-12-05,7.32,7.1,7.39,7.08
2017-12-06,7.04,7.23,7.24,7.04
2017-12-07,7.25,7.19,7.25,7.15
2017-12-08,7.21,7.27,7.3,7.17
2017-12-11,7.25,7.34,7.35,7.21
2017-12-12,7.33,7.24,7.35,7.23
2017-12-13,7.22,7.27,7.29,7.18
2017-12-14,7.28,7.25,7.3,7.2
2017-12-15,7.23,7.19,7.24,7.15
2017-12-18,7.2,7.28,7.3,7.19
2017-12-19,7.32,7.31,7.35,7.28
2017-12-20,7.3,7.3,7.45,7.25
2017-12-21,7.28,7.19,7.29,7.14
2017-12-22,7.19,7.21,7.24,7.16
2017-12-25,7.21,7.18,7.23,7.14
2017-12-26,7.2,7.21,7.23,7.11
2017-12-27,7.24,7.24,7.27,7.14
2017-12-28,7.24,7.26,7.28,7.17
2017-12-29,7.26,7.22,7.28,7.19
2018-01-02,7.22,7.39,7.47,7.22
2018-01-03,7.4,7.4,7.42,7.33
2018-01-04,7.41,7.45,7.51,7.37
2018-01-05,7.43,7.5,7.51,7.39
2018-01-08,7.46,7.44,7.47,7.38
2018-01-09,7.44,7.37,7.44,7.37
2018-01-10,7.37,7.24,7.42,7.21
2018-01-11,7.21,7.29,7.31,7.21
2018-01-12,7.28,7.25,7.29,7.21
2018-01-15,7.23,7.12,7.27,7.11
2018-01-16,7.15,7.16,7.18,7.11
2018-01-17,7.16,7.24,7.25,7.09
2018-01-18,7.24,7.21,7.25,7.2
2018-01-19,7.2,7.13,7.26,7.09
2018-01-22,7.13,7.46,7.48,7.06
2018-01-23,7.44,7.69,7.75,7.33
2018-01-24,7.53,7.44,7.53,7.39
2018-01-25,7.45,7.43,7.54,7.4
2018-01-26,7.39,7.41,7.47,7.39
2018-01-29,7.43,7.31,7.45,7.31
2018-01-30,7.27,7.29,7.34,7.27
2018-01-31,7.3,7.18,7.33,7.16
2018-02-01,7.18,6.95,7.25,6.81
2018-02-02,6.95,6.97,6.98,6.73
2018-02-05,7.0,6.99,7.09,6.85
2018-02-06,6.9,6.7,7.01,6.7
2018-02-07,6.9,6.75,6.94,6.69
2018-02-08,6.71,6.82,6.88,6.71
2018-02-09,6.72,6.59,6.75,6.53
2018-02-12,6.61,6.75,6.77,6.6
2018-02-13,6.77,6.71,6.83,6.71
2018-02-14,6.78,6.74,6.78,6.7
2018-02-22,6.8,6.81,6.86,6.75
2018-02-23,6.77,6.84,6.85,6.77
2018-02-26,6.84,6.9,6.92,6.82
2018-02-27,6.94,6.86,6.94,6.85
2018-02-28,6.8,6.87,6.91,6.8
2018-03-01,6.86,6.91,6.93,6.8
2018-03-02,6.84,6.93,6.99,6.81
2018-03-05,6.89,7.05,7.05,6.84
2018-03-06,7.09,7.06,7.12,6.95
2018-03-07,7.05,7.0,7.07,6.99
2018-03-08,7.0,7.02,7.05,6.96
2018-03-09,7.02,7.13,7.15,6.99
2018-03-12,7.14,7.15,7.2,7.11
2018-03-13,7.15,7.41,7.51,7.11
2018-03-14,7.4,7.24,7.4,7.23
2018-03-15,7.17,7.3,7.55,7.17
2018-03-16,7.25,7.35,7.54,7.17
2018-03-19,7.3,7.27,7.44,7.24
2018-03-20,7.21,7.22,7.26,7.15
2018-03-21,7.23,7.12,7.26,7.11
2018-03-22,7.15,7.1,7.23,7.08
2018-03-23,6.96,6.64,6.99,6.62
2018-03-26,6.58,6.77,6.78,6.5
2018-03-27,6.79,6.88,6.93,6.79
2018-03-28,6.85,6.75,6.87,6.7
2018-03-29,6.79,6.81,6.87,6.77
2018-03-30,6.83,6.85,6.92,6.79
2018-04-02,6.74,6.77,6.83,6.73
2018-04-03,6.67,6.66,6.74,6.63
2018-04-04,6.7,6.69,6.75,6.66
2018-04-09,6.67,6.66,6.69,6.56
2018-04-10,6.66,6.76,6.78,6.61
2018-04-11,6.8,7.08,7.25,6.73
2018-04-12,7.0,6.96,7.02,6.9
2018-04-13,6.96,6.9,7.0,6.89
2018-04-16,6.9,6.72,6.91,6.69
2018-04-17,6.74,6.64,6.77,6.62
2018-04-18,6.71,6.75,6.75,6.63
2018-04-19,6.83,6.8,6.89,6.79
2018-04-20,6.8,6.63,6.8,6.62
2018-04-23,6.63,6.63,6.68,6.56
2018-04-24,6.6,6.71,6.74,6.6
2018-04-25,6.69,6.72,6.78,6.66
2018-04-26,6.77,6.65,6.86,6.65
2018-04-27,6.69,6.73,6.79,6.64
2018-05-02,6.73,6.69,6.75,6.65
2018-05-03,6.65,6.72,6.76,6.64
2018-05-04,6.72,6.63,6.72,6.6
2018-05-07,6.63,6.71,6.72,6.62
2018-05-08,6.72,6.77,6.78,6.71
2018-05-09,6.74,6.72,6.79,6.69
2018-05-10,6.74,6.76,6.78,6.72
2018-05-11,6.79,6.69,6.8,6.67
2018-05-14,6.7,6.57,6.7,6.55
2018-05-15,6.58,6.61,6.64,6.57
2018-05-16,6.61,6.56,6.61,6.5
2018-05-17,6.53,6.61,6.68,6.52
2018-05-18,6.66,6.93,7.15,6.63
2018-05-21,6.98,7.12,7.25,6.84
2018-05-22,7.16,6.99,7.16,6.97
2018-05-23,6.99,6.79,7.04,6.79
2018-05-24,6.82,6.76,6.89,6.75
2018-05-25,6.76,6.78,6.85,6.75
