date,open,close,high,low
2016-01-04,21.049,19.005,21.396,19.005
2016-01-05,17.377,17.605,18.806,17.109
2016-01-06,17.863,17.853,18.121,16.593
2016-01-07,17.248,16.067,17.446,16.067
2016-01-08,16.146,15.481,16.543,14.559
2016-01-11,14.886,13.933,14.886,13.933
2016-01-12,13.695,13.397,13.884,12.782
2016-01-13,13.566,12.514,13.814,12.365
2016-01-14,11.978,13.536,13.576,11.958
2016-01-15,13.199,12.524,13.566,12.455
2016-01-18,12.038,13.1,13.487,12.038
2016-01-19,13.0,13.685,13.775,12.911
2016-01-20,13.546,13.616,14.152,13.397
2016-01-21,13.417,12.703,13.874,12.653
2016-01-22,13.0,13.0,13.179,12.306
2016-01-25,13.219,13.169,13.447,13.0
2016-01-26,12.901,12.008,13.457,11.899
2016-01-27,12.137,12.097,12.405,11.065
2016-01-28,11.82,11.105,12.038,10.926
2016-01-29,11.075,11.76,11.929,10.926
2016-02-01,11.512,11.413,11.81,11.036
2016-02-02,11.492,12.167,12.207,11.432
2016-02-03,11.909,12.326,12.326,11.72
2016-02-04,12.326,12.484,12.703,12.266
2016-02-05,12.633,12.207,12.633,12.207
2016-02-15,11.681,12.197,12.405,11.442
2016-02-16,12.216,12.842,13.06,12.216
2016-02-17,12.812,13.229,13.358,12.733
2016-02-18,13.249,13.01,13.477,13.0
2016-02-19,13.01,13.497,14.162,12.901
2016-02-22,14.846,14.142,14.846,13.685
2016-02-23,14.291,13.596,14.439,13.278
2016-02-24,13.507,13.665,13.775,13.199
2016-02-25,13.497,12.296,13.626,12.296
2016-02-26,12.276,12.008,12.425,11.78
2016-02-29,11.919,10.807,11.929,10.807
2016-03-01,10.887,11.115,11.264,10.42
2016-03-02,11.085,11.75,11.8,10.976
2016-03-03,11.839,11.978,12.772,11.74
2016-03-04,11.82,11.244,11.998,10.946
2016-03-07,11.363,11.581,11.79,11.363
2016-03-08,11.512,11.74,11.8,10.817
2016-03-09,11.413,11.363,11.73,11.214
2016-03-10,11.363,11.036,11.552,10.936
2016-03-11,10.768,11.125,11.264,10.768
2016-03-14,11.363,11.72,11.988,11.313
2016-03-15,11.73,11.512,11.829,11.413
2016-03-16,11.71,11.313,11.869,11.095
2016-03-17,11.403,11.968,12.107,11.373
2016-03-18,11.958,13.169,13.169,11.949
2016-03-21,13.993,14.489,14.489,13.804
2016-03-22,14.469,14.39,14.747,14.082
2016-03-23,14.191,15.829,15.829,14.072
2016-03-24,15.184,15.908,17.417,15.015
2016-03-25,15.779,15.759,16.146,15.194
2016-03-28,15.68,15.283,16.097,15.214
2016-03-29,15.263,15.412,15.501,14.519
2016-03-30,15.412,16.077,16.256,15.343
2016-03-31,16.047,15.958,16.514,15.878
2016-04-01,15.759,15.62,15.888,15.085
2016-04-05,15.769,16.474,16.672,15.581
2016-04-06,16.375,16.156,17.139,15.958
2016-04-07,16.057,16.067,16.662,15.611
2016-04-08,15.581,15.382,15.859,14.985
2016-04-11,15.561,15.501,16.037,15.452
2016-04-12,15.382,15.432,15.462,14.985
2016-04-13,15.611,15.66,16.117,15.462
2016-04-14,15.799,15.869,16.107,15.591
2016-04-15,16.067,16.107,16.424,15.878
2016-04-18,16.077,16.553,17.059,15.511
2016-04-19,16.285,16.454,16.662,16.087
2016-04-20,16.672,15.104,16.811,14.906
2016-04-21,14.836,14.37,15.204,14.35
2016-04-22,14.181,14.459,14.688,14.092
2016-04-25,14.469,14.271,14.469,13.894
2016-04-26,14.201,14.568,14.608,14.172
2016-04-27,14.777,14.42,14.876,14.32
2016-04-28,14.241,14.469,14.499,13.765
2016-04-29,14.281,14.39,14.549,14.211
2016-05-03,14.37,15.005,15.005,14.201
2016-05-04,14.896,14.956,15.144,14.846
2016-05-05,14.886,14.985,15.035,14.658
2016-05-06,14.965,13.854,15.134,13.854
2016-05-09,13.556,12.951,13.695,12.802
2016-05-10,13.0,13.06,13.13,12.911
2016-05-11,13.189,12.742,13.199,12.594
2016-05-12,12.604,12.881,12.891,12.127
2016-05-13,12.772,12.683,13.02,12.504
2016-05-16,12.703,13.07,13.08,12.544
2016-05-17,13.149,13.12,13.397,12.792
2016-05-18,12.901,12.901,13.447,12.663
2016-05-19,12.792,12.981,13.338,12.752
2016-05-20,12.683,13.06,13.179,12.613
2016-05-23,13.06,13.784,13.874,13.06
2016-05-24,13.646,13.417,13.675,13.219
2016-05-25,13.487,13.388,13.775,13.239
2016-05-26,13.318,13.665,13.695,12.961
2016-05-27,13.497,13.477,13.655,13.397
2016-05-30,13.358,13.189,13.427,13.05
2016-05-31,13.278,14.112,14.142,13.259
2016-06-01,14.102,14.052,14.449,13.973
2016-06-02,13.943,14.37,14.39,13.943
2016-06-03,14.509,14.449,14.598,14.142
2016-06-06,14.469,14.797,14.975,14.469
2016-06-07,14.588,14.578,14.678,14.291
2016-06-08,14.489,14.767,14.876,14.4
2016-06-13,14.41,13.427,14.688,13.407
2016-06-14,13.199,13.328,13.546,13.199
2016-06-15,13.1,13.884,14.092,13.05
2016-06-16,13.854,14.072,14.36,13.705
2016-06-17,14.082,14.33,14.608,14.072
2016-06-20,14.33,15.035,15.164,14.092
2016-06-21,15.144,14.33,15.144,14.191
2016-06-22,14.181,14.747,14.767,14.102
2016-06-23,14.737,14.549,14.936,14.32
2016-06-24,14.628,14.191,14.678,13.556
2016-06-27,13.993,14.797,14.876,13.904
2016-06-28,14.688,15.223,15.491,14.658
2016-06-29,15.184,15.094,15.283,14.916
2016-06-30,15.035,15.204,15.303,14.936
2016-07-01,15.184,15.085,15.571,14.936
2016-07-04,14.886,15.273,15.382,14.688
2016-07-05,15.273,15.124,15.362,14.946
2016-07-06,15.114,14.985,15.114,14.896
2016-07-07,14.985,14.985,15.085,14.688
2016-07-08,14.985,15.025,15.273,14.797
2016-07-11,15.025,15.045,15.333,14.995
2016-07-12,14.975,15.134,15.174,14.598
2016-07-13,15.085,15.382,15.481,15.075
2016-07-14,15.372,15.501,15.561,15.184
2016-07-15,15.481,15.134,15.501,15.065
2016-07-18,15.085,14.956,15.134,14.747
2016-07-19,14.956,15.065,15.065,14.827
2016-07-20,15.075,14.906,15.114,14.886
2016-07-21,14.906,14.926,15.085,14.807
2016-07-22,14.916,15.184,15.323,14.827
2016-07-25,15.233,15.303,15.511,15.134
2016-07-26,15.323,15.501,15.531,15.214
2016-07-27,15.521,14.42,15.601,14.092
2016-07-28,14.291,14.033,14.489,13.775
2016-07-29,14.112,13.814,14.241,13.715
2016-08-01,13.695,13.378,13.794,13.199
2016-08-02,13.378,13.596,13.646,13.318
2016-08-03,13.646,13.507,13.646,13.447
2016-08-04,13.507,13.775,13.983,13.507
2016-08-05,13.765,13.407,13.765,13.397
2016-08-08,13.407,13.606,13.616,13.1
2016-08-09,13.596,13.675,13.725,13.546
2016-08-10,13.596,13.715,13.834,13.576
2016-08-11,13.665,13.298,13.675,13.298
2016-08-12,13.308,13.536,13.566,13.229
2016-08-15,13.576,13.834,13.884,13.536
2016-08-16,13.844,13.804,13.913,13.715
2016-08-17,13.794,13.834,13.884,13.735
2016-08-18,13.864,13.884,13.953,13.775
2016-08-19,13.933,13.755,13.943,13.616
2016-08-22,13.745,13.536,13.755,13.517
2016-08-23,13.596,13.626,13.745,13.497
2016-08-24,13.626,13.705,13.755,13.517
2016-08-25,13.596,13.447,13.596,13.159
2016-08-26,13.447,13.497,13.705,13.427
2016-08-29,13.497,13.447,13.616,13.298
2016-08-30,13.517,13.517,13.576,13.397
2016-08-31,13.526,13.507,13.546,13.338
2016-09-01,13.517,13.517,13.685,13.477
2016-09-02,13.507,13.417,13.596,13.348
2016-09-05,13.447,13.497,13.626,13.397
2016-09-06,13.497,13.814,13.874,13.378
2016-09-07,13.794,13.735,13.864,13.705
2016-09-08,13.755,13.765,13.854,13.646
2016-09-09,13.765,13.715,13.874,13.685
2016-09-12,13.348,13.06,13.397,13.05
2016-09-13,13.189,13.13,13.249,13.06
2016-09-14,13.13,13.13,13.268,13.1
2016-09-19,13.139,13.288,13.358,13.139
2016-09-20,13.288,13.139,13.348,13.12
2016-09-21,13.149,13.229,13.328,13.149
2016-09-22,13.298,13.219,13.338,13.199
2016-09-23,13.249,13.169,13.268,13.139
2016-09-26,13.149,12.723,13.149,12.703
2016-09-27,12.713,12.941,13.0,12.633
2016-09-28,12.941,12.812,12.941,12.782
2016-09-29,12.941,12.842,13.03,12.822
2016-09-30,12.871,12.901,12.921,12.733
2016-10-10,12.921,13.338,13.407,12.921
2016-10-11,13.427,13.368,13.556,13.259
2016-10-12,13.338,13.417,13.457,13.199
2016-10-13,13.397,13.417,13.497,13.268
2016-10-14,13.348,13.427,13.675,13.288
2016-10-17,13.437,13.179,13.546,13.12
2016-10-18,13.229,13.646,13.646,13.11
2016-10-19,13.586,13.616,13.715,13.437
2016-10-20,13.556,13.626,13.665,13.407
2016-10-21,13.616,13.407,13.616,13.259
2016-10-24,13.417,13.536,13.586,13.417
2016-10-25,13.517,13.606,13.646,13.517
2016-10-26,13.626,13.477,13.655,13.378
2016-10-27,13.517,13.526,13.546,13.427
2016-10-28,13.526,13.328,13.616,13.328
2016-10-31,13.209,13.308,13.358,13.08
2016-11-01,13.219,13.447,13.487,13.219
2016-11-02,13.417,13.229,13.546,13.219
2016-11-03,13.139,13.427,13.546,13.11
2016-11-04,13.417,13.497,13.636,13.358
2016-11-07,13.477,13.596,13.646,13.447
2016-11-08,13.606,13.636,13.814,13.507
2016-11-09,13.606,13.397,13.646,13.199
2016-11-10,13.596,13.616,13.636,13.477
2016-11-11,13.576,13.735,13.745,13.576
2016-11-14,13.695,13.834,14.023,13.675
2016-11-15,13.874,14.062,14.092,13.665
2016-11-16,14.062,13.953,14.181,13.864
2016-11-17,13.983,13.814,14.092,13.725
2016-11-18,13.884,13.894,13.913,13.725
2016-11-21,13.854,14.122,14.201,13.814
2016-11-22,14.013,14.122,14.33,13.993
2016-11-23,14.142,14.092,14.291,14.013
2016-11-24,14.092,13.864,14.201,13.794
2016-11-25,13.824,13.993,14.033,13.507
2016-11-28,14.082,13.804,14.082,13.804
2016-11-29,13.804,13.596,13.894,13.596
2016-11-30,13.536,13.616,13.755,13.457
2016-12-01,13.596,13.725,13.784,13.497
2016-12-02,13.636,13.268,13.695,13.249
2016-12-05,13.199,13.278,13.358,13.09
2016-12-06,13.268,13.259,13.417,13.189
2016-12-07,13.368,13.328,13.368,13.169
2016-12-08,13.328,13.159,13.338,13.149
2016-12-09,13.159,13.1,13.268,13.07
2016-12-12,13.0,12.038,13.11,11.909
2016-12-13,11.909,12.058,12.127,11.839
2016-12-14,12.078,11.968,12.097,11.879
2016-12-15,11.909,12.117,12.226,11.909
2016-12-16,12.177,12.385,12.604,12.177
2016-12-19,12.435,12.276,12.435,12.187
2016-12-20,12.256,12.504,12.504,12.207
2016-12-21,12.455,12.673,12.673,12.445
2016-12-22,12.723,12.792,12.881,12.604
2016-12-23,12.752,12.703,12.961,12.584
2016-12-26,12.633,13.973,13.973,12.554
2016-12-27,13.933,13.814,13.963,13.576
2016-12-28,13.695,13.616,13.844,13.556
2016-12-29,13.616,13.487,13.655,13.268
2016-12-30,13.397,13.209,13.536,13.199
2017-01-03,13.278,13.259,13.407,13.199
2017-01-04,13.268,13.497,13.497,13.01
2017-01-05,13.427,13.189,13.556,13.159
2017-01-06,13.149,13.239,13.397,13.08
2017-01-09,13.199,13.338,13.427,13.139
2017-01-10,13.268,13.149,13.487,13.07
2017-01-11,13.209,13.179,13.298,13.05
2017-01-12,13.159,12.673,13.199,12.574
2017-01-13,12.524,12.167,12.653,12.107
2017-01-16,12.177,11.542,12.296,11.026
2017-01-17,11.522,11.839,11.869,11.333
2017-01-18,11.78,11.73,11.82,11.631
2017-01-19,11.571,11.73,11.869,11.522
2017-01-20,11.71,11.958,12.197,11.631
2017-01-23,11.958,12.097,12.256,11.909
2017-01-24,12.058,11.949,12.087,11.879
2017-01-25,12.286,12.137,12.405,12.107
2017-01-26,12.117,12.326,12.395,12.087
2017-02-03,12.326,12.336,12.455,12.236
2017-02-06,12.336,12.395,12.484,12.316
2017-02-07,12.425,12.326,12.494,12.216
2017-02-08,12.286,12.415,12.494,12.236
2017-02-09,12.405,12.514,12.653,12.385
2017-02-10,12.554,12.316,12.604,12.316
2017-02-13,12.316,12.355,12.484,12.236
2017-02-14,12.355,12.455,12.613,12.346
2017-02-15,12.405,12.147,12.584,12.097
2017-02-16,12.157,12.197,12.256,12.048
2017-02-17,12.167,12.226,12.296,12.127
2017-02-20,12.226,12.395,12.405,12.107
2017-02-21,12.355,12.514,12.574,12.316
2017-02-22,12.514,12.524,12.584,12.355
2017-02-23,12.514,12.494,12.534,12.336
2017-02-24,12.455,12.504,12.524,12.385
2017-02-27,12.534,12.445,12.653,12.425
2017-02-28,12.405,12.465,12.534,12.375
2017-03-01,12.484,12.604,12.862,12.425
2017-03-02,12.604,12.504,12.723,12.445
2017-03-03,12.484,12.484,12.554,12.405
2017-03-06,12.504,12.683,12.733,12.455
2017-03-07,12.653,12.961,12.991,12.604
2017-03-08,12.901,12.822,12.951,12.752
2017-03-09,12.802,12.802,13.03,12.703
2017-03-10,12.802,12.683,12.852,12.673
2017-03-13,12.653,12.871,12.951,12.455
2017-03-14,13.05,12.931,13.338,12.862
2017-03-15,12.782,13.0,13.249,12.713
2017-03-16,12.891,13.08,13.1,12.891
2017-03-17,13.11,12.802,13.149,12.742
2017-03-20,12.792,12.911,12.931,12.733
2017-03-21,12.891,12.812,12.891,12.742
2017-03-22,12.752,12.445,12.812,12.306
2017-03-23,12.415,12.891,12.991,12.395
2017-03-24,12.971,13.189,13.259,12.782
2017-03-27,13.229,13.219,13.358,13.05
2017-03-28,13.199,13.159,13.487,13.13
2017-03-29,13.179,13.13,13.407,12.941
2017-03-30,13.1,13.169,13.497,12.971
2017-03-31,13.159,13.288,13.308,12.792
2017-04-05,13.298,13.507,13.536,13.249
2017-04-06,13.497,12.842,13.794,12.762
2017-04-07,12.653,12.475,12.693,12.355
2017-04-10,12.415,13.259,13.378,12.207
2017-04-11,13.219,13.318,13.318,12.812
2017-04-12,13.199,13.249,13.437,13.02
2017-04-13,13.288,13.249,13.358,13.06
2017-04-14,13.358,13.139,13.546,13.07
2017-04-17,12.981,13.05,13.249,12.772
2017-04-18,13.0,12.812,13.189,12.752
2017-04-19,12.782,12.564,12.852,12.475
2017-04-20,12.604,13.209,13.348,12.564
2017-04-21,13.199,13.239,13.288,13.11
2017-04-24,13.169,12.723,13.318,11.919
2017-04-25,12.604,12.465,13.08,12.405
2017-04-26,12.355,12.723,12.832,12.326
2017-04-27,12.633,12.385,12.832,12.266
2017-04-28,12.256,12.097,12.286,11.909
2017-05-02,12.087,12.266,12.266,11.879
2017-05-03,12.316,12.137,12.355,12.107
2017-05-04,12.107,12.147,12.286,12.068
2017-05-05,12.266,11.988,12.266,11.909
2017-05-08,11.968,12.097,12.226,11.879
2017-05-09,12.058,12.266,12.316,12.038
2017-05-10,12.286,11.71,12.336,11.71
2017-05-11,11.522,11.71,11.81,11.413
2017-05-12,11.631,11.661,11.82,11.611
2017-05-15,12.157,12.286,12.574,11.71
2017-05-16,12.048,13.517,13.517,11.949
2017-05-17,13.229,13.923,13.993,13.12
2017-05-18,13.695,13.913,14.152,13.526
2017-05-19,13.904,13.775,13.993,13.665
2017-05-22,13.626,13.794,13.844,13.526
2017-05-23,13.765,13.685,13.913,13.199
2017-05-24,13.675,13.904,14.092,13.397
2017-05-25,13.973,14.191,14.241,13.675
2017-05-26,14.092,13.884,14.092,13.715
2017-05-31,13.993,14.211,14.241,13.804
2017-06-01,14.191,14.043,14.291,13.844
2017-06-02,14.191,13.993,14.191,13.556
2017-06-05,13.993,13.725,13.993,13.606
2017-06-06,13.894,14.033,14.132,13.814
2017-06-07,14.092,13.983,14.291,13.775
2017-06-08,14.172,13.08,14.172,12.733
2017-06-09,12.604,13.288,13.397,12.087
2017-06-12,13.0,12.981,13.12,12.802
2017-06-13,13.03,12.87,13.17,12.65
2017-06-14,12.89,12.87,13.1,12.8
2017-06-15,12.96,12.61,12.96,12.37
2017-06-16,12.52,12.45,12.55,12.36
2017-06-19,12.44,12.48,12.53,12.4
2017-06-20,12.5,12.55,12.66,12.48
2017-06-21,12.55,12.62,12.8,12.27
2017-06-22,12.53,12.12,12.59,12.12
2017-06-23,12.09,12.0,12.19,11.86
2017-06-26,12.0,12.19,12.22,11.95
2017-06-27,12.18,12.18,12.25,12.09
2017-06-28,12.18,12.2,12.35,12.1
2017-06-29,12.3,12.35,12.44,12.15
2017-06-30,12.25,12.16,12.3,12.1
2017-07-03,12.16,12.24,12.34,12.15
2017-07-04,12.34,12.28,12.37,12.22
2017-07-05,12.32,12.7,12.81,12.2
2017-07-06,12.73,12.56,12.85,12.48
2017-07-07,12.39,12.45,12.5,12.36
2017-07-10,12.41,12.27,12.57,12.26
2017-07-11,12.26,12.01,12.29,11.94
2017-07-12,12.0,11.92,12.09,11.68
2017-07-13,11.93,11.85,11.94,11.8
2017-07-14,11.86,11.93,11.94,11.75
2017-07-17,11.87,10.76,11.92,10.74
2017-07-18,10.74,10.73,10.89,10.56
2017-07-19,10.69,10.89,10.92,10.69
2017-07-20,10.9,10.92,11.02,10.82
2017-07-21,10.91,10.83,10.97,10.82
2017-07-24,10.9,10.93,10.94,10.71
2017-07-25,11.1,10.85,11.1,10.81
2017-07-26,10.97,10.69,10.97,10.65
2017-07-27,10.7,10.97,11.03,10.64
2017-07-28,10.92,10.93,11.09,10.92
2017-07-31,10.93,10.92,10.99,10.8
2017-08-01,10.96,11.04,11.06,10.92
2017-08-02,11.04,10.93,11.09,10.85
2017-08-03,10.99,10.98,11.06,10.87
2017-08-04,10.94,10.97,11.04,10.91
2017-08-07,11.03,10.94,11.06,10.93
2017-08-08,10.97,10.89,10.97,10.81
2017-08-09,10.89,10.79,10.89,10.75
2017-08-10,10.77,10.7,10.87,10.62
2017-08-11,10.66,10.62,10.76,10.58
2017-08-14,10.61,10.93,10.93,10.61
2017-08-15,10.93,10.9,11.0,10.86
2017-08-16,11.07,11.36,11.56,11.06
2017-08-17,11.21,11.46,11.69,11.2
2017-08-18,11.38,11.3,11.45,11.25
2017-08-21,11.25,11.27,11.46,11.21
2017-08-22,11.27,11.33,11.36,11.12
2017-08-23,11.42,11.5,11.67,11.33
2017-08-24,11.41,11.21,11.58,11.19
2017-08-25,11.16,11.24,11.32,11.14
2017-08-28,11.24,11.54,11.57,11.24
2017-08-29,11.54,11.45,11.62,11.42
2017-08-30,11.45,11.49,11.53,11.38
2017-08-31,11.5,11.45,11.6,11.4
2017-09-01,11.44,11.55,11.55,11.38
2017-09-04,11.66,11.73,11.88,11.56
2017-09-05,11.64,11.69,11.88,11.61
2017-09-06,11.67,11.94,11.95,11.58
2017-09-07,12.05,11.8,12.16,11.8
2017-09-08,11.86,11.99,12.0,11.82
2017-09-11,11.99,12.33,12.37,11.98
2017-09-12,12.38,12.15,12.39,12.12
2017-09-13,12.19,12.02,12.21,11.91
2017-09-14,12.05,11.86,12.09,11.79
2017-09-15,11.8,12.12,12.12,11.7
2017-09-18,12.15,12.27,12.34,12.15
2017-09-19,12.27,11.91,12.31,11.85
2017-09-20,11.78,12.04,12.04,11.78
2017-09-21,12.04,11.79,12.05,11.79
2017-09-22,11.79,11.83,12.0,11.7
2017-09-25,11.97,11.59,11.97,11.56
2017-09-26,11.6,11.59,11.77,11.5
2017-09-27,11.61,12.05,12.08,11.54
2017-09-28,11.9,12.04,12.2,11.85
2017-09-29,11.96,12.21,12.29,11.95
2017-10-09,12.38,12.49,12.55,12.16
2017-10-10,12.45,12.44,12.5,12.27
2017-10-11,12.7,12.2,13.0,12.2
2017-10-12,12.19,12.85,12.87,12.16
2017-10-13,12.69,12.95,13.1,12.61
2017-10-16,12.85,12.27,12.94,12.18
2017-10-17,12.17,12.16,12.36,12.1
2017-10-18,12.23,11.84,12.35,11.8
2017-10-19,11.85,11.87,12.07,11.58
2017-10-20,11.83,12.05,12.08,11.7
2017-10-23,12.09,12.24,12.28,12.02
2017-10-24,12.28,12.26,12.28,12.02
2017-10-25,12.24,12.39,12.43,12.15
2017-10-26,12.38,12.29,12.38,12.22
2017-10-27,12.3,12.22,12.36,12.11
2017-10-30,12.08,11.77,12.2,11.7
2017-10-31,11.78,11.9,11.99,11.74
2017-11-01,11.93,11.84,12.01,11.81
2017-11-02,11.81,11.61,11.91,11.56
2017-11-03,11.61,11.61,11.91,11.58
2017-11-06,11.64,11.47,11.69,11.39
2017-11-07,11.49,11.35,11.52,11.2
2017-11-08,11.35,11.39,11.49,11.3
2017-11-09,11.36,11.45,11.54,11.31
2017-11-10,11.44,11.53,11.62,11.32
2017-11-13,11.53,11.35,11.53,11.34
2017-11-14,11.38,11.36,11.47,11.3
2017-11-15,11.4,11.33,11.4,11.07
2017-11-16,11.35,11.16,11.35,11.13
2017-11-17,11.18,10.8,11.25,10.75
2017-11-20,10.74,10.98,10.98,10.4
2017-11-21,11.0,10.8,11.0,10.71
2017-11-22,10.8,10.84,10.92,10.7
2017-11-23,10.79,10.73,11.0,10.71
2017-11-24,10.71,10.7,10.76,10.49
2017-11-27,10.7,10.6,10.8,10.58
2017-11-28,10.59,10.73,10.74,10.58
2017-11-29,10.72,10.89,10.93,10.66
2017-11-30,10.9,10.76,10.95,10.68
2017-12-01,10.75,10.9,10.92,10.71
2017-12-04,10.94,10.7,10.94,10.7
2017-12-05,10.71,10.23,10.73,10.21
2017-12-06,10.33,10.34,10.36,10.05
2017-12-07,10.33,10.17,10.35,10.15
2017-12-08,10.19,10.26,10.33,10.18
2017-12-11,10.4,10.99,11.29,10.35
2017-12-12,10.81,10.7,10.92,10.63
2017-12-13,10.66,10.69,10.76,10.58
2017-12-14,10.69,10.75,10.75,10.58
2017-12-15,10.72,10.62,10.79,10.59
2017-12-18,10.54,10.62,10.72,10.51
2017-12-19,10.6,10.7,10.76,10.6
2017-12-20,10.7,10.54,10.76,10.5
2017-12-21,10.5,11.5,11.59,10.19
2017-12-22,11.23,11.38,11.69,11.17
2017-12-25,11.29,10.72,11.37,10.71
2017-12-26,10.67,10.62,10.69,10.43
2017-12-27,10.55,10.54,10.75,10.54
2017-12-28,10.49,10.49,10.64,10.47
2017-12-29,10.49,10.58,10.61,10.36
2018-01-02,10.59,10.68,10.71,10.59
2018-01-03,10.65,10.85,10.85,10.52
2018-01-04,10.85,10.79,10.85,10.68
2018-01-05,10.77,10.81,10.96,10.72
2018-01-08,11.12,10.86,11.28,10.84
2018-01-09,10.89,10.61,10.92,10.57
2018-01-10,10.59,10.57,10.67,10.45
2018-01-11,10.53,10.8,10.89,10.49
2018-01-12,10.72,10.62,10.82,10.6
2018-01-15,10.61,10.15,10.61,10.08
2018-01-16,10.2,10.22,10.33,10.15
2018-01-17,10.25,10.17,10.25,9.95
2018-01-18,10.05,10.14,10.17,10.05
2018-01-19,10.2,10.15,10.27,10.1
2018-01-22,10.1,10.26,10.32,10.05
2018-01-23,10.28,10.19,10.3,10.17
2018-01-24,10.19,10.26,10.29,10.07
2018-01-25,10.25,10.28,10.4,10.14
2018-01-26,10.27,10.19,10.32,10.18
2018-01-29,10.19,9.84,10.19,9.82
2018-01-30,9.81,9.93,10.0,9.8
2018-01-31,9.82,9.43,9.92,9.4
2018-02-01,9.43,8.89,9.56,8.86
2018-02-02,8.91,8.79,9.0,8.63
2018-02-05,8.71,8.54,8.74,8.5
2018-02-06,8.28,7.82,8.42,7.78
2018-02-07,7.95,7.98,8.1,7.79
2018-02-08,7.98,8.17,8.26,7.94
2018-02-09,8.0,7.85,8.12,7.79
2018-02-12,7.89,8.16,8.19,7.89
2018-02-13,8.25,8.06,8.25,8.03
2018-02-14,8.05,8.08,8.1,7.95
2018-02-22,8.12,8.26,8.3,8.12
2018-02-23,8.27,8.18,8.31,8.08
2018-02-26,8.23,8.42,8.45,8.15
2018-02-27,8.4,8.52,8.65,8.35
2018-02-28,8.47,8.74,8.86,8.38
2018-03-01,8.62,9.61,9.61,8.62
2018-03-02,10.57,10.57,10.57,10.57
2018-03-05,11.63,11.62,11.63,11.01
2018-03-06,11.09,10.83,11.15,10.65
2018-03-07,10.88,10.87,11.24,10.73
2018-03-08,10.58,11.18,11.63,10.5
2018-03-09,11.05,11.19,11.5,10.83
2018-03-12,10.98,11.56,11.8,10.98
2018-03-13,11.38,11.2,11.38,11.04
2018-03-14,11.08,10.96,11.49,10.91
2018-03-15,10.5,10.44,10.7,10.05
2018-03-16,10.54,10.42,10.68,10.32
2018-03-19,10.48,10.5,10.69,10.32
2018-03-20,10.42,10.41,10.46,10.21
2018-03-21,10.34,9.8,10.61,9.8
2018-03-22,9.93,9.98,10.24,9.83
2018-03-23,9.65,8.99,9.75,8.98
2018-03-26,8.91,9.39,9.44,8.81
2018-03-27,9.84,9.92,10.15,9.6
2018-03-28,9.93,9.87,10.25,9.76
2018-03-29,9.87,10.15,10.36,9.82
2018-03-30,10.12,10.37,10.4,10.08
2018-04-02,10.35,10.3,10.65,10.02
2018-04-03,10.07,10.0,10.15,9.87
2018-04-04,10.01,9.68,10.16,9.65
2018-04-09,9.68,10.65,10.65,9.66
2018-04-10,11.07,10.65,11.35,10.5
2018-04-11,10.54,10.69,10.94,10.32
2018-04-12,10.58,10.52,10.92,10.5
2018-04-13,10.46,10.59,10.79,10.46
2018-04-16,10.52,10.83,10.85,10.1
2018-04-17,10.74,10.32,10.83,10.22
2018-04-18,10.31,10.66,10.77,10.01
2018-04-19,10.68,10.8,10.96,10.45
2018-04-20,10.75,10.31,10.76,10.27
2018-04-23,10.32,10.11,10.53,9.9
2018-04-24,10.07,10.37,10.38,9.98
2018-04-25,10.25,10.45,10.54,10.17
2018-04-26,10.42,10.03,10.42,10.0
2018-04-27,10.15,10.16,10.18,9.89
2018-05-02,10.15,9.83,10.24,9.66
2018-05-03,9.8,9.89,9.97,9.31
2018-05-04,9.87,9.58,9.9,9.55
2018-05-07,9.51,9.77,9.85,9.48
2018-05-08,9.86,9.78,9.87,9.67
2018-05-09,9.78,9.75,9.84,9.65
2018-05-10,9.75,9.57,9.81,9.42
2018-05-11,9.58,9.37,9.61,9.37
2018-05-14,9.37,9.1,9.47,9.05
2018-05-15,9.1,9.31,9.31,9.1
2018-05-16,9.29,9.14,9.33,9.13
2018-05-17,9.14,9.42,9.66,9.14
2018-05-18,9.3,9.38,9.41,9.25
2018-05-21,9.41,9.49,9.59,9.4
2018-05-22,9.51,9.54,9.55,9.39
2018-05-23,9.55,9.42,9.56,9.4
2018-05-24,9.42,9.24,9.45,9.22
2018-05-25,9.19,9.2,9.3,9.1
