date,open,close,high,low
2016-01-04,5.394,4.903,5.453,4.903
2016-01-05,4.65,4.72,4.923,4.472
2016-01-06,4.759,4.863,4.878,4.685
2016-01-07,4.759,4.383,4.759,4.378
2016-01-08,4.521,4.511,4.606,4.219
2016-01-11,4.502,4.145,4.566,4.125
2016-01-12,4.169,4.199,4.273,4.1
2016-01-13,4.244,4.036,4.264,4.021
2016-01-14,3.822,4.244,4.402,3.822
2016-01-15,4.189,4.016,4.249,3.966
2016-01-18,3.941,4.135,4.189,3.842
2016-01-19,4.105,4.244,4.288,4.105
2016-01-20,4.214,4.11,4.273,4.065
2016-01-21,4.045,3.996,4.214,3.996
2016-01-22,4.065,4.15,4.155,4.006
2016-01-25,4.189,4.214,4.254,4.15
2016-01-26,4.174,3.872,4.174,3.817
2016-01-27,3.902,3.882,3.931,3.728
2016-01-28,3.798,3.609,3.892,3.56
2016-01-29,3.614,3.778,3.842,3.584
2016-02-01,3.778,3.763,3.877,3.669
2016-02-02,3.758,3.877,3.897,3.758
2016-02-03,3.907,3.926,3.966,3.832
2016-02-04,3.966,3.966,4.001,3.922
2016-02-05,3.966,3.877,3.996,3.867
2016-02-15,3.718,3.827,3.867,3.703
2016-02-16,3.877,4.011,4.036,3.857
2016-02-17,3.996,4.085,4.1,3.971
2016-02-18,4.105,4.08,4.15,4.075
2016-02-19,4.065,4.14,4.199,4.05
2016-02-22,4.169,4.204,4.234,4.145
2016-02-23,4.219,4.224,4.288,4.145
2016-02-24,4.189,4.179,4.229,4.016
2016-02-25,4.159,3.763,4.159,3.763
2016-02-26,3.867,3.812,3.867,3.718
2016-02-29,3.817,3.589,3.827,3.495
2016-03-01,3.604,3.693,3.703,3.56
2016-03-02,3.743,3.867,3.887,3.708
2016-03-03,3.867,3.842,3.956,3.832
2016-03-04,3.832,3.698,3.877,3.674
2016-03-07,3.723,3.798,3.832,3.723
2016-03-08,3.773,3.803,3.807,3.599
2016-03-09,3.718,3.684,3.758,3.669
2016-03-10,3.698,3.679,3.758,3.669
2016-03-11,3.644,3.743,3.793,3.634
2016-03-14,3.773,3.857,3.907,3.758
2016-03-15,3.832,3.867,3.887,3.793
2016-03-16,3.852,3.931,3.991,3.807
2016-03-17,3.931,4.09,4.155,3.897
2016-03-18,4.07,4.184,4.249,4.04
2016-03-21,4.184,4.273,4.348,4.174
2016-03-22,4.283,4.278,4.412,4.209
2016-03-23,4.288,4.313,4.363,4.219
2016-03-24,4.283,4.373,4.591,4.189
2016-03-25,4.353,4.378,4.516,4.273
2016-03-28,4.412,4.338,4.511,4.328
2016-03-29,4.333,4.318,4.363,4.204
2016-03-30,4.333,4.412,4.462,4.333
2016-03-31,4.521,4.397,4.546,4.397
2016-04-01,4.388,4.318,4.407,4.239
2016-04-05,4.318,4.749,4.749,4.283
2016-04-06,4.725,4.66,4.744,4.606
2016-04-07,4.65,4.635,4.804,4.63
2016-04-08,4.586,4.526,4.66,4.472
2016-04-11,4.492,4.492,4.586,4.388
2016-04-12,4.447,4.447,4.447,4.353
2016-04-13,4.452,4.457,4.541,4.447
2016-04-14,4.492,4.502,4.516,4.447
2016-04-15,4.502,4.536,4.556,4.457
2016-04-18,4.516,4.477,4.526,4.422
2016-04-19,4.492,4.521,4.536,4.462
2016-04-20,4.502,4.249,4.531,4.115
2016-04-21,4.288,4.159,4.288,4.14
2016-04-22,4.164,4.254,4.264,4.15
2016-04-25,4.189,4.164,4.189,4.07
2016-04-26,4.164,4.214,4.219,4.145
2016-04-27,4.214,4.244,4.269,4.199
2016-04-28,4.318,4.358,4.452,4.303
2016-04-29,4.264,4.298,4.338,4.254
2016-05-03,4.303,4.412,4.452,4.293
2016-05-04,4.412,4.442,4.487,4.392
2016-05-05,4.437,4.452,4.472,4.383
2016-05-06,4.467,4.194,4.467,4.194
2016-05-09,4.179,4.045,4.194,4.016
2016-05-10,4.055,4.036,4.095,4.001
2016-05-11,4.06,4.026,4.09,4.021
2016-05-12,3.966,3.991,4.04,3.897
2016-05-13,3.976,3.941,4.021,3.917
2016-05-16,3.897,4.011,4.016,3.897
2016-05-17,4.016,4.011,4.04,3.951
2016-05-18,4.006,3.872,4.006,3.817
2016-05-19,3.882,3.847,3.931,3.847
2016-05-20,3.817,3.981,3.981,3.778
2016-05-23,3.966,4.011,4.031,3.956
2016-05-24,4.031,3.956,4.031,3.892
2016-05-25,3.991,3.966,4.021,3.941
2016-05-26,3.986,3.971,3.991,3.867
2016-05-27,3.971,3.976,4.016,3.926
2016-05-30,3.976,4.045,4.125,3.966
2016-05-31,4.011,4.204,4.209,4.011
2016-06-01,4.204,4.239,4.264,4.179
2016-06-02,4.219,4.234,4.259,4.194
2016-06-03,4.244,4.234,4.259,4.199
2016-06-06,4.249,4.288,4.338,4.234
2016-06-07,4.328,4.288,4.333,4.269
2016-06-08,4.283,4.343,4.368,4.234
2016-06-13,4.264,4.08,4.293,4.07
2016-06-14,4.016,4.08,4.095,4.016
2016-06-15,4.016,4.224,4.254,3.986
2016-06-16,4.214,4.278,4.407,4.204
2016-06-17,4.293,4.303,4.388,4.278
2016-06-20,4.318,4.397,4.407,4.269
2016-06-21,4.427,4.333,4.472,4.313
2016-06-22,4.343,4.432,4.437,4.293
2016-06-23,4.417,4.378,4.462,4.343
2016-06-24,4.368,4.402,4.472,4.159
2016-06-27,4.353,4.536,4.546,4.313
2016-06-28,4.497,4.581,4.675,4.487
2016-06-29,4.596,4.596,4.7,4.526
2016-06-30,4.66,5.057,5.057,4.591
2016-07-01,4.958,4.873,4.997,4.868
2016-07-04,4.913,4.908,4.982,4.834
2016-07-05,4.868,4.888,4.918,4.809
2016-07-06,4.858,4.839,4.883,4.809
2016-07-07,4.814,4.903,4.933,4.799
2016-07-08,4.908,4.834,4.908,4.809
2016-07-11,4.854,4.878,5.017,4.854
2016-07-12,4.888,4.893,4.903,4.749
2016-07-13,4.928,4.888,4.953,4.799
2016-07-14,4.883,4.888,4.898,4.804
2016-07-15,4.839,4.858,4.888,4.834
2016-07-18,4.834,4.749,4.854,4.74
2016-07-19,4.759,4.893,4.898,4.749
2016-07-20,4.893,4.878,4.953,4.829
2016-07-21,4.878,5.007,5.032,4.844
2016-07-22,5.508,5.508,5.508,5.508
2016-07-25,5.568,5.797,6.026,5.418
2016-07-26,5.652,5.782,5.827,5.588
2016-07-27,5.782,5.373,5.862,5.219
2016-07-28,5.284,5.662,5.737,5.234
2016-07-29,5.588,5.319,5.632,5.319
2016-08-01,5.219,5.05,5.219,4.93
2016-08-02,5.129,5.055,5.149,4.965
2016-08-03,5.02,5.03,5.09,4.905
2016-08-04,5.01,5.07,5.119,4.945
2016-08-05,5.04,4.875,5.055,4.87
2016-08-08,4.87,4.92,4.92,4.736
2016-08-09,4.92,5.045,5.1,4.885
2016-08-10,5.035,4.95,5.07,4.945
2016-08-11,4.955,4.831,4.955,4.831
2016-08-12,4.806,4.91,4.915,4.791
2016-08-15,4.905,5.05,5.119,4.89
2016-08-16,5.04,5.055,5.085,5.005
2016-08-17,5.065,5.065,5.095,5.005
2016-08-18,5.075,5.02,5.075,4.99
2016-08-19,5.0,5.015,5.02,4.965
2016-08-22,5.015,4.905,5.02,4.905
2016-08-23,4.925,4.935,4.955,4.875
2016-08-24,4.94,5.01,5.07,4.935
2016-08-25,4.955,4.89,4.955,4.821
2016-08-26,4.92,4.925,4.975,4.885
2016-08-29,4.905,4.87,4.915,4.861
2016-08-30,4.88,4.87,4.91,4.861
2016-08-31,4.88,4.791,4.89,4.776
2016-09-01,4.781,4.756,4.831,4.756
2016-09-02,4.761,4.681,4.786,4.651
2016-09-05,4.701,4.756,4.801,4.701
2016-09-06,4.756,4.856,4.856,4.671
2016-09-07,4.89,5.005,5.154,4.861
2016-09-08,4.98,4.985,5.02,4.925
2016-09-09,5.0,4.92,5.105,4.91
2016-09-12,4.796,4.711,4.801,4.706
2016-09-13,4.756,4.766,4.771,4.691
2016-09-14,4.731,4.731,4.751,4.681
2016-09-19,4.746,4.791,4.796,4.741
2016-09-20,4.796,4.791,4.816,4.756
2016-09-21,4.791,4.756,4.791,4.741
2016-09-22,4.771,4.781,4.816,4.766
2016-09-23,4.821,4.87,4.885,4.766
2016-09-26,4.861,4.791,4.9,4.781
2016-09-27,4.766,4.821,4.821,4.731
2016-09-28,4.826,4.856,4.88,4.781
2016-09-29,4.841,4.875,4.905,4.836
2016-09-30,4.87,4.945,4.96,4.866
2016-10-10,4.97,4.99,5.005,4.92
2016-10-11,4.99,5.01,5.04,4.945
2016-10-12,4.98,4.995,5.01,4.96
2016-10-13,4.995,4.95,5.015,4.94
2016-10-14,4.95,4.94,4.955,4.87
2016-10-17,4.94,4.875,4.965,4.87
2016-10-18,4.866,4.98,4.99,4.856
2016-10-19,4.99,5.015,5.06,4.965
2016-10-20,5.005,5.02,5.025,4.98
2016-10-21,5.015,4.995,5.065,4.925
2016-10-24,5.02,5.015,5.04,4.98
2016-10-25,5.025,5.015,5.055,5.0
2016-10-26,5.01,4.975,5.01,4.94
2016-10-27,4.98,4.965,4.995,4.95
2016-10-28,4.96,4.93,4.985,4.93
2016-10-31,4.925,4.856,4.925,4.826
2016-11-01,4.856,4.9,4.905,4.831
2016-11-02,4.89,4.836,4.905,4.831
2016-11-03,4.826,4.856,4.9,4.806
2016-11-04,4.846,4.88,4.9,4.836
2016-11-07,4.866,4.9,4.9,4.846
2016-11-08,4.96,5.0,5.124,4.96
2016-11-09,4.96,4.895,4.99,4.836
2016-11-10,4.935,5.0,5.015,4.935
2016-11-11,4.995,5.01,5.045,4.975
2016-11-14,5.015,5.04,5.075,4.985
2016-11-15,5.07,5.045,5.07,4.99
2016-11-16,5.04,5.03,5.065,5.025
2016-11-17,5.02,5.05,5.055,4.97
2016-11-18,5.05,4.99,5.06,4.98
2016-11-21,4.99,5.005,5.02,4.955
2016-11-22,5.015,5.05,5.05,4.98
2016-11-23,5.05,4.99,5.065,4.975
2016-11-24,4.98,4.955,5.015,4.94
2016-11-25,4.95,4.95,4.955,4.866
2016-11-28,4.965,4.945,4.97,4.935
2016-11-29,4.94,4.856,4.945,4.851
2016-11-30,4.856,4.796,4.875,4.761
2016-12-01,4.801,4.811,4.816,4.776
2016-12-02,4.816,4.691,4.816,4.691
2016-12-05,4.636,4.691,4.721,4.631
2016-12-06,4.711,4.691,4.721,4.661
2016-12-07,4.686,4.746,4.751,4.641
2016-12-08,4.746,4.701,4.756,4.696
2016-12-09,4.686,4.686,4.731,4.676
2016-12-12,4.711,4.377,4.726,4.353
2016-12-13,4.372,4.372,4.407,4.323
2016-12-14,4.377,4.298,4.382,4.288
2016-12-15,4.273,4.358,4.402,4.273
2016-12-16,4.392,4.452,4.482,4.353
2016-12-19,4.457,4.477,4.527,4.457
2016-12-20,4.482,4.447,4.482,4.427
2016-12-21,4.457,4.472,4.512,4.457
2016-12-22,4.482,4.447,4.492,4.432
2016-12-23,4.457,4.442,4.462,4.417
2016-12-26,4.457,4.502,4.507,4.407
2016-12-27,4.527,4.482,4.527,4.467
2016-12-28,4.477,4.467,4.497,4.412
2016-12-29,4.457,4.447,4.492,4.442
2016-12-30,4.462,4.477,4.482,4.447
2017-01-03,4.492,4.587,4.602,4.477
2017-01-04,4.557,4.602,4.646,4.557
2017-01-05,4.626,4.587,4.641,4.587
2017-01-06,4.572,4.582,4.607,4.572
2017-01-09,4.587,4.612,4.626,4.572
2017-01-10,4.612,4.557,4.612,4.552
2017-01-11,4.557,4.547,4.577,4.537
2017-01-12,4.557,4.507,4.592,4.507
2017-01-13,4.512,4.397,4.522,4.392
2017-01-16,4.407,4.158,4.417,4.004
2017-01-17,4.173,4.233,4.238,4.119
2017-01-18,4.208,4.208,4.243,4.193
2017-01-19,4.213,4.188,4.228,4.138
2017-01-20,4.188,4.263,4.288,4.178
2017-01-23,4.268,4.382,4.392,4.268
2017-01-24,4.372,4.372,4.407,4.343
2017-01-25,4.358,4.387,4.422,4.353
2017-01-26,4.407,4.442,4.482,4.387
2017-02-03,4.407,4.447,4.482,4.392
2017-02-06,4.442,4.472,4.492,4.412
2017-02-07,4.467,4.462,4.482,4.417
2017-02-08,4.462,4.467,4.472,4.402
2017-02-09,4.457,4.487,4.492,4.442
2017-02-10,4.487,4.487,4.512,4.467
2017-02-13,4.477,4.507,4.527,4.447
2017-02-14,4.507,4.462,4.542,4.447
2017-02-15,4.472,4.422,4.492,4.422
2017-02-16,4.417,4.492,4.507,4.417
2017-02-17,4.497,4.462,4.512,4.432
2017-02-20,4.472,4.552,4.552,4.452
2017-02-21,4.552,4.552,4.577,4.522
2017-02-22,4.552,4.562,4.582,4.522
2017-02-23,4.572,4.562,4.572,4.507
2017-02-24,4.567,4.562,4.577,4.527
2017-02-27,4.562,4.522,4.562,4.512
2017-02-28,4.552,4.582,4.612,4.532
2017-03-01,4.582,4.592,4.636,4.552
2017-03-02,4.597,4.532,4.617,4.522
2017-03-03,4.547,4.577,4.582,4.517
2017-03-06,4.562,4.626,4.626,4.557
2017-03-07,4.617,4.621,4.646,4.587
2017-03-08,4.621,4.636,4.666,4.557
2017-03-09,4.656,4.661,4.821,4.641
2017-03-10,4.641,4.671,4.676,4.557
2017-03-13,4.651,4.666,4.671,4.597
2017-03-14,4.666,4.756,4.806,4.617
2017-03-15,4.746,4.721,4.766,4.686
2017-03-16,4.726,4.751,4.761,4.696
2017-03-17,4.756,4.676,4.771,4.666
2017-03-20,4.686,4.656,4.706,4.617
2017-03-21,5.119,5.124,5.124,5.06
2017-03-22,5.229,5.124,5.229,5.085
2017-03-23,5.065,5.169,5.359,5.055
2017-03-24,5.154,5.05,5.154,5.015
2017-03-27,5.06,5.045,5.105,4.995
2017-03-28,5.03,5.05,5.07,5.015
2017-03-29,5.035,4.91,5.055,4.895
2017-03-30,4.9,4.826,4.9,4.811
2017-03-31,4.841,4.94,4.95,4.806
2017-04-05,4.935,4.99,5.03,4.9
2017-04-06,4.98,4.97,4.99,4.945
2017-04-07,4.965,4.97,5.02,4.95
2017-04-10,4.945,4.821,4.945,4.801
2017-04-11,4.826,4.826,4.851,4.716
2017-04-12,4.826,4.851,4.895,4.796
2017-04-13,4.866,4.841,4.895,4.831
2017-04-14,4.831,4.771,4.841,4.741
2017-04-17,4.771,4.786,4.791,4.711
2017-04-18,4.731,4.751,4.821,4.731
2017-04-19,4.741,4.766,4.776,4.681
2017-04-20,4.776,4.806,4.811,4.736
2017-04-21,4.801,4.856,4.895,4.781
2017-04-24,4.846,4.527,4.846,4.517
2017-04-25,4.532,4.517,4.612,4.492
2017-04-26,4.537,4.512,4.572,4.492
2017-04-27,4.522,4.512,4.527,4.358
2017-04-28,4.507,4.557,4.567,4.457
2017-05-02,4.547,4.512,4.557,4.477
2017-05-03,4.502,4.462,4.512,4.437
2017-05-04,4.462,4.497,4.527,4.432
2017-05-05,4.487,4.462,4.502,4.442
2017-05-08,4.462,4.412,4.492,4.412
2017-05-09,4.402,4.397,4.412,4.323
2017-05-10,4.392,4.392,4.462,4.392
2017-05-11,4.358,4.338,4.387,4.258
2017-05-12,4.338,4.462,4.462,4.293
2017-05-15,4.407,4.432,4.457,4.402
2017-05-16,4.432,4.537,4.542,4.407
2017-05-17,4.552,4.542,4.602,4.517
2017-05-18,4.507,4.537,4.587,4.482
2017-05-19,4.532,4.527,4.557,4.507
2017-05-22,4.502,4.412,4.547,4.387
2017-05-23,4.427,4.293,4.442,4.273
2017-05-24,4.283,4.338,4.343,4.213
2017-05-25,4.333,4.387,4.397,4.283
2017-05-26,4.407,4.407,4.422,4.392
2017-05-31,4.706,4.517,4.831,4.517
2017-06-01,4.502,4.756,4.97,4.472
2017-06-02,4.636,5.06,5.214,4.636
2017-06-05,4.97,4.98,5.06,4.89
2017-06-06,4.91,4.88,4.96,4.781
2017-06-07,4.856,5.055,5.169,4.831
2017-06-08,5.035,4.995,5.129,4.93
2017-06-09,4.945,4.955,4.98,4.87
2017-06-12,4.93,4.846,4.955,4.821
2017-06-13,4.831,4.985,5.025,4.796
2017-06-14,4.98,4.88,4.98,4.875
2017-06-15,4.875,4.97,5.05,4.856
2017-06-16,4.975,5.005,5.035,4.93
2017-06-19,4.985,4.995,5.035,4.935
2017-06-20,5.0,4.925,5.01,4.905
2017-06-21,4.905,4.88,4.94,4.821
2017-06-22,4.866,4.781,4.895,4.761
2017-06-23,4.756,4.746,4.811,4.651
2017-06-26,4.756,4.846,4.846,4.741
2017-06-27,4.851,4.861,4.885,4.806
2017-06-28,4.841,4.9,4.91,4.816
2017-06-29,4.98,4.94,5.045,4.93
2017-06-30,4.88,4.851,4.915,4.831
2017-07-03,4.87,4.945,4.965,4.866
2017-07-04,4.935,4.94,4.94,4.87
2017-07-05,4.925,4.94,5.015,4.91
2017-07-06,4.9,4.79,4.95,4.76
2017-07-07,4.79,4.77,4.84,4.73
2017-07-10,4.74,4.76,4.81,4.74
2017-07-11,4.75,4.6,4.79,4.6
2017-07-12,4.6,4.52,4.62,4.42
2017-07-13,4.51,4.49,4.52,4.45
2017-07-14,4.49,4.55,4.59,4.47
2017-07-17,4.54,4.17,4.54,4.1
2017-07-18,4.18,4.2,4.22,4.06
2017-07-19,4.21,4.29,4.3,4.18
2017-07-20,4.28,4.27,4.33,4.26
2017-07-21,4.29,4.23,4.29,4.22
2017-07-24,4.23,4.26,4.29,4.19
2017-07-25,4.27,4.23,4.3,4.19
2017-07-26,4.24,4.49,4.65,4.18
2017-07-27,4.36,4.46,4.51,4.35
2017-07-28,4.42,4.45,4.5,4.4
2017-07-31,4.45,4.61,4.63,4.43
2017-08-01,4.58,4.56,4.62,4.52
2017-08-02,4.57,4.62,4.62,4.5
2017-08-03,4.55,4.66,4.8,4.51
2017-08-04,4.61,4.56,4.65,4.55
2017-08-07,4.56,4.58,4.63,4.53
2017-08-08,4.61,4.67,4.71,4.57
2017-08-09,4.72,4.68,4.76,4.66
2017-08-10,4.65,4.55,4.66,4.52
2017-08-11,4.52,4.48,4.56,4.46
2017-08-14,4.51,4.58,4.62,4.49
2017-08-15,4.6,4.59,4.62,4.55
2017-08-16,4.61,4.66,4.7,4.6
2017-08-17,4.64,4.67,4.68,4.57
2017-08-18,4.65,4.72,4.75,4.6
2017-08-21,4.72,4.74,4.75,4.67
2017-08-22,4.74,4.67,4.75,4.64
2017-08-23,4.69,4.63,4.69,4.61
2017-08-24,4.64,4.57,4.69,4.55
2017-08-25,4.57,4.61,4.62,4.55
2017-08-28,4.61,4.72,4.72,4.59
2017-08-29,4.71,4.68,4.74,4.66
2017-08-30,4.68,4.69,4.71,4.66
2017-08-31,4.67,4.67,4.71,4.64
2017-09-01,4.69,4.69,4.7,4.66
2017-09-04,4.69,4.69,4.7,4.65
2017-09-05,4.7,4.8,4.88,4.68
2017-09-06,4.78,4.82,4.83,4.75
2017-09-07,4.81,4.74,4.82,4.73
2017-09-08,4.72,4.73,4.77,4.7
2017-09-11,4.75,4.96,4.97,4.72
2017-09-12,4.93,4.89,5.07,4.87
2017-09-13,4.9,5.12,5.19,4.82
2017-09-14,5.19,5.18,5.45,5.15
2017-09-15,5.15,5.09,5.19,5.06
2017-09-18,5.07,5.08,5.14,5.0
2017-09-19,5.06,5.13,5.25,5.04
2017-09-20,5.12,5.15,5.21,5.09
2017-09-21,5.13,5.3,5.44,5.05
2017-09-22,5.35,5.24,5.37,5.19
2017-09-25,5.2,5.04,5.24,5.01
2017-09-26,5.01,5.03,5.07,5.0
2017-09-27,5.02,5.06,5.07,5.0
2017-09-28,5.06,4.96,5.06,4.95
2017-09-29,5.0,5.02,5.08,4.99
2017-10-09,5.07,5.07,5.1,5.02
2017-10-10,5.06,5.09,5.09,5.03
2017-10-11,5.18,5.19,5.33,5.16
2017-10-12,5.13,5.22,5.22,5.09
2017-10-13,5.2,5.19,5.23,5.13
2017-10-16,5.18,4.99,5.19,4.99
2017-10-17,4.96,4.95,4.99,4.91
2017-10-18,4.95,4.86,4.97,4.85
2017-10-19,4.84,4.78,4.86,4.77
2017-10-20,4.77,4.85,4.86,4.76
2017-10-23,4.85,4.84,4.86,4.8
2017-10-24,4.83,4.75,4.83,4.68
2017-10-25,4.73,4.77,4.79,4.71
2017-10-26,4.78,4.83,4.86,4.73
2017-10-27,4.85,4.77,4.85,4.75
2017-10-30,4.78,4.58,4.78,4.54
2017-10-31,4.58,4.63,4.63,4.57
2017-11-01,4.65,4.62,4.66,4.6
2017-11-02,4.62,4.52,4.63,4.48
2017-11-03,4.54,4.42,4.55,4.41
2017-11-06,4.42,4.52,4.54,4.41
2017-11-07,4.54,4.54,4.57,4.48
2017-11-08,4.55,4.58,4.62,4.53
2017-11-09,4.6,4.62,4.67,4.57
2017-11-10,4.6,4.74,4.79,4.57
2017-11-13,4.71,4.89,5.0,4.7
2017-11-14,4.89,4.79,4.95,4.77
2017-11-15,4.8,4.91,5.08,4.75
2017-11-16,4.9,4.92,4.98,4.85
2017-11-17,4.9,4.65,4.91,4.61
2017-11-20,4.58,4.81,4.82,4.42
2017-11-21,4.77,4.89,4.93,4.75
2017-11-22,4.89,4.94,4.97,4.83
2017-11-23,4.9,4.75,4.94,4.75
2017-11-24,4.77,5.03,5.05,4.7
2017-11-27,4.98,4.92,5.08,4.89
2017-11-28,4.92,5.15,5.15,4.88
2017-11-29,5.1,5.14,5.16,5.01
2017-11-30,5.09,5.0,5.13,4.97
2017-12-01,4.98,5.18,5.22,4.96
2017-12-04,5.16,5.19,5.21,5.11
2017-12-05,5.19,4.98,5.19,4.92
2017-12-06,4.96,5.27,5.28,4.94
2017-12-07,5.26,5.21,5.27,5.17
2017-12-08,5.21,5.18,5.23,5.13
2017-12-11,5.19,5.21,5.26,5.13
2017-12-12,5.21,5.1,5.35,5.08
2017-12-13,5.05,5.1,5.11,5.01
2017-12-14,5.1,5.28,5.31,5.07
2017-12-15,5.26,5.3,5.35,5.21
2017-12-18,5.28,5.2,5.28,5.1
2017-12-19,5.18,5.21,5.23,5.12
2017-12-20,5.18,5.01,5.18,5.0
2017-12-21,4.98,5.03,5.11,4.91
2017-12-22,5.02,5.22,5.26,5.01
2017-12-25,5.21,5.25,5.27,5.16
2017-12-26,5.25,5.2,5.26,5.04
2017-12-27,5.19,5.34,5.47,5.15
2017-12-28,5.3,5.3,5.36,5.27
2017-12-29,5.3,5.25,5.3,5.13
2018-01-02,5.25,5.41,5.43,5.16
2018-01-03,5.38,5.5,5.61,5.36
2018-01-04,5.51,5.53,5.55,5.42
2018-01-05,5.51,5.41,5.52,5.38
2018-01-08,5.39,5.63,5.63,5.36
2018-01-09,5.61,5.53,5.62,5.51
2018-01-10,5.51,5.46,5.51,5.32
2018-01-11,5.42,5.44,5.5,5.38
2018-01-12,5.41,5.22,5.43,5.22
2018-01-15,5.2,5.0,5.21,4.97
2018-01-16,4.95,5.04,5.1,4.95
2018-01-17,5.05,5.0,5.05,4.81
2018-01-18,4.96,4.95,5.03,4.93
2018-01-19,4.98,4.96,5.04,4.95
2018-01-22,4.93,4.94,4.98,4.83
2018-01-23,4.93,4.84,4.96,4.83
2018-01-24,4.83,4.89,4.91,4.77
2018-01-25,4.88,4.87,4.96,4.84
2018-01-26,4.84,4.89,4.91,4.83
2018-01-29,4.87,4.84,4.93,4.8
2018-01-30,4.81,4.68,4.84,4.67
2018-01-31,4.7,4.56,4.72,4.54
2018-02-01,4.58,4.34,4.6,4.27
2018-02-02,4.3,4.36,4.38,4.18
2018-02-05,4.34,4.2,4.35,4.18
2018-02-06,4.1,3.87,4.15,3.87
2018-02-07,3.97,3.93,3.98,3.78
2018-02-08,3.88,4.02,4.08,3.88
2018-02-09,3.89,3.92,3.99,3.85
2018-02-12,3.96,4.04,4.06,3.96
2018-02-13,4.07,4.01,4.07,4.0
2018-02-14,4.02,4.0,4.04,3.96
2018-02-22,4.05,4.07,4.09,4.0
2018-02-23,4.07,4.06,4.09,4.04
2018-02-26,4.06,4.15,4.17,4.03
2018-02-27,4.17,4.18,4.22,4.13
2018-02-28,4.18,4.16,4.19,4.12
2018-03-01,4.13,4.23,4.27,4.1
2018-03-02,4.2,4.17,4.22,4.16
2018-03-05,4.16,4.19,4.21,4.15
2018-03-06,4.2,4.24,4.25,4.19
2018-03-07,4.24,4.17,4.26,4.15
2018-03-08,4.17,4.19,4.2,4.15
2018-03-09,4.19,4.25,4.26,4.17
2018-03-12,4.28,4.34,4.34,4.25
2018-03-13,4.35,4.31,4.35,4.27
2018-03-14,4.3,4.24,4.3,4.22
2018-03-15,4.24,4.2,4.24,4.16
2018-03-16,4.2,4.19,4.23,4.18
2018-03-19,4.21,4.22,4.24,4.16
2018-03-20,4.2,4.16,4.2,4.06
2018-03-21,4.16,4.15,4.24,4.14
2018-03-22,4.14,4.09,4.18,4.09
2018-03-23,3.99,3.76,3.99,3.74
2018-03-26,3.69,3.83,3.83,3.63
2018-03-27,3.85,3.91,3.94,3.85
2018-03-28,3.87,3.95,3.96,3.81
2018-03-29,3.96,3.95,3.97,3.92
2018-03-30,3.95,3.99,4.0,3.93
2018-04-02,3.99,4.03,4.06,3.98
2018-04-03,4.0,3.95,4.0,3.92
2018-04-04,3.97,3.88,3.98,3.87
2018-04-09,3.85,4.08,4.27,3.81
2018-04-10,3.98,4.07,4.15,3.95
2018-04-11,4.06,4.04,4.12,4.04
2018-04-12,4.02,3.97,4.07,3.97
2018-04-13,3.99,3.99,4.03,3.98
2018-04-16,3.99,3.91,4.01,3.88
2018-04-17,3.92,3.82,3.94,3.81
2018-04-18,3.85,3.9,3.91,3.71
2018-04-19,3.9,4.01,4.08,3.85
2018-04-20,3.94,4.02,4.08,3.94
2018-04-23,4.0,4.06,4.12,3.99
2018-04-24,4.04,4.09,4.13,4.02
2018-04-25,4.02,3.97,4.04,3.96
2018-04-26,3.97,3.86,3.98,3.86
2018-04-27,3.86,3.8,3.9,3.78
2018-05-02,3.81,3.74,3.83,3.71
2018-05-03,3.74,3.79,3.79,3.71
2018-05-04,3.79,3.75,3.79,3.75
2018-05-07,3.76,3.79,3.82,3.73
2018-05-08,3.79,3.8,3.81,3.77
2018-05-09,3.8,3.77,3.8,3.75
2018-05-10,3.77,3.76,3.78,3.73
2018-05-11,3.76,3.7,3.78,3.7
2018-05-14,3.69,3.67,3.72,3.67
2018-05-15,3.67,3.71,3.71,3.67
2018-05-16,3.69,3.68,3.71,3.67
2018-05-17,3.67,3.64,3.68,3.63
2018-05-18,3.64,3.69,3.7,3.63
2018-05-21,3.7,3.72,3.75,3.7
2018-05-22,3.72,3.71,3.74,3.69
2018-05-23,3.71,3.67,3.73,3.67
2018-05-24,3.67,3.63,3.67,3.63
2018-05-25,3.64,3.54,3.65,3.53
