date,open,close,high,low
2016-01-04,7.536,6.851,7.575,6.851
2016-01-05,6.395,6.782,6.921,6.395
2016-01-06,6.742,6.941,6.951,6.742
2016-01-07,6.822,6.346,6.822,6.306
2016-01-08,6.544,6.504,6.574,6.157
2016-01-11,6.346,6.177,6.613,6.147
2016-01-12,6.187,6.227,6.356,6.177
2016-01-13,6.266,5.989,6.346,5.969
2016-01-14,5.85,6.147,6.177,5.761
2016-01-15,6.078,5.9,6.187,5.761
2016-01-18,5.85,5.999,6.088,5.781
2016-01-19,5.959,6.247,6.247,5.929
2016-01-20,6.217,6.177,6.415,6.098
2016-01-21,6.128,6.078,6.356,6.058
2016-01-22,6.098,6.177,6.237,6.009
2016-01-25,6.197,6.118,6.227,6.078
2016-01-26,6.078,5.632,6.078,5.602
2016-01-27,5.701,5.543,5.791,5.354
2016-01-28,5.543,5.394,5.632,5.374
2016-01-29,5.344,5.503,5.582,5.295
2016-02-01,5.463,5.315,5.503,5.255
2016-02-02,5.295,5.483,5.503,5.295
2016-02-03,5.404,5.503,5.533,5.384
2016-02-04,5.503,5.622,5.662,5.503
2016-02-05,5.632,5.562,5.672,5.523
2016-02-15,5.443,5.602,5.701,5.354
2016-02-16,5.612,5.8,5.82,5.602
2016-02-17,5.751,5.88,5.9,5.711
2016-02-18,5.86,5.929,5.959,5.82
2016-02-19,5.87,5.909,5.919,5.8
2016-02-22,5.939,6.009,6.019,5.9
2016-02-23,6.009,5.919,6.009,5.85
2016-02-24,5.919,5.949,5.949,5.81
2016-02-25,5.939,5.384,5.939,5.354
2016-02-26,5.562,5.711,5.86,5.414
2016-02-29,5.691,5.632,5.691,5.255
2016-03-01,5.553,5.543,5.681,5.344
2016-03-02,5.523,5.909,5.909,5.513
2016-03-03,5.85,5.83,5.989,5.81
2016-03-04,5.8,5.582,5.88,5.513
2016-03-07,5.602,5.691,5.8,5.602
2016-03-08,5.731,5.771,5.771,5.473
2016-03-09,5.652,5.642,5.691,5.562
2016-03-10,5.672,5.553,5.681,5.533
2016-03-11,5.543,5.543,5.592,5.473
2016-03-14,5.582,5.701,5.771,5.582
2016-03-15,5.672,5.691,5.761,5.622
2016-03-16,5.691,5.622,5.771,5.592
2016-03-17,5.662,5.791,5.81,5.592
2016-03-18,5.8,5.939,5.969,5.771
2016-03-21,5.949,6.019,6.098,5.919
2016-03-22,5.979,5.979,6.019,5.919
2016-03-23,5.979,6.009,6.028,5.949
2016-03-24,5.969,5.89,6.009,5.89
2016-03-25,5.87,5.919,5.949,5.87
2016-03-28,5.939,5.939,6.009,5.88
2016-03-29,5.949,6.316,6.494,5.84
2016-03-30,6.207,6.951,6.951,6.207
2016-03-31,6.951,7.159,7.526,6.851
2016-04-01,7.03,6.812,7.03,6.762
2016-04-05,6.871,6.931,6.97,6.742
2016-04-06,6.931,6.822,6.931,6.693
2016-04-07,6.772,6.703,6.861,6.693
2016-04-08,6.643,6.514,6.673,6.445
2016-04-11,6.604,6.604,6.663,6.564
2016-04-12,6.604,6.554,6.643,6.425
2016-04-13,6.643,6.742,6.921,6.633
2016-04-14,6.752,6.762,6.822,6.643
2016-04-15,6.802,6.723,6.832,6.683
2016-04-18,6.683,6.633,6.683,6.494
2016-04-19,6.633,6.732,6.802,6.604
2016-04-20,6.802,6.257,6.802,6.128
2016-04-21,6.197,6.465,6.564,6.197
2016-04-22,6.346,7.109,7.109,6.296
2016-04-25,7.387,7.258,7.387,7.03
2016-04-26,7.129,7.456,7.496,6.941
2016-04-27,7.288,7.357,7.496,7.169
2016-04-28,7.466,7.337,7.466,6.951
2016-04-29,7.198,7.546,7.615,7.05
2016-05-03,7.783,7.674,7.813,7.476
2016-05-04,7.635,7.317,7.635,7.238
2016-05-05,7.268,7.228,7.317,7.129
2016-05-06,7.05,6.653,7.159,6.604
2016-05-09,6.544,6.445,6.544,6.306
2016-05-10,6.415,6.425,6.494,6.356
2016-05-11,6.445,6.207,6.485,6.207
2016-05-12,6.098,6.098,6.128,5.9
2016-05-13,6.058,6.038,6.217,5.989
2016-05-16,6.038,6.177,6.187,6.009
2016-05-17,6.147,6.167,6.266,6.108
2016-05-18,6.118,5.88,6.118,5.711
2016-05-19,5.88,5.87,5.979,5.85
2016-05-20,5.83,5.979,6.009,5.771
2016-05-23,5.989,6.009,6.038,5.939
2016-05-24,5.969,5.909,5.999,5.86
2016-05-25,5.959,5.909,6.019,5.87
2016-05-26,5.88,5.929,5.939,5.701
2016-05-27,5.9,5.959,5.959,5.84
2016-05-30,5.919,5.85,5.959,5.83
2016-05-31,5.89,6.078,6.108,5.87
2016-06-01,6.108,6.078,6.128,6.048
2016-06-02,6.058,6.247,6.257,6.048
2016-06-03,6.257,6.167,6.266,6.118
2016-06-06,6.197,6.197,6.217,6.128
2016-06-07,6.177,6.266,6.286,6.108
2016-06-08,6.257,6.187,6.257,6.147
2016-06-13,6.108,5.741,6.108,5.741
2016-06-14,5.691,5.8,5.82,5.662
2016-06-15,5.711,6.098,6.167,5.701
2016-06-16,6.048,5.969,6.048,5.939
2016-06-17,5.969,5.999,6.088,5.959
2016-06-20,5.969,6.108,6.197,5.919
2016-06-21,6.138,6.108,6.286,6.058
2016-06-22,6.197,6.336,6.415,6.147
2016-06-23,6.257,6.276,6.445,6.217
2016-06-24,6.276,6.197,6.286,5.86
2016-06-27,6.088,6.276,6.326,6.088
2016-06-28,6.247,6.306,6.326,6.197
2016-06-29,6.316,6.356,6.485,6.296
2016-06-30,6.346,6.286,6.366,6.237
2016-07-01,6.276,6.296,6.336,6.227
2016-07-04,6.247,6.435,6.485,6.227
2016-07-05,6.425,6.475,6.524,6.385
2016-07-06,6.465,6.435,6.475,6.376
2016-07-07,6.435,6.405,6.465,6.346
2016-07-08,6.405,6.415,6.455,6.366
2016-07-11,6.425,6.346,6.475,6.346
2016-07-12,6.356,6.465,6.475,6.296
2016-07-13,6.455,6.505,6.555,6.416
2016-07-14,6.465,6.675,6.724,6.465
2016-07-15,6.625,6.585,6.754,6.555
2016-07-18,6.585,6.555,6.655,6.396
2016-07-19,6.495,6.555,6.645,6.475
2016-07-20,6.555,6.605,6.655,6.505
2016-07-21,6.575,6.625,6.635,6.555
2016-07-22,6.615,6.585,6.655,6.505
2016-07-25,6.665,6.973,7.123,6.665
2016-07-26,6.804,6.894,6.954,6.794
2016-07-27,6.854,6.376,6.894,6.326
2016-07-28,6.376,6.366,6.485,6.226
2016-07-29,6.316,6.306,6.376,6.266
2016-08-01,6.276,6.206,6.326,6.087
2016-08-02,6.206,6.276,6.306,6.186
2016-08-03,6.286,6.286,6.326,6.246
2016-08-04,6.306,6.306,6.326,6.266
2016-08-05,6.366,6.276,6.376,6.246
2016-08-08,6.246,6.316,6.316,5.977
2016-08-09,6.266,6.396,6.416,6.266
2016-08-10,6.396,6.336,6.436,6.336
2016-08-11,6.336,6.246,6.366,6.246
2016-08-12,6.226,6.336,6.346,6.206
2016-08-15,6.366,6.426,6.455,6.316
2016-08-16,6.406,6.455,6.475,6.406
2016-08-17,6.445,6.485,6.495,6.426
2016-08-18,6.475,6.455,6.535,6.416
2016-08-19,6.455,6.505,6.525,6.426
2016-08-22,6.475,6.396,6.515,6.386
2016-08-23,6.396,6.475,6.505,6.396
2016-08-24,6.455,6.515,6.585,6.455
2016-08-25,6.495,6.555,6.635,6.376
2016-08-26,6.545,6.545,6.625,6.485
2016-08-29,6.525,6.645,6.655,6.515
2016-08-30,6.645,6.555,6.655,6.535
2016-08-31,6.555,6.535,6.585,6.495
2016-09-01,6.515,6.465,6.575,6.465
2016-09-02,6.465,6.475,6.545,6.445
2016-09-05,6.505,6.515,6.565,6.475
2016-09-06,6.505,6.625,6.635,6.426
2016-09-07,6.625,6.615,6.724,6.585
2016-09-08,6.615,6.695,6.714,6.595
2016-09-09,6.704,6.774,6.954,6.635
2016-09-12,6.655,6.525,6.675,6.475
2016-09-13,6.575,6.834,6.854,6.545
2016-09-14,6.814,6.744,6.924,6.695
2016-09-19,6.655,6.824,6.824,6.605
2016-09-20,6.764,6.864,6.954,6.704
2016-09-21,6.824,6.794,6.884,6.754
2016-09-22,6.824,6.754,6.844,6.744
2016-09-23,6.744,6.764,6.824,6.695
2016-09-26,6.704,6.545,6.744,6.525
2016-09-27,6.535,6.505,6.585,6.386
2016-09-28,6.505,6.485,6.595,6.465
2016-09-29,6.485,6.505,6.585,6.485
2016-09-30,6.505,6.545,6.575,6.485
2016-10-10,6.734,6.665,6.764,6.625
2016-10-11,6.635,6.695,6.695,6.615
2016-10-12,6.675,6.704,6.704,6.615
2016-10-13,6.695,6.704,6.734,6.635
2016-10-14,6.665,6.635,6.695,6.605
2016-10-17,6.635,6.535,6.665,6.515
2016-10-18,6.535,6.605,6.615,6.505
2016-10-19,6.605,6.555,6.625,6.525
2016-10-20,6.545,6.555,6.585,6.525
2016-10-21,6.575,6.525,6.615,6.495
2016-10-24,6.525,6.625,6.635,6.525
2016-10-25,6.615,6.635,6.645,6.605
2016-10-26,6.635,6.685,6.695,6.625
2016-10-27,6.685,6.734,6.744,6.645
2016-10-28,6.983,6.774,7.143,6.744
2016-10-31,6.695,6.575,6.744,6.545
2016-11-01,6.565,6.605,6.615,6.535
2016-11-02,6.585,6.575,6.605,6.505
2016-11-03,6.565,6.595,6.605,6.515
2016-11-04,6.565,6.555,6.605,6.505
2016-11-07,6.555,6.555,6.585,6.505
2016-11-08,6.575,6.615,6.635,6.555
2016-11-09,6.615,6.665,6.744,6.545
2016-11-10,6.685,6.734,6.754,6.665
2016-11-11,6.734,6.814,6.854,6.675
2016-11-14,6.804,6.784,6.834,6.724
2016-11-15,6.774,6.774,6.834,6.724
2016-11-16,6.774,6.864,6.924,6.744
2016-11-17,6.864,6.814,6.864,6.744
2016-11-18,6.814,6.824,6.904,6.774
2016-11-21,6.804,6.884,6.904,6.774
2016-11-22,6.894,6.884,6.924,6.854
2016-11-23,6.904,6.804,6.934,6.774
2016-11-24,6.804,6.774,6.854,6.774
2016-11-25,6.774,6.724,6.804,6.605
2016-11-28,6.744,6.794,6.804,6.724
2016-11-29,6.784,6.695,6.814,6.685
2016-11-30,6.675,6.665,6.724,6.625
2016-12-01,6.675,6.734,6.744,6.655
2016-12-02,6.734,6.635,6.794,6.635
2016-12-05,6.585,6.645,6.754,6.525
2016-12-06,6.635,6.814,6.904,6.635
2016-12-07,6.814,6.884,6.924,6.784
2016-12-08,6.854,6.884,7.033,6.824
2016-12-09,6.874,6.884,7.023,6.874
2016-12-12,6.854,7.133,7.232,6.754
2016-12-13,7.043,7.312,7.352,6.884
2016-12-14,7.173,7.053,7.302,7.003
2016-12-15,7.053,7.402,7.611,6.993
2016-12-16,7.282,7.292,7.412,7.232
2016-12-19,7.232,7.223,7.292,7.103
2016-12-20,7.213,7.023,7.302,6.973
2016-12-21,7.043,7.163,7.193,6.983
2016-12-22,7.123,7.033,7.133,6.973
2016-12-23,6.993,6.774,7.033,6.764
2016-12-26,6.734,6.704,6.734,6.545
2016-12-27,6.695,6.774,6.804,6.675
2016-12-28,6.754,6.744,6.824,6.734
2016-12-29,6.774,6.655,6.784,6.615
2016-12-30,6.665,6.695,6.704,6.635
2017-01-03,6.685,6.754,6.774,6.665
2017-01-04,6.734,6.844,6.874,6.724
2017-01-05,6.844,6.814,6.904,6.784
2017-01-06,6.784,6.784,6.834,6.764
2017-01-09,6.794,6.854,6.854,6.754
2017-01-10,6.834,6.814,6.944,6.814
2017-01-11,6.804,6.665,6.844,6.655
2017-01-12,6.675,6.645,6.724,6.565
2017-01-13,6.605,6.436,6.665,6.436
2017-01-16,6.296,5.788,6.296,5.788
2017-01-17,5.678,5.808,5.818,5.599
2017-01-18,5.758,5.738,5.818,5.728
2017-01-19,5.738,5.708,5.768,5.639
2017-01-20,5.728,5.818,5.848,5.708
2017-01-23,5.818,5.917,5.927,5.798
2017-01-24,5.917,5.987,6.047,5.878
2017-01-25,5.987,5.947,6.027,5.878
2017-01-26,5.917,5.977,5.987,5.917
2017-02-03,5.967,5.967,5.997,5.937
2017-02-06,5.967,5.997,6.027,5.937
2017-02-07,5.987,6.047,6.077,5.967
2017-02-08,6.047,6.077,6.087,5.987
2017-02-09,6.037,6.097,6.117,5.997
2017-02-10,6.107,6.236,6.266,6.057
2017-02-13,6.196,6.206,6.226,6.157
2017-02-14,6.236,6.186,6.266,6.127
2017-02-15,6.186,6.107,6.196,6.057
2017-02-16,6.077,6.147,6.157,6.067
2017-02-17,6.157,6.057,6.167,6.027
2017-02-20,6.087,6.147,6.147,6.047
2017-02-21,6.137,6.186,6.196,6.137
2017-02-22,6.206,6.256,6.296,6.186
2017-02-23,6.226,6.176,6.256,6.137
2017-02-24,6.176,6.226,6.286,6.157
2017-02-27,6.226,6.206,6.286,6.186
2017-02-28,6.186,6.196,6.226,6.137
2017-03-01,6.176,6.256,6.266,6.157
2017-03-02,6.256,6.316,6.445,6.176
2017-03-03,6.236,6.176,6.286,6.137
2017-03-06,6.167,6.426,6.575,6.147
2017-03-07,6.436,6.635,6.754,6.336
2017-03-08,6.565,6.436,6.565,6.356
2017-03-09,6.376,6.346,6.416,6.266
2017-03-10,6.316,6.286,6.356,6.276
2017-03-13,6.266,6.276,6.286,6.176
2017-03-14,6.256,6.216,6.306,6.176
2017-03-15,6.176,6.097,6.176,6.077
2017-03-16,6.127,6.147,6.176,6.107
2017-03-17,6.137,6.137,6.176,6.127
2017-03-20,6.117,6.167,6.167,6.097
2017-03-21,6.167,6.167,6.206,6.137
2017-03-22,6.157,6.117,6.157,6.067
2017-03-23,6.117,6.087,6.157,6.037
2017-03-24,6.077,6.147,6.157,6.067
2017-03-27,6.137,6.176,6.196,6.107
2017-03-28,6.147,6.226,6.356,6.097
2017-03-29,6.196,6.147,6.236,6.087
2017-03-30,6.127,6.077,6.226,6.077
2017-03-31,6.057,6.097,6.127,6.027
2017-04-05,6.127,6.206,6.216,6.067
2017-04-06,6.186,6.196,6.216,6.147
2017-04-07,6.167,6.157,6.216,6.127
2017-04-10,6.147,6.226,6.296,6.097
2017-04-11,6.186,6.336,6.386,6.176
2017-04-12,6.296,6.296,6.376,6.236
2017-04-13,6.286,6.306,6.426,6.266
2017-04-14,6.286,6.196,6.286,6.176
2017-04-17,6.167,6.216,6.226,6.137
2017-04-18,6.236,6.017,6.246,5.997
2017-04-19,6.017,5.718,6.027,5.589
2017-04-20,5.738,5.738,5.788,5.599
2017-04-21,5.738,5.748,5.788,5.728
2017-04-24,5.708,5.758,5.828,5.559
2017-04-25,5.698,5.788,5.878,5.688
2017-04-26,5.798,5.718,5.818,5.698
2017-04-27,5.718,5.718,5.778,5.489
2017-04-28,5.688,5.728,5.818,5.678
2017-05-02,5.748,5.718,5.778,5.688
2017-05-03,5.748,5.708,5.768,5.688
2017-05-04,5.688,5.649,5.728,5.619
2017-05-05,5.609,5.658,5.728,5.579
2017-05-08,5.668,5.698,5.748,5.589
2017-05-09,5.658,5.748,5.858,5.629
2017-05-10,5.758,5.688,5.778,5.639
2017-05-11,5.629,5.499,5.688,5.33
2017-05-12,5.449,5.519,5.589,5.429
2017-05-15,5.489,5.499,5.589,5.38
2017-05-16,5.489,5.609,5.668,5.399
2017-05-17,5.589,5.629,5.778,5.569
2017-05-18,5.579,5.539,5.629,5.529
2017-05-19,5.539,5.549,5.569,5.479
2017-05-22,5.509,5.449,5.629,5.439
2017-05-23,5.399,5.18,5.449,5.101
2017-05-24,5.121,5.24,5.25,5.001
2017-05-25,5.23,5.25,5.28,5.111
2017-05-26,5.27,5.24,5.27,5.22
2017-05-31,5.28,5.23,5.31,5.22
2017-06-01,5.21,5.04,5.21,5.04
2017-06-02,5.05,5.15,5.17,5.01
2017-06-05,5.15,5.17,5.23,5.12
2017-06-06,5.18,5.2,5.22,5.14
2017-06-07,5.18,5.32,5.37,5.17
2017-06-08,5.32,5.3,5.36,5.26
2017-06-09,5.3,5.27,5.3,5.2
2017-06-12,5.25,5.17,5.28,5.16
2017-06-13,5.16,5.25,5.29,5.15
2017-06-14,5.28,5.29,5.31,5.26
2017-06-15,5.29,5.38,5.44,5.28
2017-06-16,5.38,5.41,5.44,5.33
2017-06-19,5.41,5.48,5.5,5.38
2017-06-20,5.47,5.43,5.5,5.41
2017-06-21,5.42,5.56,5.71,5.42
2017-06-22,5.55,5.41,5.56,5.38
2017-06-23,5.4,5.41,5.45,5.31
2017-06-26,5.4,5.47,5.48,5.35
2017-06-27,5.49,5.47,5.52,5.43
2017-06-28,5.45,5.4,5.45,5.38
2017-06-29,5.42,5.47,5.47,5.41
2017-06-30,5.45,5.45,5.48,5.41
2017-07-03,5.48,5.51,5.52,5.43
2017-07-04,5.5,5.47,5.53,5.44
2017-07-05,5.47,5.51,5.52,5.43
2017-07-06,5.5,5.52,5.54,5.46
2017-07-07,5.5,5.57,5.58,5.47
2017-07-10,5.57,5.57,5.6,5.51
2017-07-11,5.58,5.65,5.77,5.54
2017-07-12,5.59,5.46,5.65,5.32
2017-07-13,5.43,5.45,5.48,5.37
2017-07-14,5.45,5.41,5.45,5.33
2017-07-17,5.37,5.18,5.39,5.16
2017-07-18,5.1,5.23,5.24,5.1
2017-07-19,5.23,5.4,5.41,5.19
2017-07-20,5.39,5.36,5.42,5.34
2017-07-21,5.34,5.9,5.9,5.34
2017-07-24,6.49,6.49,6.49,6.4
2017-07-25,6.6,6.82,6.96,6.49
2017-07-26,6.72,6.77,6.85,6.49
2017-07-27,6.66,7.03,7.44,6.64
2017-07-28,6.85,7.09,7.25,6.8
2017-07-31,7.05,7.41,7.63,7.01
2017-08-01,7.6,7.33,7.83,7.2
2017-08-02,7.35,7.14,7.46,7.06
2017-08-03,7.08,7.2,7.36,6.96
2017-08-04,7.38,6.86,7.44,6.8
2017-08-07,6.8,6.97,7.04,6.7
2017-08-08,6.99,6.82,7.11,6.73
2017-08-09,6.84,6.98,7.01,6.75
2017-08-10,6.84,6.57,6.84,6.43
2017-08-11,6.56,6.19,6.56,6.11
2017-08-14,6.19,6.26,6.29,6.16
2017-08-15,6.26,6.3,6.34,6.18
2017-08-16,6.3,6.19,6.34,6.07
2017-08-17,6.19,6.25,6.27,6.15
2017-08-18,6.2,6.19,6.29,6.06
2017-08-21,6.21,6.3,6.33,6.12
2017-08-22,6.3,6.37,6.49,6.16
2017-08-23,6.35,6.15,6.37,6.12
2017-08-24,6.1,6.03,6.14,6.01
2017-08-25,6.05,6.14,6.17,6.01
2017-08-28,6.13,6.17,6.18,6.09
2017-08-29,6.17,6.12,6.23,6.1
2017-08-30,6.12,6.24,6.28,6.07
2017-08-31,6.24,6.2,6.24,6.11
2017-09-01,6.16,6.82,6.82,6.14
2017-09-04,6.88,6.8,6.93,6.75
2017-09-05,6.71,6.64,6.77,6.62
2017-09-06,6.6,6.64,6.72,6.56
2017-09-07,6.67,6.83,6.99,6.5
2017-09-08,6.77,7.07,7.37,6.75
2017-09-11,6.83,6.94,6.94,6.72
2017-09-12,6.86,6.84,7.07,6.78
2017-09-13,6.8,7.25,7.3,6.78
2017-09-14,7.35,7.6,7.77,7.06
2017-09-15,7.84,7.76,8.29,7.69
2017-09-18,7.37,7.48,7.56,7.07
2017-09-19,7.41,7.25,7.5,7.21
2017-09-20,7.21,7.62,7.69,7.08
2017-09-21,7.55,7.21,7.57,7.11
2017-09-22,7.11,6.99,7.2,6.94
2017-09-25,6.91,6.6,6.92,6.56
2017-09-26,6.65,6.67,6.75,6.6
2017-09-27,6.69,6.81,6.87,6.61
2017-09-28,6.8,6.76,6.89,6.71
2017-09-29,6.79,6.69,6.83,6.63
2017-10-09,6.78,6.78,6.85,6.75
2017-10-10,6.78,6.89,6.89,6.67
2017-10-11,6.89,6.86,6.98,6.82
2017-10-12,6.66,6.35,6.67,6.28
2017-10-13,6.31,6.39,6.41,6.3
2017-10-16,6.39,6.17,6.4,6.11
2017-10-17,6.17,6.21,6.24,6.13
2017-10-18,6.19,6.11,6.26,6.08
2017-10-19,6.07,6.03,6.13,5.95
2017-10-20,5.99,6.12,6.13,5.99
2017-10-23,6.12,6.15,6.17,6.08
2017-10-24,6.12,6.07,6.18,6.04
2017-10-25,6.09,6.11,6.12,6.02
2017-10-26,6.08,6.12,6.14,6.04
2017-10-27,6.11,5.95,6.11,5.93
2017-10-30,5.91,5.61,5.95,5.6
2017-10-31,5.61,5.66,5.69,5.58
2017-11-01,5.67,5.6,5.69,5.55
2017-11-02,5.59,5.54,5.64,5.52
2017-11-03,5.55,5.42,5.59,5.38
2017-11-06,5.42,5.48,5.49,5.39
2017-11-07,5.48,5.54,5.55,5.46
2017-11-08,5.53,5.55,5.59,5.52
2017-11-09,5.52,5.6,5.6,5.52
2017-11-10,5.57,5.67,5.68,5.56
2017-11-13,5.72,5.65,5.73,5.6
2017-11-14,5.63,5.66,5.7,5.55
2017-11-15,5.66,6.1,6.23,5.56
2017-11-16,6.0,5.96,6.1,5.81
2017-11-17,5.95,5.59,5.99,5.54
2017-11-20,5.4,5.42,5.48,5.2
2017-11-21,5.4,5.47,5.48,5.34
2017-11-22,5.46,5.46,5.51,5.43
2017-11-23,5.48,5.3,5.49,5.25
2017-11-24,5.29,5.36,5.37,5.25
2017-11-27,5.38,5.33,5.4,5.3
2017-11-28,5.32,5.4,5.42,5.28
2017-11-29,5.39,5.58,5.64,5.34
2017-11-30,5.51,5.53,5.8,5.51
2017-12-01,5.47,5.59,5.59,5.43
2017-12-04,5.59,5.65,5.7,5.54
2017-12-05,5.6,5.39,5.63,5.31
2017-12-06,5.34,5.44,5.45,5.31
2017-12-07,5.43,5.36,5.43,5.35
2017-12-08,5.36,5.43,5.46,5.34
2017-12-11,5.45,5.62,5.81,5.4
2017-12-12,5.48,5.51,5.57,5.46
2017-12-13,5.49,5.47,5.5,5.38
2017-12-14,5.45,5.45,5.49,5.41
2017-12-15,5.43,5.48,5.51,5.4
2017-12-18,5.46,5.38,5.52,5.38
2017-12-19,5.38,5.4,5.45,5.38
2017-12-20,5.39,5.29,5.43,5.26
2017-12-21,5.29,5.27,5.32,5.23
2017-12-22,5.29,5.22,5.3,5.22
2017-12-25,5.24,5.09,5.24,5.04
2017-12-26,5.06,5.12,5.13,5.04
2017-12-27,5.11,5.1,5.18,5.08
2017-12-28,5.09,5.17,5.2,5.05
2017-12-29,5.13,5.15,5.21,5.13
2018-01-02,5.15,5.21,5.23,5.13
2018-01-03,5.23,5.27,5.3,5.21
2018-01-04,5.26,5.27,5.3,5.23
2018-01-05,5.39,5.38,5.55,5.35
2018-01-08,5.3,5.24,5.3,5.2
2018-01-09,5.24,5.16,5.25,5.16
2018-01-10,5.16,5.17,5.19,5.12
2018-01-11,5.15,5.18,5.19,5.11
2018-01-12,5.17,5.2,5.24,5.16
2018-01-15,5.2,5.11,5.22,5.1
2018-01-16,5.1,5.1,5.12,5.0
2018-01-17,5.1,5.09,5.11,5.02
2018-01-18,5.05,5.09,5.11,5.04
2018-01-19,5.09,5.08,5.14,5.06
2018-01-22,5.02,5.02,5.05,4.92
2018-01-23,5.02,5.03,5.07,4.99
2018-01-24,5.03,5.02,5.04,4.98
2018-01-25,5.02,5.06,5.11,5.0
2018-01-26,5.06,5.02,5.06,5.01
2018-01-29,5.02,4.95,5.03,4.94
2018-01-30,4.95,4.94,4.98,4.93
2018-01-31,4.94,4.71,4.94,4.7
2018-02-01,4.7,4.34,4.72,4.26
2018-02-02,4.3,4.3,4.38,4.12
2018-02-05,4.3,4.33,4.34,4.18
2018-02-06,4.31,4.32,4.36,4.23
2018-02-07,4.32,4.36,4.39,4.27
2018-02-08,4.36,4.4,4.4,4.31
2018-02-09,4.32,4.34,4.37,4.11
2018-02-12,4.34,4.38,4.41,4.3
2018-02-13,4.39,4.39,4.45,4.35
2018-02-14,4.4,4.4,4.41,4.34
2018-02-22,4.42,4.44,4.45,4.38
2018-02-23,4.45,4.47,4.48,4.41
2018-02-26,4.47,4.55,4.59,4.44
2018-02-27,4.59,4.61,4.73,4.59
2018-02-28,4.6,4.62,4.68,4.48
2018-03-01,4.6,4.62,4.65,4.55
2018-03-02,4.6,4.63,4.65,4.59
2018-03-05,4.63,4.58,4.64,4.57
2018-03-06,4.59,4.62,4.64,4.55
2018-03-07,4.62,4.55,4.67,4.55
2018-03-08,4.59,4.66,4.92,4.59
2018-03-09,4.61,4.69,4.69,4.59
2018-03-12,4.68,4.76,4.78,4.66
2018-03-13,4.75,4.74,4.81,4.72
2018-03-14,4.72,4.7,4.78,4.7
2018-03-15,4.68,4.65,4.7,4.58
2018-03-16,4.65,4.6,4.67,4.6
2018-03-19,4.6,4.62,4.64,4.57
2018-03-20,4.61,4.64,4.65,4.57
2018-03-21,4.65,4.65,4.7,4.57
2018-03-22,4.66,4.78,5.03,4.62
2018-03-23,4.63,4.49,4.65,4.41
2018-03-26,4.42,4.5,4.53,4.33
2018-03-27,4.54,4.58,4.6,4.5
2018-03-28,4.53,4.52,4.6,4.5
2018-04-09,4.65,4.59,4.79,4.55
2018-04-10,4.52,4.6,4.63,4.52
2018-04-11,4.58,4.58,4.61,4.56
2018-04-12,4.58,4.53,4.6,4.51
2018-04-13,4.55,4.52,4.57,4.51
2018-04-16,4.52,4.41,4.57,4.4
2018-04-17,4.42,4.32,4.45,4.31
2018-04-18,4.35,4.38,4.39,4.27
2018-04-19,4.38,4.44,4.52,4.38
2018-04-20,4.44,4.36,4.52,4.34
2018-04-23,4.36,4.3,4.4,4.27
2018-04-24,4.32,4.39,4.43,4.3
2018-04-25,4.37,4.45,4.54,4.35
2018-04-26,4.41,4.36,4.47,4.35
2018-04-27,4.38,4.42,4.45,4.38
2018-05-02,4.4,4.47,4.5,4.4
2018-05-03,4.5,4.49,4.5,4.42
2018-05-04,4.47,4.46,4.48,4.44
2018-05-07,4.44,4.53,4.54,4.44
2018-05-08,4.52,4.59,4.6,4.5
2018-05-09,4.56,4.59,4.64,4.56
2018-05-10,4.61,4.59,4.62,4.54
2018-05-11,4.61,4.56,4.61,4.55
2018-05-14,4.57,4.52,4.58,4.5
2018-05-15,4.53,4.61,4.7,4.52
2018-05-16,4.6,4.63,4.65,4.59
2018-05-17,4.6,4.56,4.63,4.56
2018-05-18,4.56,4.61,4.61,4.54
2018-05-21,4.61,4.66,4.68,4.59
2018-05-22,4.66,4.69,4.7,4.64
2018-05-23,4.69,4.61,4.71,4.6
2018-05-24,4.62,4.65,4.7,4.62
2018-05-25,4.68,4.6,4.68,4.56
