date,open,close,high,low
2016-01-04,16.66,15.198,16.66,15.198
2016-01-05,13.915,14.273,14.651,13.676
2016-01-06,14.273,15.098,15.357,13.825
2016-01-07,14.422,13.586,14.621,13.586
2016-01-08,13.924,13.188,14.123,12.263
2016-01-11,12.552,11.866,12.681,11.866
2016-01-12,11.577,11.398,11.905,10.921
2016-01-13,11.508,10.702,11.776,10.563
2016-01-14,10.165,11.239,11.309,9.946
2016-01-15,11.259,10.195,11.269,10.115
2016-01-18,9.946,10.543,10.831,9.827
2016-01-19,10.533,11.348,11.508,10.324
2016-01-20,11.169,11.329,11.667,10.99
2016-01-21,11.05,10.443,11.488,10.304
2016-01-22,10.622,10.791,10.821,10.264
2016-01-25,10.941,11.876,11.876,10.851
2016-01-26,11.806,12.214,13.059,11.498
2016-01-27,11.965,12.96,13.089,11.0
2016-01-28,12.572,12.124,13.377,11.945
2016-01-29,11.836,12.333,12.801,11.338
2016-02-01,12.055,12.333,12.801,11.816
2016-02-02,12.214,13.049,13.417,12.074
2016-02-03,12.731,13.626,13.865,12.532
2016-02-04,13.527,13.676,14.253,13.308
2016-02-05,13.606,13.328,13.984,13.278
2016-02-15,12.562,13.358,13.775,12.114
2016-02-16,13.427,13.616,14.084,13.358
2016-02-17,13.457,14.372,14.71,13.447
2016-02-18,14.273,14.481,14.82,13.944
2016-02-19,14.253,14.263,14.909,14.094
2016-02-22,14.462,14.283,14.521,14.074
2016-02-23,14.213,13.954,14.302,13.646
2016-02-24,13.974,14.123,14.302,13.556
2016-02-25,14.113,12.91,14.591,12.711
2016-02-26,13.029,12.482,13.169,12.144
2016-02-29,12.492,11.239,12.522,11.239
2016-03-01,11.199,11.338,11.488,10.453
2016-03-02,11.338,11.935,12.104,11.229
2016-03-03,11.905,11.796,12.423,11.726
2016-03-04,11.786,11.14,12.015,10.891
2016-03-07,11.169,11.547,11.677,11.15
2016-03-08,11.985,12.174,12.333,11.259
2016-03-09,11.706,11.657,12.234,11.518
2016-03-10,11.537,11.239,11.806,11.209
2016-03-11,11.239,11.199,11.329,11.04
2016-03-14,11.388,11.667,11.895,11.388
2016-03-15,11.597,11.547,11.856,11.418
2016-03-16,11.836,11.498,12.015,11.368
2016-03-17,11.498,11.905,11.995,11.498
2016-03-18,11.945,12.721,13.099,11.836
2016-03-21,12.91,13.377,13.606,12.641
2016-03-22,13.049,13.039,13.308,12.95
2016-03-23,13.029,13.258,13.288,12.95
2016-03-24,13.109,13.049,13.586,12.84
2016-03-25,12.94,13.099,13.258,12.84
2016-03-28,13.079,12.89,13.387,12.731
2016-03-29,12.92,12.283,12.92,12.214
2016-03-30,12.442,12.84,12.99,12.383
2016-03-31,13.079,12.84,13.228,12.801
2016-04-01,12.84,12.95,13.019,12.532
2016-04-05,13.029,13.308,13.407,12.82
2016-04-06,13.159,13.765,14.213,13.019
2016-04-07,13.686,13.228,13.785,13.228
2016-04-08,13.129,12.97,13.129,12.741
2016-04-11,13.139,13.447,13.537,13.059
2016-04-12,13.427,13.566,13.576,13.099
2016-04-13,13.566,13.576,13.885,13.547
2016-04-14,13.666,13.755,13.865,13.497
2016-04-15,13.706,14.064,14.292,13.646
2016-04-18,14.173,13.676,14.173,13.527
2016-04-19,13.726,14.233,14.233,13.726
2016-04-20,14.233,13.248,14.263,12.81
2016-04-21,13.039,12.711,13.377,12.651
2016-04-22,12.631,12.9,12.9,12.373
2016-04-25,12.87,13.417,13.457,12.462
2016-04-26,13.885,14.064,14.621,13.626
2016-04-27,13.825,13.835,14.064,13.726
2016-04-28,13.755,13.487,14.203,13.178
2016-04-29,13.308,13.119,13.387,12.98
2016-05-03,13.159,13.984,14.123,13.119
2016-05-04,13.825,13.825,14.024,13.726
2016-05-05,13.785,14.143,14.193,13.726
2016-05-06,14.123,13.029,14.292,12.84
2016-05-09,12.771,11.756,12.771,11.736
2016-05-10,11.697,11.816,11.905,11.587
2016-05-11,11.935,11.527,12.025,11.498
2016-05-12,11.319,11.448,11.537,10.921
2016-05-13,11.458,11.259,11.557,11.169
2016-05-16,11.299,11.488,11.527,11.07
2016-05-17,11.537,11.527,11.716,11.438
2016-05-18,11.458,10.951,11.478,10.841
2016-05-19,11.02,11.1,11.388,10.951
2016-05-20,11.08,11.338,11.338,10.791
2016-05-23,11.388,11.508,11.677,11.299
2016-05-24,11.547,11.239,11.557,11.159
2016-05-25,11.338,11.348,11.488,11.249
2016-05-26,11.338,11.458,11.478,11.09
2016-05-27,11.398,11.597,11.826,11.368
2016-05-30,11.537,11.498,11.687,11.289
2016-05-31,11.527,12.045,12.084,11.498
2016-06-01,12.104,11.985,12.234,11.935
2016-06-02,11.995,12.522,12.562,11.955
2016-06-03,12.462,12.343,12.532,12.283
2016-06-06,12.423,12.224,12.433,12.065
2016-06-07,12.244,12.333,12.482,12.154
2016-06-08,12.045,12.313,12.403,12.045
2016-06-13,12.134,11.219,12.134,11.219
2016-06-14,11.199,11.488,11.537,11.14
2016-06-15,11.269,12.353,12.353,11.269
2016-06-16,12.204,11.955,12.423,11.905
2016-06-17,12.045,12.472,12.791,11.985
2016-06-20,12.254,12.204,12.363,11.985
2016-06-21,12.293,11.975,12.423,11.886
2016-06-22,12.035,12.323,12.363,11.905
2016-06-23,12.283,12.413,12.572,12.154
2016-06-24,12.333,12.084,12.423,11.637
2016-06-27,12.104,12.343,12.353,12.015
2016-06-28,12.283,12.572,12.701,12.184
2016-06-29,12.502,12.721,12.83,12.413
2016-06-30,12.721,12.681,12.88,12.452
2016-07-01,12.641,12.701,12.771,12.492
2016-07-04,12.631,13.089,13.169,12.562
2016-07-05,13.188,13.039,13.377,12.94
2016-07-06,12.999,13.029,13.308,12.99
2016-07-07,13.109,12.88,13.119,12.711
2016-07-08,12.82,12.801,12.88,12.671
2016-07-11,12.801,12.641,12.88,12.631
2016-07-12,12.661,12.771,12.771,12.373
2016-07-13,12.731,12.82,12.88,12.681
2016-07-14,12.88,13.109,13.178,12.791
2016-07-15,13.129,13.029,13.358,12.94
2016-07-18,12.94,13.218,13.258,12.731
2016-07-19,13.178,13.129,13.178,12.96
2016-07-20,13.129,13.149,13.198,13.019
2016-07-21,13.149,13.258,13.367,13.069
2016-07-22,13.208,13.079,13.527,13.079
2016-07-25,13.109,14.392,14.392,12.93
2016-07-26,14.422,14.213,14.561,13.924
2016-07-27,14.173,13.228,14.362,12.83
2016-07-28,13.208,13.447,13.596,12.93
2016-07-29,13.328,12.86,13.477,12.83
2016-08-01,12.731,12.194,12.741,12.015
2016-08-02,12.234,12.442,12.502,12.184
2016-08-03,12.522,12.791,13.079,12.522
2016-08-04,12.681,12.741,12.87,12.433
2016-08-05,12.731,12.661,12.98,12.631
2016-08-08,12.552,12.93,12.98,12.413
2016-08-09,12.92,13.069,13.417,12.85
2016-08-10,12.93,12.95,13.248,12.801
2016-08-11,12.83,12.731,13.208,12.691
2016-08-12,12.671,12.681,12.87,12.552
2016-08-15,12.701,12.98,13.198,12.671
2016-08-16,13.019,13.208,13.387,12.95
2016-08-17,13.228,13.208,13.686,13.129
2016-08-18,13.089,13.556,13.895,13.079
2016-08-19,13.437,13.726,13.726,13.328
2016-08-22,13.815,13.278,13.905,13.218
2016-08-23,13.178,13.487,13.626,13.109
2016-08-24,13.477,13.527,13.865,13.437
2016-08-25,13.437,13.397,13.507,13.149
2016-08-26,13.407,13.328,13.556,13.278
2016-08-29,13.328,13.328,13.417,13.188
2016-08-30,13.348,13.318,13.477,13.188
2016-08-31,13.358,13.328,13.417,13.248
2016-09-01,13.387,13.099,13.387,13.039
2016-09-02,13.069,13.009,13.169,12.731
2016-09-05,13.129,13.069,13.139,12.999
2016-09-06,13.069,13.377,13.387,12.89
2016-09-07,13.367,13.268,13.407,13.248
2016-09-08,13.278,13.377,13.387,13.228
2016-09-09,13.367,13.258,13.537,13.248
2016-09-12,12.99,13.029,13.656,12.93
2016-09-13,12.999,13.228,13.318,12.999
2016-09-14,13.149,13.457,13.596,12.99
2016-09-19,13.716,13.964,14.034,13.556
2016-09-20,13.924,13.934,14.183,13.775
2016-09-21,13.885,13.934,13.964,13.755
2016-09-22,14.014,13.964,14.342,13.905
2016-09-23,14.064,13.735,14.064,13.626
2016-09-26,13.586,13.427,13.895,13.318
2016-09-27,13.427,13.905,13.954,13.397
2016-09-28,13.885,13.775,13.905,13.636
2016-09-29,14.054,13.934,14.302,13.934
2016-09-30,13.795,13.915,14.084,13.785
2016-10-10,14.79,14.302,14.869,14.143
2016-10-11,14.183,15.207,15.735,14.163
2016-10-12,14.909,15.088,15.178,14.77
2016-10-13,14.989,14.939,15.118,14.81
2016-10-14,14.919,14.651,14.939,14.412
2016-10-17,14.76,14.71,15.058,14.571
2016-10-18,14.72,15.048,15.118,14.551
2016-10-19,15.068,15.019,15.367,14.869
2016-10-20,15.058,15.595,15.595,14.969
2016-10-21,15.695,14.989,15.695,14.879
2016-10-24,14.999,15.068,15.247,14.7
2016-10-25,15.108,15.357,15.456,14.979
2016-10-26,15.396,15.207,15.396,15.019
2016-10-27,15.227,15.168,15.337,15.048
2016-10-28,15.217,14.591,15.217,14.581
2016-10-31,14.66,14.412,14.66,14.312
2016-11-01,14.471,14.611,14.68,14.412
2016-11-02,14.571,14.521,14.839,14.432
2016-11-03,14.541,14.352,14.71,14.312
2016-11-04,14.422,14.621,14.879,14.322
2016-11-07,14.621,14.521,14.69,14.322
2016-11-08,14.521,14.611,14.651,14.452
2016-11-09,14.591,14.651,14.859,14.273
2016-11-10,14.81,15.009,15.367,14.7
2016-11-11,14.989,15.118,15.148,14.75
2016-11-14,15.078,14.989,15.178,14.869
2016-11-15,15.019,15.168,15.178,14.839
2016-11-16,15.267,15.128,15.556,15.088
2016-11-17,14.929,15.028,15.188,14.899
2016-11-18,15.098,14.979,15.098,14.919
2016-11-21,15.019,15.128,15.217,14.75
2016-11-22,15.148,15.108,15.257,14.949
2016-11-23,15.168,14.82,15.168,14.78
2016-11-24,14.839,14.77,14.929,14.71
2016-11-25,14.74,14.76,14.849,14.422
2016-11-28,14.82,14.75,14.889,14.641
2016-11-29,14.82,14.263,14.82,14.153
2016-11-30,14.302,14.223,14.382,14.074
2016-12-01,14.253,14.113,14.253,14.024
2016-12-02,14.123,14.094,14.273,14.014
2016-12-05,14.103,13.835,14.103,13.726
2016-12-06,13.855,13.954,14.143,13.805
2016-12-07,13.974,13.964,14.014,13.805
2016-12-08,14.014,13.944,14.183,13.944
2016-12-09,14.014,14.133,14.352,13.825
2016-12-12,14.223,13.298,14.243,13.298
2016-12-13,13.367,13.527,13.626,12.94
2016-12-14,13.427,13.358,13.785,13.079
2016-12-15,13.288,13.477,13.676,13.228
2016-12-16,13.517,13.527,13.666,13.377
2016-12-19,13.706,13.805,14.064,13.626
2016-12-20,13.815,13.795,13.994,13.566
2016-12-21,13.726,13.895,13.934,13.646
2016-12-22,13.934,14.004,14.123,13.785
2016-12-23,13.994,13.765,14.054,13.686
2016-12-26,13.805,13.845,13.875,13.696
2016-12-27,13.875,13.775,13.905,13.726
2016-12-28,13.785,13.765,14.024,13.716
2016-12-29,13.825,13.706,13.825,13.576
2016-12-30,13.805,13.566,13.855,13.477
2017-01-03,13.676,13.706,13.775,13.507
2017-01-04,13.775,14.064,14.253,13.686
2017-01-05,14.024,14.173,14.312,13.984
2017-01-06,14.193,14.074,14.253,13.905
2017-01-09,14.024,14.203,14.362,13.934
2017-01-10,14.273,14.103,14.342,14.064
2017-01-11,14.103,14.024,14.203,13.775
2017-01-12,14.123,14.223,14.621,13.974
2017-01-13,14.044,13.318,14.143,13.308
2017-01-16,13.308,12.224,13.328,11.985
2017-01-17,12.234,12.542,12.622,11.995
2017-01-18,12.363,12.532,12.631,12.234
2017-01-19,12.273,12.532,12.641,12.254
2017-01-20,12.433,12.612,12.681,12.433
2017-01-23,12.631,12.741,12.85,12.532
2017-01-24,12.781,12.681,12.801,12.631
2017-01-25,12.711,12.691,12.87,12.651
2017-01-26,12.751,12.87,12.92,12.661
2017-02-03,13.029,12.741,13.029,12.721
2017-02-06,12.741,12.99,13.178,12.741
2017-02-07,12.99,13.049,13.178,12.94
2017-02-08,12.96,13.119,13.139,12.96
2017-02-09,13.049,13.159,13.178,13.049
2017-02-10,13.169,12.96,13.169,12.93
2017-02-13,12.99,13.119,13.268,12.99
2017-02-14,13.129,13.059,13.248,13.039
2017-02-15,13.069,13.119,13.318,12.999
2017-02-16,13.208,13.397,13.726,13.059
2017-02-17,13.338,13.129,13.377,13.029
2017-02-20,13.129,13.198,13.228,13.009
2017-02-21,13.159,13.198,13.298,12.93
2017-02-22,13.198,13.228,13.417,13.129
2017-02-23,13.149,13.178,13.248,13.059
2017-02-24,13.178,13.238,13.358,13.079
2017-02-27,13.238,13.258,13.507,13.178
2017-02-28,13.288,13.417,13.606,13.238
2017-03-01,13.417,13.606,13.676,13.348
2017-03-02,13.606,13.477,13.656,12.93
2017-03-03,13.477,13.556,13.586,13.377
2017-03-06,13.487,13.706,13.825,13.427
2017-03-07,13.626,13.755,13.795,13.576
2017-03-08,13.805,13.676,13.805,13.586
2017-03-09,13.825,13.726,13.994,13.556
2017-03-10,13.706,13.706,13.805,13.586
2017-03-13,13.537,13.497,13.696,13.308
2017-03-14,13.497,13.477,13.586,13.427
2017-03-15,13.537,13.338,13.537,13.328
2017-03-16,13.497,13.566,13.716,13.358
2017-03-17,13.666,13.576,13.775,13.566
2017-03-20,13.716,13.586,13.805,13.537
2017-03-21,13.586,13.586,13.626,13.397
2017-03-22,13.427,13.079,13.547,13.069
2017-03-23,13.049,12.81,13.188,12.681
2017-03-24,12.85,12.86,12.91,12.681
2017-03-27,12.94,12.731,12.95,12.582
2017-03-28,12.681,12.731,12.83,12.631
2017-03-29,12.741,12.542,12.791,12.353
2017-03-30,12.542,12.035,12.602,11.935
2017-03-31,12.124,12.234,12.323,12.015
2017-04-05,12.313,12.612,12.612,12.214
2017-04-06,12.532,12.582,12.711,12.502
2017-04-07,12.562,12.761,12.791,12.482
2017-04-10,12.761,12.303,12.771,12.283
2017-04-11,12.214,12.631,12.631,12.164
2017-04-12,12.612,12.999,13.109,12.502
2017-04-13,12.99,12.85,13.099,12.651
2017-04-14,12.83,12.433,12.83,12.423
2017-04-17,12.423,12.055,12.423,11.905
2017-04-18,11.975,11.796,12.134,11.736
2017-04-19,11.776,11.627,11.985,11.508
2017-04-20,11.677,11.547,11.746,11.458
2017-04-21,11.547,11.637,11.776,11.498
2017-04-24,11.667,11.09,11.677,10.961
2017-04-25,11.388,10.941,11.388,10.941
2017-04-26,10.951,10.762,11.08,10.543
2017-04-27,10.712,10.801,10.871,10.364
2017-04-28,10.931,10.99,11.08,10.782
2017-05-02,10.99,10.841,11.08,10.791
2017-05-03,10.831,10.98,11.0,10.563
2017-05-04,10.901,10.742,10.921,10.682
2017-05-05,10.801,10.433,10.801,10.344
2017-05-08,10.354,9.936,10.433,9.896
2017-05-09,9.896,10.095,10.225,9.847
2017-05-10,10.095,9.936,10.155,9.767
2017-05-11,9.886,9.797,9.886,9.359
2017-05-12,9.697,9.737,9.847,9.608
2017-05-15,9.767,9.707,9.827,9.687
2017-05-16,9.707,9.936,10.036,9.518
2017-05-17,9.946,10.065,10.324,9.936
2017-05-18,9.996,9.946,10.085,9.906
2017-05-19,9.916,9.966,10.095,9.847
2017-05-22,9.936,9.409,9.956,9.349
2017-05-23,9.389,9.15,9.419,9.081
2017-05-24,9.15,9.18,9.2,8.932
2017-05-25,9.24,9.13,9.24,8.86
2017-05-26,9.12,9.13,9.22,9.05
2017-05-31,9.26,9.12,9.34,9.08
2017-06-01,9.11,8.44,9.11,8.3
2017-06-02,8.45,8.63,8.65,8.21
2017-06-05,8.59,8.72,8.8,8.59
2017-06-06,8.72,8.75,8.94,8.62
2017-06-07,8.89,9.08,9.11,8.74
2017-06-08,9.1,9.4,9.47,9.03
2017-06-09,9.33,9.29,9.55,9.2
2017-06-12,9.29,8.86,9.3,8.78
2017-06-13,8.84,9.01,9.07,8.8
2017-06-14,8.94,9.01,9.09,8.89
2017-06-15,9.03,9.27,9.35,9.0
2017-06-16,9.3,9.19,9.3,9.1
2017-06-19,9.21,9.32,9.37,9.14
2017-06-20,9.32,9.44,9.49,9.28
2017-06-21,9.38,9.39,9.46,9.28
2017-06-22,9.32,9.19,9.39,9.06
2017-06-23,9.11,9.0,9.28,8.66
2017-06-26,8.99,9.07,9.07,8.9
2017-06-27,9.09,9.98,9.98,9.07
2017-06-28,9.98,9.74,10.1,9.66
2017-06-29,9.76,9.7,9.8,9.6
2017-06-30,9.62,9.67,9.75,9.52
2017-07-03,9.63,9.72,9.76,9.57
2017-07-04,9.71,9.66,9.76,9.62
2017-07-05,9.68,9.78,9.79,9.65
2017-07-06,9.76,9.71,9.85,9.61
2017-07-07,9.97,9.86,10.4,9.83
2017-07-10,9.72,9.8,9.96,9.71
2017-07-11,9.71,9.66,9.82,9.64
2017-07-12,9.69,9.6,9.72,9.38
2017-07-13,9.57,9.84,9.84,9.49
2017-07-14,9.84,9.81,10.08,9.7
2017-07-17,9.71,8.95,9.76,8.95
2017-07-18,8.93,9.1,9.15,8.74
2017-07-19,9.1,9.2,9.24,9.03
2017-07-20,9.24,9.16,9.47,9.16
2017-07-21,9.08,9.06,9.18,9.01
2017-07-24,9.2,9.11,9.27,9.06
2017-07-25,9.12,9.08,9.15,9.02
2017-07-26,9.07,9.11,9.16,9.03
2017-07-27,9.12,9.31,9.34,9.06
2017-07-28,9.3,9.24,9.34,9.2
2017-07-31,9.2,9.36,9.36,9.19
2017-08-01,9.3,9.32,9.37,9.22
2017-08-02,9.32,9.21,9.38,9.21
2017-08-03,9.21,9.57,9.69,9.2
2017-08-04,9.57,10.15,10.24,9.49
2017-08-07,10.15,9.99,10.15,9.85
2017-08-08,10.0,10.17,10.28,9.8
2017-08-09,10.07,9.96,10.16,9.9
2017-08-10,9.86,9.74,9.95,9.61
2017-08-11,9.6,9.57,9.89,9.47
2017-08-14,9.54,9.84,9.9,9.54
2017-08-15,9.84,9.74,9.84,9.64
2017-08-16,9.74,9.61,9.81,9.61
2017-08-17,9.65,10.15,10.2,9.64
2017-08-18,10.0,9.99,10.08,9.92
2017-08-21,10.06,10.0,10.08,9.91
2017-08-22,9.98,10.36,10.4,9.96
2017-08-23,10.27,9.97,10.28,9.95
2017-08-24,9.9,9.89,10.0,9.81
2017-08-25,9.86,9.98,10.02,9.86
2017-08-28,9.99,10.1,10.12,9.93
2017-08-29,10.09,10.04,10.17,10.0
2017-08-30,10.06,10.25,10.42,9.99
2017-08-31,10.16,10.59,10.75,10.13
2017-09-01,10.51,10.49,10.55,10.4
2017-09-04,10.45,10.82,10.87,10.45
2017-09-05,10.86,10.64,10.88,10.6
2017-09-06,10.57,10.56,10.6,10.4
2017-09-07,10.57,10.36,10.61,10.35
2017-09-08,10.34,10.6,10.7,10.33
2017-09-11,10.54,10.5,10.68,10.43
2017-09-12,10.52,10.44,10.62,10.39
2017-09-13,10.42,10.52,10.55,10.35
2017-09-14,10.5,10.38,10.63,10.33
2017-09-15,10.38,10.32,10.4,10.2
2017-09-18,10.34,10.23,10.35,10.17
2017-09-19,10.24,10.24,10.33,10.18
2017-09-20,10.22,10.24,10.33,10.18
2017-09-21,10.24,10.06,10.3,10.06
2017-09-22,10.04,9.99,10.08,9.9
2017-09-25,9.95,9.83,9.99,9.82
2017-09-26,9.85,9.85,9.92,9.77
2017-09-27,9.85,9.86,9.9,9.78
2017-09-28,9.86,9.83,9.93,9.82
2017-09-29,9.84,9.94,9.94,9.8
2017-10-09,10.02,10.0,10.09,9.97
2017-10-10,10.02,10.1,10.13,9.96
2017-10-11,10.13,10.25,10.27,10.05
2017-10-12,10.5,10.74,11.28,10.35
2017-10-13,10.51,10.52,10.6,10.25
2017-10-16,10.41,10.03,10.64,10.03
2017-10-17,10.01,10.06,10.22,9.99
2017-10-18,10.01,9.86,10.11,9.86
2017-10-19,9.88,9.44,9.95,9.3
2017-10-20,9.37,9.5,9.51,9.32
2017-10-23,9.5,9.55,9.58,9.44
2017-10-24,9.49,9.3,9.52,9.22
2017-10-25,9.34,9.47,9.49,9.34
2017-10-26,9.43,9.51,9.53,9.35
2017-10-27,9.52,9.37,9.55,9.34
2017-10-30,9.38,8.99,9.4,8.91
2017-10-31,8.99,9.12,9.14,8.94
2017-11-01,9.12,9.07,9.16,9.05
2017-11-02,9.07,8.97,9.09,8.93
2017-11-03,8.95,8.97,8.99,8.9
2017-11-06,8.93,9.06,9.13,8.93
2017-11-07,9.06,9.12,9.13,9.0
2017-11-08,9.09,9.16,9.24,9.02
2017-11-09,9.18,9.27,9.27,9.11
2017-11-10,9.29,9.16,9.29,9.01
2017-11-13,9.13,9.25,9.25,9.1
2017-11-14,9.17,9.02,9.2,8.95
2017-11-15,9.05,9.05,9.07,8.94
2017-11-16,9.02,8.9,9.06,8.9
2017-11-17,8.88,8.45,8.88,8.39
2017-11-20,8.27,8.4,8.4,8.14
2017-11-21,8.33,8.35,8.51,8.15
2017-11-22,8.34,8.35,8.44,8.28
2017-11-23,8.35,8.23,8.38,8.18
2017-11-24,8.23,8.28,8.3,8.16
2017-11-27,8.27,8.22,8.32,8.22
2017-11-28,8.3,8.32,8.32,8.21
2017-11-29,8.27,8.29,8.34,8.2
2017-11-30,8.3,8.23,8.33,8.21
2017-12-01,8.25,8.38,8.39,8.23
2017-12-04,8.36,8.25,8.45,8.2
2017-12-05,8.26,7.93,8.3,7.87
2017-12-06,7.93,7.99,8.0,7.81
2017-12-07,7.94,7.93,8.01,7.9
2017-12-08,7.92,8.06,8.11,7.92
2017-12-11,8.02,8.09,8.09,7.98
2017-12-12,8.09,7.97,8.1,7.96
2017-12-13,7.95,8.05,8.05,7.91
2017-12-14,8.01,8.07,8.12,7.96
2017-12-15,8.08,8.08,8.11,8.0
2017-12-18,8.08,8.14,8.2,8.03
2017-12-19,8.18,8.13,8.24,8.1
2017-12-20,8.17,7.99,8.17,7.97
2017-12-21,8.0,8.0,8.02,7.88
2017-12-22,8.08,7.96,8.08,7.93
2017-12-25,7.97,7.84,7.98,7.83
2017-12-26,7.77,7.92,7.95,7.77
2017-12-27,7.89,7.9,7.91,7.84
2017-12-28,7.87,7.92,7.97,7.81
2017-12-29,7.88,7.99,8.02,7.88
2018-01-02,8.04,8.39,8.44,7.95
2018-01-03,8.49,8.29,8.57,8.22
2018-01-04,8.22,8.27,8.31,8.16
2018-01-05,8.24,8.21,8.28,8.0
2018-01-08,8.21,8.16,8.22,8.07
2018-01-09,8.16,8.16,8.18,8.09
2018-01-10,8.16,8.01,8.16,7.98
2018-01-11,8.0,8.01,8.05,7.88
2018-01-12,8.0,7.97,8.05,7.95
2018-01-15,7.97,7.65,8.01,7.64
2018-01-16,7.66,7.72,7.76,7.63
2018-01-17,7.73,7.73,7.76,7.56
2018-01-18,7.73,7.74,7.77,7.69
2018-01-19,7.77,7.89,8.1,7.77
2018-01-22,7.83,7.86,7.92,7.76
2018-01-23,7.86,7.86,7.87,7.77
2018-01-24,7.84,7.89,7.91,7.79
2018-01-25,7.89,7.86,7.95,7.85
2018-01-26,7.89,7.8,7.9,7.79
2018-01-29,7.8,7.67,7.82,7.62
2018-01-30,7.61,7.74,7.78,7.61
2018-01-31,7.71,7.58,7.75,7.55
2018-02-01,7.58,7.06,7.6,7.03
2018-02-02,7.06,6.99,7.16,6.83
2018-02-05,6.7,6.88,6.97,6.7
2018-02-06,6.64,6.32,6.77,6.32
2018-02-07,6.4,6.42,6.54,6.29
2018-02-08,6.35,6.53,6.63,6.35
2018-02-09,6.4,6.24,6.42,6.18
2018-02-12,6.3,6.47,6.5,6.3
2018-02-13,6.53,6.57,6.6,6.48
2018-02-14,6.55,6.6,6.67,6.52
2018-02-22,6.69,6.69,6.78,6.63
2018-02-23,6.68,6.71,6.72,6.56
2018-02-26,6.73,6.84,6.86,6.68
2018-02-27,6.84,6.76,6.86,6.7
2018-02-28,6.76,6.81,6.86,6.66
2018-03-01,6.81,6.94,6.95,6.75
2018-03-02,6.88,7.0,7.2,6.79
2018-03-05,6.96,6.93,6.98,6.87
2018-03-06,6.96,7.09,7.15,6.87
2018-03-07,7.01,7.2,7.44,7.01
2018-03-08,7.15,7.19,7.35,7.12
2018-03-09,7.19,7.28,7.32,7.08
2018-03-12,7.25,7.32,7.36,7.25
2018-03-13,7.34,7.26,7.36,7.24
2018-03-14,7.23,7.16,7.26,7.11
2018-03-15,7.16,7.55,7.59,7.1
2018-03-16,7.46,7.29,7.56,7.21
2018-03-19,7.28,7.26,7.33,7.18
2018-03-20,7.21,7.45,7.52,7.16
2018-03-21,7.46,7.36,7.66,7.34
2018-03-22,7.31,7.64,7.65,7.31
2018-03-23,7.44,7.33,7.95,7.25
2018-03-26,7.03,7.22,7.28,6.6
2018-03-27,7.22,7.51,7.69,7.22
2018-03-28,7.4,7.41,7.55,7.33
2018-03-29,7.44,7.5,7.55,7.36
2018-03-30,7.54,7.54,7.62,7.45
2018-04-02,7.51,7.58,7.65,7.51
2018-04-03,7.44,7.38,7.54,7.32
2018-04-04,7.43,7.31,7.48,7.29
2018-04-09,7.29,7.25,7.35,7.11
2018-04-10,7.2,7.25,7.3,7.18
2018-04-11,7.26,7.24,7.34,7.22
2018-04-12,7.22,7.13,7.3,7.12
2018-04-13,7.16,7.13,7.24,7.1
2018-04-16,7.12,6.99,7.12,6.89
2018-04-17,7.02,6.78,7.03,6.69
2018-04-18,6.81,6.86,6.92,6.65
2018-04-19,6.83,6.87,6.94,6.8
2018-04-20,6.86,6.74,6.86,6.66
2018-04-23,6.64,6.75,6.81,6.64
2018-04-24,6.77,6.92,6.95,6.7
2018-04-25,6.91,6.95,6.98,6.86
2018-04-26,6.92,6.75,6.96,6.71
2018-04-27,6.75,6.8,6.85,6.75
2018-05-02,6.8,7.09,7.1,6.77
2018-05-03,6.97,6.93,7.09,6.81
2018-05-04,6.95,6.86,6.95,6.81
2018-05-07,6.9,6.97,6.97,6.87
2018-05-08,6.97,7.12,7.17,6.94
2018-05-09,7.11,7.12,7.18,7.06
2018-05-10,7.12,7.3,7.42,7.1
2018-05-11,7.31,7.2,7.33,7.15
2018-05-14,7.19,7.11,7.21,7.03
2018-05-15,7.14,7.13,7.17,7.04
2018-05-16,7.08,7.19,7.26,7.07
2018-05-17,7.19,7.33,7.4,7.12
2018-05-18,7.28,7.18,7.29,7.13
2018-05-21,7.21,7.23,7.25,7.11
2018-05-22,7.22,7.27,7.29,7.16
2018-05-23,7.23,7.1,7.26,7.07
2018-05-24,7.1,7.11,7.19,7.09
2018-05-25,7.14,7.06,7.14,7.0
