date,open,close,high,low
2016-01-04,20.314,18.245,20.314,18.245
2016-01-05,16.787,16.946,17.976,16.417
2016-01-06,16.956,17.146,17.326,16.077
2016-01-07,16.487,15.428,16.737,15.428
2016-01-08,14.988,14.658,15.977,13.989
2016-01-11,13.989,13.249,14.588,13.189
2016-01-12,13.339,14.349,14.389,13.01
2016-01-13,14.588,13.549,14.668,13.15
2016-01-14,13.09,14.309,14.488,12.8
2016-01-15,14.279,13.839,14.458,13.689
2016-01-18,13.449,14.089,14.568,13.289
2016-01-19,14.089,15.078,15.428,13.929
2016-01-20,14.818,14.618,15.098,14.438
2016-01-21,14.389,14.289,15.268,14.289
2016-01-22,14.548,14.618,14.838,14.239
2016-01-25,14.838,14.618,14.978,14.389
2016-01-26,14.428,13.16,14.648,13.16
2016-01-27,13.529,12.74,13.529,12.03
2016-01-28,12.54,12.06,12.77,11.901
2016-01-29,12.18,12.72,12.87,12.09
2016-02-01,12.74,12.61,13.07,12.25
2016-02-02,12.58,13.229,13.349,12.58
2016-02-03,13.06,13.189,13.319,12.81
2016-02-04,13.179,13.459,13.609,13.179
2016-02-05,13.489,13.439,13.709,13.15
2016-02-15,12.79,13.08,13.269,12.69
2016-02-16,13.17,13.759,13.869,13.11
2016-02-17,13.689,14.009,14.109,13.639
2016-02-18,14.239,13.779,14.428,13.739
2016-02-19,13.639,13.939,14.139,13.599
2016-02-22,14.209,14.129,14.279,13.869
2016-02-23,14.079,13.729,14.259,13.519
2016-02-24,13.639,13.559,13.819,13.14
2016-02-25,13.569,12.2,13.589,12.2
2016-02-26,12.25,11.97,12.38,11.711
2016-02-29,12.1,11.051,12.14,10.821
2016-03-01,11.351,11.441,11.741,10.951
2016-03-02,11.391,11.98,12.04,11.311
2016-03-03,11.851,11.831,12.25,11.791
2016-03-04,11.791,11.791,11.99,11.091
2016-03-07,11.851,12.19,12.34,11.851
2016-03-08,12.07,12.0,12.1,11.421
2016-03-09,11.691,11.771,11.831,11.441
2016-03-10,11.711,11.361,11.891,11.331
2016-03-11,11.471,11.741,11.741,11.101
2016-03-14,11.94,12.14,12.44,11.831
2016-03-15,12.13,11.811,12.13,11.791
2016-03-16,11.95,11.93,12.1,11.611
2016-03-17,11.98,12.35,12.46,11.801
2016-03-18,12.46,13.189,13.589,12.32
2016-03-21,13.659,13.909,14.159,13.269
2016-03-22,13.619,13.439,13.889,13.419
2016-03-23,13.189,13.489,13.779,12.99
2016-03-24,13.209,13.219,13.649,13.01
2016-03-25,13.02,13.369,13.469,13.02
2016-03-28,13.409,13.349,14.139,13.219
2016-03-29,13.189,12.82,13.309,12.64
2016-03-30,12.94,13.339,13.369,12.85
2016-03-31,13.259,13.789,13.929,13.12
2016-04-01,13.589,13.789,13.939,13.409
2016-04-05,13.739,14.798,14.898,13.619
2016-04-06,14.538,14.638,15.318,14.438
2016-04-07,14.448,14.259,14.658,14.019
2016-04-08,14.129,14.618,14.618,13.889
2016-04-11,14.898,14.618,14.938,14.588
2016-04-12,14.518,14.389,14.628,14.089
2016-04-13,14.428,14.688,15.088,14.428
2016-04-14,14.738,15.158,15.238,14.668
2016-04-15,15.188,15.168,15.248,14.978
2016-04-18,15.078,15.618,15.937,14.708
2016-04-19,15.288,15.338,15.668,15.178
2016-04-20,15.268,13.849,15.388,13.809
2016-04-21,13.789,14.039,14.139,13.689
2016-04-22,13.899,14.049,14.169,13.839
2016-04-25,13.889,13.709,13.989,13.389
2016-04-26,13.569,13.739,13.769,13.429
2016-04-27,13.769,13.889,13.939,13.639
2016-04-28,13.789,14.678,14.938,13.719
2016-04-29,14.339,14.069,14.668,13.999
2016-05-03,13.989,14.399,14.578,13.589
2016-05-04,14.289,14.269,14.538,14.119
2016-05-05,14.269,14.778,14.818,13.989
2016-05-06,14.648,14.139,14.878,13.989
2016-05-09,13.989,13.14,13.989,12.87
2016-05-10,13.15,13.199,13.409,13.1
2016-05-11,13.1,12.86,13.399,12.79
2016-05-12,12.59,12.44,12.66,12.12
2016-05-13,12.36,12.35,12.66,12.24
2016-05-16,12.36,12.54,12.55,12.19
2016-05-17,12.59,12.36,12.63,12.25
2016-05-18,12.36,11.691,12.36,11.491
2016-05-19,11.791,11.681,12.06,11.671
2016-05-20,11.591,11.98,11.99,11.491
2016-05-23,12.0,11.99,12.06,11.851
2016-05-24,11.98,12.41,12.43,11.671
2016-11-09,13.65,13.65,13.65,13.65
2017-05-22,13.88,13.78,13.88,12.29
2017-05-23,13.24,13.26,13.75,12.93
2017-05-24,13.48,13.55,14.33,12.86
2017-05-25,13.5,13.08,13.56,12.9
2017-05-26,13.0,13.03,13.15,12.75
2017-05-31,13.07,11.75,13.16,11.73
2017-06-01,11.8,12.18,12.33,11.51
2017-06-02,11.91,12.0,12.22,11.79
2017-06-05,11.91,12.11,12.37,11.91
2017-06-06,12.2,12.46,12.54,12.11
2017-06-07,12.46,12.59,12.63,12.32
2017-06-08,12.5,12.53,12.74,12.49
2017-06-09,12.48,12.49,12.67,12.24
2017-06-12,12.49,12.4,12.63,12.27
2017-06-13,12.4,12.43,12.52,12.35
2017-06-14,12.43,12.29,12.46,12.06
2017-06-15,12.33,12.48,12.58,12.21
2017-06-16,12.55,12.41,12.6,12.39
2017-06-19,12.7,12.52,12.79,12.43
2017-06-20,12.49,12.53,12.67,12.46
2017-06-21,12.55,13.16,13.3,12.44
2017-06-22,13.03,12.93,13.15,12.93
2017-06-23,12.83,13.5,13.67,12.8
2017-06-26,13.4,13.8,13.89,13.33
2017-06-27,13.96,13.87,14.0,13.73
2017-06-28,13.87,14.28,14.44,13.61
2017-06-29,14.37,14.2,14.49,14.14
2017-06-30,14.22,13.85,14.44,13.82
2017-07-03,13.95,14.05,14.09,13.8
2017-07-04,14.18,14.32,14.35,14.04
2017-07-05,14.32,14.25,14.46,14.18
2017-07-06,14.25,14.19,14.43,14.15
2017-07-07,14.19,14.01,14.28,13.95
2017-07-10,13.94,14.3,14.56,13.91
2017-07-11,14.2,14.19,14.49,14.15
2017-07-12,14.15,14.15,14.23,13.89
2017-07-13,14.25,13.87,14.3,13.85
2017-07-14,13.82,13.8,13.99,13.75
2017-07-17,13.73,13.13,13.73,12.45
2017-07-18,13.02,13.31,13.39,13.01
2017-07-19,13.55,13.22,13.55,12.91
2017-07-20,13.3,13.37,13.55,13.16
2017-07-21,13.2,13.32,13.65,13.2
2017-07-24,13.2,13.2,13.45,13.18
2017-07-25,13.2,13.32,13.33,13.12
2017-07-26,13.31,14.04,14.08,13.31
2017-07-27,14.1,14.07,14.21,13.79
2017-07-28,14.0,13.99,14.09,13.88
2017-07-31,13.95,14.03,14.28,13.9
2017-08-01,14.2,13.92,14.2,13.83
2017-08-02,13.86,13.68,13.98,13.65
2017-08-03,13.67,13.47,13.78,13.46
2017-08-04,13.4,13.44,13.57,13.29
2017-08-07,13.45,13.46,13.65,13.36
2017-08-08,13.58,13.32,13.58,13.3
2017-08-09,13.37,13.32,13.43,13.25
2017-08-10,13.3,13.3,13.45,13.18
2017-08-11,13.32,13.23,13.44,13.15
2017-08-14,13.19,13.41,13.47,13.16
2017-08-15,13.44,13.43,13.51,13.35
2017-08-16,13.42,13.48,13.48,13.28
2017-08-17,13.46,13.48,13.48,13.33
2017-08-18,13.45,13.43,13.46,13.32
2017-08-21,13.47,13.36,13.49,13.28
2017-08-22,13.3,13.21,13.4,13.21
2017-08-23,13.15,13.01,13.34,12.98
2017-08-24,12.79,12.9,13.15,12.79
2017-08-25,12.9,13.24,13.39,12.88
2017-08-28,13.6,13.3,13.6,13.3
2017-08-29,13.3,13.15,13.3,13.14
2017-08-30,13.15,13.68,14.06,13.14
2017-08-31,13.61,13.65,13.67,13.45
2017-09-01,13.65,13.52,13.65,13.45
2017-09-04,13.62,13.72,13.76,13.42
2017-09-05,13.65,13.77,13.97,13.65
2017-09-06,13.71,13.79,13.86,13.42
2017-09-07,13.78,13.6,13.78,13.52
2017-09-08,13.52,13.53,13.67,13.51
2017-09-11,13.49,13.37,13.58,13.3
2017-09-12,13.37,13.35,13.45,13.25
2017-09-13,13.27,13.36,13.4,13.23
2017-09-14,13.3,13.31,13.44,13.28
2017-09-15,13.3,13.37,13.49,13.15
2017-09-18,13.37,13.37,13.41,13.26
2017-09-19,13.3,13.27,13.4,13.25
2017-09-20,13.25,13.26,13.27,13.18
2017-09-21,13.27,13.37,13.45,13.21
2017-09-22,13.37,13.47,13.53,13.2
2017-09-25,13.39,12.91,13.49,12.9
2017-09-26,12.8,12.95,13.1,12.7
2017-09-27,12.89,13.18,13.3,12.89
2017-09-28,13.2,13.7,13.7,13.05
2017-09-29,14.2,13.85,14.2,13.53
2017-10-09,13.84,13.79,13.99,13.72
2017-10-10,13.74,13.55,13.78,13.3
2017-10-11,13.52,13.32,13.66,13.22
2017-10-12,13.22,13.36,13.45,13.22
2017-10-13,13.28,13.31,13.42,13.24
2017-10-16,13.28,13.06,13.35,13.06
2017-10-17,13.04,13.2,13.29,12.93
2017-10-18,13.1,13.05,13.2,13.05
2017-10-19,13.07,12.96,13.13,12.93
2017-10-20,12.9,12.97,13.0,12.9
2017-10-23,12.91,12.98,13.07,12.91
2017-10-24,13.06,12.91,13.09,12.87
2017-10-25,12.8,12.99,13.0,12.8
2017-10-26,12.92,12.96,13.01,12.9
2017-10-27,12.99,12.96,13.05,12.92
2017-10-30,12.91,12.45,12.96,12.31
2017-10-31,12.49,12.6,12.64,12.38
2017-11-01,12.6,12.48,12.64,12.47
2017-11-02,12.46,12.5,12.61,12.34
2017-11-03,12.5,12.31,12.58,12.27
2017-11-06,12.32,12.24,12.33,12.12
2017-11-07,12.23,12.13,12.23,12.03
2017-11-08,11.98,12.35,12.58,11.98
2017-11-09,12.35,12.25,12.35,12.2
2017-11-10,12.21,12.25,12.33,12.17
2017-11-13,12.2,12.02,12.2,12.01
2017-11-14,12.05,11.94,12.14,11.9
2017-11-15,11.94,11.86,11.99,11.8
2017-11-16,11.88,11.52,11.94,11.51
2017-11-17,11.52,11.69,11.77,11.5
2017-11-20,11.69,11.3,11.75,11.06
2017-11-21,11.26,11.88,11.95,11.21
2017-11-22,11.65,12.05,12.13,11.48
2017-11-23,11.96,11.85,12.09,11.73
2017-11-24,11.87,11.8,12.06,11.71
2017-11-27,11.72,11.8,11.84,11.56
2017-11-28,11.82,11.88,11.9,11.76
2017-11-29,11.89,11.9,11.99,11.76
2017-11-30,11.9,11.82,11.99,11.67
2017-12-01,11.82,11.82,11.83,11.68
2017-12-04,11.77,11.8,11.81,11.61
2017-12-05,11.79,11.8,11.83,11.69
2017-12-06,11.73,11.8,11.88,11.66
2017-12-07,11.81,11.85,11.85,11.65
2017-12-08,11.83,11.84,11.95,11.73
2017-12-11,12.49,12.31,12.81,12.26
2017-12-12,12.22,11.91,12.41,11.91
2017-12-13,11.8,11.87,11.97,11.76
2017-12-14,12.0,12.2,12.38,12.0
2017-12-15,12.19,11.97,12.19,11.9
2017-12-18,11.97,11.8,12.0,11.52
2017-12-19,11.8,11.8,11.83,11.67
2017-12-20,11.85,11.76,11.85,11.62
2017-12-21,11.68,11.75,11.76,11.6
2017-12-22,11.7,11.68,11.71,11.37
2017-12-25,11.59,11.6,11.68,11.35
2017-12-26,11.55,11.72,11.77,11.49
2017-12-27,11.72,11.56,11.72,11.45
2017-12-28,11.56,11.51,11.65,11.45
2017-12-29,11.46,11.49,11.58,11.44
2018-01-02,11.51,11.56,11.68,11.51
2018-01-03,11.6,11.62,11.65,11.54
2018-01-04,11.59,11.45,11.62,11.44
2018-01-05,11.48,11.33,11.48,11.17
2018-01-08,11.31,11.07,11.31,11.07
2018-01-09,11.11,11.02,11.35,10.91
2018-01-10,11.0,11.03,11.04,10.84
2018-01-11,11.01,11.2,11.34,10.86
2018-01-12,11.22,11.17,11.31,11.01
2018-01-15,11.01,10.7,11.01,10.51
2018-01-16,10.7,10.44,10.79,10.29
2018-01-17,10.31,10.54,10.55,10.1
2018-01-18,10.45,10.5,10.63,10.36
2018-01-19,10.55,10.48,10.55,10.37
2018-01-22,10.42,10.47,10.47,10.27
2018-01-23,10.44,10.26,10.44,10.2
2018-01-24,10.26,10.19,10.29,10.01
2018-01-25,10.19,10.03,10.24,10.01
2018-01-26,10.08,9.89,10.11,9.82
2018-01-29,9.87,9.81,10.04,9.8
2018-01-30,9.84,9.93,10.03,9.82
2018-01-31,8.97,10.09,10.2,8.97
2018-02-01,9.92,9.94,10.03,9.35
2018-02-02,9.9,9.97,9.98,9.6
2018-02-05,9.82,9.84,9.95,9.65
2018-02-06,9.66,9.52,9.79,9.4
2018-02-07,9.48,9.38,9.64,9.2
2018-02-08,9.25,9.57,9.6,9.21
2018-02-09,9.42,9.1,9.56,9.0
2018-02-12,9.11,9.55,9.6,9.09
2018-02-13,9.57,9.34,9.69,9.3
2018-02-14,9.47,9.4,9.47,9.34
2018-02-22,9.9,9.57,9.9,9.45
2018-02-23,9.5,9.44,9.57,9.41
2018-02-26,9.44,9.57,9.65,9.41
2018-02-27,9.52,9.56,9.77,9.52
2018-02-28,9.6,9.68,9.75,9.5
2018-03-01,9.63,10.33,10.49,9.6
2018-03-02,10.17,10.08,10.22,10.0
2018-03-05,10.08,10.02,10.12,9.89
2018-03-06,9.99,10.1,10.16,9.99
2018-03-07,10.05,10.05,10.1,10.0
2018-03-08,10.05,9.92,10.09,9.86
2018-03-09,9.95,10.14,10.14,9.92
2018-03-12,10.21,10.24,10.29,10.1
2018-03-13,10.23,10.12,10.25,10.1
2018-03-14,10.06,9.89,10.11,9.87
2018-03-15,9.9,9.8,9.95,9.68
2018-03-16,9.95,10.3,10.78,9.94
2018-03-19,10.05,10.9,11.33,10.05
2018-03-20,10.72,10.85,11.2,10.72
2018-03-21,10.75,10.36,10.92,10.33
2018-03-22,10.42,10.8,10.99,10.39
2018-03-23,10.39,10.15,10.66,9.9
2018-03-26,9.99,10.15,10.19,9.6
2018-03-27,10.2,10.5,10.65,10.2
2018-03-28,10.5,10.4,10.55,10.3
2018-03-29,10.48,10.46,10.52,10.25
2018-03-30,10.37,10.56,10.64,10.37
2018-04-02,10.56,10.7,10.83,10.38
2018-04-03,10.51,10.39,10.57,10.29
2018-04-04,10.45,10.28,10.51,10.27
2018-04-09,10.19,10.3,10.42,10.13
2018-04-10,10.3,10.29,10.39,10.23
2018-04-11,10.29,10.32,10.44,10.27
2018-04-12,10.27,10.15,10.34,10.13
2018-04-13,10.15,10.08,10.26,10.06
2018-04-16,10.16,10.1,10.24,10.03
2018-04-17,10.1,9.82,10.17,9.7
2018-04-18,9.8,9.89,9.96,9.65
2018-04-19,9.89,9.9,10.05,9.82
2018-04-20,10.0,10.09,10.46,10.0
2018-04-23,9.93,9.85,10.01,9.8
2018-04-24,9.85,10.1,10.14,9.8
2018-04-25,10.1,10.29,10.3,10.02
2018-04-26,10.3,10.09,10.32,10.02
2018-04-27,10.24,10.31,10.58,10.24
2018-05-02,10.26,10.42,10.45,10.26
2018-05-03,10.44,10.48,10.51,10.14
2018-05-04,10.48,10.63,10.75,10.33
2018-05-07,10.62,10.74,10.79,10.51
2018-05-08,10.76,10.52,10.76,10.38
2018-05-09,10.51,10.57,10.66,10.43
2018-05-10,10.61,10.64,10.69,10.51
2018-05-11,10.66,10.4,10.66,10.38
2018-05-14,10.41,10.77,10.8,10.41
2018-05-15,10.76,10.69,10.77,10.57
2018-05-16,10.62,10.48,10.62,10.45
2018-05-17,10.46,10.45,10.55,10.39
2018-05-18,10.59,10.5,10.59,10.35
2018-05-21,10.52,10.7,10.8,10.43
2018-05-22,10.67,10.94,10.94,10.66
2018-05-23,10.82,10.83,10.97,10.75
2018-05-24,10.83,10.71,10.89,10.7
2018-05-25,10.74,10.72,10.86,10.66
