date,open,close,high,low
2016-05-04,4.56,4.56,4.56,4.56
2016-05-05,4.79,4.79,4.79,4.65
2016-05-06,4.98,4.55,4.99,4.55
2016-05-09,4.4,4.32,4.46,4.32
2016-05-10,4.14,4.1,4.22,4.1
2016-05-11,4.02,3.9,4.09,3.9
2016-05-12,3.74,3.71,3.79,3.71
2016-05-13,3.69,3.83,3.9,3.69
2016-08-16,4.02,4.02,4.02,4.02
2016-08-17,4.22,4.22,4.22,4.22
2016-08-18,4.43,4.43,4.43,4.43
2016-08-19,4.65,4.65,4.65,4.65
2016-08-22,4.88,4.88,4.88,4.88
2016-08-23,5.12,4.99,5.12,4.67
2016-08-24,5.09,5.04,5.09,4.94
2016-08-25,5.14,5.18,5.25,5.01
2016-08-26,5.2,5.44,5.44,5.16
2016-08-29,5.69,5.71,5.71,5.57
2016-08-30,5.85,5.63,5.98,5.58
2016-08-31,5.59,5.72,5.75,5.44
2016-09-01,5.65,5.65,5.88,5.63
2016-09-02,5.58,5.55,5.68,5.55
2016-09-05,5.55,5.75,5.76,5.53
2016-09-06,5.75,5.83,5.96,5.74
2016-09-07,5.83,5.84,5.93,5.8
2016-09-08,5.86,6.13,6.13,5.85
2016-09-09,6.28,6.21,6.44,6.15
2016-09-12,6.08,5.9,6.21,5.9
2016-09-13,5.86,6.2,6.2,5.83
2016-09-14,6.26,6.31,6.44,6.14
2016-09-19,6.32,6.23,6.43,6.15
2016-09-20,6.21,6.14,6.25,6.1
2016-09-21,6.15,6.22,6.27,6.13
2016-09-22,6.26,6.12,6.28,6.11
2016-09-23,5.92,5.88,6.05,5.81
2016-09-26,5.8,5.59,5.8,5.59
2016-09-27,5.55,5.87,5.87,5.5
2016-09-28,5.71,5.8,5.93,5.71
2016-09-29,5.76,5.86,5.92,5.71
2016-09-30,5.89,6.15,6.15,5.83
2016-10-10,6.16,6.27,6.41,6.16
2016-10-11,6.27,6.4,6.45,6.27
2016-10-12,6.4,6.35,6.52,6.29
2016-10-13,6.35,6.25,6.38,6.2
2016-10-14,6.22,6.34,6.42,6.21
2016-10-17,6.33,6.29,6.47,6.28
2016-10-18,6.25,6.41,6.44,6.25
2016-10-19,6.41,6.44,6.49,6.38
2016-10-20,6.44,6.59,6.63,6.34
2016-10-21,6.6,6.65,6.68,6.53
2016-10-24,6.62,6.9,6.9,6.62
2016-10-25,6.93,7.25,7.25,6.88
2016-10-26,7.25,7.16,7.36,7.0
2016-10-27,7.13,7.17,7.35,7.01
2016-10-28,7.19,7.22,7.28,7.1
2016-10-31,7.1,7.1,7.24,7.02
2016-11-01,7.09,7.12,7.16,7.01
2016-11-02,7.14,7.48,7.48,7.08
2016-11-03,7.45,7.4,7.52,7.35
2016-11-04,7.38,7.66,7.75,7.36
2016-11-07,7.66,8.04,8.04,7.62
2017-04-19,7.64,7.64,7.64,7.64
2017-04-20,7.26,7.26,7.26,7.26
2017-04-21,6.9,6.9,6.9,6.9
2017-04-24,6.56,6.56,6.8,6.56
2017-04-25,6.23,6.23,6.34,6.23
2017-04-26,5.92,5.92,5.92,5.92
2017-04-27,5.62,5.62,5.62,5.62
2017-04-28,5.72,5.9,5.9,5.6
2017-05-02,6.2,6.2,6.2,6.2
2017-05-03,6.51,6.51,6.51,6.51
2017-05-04,6.79,6.64,6.8,6.18
2017-05-05,6.58,6.72,6.79,6.5
2017-05-08,6.72,7.06,7.06,6.65
2017-05-09,7.06,7.41,7.41,7.0
2017-05-10,7.6,7.4,7.78,7.4
2017-05-11,7.05,7.03,7.4,7.03
2017-05-12,7.19,7.38,7.38,7.12
2017-05-15,7.75,7.61,7.75,7.52
2017-05-16,7.51,7.98,7.98,7.46
2017-05-17,8.05,8.38,8.38,8.01
2017-05-18,8.48,8.61,8.77,8.02
2017-05-19,8.7,8.58,8.79,8.45
2017-05-22,8.58,8.17,8.63,8.15
2017-05-24,7.7,7.78,8.57,7.4
2017-05-25,7.67,7.27,7.86,7.05
2017-05-26,7.2,8.0,8.0,7.2
2017-05-31,8.38,8.8,8.8,8.18
2017-06-01,9.18,9.22,9.68,8.5
2017-06-02,9.04,9.05,9.29,8.6
2017-06-05,9.03,8.59,9.2,8.53
2017-06-06,8.67,9.45,9.45,8.21
2017-06-07,9.45,9.74,10.11,9.36
2017-06-08,9.61,9.53,9.89,9.41
2017-06-09,9.43,9.28,9.6,9.28
2017-06-12,9.3,9.59,9.8,9.17
2017-06-13,9.51,9.5,9.78,9.3
2017-06-14,9.51,9.31,9.75,9.27
2017-06-15,9.31,9.3,9.65,8.84
2017-06-16,9.25,8.93,9.29,8.9
2017-06-19,8.98,8.71,8.99,8.64
2017-06-20,8.72,8.81,8.95,8.66
2017-06-21,8.71,8.7,8.82,8.66
2017-06-22,8.66,8.33,8.7,8.11
2017-06-23,8.28,8.34,8.58,8.14
2017-06-26,8.18,8.17,8.35,8.13
2017-06-27,8.19,8.99,8.99,8.13
2017-06-28,9.24,8.85,9.36,8.81
2017-06-29,9.0,8.77,9.04,8.72
2017-06-30,8.8,8.93,9.18,8.73
2017-07-03,9.0,8.85,9.04,8.81
2017-07-04,8.8,8.55,8.81,8.52
2017-07-05,8.51,8.62,8.75,8.46
2017-07-06,8.64,8.37,8.67,8.35
2017-07-07,8.37,8.52,8.74,8.27
2017-07-10,8.45,8.55,8.7,8.4
2017-07-11,8.45,8.39,8.54,8.39
2017-07-12,8.38,8.4,8.47,8.2
2017-07-13,8.38,8.44,8.63,8.31
2017-07-14,8.52,8.34,8.53,8.33
2017-07-17,8.32,7.85,8.41,7.56
2017-07-18,7.82,7.89,7.97,7.8
2017-07-19,7.88,7.89,7.95,7.84
2017-07-20,7.92,8.17,8.56,7.86
2017-07-21,8.1,7.93,8.17,7.9
2017-07-24,7.95,7.94,8.12,7.83
2017-07-25,7.93,7.84,7.97,7.83
2017-07-26,7.85,7.86,7.98,7.82
2017-07-27,7.81,7.64,7.86,7.58
2017-07-28,7.62,7.62,7.81,7.61
2017-07-31,7.7,7.79,7.91,7.62
2017-08-01,7.8,7.69,7.8,7.64
2017-08-02,7.68,8.05,8.3,7.68
2017-08-03,8.05,8.38,8.48,8.02
2017-08-04,8.38,8.06,8.43,8.05
2017-08-07,8.03,8.16,8.3,7.92
2017-08-08,8.13,8.09,8.26,8.06
2017-08-09,8.25,8.01,8.3,8.0
2017-08-10,7.92,7.73,8.0,7.7
2017-08-11,7.62,7.42,7.62,7.22
2017-08-14,7.41,7.48,7.7,7.39
2017-08-15,7.46,7.36,7.54,7.3
2017-08-16,7.41,7.35,7.47,7.31
2017-08-17,7.43,7.43,7.54,7.37
2017-08-18,7.4,7.43,7.49,7.36
2017-08-21,7.48,7.43,7.5,7.38
2017-08-22,7.41,7.2,7.44,7.17
2017-08-23,7.2,6.92,7.2,6.73
2017-08-24,6.89,6.77,6.92,6.72
2017-08-25,6.77,6.84,6.92,6.71
2017-08-28,6.87,7.05,7.13,6.75
2017-08-29,7.03,7.05,7.13,7.02
2017-08-30,7.0,6.99,7.05,6.9
2017-08-31,6.99,6.92,6.99,6.81
2017-09-01,6.85,7.04,7.09,6.85
2017-09-04,7.05,6.99,7.16,6.96
2017-09-05,6.99,6.94,7.05,6.92
2017-09-06,6.95,7.0,7.02,6.85
2017-09-07,7.04,6.98,7.05,6.93
2017-09-08,6.94,7.06,7.1,6.94
2017-09-11,7.11,7.09,7.12,7.03
2017-09-12,7.09,7.23,7.3,7.0
2017-09-13,7.19,7.16,7.29,7.15
2017-09-14,7.16,6.94,7.2,6.91
2017-09-15,6.94,6.88,7.0,6.85
2017-09-18,6.89,7.13,7.15,6.84
2017-09-19,7.1,6.98,7.13,6.96
2017-09-20,6.94,7.04,7.1,6.92
2017-09-21,6.99,6.86,7.05,6.86
2017-09-22,6.86,6.78,6.91,6.74
2017-09-25,6.78,6.48,6.78,6.47
2017-09-26,6.53,6.54,6.63,6.48
2017-09-27,6.58,6.55,6.58,6.51
2017-09-28,6.57,6.5,6.58,6.37
2017-09-29,6.51,6.8,7.15,6.5
2017-10-09,6.76,6.97,7.09,6.68
2017-10-10,6.91,6.92,7.05,6.89
2017-10-11,6.91,6.81,6.97,6.8
2017-10-12,6.81,6.88,7.0,6.72
2017-10-13,6.86,6.83,6.89,6.8
2017-10-16,6.85,6.9,6.94,6.76
2017-10-17,6.85,6.9,6.95,6.8
2017-10-18,6.86,6.96,7.17,6.86
2017-10-19,6.9,6.8,7.0,6.79
2017-10-20,6.8,6.83,6.85,6.74
2017-10-23,6.8,6.76,6.87,6.75
2017-10-24,6.75,6.77,6.86,6.75
2017-10-25,6.76,6.86,6.89,6.73
2017-10-26,6.95,7.01,7.07,6.89
2017-10-27,7.05,7.0,7.07,6.93
2017-10-30,7.2,7.15,7.6,7.11
2017-10-31,7.24,7.04,7.24,7.03
2017-11-01,7.03,6.94,7.08,6.92
2017-11-02,6.96,7.14,7.19,6.96
2017-11-03,7.1,6.87,7.11,6.7
2017-11-06,6.8,6.86,7.09,6.75
2017-11-07,6.83,6.7,6.87,6.67
2017-11-08,6.69,6.72,6.76,6.62
2017-11-09,6.69,6.69,6.75,6.66
2017-11-10,6.66,6.62,6.71,6.53
2017-11-13,6.6,6.26,6.6,6.19
2017-11-14,6.18,6.05,6.28,5.98
2017-11-15,6.06,6.0,6.06,5.95
2017-11-16,6.01,6.01,6.05,5.98
2017-11-17,5.99,5.78,6.0,5.68
2017-11-20,5.7,5.72,5.76,5.53
2017-11-21,5.72,6.02,6.04,5.72
2017-11-22,6.1,6.02,6.1,5.93
2017-11-23,5.99,6.02,6.23,5.93
2017-11-24,5.98,5.9,6.07,5.88
2017-11-27,5.85,5.75,5.88,5.74
2017-11-28,5.73,5.78,5.79,5.68
2017-11-29,5.78,5.84,5.84,5.65
2017-11-30,5.81,5.76,5.87,5.75
2017-12-01,5.75,5.77,5.8,5.7
2017-12-04,5.78,5.72,5.83,5.72
2017-12-05,5.72,5.51,5.74,5.5
2017-12-06,5.48,5.43,5.5,5.19
2017-12-07,5.4,5.44,5.53,5.36
2017-12-08,5.33,5.47,5.52,5.33
2017-12-11,5.44,5.71,5.8,5.44
2017-12-12,5.76,5.59,5.8,5.58
2017-12-13,5.66,5.64,5.68,5.61
2017-12-14,5.68,5.63,5.68,5.58
2017-12-15,5.63,5.58,5.63,5.53
2017-12-18,5.59,5.56,5.65,5.54
2017-12-19,5.56,5.54,5.59,5.53
2017-12-20,5.55,5.41,5.56,5.39
2017-12-21,5.43,5.41,5.44,5.32
2017-12-22,5.37,5.32,5.46,5.3
2017-12-25,5.3,5.19,5.31,5.17
2017-12-26,5.2,5.3,5.3,5.16
2017-12-27,5.29,5.25,5.42,5.22
2017-12-28,5.25,5.33,5.41,5.22
2017-12-29,5.31,5.37,5.38,5.29
2018-01-02,5.38,5.38,5.43,5.35
2018-01-03,5.36,5.43,5.47,5.36
2018-01-04,5.4,5.4,5.45,5.36
2018-01-05,5.4,5.4,5.41,5.33
2018-01-08,5.39,5.44,5.45,5.37
2018-01-09,5.44,5.4,5.44,5.38
2018-01-10,5.4,5.94,5.94,5.4
2018-01-11,6.14,6.05,6.28,5.99
2018-01-12,5.95,5.79,5.99,5.74
2018-01-15,5.74,5.55,5.75,5.48
2018-01-16,5.52,5.6,5.65,5.48
2018-01-17,5.59,5.45,5.59,5.4
2018-01-18,5.46,5.46,5.5,5.43
2018-01-19,5.47,5.53,5.58,5.46
2018-01-22,5.52,5.65,5.74,5.43
2018-01-23,5.61,5.84,5.95,5.57
2018-01-24,5.8,5.76,5.87,5.72
2018-01-25,5.8,5.75,5.94,5.75
2018-01-26,5.76,5.72,5.82,5.7
2018-01-29,5.69,5.6,5.83,5.6
2018-01-30,5.6,5.56,5.65,5.55
2018-01-31,5.51,5.46,5.55,5.35
2018-02-01,5.41,5.19,5.52,5.16
2018-02-02,5.19,5.25,5.29,5.11
2018-02-05,5.15,5.18,5.26,5.12
2018-02-06,5.13,5.0,5.15,5.0
2018-02-07,5.1,4.96,5.15,4.79
2018-02-08,4.96,5.02,5.03,4.93
2018-02-09,4.89,4.69,4.94,4.63
2018-02-12,4.73,4.85,4.87,4.73
2018-02-13,4.88,4.9,4.99,4.81
2018-02-14,4.96,4.91,4.96,4.86
2018-02-22,4.92,5.02,5.08,4.92
2018-02-23,5.0,4.99,5.07,4.96
2018-02-26,4.99,5.02,5.02,4.94
2018-02-27,5.03,4.95,5.05,4.93
2018-02-28,4.94,4.91,4.94,4.85
2018-03-01,4.89,4.91,4.96,4.81
2018-03-02,4.88,4.92,4.94,4.85
2018-03-05,4.89,4.92,4.94,4.88
2018-03-06,4.92,5.08,5.18,4.91
2018-03-07,5.07,4.98,5.07,4.95
2018-03-08,4.98,5.06,5.1,4.98
2018-03-09,5.04,5.08,5.08,4.99
2018-03-12,5.08,5.1,5.11,4.99
2018-03-13,5.08,5.1,5.17,5.04
2018-03-14,5.06,5.05,5.14,5.04
2018-03-15,5.05,5.14,5.28,5.02
2018-03-16,5.09,5.11,5.16,5.04
2018-03-19,5.1,5.0,5.12,4.98
2018-03-20,4.98,4.89,4.98,4.85
2018-03-21,4.9,4.81,4.95,4.81
2018-03-22,4.83,4.81,4.86,4.78
2018-03-23,4.66,4.52,4.74,4.5
2018-03-26,4.43,4.54,4.56,4.38
2018-03-27,4.58,4.64,4.67,4.57
2018-03-28,4.6,4.57,4.61,4.55
2018-03-29,4.57,4.59,4.63,4.55
2018-03-30,4.62,4.63,4.64,4.57
2018-04-02,4.62,4.69,4.84,4.59
2018-04-03,4.63,4.57,4.66,4.57
2018-04-04,4.61,4.53,4.67,4.51
2018-04-09,4.5,4.5,4.58,4.39
2018-04-10,4.49,4.55,4.57,4.49
2018-04-11,4.56,4.56,4.6,4.53
2018-04-12,4.56,4.82,4.82,4.54
2018-04-13,4.77,5.3,5.3,4.71
2018-04-16,5.09,4.9,5.3,4.82
2018-04-17,4.91,4.94,5.3,4.76
2018-04-18,4.86,4.9,4.95,4.75
2018-04-19,5.0,5.02,5.15,4.99
2018-04-20,4.88,4.8,4.95,4.78
2018-04-23,4.8,4.86,4.86,4.7
2018-04-24,4.8,4.86,4.89,4.74
2018-04-25,4.82,4.76,4.82,4.75
2018-04-26,4.76,4.57,4.76,4.55
2018-04-27,4.62,4.56,4.63,4.55
2018-05-02,4.56,4.63,4.72,4.51
2018-05-03,4.6,4.66,4.7,4.57
2018-05-04,4.66,4.67,4.74,4.66
2018-05-07,4.67,4.69,4.72,4.64
2018-05-08,4.7,4.68,4.72,4.66
2018-05-09,4.68,4.62,4.68,4.57
2018-05-10,4.63,4.6,4.63,4.53
2018-05-11,4.62,4.6,4.62,4.55
2018-05-14,4.61,4.58,4.64,4.55
2018-05-15,4.58,4.59,4.62,4.56
2018-05-16,4.59,4.55,4.61,4.54
2018-05-17,4.55,4.51,4.55,4.51
2018-05-18,4.5,4.52,4.53,4.48
2018-05-21,4.52,4.56,4.61,4.51
2018-05-22,4.56,4.51,4.58,4.49
2018-05-23,4.5,4.45,4.5,4.43
2018-05-24,4.44,4.44,4.49,4.42
2018-05-25,4.43,4.4,4.45,4.39
