date,open,close,high,low
2016-01-04,20.38,18.3,20.46,18.3
2016-01-05,16.7,17.34,17.86,16.47
2016-01-06,17.9,18.16,18.3,17.49
2016-01-07,17.58,16.34,17.64,16.34
2016-01-08,16.94,16.2,16.99,15.06
2016-01-11,15.7,14.58,15.78,14.58
2016-01-12,14.65,14.86,15.24,14.21
2016-01-13,15.05,13.93,15.15,13.8
2016-01-14,13.53,14.9,14.98,13.14
2016-01-15,14.64,14.09,14.86,13.8
2016-01-18,13.57,14.78,15.09,13.25
2016-01-19,14.7,15.63,15.78,14.62
2016-01-20,15.45,15.75,16.39,14.95
2016-01-21,15.2,14.19,15.68,14.18
2016-01-22,14.46,14.64,14.83,14.08
2016-01-25,14.74,14.82,15.13,14.52
2016-01-26,14.5,13.34,14.69,13.34
2016-01-27,13.25,13.12,13.6,12.28
2016-01-28,12.95,13.2,14.25,12.72
2016-01-29,13.3,14.52,14.52,13.27
2016-02-01,15.97,15.76,15.97,15.01
2016-02-02,15.27,16.28,16.77,15.14
2016-02-03,15.7,15.86,16.09,15.26
2016-02-04,15.87,16.15,16.5,15.87
2016-02-05,16.09,15.56,16.14,15.41
2016-02-15,14.8,15.75,16.14,14.7
2016-02-16,15.9,16.44,16.78,15.8
2016-02-17,16.26,17.13,17.68,16.16
2016-02-18,16.95,16.61,17.87,16.59
2016-02-19,16.17,16.51,16.76,16.17
2016-02-22,16.83,16.91,16.96,16.5
2016-02-23,16.86,17.37,17.42,16.73
2016-02-24,17.3,16.86,17.3,16.52
2016-02-25,16.72,15.17,16.89,15.17
2016-02-26,15.26,14.62,15.34,14.38
2016-02-29,14.3,13.16,14.3,13.16
2016-03-01,13.22,13.91,14.3,12.8
2016-03-02,13.8,14.85,14.95,13.68
2016-03-03,14.71,14.91,16.08,14.56
2016-03-04,14.6,14.02,14.79,13.78
2016-03-07,14.1,14.34,14.8,14.1
2016-03-08,14.25,14.24,14.35,13.35
2016-03-09,13.81,13.8,14.15,13.71
2016-03-10,13.86,13.9,14.5,13.7
2016-03-11,13.6,13.7,13.9,13.43
2016-03-14,13.91,14.28,14.61,13.88
2016-03-15,14.23,14.03,14.55,13.98
2016-03-16,14.38,13.93,14.38,13.7
2016-03-17,14.03,14.6,14.68,13.92
2016-03-18,14.61,15.22,15.5,14.55
2016-03-21,15.51,15.58,15.88,15.13
2016-03-22,15.42,15.71,16.17,15.26
2016-03-23,15.51,16.06,16.38,15.51
2016-03-24,15.93,15.86,16.43,15.65
2016-03-25,15.76,16.29,16.37,15.65
2016-03-28,16.54,15.97,17.0,15.9
2016-03-29,15.8,15.63,16.39,15.35
2016-03-30,15.8,16.31,16.31,15.7
2016-03-31,16.34,16.47,16.7,16.21
2016-04-01,16.39,16.09,16.47,15.68
2016-04-05,16.07,17.02,17.16,16.07
2016-04-06,16.8,16.77,16.95,16.51
2016-04-07,16.88,16.6,17.28,16.58
2016-04-08,16.35,16.45,16.5,15.8
2016-04-11,16.54,16.73,16.93,16.54
2016-04-12,16.59,16.49,16.6,16.04
2016-04-13,16.51,16.74,17.16,16.51
2016-04-14,16.75,17.59,17.8,16.65
2016-04-15,17.49,17.47,17.68,17.12
2016-04-18,17.21,17.25,17.38,16.94
2016-04-19,17.46,17.22,17.56,17.0
2016-04-20,17.17,16.01,17.35,15.6
2016-04-21,16.01,15.47,16.25,15.45
2016-04-22,15.11,15.54,15.58,15.11
2016-04-25,15.57,15.83,15.88,15.3
2016-04-26,15.82,15.98,15.98,15.61
2016-04-27,16.01,15.78,16.25,15.76
2016-04-28,15.88,15.86,15.95,15.45
2016-04-29,15.75,15.98,16.09,15.58
2016-05-03,16.0,16.64,16.69,15.9
2016-05-04,16.5,16.75,16.87,16.4
2016-05-05,16.7,17.24,17.49,16.61
2016-05-20,15.52,15.52,15.52,15.52
2016-05-23,14.5,15.1,15.11,14.5
2016-05-24,14.92,15.42,16.31,14.85
2016-05-25,15.3,15.19,15.51,15.01
2016-05-26,15.1,14.99,15.18,14.2
2016-05-27,14.92,15.15,15.46,14.76
2016-05-30,15.1,15.22,15.45,14.74
2016-05-31,15.23,15.71,15.78,15.23
2016-06-01,15.69,17.28,17.28,15.65
2016-09-02,19.01,19.01,19.01,19.01
2016-09-05,20.91,20.91,20.91,20.91
2016-09-06,21.9,21.27,22.58,20.95
2016-09-07,21.8,22.88,23.4,21.14
2016-09-08,22.0,22.55,22.6,21.5
2016-09-09,22.96,22.95,24.8,22.66
2016-09-12,21.71,23.15,23.4,21.66
2016-09-13,23.3,25.11,25.37,23.03
2016-09-14,24.02,22.6,24.25,22.6
2016-09-19,22.23,22.47,22.7,21.76
2016-09-20,22.3,22.73,22.79,21.89
2016-09-21,22.5,21.36,22.8,21.3
2016-09-22,21.65,22.0,22.45,21.5
2016-09-23,21.96,23.25,23.66,21.68
2016-09-26,22.81,21.84,23.47,21.78
2016-09-27,21.65,21.81,22.03,20.96
2016-09-28,21.78,22.2,22.48,21.56
2016-09-29,22.1,22.55,23.18,21.83
2016-09-30,22.55,22.7,23.27,22.43
2016-10-10,22.88,23.0,23.28,22.03
2016-10-11,22.8,23.9,24.65,22.7
2016-10-12,23.7,23.88,23.9,23.16
2016-10-13,23.75,23.25,24.44,23.2
2016-10-14,23.0,23.3,23.5,22.85
2016-10-17,23.1,23.19,23.82,22.91
2016-10-18,23.3,23.52,23.57,22.95
2016-10-19,23.5,24.26,24.5,23.1
2016-10-20,24.15,23.34,24.15,23.33
2016-10-21,23.06,22.94,23.25,22.47
2016-10-24,22.98,23.68,23.73,22.85
2016-10-25,23.48,23.96,24.16,23.23
2016-10-26,23.91,24.58,25.6,23.62
2016-10-27,24.0,23.5,24.1,23.3
2016-10-28,23.45,22.7,23.78,22.68
2016-10-31,22.26,22.51,22.56,21.82
2016-11-01,22.5,23.15,23.41,22.25
2016-11-02,23.1,23.45,24.13,22.9
2016-11-03,23.02,24.42,24.96,22.96
2016-11-04,24.42,24.69,25.2,23.83
2016-11-07,24.27,25.3,25.58,24.0
2016-11-08,25.2,24.9,25.5,24.63
2016-11-09,24.81,24.38,24.96,23.94
2016-11-10,24.8,25.11,25.92,24.4
2016-11-11,25.0,24.31,25.3,24.25
2016-11-14,24.0,23.82,24.66,23.71
2016-11-15,23.9,24.35,24.46,23.62
2016-11-16,24.38,24.73,24.87,24.1
2016-11-17,24.75,24.42,24.76,24.0
2016-11-18,24.38,24.21,24.68,24.18
2016-11-21,24.0,24.55,24.73,23.9
2016-11-22,24.54,24.9,25.1,24.17
2016-11-23,24.81,24.4,25.0,24.28
2016-11-24,24.23,24.03,24.65,24.0
2016-11-25,23.97,24.25,24.32,23.56
2016-11-28,24.25,23.97,24.45,23.95
2016-11-29,23.98,23.5,24.27,23.38
2016-11-30,23.16,23.51,23.85,23.16
2016-12-01,23.57,23.39,23.6,23.29
2016-12-02,23.39,22.58,23.49,22.56
2016-12-05,22.3,22.63,22.77,21.86
2016-12-06,22.66,22.78,23.01,22.63
2016-12-07,22.83,22.89,23.0,22.63
2016-12-08,22.85,22.9,23.13,22.8
2016-12-09,22.9,22.37,23.06,22.25
2016-12-12,22.32,20.82,22.35,20.79
2016-12-13,21.05,21.4,21.84,20.73
2016-12-14,21.3,21.13,21.5,21.03
2016-12-15,20.98,21.27,21.6,20.98
2016-12-16,21.39,21.8,21.9,21.39
2016-12-19,21.8,21.71,21.98,21.62
2016-12-20,21.71,21.67,21.85,21.4
2016-12-21,21.8,21.7,22.08,21.6
2016-12-22,21.41,21.56,21.79,21.41
2016-12-23,21.56,21.56,21.82,21.43
2016-12-26,21.53,21.64,21.68,20.9
2016-12-27,21.62,21.68,21.95,21.55
2016-12-28,21.61,21.85,21.93,21.61
2016-12-29,21.84,21.32,21.85,21.3
2016-12-30,21.38,21.34,21.54,21.3
2017-01-03,21.4,21.57,21.68,21.31
2017-01-04,21.63,21.75,21.78,21.33
2017-01-05,21.75,22.24,22.48,21.61
2017-01-06,22.12,22.32,22.49,21.91
2017-01-09,22.34,22.13,22.49,22.05
2017-01-10,22.13,21.79,22.13,21.65
2017-01-11,21.78,21.73,22.14,21.64
2017-01-12,21.73,21.25,21.86,21.09
2017-01-13,21.35,20.97,21.43,20.95
2017-01-16,20.95,19.52,21.13,18.92
2017-01-17,19.4,19.76,19.88,19.25
2017-01-18,19.76,19.61,19.85,19.59
2017-01-19,19.57,19.65,19.8,19.47
2017-01-20,19.67,20.16,20.23,19.66
2017-01-23,20.16,20.21,20.36,20.07
2017-01-24,20.17,20.23,20.29,19.95
2017-01-25,20.25,20.52,20.68,20.08
2017-01-26,20.53,20.56,20.75,20.39
2017-02-03,20.59,20.5,20.75,20.41
2017-02-06,20.5,20.77,20.84,20.5
2017-02-07,20.7,21.11,21.15,20.66
2017-02-08,21.0,21.02,21.1,20.7
2017-02-09,21.0,21.24,21.3,21.0
2017-02-10,21.25,20.9,21.38,20.87
2017-02-13,20.62,20.91,21.02,20.62
2017-02-14,20.88,20.97,21.04,20.81
2017-02-15,21.05,20.8,21.14,20.63
2017-02-16,20.79,20.83,21.0,20.66
2017-02-17,20.79,20.8,20.97,20.56
2017-02-20,20.82,20.81,20.87,20.6
2017-02-21,20.72,21.01,21.01,20.72
2017-02-22,21.01,21.08,21.25,20.95
2017-02-23,21.08,21.12,21.15,20.9
2017-02-24,21.2,22.07,22.33,20.91
2017-02-27,22.19,21.85,22.49,21.8
2017-02-28,21.85,22.0,22.0,21.7
2017-03-01,22.14,22.73,22.87,22.02
2017-03-02,22.67,22.83,22.94,22.52
2017-03-03,22.84,22.63,22.85,22.58
2017-03-06,22.6,22.56,22.9,22.36
2017-03-07,22.5,22.45,22.68,22.35
2017-03-08,22.4,22.08,22.43,22.01
2017-03-09,22.1,21.83,22.1,21.68
2017-03-10,21.91,21.8,22.19,21.77
2017-03-13,21.65,21.76,21.89,21.48
2017-03-14,21.83,21.71,21.97,21.7
2017-03-15,21.71,21.66,21.88,21.52
2017-03-16,21.61,21.75,21.87,21.61
2017-03-17,21.79,21.68,21.8,21.55
2017-03-20,21.68,21.26,21.74,20.96
2017-03-21,21.22,21.3,21.44,21.1
2017-03-22,21.1,21.57,21.7,21.0
2017-03-23,21.42,21.34,21.61,21.16
2017-03-24,21.2,21.36,21.44,21.18
2017-03-27,21.21,20.95,21.21,20.81
2017-03-28,20.93,20.51,20.97,20.5
2017-03-29,20.46,20.06,20.5,19.8
2017-03-30,20.05,19.5,20.06,19.27
2017-03-31,19.5,19.23,19.7,18.81
2017-04-05,19.45,19.85,19.95,19.2
2017-04-06,19.98,19.82,19.99,19.75
2017-04-07,19.82,19.6,19.95,19.58
2017-04-10,19.6,19.17,19.6,19.13
2017-04-11,19.0,19.06,19.16,18.03
2017-04-12,19.06,18.97,19.3,18.86
2017-04-13,18.97,18.92,19.2,18.79
2017-04-14,18.95,18.45,18.95,18.42
2017-04-17,18.55,18.02,18.55,17.8
2017-04-18,18.03,17.71,18.2,17.68
2017-04-19,17.68,17.08,17.87,16.5
2017-04-20,17.08,17.08,17.38,16.91
2017-04-21,17.23,17.15,17.38,17.01
2017-04-24,17.15,16.48,17.18,16.2
2017-04-25,16.49,16.48,16.68,16.2
2017-04-26,16.6,16.56,16.6,16.27
2017-04-27,16.56,16.86,16.99,15.66
2017-04-28,16.8,16.97,17.07,16.6
2017-05-02,16.9,17.12,17.15,16.4
2017-05-03,17.12,16.95,17.15,16.88
2017-05-04,17.02,16.93,17.05,16.8
2017-05-05,16.73,16.87,16.94,16.7
2017-05-08,16.51,16.92,17.01,16.0
2017-05-09,16.61,16.9,16.97,16.61
2017-05-10,16.91,16.89,17.2,16.82
2017-05-11,16.81,17.05,17.09,16.5
2017-05-12,17.05,16.93,17.05,16.87
2017-05-15,17.12,16.97,17.18,16.88
2017-05-16,16.87,17.08,17.12,16.69
2017-05-17,17.08,17.09,17.16,16.98
2017-05-18,17.0,16.85,17.09,16.8
2017-05-19,16.82,17.04,17.14,16.54
2017-05-22,17.0,16.95,17.26,16.73
2017-05-23,16.81,18.44,18.65,16.76
2017-05-24,17.9,17.9,18.18,17.4
2017-05-25,17.76,18.15,18.15,17.3
2017-05-26,17.85,17.65,18.13,17.61
2017-05-31,17.61,17.22,17.82,17.18
2017-06-01,17.19,17.24,17.25,16.56
2017-06-02,17.16,17.29,17.43,16.78
2017-06-05,17.28,17.18,17.33,17.12
2017-06-06,17.05,17.15,17.26,17.05
2017-06-07,17.12,17.42,17.5,17.11
2017-06-08,17.31,17.68,17.98,17.31
2017-06-09,17.61,17.66,17.75,17.49
2017-06-12,17.58,17.12,17.6,17.12
2017-06-13,17.02,17.3,17.3,17.01
2017-06-14,17.27,17.5,18.1,17.1
2017-06-15,17.28,17.55,17.64,17.28
2017-06-16,17.5,17.53,17.57,17.41
2017-06-19,17.52,17.46,17.53,17.39
2017-06-20,17.4,17.4,17.5,17.33
2017-06-21,17.45,17.15,17.45,17.08
2017-06-22,17.16,17.02,17.18,16.86
2017-06-23,17.03,16.98,17.12,16.68
2017-06-26,16.77,17.37,17.57,16.51
2017-06-27,17.21,17.0,17.33,16.95
2017-06-28,16.8,16.85,17.15,16.8
2017-06-29,16.35,16.87,17.1,16.35
2017-06-30,16.83,16.78,16.88,16.65
2017-07-03,16.75,16.7,16.78,16.61
2017-07-04,16.86,16.65,16.86,16.61
2017-07-05,16.76,16.74,16.88,16.66
2017-07-06,16.74,16.68,16.84,16.62
2017-07-07,16.66,16.75,16.86,16.5
2017-07-10,16.65,16.6,16.74,16.45
2017-07-11,16.52,16.62,16.79,16.5
2017-07-12,16.5,16.6,16.65,16.23
2017-07-13,16.6,16.6,16.65,16.31
2017-07-14,16.58,16.81,17.15,16.4
2017-07-17,16.7,15.5,16.77,15.13
2017-07-18,15.45,15.45,15.67,15.16
2017-07-19,15.4,15.33,15.5,15.12
2017-07-20,15.44,15.51,15.79,15.18
2017-07-21,15.35,15.36,15.55,15.33
2017-07-24,15.19,15.36,15.38,15.19
2017-07-25,15.35,15.32,15.36,15.18
2017-07-26,15.21,15.41,15.41,15.18
2017-07-27,15.39,15.57,15.58,15.23
2017-07-28,15.7,16.95,17.13,15.52
2017-07-31,16.7,16.47,16.86,16.4
2017-08-01,16.33,16.26,16.72,16.2
2017-08-02,16.15,15.87,16.47,15.85
2017-08-03,15.8,15.71,15.88,15.5
2017-08-04,15.7,15.62,15.89,15.52
2017-08-07,15.62,15.75,15.8,15.52
2017-08-08,15.75,15.7,15.82,15.51
2017-08-09,15.7,15.55,15.7,15.51
2017-08-10,15.52,15.48,15.52,15.22
2017-08-11,15.3,15.3,15.44,15.2
2017-08-14,15.3,15.46,15.49,15.28
2017-08-15,15.6,15.73,15.79,15.47
2017-08-16,15.72,15.66,15.76,15.5
2017-08-17,15.66,15.68,15.76,15.53
2017-08-18,15.67,15.61,15.67,15.51
2017-08-21,15.5,15.57,15.7,15.5
2017-08-22,15.68,15.52,15.68,15.52
2017-08-23,15.42,15.52,15.71,15.42
2017-08-24,15.45,15.47,15.61,15.33
2017-08-25,15.47,15.57,15.64,15.36
2017-08-28,15.73,15.65,15.78,15.5
2017-08-29,15.63,15.65,15.79,15.61
2017-08-30,15.6,15.7,15.88,15.59
2017-08-31,15.7,15.72,15.8,15.61
2017-09-01,15.8,15.76,15.8,15.67
2017-09-04,15.76,16.05,16.76,15.74
2017-09-05,16.0,15.92,16.06,15.8
2017-09-06,15.76,15.97,15.99,15.74
2017-09-07,16.03,16.14,16.66,16.01
2017-09-08,16.01,16.02,16.18,15.9
2017-09-11,16.0,16.08,16.14,15.96
2017-09-12,16.06,16.33,16.58,16.01
2017-09-13,16.3,16.56,16.59,16.18
2017-09-14,16.67,17.03,17.1,16.66
2017-09-15,17.0,16.56,17.05,16.55
2017-09-18,16.54,16.7,16.92,16.31
2017-09-19,16.6,16.33,16.75,16.3
2017-09-20,16.3,16.46,16.5,16.18
2017-09-21,16.42,16.27,16.45,16.22
2017-09-22,16.27,16.31,16.48,16.17
2017-09-25,16.24,16.0,16.37,15.96
2017-09-26,16.0,16.25,16.3,16.0
2017-09-27,16.26,16.42,16.73,16.26
2017-09-28,16.3,16.22,16.38,16.13
2017-09-29,16.15,16.31,16.34,16.15
2017-10-09,16.33,16.42,16.54,16.32
2017-10-10,16.42,16.5,16.52,16.28
2017-10-11,16.5,16.45,16.6,16.37
2017-10-12,16.45,16.25,16.45,16.16
2017-10-13,16.33,16.24,16.33,16.15
2017-10-16,16.31,15.59,16.31,15.58
2017-10-17,15.7,15.52,15.7,15.43
2017-10-18,15.44,15.45,15.58,15.2
2017-10-19,15.38,15.62,15.65,15.22
2017-10-20,15.59,15.65,15.75,15.5
2017-10-23,15.65,15.65,15.75,15.58
2017-10-24,15.75,15.58,15.75,15.5
2017-10-25,15.5,15.59,15.64,15.43
2017-10-26,15.53,15.69,15.74,15.42
2017-10-27,15.7,15.6,15.75,15.52
2017-10-30,15.65,15.5,15.66,15.11
2017-10-31,15.5,15.9,15.9,15.32
2017-11-01,16.5,16.05,16.54,16.04
2017-11-02,15.84,15.54,16.03,15.54
2017-11-03,15.51,15.53,15.68,15.41
2017-11-06,15.43,15.52,15.63,15.2
2017-11-07,15.5,15.5,15.56,15.2
2017-11-08,15.35,15.65,15.69,15.34
2017-11-09,15.65,15.57,15.66,15.46
2017-11-10,15.52,15.51,15.64,15.42
2017-11-13,15.45,15.5,15.5,15.3
2017-11-14,15.47,15.32,15.5,15.27
2017-11-15,15.28,15.24,15.36,15.21
2017-11-16,15.24,15.36,15.36,15.17
2017-11-17,15.36,15.21,15.37,14.63
2017-11-20,15.15,16.04,16.36,15.0
2017-11-21,16.04,16.0,16.16,15.82
2017-11-22,15.99,16.28,16.3,15.76
2017-11-23,17.91,16.9,17.91,16.55
2017-11-24,16.5,16.91,17.36,16.49
2017-11-27,16.66,16.27,16.8,16.09
2017-11-28,16.17,16.32,16.59,16.17
2017-11-29,16.22,16.49,16.5,16.2
2017-11-30,16.35,16.3,16.45,16.01
2017-12-01,16.27,16.25,16.35,16.12
2017-12-04,16.22,16.18,16.38,16.08
2017-12-05,16.13,16.23,16.26,16.03
2017-12-06,16.29,16.26,16.29,16.06
2017-12-07,16.18,15.54,16.24,15.51
2017-12-08,15.4,15.44,15.63,15.31
2017-12-11,15.49,15.51,15.57,15.37
2017-12-12,15.45,15.33,15.49,15.3
2017-12-13,15.3,15.4,15.42,15.2
2017-12-14,15.34,15.51,15.57,15.27
2017-12-15,15.9,15.67,16.07,15.59
2017-12-18,15.55,15.77,15.78,15.33
2017-12-19,15.71,15.87,15.88,15.64
2017-12-20,16.0,15.64,16.03,15.64
2017-12-21,15.6,15.52,15.63,15.42
2017-12-22,15.52,15.57,15.77,15.49
2017-12-25,15.52,15.49,15.55,15.28
2017-12-26,15.38,15.58,15.68,15.33
2017-12-27,15.49,15.61,15.63,15.3
2017-12-28,15.47,15.7,15.85,15.47
2017-12-29,15.61,15.81,15.83,15.56
2018-01-02,15.84,15.79,15.9,15.7
2018-01-03,15.81,15.92,15.96,15.73
2018-01-04,15.92,15.8,15.96,15.72
2018-01-05,15.75,16.02,16.13,15.58
2018-01-08,16.05,16.4,16.6,15.9
2018-01-09,16.4,16.18,16.44,16.11
2018-01-10,16.11,15.89,16.35,15.82
2018-01-11,15.86,16.02,16.2,15.86
2018-01-12,16.0,16.07,16.29,15.92
2018-01-15,15.89,16.21,16.21,15.67
2018-01-16,16.09,16.28,16.39,16.08
2018-01-17,16.28,16.1,16.31,15.93
2018-01-18,16.0,16.22,16.3,15.91
2018-01-19,16.22,15.99,16.3,15.9
2018-01-22,15.98,15.99,16.12,15.9
2018-01-23,15.86,15.87,16.09,15.85
2018-01-24,16.7,16.24,16.75,16.15
2018-01-25,16.0,16.18,16.4,15.9
2018-01-26,16.01,15.81,16.28,15.75
2018-01-29,15.81,16.13,16.14,15.61
2018-01-30,16.1,16.46,16.54,16.0
2018-01-31,16.57,16.33,16.89,16.28
2018-02-01,16.21,16.0,16.4,15.65
2018-02-02,16.14,16.57,16.88,15.98
2018-02-05,16.54,16.61,16.65,15.6
2018-02-06,16.19,16.03,16.35,15.83
2018-02-07,16.11,16.04,16.29,15.58
2018-02-08,16.01,16.05,16.15,15.84
2018-02-09,16.0,15.5,16.0,15.2
2018-02-12,15.95,15.87,16.15,15.5
2018-02-13,16.05,16.21,16.48,16.04
2018-02-14,16.2,16.01,16.2,15.85
2018-02-22,16.06,16.05,16.23,15.93
2018-02-23,16.06,15.9,16.14,15.8
2018-02-26,15.87,16.18,16.21,15.82
2018-02-27,16.16,16.36,16.42,16.04
2018-02-28,16.15,16.15,16.32,16.12
2018-03-01,16.12,16.16,16.25,16.02
2018-03-02,16.15,16.44,16.66,16.08
2018-03-05,16.56,16.38,16.57,16.29
2018-03-06,16.38,16.42,16.47,16.2
2018-03-07,16.4,16.05,16.4,16.03
2018-03-08,15.9,15.85,16.05,15.82
2018-03-09,15.87,15.82,15.96,15.58
2018-03-12,15.75,15.91,15.97,15.75
2018-03-13,15.85,15.77,15.96,15.76
2018-03-14,15.7,15.75,15.87,15.7
2018-03-15,15.8,15.85,15.95,15.71
2018-03-16,15.89,15.67,15.92,15.61
2018-03-19,15.72,15.66,15.78,15.6
2018-03-20,15.6,15.75,15.77,15.51
2018-03-21,15.79,15.63,15.8,15.6
2018-03-22,15.55,15.55,15.68,15.5
2018-03-23,15.21,15.0,15.3,14.01
2018-03-26,14.5,15.29,15.29,14.45
2018-03-27,15.31,15.29,15.5,15.23
2018-03-28,15.35,15.29,15.35,15.07
2018-03-29,15.4,15.43,15.9,15.39
2018-03-30,15.73,15.47,15.73,15.43
2018-04-02,15.35,15.16,15.45,15.03
2018-04-03,15.22,15.15,15.22,15.0
2018-04-04,15.15,15.17,15.29,15.05
2018-04-09,15.02,15.22,15.29,15.02
2018-04-10,15.11,15.17,15.27,15.1
2018-04-11,15.17,15.12,15.37,15.1
2018-04-12,15.14,15.22,15.25,15.03
2018-04-13,15.14,15.18,15.27,15.14
2018-04-16,15.1,15.06,15.26,15.0
2018-04-17,15.01,15.08,15.1,14.86
2018-04-18,15.07,15.43,15.5,14.88
2018-04-19,15.44,15.34,15.6,15.28
2018-04-20,15.31,14.98,15.31,14.95
2018-04-23,14.96,15.14,15.33,14.69
2018-04-24,15.14,15.19,15.28,14.98
2018-04-25,15.11,15.19,15.34,15.11
2018-04-26,15.11,15.18,15.27,14.92
2018-04-27,15.02,15.01,15.17,14.9
2018-05-02,14.99,14.95,15.04,14.86
2018-05-03,14.87,14.96,14.97,14.81
2018-05-04,14.82,14.91,15.14,14.82
2018-05-07,14.83,15.0,15.04,14.83
2018-05-08,15.07,14.96,15.07,14.92
2018-05-09,15.01,14.85,15.01,14.85
2018-05-10,14.83,14.89,14.95,14.8
2018-05-11,14.85,14.86,14.93,14.72
2018-05-14,14.95,14.73,14.95,14.72
2018-05-15,14.85,14.87,14.88,14.56
2018-05-16,14.87,14.83,14.88,14.67
2018-05-17,14.73,14.83,14.83,14.7
2018-05-18,14.85,14.81,14.85,14.66
2018-05-21,14.87,14.86,14.9,14.77
2018-05-22,14.94,14.87,14.94,14.71
2018-05-23,14.7,14.72,14.84,14.69
2018-05-24,14.76,14.87,14.87,14.6
2018-05-25,14.87,14.86,14.92,14.69
