date,open,close,high,low
2016-01-04,10.99,9.96,11.21,9.96
2016-01-05,8.96,9.17,9.96,8.96
2016-01-06,9.09,9.4,9.44,9.09
2016-01-07,9.26,8.46,9.28,8.46
2016-01-08,8.74,8.35,8.9,7.7
2016-01-11,8.17,7.52,8.24,7.52
2016-01-12,7.6,7.44,7.65,7.06
2016-01-13,7.56,7.15,7.67,7.14
2016-01-14,6.8,7.44,7.5,6.8
2016-01-15,7.43,7.07,7.45,7.0
2016-01-18,6.88,7.24,7.4,6.79
2016-01-19,7.24,7.96,7.96,7.15
2016-01-20,7.96,8.08,8.51,7.82
2016-01-21,7.9,7.51,8.06,7.5
2016-01-22,7.52,7.82,7.85,7.39
2016-01-25,7.92,7.97,8.16,7.82
2016-01-26,7.84,7.17,7.9,7.17
2016-01-27,7.36,7.23,7.36,6.56
2016-01-28,7.07,6.7,7.27,6.61
2016-01-29,6.68,7.08,7.27,6.62
2016-02-01,7.15,7.08,7.27,6.9
2016-02-02,7.08,7.28,7.4,7.03
2016-02-03,7.2,7.32,7.38,7.08
2016-02-04,7.32,7.53,7.6,7.3
2016-02-05,7.6,7.41,7.87,7.4
2016-02-15,7.0,7.28,7.39,6.98
2016-02-16,7.37,8.01,8.01,7.33
2016-02-17,8.1,8.58,8.8,7.92
2016-02-18,8.45,8.32,8.57,8.28
2016-02-19,8.21,8.31,8.44,8.18
2016-02-22,8.41,8.45,8.66,8.31
2016-02-23,8.35,8.39,8.48,8.08
2016-02-24,8.35,8.52,8.54,8.1
2016-02-25,8.5,7.7,8.5,7.67
2016-02-26,7.88,8.47,8.47,7.56
2016-02-29,8.47,9.1,9.18,7.97
2016-03-01,8.65,9.24,9.55,8.55
2016-03-02,8.99,9.82,9.82,8.9
2016-03-03,9.7,10.73,10.75,9.65
2016-03-04,10.55,11.5,11.71,10.52
2016-03-07,11.52,12.08,12.6,10.96
2016-03-08,11.88,11.74,12.1,11.3
2016-03-09,11.51,12.29,12.3,11.4
2016-03-10,12.2,12.84,12.95,12.0
2016-03-11,12.6,13.73,13.88,12.5
2016-03-14,13.7,12.94,14.1,12.76
2016-03-15,12.28,11.65,12.5,11.65
2016-03-16,11.2,11.16,11.38,10.71
2016-03-17,10.92,11.19,11.3,10.73
2016-03-18,11.1,11.24,11.49,11.01
2016-03-21,11.23,12.36,12.36,11.17
2016-03-22,12.0,12.95,13.5,11.84
2016-03-23,12.7,13.2,13.49,12.35
2016-03-24,12.96,11.88,13.2,11.88
2016-03-25,11.55,11.88,12.48,11.4
2016-03-28,11.83,13.07,13.07,11.75
2016-03-29,12.74,12.3,13.45,12.01
2016-03-30,12.4,13.53,13.53,11.96
2016-03-31,13.91,14.88,14.88,13.31
2016-04-01,15.12,14.08,15.69,13.98
2016-04-05,13.8,14.35,14.83,13.65
2016-04-06,14.1,14.6,14.63,13.61
2016-04-07,14.3,13.79,14.57,13.68
2016-04-08,13.3,13.45,13.79,13.03
2016-04-11,13.58,13.45,13.96,13.42
2016-04-12,13.24,12.9,13.25,12.7
2016-04-13,12.94,13.09,13.56,12.94
2016-04-14,13.2,13.95,13.99,13.14
2016-04-15,13.77,14.43,14.98,13.76
2016-04-18,14.15,13.64,14.2,13.5
2016-04-19,13.81,14.67,14.92,13.57
2016-04-20,14.5,13.58,14.78,13.2
2016-04-21,13.44,12.48,13.44,12.35
2016-04-22,12.2,12.83,13.0,11.8
2016-04-25,12.72,12.29,12.72,11.86
2016-04-26,12.29,12.5,12.54,12.08
2016-04-27,12.4,12.08,12.59,12.0
2016-04-28,12.15,12.45,12.53,11.52
2016-04-29,12.23,12.08,12.45,12.02
2016-05-03,12.17,12.53,12.71,12.01
2016-05-04,12.45,12.8,12.98,12.32
2016-05-05,12.69,12.73,12.89,12.55
2016-05-06,12.74,11.86,12.81,11.85
2016-05-09,11.75,10.78,11.75,10.68
2016-05-10,10.8,10.7,11.06,10.61
2016-05-11,10.85,10.5,10.95,10.36
2016-05-12,10.29,10.71,10.88,9.91
2016-05-13,10.66,10.38,10.8,10.22
2016-05-16,10.38,10.62,10.63,10.21
2016-05-17,10.57,10.65,10.77,10.34
2016-05-18,10.49,9.92,10.49,9.78
2016-05-19,9.95,10.01,10.2,9.95
2016-05-20,9.81,10.08,10.11,9.6
2016-05-23,10.15,10.22,10.36,10.13
2016-05-24,10.22,9.95,10.22,9.9
2016-05-25,10.03,9.93,10.23,9.8
2016-05-26,9.85,10.05,10.06,9.58
2016-05-27,10.05,10.67,10.92,9.91
2016-05-30,10.47,10.46,10.88,10.36
2016-05-31,10.4,10.89,10.97,10.37
2016-06-01,10.83,10.87,11.25,10.83
2016-06-02,10.76,11.96,11.96,10.7
2016-06-03,12.09,11.94,12.46,11.87
2016-06-06,12.07,11.85,12.07,11.69
2016-06-07,11.75,11.88,12.09,11.57
2016-06-08,11.88,11.53,11.88,11.4
2016-06-13,11.2,10.55,11.43,10.5
2016-06-14,10.32,10.83,11.0,10.31
2016-06-15,10.65,11.28,11.6,10.55
2016-06-16,11.38,11.4,11.7,11.15
2016-06-17,11.46,11.2,11.63,11.03
2016-06-20,11.17,11.27,11.31,10.88
2016-06-21,11.4,10.95,11.47,10.85
2016-06-22,10.79,11.04,11.07,10.75
2016-06-23,11.15,11.44,11.6,11.06
2016-06-24,11.32,11.02,11.44,10.38
2016-06-27,10.89,11.35,11.4,10.8
2016-06-28,11.31,11.91,12.2,11.27
2016-06-29,11.81,11.85,12.15,11.61
2016-06-30,11.8,11.71,12.03,11.6
2016-07-01,11.71,11.74,12.07,11.7
2016-07-04,11.6,11.85,11.98,11.5
2016-07-05,11.9,12.5,12.95,11.88
2016-07-06,12.47,12.43,12.65,12.22
2016-07-07,12.31,12.18,12.4,11.86
2016-07-08,12.15,12.26,12.6,12.1
2016-07-11,12.29,12.07,12.45,12.05
2016-07-12,11.98,12.35,12.35,11.91
2016-07-13,12.38,12.54,12.84,12.35
2016-07-14,12.5,12.31,12.56,12.17
2016-07-15,12.35,12.1,12.38,12.05
2016-07-18,12.1,12.17,12.22,12.02
2016-07-19,12.21,12.17,12.21,11.96
2016-07-20,12.18,12.03,12.19,12.01
2016-07-21,12.08,12.03,12.14,11.97
2016-07-22,12.13,12.23,12.29,12.01
2016-07-25,12.28,12.35,12.39,12.12
2016-07-26,12.3,12.84,13.27,12.26
2016-07-27,12.95,11.82,13.0,11.62
2016-07-28,11.7,11.55,11.97,11.3
2016-07-29,11.6,11.1,11.63,11.0
2016-08-01,11.09,11.1,11.2,10.5
2016-08-02,11.07,11.15,11.28,11.02
2016-08-03,11.15,11.11,11.2,11.04
2016-08-04,11.11,11.09,11.18,10.78
2016-08-05,11.06,10.97,11.19,10.96
2016-08-08,10.9,11.01,11.01,10.71
2016-08-09,10.95,11.14,11.2,10.94
2016-08-10,11.18,11.15,11.31,11.11
2016-08-11,11.1,10.87,11.16,10.85
2016-08-12,10.8,10.93,10.95,10.75
2016-08-15,10.9,11.5,11.54,10.9
2016-08-16,11.5,11.52,11.56,11.3
2016-08-17,11.48,12.03,12.09,11.4
2016-08-18,12.0,11.67,12.0,11.6
2016-08-19,11.68,11.63,11.77,11.57
2016-08-22,11.62,11.39,11.73,11.39
2016-08-23,11.4,11.46,11.6,11.36
2016-08-24,11.53,11.45,11.59,11.41
2016-08-25,11.34,11.24,11.42,11.14
2016-08-26,11.28,11.2,11.37,11.18
2016-08-29,11.25,11.28,11.35,11.16
2016-08-30,11.23,11.26,11.47,11.2
2016-08-31,11.21,11.17,11.28,11.03
2016-09-01,11.22,11.17,11.22,11.1
2016-09-02,11.17,11.11,11.32,11.1
2016-09-05,11.2,11.68,12.03,11.12
2016-09-06,11.61,11.7,11.74,11.42
2016-09-07,11.69,11.99,12.03,11.6
2016-09-08,11.88,11.79,11.96,11.53
2016-09-09,11.8,11.81,12.25,11.58
2016-09-12,11.6,11.02,11.65,10.92
2016-09-13,11.03,11.27,11.39,11.02
2016-09-14,11.13,11.19,11.36,11.08
2016-09-19,11.24,11.23,11.4,11.12
2016-09-20,11.26,11.12,11.3,11.1
2016-09-21,11.12,11.08,11.21,11.05
2016-09-22,11.16,11.12,11.18,11.08
2016-09-23,11.15,10.94,11.16,10.93
2016-09-26,11.0,10.95,11.08,10.76
2016-09-27,10.93,11.04,11.05,10.89
2016-09-28,10.99,11.04,11.15,10.92
2016-09-29,11.04,10.98,11.12,10.92
2016-09-30,10.98,11.07,11.13,10.96
2016-10-10,11.07,11.3,11.31,11.07
2016-10-11,11.33,11.26,11.35,11.18
2016-10-12,11.23,11.18,11.25,11.11
2016-10-13,11.13,11.2,11.24,11.13
2016-10-14,11.19,11.19,11.21,11.1
2016-10-17,11.15,11.03,11.28,11.03
2016-10-18,11.03,11.18,11.2,11.01
2016-10-19,11.19,11.32,11.39,11.14
2016-10-20,11.33,11.33,11.6,11.24
2016-10-21,11.38,11.19,11.46,11.1
2016-10-24,11.21,11.21,11.32,11.1
2016-10-25,11.22,11.31,11.38,11.22
2016-10-26,11.34,11.22,11.37,11.18
2016-10-27,11.21,11.22,11.26,11.14
2016-10-28,11.26,11.53,11.75,11.25
2016-10-31,11.45,12.09,12.55,11.4
2016-11-01,11.95,12.14,12.14,11.77
2016-11-02,12.01,11.82,12.07,11.79
2016-11-03,11.71,11.68,11.76,11.45
2016-11-04,11.6,11.62,11.69,11.47
2016-11-07,11.64,11.52,11.64,11.5
2016-11-08,11.52,11.57,11.63,11.47
2016-11-09,11.54,11.68,11.9,11.5
2016-11-10,11.81,11.69,11.88,11.57
2016-11-11,11.71,11.76,11.85,11.62
2016-11-14,11.72,12.21,12.26,11.62
2016-11-15,12.2,12.25,12.5,12.02
2016-11-16,12.27,12.16,12.34,12.03
2016-11-17,12.18,12.5,12.65,12.1
2016-11-18,12.4,12.27,12.53,12.15
2016-11-21,12.26,12.15,12.26,12.03
2016-11-22,12.09,12.32,12.37,12.08
2016-11-23,12.28,12.62,12.86,12.23
2016-11-24,12.66,12.4,12.66,12.3
2016-11-25,12.41,12.26,12.5,11.88
2016-11-28,12.26,12.14,12.35,12.05
2016-11-29,12.11,11.6,12.28,11.58
2016-11-30,11.58,11.34,11.69,11.3
2016-12-01,11.37,11.39,11.49,11.3
2016-12-02,11.41,11.15,11.48,11.1
2016-12-05,11.09,11.24,11.3,11.0
2016-12-06,11.29,11.31,11.44,11.25
2016-12-07,11.38,11.34,11.41,11.15
2016-12-08,11.36,11.22,11.39,11.2
2016-12-09,11.22,11.22,11.37,11.14
2016-12-12,11.18,10.23,11.3,10.1
2016-12-13,10.23,10.23,10.3,10.03
2016-12-14,10.29,10.1,10.29,10.08
2016-12-15,10.05,10.19,10.29,10.05
2016-12-16,10.17,10.58,10.87,10.1
2016-12-19,10.5,10.7,10.79,10.4
2016-12-20,10.69,10.61,10.74,10.53
2016-12-21,10.61,10.98,11.05,10.6
2016-12-22,10.9,10.85,10.99,10.8
2016-12-23,10.85,10.73,10.94,10.65
2016-12-26,10.84,10.83,10.88,10.61
2016-12-27,10.82,10.7,11.0,10.66
2016-12-28,10.77,10.56,10.83,10.56
2016-12-29,10.57,10.59,10.65,10.49
2016-12-30,10.64,10.61,10.68,10.52
2017-01-03,10.69,10.91,10.99,10.56
2017-01-04,10.92,10.92,10.94,10.76
2017-01-05,10.92,10.87,11.06,10.86
2017-01-06,10.86,10.67,10.94,10.66
2017-01-09,10.54,10.87,10.97,10.54
2017-01-10,10.92,10.76,10.92,10.73
2017-01-11,10.71,10.58,10.85,10.55
2017-01-12,10.75,11.64,11.64,10.68
2017-01-13,11.98,12.8,12.8,11.8
2017-01-16,13.39,13.74,14.08,13.2
2017-01-17,13.0,15.11,15.11,12.37
2017-01-18,16.5,16.62,16.62,16.18
2017-01-26,17.01,15.3,17.15,14.98
2017-02-03,15.0,14.65,15.25,14.36
2017-02-06,14.5,14.7,15.29,14.26
2017-02-07,14.53,14.87,15.25,14.41
2017-02-08,14.62,15.36,15.87,14.46
2017-02-09,15.07,14.91,15.63,14.85
2017-02-10,14.56,14.04,14.85,14.01
2017-02-13,13.99,14.21,14.27,13.87
2017-02-14,14.12,14.26,14.38,13.93
2017-02-15,14.19,13.81,14.3,13.72
2017-02-16,13.76,14.25,14.3,13.76
2017-02-17,14.17,13.36,14.24,13.25
2017-02-20,13.35,13.61,13.64,13.19
2017-02-21,13.6,13.55,13.73,13.4
2017-02-22,13.58,13.64,14.04,13.46
2017-02-23,13.56,14.03,14.32,13.26
2017-02-24,13.85,13.56,13.92,13.38
2017-02-27,13.37,13.58,13.65,13.36
2017-02-28,13.58,13.78,13.94,13.5
2017-03-01,13.81,13.85,13.89,13.57
2017-03-02,13.75,13.16,13.86,13.15
2017-03-03,13.0,12.87,13.12,12.8
2017-03-06,12.83,12.99,13.04,12.81
2017-03-07,13.01,13.08,13.28,12.95
2017-03-08,12.99,13.3,13.5,12.9
2017-03-09,13.17,13.22,13.45,13.04
2017-03-10,13.25,13.69,13.77,13.25
2017-03-13,13.69,13.58,13.69,13.34
2017-03-14,13.52,13.47,13.74,13.35
2017-03-15,13.4,13.49,14.23,13.33
2017-03-16,13.23,13.4,13.55,13.22
2017-03-17,13.4,13.63,13.85,13.28
2017-03-20,13.6,14.04,14.08,13.48
2017-03-21,13.9,13.97,14.03,13.75
2017-03-22,13.92,13.68,14.15,13.63
2017-03-23,13.6,13.22,13.68,13.03
2017-03-24,13.45,13.4,13.5,13.05
2017-03-27,13.31,14.39,14.74,13.26
2017-03-28,14.0,14.01,14.18,13.76
2017-03-29,13.9,14.02,14.3,13.64
2017-03-30,13.91,13.14,13.91,13.04
2017-03-31,13.33,13.76,14.45,13.23
2017-04-05,13.38,13.28,13.47,12.38
2017-04-06,13.0,12.91,13.25,12.73
2017-04-07,12.92,13.04,13.25,12.78
2017-04-10,13.1,12.42,13.1,12.4
2017-04-11,12.32,12.55,12.55,12.14
2017-04-12,12.45,12.25,12.49,12.25
2017-04-13,12.25,12.28,12.37,12.05
2017-04-14,12.2,11.7,12.27,11.65
2017-04-17,11.65,11.31,11.68,11.05
2017-04-18,11.31,11.15,11.52,11.09
2017-04-19,11.21,11.22,11.33,10.88
2017-04-20,11.23,11.3,11.47,11.08
2017-04-21,11.31,11.29,11.44,11.22
2017-04-24,11.15,10.38,11.21,10.33
2017-04-25,10.41,10.58,10.7,10.34
2017-04-26,10.56,10.51,10.62,10.41
2017-04-27,10.5,10.42,10.5,9.88
2017-04-28,10.33,10.57,10.6,10.33
2017-05-02,10.51,11.19,11.53,10.45
2017-05-03,11.0,11.05,11.18,10.91
2017-05-04,11.04,11.04,11.12,10.85
2017-05-05,11.16,11.18,11.49,11.08
2017-05-08,11.01,10.58,11.18,10.46
2017-05-09,10.48,10.84,10.93,10.41
2017-05-10,10.85,10.68,11.1,10.51
2017-05-11,10.51,10.88,10.95,10.4
2017-05-12,10.88,10.95,11.14,10.83
2017-05-15,10.97,10.74,11.1,10.66
2017-05-16,10.65,11.12,11.14,10.5
2017-05-17,11.19,11.18,11.35,11.05
2017-05-18,10.96,11.06,11.18,10.9
2017-05-19,11.07,10.87,11.16,10.82
2017-05-22,10.87,10.62,11.04,10.58
2017-05-23,10.75,9.91,10.85,9.88
2017-05-24,9.88,9.4,9.88,8.93
2017-05-25,9.34,9.44,9.48,9.08
2017-05-26,9.46,9.41,9.67,9.31
2017-05-31,9.49,9.22,9.6,9.2
2017-06-01,9.15,8.36,9.18,8.35
2017-06-02,8.43,8.55,8.59,8.18
2017-06-05,8.59,8.63,8.76,8.56
2017-06-06,8.62,8.97,9.19,8.51
2017-06-07,8.88,9.35,9.54,8.8
2017-06-08,9.25,9.63,10.0,9.2
2017-06-09,9.54,9.53,9.76,9.49
2017-06-12,9.88,9.58,9.88,9.53
2017-06-13,9.5,9.57,9.64,9.42
2017-06-14,9.52,9.63,9.88,9.46
2017-06-15,9.52,9.98,10.26,9.52
2017-06-16,9.85,9.77,9.96,9.77
2017-06-19,9.79,9.82,9.88,9.75
2017-06-20,9.79,9.81,10.0,9.79
2017-06-21,9.88,9.84,9.9,9.73
2017-06-22,9.8,9.57,10.0,9.55
2017-06-23,9.48,9.46,9.66,9.21
2017-06-26,9.56,9.99,10.3,9.53
2017-06-27,9.99,10.6,10.81,9.92
2017-06-28,10.42,10.49,10.88,10.32
2017-06-29,10.67,10.39,10.78,10.27
2017-06-30,10.34,10.74,10.79,10.34
2017-07-03,10.79,10.97,11.18,10.68
2017-07-04,10.81,10.79,10.92,10.7
2017-07-05,10.8,10.79,10.8,10.6
2017-07-06,10.85,10.94,10.95,10.62
2017-07-07,10.88,10.77,10.91,10.73
2017-07-10,10.56,10.58,10.85,10.52
2017-07-11,10.55,10.39,10.67,10.33
2017-07-12,10.39,10.6,10.6,10.18
2017-07-13,10.58,10.67,10.83,10.46
2017-07-14,10.66,10.47,10.76,10.42
2017-07-17,10.48,9.42,10.48,9.42
2017-07-18,9.2,9.74,9.9,9.07
2017-07-19,9.67,9.75,9.82,9.58
2017-07-20,9.75,9.64,9.85,9.61
2017-07-21,9.68,9.46,9.73,9.45
2017-07-24,9.3,9.43,9.5,9.3
2017-07-25,9.39,9.46,9.57,9.39
2017-07-26,9.43,9.29,9.53,9.2
2017-07-27,9.29,9.62,9.84,9.13
2017-07-28,9.58,9.73,9.89,9.51
2017-07-31,9.63,9.68,9.82,9.62
2017-08-01,9.64,9.64,9.71,9.54
2017-08-02,9.63,9.33,9.64,9.32
2017-08-03,9.31,9.39,9.52,9.31
2017-08-04,9.39,9.33,9.47,9.32
2017-08-07,9.3,9.4,9.46,9.3
2017-08-08,9.41,9.38,9.48,9.3
2017-08-09,9.4,9.31,9.4,9.25
2017-08-10,9.31,9.17,9.35,9.11
2017-08-11,9.15,9.12,9.29,9.03
2017-08-14,9.12,9.44,9.46,9.12
2017-08-15,9.44,9.45,9.47,9.36
2017-08-16,9.46,9.58,9.68,9.41
2017-08-17,9.58,9.63,9.73,9.53
2017-08-18,9.58,9.79,10.05,9.56
2017-08-21,9.86,9.87,10.04,9.77
2017-08-22,9.9,10.35,10.36,9.79
2017-08-23,10.25,10.63,10.65,10.11
2017-08-24,11.18,10.4,11.4,10.3
2017-08-25,9.9,10.09,10.21,9.71
2017-08-28,10.0,10.06,10.16,9.91
2017-08-29,10.06,9.88,10.06,9.86
2017-08-30,9.9,9.85,9.95,9.79
2017-08-31,9.84,9.97,9.97,9.81
2017-09-01,9.99,10.27,10.3,9.99
2017-09-04,10.25,10.15,10.25,10.08
2017-09-05,10.2,10.02,10.2,10.01
2017-09-06,10.02,10.18,10.2,9.98
2017-09-07,10.19,9.95,10.2,9.95
2017-09-08,9.94,9.89,9.99,9.84
2017-09-11,9.86,10.03,10.08,9.83
2017-09-12,10.03,9.92,10.1,9.89
2017-09-13,9.96,9.91,9.96,9.84
2017-09-14,9.86,9.78,9.91,9.76
2017-09-15,9.73,9.74,9.83,9.7
2017-09-18,9.75,9.79,9.79,9.65
2017-09-19,9.79,9.66,9.82,9.65
2017-09-20,9.63,9.91,9.95,9.63
2017-09-21,9.86,10.02,10.06,9.81
2017-09-22,10.0,10.08,10.16,9.93
2017-09-25,10.03,9.7,10.07,9.65
2017-09-26,9.69,9.58,9.77,9.44
2017-09-27,9.59,9.58,9.65,9.52
2017-09-28,9.58,9.45,9.62,9.45
2017-09-29,9.48,9.58,9.59,9.46
2017-10-09,9.7,9.82,9.86,9.66
2017-10-10,9.93,9.87,9.93,9.78
2017-10-11,9.8,10.02,10.1,9.8
2017-10-12,10.03,9.88,10.05,9.76
2017-10-13,9.83,9.84,9.91,9.76
2017-10-16,9.87,9.51,9.87,9.5
2017-10-17,9.46,9.51,9.59,9.46
2017-10-18,9.51,9.25,9.55,9.23
2017-10-19,9.25,9.16,9.31,9.1
2017-10-20,9.19,9.29,9.29,9.16
2017-10-23,9.29,9.48,9.56,9.29
2017-10-24,9.51,9.32,9.51,9.27
2017-10-25,9.4,9.46,9.47,9.35
2017-10-26,9.42,9.44,9.47,9.39
2017-10-27,9.43,9.45,9.51,9.35
2017-10-30,9.45,9.1,9.49,9.07
2017-10-31,9.1,9.19,9.24,9.09
2017-11-01,9.23,9.17,9.27,9.14
2017-11-02,9.17,8.87,9.17,8.87
2017-11-03,8.9,9.04,9.1,8.89
2017-11-06,9.11,9.07,9.14,9.03
2017-11-07,9.08,9.0,9.13,8.95
2017-11-08,9.0,8.96,9.04,8.94
2017-11-09,8.96,9.01,9.02,8.9
2017-11-10,9.06,8.95,9.06,8.9
2017-11-13,8.92,8.9,8.99,8.89
2017-11-14,8.92,8.69,8.92,8.63
2017-11-15,8.69,8.48,8.69,8.46
2017-11-16,8.4,8.55,8.64,8.39
2017-11-17,8.51,8.16,8.55,8.12
2017-11-20,8.14,8.05,8.15,7.77
2017-11-21,8.08,8.0,8.15,7.98
2017-11-22,8.0,8.02,8.06,7.94
2017-11-23,8.01,7.86,8.01,7.77
2017-11-24,7.79,7.91,7.93,7.77
2017-11-27,7.91,7.77,7.91,7.77
2017-11-28,7.77,7.88,7.88,7.77
2017-11-29,7.99,7.93,8.01,7.85
2017-11-30,8.09,8.42,8.72,8.04
2017-12-01,8.25,8.37,8.56,8.25
2017-12-04,8.25,8.06,8.33,8.02
2017-12-05,8.06,7.75,8.16,7.65
2017-12-06,7.64,7.92,7.94,7.64
2017-12-07,7.85,7.96,7.99,7.85
2017-12-08,7.96,8.09,8.15,7.91
2017-12-11,8.15,8.11,8.15,8.03
2017-12-12,8.12,7.92,8.14,7.9
2017-12-13,7.92,8.11,8.11,7.92
2017-12-14,8.18,8.12,8.28,8.07
2017-12-15,8.15,8.13,8.18,8.06
2017-12-18,8.15,8.04,8.16,7.97
2017-12-19,8.04,8.07,8.1,8.0
2017-12-20,8.07,7.89,8.07,7.88
2017-12-21,7.89,7.88,7.92,7.74
2017-12-22,7.87,7.76,7.88,7.74
2017-12-25,7.77,7.79,7.81,7.66
2017-12-26,7.67,7.83,7.84,7.67
2017-12-27,7.83,7.78,7.86,7.75
2017-12-28,7.79,7.78,7.82,7.74
2017-12-29,7.8,7.9,7.92,7.75
2018-01-02,7.9,7.94,7.96,7.77
2018-01-03,7.95,8.1,8.15,7.88
2018-01-04,8.11,8.01,8.11,7.98
2018-01-05,7.96,8.32,8.42,7.96
2018-01-08,8.3,8.24,8.3,8.11
2018-01-09,8.18,8.21,8.38,8.11
2018-01-10,8.14,8.22,8.32,8.1
2018-01-11,8.16,8.24,8.29,8.11
2018-01-12,8.24,8.11,8.24,8.11
2018-01-15,8.11,7.82,8.11,7.82
2018-01-16,7.8,7.88,7.94,7.8
2018-01-17,7.87,7.87,7.9,7.78
2018-01-18,7.87,8.2,8.32,7.85
2018-01-19,8.14,8.2,8.22,8.08
2018-01-22,8.17,8.47,8.69,8.17
2018-01-23,8.4,8.32,8.44,8.28
2018-01-24,8.32,8.34,8.4,8.21
2018-01-25,8.29,8.18,8.33,8.17
2018-01-26,8.16,8.2,8.26,8.15
2018-01-29,8.21,8.16,8.35,8.15
2018-01-30,8.17,8.07,8.21,8.0
2018-01-31,8.05,7.97,8.11,7.92
2018-02-01,8.04,7.46,8.06,7.3
2018-02-02,7.46,7.4,7.47,7.12
2018-02-05,7.31,7.55,7.56,7.18
2018-02-06,7.35,6.91,7.48,6.9
2018-02-07,7.0,6.84,7.19,6.66
2018-02-08,6.78,6.88,6.96,6.7
2018-02-09,6.76,6.87,6.88,6.68
2018-02-26,7.56,7.24,7.56,7.16
2018-02-27,7.22,7.43,7.68,7.22
2018-02-28,7.15,7.33,7.4,7.15
2018-03-01,7.25,7.62,7.64,7.23
2018-03-02,7.58,7.56,7.79,7.52
2018-03-05,7.73,7.82,7.95,7.68
2018-03-06,7.7,7.76,7.84,7.7
2018-03-07,7.75,7.54,7.75,7.46
2018-03-08,7.55,7.58,7.64,7.5
2018-03-09,7.66,8.34,8.34,7.65
2018-03-12,9.1,8.49,9.16,8.42
2018-03-13,8.38,8.59,8.99,8.38
2018-03-14,8.34,8.17,8.51,8.15
2018-03-15,8.18,8.15,8.28,7.82
2018-03-16,8.15,8.0,8.17,8.0
2018-03-19,7.93,8.02,8.05,7.82
2018-03-20,7.93,7.92,7.96,7.79
2018-03-21,7.87,7.86,8.07,7.83
2018-03-22,7.83,7.95,8.05,7.83
2018-03-23,7.7,7.18,7.7,7.16
2018-03-26,7.11,7.56,7.69,6.8
2018-03-27,7.5,7.69,7.76,7.42
2018-03-28,7.43,7.52,7.62,7.43
2018-03-29,7.52,7.62,7.67,7.52
2018-03-30,7.75,7.76,7.79,7.64
2018-04-02,7.77,7.81,7.92,7.75
2018-04-03,7.68,7.53,7.68,7.47
2018-04-04,7.57,7.38,7.61,7.36
2018-04-09,7.37,7.44,7.48,7.3
2018-04-10,7.45,7.51,7.52,7.4
2018-04-11,7.52,7.51,7.58,7.45
2018-04-12,7.51,7.52,7.58,7.47
2018-04-13,7.56,7.45,7.56,7.42
2018-04-16,7.44,7.33,7.44,7.27
2018-04-17,7.33,7.1,7.37,7.08
2018-04-18,7.13,7.3,7.33,7.03
2018-04-19,7.31,7.28,7.34,7.23
2018-04-20,7.29,7.08,7.29,7.07
2018-04-23,7.08,7.04,7.17,6.98
2018-04-24,7.06,7.25,7.28,7.04
2018-04-25,7.23,7.4,7.42,7.17
2018-04-26,7.58,7.43,7.96,7.41
2018-04-27,7.2,7.24,7.35,7.12
2018-05-02,7.16,7.1,7.23,7.05
2018-05-03,7.12,7.14,7.19,6.95
2018-05-04,7.08,7.17,7.19,7.08
2018-05-07,7.16,7.22,7.23,7.15
2018-05-08,7.22,7.2,7.22,7.06
2018-05-09,7.2,7.25,7.34,7.15
2018-05-10,7.25,7.28,7.31,7.16
2018-05-11,7.25,7.16,7.29,7.15
2018-05-14,7.17,7.88,7.88,7.17
2018-05-15,8.13,7.74,8.14,7.67
2018-05-16,7.57,7.65,7.93,7.54
2018-05-17,7.48,7.56,7.65,7.47
2018-05-18,7.55,7.58,7.66,7.5
2018-05-21,7.66,7.79,7.86,7.56
2018-05-22,7.79,7.76,7.82,7.67
2018-05-23,7.71,7.9,8.16,7.61
2018-05-24,7.88,7.87,7.95,7.79
2018-05-25,7.86,7.64,7.88,7.59
