date,open,close,high,low
2016-01-04,25.428,24.99,26.812,23.795
2016-01-05,23.496,27.2,27.2,23.496
2016-01-06,27.16,27.937,29.052,26.115
2016-01-07,26.861,25.139,27.17,25.139
2016-01-08,25.189,22.64,25.886,22.63
2016-01-11,20.858,20.38,21.107,20.38
2016-01-12,18.817,18.339,19.365,18.339
2016-01-13,18.638,18.399,19.106,17.702
2016-01-14,17.423,18.807,19.076,16.617
2016-01-15,18.269,16.925,18.538,16.925
2016-01-18,16.039,17.154,17.692,15.84
2016-01-19,16.965,18.867,18.867,16.826
2016-01-20,18.767,18.747,19.494,18.12
2016-01-21,18.17,16.876,19.016,16.876
2016-01-22,17.124,17.592,17.821,16.428
2016-01-25,17.921,17.782,18.19,17.343
2016-01-26,17.453,15.999,17.602,15.999
2016-01-27,16.029,15.531,16.179,14.436
2016-01-28,15.233,14.357,15.701,14.237
2016-01-29,14.128,15.332,15.671,14.018
2016-02-01,15.322,14.486,15.322,13.819
2016-02-02,14.486,15.372,15.91,14.347
2016-02-03,15.034,15.631,15.9,14.854
2016-02-04,15.82,16.079,16.288,15.651
2016-02-05,16.089,15.482,16.208,15.462
2016-02-15,14.536,15.502,15.691,14.287
2016-02-16,15.591,16.557,17.055,15.591
2016-02-17,16.428,17.234,17.264,16.238
2016-02-18,17.324,16.826,17.363,16.776
2016-02-19,16.676,17.025,17.304,16.537
2016-02-22,17.284,17.324,17.582,17.114
2016-02-23,17.324,16.995,17.423,16.637
2016-02-24,16.905,18.14,18.419,16.776
2016-02-25,17.782,16.328,17.901,16.328
2016-02-26,16.418,15.512,16.657,15.233
2016-02-29,15.432,13.958,15.432,13.958
2016-03-01,13.998,14.287,14.516,13.441
2016-03-02,14.297,14.944,15.034,14.048
2016-03-03,14.944,14.884,15.581,14.805
2016-03-04,14.785,13.839,15.014,13.6
2016-03-07,13.988,14.367,14.616,13.988
2016-03-08,14.217,14.456,14.536,13.371
2016-03-09,14.048,14.168,14.387,13.67
2016-03-10,14.148,14.187,14.586,14.038
2016-03-11,13.67,13.968,14.168,13.51
2016-03-14,14.158,14.765,15.233,14.158
2016-03-15,14.775,14.795,15.064,14.675
2016-03-16,15.083,14.426,15.213,14.108
2016-03-17,14.536,15.332,15.502,14.396
2016-03-18,15.283,16.089,16.328,15.153
2016-03-21,16.378,16.527,16.866,16.149
2016-03-22,16.228,16.706,17.174,16.089
2016-03-23,16.527,17.353,17.702,16.338
2016-03-24,17.124,16.577,17.274,16.577
2016-03-25,16.368,16.517,16.666,16.119
2016-03-28,16.617,16.308,16.915,16.179
2016-03-29,16.159,15.621,16.378,15.452
2016-03-30,15.78,16.597,16.726,15.78
2016-03-31,16.826,16.437,16.915,16.388
2016-04-01,16.328,16.408,16.517,15.76
2016-04-05,16.378,17.204,17.204,16.328
2016-04-06,17.035,17.553,17.602,16.975
2016-04-07,17.622,16.726,17.712,16.716
2016-04-08,16.418,16.776,16.905,16.378
2016-04-11,17.114,17.105,17.324,16.955
2016-04-12,17.105,16.925,17.174,16.527
2016-04-13,17.025,17.164,17.712,16.975
2016-04-14,17.214,17.473,17.553,17.105
2016-04-15,17.473,17.343,17.572,17.124
2016-04-18,17.095,16.886,17.124,16.657
2016-04-19,17.025,17.821,17.881,16.856
2016-04-20,17.921,16.278,17.921,16.039
2016-04-21,16.079,16.169,16.746,15.97
2016-04-22,16.039,16.338,16.368,15.95
2016-04-25,16.208,15.731,16.238,15.621
2016-04-26,15.82,16.019,16.059,15.651
2016-04-27,16.029,16.059,16.189,15.93
2016-04-28,16.139,16.368,16.428,16.009
2016-04-29,16.368,16.238,16.776,16.169
2016-05-03,16.258,16.975,17.045,15.98
2016-05-04,16.826,16.826,17.095,16.746
2016-05-05,16.895,16.995,17.085,16.726
2016-05-06,17.025,15.98,17.114,15.92
2016-05-09,15.93,15.044,15.93,14.835
2016-05-10,14.884,15.203,15.352,14.884
2016-05-11,15.213,14.745,15.332,14.725
2016-05-12,14.506,14.556,14.576,13.988
2016-05-13,14.566,14.277,14.675,14.197
2016-05-16,14.237,14.665,14.665,14.168
2016-05-17,14.685,14.854,14.994,14.586
2016-05-18,14.735,13.988,14.735,13.948
2016-05-19,14.128,14.098,14.586,14.018
2016-05-20,13.939,14.387,14.416,13.839
2016-05-23,14.486,14.586,14.685,14.387
2016-05-24,14.486,14.317,14.556,14.148
2016-05-25,14.616,14.436,14.645,14.317
2016-05-26,14.446,14.625,14.635,14.038
2016-05-27,14.566,14.556,14.745,14.466
2016-05-30,14.596,14.675,14.884,14.237
2016-05-31,14.765,15.611,15.701,14.695
2016-06-01,15.522,15.611,15.87,15.472
2016-06-02,15.661,15.711,15.751,15.432
2016-06-03,15.731,15.77,16.029,15.691
2016-06-06,15.741,16.288,16.368,15.741
2016-06-07,16.169,16.049,16.208,15.83
2016-06-08,16.049,15.87,16.069,15.631
2016-06-13,15.512,14.347,15.86,14.337
2016-06-14,14.367,14.635,14.775,14.367
2016-06-15,14.635,15.442,15.531,14.536
2016-06-16,15.412,15.681,16.129,15.213
2016-06-17,15.621,15.681,16.029,15.452
2016-06-20,15.85,16.208,16.238,15.581
2016-06-21,15.93,15.741,16.477,15.661
2016-06-22,15.751,16.418,16.567,15.591
2016-06-23,16.368,16.278,16.806,16.238
2016-06-24,16.338,16.129,16.477,15.402
2016-06-27,15.94,17.742,17.742,15.94
2016-06-28,17.921,18.389,18.907,17.801
2016-06-29,18.309,18.22,18.568,18.011
2016-06-30,18.15,18.259,18.429,18.011
2016-07-01,18.399,17.792,18.399,17.762
2016-07-04,17.553,18.08,18.15,17.523
2016-07-05,18.22,18.21,18.558,18.02
2016-07-06,18.17,18.269,18.449,17.931
2016-07-07,18.22,18.09,18.419,17.752
2016-07-08,18.141,18.271,18.52,17.991
2016-07-11,18.361,18.141,19.069,18.041
2016-07-12,17.981,18.221,18.221,17.472
2016-07-13,18.241,18.79,19.179,18.181
2016-07-14,18.62,18.59,18.78,18.44
2016-07-15,18.59,18.48,18.92,18.321
2016-07-18,18.421,19.149,19.439,18.181
2016-07-19,18.99,19.499,19.569,18.93
2016-07-20,19.509,19.129,19.688,19.079
2016-07-21,19.169,19.349,19.948,19.149
2016-07-22,19.279,18.88,19.369,18.85
2016-07-25,18.79,18.69,19.069,18.6
2016-07-26,18.73,18.82,18.86,18.381
2016-07-27,18.77,17.212,18.94,17.003
2016-07-28,17.202,16.763,17.452,16.304
2016-07-29,16.833,16.494,16.923,16.314
2016-08-01,16.474,16.194,16.474,15.595
2016-08-02,16.154,16.324,16.374,16.004
2016-08-03,16.254,16.424,16.593,16.234
2016-08-04,16.374,16.573,16.643,16.184
2016-08-05,16.564,16.204,16.573,16.194
2016-08-08,16.184,16.713,16.713,15.964
2016-08-09,16.663,16.813,16.813,16.583
2016-08-10,16.823,16.653,16.853,16.534
2016-08-11,16.623,16.254,16.693,16.254
2016-08-12,16.174,16.434,16.544,16.154
2016-08-15,16.474,16.903,17.073,16.244
2016-08-16,16.913,17.103,17.392,16.883
2016-08-17,17.103,17.163,17.302,16.873
2016-08-18,17.163,17.202,17.362,16.983
2016-08-19,17.163,17.302,17.332,16.973
2016-08-22,17.372,16.993,17.552,16.873
2016-08-23,16.993,17.023,17.192,16.783
2016-08-24,17.073,17.332,17.502,16.993
2016-08-25,17.222,17.113,17.222,16.793
2016-08-26,17.202,17.242,17.412,17.073
2016-08-29,17.222,17.412,17.632,17.183
2016-08-30,17.412,17.622,17.672,17.412
2016-08-31,17.612,17.422,17.612,17.272
2016-09-01,17.422,17.212,17.522,17.183
2016-09-02,17.123,16.923,17.352,16.783
2016-09-05,17.023,16.853,17.153,16.763
2016-09-06,16.973,17.342,17.352,16.723
2016-09-07,17.272,17.512,17.682,17.202
2016-09-08,17.542,17.532,17.742,17.432
2016-09-09,17.512,17.272,17.662,17.222
2016-09-12,16.973,16.254,17.073,16.234
2016-09-13,16.424,16.234,16.484,16.124
2016-09-14,16.074,16.144,16.374,16.054
2016-09-19,16.204,16.374,16.394,16.194
2016-09-20,16.374,16.264,16.384,16.154
2016-09-21,16.294,16.344,16.454,16.254
2016-09-22,16.424,16.344,16.623,16.324
2016-09-23,16.374,16.284,16.464,16.284
2016-09-26,16.204,15.935,16.284,15.905
2016-09-27,15.885,16.114,16.134,15.825
2016-09-28,16.204,16.044,16.204,15.984
2016-09-29,16.124,16.234,16.294,16.084
2016-09-30,16.224,16.234,16.314,16.174
2016-10-10,16.354,16.803,16.873,16.324
2016-10-11,16.773,16.873,16.943,16.703
2016-10-12,16.783,16.863,16.883,16.673
2016-10-13,16.893,16.773,16.893,16.723
2016-10-14,16.743,16.653,16.743,16.474
2016-10-17,16.713,16.613,16.873,16.554
2016-10-18,16.613,16.963,16.973,16.573
2016-10-19,16.953,16.943,17.212,16.883
2016-10-20,16.973,17.133,17.163,16.853
2016-10-21,17.113,16.843,17.123,16.663
2016-10-24,16.883,17.013,17.053,16.803
2016-10-25,16.973,17.033,17.133,16.913
2016-10-26,17.013,16.793,17.023,16.713
2016-10-27,16.773,16.903,16.943,16.773
2016-10-28,16.873,16.643,16.983,16.603
2016-10-31,16.693,17.502,17.732,16.693
2016-11-01,17.372,17.492,17.502,17.123
2016-11-02,17.322,17.093,17.492,17.033
2016-11-03,17.103,17.252,17.372,16.993
2016-11-04,17.242,17.232,17.302,17.103
2016-11-07,17.232,16.953,17.252,16.863
2016-11-08,16.973,17.163,17.222,16.873
2016-11-09,17.222,16.763,17.272,16.544
2016-11-10,16.923,17.023,17.093,16.873
2016-11-11,17.063,17.113,17.123,16.963
2016-11-14,17.113,17.372,17.432,17.113
2016-11-15,17.392,17.492,17.562,17.143
2016-11-16,17.602,17.412,17.642,17.352
2016-11-17,17.442,17.792,17.941,17.382
2016-11-18,17.672,17.462,17.802,17.392
2016-11-21,17.402,17.562,17.632,17.372
2016-11-22,17.562,17.941,18.011,17.472
2016-11-23,17.841,17.612,18.071,17.602
2016-11-24,17.572,17.332,17.662,17.262
2016-11-25,17.332,17.472,17.482,16.963
2016-11-28,17.422,17.382,17.542,17.372
2016-11-29,17.392,17.262,17.532,17.173
2016-11-30,17.352,17.362,17.612,17.192
2016-12-01,17.442,17.622,17.622,17.392
2016-12-02,17.622,16.633,17.682,16.603
2016-12-05,16.504,16.564,16.813,16.354
2016-12-06,16.573,16.454,16.633,16.424
2016-12-07,16.474,16.643,16.713,16.404
2016-12-08,16.653,16.454,16.773,16.424
2016-12-09,16.414,16.334,16.524,16.304
2016-12-12,16.344,14.966,16.344,14.886
2016-12-13,14.966,15.156,15.296,14.477
2016-12-14,15.166,15.046,15.266,14.856
2016-12-15,14.986,15.226,15.405,14.976
2016-12-16,15.186,15.445,15.485,15.186
2016-12-19,15.375,15.325,15.455,15.256
2016-12-20,15.425,15.395,15.535,15.216
2016-12-21,15.405,15.555,15.615,15.405
2016-12-22,15.475,15.575,15.635,15.475
2016-12-23,15.485,15.316,15.765,15.256
2016-12-26,15.096,15.575,15.635,14.996
2016-12-27,15.575,15.625,15.865,15.555
2016-12-28,15.625,15.695,15.885,15.595
2016-12-29,15.565,15.695,15.845,15.515
2016-12-30,15.615,15.645,15.795,15.615
2017-01-03,15.635,15.994,16.104,15.635
2017-01-04,16.024,16.094,16.124,15.805
2017-01-05,16.104,16.214,16.384,15.994
2017-01-06,16.084,16.034,16.494,16.034
2017-01-09,16.104,16.314,16.374,15.885
2017-01-10,16.174,16.154,16.444,16.034
2017-01-11,16.154,15.895,16.194,15.895
2017-01-12,15.815,16.454,16.494,15.805
2017-01-13,16.394,15.984,16.414,15.944
2017-01-16,15.905,15.186,16.194,14.647
2017-01-17,15.186,15.485,15.605,15.036
2017-01-18,15.465,15.485,15.735,15.335
2017-01-19,15.535,15.405,15.535,15.236
2017-01-20,15.286,15.944,16.064,15.286
2017-01-23,15.984,17.073,17.542,15.974
2017-01-24,16.773,16.524,16.883,16.474
2017-01-25,16.474,16.484,16.843,16.424
2017-01-26,16.514,16.364,16.673,16.184
2017-02-03,16.374,16.653,16.703,16.224
2017-02-06,16.633,16.783,16.873,16.554
2017-02-07,16.773,16.743,16.943,16.514
2017-02-08,16.853,17.013,17.093,16.573
2017-02-09,16.973,17.043,17.143,16.773
2017-02-10,16.933,17.262,17.352,16.933
2017-02-13,17.242,17.133,17.332,17.083
2017-02-14,17.163,17.332,17.442,17.013
2017-02-15,17.212,17.043,17.462,16.843
2017-02-16,17.053,17.542,17.901,17.043
2017-02-17,17.502,17.881,18.85,17.202
2017-02-20,17.542,17.542,17.782,17.322
2017-02-21,17.382,17.582,17.911,17.382
2017-02-22,17.582,17.911,18.141,17.522
2017-02-23,17.961,18.061,18.171,17.762
2017-02-24,17.981,17.821,18.041,17.602
2017-02-27,17.841,17.282,17.841,17.282
2017-02-28,17.382,17.502,17.562,17.282
2017-03-01,17.442,17.402,17.552,17.352
2017-03-02,17.452,17.003,17.462,16.963
2017-03-03,16.993,17.143,17.362,16.973
2017-03-06,17.163,17.432,17.512,17.113
2017-03-07,17.352,17.462,17.752,17.352
2017-03-08,17.542,17.153,17.542,17.043
2017-03-09,17.163,17.272,17.372,16.903
2017-03-10,17.262,17.292,17.462,17.143
2017-03-13,17.173,17.292,17.322,17.003
2017-03-14,17.302,17.532,17.612,17.252
2017-03-15,17.452,17.212,17.522,17.143
2017-03-16,17.262,17.592,17.642,17.252
2017-03-17,17.602,17.262,17.802,17.222
2017-03-20,17.262,17.322,17.342,17.133
2017-03-21,17.332,17.482,17.602,17.282
2017-03-22,17.542,17.871,18.65,17.372
2017-03-23,17.841,17.752,17.851,17.382
2017-03-24,17.772,18.051,18.111,17.672
2017-03-27,18.151,18.041,18.401,17.851
2017-03-28,17.971,17.871,18.251,17.782
2017-03-29,17.861,17.831,18.151,17.572
2017-03-30,17.971,18.221,18.96,17.622
2017-03-31,18.021,17.332,18.111,17.252
2017-04-05,17.192,17.602,17.692,17.163
2017-04-06,17.682,18.081,18.191,17.362
2017-04-07,18.081,17.921,18.121,17.831
2017-04-10,18.001,18.121,18.421,17.921
2017-04-11,18.011,18.321,18.331,17.722
2017-04-12,18.271,18.331,18.83,18.151
2017-04-13,18.151,18.221,18.55,17.991
2017-04-14,18.151,17.572,18.221,17.482
2017-04-17,17.562,17.392,17.562,17.183
2017-04-18,17.372,15.655,17.472,15.655
2017-04-19,14.876,15.046,15.276,14.187
2017-04-20,14.906,14.587,15.026,14.517
2017-04-21,14.587,14.677,14.826,14.587
2017-04-24,14.537,13.868,14.637,13.578
2017-04-25,13.938,13.928,14.137,13.858
2017-04-26,13.948,13.968,14.087,13.878
2017-04-27,13.938,14.277,14.417,13.558
2017-04-28,14.277,14.327,14.397,14.157
2017-05-02,14.367,14.397,14.457,14.197
2017-05-03,14.397,14.387,14.587,14.277
2017-05-04,14.447,14.587,14.926,14.377
2017-05-05,14.427,14.357,14.706,13.918
2017-05-08,14.177,13.988,14.257,13.988
2017-05-09,13.918,13.988,14.048,13.638
2017-05-10,13.988,13.568,14.177,13.558
2017-05-11,13.478,13.259,13.728,12.999
2017-05-12,13.349,12.859,13.349,12.76
2017-05-15,12.969,12.869,12.979,12.77
2017-05-16,12.909,13.289,13.289,12.56
2017-05-17,13.379,13.339,13.528,13.309
2017-05-18,13.169,13.239,13.419,13.049
2017-05-19,13.269,13.429,13.508,13.259
2017-05-22,13.429,13.389,13.518,13.259
2017-05-23,13.279,12.26,13.379,12.051
2017-05-24,12.23,12.35,12.46,12.101
2017-05-25,12.35,12.49,12.55,12.24
2017-05-26,12.44,12.51,12.55,12.37
2017-05-31,12.67,12.52,12.78,12.49
2017-06-01,12.54,12.111,12.56,12.111
2017-06-02,11.981,12.29,12.36,11.801
2017-06-05,12.3,12.61,12.63,12.22
2017-06-06,12.53,12.68,12.76,12.49
2017-06-07,12.66,12.919,13.029,12.63
2017-06-08,12.849,12.8,13.039,12.77
2017-06-09,12.77,12.91,12.95,12.77
2017-06-12,12.84,12.6,13.03,12.56
2017-06-13,12.5,12.9,12.99,12.5
2017-06-14,13.02,12.81,13.05,12.78
2017-06-15,12.78,13.17,13.27,12.78
2017-06-16,13.18,13.1,13.23,13.02
2017-06-19,13.08,13.17,13.3,13.08
2017-06-20,13.12,13.14,13.3,13.09
2017-06-21,13.2,13.09,13.2,12.95
2017-06-22,13.09,12.72,13.14,12.7
2017-06-23,12.7,12.77,12.81,12.53
2017-06-26,12.75,12.94,12.97,12.75
2017-06-27,12.94,12.97,13.04,12.9
2017-06-28,12.98,12.85,13.03,12.8
2017-06-29,12.85,13.14,13.19,12.85
2017-06-30,13.08,13.15,13.25,13.03
2017-07-03,13.19,13.2,13.22,13.1
2017-07-04,13.12,13.13,13.25,13.08
2017-07-05,13.11,13.28,13.31,13.0
2017-07-06,13.3,13.24,13.32,13.09
2017-07-07,13.23,13.26,13.31,13.15
2017-07-10,13.29,13.18,13.36,13.11
2017-07-11,13.31,13.17,13.36,13.17
2017-07-12,13.17,12.91,13.19,12.7
2017-07-13,12.9,12.83,12.93,12.79
2017-07-14,12.88,12.67,12.94,12.65
2017-07-17,12.69,11.78,12.69,11.76
2017-07-18,11.75,11.97,11.99,11.68
2017-07-19,11.97,12.02,12.06,11.78
2017-07-20,12.06,12.12,12.23,12.0
2017-07-21,12.1,12.44,12.5,12.06
2017-07-24,12.44,12.67,12.72,12.26
2017-07-25,12.61,12.82,13.01,12.54
2017-07-26,12.98,12.86,12.98,12.66
2017-07-27,12.86,13.21,13.29,12.73
2017-07-28,13.19,13.01,13.45,13.0
2017-07-31,13.01,13.11,13.25,12.95
2017-08-01,13.24,13.09,13.24,12.96
2017-08-02,13.1,12.99,13.13,12.91
2017-08-03,12.97,13.18,13.22,12.91
2017-08-04,13.17,13.3,13.31,13.11
2017-08-07,13.24,13.3,13.42,13.15
2017-08-08,13.31,13.3,13.38,13.16
2017-08-09,13.3,13.4,13.78,13.16
2017-08-10,13.4,13.44,13.47,13.13
2017-08-11,13.34,13.25,13.61,13.21
2017-08-14,13.36,13.59,13.59,13.23
2017-08-15,13.58,13.54,13.65,13.41
2017-08-16,13.53,13.48,13.54,13.31
2017-08-17,13.52,14.09,14.09,13.44
2017-08-18,13.98,13.75,13.98,13.69
2017-08-21,13.75,13.8,13.85,13.62
2017-08-22,13.76,13.46,13.79,13.45
2017-08-23,13.51,13.44,13.58,13.39
2017-08-24,13.44,13.17,13.44,13.1
2017-08-25,13.12,13.29,13.31,13.1
2017-08-28,13.29,13.5,13.54,13.26
2017-08-29,13.45,13.42,13.62,13.38
2017-08-30,13.41,13.52,13.57,13.4
2017-08-31,13.55,13.4,13.56,13.36
2017-09-01,13.39,13.42,13.42,13.24
2017-09-04,13.43,13.6,13.66,13.34
2017-09-05,13.53,13.49,13.6,13.44
2017-09-06,13.49,13.58,13.58,13.37
2017-09-07,13.52,13.5,13.65,13.47
2017-09-08,13.45,13.53,13.59,13.44
2017-09-11,13.53,13.57,13.58,13.44
2017-09-12,13.55,13.42,13.56,13.39
2017-09-13,13.43,13.32,13.47,13.26
2017-09-14,13.36,13.44,13.55,13.28
2017-09-15,13.39,13.4,13.48,13.35
2017-09-18,13.35,13.48,13.48,13.32
2017-09-19,13.46,13.37,13.53,13.33
2017-09-20,13.36,13.57,13.57,13.3
2017-09-21,13.52,13.39,13.58,13.37
2017-09-22,13.41,13.37,13.47,13.21
2017-09-25,13.37,13.05,13.42,13.02
2017-09-26,13.07,12.9,13.15,12.84
2017-09-27,12.93,13.03,13.07,12.93
2017-09-28,13.05,12.92,13.05,12.92
2017-09-29,13.0,13.02,13.03,12.91
2017-10-09,13.15,13.55,13.55,13.11
2017-10-10,13.59,13.77,14.1,13.46
2017-10-11,13.62,13.71,13.76,13.5
2017-10-12,13.74,13.71,13.84,13.56
2017-10-13,13.71,13.81,13.82,13.53
2017-10-16,13.84,13.37,13.84,13.25
2017-10-17,13.37,13.44,13.48,13.29
2017-10-18,13.42,13.2,13.61,13.11
2017-10-19,13.17,12.77,13.2,12.75
2017-10-20,12.97,14.05,14.05,12.94
2017-10-23,14.96,15.46,15.46,14.28
2017-10-24,16.73,17.01,17.01,16.54
2017-10-25,17.01,17.13,18.38,16.71
2017-10-26,16.94,17.33,18.38,16.43
2017-10-27,17.8,18.69,18.99,17.52
2017-10-30,17.03,16.82,17.5,16.82
2017-10-31,16.74,17.58,18.3,16.0
2017-11-01,16.87,16.0,16.98,15.94
2017-11-02,15.75,15.62,15.98,15.32
2017-11-03,15.75,15.51,15.83,15.3
2017-11-06,15.63,15.52,15.66,15.2
2017-11-07,15.8,15.23,15.9,15.1
2017-11-08,15.01,15.52,15.73,14.94
2017-11-09,15.36,15.09,15.46,14.91
2017-11-10,15.0,15.42,15.44,15.0
2017-11-13,15.65,15.4,16.18,15.35
2017-11-14,15.07,16.16,16.25,15.06
2017-11-15,15.85,15.35,15.9,15.31
2017-11-16,15.15,15.16,15.68,15.01
2017-11-17,15.02,13.64,15.07,13.64
2017-11-20,13.28,13.39,13.47,12.83
2017-11-21,13.28,13.28,13.55,13.02
2017-11-22,13.3,13.12,13.39,12.98
2017-11-23,13.14,12.68,13.3,12.56
2017-11-24,12.68,12.71,12.86,12.56
2017-11-27,12.71,12.61,12.98,12.41
2017-11-28,12.52,12.89,12.9,12.47
2017-11-29,12.82,12.73,12.88,12.5
2017-11-30,12.64,12.8,13.12,12.64
2017-12-01,12.72,13.01,13.04,12.6
2017-12-04,12.93,12.92,13.26,12.87
2017-12-05,12.81,11.95,12.85,11.82
2017-12-06,11.88,12.1,12.1,11.65
2017-12-07,12.05,12.1,12.25,11.95
2017-12-08,12.11,12.24,12.44,12.04
2017-12-11,12.15,12.38,12.44,12.15
2017-12-12,12.38,12.13,12.48,12.08
2017-12-13,12.2,12.26,12.33,12.16
2017-12-14,12.42,12.46,12.62,12.36
2017-12-15,12.4,12.41,12.54,12.31
2017-12-18,12.4,12.14,12.45,12.07
2017-12-19,12.15,12.3,12.32,12.12
2017-12-20,12.31,12.01,12.33,11.9
2017-12-21,12.02,12.07,12.07,11.7
2017-12-22,12.14,11.83,12.14,11.79
2017-12-25,11.89,12.06,12.14,11.8
2017-12-26,12.05,12.17,12.38,12.05
2017-12-27,12.0,11.86,12.08,11.82
2017-12-28,11.9,11.91,12.22,11.81
2017-12-29,11.9,11.98,12.0,11.86
2018-01-02,12.01,12.14,12.16,11.98
2018-01-03,12.11,12.42,12.56,12.08
2018-01-04,12.38,12.96,12.99,12.3
2018-01-05,12.68,12.54,12.85,12.54
2018-01-08,12.55,12.47,12.6,12.31
2018-01-09,12.41,12.32,12.46,12.3
2018-01-10,12.41,12.54,12.55,12.32
2018-01-11,12.5,12.62,12.75,12.34
2018-01-12,12.57,12.3,12.68,12.3
2018-01-15,12.3,11.82,12.3,11.75
2018-01-16,11.81,11.87,11.97,11.75
2018-01-17,11.77,11.85,11.92,11.61
2018-01-18,11.82,11.82,11.95,11.75
2018-01-19,11.82,11.89,11.99,11.76
2018-01-22,11.91,12.1,12.17,11.81
2018-01-23,12.1,12.04,12.21,11.99
2018-01-24,12.12,12.24,12.25,12.04
2018-01-25,12.21,12.06,12.29,12.05
2018-01-26,12.02,12.08,12.16,12.0
2018-01-29,12.08,11.75,12.09,11.7
2018-01-30,11.75,11.99,12.03,11.67
2018-01-31,12.17,11.55,12.28,11.55
2018-02-01,11.16,10.4,11.35,10.4
2018-02-02,10.01,9.95,10.25,9.42
2018-02-05,9.8,9.93,10.17,9.69
2018-02-06,9.58,8.94,9.74,8.94
2018-02-07,9.2,9.01,9.2,8.7
2018-02-08,9.0,9.19,9.24,8.94
2018-02-09,9.0,8.88,9.23,8.68
2018-02-12,8.98,9.22,9.25,8.96
2018-02-13,9.25,9.28,9.44,9.18
2018-02-14,9.25,9.28,9.31,9.18
2018-02-22,9.32,9.75,9.9,9.31
2018-02-23,9.69,9.69,9.75,9.56
2018-02-26,9.77,10.09,10.13,9.74
2018-02-27,10.0,10.16,10.28,9.91
2018-02-28,10.02,10.19,10.38,9.88
2018-03-01,10.14,10.51,10.61,10.08
2018-03-02,10.39,10.31,10.64,10.22
2018-03-05,10.38,10.59,10.63,10.32
2018-03-06,10.65,11.65,11.65,10.54
2018-03-07,11.44,11.34,11.8,11.31
2018-03-08,11.41,11.51,11.57,11.2
2018-03-09,11.42,11.69,12.08,11.42
2018-03-12,11.63,12.2,12.25,11.61
2018-03-13,12.08,12.33,12.52,12.0
2018-03-14,12.0,12.09,12.3,11.8
2018-03-15,12.16,11.95,12.22,11.62
2018-03-16,11.9,12.4,12.5,11.8
2018-03-19,12.35,12.44,12.61,12.25
2018-03-20,12.39,12.18,12.51,11.97
2018-03-21,12.16,11.66,12.2,11.65
2018-03-22,11.53,11.65,11.86,11.53
2018-03-23,11.2,10.49,11.4,10.49
2018-03-26,10.13,10.64,10.68,9.7
2018-03-27,10.96,11.3,11.32,10.77
2018-03-28,11.05,11.18,11.39,10.93
2018-03-29,11.13,11.22,11.38,11.07
2018-03-30,11.31,11.59,11.65,11.26
2018-04-02,11.76,11.72,11.93,11.0
2018-04-03,11.41,11.64,11.7,11.28
2018-04-04,11.55,11.2,11.68,11.14
2018-04-09,11.18,11.43,11.58,11.04
2018-04-10,11.46,11.24,11.6,11.02
2018-04-11,11.35,12.36,12.36,11.32
2018-04-12,12.12,11.99,12.24,11.83
2018-04-13,12.0,11.96,12.08,11.81
2018-04-16,12.05,12.13,12.17,11.82
2018-04-17,12.07,11.11,12.07,10.92
2018-04-18,11.25,11.48,11.56,10.66
2018-04-19,11.42,11.61,11.75,11.32
2018-04-20,11.5,11.16,11.78,11.1
2018-04-23,11.3,11.69,12.25,11.21
2018-04-24,11.63,12.05,12.11,11.5
2018-04-25,11.88,12.35,12.38,11.85
2018-04-26,12.21,11.99,12.32,11.95
2018-04-27,12.13,12.14,12.75,12.11
2018-05-02,12.14,11.82,12.16,11.4
2018-05-03,11.88,13.0,13.0,11.88
2018-05-04,13.48,13.71,14.2,13.3
2018-05-07,13.58,13.96,14.48,13.58
2018-05-08,13.92,13.64,13.92,13.51
2018-05-09,13.59,13.44,13.78,13.21
2018-05-10,13.53,13.54,13.62,13.31
2018-05-11,13.44,12.84,13.45,12.72
2018-05-14,12.89,13.17,13.18,12.75
2018-05-15,13.08,13.11,13.26,12.81
2018-05-16,13.03,12.92,13.06,12.74
2018-05-17,12.9,13.05,13.05,12.83
2018-05-18,12.98,12.92,13.08,12.76
2018-05-21,13.05,13.01,13.25,12.99
2018-05-22,12.91,12.76,12.95,12.52
2018-05-23,12.66,12.69,12.86,12.53
2018-05-24,12.61,12.24,12.75,12.24
2018-05-25,12.3,12.15,12.44,12.14
