date,open,close,high,low
2016-01-04,11.128,10.119,11.158,10.119
2016-01-05,9.44,9.909,10.109,9.23
2016-01-06,9.959,10.189,10.239,9.679
2016-01-07,9.959,9.17,9.959,9.17
2016-01-08,9.44,9.29,9.54,8.481
2016-01-11,8.98,8.361,9.08,8.361
2016-01-12,8.341,8.091,8.471,7.861
2016-01-13,8.191,7.891,8.431,7.891
2016-01-14,7.532,8.191,8.311,7.442
2016-01-15,8.391,8.581,8.98,8.241
2016-01-18,8.281,8.9,8.98,8.141
2016-01-19,8.9,9.42,9.57,8.671
2016-01-20,9.19,9.19,9.659,9.1
2016-01-21,9.0,8.641,9.33,8.591
2016-01-22,8.86,9.05,9.09,8.671
2016-01-25,9.18,9.08,9.19,8.93
2016-01-26,9.02,9.38,9.989,8.9
2016-01-27,9.18,8.95,9.36,8.441
2016-01-28,8.68,8.051,8.78,8.051
2016-01-29,8.011,8.331,8.441,7.791
2016-02-01,8.231,7.991,8.281,7.821
2016-02-02,8.061,8.191,8.431,8.011
2016-02-03,8.081,8.261,8.291,7.921
2016-02-04,8.271,8.671,8.85,8.211
2016-02-05,8.611,8.491,8.77,8.341
2016-02-15,7.841,8.191,8.301,7.752
2016-02-16,8.201,8.551,8.73,8.151
2016-02-17,8.491,9.41,9.41,8.451
2016-02-18,9.47,9.49,9.999,9.21
2016-02-19,9.49,9.589,9.789,9.3
2016-02-22,9.709,9.659,9.839,9.49
2016-02-23,9.629,9.44,9.629,9.28
2016-02-24,9.31,9.909,9.939,9.2
2016-02-25,9.32,8.92,9.55,8.92
2016-02-26,8.461,8.89,8.97,8.031
2016-02-29,8.591,8.631,9.47,8.251
2016-03-01,8.631,8.84,9.02,7.891
2016-03-02,8.671,9.689,9.729,8.411
2016-03-03,9.639,9.739,10.269,9.5
2016-03-29,10.059,9.589,10.678,9.38
2016-03-30,9.57,9.819,9.839,9.16
2016-03-31,9.619,9.54,9.759,9.44
2016-04-01,9.48,9.08,9.48,8.88
2016-04-05,9.05,9.32,9.47,8.99
2016-04-06,9.34,10.249,10.249,9.27
2016-04-07,10.139,10.159,10.459,9.939
2016-04-08,10.089,10.449,11.018,10.009
2016-04-11,10.538,10.598,10.798,10.279
2016-04-12,10.489,11.128,11.378,10.449
2016-04-13,11.038,10.928,11.238,10.738
2016-04-14,10.828,10.868,10.988,10.558
2016-04-15,10.788,10.788,11.078,10.628
2016-04-18,10.758,10.848,11.028,10.598
2016-04-19,11.008,11.068,11.238,10.738
2016-04-20,11.068,10.868,11.477,10.139
2016-04-21,10.588,10.548,11.138,10.508
2016-04-22,10.239,10.079,10.439,9.979
2016-04-25,10.069,10.379,10.469,9.54
2016-04-26,10.289,10.409,10.638,10.189
2016-04-27,10.339,10.329,10.618,10.209
2016-04-28,10.249,10.459,10.568,10.089
2016-04-29,10.419,10.289,10.588,10.289
2016-05-03,10.139,10.439,10.538,10.049
2016-05-04,10.479,10.538,10.728,10.399
2016-05-05,10.568,10.429,10.588,10.299
2016-05-06,10.439,9.749,10.489,9.689
2016-05-09,9.55,9.16,9.659,8.84
2016-05-10,9.16,9.07,9.3,8.97
2016-05-11,9.14,8.77,9.21,8.75
2016-05-12,8.561,8.471,8.571,8.241
2016-05-13,8.531,8.481,8.631,8.381
2016-05-16,8.541,8.8,8.81,8.421
2016-05-17,8.87,8.75,8.98,8.7
2016-05-18,8.68,8.331,8.68,8.201
2016-05-19,8.331,8.321,8.511,8.291
2016-05-20,8.291,8.431,8.431,8.191
2016-05-23,8.431,8.521,8.561,8.401
2016-05-24,8.481,8.621,8.78,8.441
2016-05-25,8.68,8.601,8.74,8.491
2016-05-26,8.491,8.631,8.651,8.291
2016-05-27,8.571,8.76,8.79,8.541
2016-05-30,8.69,8.621,8.74,8.541
2016-05-31,8.631,8.89,8.94,8.591
2016-06-01,8.83,8.84,8.92,8.81
2016-06-02,8.84,8.86,8.88,8.69
2016-06-03,8.86,8.93,9.08,8.72
2016-06-06,8.95,8.92,8.99,8.84
2016-06-07,8.87,8.84,8.93,8.8
2016-06-08,8.88,8.7,8.89,8.63
2016-06-13,8.6,8.1,8.61,8.09
2016-06-14,8.06,8.05,8.17,7.97
2016-06-15,7.97,8.4,8.51,7.91
2016-06-16,8.37,8.27,8.49,8.24
2016-06-17,8.28,8.35,8.47,8.28
2016-06-20,8.41,8.43,8.43,8.16
2016-06-21,8.41,8.3,8.59,8.22
2016-06-22,8.27,8.33,8.35,8.17
2016-06-23,8.28,8.27,8.33,8.16
2016-06-24,8.22,8.1,8.29,7.81
2016-06-27,8.07,8.68,8.76,8.01
2016-06-28,8.61,8.72,8.78,8.56
2016-06-29,8.72,8.62,8.82,8.6
2016-06-30,8.65,8.69,8.74,8.49
2016-07-01,8.65,8.62,8.79,8.56
2016-07-04,8.56,8.72,8.81,8.5
2016-07-05,8.76,9.02,9.11,8.62
2016-07-06,8.93,9.2,9.23,8.81
2016-07-07,9.05,8.97,9.15,8.95
2016-07-08,8.86,8.85,8.94,8.82
2016-07-11,8.9,8.73,8.93,8.7
2016-07-12,8.71,8.76,8.77,8.57
2016-07-13,8.8,8.79,8.82,8.71
2016-07-14,8.75,8.96,8.98,8.75
2016-07-15,8.97,8.84,9.06,8.83
2016-07-18,8.8,8.84,8.87,8.73
2016-07-19,8.84,8.83,8.86,8.72
2016-07-20,8.81,8.95,9.05,8.76
2016-07-21,9.02,8.88,9.03,8.87
2016-07-22,8.85,8.74,8.92,8.68
2016-07-25,8.76,8.75,8.8,8.67
2016-07-26,8.75,8.87,8.88,8.75
2016-07-27,8.88,8.31,8.95,8.25
2016-07-28,8.3,8.21,8.38,8.1
2016-07-29,8.26,8.23,8.31,8.2
2016-08-01,8.22,8.12,8.22,8.03
2016-08-02,8.08,8.21,8.25,8.07
2016-08-03,8.21,8.22,8.27,8.16
2016-08-04,8.22,8.24,8.26,8.16
2016-08-05,8.22,8.25,8.34,8.2
2016-08-08,8.24,8.29,8.31,8.18
2016-08-09,8.31,8.37,8.39,8.27
2016-08-10,8.37,8.29,8.39,8.28
2016-08-11,8.28,8.16,8.32,8.16
2016-08-12,8.17,8.21,8.24,8.13
2016-08-15,8.21,8.34,8.36,8.17
2016-08-16,8.34,8.35,8.39,8.29
2016-08-17,8.37,8.42,8.48,8.31
2016-08-18,8.49,8.4,8.49,8.34
2016-08-19,8.4,8.42,8.45,8.38
2016-08-22,8.45,8.62,8.78,8.42
2016-08-23,8.65,8.74,8.85,8.55
2016-08-24,8.75,8.65,8.8,8.61
2016-08-25,8.62,8.73,8.75,8.4
2016-08-26,8.77,8.84,8.93,8.71
2016-08-29,8.79,8.74,8.89,8.68
2016-08-30,8.74,8.64,8.77,8.6
2016-08-31,8.75,8.82,8.84,8.62
2016-09-01,8.8,8.64,8.85,8.64
2016-09-02,8.6,8.69,8.76,8.59
2016-09-05,8.74,8.7,8.75,8.64
2016-09-06,8.7,8.95,9.04,8.6
2016-09-07,8.95,8.96,9.03,8.84
2016-09-08,8.98,9.09,9.26,8.92
2016-09-09,9.18,9.08,9.48,9.05
2016-09-12,8.81,8.67,8.88,8.65
2016-09-13,8.76,8.84,8.98,8.72
2016-09-14,8.84,9.18,9.36,8.77
2016-09-19,9.18,9.3,9.45,9.04
2016-09-20,9.26,9.17,9.39,9.16
2016-09-21,9.14,9.29,9.35,9.14
2016-09-22,9.35,9.16,9.37,9.12
2016-09-23,9.16,9.37,9.42,9.11
2016-09-26,9.33,8.95,9.36,8.95
2016-09-27,8.88,9.07,9.08,8.86
2016-09-28,9.06,9.48,9.68,9.02
2016-09-29,9.72,9.41,9.86,9.4
2016-09-30,9.35,9.79,9.9,9.32
2016-10-10,9.8,10.15,10.23,9.7
2016-10-11,10.0,10.1,10.19,9.97
2016-10-12,10.03,10.04,10.07,9.94
2016-10-13,10.06,9.88,10.2,9.87
2016-10-14,9.81,9.98,10.06,9.8
2016-10-17,10.05,9.58,10.05,9.55
2016-10-18,9.6,9.71,9.75,9.51
2016-10-19,9.74,9.67,9.81,9.63
2016-10-20,9.66,9.74,9.82,9.58
2016-10-21,9.74,9.52,9.74,9.43
2016-10-24,9.52,9.69,9.75,9.52
2016-10-25,9.75,9.79,9.96,9.7
2016-10-26,9.73,9.96,10.18,9.72
2016-10-27,10.0,9.89,10.15,9.87
2016-10-28,9.92,9.74,9.92,9.66
2016-10-31,9.66,9.7,9.83,9.61
2016-11-01,9.74,9.94,9.97,9.7
2016-11-02,9.95,10.28,10.67,9.88
2016-11-03,10.11,10.2,10.64,10.11
2016-11-04,10.2,9.99,10.39,9.93
2016-11-07,10.03,9.99,10.08,9.82
2016-11-08,9.97,10.11,10.27,9.97
2016-11-09,10.07,10.16,10.23,9.87
2016-11-10,10.28,10.4,10.56,10.16
2016-11-11,10.38,10.3,10.5,10.22
2016-11-14,10.55,10.53,10.74,10.35
2016-11-15,10.43,10.5,10.58,10.33
2016-11-16,10.5,10.32,10.6,10.32
2016-11-17,10.25,10.42,10.42,10.12
2016-11-18,10.45,10.35,10.48,10.33
2016-11-21,10.3,10.24,10.36,10.19
2016-11-22,10.21,10.29,10.32,10.19
2016-11-23,10.31,10.38,10.42,10.16
2016-11-24,10.32,10.13,10.37,10.13
2016-11-25,10.11,10.23,10.28,10.03
2016-11-28,10.32,10.36,10.46,10.21
2016-11-29,10.29,10.38,10.66,10.29
2016-11-30,10.34,10.19,10.55,10.12
2016-12-01,10.19,10.18,10.28,10.09
2016-12-02,10.18,10.04,10.22,9.9
2016-12-05,9.97,9.94,10.09,9.85
2016-12-06,10.01,9.99,10.06,9.94
2016-12-07,10.04,10.21,10.23,10.0
2016-12-08,10.23,10.15,10.26,10.1
2016-12-09,10.15,10.25,10.27,10.08
2016-12-12,10.24,9.69,10.35,9.6
2016-12-13,9.75,9.73,9.86,9.59
2016-12-14,9.73,9.64,9.84,9.61
2016-12-15,9.6,9.7,9.74,9.58
2016-12-16,9.68,9.9,9.9,9.66
2016-12-19,9.87,10.0,10.07,9.81
2016-12-20,9.98,9.88,10.05,9.83
2016-12-21,9.92,10.18,10.21,9.86
2016-12-22,10.23,10.06,10.23,10.03
2016-12-23,10.13,9.8,10.13,9.78
2016-12-26,9.74,9.99,10.06,9.72
2016-12-27,9.92,10.01,10.1,9.92
2016-12-28,10.02,10.2,10.44,9.95
2016-12-29,10.13,10.24,10.3,10.11
2016-12-30,10.25,10.18,10.35,10.18
2017-01-03,10.18,10.22,10.25,10.15
2017-01-04,10.23,10.31,10.42,10.19
2017-01-05,10.28,10.2,10.33,10.14
2017-01-06,10.21,10.44,10.49,10.15
2017-01-09,10.42,10.61,10.63,10.2
2017-01-10,10.61,10.35,10.63,10.31
2017-01-11,10.3,10.25,10.37,10.19
2017-01-12,10.26,10.68,11.1,10.26
2017-01-13,10.62,10.53,10.71,10.45
2017-01-16,10.55,9.87,10.55,9.64
2017-01-17,9.86,10.37,10.39,9.81
2017-01-18,10.5,10.56,10.84,10.44
2017-01-19,10.38,10.5,10.75,10.38
2017-01-20,10.5,10.75,10.88,10.4
2017-01-23,10.68,10.79,10.85,10.68
2017-01-24,10.8,10.62,10.82,10.61
2017-01-25,10.6,10.6,10.67,10.48
2017-01-26,10.62,10.5,10.67,10.4
2017-02-03,10.14,10.13,10.27,9.96
2017-02-06,10.13,10.19,10.22,10.05
2017-02-07,10.15,11.21,11.21,10.14
2017-02-08,11.48,11.11,11.48,11.02
2017-02-09,11.02,11.14,11.38,10.98
2017-02-10,11.08,10.94,11.25,10.92
2017-02-13,10.87,10.94,11.1,10.83
2017-02-14,10.94,11.0,11.07,10.78
2017-02-15,10.98,10.79,11.06,10.76
2017-02-16,10.73,10.8,10.87,10.7
2017-02-17,10.8,10.95,11.1,10.73
2017-02-20,10.9,10.82,11.03,10.68
2017-02-21,10.82,11.05,11.08,10.74
2017-02-22,11.08,10.9,11.15,10.81
2017-02-23,10.9,10.62,10.91,10.49
2017-02-24,10.63,10.66,10.73,10.52
2017-02-27,10.55,10.12,10.56,10.1
2017-02-28,10.1,10.21,10.28,10.01
2017-03-01,10.15,10.28,10.3,10.15
2017-03-02,10.27,10.06,10.28,10.04
2017-03-03,10.01,10.35,10.38,10.0
2017-03-06,10.34,10.55,10.56,10.3
2017-03-07,10.7,10.58,10.85,10.56
2017-03-08,10.57,10.42,10.58,10.38
2017-03-09,10.4,10.46,10.48,10.34
2017-03-10,10.44,10.22,10.46,10.18
2017-03-13,10.22,10.17,10.23,10.03
2017-03-14,10.19,10.21,10.25,10.15
2017-03-15,10.22,10.16,10.23,10.1
2017-03-16,10.17,10.23,10.28,10.17
2017-03-17,10.23,10.15,10.25,10.14
2017-03-20,10.15,10.09,10.2,10.06
2017-03-21,10.09,10.05,10.16,10.03
2017-03-22,9.98,10.08,10.13,9.95
2017-03-23,10.05,9.96,10.11,9.9
2017-03-24,9.96,9.77,10.0,9.66
2017-03-27,9.78,9.76,9.88,9.73
2017-03-28,9.81,9.94,9.96,9.77
2017-03-29,9.93,9.79,9.93,9.72
2017-03-30,9.79,9.4,9.79,9.37
2017-03-31,9.44,9.56,9.63,9.43
2017-04-05,9.56,9.67,9.68,9.41
2017-04-06,9.64,9.57,9.73,9.57
2017-04-07,9.63,9.58,9.63,9.49
2017-04-10,9.58,9.6,9.67,9.53
2017-04-11,9.58,9.76,9.78,9.52
2017-04-12,9.7,9.83,9.95,9.62
2017-04-13,9.82,9.89,10.06,9.75
2017-04-14,9.89,9.65,9.98,9.56
2017-04-17,10.05,9.25,10.06,9.12
2017-04-18,9.23,8.92,9.29,8.82
2017-04-19,8.92,8.56,8.95,8.51
2017-04-20,8.55,8.56,8.66,8.5
2017-04-21,8.6,8.68,8.8,8.54
2017-04-24,8.62,8.64,8.81,8.57
2017-04-25,8.64,8.61,8.7,8.53
2017-04-26,8.6,8.64,8.68,8.56
2017-04-27,8.57,8.7,8.8,8.48
2017-04-28,8.7,8.71,8.76,8.48
2017-05-02,8.71,8.59,8.71,8.5
2017-05-03,8.58,8.14,8.65,7.77
2017-05-04,8.05,8.24,8.31,7.96
2017-05-05,8.22,7.97,8.22,7.95
2017-05-08,7.9,7.55,7.94,7.55
2017-05-09,7.59,7.65,7.73,7.46
2017-05-10,7.66,7.57,7.74,7.45
2017-05-11,7.56,7.54,7.56,7.1
2017-05-12,7.51,7.59,7.64,7.44
2017-05-15,7.61,7.72,7.78,7.59
2017-05-16,7.68,7.9,7.92,7.65
2017-05-17,7.94,7.96,8.04,7.9
2017-05-18,7.91,7.96,7.99,7.86
2017-05-19,8.0,7.95,8.05,7.92
2017-05-22,7.95,7.78,7.98,7.64
2017-05-23,7.77,7.41,7.82,7.41
2017-05-24,7.44,7.58,7.65,7.19
2017-05-25,7.52,7.53,7.67,7.45
2017-05-26,7.58,7.53,7.58,7.33
2017-05-31,7.77,7.57,7.77,7.42
2017-06-01,7.56,7.67,7.67,7.4
2017-06-02,7.61,7.67,7.7,7.55
2017-06-05,7.68,7.75,7.78,7.65
2017-06-06,7.76,7.78,7.82,7.72
2017-06-07,7.78,7.88,7.92,7.77
2017-06-08,7.88,7.85,7.99,7.8
2017-06-09,7.89,7.84,7.89,7.69
2017-06-12,7.83,7.71,7.83,7.69
2017-06-13,7.68,7.73,7.82,7.68
2017-06-14,7.71,7.73,7.78,7.7
2017-06-15,7.68,7.88,7.88,7.68
2017-06-16,7.85,7.81,7.92,7.78
2017-06-19,7.84,7.86,7.89,7.78
2017-06-20,7.89,7.88,7.91,7.85
2017-06-21,7.9,7.91,7.93,7.84
2017-06-22,7.95,7.75,7.95,7.66
2017-06-23,7.73,7.75,7.79,7.7
2017-06-26,7.69,7.81,7.82,7.69
2017-06-27,7.83,7.89,7.89,7.79
2017-06-28,7.89,7.85,7.92,7.83
2017-06-29,7.89,7.85,7.89,7.84
2017-06-30,7.86,8.14,8.64,7.86
2017-07-03,8.35,8.18,8.35,8.0
2017-07-04,8.25,8.16,8.27,8.14
2017-07-05,8.16,8.23,8.26,8.16
2017-07-06,8.23,8.29,8.31,8.18
2017-07-07,8.27,8.27,8.29,8.21
2017-07-10,8.25,8.2,8.25,8.14
2017-07-11,8.21,8.24,8.38,8.12
2017-07-12,8.16,8.35,8.35,8.13
2017-07-13,8.49,8.36,8.49,8.18
2017-07-14,8.36,8.32,8.41,8.28
2017-07-17,8.33,7.86,8.38,7.49
2017-07-18,7.83,7.91,7.98,7.71
2017-07-19,7.91,7.92,7.99,7.75
2017-07-20,7.92,7.95,7.97,7.87
2017-07-21,7.92,7.91,7.97,7.87
2017-07-24,7.9,7.87,7.93,7.76
2017-07-25,7.81,7.77,7.87,7.71
2017-07-26,7.7,7.76,7.8,7.69
2017-07-27,7.72,7.81,7.84,7.6
2017-07-28,7.82,8.25,8.35,7.72
2017-07-31,8.2,8.28,8.35,8.1
2017-08-01,8.23,8.33,8.44,8.15
2017-08-02,8.26,8.7,8.93,8.21
2017-08-03,8.45,8.31,8.48,8.25
2017-08-04,8.3,8.21,8.41,8.15
2017-08-07,8.21,8.23,8.27,8.12
2017-08-08,8.16,8.2,8.26,8.16
2017-08-09,8.2,8.08,8.21,8.06
2017-08-10,8.04,8.01,8.13,7.85
2017-08-11,7.98,7.8,7.98,7.77
2017-08-14,7.83,7.9,7.93,7.8
2017-08-15,7.93,7.93,7.98,7.79
2017-08-16,7.89,7.93,7.96,7.86
2017-08-17,7.93,7.99,8.01,7.9
2017-08-18,7.9,8.03,8.06,7.89
2017-08-21,8.09,8.19,8.19,7.99
2017-08-22,8.2,8.06,8.24,8.06
2017-08-23,8.06,8.16,8.16,8.03
2017-08-24,8.16,8.06,8.18,8.0
2017-08-25,8.04,8.07,8.09,7.94
2017-08-28,8.03,8.08,8.13,8.03
2017-08-29,8.09,8.03,8.11,8.01
2017-08-30,8.01,8.0,8.05,7.95
2017-08-31,8.01,7.96,8.02,7.91
2017-09-01,7.96,8.1,8.11,7.95
2017-09-04,8.09,8.07,8.11,8.0
2017-09-05,8.07,8.04,8.11,8.01
2017-09-06,8.04,8.06,8.1,7.96
2017-09-07,8.08,8.26,8.45,8.08
2017-09-22,8.42,8.57,9.08,8.27
2017-09-25,8.36,8.07,8.42,8.01
2017-09-26,8.09,7.96,8.23,7.9
2017-09-27,7.86,7.89,7.99,7.83
2017-09-28,7.97,7.83,7.97,7.8
2017-09-29,7.84,7.82,7.87,7.61
2017-10-09,7.85,7.9,7.96,7.8
2017-10-10,7.9,7.71,7.91,7.65
2017-10-11,7.71,7.74,7.76,7.61
2017-10-12,7.72,7.72,7.72,7.58
2017-10-13,7.68,7.58,7.68,7.56
2017-10-16,7.59,7.73,7.8,7.38
2017-10-17,7.65,7.73,7.81,7.61
2017-10-18,7.76,7.53,7.76,7.52
2017-10-19,7.51,7.57,7.78,7.42
2017-10-20,7.5,7.72,7.73,7.5
2017-10-23,7.71,7.79,7.81,7.61
2018-02-12,7.01,7.33,7.9,7.01
2018-02-13,7.27,7.18,7.44,6.99
2018-02-14,7.1,7.03,7.22,6.82
2018-02-22,7.03,7.05,7.14,6.99
2018-02-23,7.49,7.12,7.49,7.11
2018-02-26,7.07,7.13,7.14,6.98
2018-02-27,7.15,7.01,7.16,7.0
2018-02-28,7.02,7.13,7.16,6.93
2018-03-01,7.13,7.12,7.16,7.06
2018-03-02,7.09,7.23,7.25,7.07
2018-03-05,7.22,7.25,7.27,7.2
2018-03-06,7.25,7.23,7.27,7.15
2018-03-07,7.25,7.11,7.26,7.11
2018-03-08,7.14,7.14,7.16,7.09
2018-03-09,7.32,7.35,7.65,7.29
2018-03-12,7.28,7.33,7.36,7.21
2018-03-13,7.28,7.48,7.53,7.28
2018-03-14,7.42,7.42,7.5,7.38
2018-03-15,7.42,7.26,7.44,7.2
2018-03-16,7.26,7.17,7.3,7.16
2018-03-19,7.17,7.11,7.19,7.1
2018-03-20,7.15,7.07,7.16,7.05
2018-03-21,7.18,7.11,7.25,7.09
2018-03-22,7.01,7.11,7.21,7.01
2018-03-23,7.08,7.14,7.6,7.06
2018-03-26,6.7,6.81,6.91,6.5
2018-03-27,6.9,6.87,6.99,6.75
2018-03-28,6.71,6.77,6.82,6.71
2018-03-29,6.74,6.79,6.85,6.73
2018-03-30,6.75,6.8,6.87,6.75
2018-04-02,6.92,7.41,7.48,6.87
2018-04-03,7.26,7.21,7.36,7.13
2018-04-04,7.2,7.3,7.48,7.16
2018-04-09,7.24,7.28,7.38,7.2
2018-04-10,7.4,7.24,7.46,7.22
2018-04-11,7.21,7.25,7.31,7.21
2018-04-12,7.22,7.06,7.29,7.06
2018-04-13,7.11,7.12,7.18,7.07
2018-04-16,7.2,7.1,7.2,7.06
2018-04-17,7.1,6.91,7.11,6.9
2018-04-18,7.0,6.92,7.05,6.8
2018-04-19,6.91,6.88,6.96,6.81
2018-04-20,6.86,6.77,6.96,6.77
2018-04-23,6.85,6.78,6.85,6.64
2018-04-24,6.84,6.9,6.92,6.75
2018-04-25,6.89,6.85,6.92,6.83
2018-04-26,6.89,6.66,6.9,6.66
2018-04-27,6.8,6.69,6.8,6.65
2018-05-02,6.68,6.7,6.74,6.67
2018-05-03,6.79,6.73,6.79,6.68
2018-05-04,6.71,6.74,6.74,6.69
2018-05-07,6.79,6.81,6.82,6.72
2018-05-08,6.78,6.89,6.93,6.78
2018-05-09,6.86,6.82,6.9,6.8
2018-05-10,6.86,6.85,6.89,6.82
2018-05-11,6.87,6.78,6.92,6.78
2018-05-14,6.77,6.45,6.77,6.3
2018-05-15,6.45,6.49,6.5,6.33
2018-05-16,6.52,6.48,6.56,6.44
2018-05-17,6.45,6.4,6.5,6.39
2018-05-18,6.4,6.43,6.47,6.38
2018-05-21,6.56,6.53,6.56,6.43
2018-05-22,6.48,6.55,6.55,6.44
2018-05-23,6.64,6.5,6.66,6.5
2018-05-24,6.49,6.42,6.52,6.41
2018-05-25,6.4,6.24,6.42,6.19
