date,open,close,high,low
2016-02-04,29.7,29.7,29.7,29.7
2016-02-05,26.73,26.73,26.73,26.73
2016-02-15,24.06,24.06,24.06,24.06
2016-02-16,22.03,24.41,25.71,21.65
2016-02-17,23.0,23.07,23.38,22.55
2016-02-18,23.21,23.41,24.18,23.15
2016-02-19,23.54,23.69,24.23,22.8
2016-02-22,23.69,24.09,24.09,23.39
2016-02-23,24.0,23.88,24.05,23.12
2016-02-24,23.63,23.06,23.99,22.91
2016-02-25,22.95,20.75,23.04,20.75
2016-02-26,20.65,19.95,20.8,19.22
2016-02-29,19.7,18.43,19.79,18.07
2016-03-01,18.5,19.08,19.38,18.1
2016-03-02,19.09,19.79,19.9,18.83
2016-03-03,19.69,19.3,19.88,19.3
2016-03-04,19.11,18.41,19.15,18.2
2016-03-07,18.48,18.99,19.4,18.48
2016-03-08,19.12,20.38,20.8,18.5
2016-03-09,20.1,20.05,20.92,19.82
2016-03-10,20.0,20.02,20.38,19.8
2016-03-11,19.79,19.97,20.68,19.7
2016-03-14,20.16,20.76,20.89,20.0
2016-03-15,20.51,19.98,20.58,19.96
2016-03-16,20.58,20.27,21.32,20.18
2016-03-17,20.15,20.69,20.78,19.92
2016-03-18,20.64,21.4,21.44,20.43
2016-03-21,21.65,21.66,21.78,21.12
2016-03-22,21.05,21.11,21.77,21.0
2016-03-23,20.7,20.97,21.11,20.51
2016-03-24,20.98,22.99,23.07,20.78
2016-03-25,22.35,21.93,22.6,21.7
2016-03-28,21.93,21.98,22.79,21.82
2016-03-29,21.63,21.71,21.97,20.86
2016-03-30,21.75,22.88,22.97,21.75
2016-03-31,22.85,22.5,23.03,22.4
2016-04-01,22.59,22.67,22.95,22.44
2016-04-05,22.83,23.27,24.18,22.83
2016-04-06,23.1,23.68,23.73,23.0
2016-04-07,24.0,25.8,26.05,23.91
2016-04-08,25.42,25.6,25.8,25.06
2016-04-11,25.7,25.78,26.55,25.69
2016-04-12,25.53,24.68,25.77,24.28
2016-04-13,24.75,24.89,25.82,24.75
2016-04-14,25.07,25.66,25.7,24.91
2016-04-15,25.95,27.01,27.47,25.81
2016-04-18,27.01,27.65,28.0,26.54
2016-04-19,27.85,27.3,27.99,27.05
2016-04-20,27.25,26.85,27.78,25.3
2016-04-21,26.37,27.81,28.55,26.36
2016-04-22,26.99,29.0,29.47,26.99
2016-04-25,28.89,30.32,30.8,27.92
2016-04-26,30.31,32.43,33.08,29.6
2016-04-27,31.89,31.16,33.28,30.49
2016-04-28,30.8,29.79,30.96,29.6
2016-04-29,29.68,29.98,30.33,28.62
2016-05-03,29.99,30.0,30.46,29.45
2016-05-04,29.95,28.9,30.37,28.78
2016-05-05,29.15,28.99,29.15,28.18
2016-05-06,28.98,27.01,29.45,26.88
2016-05-09,26.0,25.0,26.0,24.35
2016-05-10,24.98,24.87,25.3,24.58
2016-05-11,24.8,22.38,25.19,22.38
2016-05-12,21.39,22.4,22.5,20.4
2016-05-13,22.0,22.78,23.11,21.78
2016-05-16,23.35,25.06,25.06,22.95
2016-05-17,25.6,24.68,26.71,24.57
2016-05-18,24.0,23.87,24.52,22.25
2016-05-19,23.55,24.0,25.03,23.5
2016-05-20,23.62,24.0,24.1,23.38
2016-05-23,24.01,25.24,26.35,24.01
2016-05-24,24.85,25.22,25.95,24.81
2016-05-25,25.08,24.7,25.53,24.3
2016-05-26,24.7,25.11,25.21,24.01
2016-05-27,25.01,25.35,25.53,24.75
2016-05-30,25.05,25.3,25.46,24.83
2016-05-31,25.28,25.94,26.1,25.16
2016-06-01,25.89,26.59,26.8,25.63
2016-06-02,26.58,26.45,27.24,25.9
2016-06-03,26.43,26.34,26.69,26.16
2016-06-06,26.34,25.91,26.6,25.68
2016-06-07,25.84,25.89,26.39,25.81
2016-06-08,26.01,25.8,26.09,25.2
2016-06-13,25.52,26.77,27.44,25.27
2016-06-14,26.5,26.85,27.55,26.2
2016-06-15,26.1,27.58,27.99,25.8
2016-06-16,27.41,26.75,27.84,26.55
2016-06-17,26.46,26.65,27.19,25.9
2016-06-20,23.99,23.99,23.99,23.99
2016-06-21,22.5,22.8,23.5,22.5
2016-06-22,22.48,22.64,22.95,22.2
2016-06-23,22.68,23.79,24.4,22.61
2016-06-24,24.25,22.86,24.34,22.86
2016-06-27,22.91,23.04,23.33,22.66
2016-06-28,23.04,23.18,23.18,22.85
2016-06-29,23.2,23.24,23.46,23.08
2016-06-30,23.19,23.35,23.36,23.07
2016-07-01,23.36,23.27,23.4,23.11
2016-07-04,23.11,23.24,23.34,22.82
2016-07-05,23.13,22.88,23.26,22.68
2016-07-06,22.93,22.98,23.04,22.7
2016-07-07,23.06,22.89,23.18,22.62
2016-07-08,22.9,24.3,24.78,22.5
2016-07-11,23.93,23.3,24.29,23.16
2016-07-12,23.3,22.94,23.46,22.6
2016-07-13,23.05,23.5,23.58,22.9
2016-07-14,23.38,23.4,23.87,23.2
2016-07-15,23.2,23.43,23.44,23.04
2016-07-18,23.47,23.26,23.47,23.16
2016-07-19,22.98,23.25,23.31,22.9
2016-07-20,23.01,23.08,23.39,23.01
2016-07-21,23.0,22.9,23.15,22.87
2016-07-22,23.0,22.56,23.04,22.51
2016-07-25,22.51,22.83,23.1,22.41
2016-07-26,22.9,23.15,23.24,22.82
2016-07-27,23.1,22.2,23.29,22.11
2016-07-28,22.18,22.27,22.81,22.1
2016-07-29,22.19,22.69,22.88,22.19
2016-08-01,22.66,22.35,22.66,22.06
2016-08-02,22.35,23.25,23.48,22.3
2016-08-03,23.3,23.81,24.08,22.9
2016-08-04,23.8,24.5,24.75,23.32
2016-08-05,24.29,24.05,24.86,24.0
2016-08-08,24.0,23.51,24.42,21.65
2016-08-09,23.4,23.39,23.84,23.25
2016-08-10,23.4,23.19,23.54,23.1
2016-08-11,23.17,22.71,23.43,22.25
2016-08-12,22.56,22.8,22.95,22.56
2016-08-15,22.99,22.95,23.09,22.62
2016-08-16,22.95,23.0,23.1,22.8
2016-08-17,22.9,22.98,23.1,22.74
2016-08-18,22.94,22.98,23.2,22.85
2016-08-19,23.06,23.77,23.89,22.91
2016-08-22,23.62,23.45,23.97,23.25
2016-08-23,23.45,23.39,23.5,23.14
2016-08-24,23.31,23.33,23.58,23.19
2016-08-25,23.31,23.18,23.31,22.95
2016-08-26,23.18,23.19,23.48,22.8
2016-08-29,23.15,23.1,23.42,23.02
2016-08-30,23.06,22.9,23.24,22.9
2016-08-31,22.9,22.85,22.98,22.64
2016-09-01,22.85,22.96,23.14,22.8
2016-09-02,22.9,23.34,23.48,22.85
2016-09-05,23.36,23.1,23.56,23.1
2016-09-06,23.18,24.67,24.68,23.06
2016-09-07,24.46,24.03,24.75,24.0
2016-09-08,24.0,25.51,26.12,24.0
2016-09-09,25.45,25.51,25.9,25.03
2016-09-12,25.65,25.51,25.99,24.73
2016-09-13,25.4,26.02,26.33,25.32
2016-09-14,25.65,25.8,26.35,25.65
2016-09-19,25.8,25.26,25.8,25.05
2016-09-20,25.21,26.29,26.5,25.21
2016-09-21,26.3,25.76,26.98,25.67
2016-09-22,25.76,25.89,26.5,25.76
2016-09-23,25.76,25.94,26.2,25.7
2016-09-26,25.68,25.23,26.2,25.0
2016-09-27,24.85,25.31,25.45,24.85
2016-09-28,25.41,26.44,26.7,25.18
2016-09-29,26.44,26.47,26.71,26.22
2016-09-30,26.49,26.5,26.68,26.19
2016-10-10,26.5,26.3,27.3,26.05
2016-10-11,26.34,26.9,26.9,26.18
2016-10-12,26.78,27.34,27.35,26.6
2016-10-13,27.31,27.98,28.49,27.23
2016-10-14,27.9,27.63,28.01,27.49
2016-10-17,27.63,27.0,27.9,27.0
2016-10-18,27.0,27.11,27.2,26.71
2016-10-19,27.11,27.12,27.5,27.01
2016-10-20,27.08,27.25,27.48,27.02
2016-10-21,27.43,27.16,27.47,26.94
2016-10-24,27.24,27.1,27.24,26.79
2016-10-25,27.08,27.05,27.17,26.9
2016-10-26,27.05,26.98,27.05,26.75
2016-10-27,26.92,27.2,27.64,26.77
2016-10-28,27.06,26.34,27.44,26.31
2016-10-31,26.03,26.53,26.65,26.03
2016-11-01,26.37,26.98,27.2,26.15
2016-11-02,27.0,26.82,27.2,26.75
2016-11-03,26.98,26.8,27.3,26.45
2016-11-04,26.8,26.74,26.92,26.48
2016-11-07,27.0,27.21,27.62,26.81
2016-11-08,27.2,27.2,27.44,26.9
2016-11-09,27.36,27.25,27.48,26.67
2016-11-10,27.27,27.31,27.9,27.27
2016-11-11,27.39,27.57,27.58,27.25
2016-11-14,27.6,27.83,28.19,27.55
2016-11-15,27.83,27.8,27.98,27.73
2016-11-16,27.84,28.15,28.25,27.84
2016-11-17,28.17,29.06,29.33,27.96
2016-11-18,29.06,29.25,29.65,28.81
2016-11-21,29.25,29.15,29.4,28.71
2016-11-22,29.15,29.0,29.38,28.82
2016-11-23,28.91,28.7,29.07,28.54
2016-11-24,28.65,29.22,30.09,28.51
2016-11-25,29.2,29.31,29.39,28.28
2016-11-28,29.49,29.24,29.52,28.86
2016-11-29,29.28,28.83,29.45,28.5
2016-11-30,28.68,28.6,28.99,28.33
2016-12-01,28.95,28.71,28.98,28.47
2016-12-02,28.6,28.2,28.85,28.18
2016-12-05,28.01,27.78,28.17,27.16
2016-12-06,27.56,28.2,28.29,27.53
2016-12-07,27.96,28.68,28.69,27.96
2016-12-08,28.76,28.65,28.87,28.37
2016-12-09,28.8,28.76,28.83,28.56
2016-12-12,28.87,27.1,29.07,26.35
2016-12-13,27.3,27.97,28.16,25.56
2016-12-14,27.61,27.8,28.28,27.31
2016-12-15,27.5,27.97,28.08,27.5
2016-12-16,27.97,28.63,28.8,27.58
2016-12-19,28.68,29.54,29.98,28.35
2016-12-20,29.5,29.47,30.1,29.0
2016-12-21,29.4,29.48,29.66,29.33
2016-12-22,29.36,29.39,29.54,29.03
2016-12-23,29.72,29.05,29.9,28.88
2016-12-26,28.88,28.59,29.05,28.0
2016-12-27,28.77,29.47,29.7,28.32
2016-12-28,29.4,28.54,29.4,28.45
2016-12-29,28.39,27.54,28.5,27.54
2016-12-30,27.73,28.55,29.66,27.63
2017-01-03,28.32,28.09,28.89,28.03
2017-01-04,27.9,28.04,28.32,27.85
2017-01-05,28.31,27.85,28.42,27.83
2017-01-06,27.65,27.65,28.28,27.6
2017-01-09,27.5,27.35,27.84,27.12
2017-01-10,27.08,27.25,27.54,27.08
2017-01-11,27.32,27.7,28.0,27.12
2017-01-12,27.72,27.34,28.08,27.3
2017-01-13,27.2,26.71,27.6,26.7
2017-01-16,26.71,25.84,26.75,24.1
2017-01-17,25.23,26.04,26.05,25.21
2017-01-18,25.98,25.96,26.55,25.88
2017-01-19,26.2,26.63,26.92,25.75
2017-01-20,26.62,26.66,26.85,26.51
2017-01-23,26.65,26.57,27.19,25.41
2017-01-24,26.39,26.25,26.49,26.11
2017-01-25,26.1,26.38,26.66,26.1
2017-01-26,27.2,26.9,27.2,26.13
2017-02-03,26.0,26.23,27.16,24.31
2017-02-06,25.58,25.16,25.7,24.64
2017-02-07,25.06,25.56,25.6,24.79
2017-02-08,25.4,25.85,25.95,25.17
2017-02-09,25.68,26.63,26.81,25.62
2017-02-10,26.72,26.41,27.1,26.0
2017-02-13,26.4,26.0,27.0,25.91
2017-02-14,25.98,26.0,26.4,25.2
2017-02-15,25.75,24.51,25.8,24.51
2017-02-16,24.51,24.34,24.59,24.11
2017-02-17,24.2,23.24,24.28,22.95
2017-02-20,23.25,23.65,23.69,23.01
2017-02-21,23.84,23.86,23.9,23.35
2017-02-22,23.85,23.71,23.86,23.23
2017-02-23,23.62,24.16,24.3,23.4
2017-02-24,24.02,24.26,24.6,23.8
2017-02-27,24.8,24.4,24.8,23.81
2017-02-28,24.03,24.1,24.32,23.87
2017-03-01,24.15,24.12,24.18,23.91
2017-03-02,24.09,24.0,24.18,23.71
2017-03-03,23.85,24.0,24.13,23.52
2017-03-06,24.08,23.98,24.16,23.82
2017-03-07,23.91,24.05,24.15,23.85
2017-03-08,24.13,23.91,24.13,23.85
2017-03-09,23.86,23.95,24.05,23.8
2017-03-10,23.94,24.04,24.23,23.87
2017-03-13,24.04,24.68,25.35,23.87
2017-03-14,24.33,24.26,24.5,24.2
2017-03-15,24.24,24.2,24.35,23.91
2017-03-16,24.12,24.2,24.35,24.04
2017-03-17,24.21,24.05,24.26,24.04
2017-03-20,24.11,24.05,24.13,23.93
2017-03-21,24.11,24.11,24.24,24.02
2017-03-22,24.11,23.8,24.11,23.63
2017-03-23,23.81,23.37,23.96,23.2
2017-03-24,23.37,23.7,23.74,23.3
2017-03-27,23.62,23.29,23.62,23.2
2017-03-28,23.29,23.16,23.37,23.13
2017-03-29,23.15,22.71,23.19,22.68
2017-03-30,24.0,24.42,24.88,23.51
2017-03-31,23.95,23.99,24.51,23.56
2017-04-05,23.65,23.91,24.18,23.62
2017-04-06,23.91,24.04,24.06,23.8
2017-04-07,24.04,24.37,24.88,24.04
2017-04-10,24.43,23.99,24.55,23.96
2017-04-11,24.38,24.41,24.51,24.1
2017-04-12,24.41,23.66,24.5,23.55
2017-04-13,23.58,23.99,24.38,23.03
2017-04-14,23.99,23.9,24.0,23.58
2017-04-17,23.75,23.16,23.75,23.0
2017-04-18,23.08,23.13,23.37,23.0
2017-04-19,20.82,20.82,20.82,20.82
2017-04-20,18.74,18.74,18.74,18.74
2017-04-21,17.22,16.87,18.44,16.87
2017-04-24,16.65,15.18,16.74,15.18
2017-04-25,15.18,15.19,15.44,14.88
2017-04-26,15.19,15.26,15.32,15.1
2017-04-27,15.2,16.11,16.45,15.1
2017-12-20,15.3,15.3,15.3,15.3
2017-12-21,14.54,14.54,14.54,14.54
2017-12-22,13.81,13.81,13.81,13.81
2017-12-25,13.12,13.12,13.12,13.12
2017-12-26,12.46,12.46,12.46,12.46
2017-12-27,11.84,11.84,11.84,11.84
2017-12-28,11.25,11.25,11.84,11.25
2017-12-29,11.03,10.69,11.06,10.69
2018-01-02,10.51,10.47,10.75,10.17
2018-01-03,10.38,10.86,10.98,10.32
2018-01-04,10.7,10.67,10.77,10.56
2018-01-05,10.61,10.9,10.9,10.46
2018-01-08,10.77,10.69,10.83,10.6
2018-01-09,10.71,10.71,10.89,10.65
2018-01-10,10.72,10.25,10.74,10.23
2018-01-11,10.22,10.22,10.33,9.97
2018-01-12,10.2,10.23,10.45,10.14
2018-01-15,10.2,9.72,10.2,9.72
2018-01-16,9.54,9.6,9.75,9.54
2018-01-17,9.58,9.36,9.59,9.2
2018-01-18,9.33,9.48,9.67,9.32
2018-01-19,9.49,9.52,9.62,9.41
2018-01-22,9.52,9.46,9.57,9.36
2018-01-23,9.39,9.38,9.47,9.33
2018-01-24,9.38,9.46,9.67,9.35
2018-01-25,9.46,9.44,9.62,9.4
2018-01-26,9.42,9.29,9.52,9.22
2018-01-29,9.27,9.13,9.36,9.02
2018-01-30,9.05,9.06,9.16,9.03
2018-01-31,9.0,8.61,9.0,8.61
2018-02-01,8.4,8.18,8.53,8.18
2018-02-02,7.9,7.77,7.9,7.77
2018-02-05,7.38,7.9,8.12,7.38
2018-02-06,7.61,7.51,7.84,7.51
2018-02-07,7.6,7.42,7.63,7.16
2018-02-08,7.43,7.59,7.67,7.32
2018-02-09,7.37,7.21,7.42,7.21
2018-02-12,7.28,7.4,7.44,7.21
2018-02-13,7.41,7.37,7.48,7.35
2018-02-14,7.32,7.42,7.44,7.32
2018-02-22,7.44,7.67,7.77,7.41
2018-02-23,7.65,7.89,8.04,7.54
2018-02-26,7.92,8.01,8.06,7.92
2018-02-27,7.98,7.9,8.0,7.85
2018-02-28,7.89,7.95,7.96,7.81
2018-03-01,7.93,8.1,8.11,7.86
2018-03-02,8.04,7.99,8.13,7.98
2018-03-05,7.89,7.78,7.94,7.7
2018-03-06,7.81,7.86,7.86,7.73
2018-03-07,7.81,7.76,7.88,7.75
2018-03-08,7.76,7.81,7.82,7.74
2018-03-09,7.82,8.07,8.18,7.81
2018-03-12,8.06,8.19,8.25,8.05
2018-03-13,8.18,8.46,8.55,8.11
2018-03-14,8.37,8.22,8.42,8.18
2018-03-15,8.2,8.0,8.22,7.9
2018-03-16,8.0,8.02,8.11,7.97
2018-03-19,8.03,8.09,8.15,7.96
2018-03-20,8.05,8.1,8.12,7.95
2018-03-21,8.14,8.06,8.23,8.05
2018-03-22,8.07,8.05,8.14,8.0
2018-03-23,7.88,7.65,7.88,7.65
2018-03-26,7.27,7.36,7.47,7.27
2018-03-27,7.42,7.54,7.58,7.4
2018-03-28,7.41,7.47,7.52,7.36
2018-03-29,7.48,7.53,7.57,7.47
2018-03-30,7.51,7.58,7.62,7.5
2018-04-02,7.57,7.51,7.6,7.51
2018-04-03,7.39,7.38,7.45,7.31
2018-04-04,7.4,7.36,7.5,7.3
2018-04-09,7.32,7.36,7.42,7.29
2018-04-10,7.36,7.33,7.44,7.26
2018-04-11,7.33,7.34,7.39,7.31
2018-04-12,7.35,7.41,7.45,7.31
2018-04-13,7.4,7.26,7.42,7.26
2018-04-16,6.91,7.0,7.17,6.91
2018-04-17,7.02,7.23,7.35,7.02
2018-04-18,7.12,7.1,7.18,6.96
2018-04-19,7.1,7.05,7.14,7.0
2018-04-20,7.04,6.73,7.08,6.7
2018-04-23,6.6,6.71,6.76,6.6
2018-04-24,6.7,6.79,6.84,6.7
2018-04-25,6.85,7.13,7.13,6.85
2018-04-26,7.4,7.07,7.49,7.06
2018-04-27,7.01,7.05,7.17,6.93
2018-05-02,7.1,7.17,7.25,7.1
2018-05-03,7.23,7.13,7.23,6.9
2018-05-04,7.06,7.09,7.13,7.02
2018-05-07,7.02,7.15,7.19,7.02
2018-05-08,7.14,7.21,7.23,7.13
2018-05-09,7.2,7.34,7.37,7.19
2018-05-10,7.33,7.5,7.69,7.27
2018-05-11,7.71,7.88,7.88,7.57
2018-05-14,7.9,7.5,7.92,7.49
2018-05-15,7.46,7.51,7.58,7.4
2018-05-16,7.5,7.61,7.69,7.5
2018-05-17,7.6,7.48,7.6,7.47
2018-05-18,7.45,7.7,7.75,7.45
2018-05-21,7.75,7.79,7.84,7.65
2018-05-22,7.79,7.9,7.97,7.76
2018-05-23,7.83,7.71,7.86,7.68
2018-05-24,7.65,7.81,7.83,7.65
2018-05-25,7.77,7.65,7.79,7.64
