date,open,close,high,low
2016-01-04,10.529,9.436,10.74,9.324
2016-01-05,8.592,9.093,9.554,8.592
2016-01-06,9.31,9.429,9.554,9.027
2016-01-07,9.231,8.487,9.231,8.487
2016-01-08,8.698,8.236,8.829,7.821
2016-01-11,7.907,7.413,8.032,7.413
2016-01-12,7.294,7.011,7.498,6.728
2016-01-13,7.103,6.517,7.143,6.405
2016-01-14,6.194,6.853,6.919,6.062
2016-01-15,6.688,6.695,6.958,6.596
2016-01-18,6.49,6.998,7.116,6.365
2016-01-19,6.932,7.459,7.492,6.859
2016-01-20,7.38,7.4,7.835,7.314
2016-01-21,7.274,7.09,7.61,7.09
2016-01-22,7.248,7.083,7.301,6.82
2016-01-25,7.215,7.373,7.591,7.149
2016-01-26,7.248,6.635,7.413,6.635
2016-01-27,6.846,6.418,6.846,5.976
2016-01-28,6.378,5.864,6.418,5.779
2016-01-29,5.851,6.187,6.326,5.798
2016-02-01,6.194,6.023,6.326,5.766
2016-02-02,6.062,6.385,6.444,5.904
2016-02-03,6.312,6.51,6.576,6.174
2016-02-04,6.457,6.662,6.84,6.392
2016-02-05,6.721,7.327,7.327,6.721
2016-02-15,6.971,7.643,7.808,6.721
2016-02-16,7.512,7.867,7.986,7.439
2016-02-17,7.775,7.887,8.171,7.65
2016-02-18,7.887,7.723,7.914,7.657
2016-02-19,7.676,7.907,8.105,7.676
2016-02-22,8.006,8.098,8.171,7.795
2016-02-23,8.098,7.874,8.098,7.723
2016-02-24,7.828,8.171,8.171,7.683
2016-02-25,8.105,7.36,8.105,7.354
2016-02-26,7.564,7.235,7.564,6.978
2016-02-29,7.156,6.589,7.195,6.51
2016-03-01,6.583,6.919,7.176,6.398
2016-03-02,6.853,7.61,7.61,6.787
2016-03-03,7.709,7.775,7.96,7.545
2016-03-04,7.709,7.446,7.821,7.195
2016-03-07,7.643,7.571,7.755,7.38
2016-03-08,7.492,7.492,7.538,6.866
2016-03-09,7.162,7.4,7.65,7.09
2016-03-10,7.321,7.301,7.538,7.255
2016-03-11,7.05,7.255,7.393,6.998
2016-03-14,7.347,7.782,7.953,7.347
2016-03-15,7.657,7.716,8.039,7.657
2016-03-16,7.828,7.696,7.907,7.498
2016-03-17,7.841,8.467,8.467,7.782
2016-03-18,8.302,8.797,9.185,8.289
2016-03-21,8.902,9.06,9.324,8.764
2016-03-22,8.862,9.436,9.884,8.829
2016-03-23,9.343,9.403,9.521,9.06
2016-03-24,9.139,9.06,9.337,9.014
2016-03-25,8.955,9.469,9.851,8.935
2016-03-28,9.475,9.917,10.411,9.423
2016-03-29,9.739,9.179,9.844,9.113
2016-03-30,9.561,9.785,9.805,9.159
2016-03-31,9.686,10.536,10.536,9.587
2016-04-01,10.391,10.147,10.391,9.989
2016-04-05,10.2,10.187,10.259,9.765
2016-04-06,10.193,9.943,10.424,9.871
2016-04-07,9.95,9.449,10.048,9.39
2016-04-08,9.33,9.482,9.554,9.172
2016-04-11,9.587,9.64,9.877,9.554
2016-04-12,9.798,9.376,9.805,9.179
2016-04-13,9.541,9.567,9.778,9.297
2016-04-14,9.627,9.574,9.686,9.376
2016-04-15,9.541,9.39,9.574,9.324
2016-04-18,9.297,9.541,9.581,9.225
2016-07-28,9.244,8.591,9.244,8.591
2016-07-29,8.023,7.904,8.221,7.732
2016-08-01,7.666,7.957,8.023,7.27
2016-08-02,7.785,8.082,8.221,7.64
2016-08-03,8.056,8.379,8.643,7.877
2016-08-04,8.287,8.161,8.32,8.109
2016-08-05,8.155,7.976,8.234,7.97
2016-08-08,8.023,7.937,8.023,7.739
2016-08-09,8.254,8.729,8.729,8.194
2016-08-10,9.007,9.04,9.462,8.789
2016-08-11,9.033,8.69,9.033,8.67
2016-08-12,8.617,8.696,8.749,8.458
2016-08-15,8.696,8.848,8.974,8.604
2016-08-16,8.769,8.795,8.934,8.723
2016-08-17,8.841,8.736,8.855,8.643
2016-08-18,8.756,8.637,8.756,8.544
2016-08-19,8.676,8.749,8.888,8.61
2016-08-22,8.716,8.399,8.742,8.386
2016-08-23,8.326,8.333,8.551,8.274
2016-08-24,8.366,8.775,8.98,8.353
2016-08-25,8.716,8.61,8.729,8.386
2016-08-26,8.617,8.974,9.396,8.61
2016-08-29,8.974,9.112,9.297,8.914
2016-08-30,9.013,8.947,9.139,8.756
2016-08-31,8.888,8.921,8.967,8.723
2016-09-01,8.914,9.02,9.231,8.822
2016-09-02,8.98,8.828,9.059,8.709
2016-09-05,8.888,8.617,8.907,8.604
2016-09-06,8.584,8.789,8.822,8.458
2016-09-07,8.789,8.696,8.947,8.69
2016-09-08,8.657,8.723,8.775,8.617
2016-09-09,8.716,9.594,9.594,8.637
2016-09-12,9.574,9.581,9.772,9.284
2016-09-13,9.475,9.72,10.01,9.33
2016-09-14,9.515,9.264,9.594,9.132
2016-09-19,9.244,9.845,10.017,9.178
2016-09-20,9.753,10.004,10.004,9.627
2016-09-21,9.905,9.7,10.017,9.607
2016-09-22,9.792,9.911,9.984,9.522
2016-09-23,9.799,9.627,10.129,9.614
2016-09-26,9.442,8.98,9.502,8.914
2016-09-27,8.927,9.251,9.31,8.769
2016-09-28,9.191,9.026,9.231,8.993
2016-10-12,9.244,9.614,9.931,9.158
2016-10-13,9.508,9.68,9.766,9.409
2016-10-14,9.594,9.687,9.865,9.574
2016-10-17,9.706,9.905,10.122,9.574
2016-10-18,9.806,9.971,9.997,9.68
2016-10-19,9.957,9.753,9.957,9.66
2016-10-20,9.772,10.096,10.367,9.627
2016-10-21,9.971,9.792,10.05,9.7
2016-10-24,9.772,9.779,9.878,9.726
2016-10-25,9.812,9.574,9.839,9.489
2016-10-26,9.555,9.647,9.713,9.515
2016-10-27,9.607,9.574,9.634,9.475
2016-10-28,9.581,9.31,9.627,9.284
2016-10-31,9.297,9.383,9.475,9.185
2016-11-01,9.39,9.548,9.574,9.343
2016-11-02,9.541,9.733,9.971,9.522
2016-11-03,9.64,9.66,9.753,9.502
2016-11-04,9.66,9.482,9.759,9.442
2016-11-07,9.436,9.489,9.673,9.436
2016-11-08,9.535,9.383,9.555,9.37
2016-11-09,9.376,9.218,9.429,9.02
2016-11-10,9.304,9.588,9.72,9.224
2016-11-11,9.535,9.423,9.594,9.323
2016-11-14,9.475,9.905,10.103,9.442
2016-11-15,9.839,9.931,10.07,9.693
2016-11-16,9.918,10.01,10.05,9.772
2016-11-17,9.931,9.799,9.938,9.726
2016-11-18,9.806,9.772,10.301,9.726
2016-11-21,9.66,9.588,9.713,9.489
2016-11-22,9.588,9.607,9.673,9.508
2016-11-23,9.647,10.149,10.558,9.508
2016-11-24,10.023,10.618,11.126,9.971
2016-11-25,10.406,10.499,10.842,10.387
2016-11-28,10.505,10.499,10.961,10.439
2016-11-29,10.439,10.321,10.75,10.182
2016-11-30,10.215,10.532,10.631,10.136
2016-12-01,10.4,10.248,10.545,10.202
2016-12-02,10.248,9.786,10.321,9.779
2016-12-05,9.574,9.634,9.825,9.574
2016-12-06,9.7,9.68,9.799,9.64
2016-12-07,9.706,9.839,9.891,9.673
2016-12-08,9.839,9.522,9.878,9.482
2016-12-09,9.495,9.357,9.561,9.31
2016-12-12,9.363,8.663,9.39,8.591
2016-12-13,8.65,8.868,8.947,8.63
2016-12-14,8.822,8.683,8.874,8.65
2016-12-15,8.749,8.808,8.934,8.69
2016-12-16,8.881,9.687,9.687,8.848
2016-12-19,9.68,9.687,9.951,9.614
2016-12-20,9.687,9.621,9.825,9.594
2016-12-21,9.634,9.594,9.739,9.515
2016-12-22,9.581,9.522,9.627,9.429
2016-12-23,9.528,9.522,9.673,9.462
2016-12-26,9.502,9.165,9.502,8.861
2016-12-27,9.152,9.086,9.218,8.993
2016-12-28,9.086,9.099,9.244,9.046
2016-12-29,9.112,8.974,9.185,8.941
2016-12-30,8.914,8.802,9.013,8.742
2017-01-03,8.848,9.033,9.099,8.848
2017-01-04,9.013,9.139,9.178,8.967
2017-01-05,9.132,9.073,9.185,9.046
2017-01-06,9.04,9.04,9.106,8.974
2017-01-09,9.066,9.257,9.297,9.04
2017-01-10,9.244,9.132,9.244,9.079
2017-01-11,9.132,8.954,9.218,8.901
2017-01-12,8.888,8.802,8.993,8.716
2017-01-13,8.769,8.802,8.861,8.624
2017-01-16,8.802,8.34,8.874,7.93
2017-01-17,8.313,8.518,8.577,8.247
2017-01-18,8.518,8.525,8.683,8.465
2017-01-19,8.458,8.472,8.584,8.458
2017-01-20,8.452,8.591,8.663,8.452
2017-01-23,8.597,8.643,8.716,8.584
2017-01-24,8.643,8.525,8.65,8.505
2017-01-25,8.584,8.696,8.894,8.584
2017-01-26,8.696,8.848,8.954,8.696
2017-02-03,8.855,8.696,8.907,8.657
2017-02-06,8.696,8.782,8.802,8.676
2017-02-07,8.782,8.861,8.907,8.756
2017-02-08,8.881,8.874,8.881,8.703
2017-02-09,8.822,8.993,9.165,8.815
2017-02-10,8.96,8.98,9.106,8.914
2017-02-13,8.987,9.007,9.026,8.894
2017-02-14,9.007,8.934,9.007,8.901
2017-02-15,8.934,8.723,8.974,8.69
2017-02-16,8.723,8.822,8.881,8.723
2017-02-17,8.868,8.927,9.092,8.789
2017-02-20,8.888,9.099,9.205,8.881
2017-02-21,9.106,9.046,9.132,8.98
2017-02-22,9.013,9.099,9.224,9.013
2017-02-23,9.086,9.066,9.211,9.007
2017-02-24,9.026,9.04,9.086,8.914
2017-02-27,9.04,8.901,9.079,8.888
2017-02-28,8.888,8.934,9.0,8.874
2017-03-01,8.967,8.881,8.98,8.868
2017-03-02,8.894,8.756,8.954,8.742
2017-03-03,8.769,8.815,8.868,8.723
2017-03-06,8.835,9.007,9.013,8.789
2017-03-07,8.993,9.046,9.073,8.96
2017-03-08,9.079,8.967,9.092,8.921
2017-03-09,8.974,8.802,8.974,8.789
2017-03-10,8.822,9.211,9.409,8.808
2017-03-13,9.152,9.165,9.191,9.033
2017-03-14,9.145,9.013,9.191,8.987
2017-03-15,9.092,9.132,9.211,9.079
2017-03-16,9.079,9.218,9.297,9.079
2017-03-17,9.211,9.059,9.244,9.059
2017-03-20,9.106,9.139,9.139,8.954
2017-03-21,9.158,9.205,9.205,9.086
2017-03-22,9.172,9.04,9.172,9.0
2017-03-23,9.079,8.96,9.086,8.861
2017-03-24,9.033,9.053,9.172,9.0
2017-03-27,9.04,8.967,9.066,8.941
2017-03-28,9.0,8.921,9.0,8.855
2017-03-29,8.888,8.828,8.947,8.828
2017-03-30,8.828,8.65,8.848,8.551
2017-03-31,8.703,8.696,8.729,8.637
2017-04-05,8.696,8.894,8.907,8.696
2017-04-06,8.855,8.861,8.934,8.848
2017-04-07,8.888,8.855,8.888,8.795
2017-04-10,8.861,8.643,8.861,8.617
2017-04-11,8.65,8.749,8.756,8.617
2017-04-12,8.762,8.67,8.769,8.663
2017-04-13,8.67,8.65,8.749,8.63
2017-04-14,8.637,8.492,8.65,8.485
2017-04-17,8.419,8.478,8.577,8.419
2017-04-18,8.485,8.472,8.571,8.458
2017-04-19,8.452,8.3,8.518,8.056
2017-04-20,8.478,8.227,8.478,8.168
2017-04-21,8.227,8.175,8.313,8.155
2017-04-24,8.135,7.937,8.175,7.924
2017-04-25,7.943,8.023,8.043,7.924
2017-04-26,8.023,8.069,8.142,7.99
2017-04-27,8.056,8.082,8.109,7.924
2017-04-28,8.102,8.135,8.168,8.049
2017-05-02,8.155,8.095,8.221,8.062
2017-05-03,8.095,8.122,8.188,8.062
2017-05-04,7.996,8.095,8.208,7.996
2017-05-05,8.069,8.069,8.175,8.023
2017-05-08,8.009,8.175,8.505,8.009
2017-05-09,8.122,8.234,8.287,8.023
2017-05-10,8.227,8.247,8.307,8.175
2017-05-11,8.181,8.241,8.3,8.003
2017-05-12,8.26,8.194,8.26,8.181
2017-05-15,8.254,8.155,8.287,8.142
2017-05-16,8.089,8.095,8.102,7.877
2017-05-17,8.109,8.016,8.115,7.996
2017-05-18,7.95,7.937,8.049,7.937
2017-05-19,7.93,7.917,7.983,7.91
2017-05-22,7.891,7.508,7.943,7.329
2017-05-23,7.508,6.92,7.574,6.795
2017-05-24,6.92,6.999,7.078,6.669
2017-05-25,7.065,7.032,7.065,6.821
2017-05-26,7.105,7.29,7.527,7.065
2017-05-31,7.316,7.197,7.422,7.184
2017-06-01,7.197,6.966,7.23,6.966
2017-06-02,6.953,7.125,7.158,6.946
2017-06-05,7.164,7.29,7.316,7.164
2017-06-06,7.21,7.32,7.37,7.21
2017-06-07,7.3,7.46,7.51,7.26
2017-06-08,7.45,7.38,7.55,7.36
2017-06-09,7.42,7.33,7.42,7.3
2017-06-12,7.34,7.31,7.4,7.29
2017-06-13,7.35,7.59,7.65,7.23
2017-06-14,7.55,7.45,7.59,7.39
2017-06-15,7.48,7.49,7.57,7.4
2017-06-16,7.46,7.44,7.53,7.44
2017-06-19,7.45,7.45,7.53,7.43
2017-06-20,7.45,7.47,7.52,7.44
2017-06-21,7.49,7.46,7.51,7.41
2017-06-22,7.5,7.31,7.51,7.3
2017-06-23,7.29,7.2,7.36,7.1
2017-06-26,7.2,7.49,7.56,7.19
2017-06-27,7.5,7.71,7.8,7.38
2017-06-28,7.65,7.56,7.66,7.53
2017-06-29,7.56,7.54,7.63,7.5
2017-06-30,7.54,7.54,7.55,7.47
2017-07-03,7.51,7.51,7.54,7.46
2017-07-04,7.52,7.46,7.54,7.45
2017-07-05,7.46,7.48,7.5,7.43
2017-07-06,7.48,7.46,7.51,7.41
2017-07-07,7.46,7.46,7.48,7.4
2017-07-10,7.47,7.35,7.47,7.34
2017-07-11,7.36,7.35,7.46,7.35
2017-07-12,7.35,7.32,7.42,7.19
2017-07-13,7.33,7.26,7.35,7.23
2017-07-14,7.28,7.37,7.45,7.28
2017-07-17,7.4,7.04,7.42,6.68
2017-07-18,7.0,7.16,7.23,6.95
2017-07-19,7.22,7.28,7.34,7.13
2017-07-20,7.25,7.28,7.39,7.23
2017-07-21,7.35,7.29,7.37,7.25
2017-07-24,7.22,7.27,7.31,7.21
2017-07-25,7.32,7.22,7.32,7.19
2017-07-26,7.25,7.21,7.27,7.18
2017-07-27,7.23,7.37,7.43,7.15
2017-07-28,7.37,7.33,7.43,7.3
2017-07-31,7.33,7.34,7.39,7.31
2017-08-01,7.34,7.45,7.47,7.34
2017-08-02,7.45,7.38,7.49,7.38
2017-08-03,7.45,7.53,7.56,7.36
2017-08-04,7.53,7.58,7.65,7.51
2017-08-07,7.57,7.93,7.95,7.53
2017-08-08,7.91,7.91,8.08,7.8
2017-08-09,7.92,7.83,7.92,7.8
2017-08-10,7.8,7.66,7.83,7.56
2017-08-11,7.6,7.55,7.74,7.54
2017-08-14,7.55,8.0,8.05,7.55
2017-08-15,8.05,8.18,8.26,7.9
2017-08-16,8.16,8.16,8.3,8.13
2017-08-17,8.16,8.2,8.25,8.07
2017-08-18,8.18,8.2,8.29,8.1
2017-08-21,8.21,8.15,8.29,8.11
2017-08-22,8.15,8.09,8.17,8.04
2017-08-23,8.11,8.08,8.15,8.03
2017-08-24,8.09,7.9,8.13,7.87
2017-08-25,7.9,8.04,8.07,7.9
2017-08-28,8.07,8.12,8.19,8.05
2017-08-29,8.1,8.05,8.16,8.03
2017-08-30,8.05,8.08,8.15,8.05
2017-08-31,8.08,8.12,8.13,7.99
2017-09-01,8.1,8.14,8.15,8.07
2017-09-04,8.19,8.12,8.2,8.11
2017-09-05,8.16,8.08,8.17,8.07
2017-09-06,8.09,8.12,8.12,8.02
2017-09-07,8.15,8.05,8.18,8.04
2017-09-08,8.01,8.04,8.13,8.01
2017-09-11,8.03,8.12,8.12,8.0
2017-09-12,8.08,8.04,8.15,8.04
2017-09-13,8.02,8.09,8.12,8.02
2017-09-14,8.09,8.07,8.1,8.02
2017-09-15,8.03,7.87,8.07,7.85
2017-09-18,7.94,8.05,8.06,7.9
2017-09-19,8.05,8.31,8.38,8.04
2017-09-20,8.31,8.32,8.38,8.17
2017-09-21,8.27,8.28,8.38,8.21
2017-09-22,8.27,8.08,8.27,8.02
2017-09-25,8.09,7.95,8.12,7.93
2017-09-26,7.95,7.92,8.04,7.87
2017-09-27,7.91,8.22,8.28,7.91
2017-09-28,8.07,8.0,8.13,8.0
2017-09-29,8.09,8.1,8.14,8.02
2017-10-09,8.2,8.29,8.33,8.12
2017-10-10,8.29,8.29,8.34,8.22
2017-10-11,8.3,8.22,8.34,8.2
2017-10-12,8.28,8.12,8.28,8.06
2017-10-13,8.08,8.24,8.27,8.08
2017-10-16,8.22,8.08,8.23,8.02
2017-10-17,8.1,8.09,8.18,8.04
2017-10-18,8.1,8.04,8.15,8.01
2017-10-19,8.03,7.98,8.06,7.94
2017-10-20,7.96,8.01,8.05,7.95
2017-10-23,8.02,8.07,8.07,7.97
2017-10-24,8.0,7.9,8.05,7.89
2017-10-25,7.91,7.9,7.94,7.88
2017-10-26,7.92,7.92,7.95,7.87
2017-10-27,7.93,7.8,7.94,7.79
2017-10-30,7.8,7.53,7.8,7.52
2017-10-31,7.51,7.55,7.57,7.46
2017-11-01,7.57,7.6,7.69,7.51
2017-11-02,7.6,7.67,7.76,7.52
2017-11-03,7.64,7.53,7.75,7.51
2017-11-06,7.49,7.58,7.59,7.49
2017-11-07,7.57,7.48,7.59,7.0
2017-11-08,7.47,7.52,7.63,7.44
2017-11-09,7.54,7.55,7.57,7.47
2017-11-10,7.55,7.38,7.55,7.38
2017-11-13,7.34,7.27,7.4,7.16
2017-11-14,7.27,7.11,7.27,7.08
2017-11-15,7.14,7.04,7.16,7.03
2017-11-16,7.05,7.2,7.56,7.02
2017-11-17,7.14,6.96,7.15,6.94
2017-11-20,6.95,7.03,7.06,6.76
2017-11-21,7.03,7.03,7.1,6.96
2017-11-22,7.03,6.97,7.09,6.95
2017-11-23,6.97,7.17,7.27,6.88
2017-11-24,7.13,7.15,7.25,7.05
2017-11-27,7.15,7.14,7.21,7.05
2017-11-28,7.16,7.19,7.21,7.1
2017-11-29,7.17,7.09,7.17,7.03
2017-11-30,7.09,7.14,7.18,7.05
2017-12-01,7.11,7.29,7.32,7.1
2017-12-04,7.25,7.17,7.38,7.14
2017-12-05,7.2,6.93,7.2,6.89
2017-12-06,6.93,7.14,7.16,6.93
2017-12-07,7.14,7.13,7.2,7.08
2017-12-08,7.16,7.18,7.25,7.11
2017-12-11,7.2,7.14,7.22,7.08
2017-12-12,7.14,6.99,7.14,6.94
2017-12-13,7.0,7.0,7.02,6.95
2017-12-14,6.98,6.98,7.02,6.97
2017-12-15,6.98,6.88,6.98,6.85
2017-12-18,6.88,6.87,6.91,6.78
2017-12-19,6.84,7.18,7.5,6.84
2017-12-20,7.14,6.98,7.16,6.98
2017-12-21,6.99,6.91,7.05,6.9
2017-12-22,6.97,6.9,6.98,6.9
2017-12-25,6.9,6.97,6.99,6.8
2017-12-26,6.97,6.96,6.98,6.9
2017-12-27,6.91,6.9,7.04,6.88
2017-12-28,6.89,6.9,6.94,6.85
2017-12-29,6.87,6.91,6.96,6.86
2018-01-02,6.9,6.93,6.96,6.88
2018-01-03,6.93,6.98,7.04,6.86
2018-01-04,7.02,6.97,7.03,6.92
2018-01-05,6.94,6.92,6.98,6.85
2018-01-08,6.97,6.95,6.98,6.89
2018-01-09,6.95,6.95,6.99,6.93
2018-01-10,6.92,7.05,7.05,6.7
2018-01-11,7.07,7.76,7.76,7.05
2018-01-12,7.75,7.36,7.76,7.32
2018-01-15,7.15,6.91,7.32,6.91
2018-01-16,6.96,7.0,7.06,6.9
2018-01-17,6.86,6.85,6.89,6.66
2018-01-18,6.85,6.77,6.88,6.76
2018-01-19,6.76,6.74,6.82,6.69
2018-01-22,6.75,6.75,6.79,6.62
2018-01-23,6.76,6.77,6.78,6.72
2018-01-24,6.75,6.79,6.81,6.72
2018-01-25,6.83,6.76,6.83,6.73
2018-01-26,6.77,6.75,6.81,6.74
2018-01-29,6.74,6.65,6.78,6.63
2018-01-30,6.65,6.67,6.69,6.62
2018-01-31,6.64,6.46,6.65,6.45
2018-02-01,6.46,6.03,6.5,6.0
2018-02-02,6.08,6.16,6.21,5.95
2018-02-05,6.1,6.1,6.15,6.0
2018-02-06,6.02,5.78,6.08,5.7
2018-02-07,5.89,5.71,5.95,5.49
2018-02-08,5.64,5.85,5.99,5.6
2018-02-09,5.72,5.67,5.79,5.55
2018-02-12,5.7,5.81,5.85,5.7
2018-02-13,5.87,5.88,5.96,5.82
2018-02-14,5.87,5.88,5.93,5.83
2018-02-22,5.9,5.95,5.98,5.89
2018-02-23,5.96,6.1,6.19,5.96
2018-02-26,6.06,6.16,6.17,6.03
2018-02-27,6.17,6.2,6.29,6.12
2018-02-28,6.19,6.29,6.31,6.11
2018-03-01,6.25,6.4,6.4,6.22
2018-03-02,6.38,6.35,6.45,6.3
2018-03-05,6.4,6.36,6.4,6.3
2018-03-06,6.36,6.45,6.49,6.31
2018-03-07,6.43,6.38,6.44,6.35
2018-03-08,6.31,6.39,6.41,6.31
2018-03-09,6.39,6.51,6.53,6.36
2018-03-12,6.52,6.64,6.65,6.46
2018-03-13,6.65,6.56,6.66,6.51
2018-03-14,6.55,6.53,6.6,6.5
2018-03-15,6.53,6.39,6.53,6.31
2018-03-16,6.4,6.44,6.47,6.37
2018-03-19,6.44,6.49,6.53,6.44
2018-03-20,6.92,7.14,7.14,6.85
2018-03-21,7.12,6.82,7.17,6.81
2018-03-22,6.85,6.74,6.92,6.72
2018-03-23,6.5,6.32,6.68,6.18
2018-03-26,6.22,6.53,6.56,6.21
2018-03-27,6.63,6.74,6.8,6.57
2018-03-28,6.56,6.67,6.76,6.56
2018-03-29,6.61,6.67,6.74,6.57
2018-03-30,6.66,6.82,6.87,6.62
2018-04-02,6.81,6.79,6.96,6.74
2018-04-03,6.7,6.7,6.72,6.54
2018-04-04,6.78,6.62,6.79,6.61
2018-04-09,6.53,6.62,6.68,6.5
2018-04-10,6.65,6.65,6.69,6.56
2018-04-11,6.65,6.72,6.8,6.63
2018-04-12,6.67,7.39,7.39,6.66
2018-04-13,7.9,7.05,7.9,7.01
2018-04-16,6.88,7.14,7.17,6.82
2018-04-17,7.07,6.78,7.15,6.78
2018-04-18,6.77,6.96,7.02,6.75
2018-04-19,6.9,7.03,7.16,6.89
2018-04-20,7.02,6.84,7.02,6.82
2018-04-23,6.86,6.97,7.04,6.81
2018-04-24,7.0,7.11,7.14,6.9
2018-04-25,7.04,7.23,7.28,7.03
2018-04-26,7.23,7.09,7.23,7.07
2018-04-27,7.25,7.27,7.44,7.17
2018-05-02,7.26,7.27,7.36,7.14
2018-05-03,7.23,7.38,7.4,7.13
2018-05-04,7.75,7.32,7.75,7.31
2018-05-07,7.55,7.77,7.94,7.45
2018-05-08,7.64,7.9,7.95,7.61
2018-05-09,7.81,7.72,7.9,7.67
2018-05-10,7.68,7.78,7.8,7.61
2018-05-11,7.72,7.58,7.76,7.55
2018-05-14,7.55,7.44,7.67,7.39
2018-05-15,7.54,7.7,7.75,7.5
2018-05-16,7.71,7.84,8.0,7.63
2018-05-17,7.8,7.77,7.91,7.71
2018-05-18,7.73,7.77,7.83,7.64
2018-05-21,7.8,7.65,7.94,7.6
2018-05-22,7.62,7.68,7.7,7.56
2018-05-23,7.6,7.58,7.65,7.54
2018-05-24,7.63,7.6,7.72,7.53
2018-05-25,7.6,7.74,7.8,7.58
