date,open,close,high,low
2016-01-04,9.134,8.275,9.182,8.275
2016-01-05,7.897,8.353,8.395,7.897
2016-01-06,8.365,8.503,8.533,8.347
2016-01-07,8.353,7.699,8.353,7.675
2016-01-08,7.885,7.693,7.969,7.35
2016-01-11,7.422,6.924,7.627,6.924
2016-01-12,6.972,7.056,7.17,6.858
2016-01-13,7.146,6.918,7.284,6.846
2016-01-14,6.738,7.224,7.296,6.66
2016-01-15,7.206,6.912,7.278,6.87
2016-01-18,6.69,7.104,7.176,6.69
2016-01-19,7.08,7.38,7.422,7.056
2016-01-20,7.296,7.428,7.488,7.284
2016-01-21,7.356,7.206,7.573,7.206
2016-01-28,6.906,6.69,7.086,6.612
2016-01-29,6.612,6.978,7.146,6.594
2016-02-01,6.918,6.828,7.062,6.696
2016-02-02,6.786,7.026,7.062,6.726
2016-02-03,6.966,7.098,7.164,6.918
2016-02-04,7.122,7.29,7.374,7.068
2016-02-05,7.278,7.2,7.398,7.2
2016-02-15,7.104,7.344,7.386,6.954
2016-02-16,7.35,7.573,7.603,7.32
2016-02-17,7.536,7.561,7.645,7.392
2016-02-18,7.567,7.458,7.621,7.452
2016-02-19,7.446,7.482,7.548,7.362
2016-02-22,7.567,7.609,7.675,7.512
2016-02-23,7.609,7.897,7.903,7.579
2016-02-24,7.867,7.783,7.969,7.705
2016-02-25,7.747,7.014,7.813,7.002
2016-02-26,7.326,7.14,7.326,6.966
2016-02-29,7.134,6.696,7.134,6.552
2016-03-01,6.714,6.816,6.912,6.612
2016-03-02,6.816,7.134,7.182,6.804
2016-03-03,7.122,7.11,7.254,7.086
2016-03-04,7.074,6.816,7.134,6.75
2016-03-07,6.816,6.924,7.056,6.816
2016-03-08,6.912,7.098,7.116,6.582
2016-03-09,6.936,7.206,7.218,6.816
2016-03-10,7.23,7.134,7.242,6.942
2016-03-11,6.99,7.026,7.11,6.912
2016-03-14,7.092,7.356,7.386,7.074
2016-03-15,7.302,7.236,7.356,7.128
2016-03-16,7.266,7.374,7.374,7.146
2016-03-17,7.332,7.506,7.567,7.332
2016-03-18,7.506,7.651,7.699,7.428
2016-03-21,7.723,7.795,7.807,7.615
2016-03-22,7.711,7.681,7.849,7.639
2016-03-23,7.663,7.735,7.741,7.621
2016-03-24,7.699,7.681,7.705,7.567
2016-03-25,7.615,7.687,7.711,7.591
2016-03-28,7.705,7.615,7.807,7.597
2016-03-29,7.615,7.47,7.627,7.326
2016-03-30,7.422,7.669,7.687,7.422
2016-03-31,7.657,7.669,7.789,7.603
2016-04-01,7.633,7.753,7.789,7.446
2016-04-05,7.741,7.987,8.065,7.717
2016-04-06,7.987,8.035,8.107,7.891
2016-04-07,8.041,7.753,8.065,7.753
2016-04-08,7.765,7.801,7.867,7.645
2016-04-11,7.837,7.981,8.131,7.837
2016-04-12,7.915,8.137,8.167,7.897
2016-04-13,8.161,8.101,8.329,8.089
2016-04-14,8.107,8.179,8.209,8.035
2016-04-15,8.323,8.173,8.437,8.119
2016-04-18,8.065,8.167,8.305,7.951
2016-04-19,8.185,8.113,8.275,8.017
2016-04-20,8.137,7.705,8.167,7.536
2016-04-21,7.711,7.687,7.831,7.627
2016-04-22,7.675,7.801,7.801,7.609
2016-04-25,7.819,8.065,8.203,7.735
2016-04-26,8.095,8.101,8.137,7.951
2016-04-27,8.095,8.083,8.227,8.029
2016-04-28,8.155,8.089,8.191,7.921
2016-04-29,8.023,8.089,8.125,7.987
2016-05-03,8.065,8.341,8.341,8.053
2016-05-04,8.269,8.227,8.329,8.203
2016-05-05,8.233,8.275,8.305,8.113
2016-05-06,8.275,8.005,8.437,7.993
2016-05-09,7.975,7.657,7.975,7.615
2016-05-10,7.573,7.699,7.735,7.573
2016-05-11,7.735,7.639,7.777,7.615
2016-05-12,7.536,7.548,7.627,7.404
2016-05-13,7.53,7.681,7.807,7.518
2016-05-16,7.657,7.747,7.777,7.561
2016-05-17,7.765,7.699,7.813,7.638
2016-05-18,7.656,7.415,7.687,7.355
2016-05-19,7.464,7.488,7.59,7.415
2016-05-20,7.464,7.512,7.512,7.355
2016-05-23,7.536,7.747,7.765,7.536
2016-05-24,7.729,7.584,7.729,7.548
2016-05-25,7.681,7.879,7.922,7.675
2016-05-26,7.867,8.012,8.042,7.596
2016-05-27,7.898,7.994,8.072,7.873
2016-05-30,7.982,7.922,7.982,7.837
2016-05-31,7.922,8.247,8.295,7.892
2016-06-01,8.229,8.241,8.277,8.121
2016-06-02,8.169,8.392,8.422,8.169
2016-06-03,8.398,8.368,8.531,8.259
2016-06-06,8.404,8.235,8.404,8.103
2016-06-07,8.229,8.32,8.368,8.145
2016-06-08,8.277,8.32,8.332,8.145
2016-06-13,8.133,7.97,8.133,7.916
2016-06-14,7.958,8.139,8.139,7.904
2016-06-15,8.121,8.681,8.687,8.03
2016-06-16,8.669,8.525,8.687,8.47
2016-06-17,8.506,8.585,8.832,8.41
2016-06-20,8.567,8.645,8.699,8.398
2016-06-21,8.633,8.494,8.736,8.428
2016-06-22,8.519,8.621,8.621,8.41
2016-06-23,8.742,8.663,8.904,8.567
2016-06-24,8.621,8.525,8.687,8.265
2016-06-27,8.44,8.856,8.886,8.428
2016-06-28,8.772,8.892,8.904,8.742
2016-06-29,8.91,8.995,9.079,8.766
2016-06-30,8.922,9.043,9.067,8.916
2016-07-01,9.091,8.85,9.091,8.766
2016-07-04,9.109,9.26,9.634,9.109
2016-07-05,9.121,9.417,9.567,9.079
2016-07-06,9.32,9.314,9.459,9.158
2016-07-07,9.375,9.296,9.513,9.164
2016-07-08,9.194,9.266,9.32,9.097
2016-07-11,9.254,9.055,9.26,9.043
2016-07-12,9.091,9.164,9.2,8.898
2016-07-13,9.115,9.121,9.176,8.995
2016-07-14,9.127,9.164,9.248,9.019
2016-07-15,9.097,9.139,9.218,9.061
2016-07-18,9.091,9.218,9.254,8.904
2016-07-19,9.164,9.314,9.344,9.109
2016-07-20,9.314,9.375,9.447,9.242
2016-07-21,9.399,9.332,9.429,9.26
2016-07-22,9.326,9.2,9.338,9.17
2016-07-25,9.133,8.886,9.158,8.862
2016-07-26,8.88,9.152,9.152,8.82
2016-07-27,9.103,8.633,9.103,8.452
2016-07-28,8.633,8.543,8.651,8.44
2016-07-29,8.561,8.531,8.627,8.5
2016-08-01,8.47,8.506,8.543,8.169
2016-08-02,8.44,8.675,8.711,8.35
2016-08-03,8.591,8.639,8.705,8.543
2016-08-04,8.609,8.615,8.663,8.5
2016-08-05,8.579,8.754,8.838,8.573
2016-08-08,8.651,8.82,8.88,8.446
2016-08-09,8.766,8.862,8.892,8.736
2016-08-10,8.862,8.856,8.916,8.754
2016-08-11,8.784,8.73,8.85,8.669
2016-08-12,8.711,8.742,8.772,8.657
2016-08-15,8.742,8.91,8.934,8.645
2016-08-16,8.892,8.892,8.959,8.862
2016-08-17,8.85,8.886,8.941,8.838
2016-08-18,8.892,8.838,8.892,8.79
2016-08-19,8.82,8.796,8.85,8.699
2016-08-22,8.784,8.675,8.862,8.663
2016-08-23,8.699,8.699,8.76,8.627
2016-08-24,8.687,8.748,8.844,8.669
2016-08-25,8.748,8.928,8.947,8.742
2016-08-26,8.922,8.989,9.121,8.874
2016-08-29,8.971,9.188,9.2,8.928
2016-08-30,9.085,9.001,9.145,8.953
2016-08-31,8.995,8.922,8.995,8.808
2016-09-01,8.941,8.88,8.983,8.88
2016-09-02,8.814,8.772,8.886,8.699
2016-09-05,8.802,8.808,8.874,8.736
2016-09-06,8.796,9.145,9.158,8.796
2016-09-07,9.206,9.182,9.423,9.115
2016-09-08,9.127,9.145,9.212,9.049
2016-09-09,9.109,9.176,9.344,9.097
2016-09-12,9.037,8.597,9.037,8.512
2016-09-13,8.742,8.633,8.742,8.525
2016-09-14,8.561,8.675,8.736,8.464
2016-09-19,8.736,8.742,8.85,8.681
2016-09-20,8.742,8.669,8.796,8.561
2016-09-21,8.693,8.784,8.784,8.609
2016-09-22,8.965,8.784,8.977,8.754
2016-09-23,8.85,8.754,8.85,8.621
2016-09-26,8.784,8.512,8.808,8.5
2016-09-27,8.506,8.567,8.736,8.398
2016-09-28,8.543,8.488,8.633,8.488
2016-09-29,8.488,8.573,8.633,8.488
2016-09-30,8.597,8.567,8.663,8.555
2016-10-10,8.627,8.85,8.874,8.591
2016-10-11,8.868,8.941,8.953,8.808
2016-10-12,8.922,8.965,9.007,8.862
2016-10-13,9.013,8.983,9.025,8.922
2016-10-14,9.025,8.989,9.043,8.934
2016-10-17,9.073,9.013,9.254,8.983
2016-10-18,9.043,9.133,9.188,8.983
2016-10-19,9.224,9.188,9.302,9.133
2016-10-20,9.206,9.218,9.278,9.097
2016-10-21,9.212,9.037,9.212,8.953
2016-10-24,9.085,9.224,9.326,8.995
2016-10-25,9.278,9.26,9.387,9.206
2016-10-26,9.278,9.224,9.278,9.103
2016-10-27,9.218,9.212,9.266,9.17
2016-10-28,9.176,9.019,9.224,8.995
2016-10-31,9.019,9.043,9.097,8.953
2016-11-01,9.091,9.031,9.115,8.953
2016-11-02,9.031,9.055,9.182,9.007
2016-11-03,9.025,9.145,9.188,9.025
2016-11-04,9.145,9.188,9.212,9.103
2016-11-07,9.158,9.218,9.23,9.115
2016-11-08,9.224,9.133,9.254,9.109
2016-11-09,9.133,8.971,9.152,8.742
2016-11-10,9.031,9.158,9.182,9.019
2016-11-11,9.164,9.23,9.387,9.127
2016-11-14,9.218,9.531,9.531,9.194
2016-11-15,9.525,9.435,9.634,9.405
2016-11-16,9.501,9.845,10.357,9.435
2016-11-17,9.803,9.712,10.002,9.634
2016-11-18,9.718,9.519,9.748,9.489
2016-11-21,9.531,9.977,10.068,9.453
2016-11-22,9.863,9.923,10.068,9.833
2016-11-23,9.923,9.778,10.152,9.67
2016-11-24,9.742,9.574,9.809,9.531
2016-11-25,9.598,9.652,9.688,9.381
2016-11-28,9.658,9.381,9.688,9.224
2016-11-29,9.314,9.212,9.441,9.182
2016-11-30,9.145,9.242,9.302,9.145
2016-12-01,9.254,9.272,9.314,9.206
2016-12-02,9.29,9.212,9.308,9.103
2016-12-05,9.121,9.302,9.363,9.103
2016-12-06,9.26,9.465,9.574,9.26
2016-12-07,9.465,9.501,9.549,9.363
2016-12-08,9.525,9.477,9.58,9.405
2016-12-09,9.435,9.435,9.513,9.326
2016-12-12,9.369,8.892,9.381,8.621
2016-12-13,8.91,8.91,8.971,8.669
2016-12-14,8.91,9.025,9.097,8.76
2016-12-15,8.971,9.037,9.133,8.838
2016-12-16,9.097,8.953,9.097,8.916
2016-12-19,8.953,9.17,9.363,8.85
2016-12-20,9.067,8.941,9.182,8.898
2016-12-21,9.019,9.272,9.308,8.922
2016-12-22,9.266,9.266,9.338,9.103
2016-12-23,9.272,9.176,9.272,8.977
2016-12-26,9.055,9.001,9.152,8.85
2016-12-27,9.001,9.043,9.055,8.965
2016-12-28,9.043,8.922,9.073,8.904
2016-12-29,8.928,9.001,9.182,8.922
2016-12-30,9.085,9.103,9.158,8.983
2017-01-03,9.164,8.922,9.23,8.892
2017-01-04,8.953,8.922,8.971,8.79
2017-01-05,8.928,9.001,9.055,8.91
2017-01-06,9.043,8.965,9.133,8.916
2017-01-09,8.886,8.953,9.043,8.88
2017-01-10,8.995,8.814,8.995,8.814
2017-01-11,8.82,8.651,8.868,8.639
2017-01-12,8.651,8.573,8.663,8.488
2017-01-13,8.573,8.344,8.597,8.344
2017-01-16,8.344,7.699,8.356,7.512
2017-01-17,7.626,7.765,7.825,7.445
2017-01-18,7.765,7.855,7.898,7.675
2017-01-19,7.789,7.783,7.892,7.735
2017-01-20,7.789,7.958,8.0,7.681
2017-01-23,7.928,7.988,8.127,7.928
2017-01-24,8.006,8.006,8.072,7.934
2017-01-25,8.018,8.078,8.139,7.958
2017-01-26,8.084,8.199,8.235,8.078
2017-02-03,8.199,8.247,8.259,8.151
2017-02-06,8.247,8.446,8.482,8.247
2017-02-07,8.446,8.35,8.458,8.265
2017-02-08,8.434,8.356,8.434,8.205
2017-02-09,8.356,8.458,8.488,8.277
2017-02-10,8.458,8.398,8.603,8.392
2017-02-13,8.404,8.543,8.603,8.332
2017-02-14,8.458,8.531,8.555,8.392
2017-02-15,8.422,8.332,8.597,8.308
2017-02-16,8.32,8.525,8.549,8.241
2017-02-17,8.476,8.35,8.555,8.326
2017-02-20,8.314,8.41,8.452,8.271
2017-02-21,8.44,8.525,8.549,8.434
2017-02-22,8.525,8.488,8.651,8.476
2017-02-23,8.5,8.543,8.609,8.446
2017-02-24,8.543,8.585,8.615,8.506
2017-02-27,8.555,8.488,8.651,8.434
2017-02-28,8.482,8.627,8.627,8.452
2017-03-01,8.579,8.693,8.742,8.555
2017-03-02,8.711,8.561,8.711,8.537
2017-03-03,8.561,8.609,8.657,8.549
2017-03-06,8.609,8.778,8.886,8.482
2017-03-07,8.784,8.814,8.904,8.754
2017-03-08,8.88,8.814,8.88,8.742
2017-03-09,8.856,8.802,8.88,8.675
2017-03-10,8.796,8.723,8.862,8.711
2017-03-13,8.669,8.904,8.959,8.651
2017-03-14,8.904,8.941,8.989,8.844
2017-03-15,9.013,8.838,9.013,8.754
2017-03-16,8.953,8.808,8.953,8.693
2017-03-17,8.796,8.693,8.826,8.669
2017-03-20,8.723,8.977,9.001,8.627
2017-03-21,8.965,8.778,8.965,8.748
2017-03-22,8.736,8.766,8.778,8.519
2017-03-23,8.705,8.561,8.705,8.476
2017-03-24,8.639,8.621,8.669,8.295
2017-03-27,8.512,8.446,8.561,8.308
2017-03-28,8.259,8.32,8.398,8.139
2017-03-29,8.283,8.127,8.44,8.127
2017-03-30,8.078,7.861,8.078,7.825
2017-03-31,7.928,7.873,7.988,7.741
2017-04-05,7.91,7.988,8.0,7.819
2017-04-06,7.97,8.109,8.157,7.934
2017-04-07,8.115,8.084,8.187,8.024
2017-04-10,8.084,7.892,8.084,7.879
2017-04-11,7.886,8.0,8.012,7.886
2017-04-12,7.958,8.121,8.374,7.879
2017-04-13,8.115,8.241,8.308,7.976
2017-04-14,8.151,7.91,8.205,7.837
2017-04-17,7.91,7.65,7.91,7.584
2017-04-18,7.65,7.355,7.735,7.337
2017-04-19,7.325,7.289,7.385,7.18
2017-04-20,7.301,7.162,7.355,7.078
2017-04-21,7.18,7.174,7.259,7.114
2017-04-24,7.174,6.957,7.186,6.957
2017-04-25,6.975,7.011,7.096,6.975
2017-04-26,7.041,7.06,7.108,7.023
2017-04-27,7.048,7.204,7.222,7.035
2017-04-28,7.277,7.391,7.476,7.24
2017-05-02,7.47,7.421,7.47,7.367
2017-05-03,7.433,7.421,7.554,7.373
2017-05-04,7.433,7.596,7.747,7.373
2017-05-05,7.554,7.506,7.705,7.476
2017-05-08,7.488,7.385,7.596,7.385
2017-05-09,7.391,7.524,7.584,7.361
2017-05-10,7.566,7.367,7.638,7.367
2017-05-11,7.373,7.403,7.5,7.06
2017-05-12,7.373,7.397,7.47,7.313
2017-05-15,7.427,7.391,7.494,7.379
2017-05-16,7.367,7.644,7.65,7.343
2017-05-17,7.65,7.861,8.054,7.584
2017-05-18,7.723,7.807,7.898,7.693
2017-05-19,7.789,7.813,7.855,7.765
2017-05-22,7.825,7.783,8.006,7.729
2017-05-23,7.783,7.343,7.795,7.343
2017-05-24,7.313,7.548,7.566,7.24
2017-05-25,7.518,7.65,7.675,7.409
2017-05-26,7.656,8.133,8.398,7.65
2017-05-31,8.32,8.127,8.368,8.036
2017-06-01,8.042,7.723,8.109,7.675
2017-06-02,7.759,7.892,7.982,7.584
2017-06-05,7.886,8.115,8.217,7.807
2017-06-06,7.959,7.834,8.085,7.746
2017-06-07,7.775,8.618,8.618,7.775
2017-06-08,8.705,8.473,8.705,8.337
2017-06-09,8.356,8.289,8.395,8.153
2017-06-12,8.231,8.056,8.405,8.018
2017-06-13,8.076,8.221,8.26,8.076
2017-06-14,8.182,8.037,8.221,7.989
2017-06-15,8.047,8.134,8.289,8.047
2017-06-16,8.134,8.114,8.269,8.037
2017-06-19,8.114,8.173,8.202,7.998
2017-06-20,8.163,8.085,8.192,8.066
2017-06-21,8.105,8.424,8.511,8.056
2017-06-22,8.327,8.114,8.356,8.114
2017-06-23,8.037,7.979,8.085,7.824
2017-06-26,7.979,8.114,8.124,7.921
2017-06-27,8.056,8.008,8.105,7.969
2017-06-28,7.969,7.853,7.998,7.834
2017-06-29,7.853,7.882,7.921,7.853
2017-06-30,7.892,7.892,7.959,7.824
2017-07-03,8.26,8.308,8.676,8.202
2017-07-04,8.308,8.347,8.405,8.173
2017-07-05,8.327,8.327,8.405,8.182
2017-07-06,8.308,8.463,8.502,8.25
2017-07-07,8.453,8.386,8.463,8.327
2017-07-10,8.327,8.26,8.405,8.173
2017-07-11,8.24,8.085,8.318,8.076
2017-07-12,8.047,7.998,8.095,7.892
2017-07-13,7.95,8.008,8.095,7.95
2017-07-14,7.979,8.037,8.076,7.969
2017-07-17,8.027,7.485,8.027,7.233
2017-07-18,7.446,7.504,7.562,7.359
2017-07-19,7.485,7.553,7.572,7.378
2017-07-20,7.533,7.621,7.679,7.504
2017-07-21,7.621,7.533,7.65,7.466
2017-07-24,7.495,7.611,7.679,7.437
2017-07-25,7.601,7.611,7.659,7.495
2017-07-26,7.601,7.572,7.611,7.504
2017-07-27,7.533,7.737,7.843,7.485
2017-07-28,7.756,7.669,7.834,7.659
2017-07-31,7.669,7.717,7.727,7.63
2017-08-01,7.775,7.727,7.775,7.669
2017-08-02,7.746,7.553,7.756,7.543
2017-08-03,7.543,7.63,7.688,7.514
2017-08-04,7.611,7.65,7.688,7.592
2017-08-07,7.621,7.592,7.65,7.562
2017-08-08,7.592,7.611,7.64,7.553
2017-08-09,7.611,7.679,7.775,7.572
2017-08-10,7.669,7.514,7.688,7.466
2017-08-11,7.456,7.437,7.582,7.398
2017-08-14,7.456,7.582,7.592,7.446
2017-08-15,7.582,7.601,7.63,7.524
2017-08-16,7.611,7.679,7.708,7.582
2017-08-17,7.708,7.921,8.018,7.65
2017-08-18,8.018,8.105,8.502,8.018
2017-08-21,8.027,7.989,8.085,7.872
2017-08-22,7.93,7.814,7.93,7.805
2017-08-23,7.805,7.746,7.872,7.727
2017-08-24,7.746,7.708,7.775,7.698
2017-08-25,7.727,7.824,7.834,7.688
2017-08-28,7.805,7.882,7.911,7.795
2017-08-29,7.892,7.892,7.901,7.814
2017-08-30,7.853,7.805,7.853,7.766
2017-08-31,7.814,7.834,7.843,7.775
2017-09-01,7.843,7.824,7.843,7.795
2017-09-04,7.824,7.882,7.882,7.795
2017-09-05,7.863,7.882,7.892,7.834
2017-09-06,7.872,7.901,7.94,7.795
2017-09-07,7.882,7.814,7.911,7.814
2017-09-08,7.814,7.834,7.863,7.795
2017-09-11,7.843,7.921,7.95,7.824
2017-09-12,7.94,7.853,7.94,7.834
2017-09-13,7.853,7.901,7.911,7.824
2017-09-14,7.901,7.872,7.93,7.843
2017-09-15,7.872,7.853,7.882,7.814
2017-09-18,7.853,7.863,7.882,7.824
2017-09-19,7.863,7.795,7.872,7.785
2017-09-20,7.795,7.882,7.882,7.785
2017-09-21,7.882,7.911,8.018,7.843
2017-09-22,7.892,7.853,7.921,7.795
2017-09-25,7.843,7.785,7.921,7.775
2017-09-26,7.775,7.65,7.814,7.582
2017-09-27,7.611,7.679,7.708,7.611
2017-09-28,7.717,7.63,7.727,7.621
2017-09-29,7.63,7.659,7.708,7.601
2017-10-09,7.698,7.737,7.756,7.688
2017-10-10,7.746,7.843,7.882,7.708
2017-10-11,7.824,7.882,7.892,7.824
2017-10-12,7.882,7.834,7.882,7.775
2017-10-13,7.834,7.921,7.94,7.785
2017-10-16,7.921,7.708,7.921,7.698
2017-10-17,7.679,7.708,7.756,7.679
2017-10-18,7.698,7.727,7.824,7.669
2017-10-19,7.727,7.64,7.766,7.611
2017-10-20,7.601,7.659,7.669,7.572
2017-10-23,7.64,7.688,7.698,7.611
2017-10-24,7.669,7.65,7.688,7.592
2017-10-25,7.669,7.688,7.698,7.63
2017-10-26,7.698,7.746,7.766,7.64
2017-10-27,7.708,7.64,7.756,7.601
2017-10-30,7.64,7.446,7.669,7.378
2017-10-31,7.446,7.475,7.495,7.388
2017-11-01,7.475,7.562,7.621,7.437
2017-11-02,7.533,7.446,7.562,7.446
2017-11-03,7.417,7.34,7.466,7.32
2017-11-06,7.369,7.437,7.446,7.32
2017-11-07,7.417,7.417,7.437,7.378
2017-11-08,7.417,7.485,7.524,7.388
2017-11-09,7.485,7.504,7.582,7.456
2017-11-10,7.504,7.427,7.504,7.398
2017-11-13,7.398,7.504,7.669,7.398
2017-11-14,7.466,7.466,7.514,7.388
2017-11-15,7.475,7.446,7.475,7.378
2017-11-16,7.446,7.524,7.553,7.398
2017-11-17,7.485,7.262,7.524,7.175
2017-11-20,7.262,7.204,7.262,7.069
2017-11-21,7.204,7.117,7.224,7.078
2017-11-22,7.127,7.127,7.165,7.098
2017-11-23,7.136,6.933,7.136,6.933
2017-11-24,6.914,6.972,6.991,6.894
2017-11-27,6.962,6.856,6.962,6.836
2017-11-28,6.856,6.943,6.943,6.846
2017-11-29,6.933,6.952,6.962,6.865
2017-11-30,6.923,7.165,7.214,6.914
2017-12-01,7.417,7.165,7.417,7.127
2017-12-04,7.107,6.952,7.127,6.904
2017-12-05,6.972,6.672,6.972,6.633
2017-12-06,6.662,6.672,6.72,6.497
2017-12-07,6.594,6.633,6.662,6.536
2017-12-08,6.643,6.701,6.739,6.604
2017-12-11,6.73,6.71,6.759,6.662
2017-12-12,6.71,6.584,6.71,6.536
2017-12-13,6.546,6.623,6.633,6.546
2017-12-14,6.614,6.575,6.614,6.468
2017-12-15,6.546,6.536,6.565,6.488
2017-12-18,6.497,6.371,6.565,6.323
2017-12-19,6.362,6.439,6.449,6.342
2017-12-20,6.449,6.207,6.478,6.178
2017-12-21,6.187,6.12,6.207,6.052
2017-12-22,6.129,6.1,6.168,6.091
2017-12-25,6.12,5.955,6.139,5.936
2017-12-26,5.936,6.013,6.033,5.916
2017-12-27,6.033,5.945,6.062,5.936
2017-12-28,5.926,5.984,6.033,5.926
2017-12-29,5.965,6.023,6.042,5.965
2018-01-02,6.033,6.129,6.168,6.033
2018-01-03,6.139,6.178,6.187,6.1
2018-01-04,6.168,6.139,6.178,6.11
2018-01-05,6.158,6.139,6.178,6.11
2018-01-08,6.158,6.178,6.197,6.052
2018-01-09,6.178,6.11,6.178,6.091
2018-01-10,6.139,6.052,6.139,5.994
2018-01-11,6.033,6.139,6.178,6.004
2018-01-12,6.158,6.11,6.178,6.081
2018-01-15,6.071,5.994,6.11,5.945
2018-01-16,5.984,6.187,6.187,5.945
2018-01-17,6.178,6.139,6.187,6.023
2018-01-18,6.12,6.149,6.217,6.11
2018-01-19,6.129,6.168,6.217,6.12
2018-01-22,6.129,6.246,6.246,6.071
2018-01-23,6.265,6.246,6.275,6.178
2018-01-24,6.226,6.255,6.265,6.158
2018-01-25,6.217,6.275,6.371,6.187
2018-01-26,6.255,6.294,6.342,6.197
2018-01-29,6.304,6.158,6.304,6.12
2018-01-30,6.129,6.187,6.197,6.129
2018-01-31,6.168,5.984,6.178,5.984
2018-02-01,5.984,5.645,6.033,5.645
2018-02-02,5.665,5.732,5.79,5.49
2018-02-05,5.645,5.761,5.82,5.626
2018-02-06,5.674,5.277,5.703,5.229
2018-02-07,5.558,5.81,5.81,5.519
2018-02-08,6.342,6.391,6.391,6.178
2018-02-09,6.294,6.236,6.41,5.907
2018-02-12,6.12,6.352,6.555,6.12
2018-02-13,6.226,6.004,6.255,5.955
2018-02-14,6.033,5.703,6.052,5.665
2018-02-22,5.732,5.82,5.829,5.694
2018-02-23,5.829,5.868,5.897,5.771
2018-02-26,5.907,5.994,6.071,5.849
2018-02-27,5.984,6.12,6.149,5.955
2018-02-28,6.052,6.1,6.236,6.013
