date,open,close,high,low
2016-01-04,5.075,4.645,5.195,4.6
2016-01-05,4.4,4.865,4.875,4.25
2016-01-06,4.77,5.085,5.1,4.77
2016-01-07,4.95,4.575,5.0,4.575
2016-01-08,4.65,4.865,5.025,4.25
2016-01-11,4.75,5.005,5.325,4.68
2016-01-12,5.0,4.505,5.08,4.505
2016-01-13,4.525,4.055,4.525,4.055
2016-01-14,3.775,4.065,4.135,3.75
2016-01-15,4.005,3.705,4.03,3.68
2016-01-18,3.73,3.82,3.895,3.63
2016-01-19,3.795,4.02,4.02,3.765
2016-01-20,4.0,4.05,4.12,3.95
2016-01-21,4.0,3.83,4.06,3.83
2016-01-22,3.7,3.91,3.93,3.7
2016-01-25,3.94,4.0,4.045,3.875
2016-01-26,3.955,3.785,4.12,3.65
2016-01-27,3.925,3.8,3.925,3.61
2016-01-28,3.765,3.655,3.84,3.615
2016-01-29,3.655,3.8,3.86,3.655
2016-02-01,3.775,3.8,3.835,3.68
2016-02-02,3.805,3.935,3.95,3.73
2016-02-03,3.89,4.21,4.295,3.815
2016-02-04,4.2,4.3,4.545,4.16
2016-02-05,4.3,4.06,4.3,4.05
2016-02-15,3.955,4.155,4.225,3.89
2016-02-16,4.13,4.265,4.385,4.125
2016-02-17,4.225,4.35,4.425,4.21
2016-02-18,4.355,4.51,4.75,4.255
2016-02-19,4.43,4.85,4.93,4.405
2016-02-22,4.895,4.865,4.975,4.75
2016-02-23,4.84,4.69,4.84,4.58
2016-02-24,4.645,4.705,4.715,4.55
2016-02-25,4.705,4.235,4.705,4.235
2016-02-26,4.35,4.28,4.365,4.2
2016-02-29,4.3,4.545,4.62,4.15
2016-03-01,4.55,4.825,4.89,4.535
2016-03-02,4.74,4.99,5.055,4.6
2016-03-03,4.875,4.85,5.075,4.81
2016-03-04,4.845,4.73,5.0,4.6
2016-03-07,4.805,4.79,4.935,4.715
2016-03-08,4.805,5.03,5.03,4.6
2016-03-09,4.82,4.61,4.84,4.6
2016-03-10,4.615,4.36,4.67,4.33
2016-03-11,4.275,4.295,4.37,4.185
2016-03-14,4.315,4.46,4.515,4.275
2016-03-15,4.46,4.35,4.48,4.3
2016-03-16,4.365,4.29,4.47,4.245
2016-03-17,4.35,4.475,4.545,4.315
2016-03-18,4.5,4.675,4.79,4.475
2016-03-21,4.75,4.82,4.82,4.65
2016-03-22,4.865,4.745,4.87,4.73
2016-03-23,4.755,4.835,4.84,4.68
2016-03-24,4.78,4.66,4.805,4.66
2016-03-25,4.655,4.705,4.72,4.63
2016-03-28,4.7,4.73,4.775,4.635
2016-03-29,4.68,4.63,4.72,4.59
2016-03-30,4.615,4.8,4.85,4.615
2016-03-31,4.84,4.74,4.85,4.725
2016-04-01,4.73,4.81,4.825,4.68
2016-04-05,4.805,4.86,4.915,4.765
2016-04-06,4.845,4.96,5.055,4.805
2016-04-07,4.975,4.775,4.995,4.77
2016-04-08,4.71,4.675,4.745,4.6
2016-04-11,4.71,4.89,4.92,4.71
2016-04-12,4.84,4.85,4.91,4.655
2016-04-13,4.94,4.995,5.17,4.94
2016-04-14,5.01,5.12,5.145,4.885
2016-04-15,5.075,5.165,5.195,5.01
2016-04-18,5.105,5.035,5.11,4.94
2016-04-19,5.075,5.19,5.24,4.975
2016-04-20,5.24,5.0,5.275,4.755
2016-04-21,4.965,5.16,5.38,4.89
2016-04-22,5.02,5.02,5.07,4.905
2016-04-25,4.995,4.835,4.995,4.7
2016-04-26,4.875,4.9,4.93,4.8
2016-04-27,4.925,4.82,4.94,4.765
2016-04-28,4.82,4.76,4.845,4.65
2016-04-29,4.71,4.82,4.92,4.71
2016-05-03,4.82,4.93,4.945,4.8
2016-05-04,4.91,4.875,4.935,4.85
2016-05-05,4.895,4.905,4.945,4.865
2016-05-06,4.995,4.675,4.995,4.675
2016-05-09,4.61,4.215,4.61,4.21
2016-05-10,4.215,4.255,4.29,4.21
2016-05-11,4.31,4.22,4.31,4.165
2016-05-12,4.125,4.185,4.25,4.07
2016-05-13,4.19,4.195,4.285,4.16
2016-05-16,4.24,4.32,4.35,4.13
2016-05-17,4.37,4.32,4.395,4.3
2016-05-18,4.285,4.18,4.3,4.145
2016-05-19,4.21,4.175,4.275,4.145
2016-05-20,4.14,4.185,4.24,4.105
2016-05-23,4.2,4.23,4.29,4.185
2016-05-24,4.205,4.18,4.22,4.13
2016-05-25,4.195,4.145,4.235,4.125
2016-05-26,4.145,4.18,4.185,4.04
2016-05-27,4.15,4.17,4.195,4.135
2016-05-30,4.12,4.13,4.19,4.08
2016-05-31,4.13,4.31,4.335,4.13
2016-06-01,4.34,4.4,4.495,4.3
2016-06-02,4.39,4.45,4.52,4.385
2016-06-03,4.44,4.49,4.51,4.425
2016-06-06,4.5,4.435,4.53,4.4
2016-06-07,4.425,4.405,4.43,4.365
2016-06-08,4.405,4.475,4.55,4.34
2016-06-13,4.455,4.265,4.455,4.255
2016-06-14,4.29,4.21,4.29,4.15
2016-06-15,4.21,4.365,4.41,4.16
2016-06-16,4.365,4.36,4.475,4.325
2016-06-17,4.415,4.475,4.5,4.375
2016-06-20,4.48,4.445,4.51,4.395
2016-06-21,4.435,4.445,4.52,4.31
2016-06-22,4.445,4.535,4.545,4.375
2016-06-23,4.505,4.475,4.54,4.45
2016-06-24,4.47,4.41,4.495,4.19
2016-06-27,4.355,4.725,4.85,4.35
2016-06-28,4.685,4.725,4.85,4.62
2016-06-29,4.715,4.665,4.75,4.62
2016-06-30,4.65,4.715,4.775,4.63
2016-07-01,4.72,4.785,4.81,4.7
2016-07-04,4.755,4.855,4.99,4.75
2016-07-05,4.865,4.79,4.9,4.75
2016-07-06,4.78,4.87,4.89,4.76
2016-07-07,4.86,4.96,5.08,4.84
2016-07-08,4.915,4.865,4.93,4.85
2016-07-11,4.815,4.93,5.025,4.815
2016-07-12,4.925,4.905,4.935,4.74
2016-07-13,4.9,4.93,5.0,4.84
2016-07-14,4.93,4.96,4.975,4.87
2016-07-15,4.96,4.955,5.025,4.9
2016-07-18,4.955,4.925,4.975,4.81
2016-07-19,4.905,4.925,4.95,4.855
2016-07-20,4.96,5.01,5.105,4.89
2016-07-21,4.99,4.98,5.045,4.965
2016-07-22,4.975,4.925,5.035,4.905
2016-07-25,4.9,4.905,4.98,4.89
2016-07-26,4.9,4.96,4.995,4.89
2016-07-27,4.955,4.7,4.995,4.605
2016-07-28,4.69,4.75,4.755,4.675
2016-07-29,4.735,4.68,4.785,4.65
2016-08-01,4.68,4.63,4.73,4.605
2016-08-02,4.605,4.68,4.68,4.605
2016-08-03,4.695,4.805,4.85,4.63
2016-08-04,4.8,4.85,4.865,4.765
2016-08-05,4.85,4.84,4.875,4.81
2016-08-08,4.835,4.89,4.89,4.795
2016-08-09,4.87,4.88,4.9,4.81
2016-08-10,4.88,4.915,4.975,4.845
2016-08-11,4.875,4.875,4.945,4.865
2016-08-12,4.865,4.955,4.955,4.85
2016-08-15,4.955,5.015,5.05,4.93
2016-08-16,5.0,5.055,5.08,4.96
2016-08-17,5.035,5.005,5.1,4.99
2016-08-18,4.99,5.125,5.2,4.955
2016-08-19,5.09,5.01,5.11,4.99
2016-08-22,5.015,4.865,5.05,4.8
2016-08-23,4.865,4.875,4.92,4.85
2016-08-24,4.875,4.935,4.97,4.865
2016-08-25,4.91,5.1,5.24,4.91
2016-08-26,5.07,5.12,5.225,5.07
2016-08-29,5.17,5.055,5.17,5.02
2016-08-30,5.065,5.025,5.11,5.025
2016-08-31,5.05,4.94,5.05,4.9
2016-09-01,4.94,4.945,5.0,4.91
2016-09-02,4.97,4.95,4.99,4.86
2016-09-05,4.93,4.905,4.97,4.875
2016-09-06,4.9,4.955,5.0,4.82
2016-09-07,4.94,4.96,5.025,4.895
2016-09-08,4.96,5.185,5.21,4.935
2016-09-09,5.175,5.18,5.33,5.095
2016-09-12,5.04,5.26,5.6,4.98
2016-09-13,5.235,5.5,5.555,5.195
2016-09-14,5.495,5.55,5.64,5.33
2016-09-19,5.55,5.575,5.625,5.415
2016-09-20,5.5,5.485,5.6,5.46
2016-09-21,5.405,5.45,5.55,5.34
2016-09-22,5.475,5.675,5.705,5.45
2016-09-23,5.685,5.55,5.825,5.55
2016-09-26,5.525,5.355,5.54,5.325
2016-09-27,5.35,5.44,5.47,5.305
2016-09-28,5.42,5.58,5.59,5.42
2016-09-29,5.56,5.555,5.625,5.51
2016-09-30,5.555,5.615,5.8,5.555
2016-10-10,5.615,5.87,5.89,5.615
2016-10-11,5.825,5.945,6.0,5.785
2017-04-13,5.35,5.35,5.35,5.35
2017-04-14,4.815,4.865,5.115,4.815
2017-04-17,4.75,4.65,4.85,4.555
2017-04-18,4.61,4.575,4.66,4.41
2017-04-19,4.51,4.585,4.66,4.46
2017-04-20,4.57,4.585,4.63,4.485
2017-04-21,4.585,4.575,4.62,4.535
2017-04-24,4.57,4.49,4.575,4.47
2017-04-25,4.52,4.505,4.545,4.45
2017-04-26,4.51,4.535,4.545,4.495
2017-04-27,4.545,4.555,4.585,4.455
2017-04-28,4.535,4.56,4.6,4.525
2017-05-02,4.56,4.48,4.56,4.475
2017-05-03,4.455,4.505,4.53,4.43
2017-05-04,4.51,4.495,4.525,4.48
2017-05-05,4.495,4.495,4.515,4.455
2017-05-08,4.51,4.44,4.51,4.42
2017-05-09,4.425,4.46,4.46,4.425
2017-05-10,4.475,4.425,4.545,4.425
2017-05-11,4.425,4.435,4.44,4.35
2017-05-12,4.43,4.425,4.435,4.39
2017-05-15,4.42,4.425,4.455,4.395
2017-05-16,4.415,4.495,4.515,4.395
2017-05-17,4.58,4.58,4.675,4.56
2017-05-18,4.54,4.555,4.57,4.495
2017-05-19,4.555,4.545,4.58,4.52
2017-05-22,4.55,4.42,4.565,4.405
2017-05-23,4.42,4.33,4.44,4.26
2017-05-24,4.31,4.35,4.36,4.31
2017-05-25,4.35,4.4,4.47,4.32
2017-05-26,4.42,4.45,4.49,4.38
2017-05-31,4.54,4.32,4.55,4.26
2017-06-01,4.3,4.28,4.35,4.24
2017-06-02,4.26,4.3,4.31,4.21
2017-06-05,4.31,4.27,4.32,4.23
2017-06-06,4.26,4.33,4.38,4.26
2017-06-07,4.3,4.46,4.48,4.29
2017-06-08,4.45,4.4,4.45,4.37
2017-06-09,4.39,4.36,4.41,4.31
2017-06-12,4.33,4.36,4.4,4.33
2017-06-13,4.35,4.4,4.46,4.35
2017-06-14,4.36,4.39,4.4,4.36
2017-06-15,4.38,4.42,4.44,4.36
2017-06-16,4.42,4.4,4.42,4.37
2017-06-19,4.41,4.41,4.42,4.37
2017-06-20,4.41,4.43,4.46,4.4
2017-06-21,4.43,4.4,4.44,4.36
2017-06-22,4.4,4.31,4.4,4.31
2017-06-23,4.32,4.36,4.36,4.3
2017-06-26,4.37,4.35,4.37,4.32
2017-06-27,4.34,4.33,4.36,4.31
2017-06-28,4.31,4.33,4.33,4.3
2017-06-29,4.32,4.34,4.36,4.31
2017-06-30,4.32,4.34,4.35,4.31
2017-07-03,4.33,4.35,4.35,4.31
2017-07-04,4.35,4.38,4.39,4.34
2017-07-05,4.36,4.4,4.42,4.35
2017-07-06,4.4,4.46,4.54,4.36
2017-07-07,4.42,4.5,4.53,4.41
2017-07-10,4.47,4.57,4.6,4.46
2017-07-11,4.55,4.88,4.96,4.53
2017-07-12,4.75,4.9,4.96,4.73
2017-07-13,4.85,4.9,4.91,4.78
2017-07-14,4.87,4.89,4.91,4.82
2017-07-17,4.86,4.78,4.91,4.6
2017-07-18,4.79,4.78,4.79,4.7
2017-07-19,4.77,5.04,5.11,4.71
2017-07-20,5.02,4.95,5.02,4.9
2017-07-21,4.94,4.86,4.94,4.82
2017-07-24,4.84,4.76,4.9,4.75
2017-07-25,4.76,4.68,4.77,4.62
2017-07-26,4.73,4.68,4.78,4.67
2017-07-27,4.68,4.62,4.68,4.56
2017-07-28,4.63,4.66,4.7,4.6
2017-07-31,4.67,4.86,4.86,4.65
2017-08-01,4.86,4.73,4.86,4.7
2017-08-02,4.71,4.86,5.01,4.64
2017-08-03,4.79,4.96,5.04,4.76
2017-08-04,4.9,4.92,5.12,4.9
2017-08-07,4.9,5.41,5.41,4.83
2017-08-08,5.61,5.72,5.9,5.49
2017-08-09,5.83,5.73,5.93,5.55
2017-08-10,5.6,5.58,5.65,5.42
2017-08-11,5.44,5.05,5.47,5.03
2017-08-14,5.05,5.14,5.21,4.96
2017-08-15,5.08,5.15,5.2,5.03
2017-08-16,5.19,5.09,5.26,5.05
2017-08-17,5.2,5.18,5.27,5.12
2017-08-18,5.1,5.05,5.11,5.0
2017-08-21,5.06,5.18,5.23,5.02
2017-08-22,5.15,5.07,5.17,5.06
2017-08-23,5.03,4.88,5.05,4.87
2017-08-24,4.94,4.91,5.0,4.89
2017-08-25,4.91,5.03,5.13,4.91
2017-08-28,5.03,5.05,5.06,4.97
2017-08-29,5.02,5.04,5.13,5.01
2017-08-30,5.04,5.17,5.27,5.01
2017-08-31,5.14,5.16,5.21,5.1
2017-09-01,5.18,5.32,5.35,5.13
2017-09-04,5.34,5.32,5.44,5.27
2017-09-05,5.29,5.21,5.32,5.2
2017-09-06,5.16,5.26,5.32,5.15
2017-09-07,5.27,5.12,5.27,5.11
2017-09-08,5.11,5.13,5.22,5.11
2017-09-11,5.1,5.25,5.26,5.07
2017-09-12,5.25,5.39,5.69,5.24
2017-09-13,5.34,5.31,5.43,5.25
2017-09-14,5.33,5.22,5.38,5.17
2017-09-15,5.19,5.1,5.2,5.05
2017-09-18,5.09,5.12,5.15,5.06
2017-09-19,5.12,5.06,5.15,5.05
2017-09-20,5.08,5.25,5.27,5.07
2017-09-21,5.21,5.08,5.24,5.07
2017-09-22,5.06,5.08,5.1,5.02
2017-09-25,5.08,5.0,5.09,4.99
2017-09-26,4.98,5.0,5.06,4.97
2017-09-27,5.01,5.02,5.08,4.98
2017-09-28,5.01,4.91,5.03,4.91
2017-09-29,4.93,4.95,4.99,4.9
2017-10-09,5.0,5.0,5.07,4.91
2017-10-10,5.0,5.01,5.03,4.98
2017-10-11,5.03,5.01,5.04,4.94
2017-10-12,4.99,4.96,4.99,4.93
2017-10-13,4.95,5.0,5.0,4.95
2017-10-16,5.0,4.96,5.03,4.92
2017-10-17,4.96,4.9,4.96,4.89
2017-10-18,4.9,4.79,4.92,4.79
2017-10-19,4.76,4.61,4.81,4.59
2017-10-20,4.6,4.66,4.67,4.59
2017-10-23,4.7,4.68,4.75,4.66
2017-10-24,4.68,4.66,4.69,4.62
2017-10-25,4.66,4.68,4.75,4.65
2017-10-26,4.68,4.73,4.89,4.63
2017-10-27,4.74,4.7,4.75,4.68
2017-10-30,4.71,4.8,4.99,4.5
2017-10-31,4.7,4.79,4.8,4.7
2017-11-01,4.75,4.73,4.84,4.73
2017-11-02,4.69,4.65,4.76,4.65
2017-11-03,4.65,4.55,4.68,4.54
2017-11-06,4.56,4.66,4.67,4.55
2017-11-07,4.66,4.65,4.69,4.62
2017-11-08,4.65,4.66,4.8,4.6
2017-11-09,4.69,4.72,4.81,4.65
2017-11-10,4.71,4.78,4.88,4.66
2017-11-13,4.77,4.73,4.79,4.68
2017-11-14,4.74,4.67,4.78,4.67
2017-11-15,4.69,4.63,4.69,4.61
2017-11-16,4.64,4.58,4.66,4.57
2017-11-17,4.58,4.48,4.59,4.48
2017-11-20,4.45,4.39,4.49,4.35
2017-11-21,4.44,4.3,4.44,4.2
2017-11-22,4.3,4.3,4.34,4.28
2017-11-23,4.3,4.3,4.49,4.27
2017-11-24,4.3,4.32,4.35,4.21
2017-11-27,4.32,4.27,4.35,4.26
2017-11-28,4.27,4.36,4.4,4.27
2017-11-29,4.35,4.4,4.42,4.33
2017-11-30,4.38,4.29,4.38,4.27
2017-12-01,4.3,4.33,4.38,4.28
2017-12-04,4.31,4.3,4.35,4.29
2017-12-05,4.28,4.16,4.32,4.14
2017-12-06,4.14,4.19,4.19,4.14
2017-12-07,4.17,4.22,4.24,4.15
2017-12-08,4.23,4.33,4.34,4.23
2017-12-11,4.31,4.4,4.42,4.31
2017-12-12,4.4,4.37,4.4,4.34
2017-12-13,4.35,4.41,4.41,4.33
2017-12-14,4.38,4.48,4.51,4.38
2017-12-15,4.47,4.48,4.55,4.45
2017-12-18,4.45,4.42,4.5,4.38
2017-12-19,4.43,4.41,4.45,4.37
2017-12-20,4.41,4.49,4.54,4.38
2017-12-21,4.49,4.47,4.54,4.42
2017-12-22,4.43,4.44,4.49,4.43
2017-12-25,4.41,4.51,4.51,4.15
2017-12-26,4.51,4.5,4.54,4.46
2017-12-27,4.53,4.55,4.57,4.39
2017-12-28,4.52,4.69,4.79,4.45
2017-12-29,4.61,4.65,4.69,4.59
2018-01-02,4.63,4.65,4.69,4.62
2018-01-03,4.63,4.64,4.68,4.62
2018-01-04,4.62,4.62,4.65,4.6
2018-01-05,4.63,4.57,4.65,4.53
2018-01-08,4.57,4.6,4.61,4.5
2018-01-09,4.58,4.56,4.59,4.52
2018-01-10,4.54,4.55,4.58,4.51
2018-01-11,4.51,4.53,4.56,4.5
2018-01-12,4.53,4.54,4.56,4.5
2018-01-15,4.54,4.49,4.55,4.42
2018-01-16,4.48,4.48,4.51,4.45
2018-01-17,4.45,4.48,4.5,4.43
2018-01-18,4.45,4.49,4.53,4.45
2018-01-19,4.49,4.58,4.59,4.49
2018-01-22,4.58,4.57,4.62,4.54
2018-01-23,4.56,4.58,4.59,4.54
2018-01-24,4.59,4.56,4.59,4.54
2018-01-25,4.56,4.55,4.6,4.54
2018-01-26,4.5,4.57,4.65,4.5
2018-01-29,4.57,4.53,4.58,4.51
2018-01-30,4.53,4.53,4.58,4.49
2018-01-31,4.52,4.45,4.52,4.35
2018-02-01,4.45,4.01,4.45,4.01
2018-02-02,3.9,4.2,4.41,3.9
2018-02-05,4.08,4.04,4.11,3.99
2018-02-06,3.98,3.9,4.03,3.81
2018-02-07,3.81,3.9,3.97,3.81
2018-02-08,3.82,3.85,3.93,3.8
2018-02-09,3.8,3.78,3.8,3.76
2018-02-12,3.78,3.93,3.94,3.78
2018-02-13,3.93,3.94,3.97,3.88
2018-02-14,3.95,4.1,4.1,3.94
2018-02-22,4.12,4.24,4.38,4.12
2018-02-23,4.24,4.25,4.27,4.18
2018-02-26,4.35,4.27,4.36,4.21
2018-02-27,4.24,4.23,4.29,4.2
2018-02-28,4.23,4.24,4.26,4.2
2018-03-01,4.23,4.29,4.29,4.2
2018-03-02,4.27,4.29,4.3,4.25
2018-03-05,4.29,4.24,4.29,4.24
2018-03-06,4.24,4.36,4.45,4.21
2018-03-07,4.38,4.28,4.39,4.28
2018-03-08,4.27,4.34,4.35,4.27
2018-03-09,4.35,4.42,4.43,4.34
2018-03-12,4.42,4.69,4.7,4.42
2018-03-13,4.69,4.68,4.79,4.62
2018-03-14,4.68,4.7,4.78,4.66
2018-03-15,4.69,4.97,5.08,4.69
2018-04-16,4.47,4.47,4.47,4.47
2018-04-17,4.02,4.14,4.34,4.02
2018-04-18,4.07,4.07,4.13,4.02
2018-04-19,4.12,4.21,4.25,4.09
2018-04-20,4.09,4.05,4.13,4.0
2018-04-23,4.05,4.05,4.1,4.01
2018-04-24,4.04,4.03,4.08,3.98
2018-04-25,4.0,4.0,4.06,3.98
2018-04-26,4.03,3.93,4.03,3.9
2018-04-27,3.95,3.95,3.99,3.92
2018-05-02,3.96,3.94,3.97,3.91
2018-05-03,3.94,3.94,3.97,3.9
2018-05-04,3.91,3.97,4.04,3.9
2018-05-07,3.97,4.01,4.07,3.97
2018-05-08,4.01,4.04,4.05,4.01
2018-05-09,4.04,4.02,4.05,4.0
2018-05-10,4.03,4.03,4.05,4.02
2018-05-11,4.04,4.0,4.05,3.99
2018-05-14,4.01,3.99,4.03,3.96
2018-05-15,3.99,3.99,4.03,3.95
2018-05-16,4.0,4.0,4.02,3.99
2018-05-17,4.01,3.97,4.01,3.96
2018-05-18,3.96,4.02,4.05,3.96
2018-05-21,4.07,3.99,4.07,3.98
2018-05-22,3.98,3.98,4.01,3.97
2018-05-23,3.98,3.97,3.99,3.95
2018-05-24,3.98,3.92,3.98,3.92
2018-05-25,3.92,3.93,4.0,3.91
