date,open,close,high,low
2016-01-04,9.441,8.476,9.441,8.476
2016-01-05,7.664,8.294,8.6,7.664
2016-01-06,8.332,8.504,8.524,8.275
2016-01-07,8.352,7.654,8.352,7.654
2016-01-08,7.874,7.836,8.027,7.176
2016-01-11,7.453,7.052,7.797,7.052
2016-01-12,7.052,7.195,7.214,6.88
2016-01-13,7.243,6.985,7.3,6.899
2016-01-14,6.546,7.176,7.262,6.507
2016-01-15,7.148,7.071,7.234,6.832
2016-01-18,6.937,7.214,7.291,6.937
2016-01-19,7.167,7.463,7.597,7.1
2016-01-20,7.463,7.415,7.501,7.31
2016-01-21,7.329,7.3,7.606,7.262
2016-01-22,7.434,7.463,7.501,7.262
2016-01-25,7.53,7.539,7.568,7.444
2016-01-26,7.75,7.243,8.027,7.167
2016-01-27,7.358,7.348,7.501,6.67
2016-01-28,7.253,7.195,7.386,7.081
2016-01-29,7.243,7.52,7.625,7.109
2016-02-01,7.53,7.453,7.616,7.205
2016-02-02,7.434,7.606,7.73,7.434
2016-02-03,7.482,7.539,7.606,7.434
2016-02-04,7.597,7.855,7.902,7.549
2016-02-05,7.836,7.874,7.979,7.74
2016-02-15,7.644,7.788,7.836,7.52
2016-02-16,7.836,8.141,8.218,7.807
2016-02-17,8.084,8.266,8.409,8.046
2016-02-18,8.266,8.256,8.361,8.132
2016-02-19,8.246,8.485,8.485,8.208
2016-02-22,8.59,8.533,8.6,8.371
2016-02-23,8.485,8.409,8.524,8.323
2016-02-24,8.361,8.352,8.476,7.979
2016-02-25,8.361,7.53,8.485,7.52
2016-02-26,7.625,7.606,7.711,7.377
2016-02-29,7.568,7.358,7.597,6.909
2016-03-01,7.386,7.463,7.568,7.234
2016-03-02,7.434,7.797,7.816,7.415
2016-03-03,7.807,7.797,7.874,7.702
2016-03-04,7.759,7.578,7.816,7.434
2016-03-07,7.711,7.75,7.816,7.597
2016-03-08,7.759,7.778,7.788,7.444
2016-03-09,7.644,7.711,7.778,7.549
2016-03-10,7.673,7.711,7.797,7.635
2016-03-11,7.635,7.673,7.711,7.558
2016-03-14,7.778,8.008,8.084,7.721
2016-03-15,7.969,7.969,8.103,7.922
2016-03-16,8.065,8.074,8.141,7.883
2016-03-17,8.084,8.304,8.342,8.046
2016-03-18,8.323,8.59,8.696,8.285
2016-03-21,8.82,8.676,8.887,8.61
2016-03-22,8.638,9.049,9.164,8.638
2016-03-23,9.45,9.278,9.957,9.221
2016-03-24,9.068,9.097,9.422,8.963
2016-03-25,9.154,9.145,9.212,8.944
2016-03-28,9.164,8.801,9.508,8.801
2016-03-29,8.791,8.6,8.868,8.409
2016-03-30,8.696,9.078,9.116,8.696
2016-03-31,9.04,9.106,9.326,8.992
2016-04-01,9.078,9.364,9.364,9.011
2016-04-05,9.565,10.301,10.301,9.565
2016-04-06,10.559,10.282,10.826,10.282
2016-04-07,10.148,10.234,10.492,9.986
2016-04-08,10.043,10.272,10.482,9.861
2016-04-11,10.396,10.454,10.654,10.177
2016-04-12,10.568,10.473,10.731,10.33
2016-04-13,10.425,10.339,10.674,10.339
2016-04-14,10.416,10.186,10.588,10.091
2016-04-15,10.205,10.224,10.32,10.062
2016-04-18,10.224,10.033,10.224,9.823
2016-04-19,10.043,10.129,10.167,9.966
2016-04-20,10.138,9.527,10.253,9.116
2016-04-21,9.422,9.288,9.642,9.259
2016-04-22,9.336,9.642,9.689,9.278
2016-04-25,9.565,9.718,9.88,9.47
2016-04-26,9.67,9.995,10.014,9.67
2016-04-27,10.129,10.033,10.272,9.938
2016-04-28,9.986,9.814,10.072,9.527
2016-04-29,9.67,10.033,10.177,9.556
2016-05-03,10.177,10.358,10.396,10.072
2016-05-04,10.33,10.186,10.358,10.138
2016-05-05,10.225,10.167,10.225,10.042
2016-05-06,10.225,9.772,10.302,9.743
2016-05-09,9.646,9.424,9.646,8.875
2016-05-10,9.299,9.309,9.492,9.164
2016-05-11,9.386,9.328,9.521,9.251
2016-05-12,9.164,9.424,9.473,8.971
2016-05-13,9.453,9.357,9.666,9.318
2016-05-16,9.357,9.627,9.675,9.067
2016-05-17,9.839,9.83,10.051,9.752
2016-05-18,9.694,9.521,9.733,9.212
2016-05-19,9.453,9.492,9.675,9.405
2016-05-20,9.386,9.511,9.588,9.289
2016-05-23,9.502,9.646,9.685,9.473
2016-05-24,9.608,9.386,9.617,9.289
2016-05-25,9.453,9.241,9.54,9.241
2016-05-26,9.212,9.164,9.357,8.865
2016-05-27,9.154,9.116,9.231,8.932
2016-05-30,9.067,9.135,9.241,8.913
2016-05-31,9.135,9.463,9.482,9.125
2016-06-01,9.502,9.656,9.743,9.424
2016-06-02,9.733,9.675,9.839,9.521
2016-06-03,9.646,10.071,10.399,9.646
2016-06-06,10.225,11.074,11.074,10.071
2016-06-07,11.865,12.183,12.183,11.865
2016-06-08,13.399,13.399,13.399,12.366
2016-06-13,13.022,12.347,13.215,12.347
2016-06-14,12.347,11.865,12.588,11.547
2016-06-15,11.826,13.051,13.051,11.807
2016-06-16,13.273,12.974,14.112,12.839
2016-06-17,12.829,12.714,13.215,12.231
2016-06-20,12.733,13.167,13.264,12.395
2016-06-21,13.109,12.801,13.977,12.55
2016-06-22,12.637,13.215,13.215,12.328
2016-06-23,13.302,13.312,13.592,12.829
2016-06-24,13.003,12.984,13.505,12.395
2016-06-27,12.791,13.794,14.151,12.791
2016-06-28,13.572,13.466,13.784,13.264
2016-06-29,13.524,13.476,13.698,13.196
2016-06-30,13.399,12.955,13.437,12.781
2016-07-01,13.022,12.829,13.109,12.752
2016-07-04,12.714,12.868,12.974,12.637
2016-07-05,12.926,13.35,13.611,12.608
2016-07-06,13.148,13.698,14.19,13.148
2016-07-07,13.659,14.257,14.45,13.466
2016-07-08,14.055,13.775,14.421,13.746
2016-07-11,13.63,12.878,13.881,12.637
2016-07-12,12.829,12.559,12.916,11.846
2016-07-13,12.395,12.473,12.502,12.096
2016-07-14,12.357,12.434,12.714,12.289
2016-07-15,12.395,12.164,12.463,12.125
2016-07-18,12.164,12.183,12.309,11.971
2016-07-19,12.241,12.096,12.28,11.884
2016-07-20,12.116,12.183,12.289,12.038
2016-07-21,12.125,12.038,12.27,11.971
2016-07-22,12.01,11.855,12.106,11.836
2016-07-25,11.952,11.633,12.01,11.518
2016-08-09,12.01,12.087,12.415,11.875
2016-08-10,11.952,11.788,12.019,11.778
2016-08-11,11.739,11.199,11.768,11.199
2016-08-12,11.18,11.257,11.392,11.122
2016-08-15,11.344,11.469,11.527,11.132
2016-08-16,11.469,11.836,11.932,11.421
2016-08-17,11.778,11.73,11.817,11.595
2016-08-18,11.711,11.739,11.913,11.662
2016-08-19,11.72,11.701,11.778,11.633
2016-08-22,11.739,11.431,11.778,11.431
2016-08-23,11.373,11.421,11.498,11.344
2016-08-24,11.383,11.344,11.46,11.257
2016-08-25,11.315,11.228,11.315,11.093
2016-08-26,11.238,11.296,11.498,11.238
2016-08-29,11.286,11.325,11.373,11.19
2016-08-30,11.383,11.73,11.836,11.383
2016-08-31,11.739,11.585,11.826,11.498
2016-09-01,11.575,11.46,11.72,11.46
2016-09-02,11.402,11.257,11.527,11.219
2016-09-05,11.305,11.479,11.479,11.17
2016-09-06,11.556,11.807,11.807,11.489
2016-09-07,11.894,12.038,12.511,11.807
2016-09-08,11.981,11.903,12.289,11.691
2016-09-09,11.903,12.096,12.376,11.903
2016-09-12,11.672,11.296,11.73,11.286
2016-09-13,11.354,11.257,11.479,11.151
2016-09-14,11.199,10.939,11.199,10.91
2016-09-19,10.958,10.997,11.074,10.958
2016-09-20,11.035,11.093,11.122,10.929
2016-09-21,11.112,10.958,11.132,10.881
2016-09-22,11.026,10.987,11.074,10.948
2016-09-23,11.006,10.997,11.112,10.939
2016-09-26,10.958,10.553,10.977,10.553
2016-09-27,10.418,10.466,10.582,10.186
2016-09-28,10.428,10.379,10.495,10.36
2016-09-29,10.437,10.418,10.524,10.35
2016-09-30,10.389,10.389,10.457,10.331
2016-10-10,10.418,10.784,10.823,10.418
2016-10-11,10.804,10.727,10.823,10.669
2016-10-12,10.698,10.688,10.698,10.582
2016-10-13,10.727,10.756,10.794,10.669
2016-10-14,10.804,10.775,10.813,10.611
2016-10-17,10.756,10.736,10.842,10.717
2016-10-18,10.717,11.276,11.344,10.678
2016-10-19,11.334,11.219,11.518,11.122
2016-10-20,11.161,11.228,11.315,11.122
2016-10-21,11.18,11.055,11.267,10.997
2016-10-24,11.064,11.17,11.238,11.026
2016-10-25,11.17,11.074,11.18,10.997
2016-10-26,11.093,11.016,11.093,10.977
2016-10-27,10.939,10.881,11.016,10.833
2016-10-28,10.9,10.813,11.026,10.804
2016-10-31,10.804,10.775,10.871,10.707
2016-11-01,10.765,10.852,10.862,10.736
2016-11-02,10.871,10.649,10.871,10.64
2016-11-03,10.572,10.659,10.756,10.572
2016-11-04,10.659,10.669,10.784,10.63
2016-11-07,10.784,10.997,11.18,10.784
2016-11-08,10.958,10.977,11.19,10.92
2016-11-09,11.026,11.016,11.132,10.794
2016-11-10,11.084,11.112,11.19,11.045
2016-11-11,11.084,11.132,11.141,10.977
2016-11-14,11.074,11.064,11.132,11.035
2016-11-15,11.064,11.151,11.161,11.035
2016-11-16,11.151,11.392,11.701,11.151
2016-11-17,11.411,11.238,11.46,11.209
2016-11-18,11.248,11.209,11.44,11.17
2016-11-21,11.19,11.103,11.286,11.035
2016-11-22,11.141,11.151,11.161,11.064
2016-11-23,11.161,10.977,11.209,10.958
2016-11-24,10.977,10.871,11.074,10.852
2016-11-25,10.871,10.784,10.91,10.64
2016-11-28,10.823,10.871,10.948,10.813
2016-11-29,10.871,10.717,10.929,10.707
2016-11-30,10.707,10.727,10.804,10.659
2016-12-01,10.736,10.746,10.756,10.688
2016-12-02,10.765,10.649,10.775,10.62
2016-12-05,10.534,10.447,10.649,10.37
2016-12-06,10.543,10.592,10.727,10.514
2016-12-07,10.563,10.717,10.727,10.524
2016-12-08,10.717,10.659,10.756,10.63
2016-12-09,10.659,10.678,10.698,10.611
2016-12-12,10.698,10.032,10.707,10.032
2016-12-13,10.032,9.907,10.129,9.839
2016-12-14,9.897,9.733,9.965,9.694
2016-12-15,9.723,9.82,9.916,9.704
2016-12-16,9.791,9.897,9.936,9.762
2016-12-19,9.897,9.907,10.013,9.858
2016-12-20,9.858,9.887,9.936,9.82
2016-12-21,9.897,9.993,10.032,9.897
2016-12-22,10.003,10.119,10.225,9.916
2016-12-23,10.09,9.974,10.148,9.955
2016-12-26,9.945,10.032,10.032,9.839
2016-12-27,10.042,9.945,10.061,9.936
2016-12-28,9.945,9.945,10.061,9.936
2016-12-29,9.955,9.936,9.993,9.907
2016-12-30,9.945,9.916,9.984,9.858
2017-01-03,9.916,10.003,10.032,9.878
2017-01-04,10.003,10.331,10.37,9.965
2017-01-05,10.302,10.244,10.35,10.225
2017-01-06,10.235,10.071,10.273,10.061
2017-01-09,10.08,10.138,10.186,10.061
2017-01-10,10.148,10.119,10.225,10.071
2017-01-11,10.109,10.003,10.167,10.003
2017-01-12,10.003,9.984,10.08,9.984
2017-01-13,9.974,9.887,10.042,9.887
2017-01-16,9.839,9.502,9.936,9.116
2017-01-17,9.453,9.511,9.588,9.357
2017-01-18,9.511,9.444,9.55,9.405
2017-01-19,9.415,9.309,9.415,9.27
2017-01-20,9.299,9.54,9.569,9.27
2017-01-23,9.521,9.482,9.598,9.434
2017-01-24,9.482,9.453,9.511,9.424
2017-01-25,9.482,9.444,9.492,9.395
2017-01-26,9.453,9.502,9.511,9.453
2017-02-03,9.502,9.338,9.53,9.328
2017-02-06,9.357,9.502,9.521,9.357
2017-02-07,9.463,9.627,9.637,9.415
2017-02-08,9.588,9.617,9.617,9.502
2017-02-09,9.617,9.897,9.926,9.579
2017-02-10,9.801,9.781,9.858,9.762
2017-02-13,9.781,9.781,9.81,9.694
2017-02-14,9.781,9.704,9.791,9.685
2017-02-15,9.694,9.54,9.752,9.502
2017-02-16,9.53,9.588,9.617,9.53
2017-02-17,9.598,9.502,9.627,9.482
2017-02-20,9.502,9.627,9.685,9.502
2017-02-21,9.646,9.762,9.781,9.617
2017-02-22,9.801,9.772,9.868,9.704
2017-02-23,9.772,9.83,9.878,9.714
2017-02-24,9.83,9.791,9.849,9.752
2017-02-27,9.762,9.714,9.83,9.694
2017-02-28,9.714,9.704,9.762,9.656
2017-03-01,9.714,9.733,9.772,9.666
2017-03-02,9.752,9.646,9.762,9.627
2017-03-03,9.617,9.781,9.791,9.617
2017-03-06,9.791,9.907,9.916,9.743
2017-03-07,9.907,9.887,9.974,9.849
2017-03-08,9.887,10.013,10.225,9.858
2017-03-09,10.003,9.868,10.032,9.839
2017-03-10,9.868,9.839,9.887,9.801
2017-03-13,9.82,9.878,9.878,9.762
2017-03-14,9.878,9.83,9.878,9.772
2017-03-15,9.82,9.743,9.82,9.723
2017-03-16,9.772,9.849,9.858,9.762
2017-03-17,9.82,9.694,9.839,9.694
2017-03-20,9.685,9.637,9.714,9.588
2017-03-21,9.646,9.637,9.675,9.598
2017-03-22,9.608,9.492,9.617,9.473
2017-03-23,9.482,9.482,9.53,9.376
2017-03-24,9.482,9.434,9.482,9.376
2017-03-27,9.434,9.521,9.53,9.415
2017-03-28,9.492,9.492,9.54,9.463
2017-03-29,9.492,9.357,9.502,9.357
2017-03-30,9.347,9.183,9.347,9.174
2017-03-31,9.183,9.203,9.309,9.164
2017-04-05,9.212,9.386,9.395,9.203
2017-04-06,9.395,9.415,9.444,9.357
2017-04-07,9.444,9.453,9.492,9.395
2017-04-10,9.473,9.328,9.473,9.328
2017-04-11,9.318,9.366,9.376,9.27
2017-04-12,9.366,9.309,9.366,9.289
2017-04-13,9.309,9.289,9.357,9.28
2017-04-14,9.299,9.145,9.357,9.116
2017-04-17,9.174,9.077,9.174,9.058
2017-04-18,9.077,8.923,9.154,8.923
2017-04-19,8.923,8.691,8.923,8.585
2017-04-20,8.691,8.653,8.759,8.585
2017-04-21,8.585,8.325,8.585,8.296
2017-04-24,8.305,8.055,8.305,8.045
2017-04-25,8.074,8.103,8.161,8.064
2017-04-26,8.141,8.132,8.199,8.112
2017-04-27,8.132,8.035,8.132,7.862
2017-04-28,8.026,8.103,8.151,8.006
2017-05-02,8.103,8.074,8.112,8.045
2017-05-03,8.074,8.064,8.132,8.026
2017-05-04,8.084,8.074,8.112,7.977
2017-05-05,8.074,7.929,8.074,7.929
2017-05-08,7.939,7.813,7.939,7.813
2017-05-09,7.813,7.891,7.891,7.746
2017-05-10,7.939,7.655,7.939,7.566
2017-05-11,7.576,7.468,7.655,7.34
2017-05-12,7.448,7.468,7.478,7.311
2017-05-15,7.429,7.419,7.507,7.409
2017-05-16,7.419,7.566,7.586,7.281
2017-05-17,7.537,7.596,7.645,7.537
2017-05-18,7.527,7.537,7.645,7.478
2017-05-19,7.527,7.507,7.596,7.468
2017-05-22,7.556,7.311,7.556,7.271
2017-05-23,7.301,7.104,7.34,7.016
2017-05-24,7.075,7.026,7.075,6.898
2017-05-25,7.026,7.094,7.144,6.888
2017-05-26,7.065,7.065,7.153,7.026
2017-05-31,7.124,7.045,7.232,7.035
2017-06-01,7.026,7.016,7.094,6.947
2017-06-02,6.947,7.153,7.203,6.918
2017-06-05,7.163,7.153,7.212,7.085
2017-06-06,7.134,7.271,7.281,7.094
2017-06-07,7.232,7.37,7.379,7.212
2017-06-08,7.379,7.32,7.419,7.311
2017-06-09,7.301,7.37,7.399,7.242
2017-06-12,7.389,7.144,7.399,7.134
2017-06-13,7.173,7.281,7.301,7.094
2017-06-14,7.291,7.379,7.419,7.232
2017-06-15,7.34,7.537,7.576,7.33
2017-06-16,7.566,7.507,7.713,7.497
2017-06-19,7.478,7.517,7.527,7.438
2017-06-20,7.497,7.674,7.792,7.497
2017-06-21,7.664,7.645,7.723,7.537
2017-06-22,7.615,7.556,7.704,7.546
2017-06-23,7.556,7.497,7.655,7.379
2017-06-26,7.468,7.537,7.537,7.448
2017-06-27,7.546,7.468,7.576,7.448
2017-06-28,7.458,7.311,7.478,7.291
2017-06-29,7.33,7.399,7.429,7.32
2017-06-30,7.37,7.429,7.438,7.34
2017-07-03,7.438,7.497,7.507,7.399
2017-07-04,7.507,7.517,7.546,7.468
2017-07-05,7.517,7.566,7.576,7.468
2017-07-06,7.566,7.723,7.802,7.527
2017-07-07,7.674,7.694,7.713,7.615
2017-07-10,7.664,7.792,7.822,7.625
2017-07-11,7.792,7.635,7.841,7.625
2017-07-12,7.625,7.576,7.674,7.468
2017-07-13,7.556,7.596,7.635,7.517
2017-07-14,7.596,7.586,7.625,7.546
2017-07-17,7.605,7.055,7.635,7.035
2017-07-18,6.996,7.104,7.134,6.996
2017-07-19,7.104,7.153,7.173,7.035
2017-07-20,7.134,7.173,7.212,7.134
2017-07-21,7.173,7.144,7.183,7.124
2017-07-24,7.124,7.261,7.271,7.114
2017-07-25,7.32,7.252,7.35,7.222
2017-07-26,7.232,7.203,7.261,7.173
2017-07-27,7.252,7.34,7.37,7.193
2017-07-28,7.379,7.409,7.448,7.35
2017-07-31,7.379,7.399,7.429,7.271
2017-08-01,7.379,7.458,7.537,7.35
2017-08-02,7.468,7.429,7.625,7.399
2017-08-03,7.379,7.448,7.468,7.34
2017-08-04,7.448,7.34,7.448,7.34
2017-08-07,7.34,7.36,7.379,7.311
2017-08-08,7.36,7.32,7.36,7.301
2017-08-09,7.32,7.448,7.448,7.311
2017-08-10,7.468,7.291,7.487,7.271
2017-08-11,7.252,7.193,7.311,7.163
2017-08-14,7.183,7.379,7.409,7.183
2017-08-15,7.497,7.429,7.497,7.389
2017-08-16,7.399,7.458,7.497,7.37
2017-08-17,7.487,7.478,7.497,7.389
2017-08-18,7.458,7.487,7.537,7.429
2017-08-21,7.487,7.507,7.527,7.458
2017-08-22,7.468,7.487,7.605,7.468
2017-08-23,7.468,7.409,7.507,7.389
2017-08-24,7.389,7.32,7.409,7.32
2017-08-25,7.311,7.399,7.419,7.311
2017-08-28,7.399,7.487,7.487,7.399
2017-08-29,7.478,7.458,7.537,7.438
2017-08-30,7.468,7.458,7.497,7.438
2017-08-31,7.458,7.448,7.478,7.389
2017-09-01,7.429,7.487,7.546,7.419
2017-09-04,7.468,7.517,7.546,7.468
2017-09-05,7.517,7.546,7.556,7.468
2017-09-06,7.586,7.763,7.822,7.566
2017-09-07,7.723,7.625,7.723,7.615
2017-09-08,7.615,7.664,7.704,7.596
2017-09-11,7.782,8.165,8.303,7.723
2017-09-12,8.175,8.215,8.598,8.107
2017-09-13,8.185,8.126,8.215,8.048
2017-09-14,8.146,8.382,8.431,8.107
2017-09-15,8.313,8.087,8.332,8.067
2017-09-18,8.077,8.244,8.283,8.077
2017-09-19,8.205,8.057,8.264,8.028
2017-09-20,8.057,8.087,8.107,7.939
2017-09-21,8.126,8.126,8.332,8.107
2017-09-22,8.057,7.979,8.087,7.92
2017-09-25,7.939,7.743,7.979,7.713
2017-09-26,7.743,7.763,7.812,7.674
2017-09-27,7.782,7.861,7.89,7.753
2017-09-28,7.861,7.822,7.939,7.792
2017-09-29,7.822,7.949,7.959,7.772
2017-10-09,8.057,7.998,8.107,7.959
2017-10-10,8.018,8.028,8.038,7.89
2017-10-11,8.018,7.959,8.028,7.939
2017-10-12,7.949,7.812,7.969,7.763
2017-10-13,7.792,7.822,7.861,7.772
2017-10-16,7.822,7.664,7.841,7.635
2017-10-17,7.655,7.763,7.782,7.655
2017-10-18,7.782,7.655,7.782,7.625
2017-10-19,7.645,7.478,7.655,7.468
2017-10-20,7.448,7.566,7.566,7.448
2017-10-23,7.556,7.566,7.664,7.537
2017-10-24,7.586,7.517,7.596,7.468
2017-10-25,7.517,7.537,7.566,7.497
2017-10-26,7.527,7.576,7.605,7.487
2017-10-27,7.566,7.429,7.566,7.429
2017-10-30,7.448,7.311,7.507,7.242
2017-10-31,7.281,7.33,7.35,7.271
2017-11-01,7.32,7.271,7.35,7.252
2017-11-02,7.271,7.163,7.271,7.144
2017-11-03,7.173,7.114,7.212,7.075
2017-11-06,7.114,7.173,7.173,7.085
2017-11-07,7.173,7.144,7.193,7.094
2017-11-08,7.124,7.212,7.232,7.114
2017-11-09,7.212,7.212,7.242,7.163
2017-11-10,7.193,7.242,7.291,7.124
2017-11-13,7.212,7.183,7.212,7.153
2017-11-14,7.183,7.104,7.183,7.085
2017-11-15,7.124,7.045,7.124,7.006
2017-11-16,7.035,7.016,7.055,6.986
2017-11-17,7.016,6.78,7.026,6.76
2017-11-20,6.78,6.859,6.898,6.682
2017-11-21,6.849,6.829,6.908,6.79
2017-11-22,6.839,6.839,6.898,6.79
2017-11-23,6.849,6.692,6.849,6.682
2017-11-24,6.701,6.721,6.741,6.682
2017-11-27,6.721,6.692,6.741,6.662
2017-11-28,6.692,6.751,6.76,6.662
2017-11-29,6.751,6.731,6.77,6.672
2017-11-30,6.731,6.711,6.741,6.692
2017-12-01,6.741,6.78,6.8,6.701
2017-12-04,6.78,6.721,6.809,6.692
2017-12-05,6.731,6.525,6.741,6.485
2017-12-06,6.515,6.505,6.515,6.387
2017-12-07,6.495,6.505,6.525,6.456
2017-12-08,6.515,6.544,6.564,6.475
2017-12-11,6.534,6.613,6.623,6.515
2017-12-12,6.613,6.554,6.623,6.534
2017-12-13,6.564,6.613,6.623,6.534
2017-12-14,6.662,6.652,6.672,6.613
2017-12-15,6.642,6.662,6.692,6.623
2017-12-18,6.682,6.583,6.682,6.534
2017-12-19,6.593,6.849,6.849,6.574
2017-12-20,6.918,6.741,6.927,6.731
2017-12-21,6.8,6.741,6.8,6.633
2017-12-22,6.76,6.692,6.77,6.682
2017-12-25,6.692,6.574,6.741,6.554
2017-12-26,6.564,6.603,6.623,6.534
2017-12-27,6.603,6.593,6.613,6.554
2017-12-28,6.564,6.593,6.642,6.554
2017-12-29,6.593,6.623,6.633,6.574
2018-01-02,6.623,6.741,6.78,6.613
2018-01-03,6.721,6.76,6.78,6.701
2018-01-04,6.751,6.711,6.751,6.682
2018-01-05,6.711,6.731,6.741,6.672
2018-01-08,6.76,6.731,6.76,6.682
2018-01-09,6.721,6.731,6.751,6.682
2018-01-10,6.731,6.741,6.78,6.692
2018-01-11,6.721,6.751,6.751,6.642
2018-01-12,6.741,6.711,6.78,6.711
2018-01-15,6.692,6.564,6.721,6.554
2018-01-16,6.564,6.574,6.603,6.554
2018-01-17,6.574,6.485,6.574,6.397
2018-01-18,6.485,6.534,6.534,6.446
2018-01-19,6.534,6.485,6.534,6.466
2018-01-22,6.466,6.466,6.475,6.367
2018-01-23,6.475,6.446,6.485,6.426
2018-01-24,6.436,6.485,6.495,6.416
2018-01-25,6.466,6.544,6.583,6.466
2018-01-26,6.525,6.672,6.682,6.466
2018-01-29,6.692,6.603,6.731,6.574
2018-01-30,6.554,6.544,6.652,6.534
2018-01-31,6.544,6.505,6.544,6.426
2018-02-01,6.466,6.014,6.505,6.004
2018-02-02,5.945,5.935,6.033,5.876
2018-02-05,5.886,5.886,5.994,5.797
2018-02-06,5.896,5.424,5.984,5.306
2018-02-07,5.493,5.375,5.532,5.267
2018-02-08,5.355,5.444,5.503,5.345
2018-02-09,5.316,5.188,5.345,5.139
2018-02-12,5.227,5.306,5.355,5.227
2018-02-13,5.345,5.326,5.444,5.306
2018-02-14,5.355,5.483,5.679,5.326
2018-02-22,5.483,5.522,5.552,5.414
2018-02-23,5.493,5.512,5.552,5.473
2018-02-26,5.542,5.611,5.64,5.483
2018-02-27,5.591,5.601,5.64,5.581
2018-02-28,5.562,5.591,5.63,5.503
2018-03-01,5.571,5.679,5.699,5.532
2018-03-02,5.67,5.65,5.679,5.601
2018-03-05,5.65,5.63,5.66,5.611
2018-03-06,5.63,5.689,5.719,5.63
2018-03-07,5.689,5.591,5.689,5.591
2018-03-08,5.591,5.64,5.66,5.591
2018-03-09,5.66,5.768,5.768,5.66
2018-03-12,5.768,5.847,5.866,5.748
2018-03-13,5.837,5.866,5.925,5.797
2018-03-14,5.856,5.807,5.945,5.807
2018-03-15,5.807,5.925,6.004,5.778
2018-03-16,5.915,5.876,5.925,5.778
2018-03-19,5.856,5.817,5.896,5.797
2018-03-20,5.778,5.837,5.837,5.729
2018-03-21,5.847,5.748,5.945,5.719
2018-03-22,5.768,5.738,5.807,5.709
2018-03-23,5.562,5.355,5.621,5.237
2018-03-26,5.247,5.414,5.434,5.237
2018-03-27,5.473,5.552,5.581,5.473
2018-03-28,5.503,5.571,5.65,5.483
2018-03-29,5.562,5.621,5.63,5.562
2018-03-30,5.621,5.709,5.719,5.621
2018-04-02,5.719,5.748,5.768,5.679
2018-04-03,5.64,5.748,5.758,5.64
2018-04-04,5.748,5.827,5.847,5.709
2018-04-09,5.817,5.817,5.847,5.679
2018-04-10,5.758,5.886,5.955,5.758
2018-04-11,5.856,6.033,6.053,5.837
2018-04-12,6.033,6.043,6.053,5.955
2018-04-13,6.043,6.023,6.141,6.014
2018-04-16,5.994,6.053,6.082,5.876
2018-04-17,6.023,5.66,6.23,5.64
2018-04-18,5.621,5.581,5.63,5.424
2018-04-19,5.571,5.562,5.65,5.532
2018-04-20,5.571,5.453,5.611,5.444
2018-04-23,5.483,5.424,5.483,5.395
2018-04-24,5.434,5.552,5.591,5.404
2018-04-25,5.522,5.542,5.562,5.503
2018-04-26,5.552,5.424,5.552,5.424
2018-04-27,5.483,5.463,5.493,5.424
2018-05-02,5.463,5.414,5.483,5.375
2018-05-03,5.414,5.453,5.473,5.355
2018-05-04,5.424,5.404,5.473,5.404
2018-05-07,5.404,5.512,5.552,5.404
2018-05-08,5.503,5.542,5.562,5.473
2018-05-09,5.542,5.64,5.679,5.503
2018-05-10,5.611,5.64,5.709,5.591
2018-05-11,5.64,5.562,5.66,5.542
2018-05-14,5.542,5.522,5.601,5.503
2018-05-15,5.522,5.64,5.64,5.503
2018-05-16,5.591,5.591,5.64,5.562
2018-05-17,5.542,5.611,5.65,5.542
2018-05-18,5.64,5.66,5.679,5.581
2018-05-21,5.72,5.73,5.75,5.66
2018-05-22,5.72,5.72,5.74,5.67
2018-05-23,5.73,5.69,5.78,5.68
2018-05-24,5.66,5.67,5.75,5.66
2018-05-25,5.65,5.58,5.66,5.56
