date,open,close,high,low
2016-01-04,11.53,10.419,11.558,10.419
2016-01-05,10.094,10.233,10.558,9.78
2016-01-06,10.419,10.465,10.502,10.187
2016-01-07,10.243,9.418,10.252,9.418
2016-01-08,9.696,9.465,9.817,9.076
2016-01-11,9.27,8.52,9.335,8.52
2016-01-12,8.566,8.742,8.779,8.363
2016-01-13,8.835,8.566,8.918,8.566
2016-01-14,8.252,8.881,8.946,8.196
2016-01-15,8.826,8.455,8.844,8.372
2016-01-18,8.233,8.613,8.705,8.177
2016-01-19,8.566,8.891,8.928,8.52
2016-01-20,8.807,8.789,8.955,8.668
2016-01-21,8.622,8.381,8.872,8.363
2016-01-22,8.529,8.557,8.631,8.289
2016-01-25,8.622,8.65,8.752,8.502
2016-01-26,8.529,8.001,8.594,7.983
2016-01-27,8.057,8.057,8.14,7.668
2016-01-28,7.946,7.714,8.103,7.696
2016-01-29,7.668,7.983,8.094,7.668
2016-02-01,8.001,8.066,8.159,7.9
2016-02-02,8.039,8.326,8.363,8.039
2016-02-03,8.214,8.298,8.363,8.066
2016-02-04,8.298,8.502,8.557,8.298
2016-02-05,8.502,8.455,8.576,8.437
2016-02-15,8.168,8.779,8.798,8.15
2016-02-16,8.715,8.965,9.02,8.696
2016-02-17,8.853,8.918,8.946,8.715
2016-02-18,8.937,8.826,8.974,8.77
2016-02-19,8.779,8.779,8.835,8.705
2016-02-22,8.872,8.965,9.002,8.816
2016-02-23,8.955,8.816,8.965,8.705
2016-02-24,8.807,8.918,8.946,8.576
2016-02-25,8.863,8.066,8.881,8.029
2016-02-26,8.224,8.15,8.307,8.057
2016-02-29,8.205,7.835,8.214,7.714
2016-03-01,7.9,8.029,8.113,7.751
2016-03-02,8.066,8.539,8.566,8.048
2016-03-03,8.529,8.446,8.659,8.427
2016-03-04,8.418,8.252,8.511,8.057
2016-03-07,8.307,8.418,8.539,8.298
2016-03-08,8.427,8.64,8.659,8.085
2016-03-09,8.455,8.353,8.502,8.242
2016-03-10,8.372,8.252,8.492,8.242
2016-03-11,8.187,8.261,8.316,8.15
2016-03-14,8.39,8.539,8.631,8.372
2016-03-15,8.52,8.474,8.557,8.372
2016-03-16,8.52,8.4,8.585,8.372
2016-03-17,8.437,8.613,8.678,8.427
2016-03-18,8.622,8.853,8.918,8.613
2016-03-21,8.955,8.992,9.02,8.853
2016-03-22,8.937,9.039,9.15,8.9
2016-03-23,8.992,9.076,9.085,8.918
2016-03-24,9.011,9.085,9.344,8.955
2016-03-25,9.085,9.354,9.354,9.076
2016-03-28,9.344,9.113,9.548,9.076
2016-03-29,9.067,8.946,9.131,8.835
2016-03-30,8.715,9.085,9.094,8.715
2016-03-31,8.983,8.9,9.039,8.872
2016-04-01,8.826,8.844,8.891,8.678
2016-04-05,8.844,9.029,9.048,8.779
2016-04-06,8.983,8.992,9.039,8.891
2016-04-07,9.048,8.853,9.048,8.844
2016-04-08,8.798,8.761,8.826,8.64
2016-04-11,8.789,8.909,8.955,8.789
2016-04-12,8.9,8.798,8.928,8.724
2016-04-13,8.844,8.946,9.029,8.844
2016-04-14,9.011,9.02,9.039,8.918
2016-04-15,9.011,9.067,9.104,9.002
2016-04-18,9.011,8.844,9.029,8.798
2016-04-19,8.891,8.844,8.909,8.77
2016-04-20,8.863,8.511,8.965,8.4
2016-04-21,8.502,8.474,8.65,8.437
2016-04-22,8.409,8.502,8.529,8.39
2016-04-25,8.437,8.465,8.483,8.242
2016-04-26,8.474,8.622,8.631,8.344
2016-04-27,8.585,8.603,8.77,8.566
2016-04-28,8.576,8.511,8.64,8.4
2016-04-29,8.427,8.409,8.511,8.363
2016-05-03,8.381,8.603,8.64,8.381
2016-05-04,8.548,8.566,8.594,8.446
2016-05-05,8.52,8.622,8.631,8.502
2016-05-06,8.64,8.761,9.067,8.594
2016-05-09,8.752,8.742,8.965,8.103
2016-05-10,8.594,9.057,9.215,8.446
2016-05-11,9.02,8.566,9.076,8.566
2016-05-12,8.252,7.964,8.252,7.724
2016-05-13,7.946,8.011,8.159,7.89
2016-05-16,8.011,8.076,8.094,7.826
2016-05-17,8.076,8.159,8.233,7.964
2016-05-18,8.14,7.799,8.14,7.714
2016-05-19,7.799,7.751,7.913,7.732
2016-05-20,7.704,7.827,7.827,7.657
2016-05-23,7.827,7.894,7.913,7.827
2016-05-24,7.875,7.799,7.875,7.742
2016-05-25,7.837,7.808,7.903,7.77
2016-05-26,7.723,7.789,7.818,7.638
2016-05-27,7.77,7.903,7.95,7.714
2016-05-30,7.846,7.789,7.884,7.77
2016-05-31,7.789,8.112,8.197,7.789
2016-06-01,8.102,8.055,8.14,8.026
2016-06-02,8.055,8.102,8.149,8.017
2016-06-03,8.121,8.112,8.149,8.045
2016-06-06,8.112,8.093,8.168,8.055
2016-06-07,8.112,8.102,8.13,8.026
2016-06-08,8.102,8.093,8.121,8.007
2016-06-13,8.007,8.206,8.528,7.95
2016-06-14,8.14,9.031,9.031,8.112
2016-06-15,9.324,9.457,9.647,9.031
2016-06-16,9.476,9.069,9.476,9.012
2016-06-17,9.04,8.993,9.154,8.936
2016-06-20,8.936,9.002,9.078,8.775
2016-06-21,9.021,8.69,9.088,8.623
2016-06-22,8.756,8.983,9.088,8.718
2016-06-23,8.945,9.012,9.125,8.69
2016-06-24,9.031,9.912,9.912,8.898
2016-06-27,9.656,9.912,10.149,9.523
2016-06-28,9.903,10.168,10.253,9.722
2016-06-29,10.168,9.855,10.168,9.732
2016-06-30,9.846,10.841,10.841,9.552
2016-07-01,10.746,10.462,10.841,10.291
2016-07-04,10.424,10.452,10.623,10.083
2016-07-05,10.424,10.253,10.651,10.12
2016-07-06,10.206,10.092,10.234,9.912
2016-07-07,10.073,10.253,10.291,9.855
2016-07-08,10.139,9.969,10.215,9.959
2016-07-11,10.083,10.158,10.31,9.884
2016-07-12,10.045,9.997,10.158,9.476
2016-07-13,9.959,10.007,10.083,9.912
2016-07-14,10.045,10.083,10.253,9.959
2016-07-15,10.073,9.959,10.13,9.912
2016-07-18,9.988,9.912,9.988,9.77
2016-07-19,9.874,10.016,10.064,9.77
2016-07-20,9.969,9.912,10.083,9.912
2016-07-21,9.903,9.798,9.959,9.789
2016-07-22,9.789,9.571,9.846,9.523
2016-07-25,9.533,9.419,9.628,9.381
2016-07-26,9.419,9.609,9.628,9.41
2016-07-27,9.599,9.125,9.628,8.87
2016-07-28,9.125,9.192,9.258,8.926
2016-07-29,9.182,9.182,9.287,9.021
2016-08-01,9.144,9.021,9.144,8.983
2016-08-02,9.031,9.163,9.173,9.021
2016-08-03,9.097,9.163,9.182,9.069
2016-08-04,9.144,9.201,9.249,9.097
2016-08-05,9.23,9.135,9.23,9.116
2016-08-08,9.097,9.277,9.315,9.012
2016-08-09,9.287,9.353,9.353,9.23
2016-08-10,9.353,9.287,9.391,9.268
2016-08-11,9.268,9.107,9.315,9.107
2016-08-12,9.107,9.201,9.22,9.05
2016-08-15,9.268,9.457,9.505,9.201
2016-08-16,9.467,9.514,9.552,9.419
2016-08-17,9.514,9.476,9.58,9.4
2016-08-18,9.429,9.429,9.514,9.41
2016-08-19,9.391,9.268,9.429,9.249
2016-08-22,9.268,9.23,9.362,9.23
2016-08-23,9.22,9.182,9.258,9.116
2016-08-24,9.192,9.296,9.372,9.192
2016-08-25,9.239,9.23,9.277,9.04
2016-08-26,9.23,9.306,9.4,9.201
2016-08-29,9.306,9.391,9.391,9.211
2016-08-30,9.372,9.362,9.438,9.334
2016-08-31,9.372,9.4,9.438,9.324
2016-09-01,9.4,9.561,9.76,9.353
2016-09-02,9.571,9.666,9.798,9.523
2016-09-05,9.722,9.599,9.76,9.571
2016-09-06,9.533,9.704,9.713,9.4
2016-09-07,9.694,9.618,9.817,9.599
2016-09-08,9.628,9.903,9.959,9.552
2016-09-09,9.903,9.798,10.016,9.77
2016-09-12,9.561,9.505,9.656,9.391
2016-09-13,9.533,9.959,10.007,9.381
2016-09-14,9.827,9.855,10.13,9.647
2016-09-20,10.045,10.083,10.405,9.903
2016-09-21,10.102,10.045,10.253,9.912
2016-09-22,10.045,10.225,10.481,10.016
2016-09-23,10.149,10.073,10.329,10.064
2016-09-26,9.997,9.656,9.997,9.637
2016-09-27,9.59,9.713,9.76,9.448
2016-09-28,9.656,9.76,9.789,9.552
2016-09-29,9.76,9.76,9.855,9.675
2016-09-30,9.76,9.77,9.836,9.647
2016-10-10,9.77,9.884,9.921,9.704
2016-10-11,9.846,10.111,10.49,9.836
2016-10-12,10.083,10.158,10.263,10.007
2016-10-13,10.168,10.215,10.424,10.092
2016-10-14,10.187,10.092,10.225,9.997
2016-10-17,10.12,9.836,10.234,9.836
2016-10-18,9.836,10.158,10.168,9.808
2016-10-19,10.13,10.12,10.282,9.988
2016-10-20,10.102,10.12,10.329,10.045
2016-10-21,10.045,10.149,10.31,9.959
2016-10-24,10.092,10.376,10.395,10.083
2016-10-25,10.291,10.481,10.661,10.263
2016-10-26,10.424,10.244,10.424,10.196
2016-10-27,10.196,10.348,10.405,10.196
2016-10-28,10.395,10.253,10.452,10.234
2016-10-31,10.092,10.282,10.376,10.092
2016-11-01,10.253,10.424,10.566,10.215
2016-11-02,10.357,10.49,10.585,10.329
2016-11-03,10.443,10.329,10.765,10.291
2016-11-04,10.282,10.31,10.452,10.168
2016-11-07,10.272,10.31,10.329,10.196
2016-11-08,10.31,10.301,10.452,10.215
2016-11-09,10.319,10.253,10.329,9.959
2016-11-10,10.234,10.357,10.405,10.234
2016-11-11,10.357,10.329,10.443,10.253
2016-11-14,10.338,10.301,10.405,10.177
2016-11-15,10.282,10.234,10.282,10.177
2016-11-16,10.244,10.357,10.386,10.215
2016-11-17,10.357,10.357,10.395,10.225
2016-11-18,10.329,10.348,10.386,10.291
2016-11-21,10.31,10.433,10.452,10.31
2016-11-22,10.433,10.604,10.651,10.367
2016-11-23,10.575,10.528,10.585,10.386
2016-11-24,10.509,10.357,10.518,10.338
2016-11-25,10.329,10.272,10.376,10.083
2016-11-28,10.234,10.263,10.357,10.206
2016-11-29,10.234,10.045,10.263,10.035
2016-11-30,10.054,9.912,10.12,9.855
2016-12-01,9.912,9.988,10.026,9.903
2016-12-02,9.988,9.808,10.035,9.789
2016-12-05,9.779,9.808,9.893,9.722
2016-12-06,9.798,9.846,9.903,9.779
2016-12-07,9.827,9.94,9.969,9.817
2016-12-08,9.94,9.95,10.054,9.931
2016-12-09,9.903,9.931,10.016,9.855
2016-12-12,9.95,9.486,9.997,9.448
2016-12-13,9.495,9.628,9.722,9.4
2016-12-14,9.552,9.637,9.704,9.552
2016-12-15,9.637,9.647,9.732,9.59
2016-12-16,9.628,9.704,9.732,9.628
2016-12-19,9.704,9.855,9.931,9.618
2016-12-20,9.836,10.016,10.111,9.798
2016-12-21,9.997,10.026,10.064,9.931
2016-12-22,10.026,9.988,10.064,9.931
2016-12-23,9.959,9.789,9.988,9.713
2016-12-26,9.76,9.997,10.026,9.59
2016-12-27,10.045,10.054,10.083,9.95
2016-12-28,9.997,10.064,10.139,9.969
2016-12-29,10.045,10.13,10.215,10.026
2016-12-30,10.13,10.187,10.196,10.016
2017-01-03,10.244,10.168,10.367,10.139
2017-01-04,10.206,10.206,10.319,10.168
2017-01-05,10.187,10.196,10.31,10.092
2017-01-06,10.187,10.367,10.414,10.12
2017-01-09,10.357,10.376,10.405,10.263
2017-01-10,10.376,10.291,10.481,10.263
2017-01-11,10.263,10.12,10.282,10.064
2017-01-12,10.111,10.168,10.206,10.083
2017-01-13,10.158,9.95,10.158,9.893
2017-01-16,9.931,9.647,9.931,9.4
2017-01-17,9.533,9.77,9.789,9.533
2017-01-18,9.76,9.675,9.798,9.637
2017-01-19,9.694,9.704,9.76,9.656
2017-01-20,9.685,9.751,9.77,9.628
2017-01-23,9.76,9.836,9.865,9.685
2017-01-24,9.95,10.13,10.405,9.95
2017-01-25,10.092,10.253,10.31,9.931
2017-01-26,10.206,10.282,10.282,10.139
2017-02-03,10.253,10.206,10.338,10.149
2017-02-06,10.206,10.462,10.509,10.206
2017-02-07,10.424,10.395,10.537,10.357
2017-02-08,10.376,10.499,10.518,10.319
2017-02-09,10.443,10.926,11.258,10.433
2017-02-10,10.85,10.774,10.983,10.708
2017-02-13,10.774,10.765,11.059,10.746
2017-02-14,10.841,10.992,11.125,10.765
2017-02-15,10.879,10.632,10.945,10.613
2017-02-16,10.661,10.727,10.85,10.556
2017-02-17,10.68,10.575,10.831,10.528
2017-02-20,10.585,10.879,10.888,10.585
2017-02-21,10.897,10.822,10.926,10.755
2017-02-22,10.831,10.945,11.03,10.746
2017-02-23,10.945,10.907,11.059,10.841
2017-02-24,10.86,10.954,11.04,10.812
2017-02-27,10.954,10.528,10.964,10.528
2017-02-28,10.537,10.594,10.632,10.424
2017-03-01,10.575,10.604,10.698,10.537
2017-03-02,10.604,10.632,10.727,10.499
2017-03-03,10.575,10.642,10.661,10.537
2017-03-06,10.594,10.841,10.841,10.594
2017-03-07,10.831,10.916,11.011,10.708
2017-03-08,10.897,10.831,11.04,10.812
2017-03-09,10.812,10.926,10.945,10.632
2017-03-10,10.869,10.888,10.945,10.812
2017-03-13,10.86,10.926,10.973,10.689
2017-03-14,10.945,10.765,10.945,10.708
2017-03-15,10.746,10.698,10.831,10.651
2017-03-16,10.708,10.803,10.888,10.708
2017-03-17,10.803,10.765,11.04,10.746
2017-03-20,10.708,10.585,10.736,10.537
2017-03-21,10.613,10.585,10.651,10.509
2017-03-22,10.509,10.556,10.585,10.481
2017-03-23,10.556,10.585,10.642,10.433
2017-03-24,10.594,10.623,10.68,10.499
2017-03-27,10.717,10.642,10.774,10.575
2017-03-28,10.613,10.869,10.907,10.585
2017-03-29,10.897,10.879,11.03,10.793
2017-03-30,10.822,11.115,11.115,10.708
2017-03-31,11.068,10.964,11.239,10.831
2017-04-05,10.907,11.229,11.277,10.841
2017-04-06,11.182,10.973,11.22,10.964
2017-04-07,11.03,11.021,11.106,10.916
2017-04-10,10.983,10.594,10.983,10.575
2017-04-11,10.632,10.556,10.661,10.329
2017-04-12,10.547,10.433,10.623,10.424
2017-04-13,10.424,10.481,10.528,10.405
2017-04-14,10.452,10.405,10.518,10.253
2017-04-17,10.367,10.433,10.471,10.244
2017-04-18,10.462,10.357,10.528,10.338
2017-04-19,10.367,10.168,10.367,10.102
2017-04-20,10.168,10.338,10.414,10.168
2017-04-21,10.338,10.329,10.499,10.301
2017-04-24,10.282,10.329,10.329,10.12
2017-04-25,10.329,10.443,10.509,10.234
2017-04-26,10.433,10.338,10.499,10.215
2017-04-27,10.272,10.139,10.31,9.741
2017-04-28,10.092,10.12,10.177,10.083
2017-05-02,10.149,10.282,10.414,10.092
2017-05-03,10.253,10.376,10.395,10.253
2017-05-04,10.395,10.329,10.556,10.329
2017-05-05,10.338,10.367,10.499,10.263
2017-05-08,10.376,10.139,10.594,10.139
2017-05-09,10.139,10.263,10.376,10.092
2017-05-10,10.292,10.175,10.574,10.175
2017-05-11,9.999,10.146,10.233,9.805
2017-05-12,10.126,10.194,10.233,9.96
2017-05-15,10.165,10.136,10.331,10.136
2017-05-16,10.116,10.419,10.467,9.999
2017-05-17,10.419,10.37,10.458,10.311
2017-05-18,10.331,10.311,10.438,10.263
2017-05-19,10.263,10.077,10.331,10.009
2017-05-22,10.048,9.97,10.233,9.892
2017-05-23,9.951,9.688,9.99,9.649
2017-05-24,9.678,9.629,9.727,9.307
2017-05-25,9.6,9.697,9.746,9.502
2017-05-26,9.707,9.688,9.756,9.58
2017-05-31,9.727,9.727,9.805,9.649
2017-06-01,9.688,9.639,9.736,9.385
2017-06-02,9.59,9.658,9.707,9.415
2017-06-05,9.697,9.688,9.717,9.629
2017-06-06,9.688,9.668,9.697,9.561
2017-06-07,9.658,9.805,9.863,9.629
2017-06-08,9.824,9.736,9.844,9.727
2017-06-09,9.746,9.746,9.785,9.697
2017-06-12,9.766,9.59,9.766,9.571
2017-06-13,9.561,9.639,9.697,9.532
2017-06-14,9.678,9.629,9.688,9.629
2017-06-15,9.532,9.629,9.639,9.395
2017-06-16,9.58,9.58,9.639,9.512
2017-06-19,9.59,9.619,9.658,9.522
2017-06-20,9.61,9.717,9.824,9.59
2017-06-21,9.707,9.775,9.805,9.639
2017-06-22,9.736,9.58,9.785,9.58
2017-06-23,9.561,9.561,9.6,9.415
2017-06-26,9.541,9.59,9.61,9.424
2017-06-27,9.571,9.649,9.707,9.571
2017-06-28,9.619,9.551,9.649,9.502
2017-06-29,9.551,9.551,9.619,9.522
2017-06-30,9.571,9.629,9.697,9.551
2017-07-03,9.629,9.824,9.98,9.6
2017-07-04,9.834,9.775,9.863,9.736
2017-07-05,9.805,9.931,9.99,9.785
2017-07-06,9.902,9.824,9.96,9.775
2017-07-07,9.814,10.019,10.068,9.805
2017-07-10,9.99,10.077,10.224,9.921
2017-07-11,10.058,9.941,10.136,9.941
2017-07-12,9.941,9.96,9.99,9.834
2017-07-13,9.931,10.107,10.194,9.902
2017-07-14,10.097,10.097,10.224,10.019
2017-07-17,10.107,9.6,10.107,9.561
2017-07-18,9.561,9.629,9.668,9.532
2017-07-19,9.61,9.766,9.785,9.502
2017-07-20,9.727,9.678,9.756,9.668
2017-07-21,9.688,9.629,9.727,9.619
2017-07-24,9.619,9.668,9.727,9.571
2017-07-25,9.629,9.619,9.649,9.483
2017-07-26,9.58,9.483,9.629,9.454
2017-07-27,9.473,9.58,9.629,9.473
2017-07-28,9.571,9.522,9.61,9.522
2017-07-31,9.532,9.678,9.697,9.463
2017-08-01,9.658,9.58,9.678,9.522
2017-08-02,9.571,9.522,9.6,9.463
2017-08-03,9.512,9.532,9.571,9.483
2017-08-04,9.532,9.522,9.59,9.493
2017-08-07,9.512,9.6,9.619,9.463
2017-08-08,9.58,9.619,9.668,9.571
2017-08-09,9.649,9.736,9.795,9.61
2017-08-10,9.736,9.649,9.814,9.6
2017-08-11,9.619,9.59,9.619,9.473
2017-08-14,9.502,9.551,9.561,9.424
2017-08-15,9.483,9.522,9.522,9.463
2017-08-16,9.483,9.58,9.59,9.473
2017-08-17,9.561,9.619,9.658,9.532
2017-08-18,9.58,9.629,9.629,9.532
2017-08-21,9.629,9.619,9.688,9.619
2017-08-22,9.629,9.678,9.766,9.61
2017-08-23,9.658,9.668,9.697,9.59
2017-08-24,9.649,9.629,9.678,9.551
2017-08-25,9.629,9.756,9.775,9.6
2017-08-28,9.736,9.785,9.805,9.707
2017-08-29,9.775,9.697,9.785,9.668
2017-08-30,9.697,9.629,9.717,9.61
2017-08-31,9.619,9.639,9.668,9.541
2017-09-01,9.629,9.746,9.775,9.61
2017-09-04,9.746,9.775,9.912,9.746
2017-09-05,9.824,9.873,9.892,9.717
2017-09-06,9.834,9.863,9.902,9.785
2017-09-07,9.853,9.775,9.873,9.746
2017-09-08,9.785,10.009,10.048,9.766
2017-09-11,10.048,10.116,10.263,9.97
2017-09-12,10.087,9.97,10.165,9.931
2017-09-13,9.98,10.019,10.087,9.941
2017-09-14,10.029,9.99,10.038,9.902
2017-09-15,9.96,9.99,10.058,9.941
2017-09-18,9.99,9.99,9.999,9.902
2017-09-19,9.96,10.097,10.136,9.96
2017-09-20,10.077,10.214,10.214,10.029
2017-09-21,10.233,10.019,10.233,10.009
2017-09-22,9.999,9.99,10.009,9.853
2017-09-25,9.98,9.834,10.009,9.824
2017-09-26,9.805,9.902,9.902,9.766
2017-09-27,9.892,9.941,9.99,9.853
2017-09-28,9.951,9.921,9.99,9.863
2017-09-29,9.912,10.038,10.116,9.892
2017-10-09,10.175,10.126,10.233,10.029
2017-10-10,10.097,10.204,10.204,10.077
2017-10-11,10.194,10.272,10.282,10.126
2017-10-12,10.243,10.35,10.37,10.204
2017-10-13,10.37,10.321,10.389,10.282
2017-10-16,10.311,10.263,10.321,9.999
2017-10-17,10.214,10.272,10.341,10.204
2017-10-18,10.292,10.399,10.76,10.253
2017-10-19,10.438,10.467,10.506,10.185
2017-10-20,10.477,10.535,10.584,10.399
2017-10-23,10.526,10.613,10.613,10.409
2017-10-24,10.584,10.604,10.721,10.448
2017-10-25,10.643,10.448,10.643,10.302
2017-10-26,10.458,10.36,10.458,10.311
2017-10-27,10.35,10.409,10.467,10.302
2017-10-30,10.409,10.35,10.419,10.146
2017-10-31,10.282,10.477,10.496,10.243
2017-11-01,10.477,10.487,10.604,10.37
2017-11-02,10.506,10.409,10.526,10.36
2017-11-03,10.389,10.253,10.419,10.019
2017-11-06,10.204,10.224,10.243,10.048
2017-11-07,10.204,10.224,10.233,10.097
2017-11-08,10.214,10.224,10.263,10.136
2017-11-09,10.194,10.224,10.233,10.155
2017-11-10,10.214,10.214,10.224,10.097
2017-11-13,10.194,10.155,10.233,10.107
2017-11-14,10.126,10.107,10.175,9.99
2017-11-15,10.126,9.834,10.126,9.834
2017-11-16,9.824,9.805,9.873,9.775
2017-11-17,9.814,9.405,9.834,9.405
2017-11-20,9.454,9.259,9.454,9.093
2017-11-21,9.239,9.298,9.317,9.152
2017-11-22,9.298,9.2,9.337,9.122
2017-11-23,9.181,8.918,9.181,8.82
2017-11-24,8.888,8.83,8.937,8.81
2017-11-27,8.81,8.801,8.908,8.693
2017-11-28,8.81,8.888,8.888,8.771
2017-11-29,8.898,8.879,8.918,8.801
2017-11-30,8.859,8.859,8.888,8.82
2017-12-01,8.859,8.898,8.937,8.762
2017-12-04,8.888,8.81,8.937,8.81
2017-12-05,8.791,8.84,8.888,8.654
2017-12-06,8.801,8.869,8.879,8.723
2017-12-07,8.849,8.732,8.849,8.723
2017-12-08,8.703,8.781,8.83,8.693
2017-12-11,8.83,8.83,8.83,8.771
2017-12-12,8.84,8.723,8.859,8.684
2017-12-13,8.684,8.791,8.791,8.674
2017-12-14,8.791,8.742,8.791,8.684
2017-12-15,8.703,8.703,8.732,8.674
2017-12-18,8.674,8.674,8.713,8.654
2017-12-19,8.674,8.742,8.752,8.674
2017-12-20,8.742,8.674,8.771,8.664
2017-12-21,8.674,8.723,8.81,8.645
2017-12-22,8.723,8.752,8.781,8.703
2017-12-25,8.752,8.645,8.791,8.625
2017-12-26,8.674,8.567,8.674,8.382
2017-12-27,8.557,8.781,8.84,8.557
2017-12-28,8.83,8.908,9.181,8.82
2017-12-29,8.879,8.898,8.986,8.859
2018-01-02,8.908,9.015,9.015,8.898
2018-01-03,9.015,8.986,9.035,8.927
2018-01-04,9.005,8.918,9.005,8.908
2018-01-05,8.937,9.005,9.132,8.888
2018-01-08,9.005,9.122,9.161,8.996
2018-01-09,9.113,9.113,9.142,9.035
2018-01-10,9.113,8.996,9.132,8.947
2018-01-11,8.996,9.103,9.142,8.947
2018-01-12,9.113,9.191,9.239,9.093
2018-01-15,9.21,9.035,9.22,8.966
2018-01-16,8.996,9.044,9.074,8.888
2018-01-17,9.015,9.113,9.132,8.918
2018-01-18,9.113,9.191,9.2,9.093
2018-01-19,9.2,9.268,9.278,9.142
2018-01-22,9.23,9.288,9.298,9.181
2018-01-23,9.288,9.259,9.307,9.23
2018-01-24,9.278,9.191,9.278,9.161
2018-01-25,9.21,9.259,9.278,9.171
2018-01-26,9.307,9.346,9.366,9.21
2018-01-29,9.346,9.278,9.346,9.2
2018-01-30,9.2,9.21,9.307,9.191
2018-01-31,9.21,9.249,9.307,9.171
2018-02-01,9.249,9.454,9.522,9.191
2018-02-02,9.385,9.142,9.532,8.508
2018-02-05,9.074,9.454,9.463,8.927
2018-02-06,9.454,9.161,9.541,9.113
2018-02-07,9.23,8.966,9.532,8.635
2018-02-08,8.81,8.947,9.074,8.723
2018-02-09,8.771,8.762,8.82,8.255
2018-02-12,8.606,8.869,9.044,8.596
2018-02-13,8.849,8.859,8.996,8.781
2018-02-14,8.859,8.742,8.908,8.732
2018-02-22,8.771,8.976,9.113,8.771
2018-02-23,9.015,8.986,9.113,8.918
2018-02-26,8.84,8.869,8.947,8.771
2018-02-27,8.879,8.771,8.898,8.752
2018-02-28,8.762,8.791,8.859,8.684
2018-03-01,8.771,8.801,8.898,8.762
2018-03-02,8.781,8.547,8.801,8.469
2018-03-05,8.528,8.547,8.596,8.499
2018-03-06,8.557,8.771,8.82,8.538
2018-03-07,8.693,8.742,8.869,8.693
2018-03-08,8.723,8.849,8.879,8.723
2018-03-09,8.869,8.801,8.927,8.723
2018-03-12,8.84,8.957,8.966,8.801
2018-03-13,8.869,9.035,9.093,8.869
2018-03-14,9.064,9.025,9.113,8.976
2018-03-15,8.654,8.577,8.674,8.362
2018-03-16,8.547,8.547,8.606,8.489
2018-03-19,8.557,8.586,8.596,8.44
2018-03-20,8.508,8.567,8.586,8.43
2018-03-21,8.528,8.538,8.674,8.518
2018-03-22,8.538,8.538,8.625,8.489
2018-03-23,8.43,8.177,8.43,7.894
2018-03-26,8.021,8.118,8.196,7.953
2018-03-27,8.128,8.148,8.265,7.992
2018-03-28,8.099,8.05,8.128,7.982
2018-03-29,8.002,8.089,8.109,8.002
2018-03-30,8.118,8.128,8.148,8.07
2018-04-02,8.138,8.235,8.294,8.089
2018-04-03,8.255,8.099,8.333,8.099
2018-04-04,8.079,8.206,8.44,7.992
2018-04-09,8.109,8.206,8.216,8.021
2018-04-10,8.177,8.157,8.216,8.089
2018-04-11,8.167,8.265,8.323,8.128
2018-04-12,8.226,8.216,8.372,8.109
2018-04-13,8.187,8.177,8.226,8.099
2018-04-16,8.06,8.089,8.138,7.963
2018-04-17,8.05,7.982,8.079,7.963
2018-04-18,7.953,8.031,8.07,7.933
2018-04-19,8.05,8.079,8.167,8.031
2018-04-20,8.109,7.992,8.109,7.914
2018-04-23,7.933,7.953,8.089,7.914
2018-04-24,7.953,8.05,8.089,7.953
2018-04-25,8.04,8.021,8.05,8.011
2018-04-26,8.031,7.836,8.031,7.826
2018-04-27,7.836,7.66,7.875,7.641
2018-05-02,7.66,7.621,7.68,7.475
2018-05-03,7.563,7.582,7.631,7.465
2018-05-04,7.524,7.563,7.592,7.514
2018-05-07,7.573,7.69,7.768,7.563
2018-05-08,7.67,7.68,7.699,7.621
2018-05-09,7.68,7.67,7.699,7.631
2018-05-10,7.74,7.64,7.74,7.58
2018-05-11,7.68,7.73,7.81,7.68
2018-05-14,7.7,7.76,7.76,7.7
2018-05-15,7.77,7.76,7.81,7.7
2018-05-16,7.77,7.66,7.78,7.62
2018-05-17,7.65,7.62,7.68,7.6
2018-05-18,7.61,7.67,7.69,7.59
2018-05-21,7.72,7.76,7.8,7.67
2018-05-22,7.75,7.69,7.78,7.69
2018-05-23,7.71,7.7,7.75,7.68
2018-05-24,7.72,7.65,7.72,7.65
2018-05-25,7.67,7.69,7.7,7.58
