date,open,close,high,low
2016-01-04,11.313,10.469,11.323,10.263
2016-01-05,9.842,11.289,11.513,9.815
2016-01-06,11.33,11.64,11.712,11.037
2016-01-07,11.365,10.476,11.365,10.476
2016-01-08,10.848,10.066,11.12,9.429
2016-01-11,10.021,9.061,10.021,9.061
2016-01-12,9.061,8.572,9.061,8.441
2016-01-13,8.644,8.227,8.84,8.155
2016-01-14,7.886,8.444,8.706,7.714
2016-01-15,8.272,8.127,8.768,8.028
2016-01-18,7.962,8.826,8.94,7.962
2016-01-19,8.761,9.412,9.663,8.702
2016-01-20,9.247,9.305,9.808,9.092
2016-01-21,9.209,8.885,9.639,8.885
2016-01-22,9.037,8.985,9.216,8.458
2016-01-25,9.161,9.333,9.395,9.071
2016-01-26,9.092,8.399,9.333,8.399
2016-01-27,8.606,8.041,8.606,7.559
2016-01-28,7.835,7.886,8.327,7.755
2016-01-29,7.879,8.451,8.675,7.673
2016-02-01,8.269,8.475,8.723,8.265
2016-02-02,8.468,9.023,9.074,8.403
2016-02-03,8.847,9.288,9.467,8.844
2016-02-04,9.178,9.371,9.47,9.178
2016-02-05,9.45,9.099,9.45,9.088
2016-02-15,8.448,8.957,9.119,8.448
2016-02-16,9.126,9.298,9.35,9.019
2016-02-17,9.247,9.34,9.457,9.057
2016-02-18,9.367,10.273,10.273,9.367
2016-02-19,10.328,10.252,10.435,9.994
2016-02-22,10.263,10.328,10.49,10.194
2016-02-23,11.361,11.361,11.361,11.289
2016-02-24,11.051,10.672,11.192,10.225
2016-02-25,10.676,9.605,10.676,9.605
2016-02-26,9.794,9.095,9.798,8.988
2016-02-29,9.016,8.224,9.081,8.186
2016-03-01,8.255,8.747,8.913,7.983
2016-03-02,8.658,9.284,9.419,8.613
2016-03-03,9.315,9.023,9.315,9.016
2016-03-04,8.957,8.472,9.253,8.306
2016-03-07,8.644,8.854,9.05,8.575
2016-03-08,8.816,9.085,9.147,8.269
2016-03-09,8.799,9.123,9.298,8.744
2016-03-10,9.14,9.016,9.419,8.964
2016-03-11,8.851,8.947,8.995,8.747
2016-03-14,9.223,9.481,9.839,9.126
2016-03-15,9.543,9.577,9.918,9.35
2016-03-16,9.67,9.605,9.746,9.271
2016-03-17,9.636,10.566,10.566,9.56
2016-03-18,10.986,11.509,11.623,10.652
2016-03-21,11.781,12.349,12.46,11.454
2016-03-22,12.095,13.104,13.569,12.022
2016-03-23,13.086,14.416,14.416,12.914
2016-03-24,14.377,15.33,15.844,13.6
2016-03-25,14.669,13.843,15.028,13.795
2016-03-28,13.416,13.979,14.552,13.221
2016-03-29,13.697,15.232,15.378,13.367
2016-03-30,15.009,15.3,15.708,14.766
2016-03-31,15.009,14.844,15.339,14.397
2016-04-01,14.523,13.775,14.669,13.484
2016-04-05,13.824,14.076,14.183,13.697
2016-04-06,14.057,14.057,14.358,13.804
2016-04-07,13.979,13.532,14.076,13.523
2016-04-08,13.396,13.115,13.396,12.872
2016-04-11,13.319,13.251,13.455,13.144
2016-04-12,13.328,13.056,13.387,12.881
2016-04-13,13.192,13.144,13.406,13.105
2016-04-14,13.173,13.319,13.319,13.017
2016-04-15,13.289,13.328,13.474,13.212
2016-04-18,13.26,12.949,13.28,12.891
2016-04-19,13.115,13.105,13.163,12.823
2016-04-20,13.202,11.793,13.251,11.793
2016-04-21,11.755,11.113,11.784,11.016
2016-04-22,11.007,11.463,11.463,10.88
2016-04-25,11.288,11.211,11.434,10.9
2016-04-26,11.288,11.415,11.424,11.162
2016-04-27,11.56,11.249,11.648,11.211
2016-04-28,11.298,11.356,11.376,10.939
2016-04-29,11.201,10.977,11.249,10.929
2016-05-03,11.016,11.298,11.327,10.88
2016-05-04,11.249,11.288,11.463,11.162
2016-05-05,11.22,11.551,11.56,11.133
2016-05-06,11.541,10.9,11.628,10.88
2016-05-09,10.764,10.181,10.764,10.123
2016-05-10,10.171,10.22,10.375,10.132
2016-05-11,10.297,9.967,10.365,9.928
2016-05-12,9.938,9.899,9.938,9.423
2016-05-13,9.889,9.744,10.035,9.666
2016-05-16,9.715,9.957,9.957,9.647
2016-05-17,9.957,9.88,10.025,9.734
2016-05-18,9.744,9.307,9.831,9.151
2016-05-19,9.307,9.443,9.627,9.268
2016-05-20,9.307,9.977,10.084,9.229
2016-05-23,9.987,9.967,10.055,9.88
2016-05-24,9.928,9.734,9.928,9.617
2016-05-25,9.821,9.695,10.035,9.656
2016-05-26,9.676,9.705,9.753,9.248
2016-05-27,9.608,9.598,9.812,9.579
2016-05-30,9.452,9.511,9.695,9.394
2016-05-31,9.559,9.957,9.967,9.53
2016-06-01,10.025,10.657,10.958,9.967
2016-06-02,10.492,10.773,10.871,10.443
2016-06-03,10.773,10.55,10.773,10.492
2016-06-06,10.55,10.686,10.88,10.55
2016-06-07,10.657,11.483,11.716,10.56
2016-06-08,11.308,11.123,11.473,11.045
2016-06-13,10.871,10.939,11.657,10.715
2016-06-14,10.939,10.764,11.065,10.647
2016-06-15,10.667,11.366,11.657,10.55
2016-06-16,11.337,11.949,12.172,11.22
2016-06-17,11.9,11.92,12.522,11.735
2016-06-20,11.852,12.435,12.6,11.774
2016-06-21,12.532,12.046,12.726,11.959
2016-06-22,11.988,12.231,12.308,11.628
2016-06-23,12.201,12.056,12.473,12.046
2016-06-24,11.9,11.735,12.065,11.084
2016-06-27,11.589,11.803,11.92,11.492
2016-06-28,11.774,11.609,11.793,11.337
2016-06-29,11.657,12.036,12.172,11.444
2016-06-30,11.997,11.92,12.163,11.803
2016-07-01,11.852,11.628,11.997,11.609
2016-07-04,11.512,11.667,11.755,11.444
2016-07-05,11.725,11.677,11.735,11.56
2016-07-06,11.657,11.521,11.657,11.473
2016-07-07,11.483,11.366,11.56,11.317
2016-07-08,11.395,11.521,11.628,11.317
2016-07-11,11.444,11.376,11.599,11.356
2016-07-12,11.347,11.113,11.453,10.667
2016-07-13,11.123,11.22,11.249,11.113
2016-07-14,11.288,11.113,11.308,11.007
2016-07-15,11.22,11.045,11.24,11.045
2016-07-18,11.036,11.084,11.152,10.783
2016-07-19,11.016,11.259,11.298,10.997
2016-07-20,11.279,11.279,11.395,11.211
2016-07-21,11.23,11.23,11.347,11.181
2016-07-22,11.288,11.055,11.317,11.026
2016-07-25,11.055,10.977,11.152,10.958
2016-07-26,11.084,11.123,11.162,11.007
2016-07-27,11.152,10.365,11.201,10.123
2016-07-28,10.288,10.064,10.443,9.773
2016-07-29,10.074,10.074,10.2,10.025
2016-08-01,10.123,9.851,10.123,9.792
2016-08-02,9.88,9.909,10.006,9.851
2016-08-03,9.909,10.006,10.006,9.821
2016-08-04,10.045,10.035,10.045,9.928
2016-08-05,10.035,9.909,10.035,9.889
2016-08-08,9.86,10.016,10.035,9.86
2016-08-09,10.016,10.433,10.851,10.016
2016-08-10,10.433,10.395,10.521,10.278
2016-08-11,10.365,10.395,10.54,10.239
2016-08-12,10.297,10.404,10.482,10.297
2016-08-15,10.385,10.521,10.657,10.356
2016-08-16,10.463,10.492,10.637,10.433
2016-08-17,10.55,10.433,10.56,10.424
2016-08-18,10.395,10.346,10.501,10.327
2016-08-19,10.395,10.346,10.395,10.317
2016-08-22,10.346,10.161,10.385,10.152
2016-08-23,10.2,10.113,10.22,10.006
2016-08-24,10.123,10.336,10.501,10.093
2016-08-25,10.268,10.21,10.336,10.025
2016-08-26,10.103,10.21,10.297,10.103
2016-08-29,10.142,10.103,10.191,10.074
2016-08-30,10.055,10.093,10.181,10.055
2016-08-31,10.191,10.132,10.229,10.035
2016-09-01,10.22,10.22,10.492,10.22
2016-09-02,10.239,10.103,10.249,10.064
2016-09-05,10.171,10.093,10.191,10.074
2016-09-06,10.132,10.346,10.385,10.035
2016-09-07,10.365,10.22,10.365,10.2
2016-09-08,10.22,10.288,10.346,10.152
2016-09-09,10.278,10.375,10.589,10.21
2016-09-12,10.2,10.103,10.356,10.084
2016-09-13,10.152,10.161,10.22,10.084
2016-09-14,10.142,10.006,10.239,9.987
2016-09-19,10.035,10.035,10.123,9.987
2016-09-20,10.035,9.821,10.055,9.792
2016-09-21,9.88,9.851,9.88,9.792
2016-09-22,9.88,9.831,9.909,9.821
2016-09-23,9.86,9.812,9.86,9.792
2016-09-26,9.792,9.579,9.821,9.579
2016-09-27,9.511,9.598,9.617,9.452
2016-09-28,9.647,9.695,9.773,9.579
2016-09-29,9.753,9.637,9.753,9.627
2016-09-30,9.666,9.617,9.705,9.579
2016-10-10,9.715,9.802,9.802,9.647
2016-10-11,9.802,9.909,9.957,9.753
2016-10-12,9.86,10.006,10.045,9.86
2016-10-13,9.967,9.938,10.006,9.899
2016-10-14,9.928,9.86,9.977,9.792
2016-10-17,9.86,9.676,9.928,9.666
2016-10-18,9.685,9.812,9.821,9.676
2016-10-19,9.88,9.792,9.88,9.744
2016-10-20,9.792,9.86,9.87,9.715
2016-10-21,9.851,9.821,9.938,9.744
2016-10-24,9.773,9.86,9.909,9.753
2016-10-25,9.88,9.87,9.889,9.812
2016-10-26,9.87,9.792,9.889,9.773
2016-10-27,9.812,9.773,9.831,9.715
2016-10-28,9.773,9.666,9.773,9.666
2016-10-31,9.715,9.695,9.715,9.608
2016-11-01,9.656,9.715,9.753,9.608
2016-11-02,9.685,9.647,9.705,9.617
2016-11-03,9.627,9.666,9.724,9.608
2016-11-04,9.695,9.647,9.734,9.627
2016-11-07,9.647,9.647,9.685,9.617
2016-11-08,9.647,9.666,9.685,9.617
2016-11-09,9.666,9.53,9.676,9.501
2016-11-10,9.617,9.608,9.637,9.559
2016-11-11,9.617,9.647,9.647,9.569
2016-11-14,9.676,9.851,9.909,9.647
2016-11-15,9.831,9.87,9.87,9.744
2016-11-16,9.87,9.889,9.996,9.831
2016-11-17,9.899,9.889,9.899,9.802
2016-11-18,9.889,9.802,9.909,9.783
2016-11-21,9.783,9.783,9.821,9.734
2016-11-22,9.821,9.889,9.938,9.753
2016-11-23,9.889,9.899,9.957,9.812
2016-11-24,9.889,9.957,10.064,9.86
2016-11-25,10.055,9.948,10.055,9.821
2016-11-28,10.006,9.87,10.006,9.841
2016-11-29,9.821,9.695,9.87,9.695
2016-11-30,9.676,9.617,9.734,9.588
2016-12-01,9.656,9.637,9.676,9.52
2016-12-02,9.647,9.53,9.666,9.491
2016-12-05,9.491,9.481,9.559,9.423
2016-12-06,9.559,9.559,9.588,9.462
2016-12-07,9.598,9.569,9.608,9.53
2016-12-08,9.569,9.433,9.598,9.423
2016-12-09,9.481,9.345,9.481,9.336
2016-12-12,9.326,8.539,9.375,8.413
2016-12-13,8.432,8.597,8.627,8.432
2016-12-14,8.52,8.491,8.607,8.452
2016-12-15,8.452,8.529,8.588,8.423
2016-12-16,8.52,8.84,9.005,8.51
2016-12-19,8.899,8.763,8.928,8.743
2016-12-20,8.782,8.724,8.801,8.656
2016-12-21,8.753,8.714,8.801,8.685
2016-12-22,8.743,8.724,8.743,8.656
2016-12-23,8.772,8.753,8.801,8.704
2016-12-26,8.792,8.714,8.792,8.568
2016-12-27,8.733,8.763,8.792,8.665
2016-12-28,8.743,8.704,8.792,8.646
2016-12-29,8.617,8.743,8.743,8.617
2016-12-30,8.714,8.811,8.84,8.685
2017-01-03,8.811,8.724,8.811,8.714
2017-01-04,8.665,8.627,8.724,8.5
2017-01-05,8.617,8.559,8.646,8.539
2017-01-06,8.568,8.491,8.578,8.471
2017-01-09,8.471,8.452,8.529,8.432
2017-01-10,8.432,8.471,8.529,8.432
2017-01-11,8.471,8.325,8.5,8.325
2017-01-12,8.335,8.082,8.355,8.063
2017-01-13,8.082,7.869,8.102,7.859
2017-01-16,7.869,7.198,7.869,7.14
2017-01-17,7.16,7.266,7.266,6.917
2017-01-18,7.218,7.228,7.364,7.15
2017-01-19,7.228,7.558,7.81,7.228
2017-01-20,7.558,7.538,7.597,7.402
2017-01-23,7.48,7.538,7.606,7.48
2017-01-24,7.529,7.286,7.538,7.276
2017-01-25,7.344,7.383,7.402,7.247
2017-01-26,7.383,7.412,7.441,7.364
2017-02-03,7.432,7.645,7.713,7.412
2017-02-06,7.645,7.801,7.82,7.587
2017-02-07,7.801,7.83,7.849,7.723
2017-02-08,7.83,7.859,7.859,7.733
2017-02-09,7.859,7.976,8.063,7.81
2017-02-10,8.044,7.966,8.053,7.888
2017-02-13,7.927,7.908,7.966,7.878
2017-02-14,7.917,7.869,7.937,7.81
2017-02-15,7.849,7.772,7.908,7.772
2017-02-16,7.791,7.684,7.84,7.636
2017-02-17,7.684,7.772,7.81,7.684
2017-02-20,7.791,7.723,7.82,7.665
2017-02-21,7.752,7.742,7.772,7.674
2017-02-22,7.733,7.772,7.83,7.713
2017-02-23,7.762,7.626,7.762,7.558
2017-02-24,7.636,7.674,7.713,7.587
2017-02-27,7.704,7.742,7.791,7.636
2017-02-28,7.674,7.752,7.762,7.636
2017-03-01,7.752,7.665,7.752,7.655
2017-03-02,7.655,7.529,7.694,7.509
2017-03-03,7.519,7.587,7.606,7.383
2017-03-06,7.606,7.694,7.82,7.558
2017-03-07,7.704,7.917,7.917,7.704
2017-03-08,7.917,7.84,7.937,7.781
2017-03-09,7.801,7.772,7.81,7.713
2017-03-10,7.752,7.694,7.84,7.645
2017-03-13,7.713,7.655,7.713,7.548
2017-03-14,7.684,7.606,7.684,7.568
2017-03-15,7.587,7.606,7.636,7.548
2017-03-16,7.597,7.655,7.674,7.597
2017-03-17,7.674,7.636,7.762,7.616
2017-03-20,7.587,7.674,7.694,7.577
2017-03-21,7.684,7.713,7.762,7.665
2017-03-22,7.694,7.674,7.704,7.587
2017-03-23,7.665,7.626,7.742,7.568
2017-03-24,7.626,7.577,7.645,7.529
2017-03-27,7.577,7.568,7.684,7.529
2017-03-28,7.577,7.48,7.587,7.48
2017-03-29,7.49,7.441,7.519,7.432
2017-03-30,7.441,7.218,7.441,7.169
2017-03-31,7.208,7.121,7.286,7.111
2017-04-05,7.15,7.276,7.296,7.111
2017-04-06,7.296,7.344,7.402,7.257
2017-04-07,7.334,7.354,7.383,7.266
2017-04-10,7.334,7.305,7.373,7.237
2017-04-11,7.325,7.325,7.354,7.247
2017-04-12,7.325,7.383,7.451,7.286
2017-04-13,7.373,7.325,7.393,7.286
2017-04-14,7.325,7.14,7.325,7.121
2017-04-17,7.14,6.946,7.14,6.926
2017-04-18,6.946,6.888,7.014,6.878
2017-04-19,6.858,6.907,6.936,6.829
2017-04-20,6.936,6.888,6.936,6.858
2017-04-21,6.897,6.878,6.926,6.849
2017-04-24,6.878,6.188,6.878,6.188
2017-04-25,6.188,5.955,6.208,5.877
2017-04-26,5.945,5.926,6.062,5.877
2017-04-27,5.906,5.906,5.926,5.664
2017-04-28,5.877,5.916,5.936,5.809
2017-05-02,5.936,5.877,5.974,5.868
2017-05-03,5.829,5.916,5.926,5.8
2017-05-04,5.877,5.974,6.042,5.858
2017-05-05,6.004,5.916,6.159,5.906
2017-05-08,5.877,5.712,5.906,5.712
2017-05-09,5.683,5.78,5.8,5.664
2017-05-10,5.79,5.634,5.809,5.605
2017-05-11,5.596,5.528,5.596,5.343
2017-05-12,5.498,5.508,5.547,5.44
2017-05-15,5.518,5.625,5.644,5.518
2017-05-16,5.586,5.858,5.877,5.518
2017-05-17,5.809,5.809,5.877,5.79
2017-05-18,5.77,5.8,5.858,5.741
2017-05-19,5.79,5.838,5.897,5.79
2017-05-22,5.819,5.596,5.829,5.586
2017-05-23,5.557,5.392,5.615,5.362
2017-05-24,5.382,5.382,5.45,5.226
2017-05-25,5.382,5.557,5.557,5.304
2017-05-26,5.566,5.634,5.77,5.547
2017-05-31,5.683,5.392,5.693,5.382
2017-06-01,5.44,5.362,5.508,5.324
2017-06-02,5.392,5.44,5.479,5.226
2017-06-05,5.431,5.528,5.538,5.392
2017-06-06,5.576,5.684,5.713,5.528
2017-06-07,5.664,5.742,5.771,5.645
2017-06-08,5.722,5.703,5.742,5.664
2017-06-09,5.674,5.684,5.722,5.576
2017-06-12,5.615,5.567,5.654,5.547
2017-06-13,5.538,5.761,5.81,5.538
2017-06-14,5.752,5.713,5.791,5.693
2017-06-15,5.722,5.898,5.966,5.703
2017-06-16,5.859,5.859,5.937,5.83
2017-06-19,5.868,5.878,5.917,5.83
2017-06-20,5.888,5.849,5.907,5.839
2017-06-21,5.868,5.781,5.888,5.703
2017-06-22,5.761,5.654,5.781,5.654
2017-06-23,5.615,5.645,5.674,5.538
2017-06-26,5.645,5.722,5.742,5.596
2017-06-27,5.722,5.791,5.81,5.684
2017-06-28,5.761,5.703,5.761,5.684
2017-06-29,5.703,5.791,5.8,5.703
2017-06-30,5.761,5.791,5.849,5.761
2017-07-03,5.8,5.859,5.878,5.8
2017-07-04,5.859,5.898,5.898,5.83
2017-07-05,5.868,5.907,5.937,5.868
2017-07-06,5.917,5.937,5.937,5.839
2017-07-07,5.937,5.937,5.966,5.898
2017-07-10,5.907,5.849,5.966,5.839
2017-07-11,5.859,5.83,5.898,5.83
2017-07-12,5.82,5.713,5.849,5.654
2017-07-13,5.742,5.713,5.742,5.645
2017-07-14,5.674,5.722,5.732,5.645
2017-07-17,5.693,5.323,5.703,5.255
2017-07-18,5.323,5.421,5.44,5.294
2017-07-19,5.421,5.499,5.518,5.362
2017-07-20,5.499,5.499,5.586,5.45
2017-07-21,5.499,5.596,5.625,5.499
2017-07-24,5.576,5.606,5.635,5.547
2017-07-25,5.625,5.752,5.849,5.606
2017-07-26,5.722,5.664,5.771,5.615
2017-07-27,5.684,5.839,5.868,5.664
2017-07-28,5.81,5.839,5.868,5.8
2017-07-31,5.849,5.849,5.878,5.83
2017-08-01,5.839,5.839,5.878,5.81
2017-08-02,5.839,5.859,5.868,5.761
2017-08-03,5.81,5.859,5.966,5.791
2017-08-04,5.849,5.888,5.898,5.83
2017-08-07,5.859,5.917,5.917,5.83
2017-08-08,5.898,5.888,5.937,5.83
2017-08-09,5.868,5.83,5.888,5.791
2017-08-10,5.839,5.752,5.898,5.742
2017-08-11,5.732,5.722,5.752,5.664
2017-08-14,5.722,5.995,6.014,5.722
2017-08-15,6.005,6.063,6.151,5.975
2017-08-16,6.073,6.053,6.083,5.995
2017-08-17,6.034,6.16,6.209,6.014
2017-08-18,6.112,6.034,6.131,6.024
2017-08-21,6.014,6.044,6.112,6.005
2017-08-22,6.034,5.985,6.034,5.946
2017-08-23,5.985,6.014,6.063,5.946
2017-08-24,5.985,5.995,6.034,5.878
2017-08-25,5.975,6.014,6.053,5.966
2017-08-28,6.014,6.52,6.55,5.985
2017-08-29,6.433,6.355,6.705,6.258
2017-08-30,6.287,6.131,6.326,6.131
2017-08-31,6.17,6.18,6.355,6.141
2017-09-01,6.199,6.121,6.199,6.073
2017-09-04,6.141,6.073,6.17,6.063
2017-09-05,6.063,6.092,6.112,6.053
2017-09-06,6.092,6.141,6.16,6.073
2017-09-07,6.102,6.121,6.151,6.073
2017-09-08,6.112,6.073,6.121,6.044
2017-09-11,6.073,6.112,6.131,6.053
2017-09-12,6.112,6.16,6.209,6.112
2017-09-13,6.17,6.17,6.19,6.092
2017-09-14,6.17,6.121,6.199,6.063
2017-09-15,6.102,6.141,6.17,6.063
2017-09-18,6.131,6.209,6.209,6.131
2017-09-19,6.199,6.121,6.219,6.112
2017-09-20,6.121,6.16,6.18,6.083
2017-09-21,6.19,6.092,6.19,6.092
2017-09-22,6.092,5.966,6.092,5.956
2017-09-25,5.975,5.937,6.014,5.937
2017-09-26,5.917,5.81,5.966,5.771
2017-09-27,5.82,5.859,5.859,5.752
2017-09-28,5.849,5.917,5.937,5.839
2017-09-29,5.917,5.985,6.014,5.917
2017-10-09,6.034,6.024,6.053,5.985
2017-10-10,6.024,6.092,6.102,6.005
2017-10-11,6.102,6.034,6.121,6.005
2017-10-12,6.063,6.024,6.083,5.995
2017-10-13,6.024,6.053,6.073,5.995
2017-10-16,6.063,5.898,6.063,5.878
2017-10-17,5.878,5.878,5.927,5.868
2017-10-18,5.888,5.839,5.917,5.82
2017-10-19,5.839,5.752,5.859,5.742
2017-10-20,5.761,5.81,5.82,5.752
2017-10-23,5.81,5.8,5.82,5.771
2017-10-24,5.8,5.761,5.8,5.722
2017-10-25,5.732,5.791,5.8,5.732
2017-10-26,5.8,5.8,5.81,5.752
2017-10-27,5.791,5.791,5.81,5.761
2017-10-30,5.761,5.606,5.791,5.567
2017-10-31,5.567,5.625,5.645,5.567
2017-11-01,5.654,5.615,5.664,5.606
2017-11-02,5.615,5.567,5.645,5.547
2017-11-03,5.567,5.596,5.664,5.547
2017-11-06,5.615,5.596,5.635,5.557
2017-11-07,5.596,5.576,5.606,5.499
2017-11-08,5.567,5.567,5.606,5.528
2017-11-09,5.557,5.674,5.771,5.528
2017-11-10,5.635,5.567,5.635,5.518
2017-11-13,5.567,5.528,5.635,5.489
2017-11-14,5.528,5.508,5.645,5.489
2017-11-15,5.45,5.489,5.547,5.45
2017-11-16,5.45,5.499,5.576,5.45
2017-11-17,5.479,5.236,5.508,5.158
2017-11-20,5.197,5.207,5.236,5.109
2017-11-21,5.207,5.168,5.226,5.158
2017-11-22,5.177,5.197,5.246,5.168
2017-11-23,5.187,5.109,5.226,5.109
2017-11-24,5.1,5.119,5.119,5.07
2017-11-27,5.119,5.109,5.148,5.061
2017-11-28,5.1,5.139,5.148,5.09
2017-11-29,5.139,5.109,5.139,5.08
2017-11-30,5.129,5.09,5.139,5.08
2017-12-01,5.109,5.129,5.148,5.08
2017-12-04,5.129,5.09,5.187,5.08
2017-12-05,5.08,4.895,5.09,4.876
2017-12-06,4.924,4.944,4.944,4.866
2017-12-07,4.934,4.934,4.963,4.895
2017-12-08,4.924,4.944,4.973,4.915
2017-12-11,4.963,5.002,5.002,4.954
2017-12-12,5.022,5.148,5.236,4.944
2017-12-13,5.09,5.041,5.129,5.031
2017-12-14,5.051,5.012,5.051,4.973
2017-12-15,4.993,4.993,5.012,4.963
2017-12-18,4.973,4.993,5.012,4.963
2017-12-19,4.963,5.022,5.041,4.963
2017-12-20,4.993,4.934,5.022,4.934
2017-12-21,4.934,4.954,5.002,4.895
2017-12-22,4.934,4.944,4.973,4.924
2017-12-25,4.944,4.876,4.954,4.847
2017-12-26,4.886,4.905,4.915,4.866
2017-12-27,4.905,4.876,4.915,4.866
2017-12-28,4.876,4.905,4.915,4.856
2017-12-29,4.905,4.954,4.973,4.905
2018-01-02,4.944,4.973,4.993,4.944
2018-01-03,4.983,5.031,5.041,4.963
2018-01-04,5.012,5.022,5.041,5.002
2018-01-05,5.012,5.031,5.041,4.993
2018-01-08,5.031,5.022,5.031,4.973
2018-01-09,5.012,5.012,5.041,4.993
2018-01-10,5.002,4.944,5.012,4.905
2018-01-11,4.915,4.973,4.993,4.915
2018-01-12,4.983,4.954,4.983,4.934
2018-01-15,4.954,4.856,4.954,4.798
2018-01-16,4.837,4.905,4.934,4.817
2018-01-17,4.905,4.837,4.915,4.788
2018-01-18,4.847,4.876,4.876,4.817
2018-01-19,4.866,4.847,4.895,4.837
2018-01-22,4.837,4.886,4.895,4.808
2018-01-23,4.895,4.895,4.915,4.876
2018-01-24,4.895,4.915,4.924,4.876
2018-01-25,4.895,4.993,5.031,4.895
2018-01-26,4.993,4.944,5.031,4.934
2018-01-29,4.915,4.856,4.944,4.847
2018-01-30,4.856,4.847,4.876,4.837
2018-01-31,4.817,4.671,4.837,4.642
2018-02-01,4.652,4.272,4.691,4.204
2018-02-02,4.243,4.107,4.282,4.087
2018-02-05,4.117,4.146,4.165,4.087
2018-02-06,4.117,3.893,4.146,3.883
2018-02-07,3.951,3.951,4.01,3.864
2018-02-08,3.961,4.029,4.039,3.922
2018-02-09,3.951,4.428,4.428,3.912
2018-02-12,4.36,4.379,4.506,4.311
2018-02-13,4.36,4.214,4.37,4.214
2018-02-14,4.185,4.107,4.224,4.087
2018-02-22,4.146,4.195,4.195,4.136
2018-02-23,4.195,4.204,4.224,4.165
2018-02-26,4.214,4.311,4.311,4.185
2018-02-27,4.321,4.302,4.35,4.253
2018-02-28,4.282,4.37,4.418,4.243
2018-03-01,4.321,4.428,4.438,4.302
2018-03-02,4.409,4.389,4.574,4.389
2018-03-05,4.37,4.37,4.399,4.311
2018-03-06,4.379,4.418,4.496,4.37
2018-03-07,4.418,4.399,4.438,4.379
2018-03-08,4.379,4.467,4.477,4.36
2018-03-09,4.477,4.564,4.623,4.428
2018-03-12,4.574,4.594,4.662,4.545
2018-03-13,4.603,4.652,4.778,4.584
2018-03-14,4.642,4.535,4.642,4.506
2018-03-15,4.496,4.477,4.525,4.37
2018-03-16,4.457,4.516,4.594,4.438
2018-03-19,4.487,4.574,4.594,4.399
2018-03-20,4.574,4.564,4.574,4.477
2018-03-21,4.545,4.477,4.613,4.438
2018-03-22,4.477,4.594,4.623,4.467
2018-03-23,4.477,4.282,4.564,4.195
2018-03-26,4.214,4.379,4.428,4.136
2018-03-27,4.399,4.545,4.584,4.379
2018-03-28,4.535,4.652,4.71,4.467
2018-03-29,4.681,4.652,4.701,4.545
2018-03-30,4.652,4.701,4.749,4.603
2018-04-02,4.71,4.623,4.73,4.584
2018-04-03,4.487,4.769,4.788,4.457
2018-04-04,4.749,4.623,4.749,4.594
2018-04-09,4.555,4.545,4.574,4.506
2018-04-10,4.525,4.525,4.545,4.379
2018-04-11,4.759,4.594,4.798,4.477
2018-04-12,4.535,4.477,4.594,4.477
2018-04-13,4.516,4.399,4.525,4.379
2018-04-16,4.389,4.321,4.389,4.302
2018-04-17,4.331,4.233,4.36,4.233
2018-04-18,4.263,4.341,4.35,4.224
2018-04-19,4.331,4.341,4.36,4.311
2018-04-20,4.341,4.243,4.379,4.204
2018-04-23,4.243,4.321,4.331,4.204
2018-04-24,4.311,4.379,4.389,4.272
2018-04-25,4.341,4.37,4.37,4.302
2018-04-26,4.379,4.36,4.467,4.331
2018-04-27,4.379,4.331,4.418,4.311
2018-05-02,4.35,4.399,4.438,4.214
2018-05-03,4.37,4.448,4.457,4.282
2018-05-04,4.438,4.428,4.467,4.399
2018-05-07,4.418,4.467,4.516,4.418
2018-05-08,4.457,4.535,4.555,4.438
2018-05-09,4.525,4.535,4.584,4.496
2018-05-10,4.545,4.506,4.545,4.457
2018-05-11,4.506,4.477,4.525,4.438
2018-05-14,4.477,4.35,4.516,4.311
2018-05-15,4.35,4.379,4.399,4.311
2018-05-16,4.36,4.331,4.399,4.331
2018-05-17,4.35,4.331,4.389,4.311
2018-05-18,4.341,4.409,4.418,4.321
2018-05-21,4.409,4.457,4.487,4.399
2018-05-22,4.467,4.487,4.496,4.428
2018-05-23,4.477,4.399,4.487,4.399
2018-05-24,4.389,4.448,4.506,4.389
2018-05-25,4.438,4.36,4.457,4.321
