date,open,close,high,low
2016-01-04,21.348,19.469,21.574,19.469
2016-01-05,18.2,18.79,19.459,17.885
2016-01-06,18.987,19.056,19.233,18.593
2016-01-07,18.79,17.147,18.79,17.147
2016-01-08,17.609,17.039,17.934,15.642
2016-01-11,16.665,15.337,16.793,15.337
2016-01-12,15.15,15.445,15.671,14.953
2016-01-13,15.612,14.52,15.73,14.471
2016-01-14,14.058,15.248,15.248,13.871
2016-01-15,15.307,14.274,15.544,14.186
2016-01-25,15.701,15.701,15.701,15.701
2016-01-26,16.173,15.829,17.167,15.485
2016-01-27,16.016,15.121,16.232,14.324
2016-01-28,14.56,13.615,14.658,13.606
2016-01-29,13.163,14.019,14.412,13.055
2016-02-01,13.822,13.596,14.166,13.242
2016-02-02,13.674,14.107,14.235,13.674
2016-02-03,13.93,14.088,14.156,13.704
2016-02-04,14.206,14.55,14.629,14.127
2016-02-05,14.481,14.52,14.816,14.324
2016-02-15,13.861,14.294,14.481,13.773
2016-02-16,14.461,15.13,15.239,14.461
2016-02-17,15.199,15.327,15.721,15.012
2016-02-18,15.553,15.435,15.839,15.071
2016-02-19,15.248,15.721,15.888,15.16
2016-02-22,16.055,15.888,16.183,15.76
2016-02-23,16.075,15.632,16.085,15.357
2016-02-24,15.514,15.819,15.829,15.081
2016-02-25,15.711,14.235,15.711,14.235
2016-02-26,14.363,14.166,14.491,13.724
2016-02-29,13.92,12.966,14.117,12.799
2016-03-01,13.035,13.31,13.419,12.769
2016-03-02,13.31,14.048,14.097,13.242
2016-03-03,14.147,14.058,14.461,14.038
2016-03-04,13.97,13.36,14.147,13.153
2016-03-07,13.655,13.684,13.92,13.556
2016-03-08,13.763,14.068,14.127,12.799
2016-03-09,13.743,13.979,14.038,13.546
2016-03-10,14.314,13.93,14.737,13.891
2016-03-11,13.291,13.527,13.724,13.143
2016-03-14,13.743,14.068,14.245,13.694
2016-03-15,13.979,13.861,14.147,13.783
2016-03-16,13.95,13.724,14.127,13.576
2016-03-17,13.773,14.422,14.56,13.773
2016-03-18,14.501,15.071,15.101,14.383
2016-03-21,15.307,15.396,15.603,15.15
2016-03-22,15.327,15.534,15.927,15.16
2016-03-23,15.603,15.671,15.858,15.298
2016-03-24,15.544,15.544,16.006,15.307
2016-03-25,15.406,15.386,15.671,15.13
2016-03-28,15.485,15.425,15.957,15.337
2016-03-29,15.652,15.868,15.937,15.376
2016-03-30,16.035,16.311,16.38,15.76
2016-03-31,16.311,16.085,16.429,15.947
2016-04-01,15.976,15.701,16.065,15.435
2016-04-05,15.721,17.196,17.196,15.593
2016-04-06,17.019,17.57,17.708,16.872
2016-04-07,17.806,16.763,17.806,16.734
2016-04-08,16.626,16.616,17.019,16.429
2016-04-11,16.891,17.098,17.196,16.852
2016-04-12,17.068,16.714,17.068,16.488
2016-04-13,16.773,16.852,17.068,16.773
2016-04-14,16.98,16.891,17.039,16.685
2016-04-15,16.94,16.744,17.009,16.636
2016-04-18,16.527,16.183,16.527,15.937
2016-04-19,16.321,16.331,16.399,16.035
2016-04-20,16.38,15.091,16.458,14.766
2016-04-21,14.963,14.717,15.17,14.668
2016-04-22,14.737,15.002,15.022,14.019
2016-04-25,15.002,14.658,15.081,14.461
2016-04-26,14.688,15.002,15.022,14.658
2016-04-27,15.111,15.455,16.075,15.111
2016-04-28,15.317,15.199,15.455,14.766
2016-04-29,15.052,15.229,15.327,14.953
2016-05-03,15.298,15.937,15.986,15.298
2016-05-04,15.75,15.868,16.203,15.75
2016-05-05,15.908,15.986,16.026,15.75
2016-05-06,15.986,15.809,16.193,15.445
2016-05-09,15.691,16.006,16.114,15.022
2016-05-10,16.035,16.39,16.498,15.514
2016-05-11,16.252,14.747,16.281,14.747
2016-05-12,14.078,14.127,14.314,13.586
2016-05-13,14.078,14.117,14.422,13.93
2016-05-16,14.068,14.333,14.442,14.009
2016-05-17,14.333,14.235,14.422,14.078
2016-05-18,14.117,13.615,14.137,13.478
2016-05-19,13.694,13.743,13.989,13.655
2016-05-20,13.625,13.91,13.92,13.487
2016-05-23,13.94,14.274,14.314,13.94
2016-05-24,14.294,14.038,14.343,13.93
2016-05-25,14.166,14.206,14.314,14.019
2016-05-26,14.176,14.107,14.235,13.674
2016-05-27,14.058,13.989,14.206,13.92
2016-05-30,13.92,13.842,14.048,13.674
2016-05-31,13.881,14.511,14.53,13.881
2016-06-01,14.501,14.57,14.855,14.491
2016-06-02,14.599,14.983,15.052,14.599
2016-06-03,15.032,14.904,15.071,14.776
2016-06-06,14.914,15.022,15.209,14.914
2016-06-07,15.022,14.983,15.16,14.845
2016-06-08,14.983,14.855,15.052,14.737
2016-06-13,14.52,13.93,14.697,13.891
2016-06-14,13.979,14.038,14.166,13.871
2016-06-15,13.773,14.471,14.609,13.655
2016-06-16,14.412,14.491,14.688,14.373
2016-06-17,14.491,14.668,14.865,14.481
2016-06-20,14.717,14.737,14.807,14.48
2016-06-21,14.856,14.4,14.975,14.361
2016-06-22,14.262,14.698,14.707,14.202
2016-06-23,14.698,15.222,15.341,14.688
2016-06-24,15.203,14.836,15.203,14.311
2016-06-27,14.549,15.193,15.252,14.549
2016-06-28,15.064,15.648,15.738,15.064
2016-06-29,15.599,15.47,15.837,15.411
2016-06-30,15.569,15.648,15.747,15.351
2016-07-01,15.708,15.559,15.936,15.549
2016-07-04,15.351,15.747,15.837,15.302
2016-07-05,15.747,15.738,15.886,15.579
2016-07-06,15.738,15.975,16.015,15.718
2016-07-07,15.945,15.738,16.035,15.579
2016-07-08,15.698,15.569,15.817,15.549
2016-07-11,15.599,15.51,15.876,15.45
2016-07-12,15.411,15.688,15.698,15.302
2016-07-13,15.747,15.856,16.005,15.698
2016-07-14,15.757,15.747,15.837,15.629
2016-07-15,15.728,15.609,15.866,15.579
2016-07-18,15.5,15.47,15.609,15.351
2016-07-19,15.46,15.638,15.648,15.361
2016-07-20,15.668,15.569,16.005,15.549
2016-07-21,15.579,15.589,15.817,15.549
2016-07-22,15.609,15.738,15.866,15.53
2016-07-25,15.767,16.322,16.441,15.728
2016-07-26,16.312,16.312,16.431,16.104
2016-07-27,16.361,15.114,16.49,14.985
2016-07-28,15.114,14.975,15.163,14.787
2016-07-29,14.975,14.886,15.054,14.846
2016-08-01,14.945,14.579,14.945,14.391
2016-08-02,14.589,14.727,14.816,14.539
2016-08-03,14.717,14.757,14.816,14.658
2016-08-04,14.757,14.777,14.836,14.628
2016-08-05,14.807,14.707,14.896,14.698
2016-08-08,14.678,14.826,14.836,14.608
2016-08-09,14.816,14.935,14.935,14.777
2016-08-10,14.995,14.856,15.094,14.836
2016-08-11,14.826,14.668,14.945,14.658
2016-08-12,14.608,14.856,14.866,14.608
2016-08-15,14.856,15.213,15.312,14.836
2016-08-16,15.222,15.232,15.302,15.133
2016-08-17,15.252,15.282,15.351,15.143
2016-08-18,15.222,15.213,15.371,15.143
2016-08-19,15.252,15.153,15.252,15.084
2016-08-22,15.153,14.985,15.272,14.965
2016-08-23,14.985,15.054,15.143,14.896
2016-08-24,15.094,15.015,15.153,14.975
2016-08-25,14.955,14.826,14.985,14.688
2016-08-26,14.915,14.876,15.034,14.816
2016-08-29,14.876,14.975,15.044,14.856
2016-08-30,14.995,15.015,15.074,14.876
2016-08-31,14.955,15.005,15.024,14.866
2016-09-01,14.925,14.678,14.985,14.658
2016-09-02,14.589,14.668,14.737,14.579
2016-09-05,14.688,14.608,14.787,14.539
2016-09-06,14.608,14.886,14.906,14.529
2016-09-07,14.856,14.866,14.975,14.826
2016-09-08,14.866,14.836,14.945,14.767
2016-09-09,14.896,14.836,14.965,14.797
2016-09-12,14.539,14.361,14.648,14.341
2016-09-13,14.391,14.43,14.49,14.351
2016-09-14,14.45,14.43,14.608,14.41
2016-09-19,14.45,14.589,14.678,14.45
2016-09-20,14.539,14.539,14.648,14.46
2016-09-21,14.549,14.519,14.579,14.44
2016-09-22,14.559,14.559,14.678,14.529
2016-09-23,14.608,14.569,14.648,14.519
2016-09-26,14.519,14.698,14.935,14.371
2016-09-27,14.658,14.747,14.826,14.41
2016-09-28,14.757,14.737,14.846,14.628
2016-09-29,14.767,14.757,14.816,14.688
2016-09-30,14.707,14.876,14.915,14.678
2016-10-10,14.945,15.094,15.133,14.876
2016-10-11,15.114,15.005,15.123,14.925
2016-10-12,15.005,15.193,15.213,14.965
2016-10-13,15.153,15.084,15.193,15.054
2016-10-14,15.123,15.024,15.133,14.886
2016-10-17,15.094,14.945,15.143,14.915
2016-10-18,14.886,15.084,15.084,14.886
2016-10-19,15.123,14.985,15.183,14.955
2016-10-20,14.995,15.312,15.341,14.945
2016-10-21,15.262,15.054,15.262,14.906
2016-10-24,15.015,15.114,15.183,15.015
2016-10-25,15.163,15.094,15.173,15.005
2016-10-26,15.074,15.074,15.153,15.005
2016-10-27,15.064,15.064,15.104,15.015
2016-10-28,15.084,14.767,15.104,14.747
2016-10-31,14.707,14.717,14.807,14.678
2016-11-01,14.717,14.836,14.836,14.707
2016-11-02,14.777,14.648,14.836,14.608
2016-11-03,14.608,14.737,14.896,14.608
2016-11-04,14.797,14.707,14.856,14.658
2016-11-07,14.707,14.698,14.787,14.648
2016-11-08,14.717,14.767,14.816,14.707
2016-11-09,14.767,14.5,14.816,14.371
2016-11-10,14.658,14.678,14.737,14.608
2016-11-11,14.688,14.767,14.816,14.678
2016-11-14,14.816,14.876,14.925,14.777
2016-11-15,14.886,14.985,15.015,14.836
2016-11-16,14.985,14.915,15.084,14.886
2016-11-17,14.925,14.965,15.054,14.886
2016-11-18,14.955,14.797,14.985,14.777
2016-11-21,14.846,14.965,14.985,14.787
2016-11-22,15.015,15.005,15.024,14.886
2016-11-23,14.955,14.906,15.054,14.896
2016-11-24,14.945,14.737,14.945,14.717
2016-11-25,14.747,15.054,15.054,14.628
2016-11-28,15.034,15.104,15.143,14.965
2016-11-29,15.064,14.856,15.104,14.816
2016-11-30,14.846,14.807,14.995,14.707
2016-12-01,14.826,14.906,14.915,14.777
2016-12-02,14.925,14.628,14.975,14.599
2016-12-05,14.559,14.509,14.707,14.371
2016-12-06,14.628,14.509,14.668,14.5
2016-12-07,14.47,14.628,14.638,14.45
2016-12-08,14.638,14.49,14.678,14.48
2016-12-09,14.5,14.49,14.579,14.46
2016-12-12,14.519,13.43,14.549,13.37
2016-12-13,13.499,13.39,13.529,13.242
2016-12-14,13.39,13.38,13.509,13.351
2016-12-15,13.281,13.45,13.559,13.252
2016-12-16,13.46,13.539,13.618,13.41
2016-12-19,13.45,13.489,13.529,13.39
2016-12-20,13.519,13.628,13.816,13.519
2016-12-21,13.588,13.658,13.677,13.559
2016-12-22,13.638,13.509,13.658,13.42
2016-12-23,13.519,13.291,13.519,13.252
2016-12-26,13.252,13.529,13.569,13.034
2016-12-27,13.499,13.43,13.559,13.41
2016-12-28,13.45,13.301,13.46,13.262
2016-12-29,13.301,13.271,13.351,13.192
2016-12-30,13.291,13.281,13.321,13.222
2017-01-03,13.321,13.37,13.39,13.281
2017-01-04,13.38,13.539,13.559,13.291
2017-01-05,13.519,13.479,13.559,13.46
2017-01-06,13.479,13.479,13.509,13.42
2017-01-09,13.479,13.707,13.806,13.43
2017-01-10,13.658,13.598,13.658,13.578
2017-01-11,13.608,13.39,13.628,13.37
2017-01-12,13.39,13.331,13.509,13.291
2017-01-13,13.331,13.093,13.361,13.054
2017-01-16,13.034,12.43,13.103,11.984
2017-01-17,12.42,12.529,12.578,12.231
2017-01-18,12.519,12.41,12.539,12.39
2017-01-19,12.291,12.34,12.469,12.192
2017-01-20,12.35,12.539,12.608,12.261
2017-01-23,12.489,12.628,12.697,12.489
2017-01-24,12.628,12.638,12.737,12.578
2017-01-25,12.727,12.687,12.737,12.598
2017-01-26,12.707,12.796,12.816,12.697
2017-02-03,12.766,12.727,12.826,12.638
2017-02-06,12.727,12.846,12.855,12.687
2017-02-07,12.855,12.756,12.855,12.667
2017-02-08,12.717,12.855,12.855,12.628
2017-02-09,12.786,12.954,13.014,12.766
2017-02-10,12.974,12.935,13.024,12.895
2017-02-13,12.925,12.994,13.044,12.895
2017-02-14,12.974,13.004,13.054,12.935
2017-02-15,13.004,12.846,13.073,12.836
2017-02-16,12.846,12.915,12.984,12.836
2017-02-17,12.915,12.786,12.994,12.776
2017-02-20,12.766,12.915,12.925,12.657
2017-02-21,12.895,13.014,13.024,12.855
2017-02-22,13.034,13.054,13.063,12.935
2017-02-23,13.024,13.113,13.113,12.954
2017-02-24,13.133,13.113,13.143,13.054
2017-02-27,13.103,13.43,13.618,12.994
2017-02-28,13.262,13.351,13.45,13.192
2017-03-01,13.291,13.222,13.43,13.192
2017-03-02,13.222,13.034,13.311,13.024
2017-03-03,13.044,13.063,13.123,12.875
2017-03-06,13.172,13.578,13.648,13.143
2017-03-07,13.588,13.895,13.965,13.499
2017-03-08,13.777,13.608,13.856,13.598
2017-03-09,13.569,13.549,13.707,13.43
2017-03-10,13.549,13.499,13.598,13.45
2017-03-13,13.578,13.618,13.786,13.549
2017-03-14,13.578,13.559,13.687,13.479
2017-03-15,13.549,13.361,13.549,13.321
2017-03-16,13.37,13.45,13.529,13.361
2017-03-17,13.499,13.37,13.677,13.37
2017-03-20,13.291,13.39,13.42,13.222
2017-03-21,13.37,13.291,13.39,13.232
2017-03-22,13.222,13.004,13.242,12.925
2017-03-23,12.994,12.945,13.073,12.806
2017-03-24,12.964,13.034,13.123,12.905
2017-03-27,13.054,13.034,13.133,13.004
2017-03-28,13.044,12.954,13.054,12.895
2017-03-29,12.954,12.885,13.004,12.865
2017-03-30,12.895,12.479,12.895,12.479
2017-03-31,12.568,12.578,12.667,12.509
2017-04-05,12.598,12.855,12.875,12.598
2017-04-06,12.875,12.885,12.935,12.826
2017-04-07,12.945,12.994,13.034,12.895
2017-04-10,12.935,12.677,12.994,12.628
2017-04-11,12.578,12.826,12.846,12.558
2017-04-12,12.776,12.677,12.836,12.677
2017-04-13,12.647,12.766,12.826,12.647
2017-04-14,12.717,12.509,12.786,12.459
2017-04-17,12.499,12.36,12.499,12.291
2017-04-18,12.36,12.222,12.459,12.212
2017-04-19,12.212,12.162,12.212,12.043
2017-04-20,12.172,12.113,12.241,12.053
2017-04-21,12.132,12.043,12.202,12.033
2017-04-24,12.073,11.479,12.113,11.449
2017-04-25,11.538,11.469,11.578,11.429
2017-04-26,11.499,11.39,11.518,11.241
2017-04-27,11.548,11.697,11.816,11.37
2017-04-28,11.588,11.558,11.687,11.499
2017-05-02,11.538,11.469,11.548,11.39
2017-05-03,11.469,11.508,11.538,11.419
2017-05-04,11.459,11.608,11.647,11.409
2017-05-05,11.617,11.499,11.667,11.479
2017-05-08,11.449,11.558,11.608,11.429
2017-05-09,11.508,11.697,11.746,11.499
2017-05-10,11.707,11.162,11.736,11.162
2017-05-11,11.201,10.944,11.221,10.607
2017-05-12,10.875,10.845,10.924,10.766
2017-05-15,10.845,10.865,11.083,10.835
2017-05-16,10.845,11.142,11.182,10.696
2017-05-17,11.122,11.172,11.221,11.073
2017-05-18,11.093,11.162,11.211,11.053
2017-05-19,11.172,11.251,11.291,11.102
2017-05-22,11.251,10.914,11.32,10.825
2017-05-23,10.924,10.607,10.924,10.548
2017-05-24,10.597,10.558,10.597,10.32
2017-05-25,10.558,10.686,10.726,10.399
2017-05-26,10.627,10.617,10.726,10.587
2017-05-31,10.696,10.548,10.766,10.548
2017-06-01,10.548,9.963,10.548,9.904
2017-06-02,9.963,10.142,10.241,9.904
2017-06-05,10.171,10.112,10.241,10.033
2017-06-06,10.082,10.211,10.261,10.082
2017-06-07,10.27,10.528,10.548,10.191
2017-06-08,10.538,10.419,10.538,10.37
2017-06-09,10.409,10.419,10.449,10.27
2017-06-12,10.31,10.102,10.35,10.092
2017-06-13,10.251,10.429,10.459,10.251
2017-06-14,10.379,10.37,10.459,10.3
2017-06-15,10.39,10.61,10.65,10.36
2017-06-16,10.62,10.59,10.62,10.49
2017-06-19,10.58,10.66,10.7,10.55
2017-06-20,10.73,10.63,10.76,10.59
2017-06-21,10.68,10.61,10.71,10.56
2017-06-22,10.63,10.59,10.85,10.58
2017-06-23,10.52,10.45,10.59,10.23
2017-06-26,10.36,10.57,10.59,10.36
2017-06-27,10.55,10.56,10.6,10.41
2017-06-28,10.57,10.44,10.58,10.4
2017-06-29,10.44,10.55,10.65,10.43
2017-06-30,10.51,10.63,10.64,10.48
2017-07-03,10.65,10.74,10.74,10.57
2017-07-04,10.73,10.76,10.79,10.63
2017-07-05,10.77,10.83,10.83,10.71
2017-07-06,10.84,10.8,10.88,10.74
2017-07-07,10.74,10.77,10.8,10.7
2017-07-10,10.77,10.75,10.78,10.65
2017-07-11,10.66,10.58,10.74,10.56
2017-07-12,10.58,10.45,10.64,10.3
2017-07-13,10.41,10.44,10.47,10.35
2017-07-14,10.48,10.61,10.76,10.37
2017-07-17,10.56,10.0,10.56,10.0
2017-07-18,10.01,9.99,10.1,9.83
2017-07-19,10.0,10.1,10.13,9.89
2017-07-20,10.1,10.12,10.25,10.01
2017-07-21,10.21,10.19,10.36,10.15
2017-07-24,10.14,10.18,10.19,10.04
2017-07-25,10.18,10.17,10.18,10.06
2017-07-26,10.16,10.11,10.17,10.06
2017-07-27,10.16,10.35,10.36,10.11
2017-07-28,10.33,10.4,10.45,10.28
2017-07-31,10.41,10.38,10.42,10.3
2017-08-01,10.35,10.33,10.41,10.3
2017-08-02,10.33,10.34,10.4,10.3
2017-08-03,10.33,10.3,10.36,10.24
2017-08-04,10.3,10.16,10.33,10.16
2017-08-07,10.16,10.22,10.24,10.07
2017-08-08,10.2,10.28,10.32,10.18
2017-08-09,10.27,10.37,10.47,10.25
2017-08-10,10.36,10.24,10.42,10.19
2017-08-11,10.2,10.12,10.25,10.08
2017-08-14,10.2,11.13,11.13,10.19
2017-08-15,11.33,10.94,11.37,10.87
2017-08-16,10.96,10.97,11.09,10.86
2017-08-17,10.9,11.35,11.65,10.89
2017-08-18,11.24,11.21,11.28,11.05
2017-08-21,11.21,11.23,11.4,11.12
2017-08-22,11.19,11.07,11.22,10.98
2017-08-23,11.07,11.03,11.37,10.99
2017-08-24,10.9,10.85,11.0,10.76
2017-08-25,10.83,11.02,11.03,10.82
2017-08-28,11.09,11.06,11.19,11.04
2017-08-29,11.11,10.92,11.17,10.88
2017-08-30,10.93,10.96,11.08,10.92
2017-08-31,10.95,11.08,11.11,10.88
2017-09-01,11.11,11.13,11.15,11.02
2017-09-04,11.13,11.47,11.54,11.13
2017-09-05,11.36,11.31,11.61,11.29
2017-09-06,11.24,11.47,11.48,11.21
2017-09-07,11.51,11.35,11.52,11.25
2017-09-08,11.3,11.37,11.4,11.24
2017-09-11,11.38,11.6,11.64,11.36
2017-09-12,11.61,11.53,11.7,11.47
2017-09-13,11.48,11.5,11.65,11.42
2017-09-14,11.43,11.37,11.52,11.31
2017-09-15,11.37,11.31,11.42,11.26
2017-09-18,11.31,11.42,11.44,11.26
2017-09-19,11.38,11.26,11.48,11.2
2017-09-20,11.26,11.55,11.58,11.26
2017-09-21,11.51,11.38,11.59,11.34
2017-09-22,11.39,11.18,11.39,11.04
2017-09-25,11.15,11.06,11.21,11.02
2017-09-26,11.07,11.07,11.2,10.84
2017-09-27,11.12,11.11,11.14,11.01
2017-09-28,11.1,11.2,11.23,11.04
2017-09-29,11.22,11.19,11.24,11.1
2017-10-09,11.3,11.38,11.45,11.22
2017-10-10,11.35,11.65,11.66,11.35
2017-10-11,11.67,11.5,11.69,11.48
2017-10-12,11.66,11.69,12.14,11.62
2017-10-13,11.65,11.64,11.75,11.53
2017-10-16,11.63,11.39,11.72,11.34
2017-10-17,11.35,11.27,11.46,11.24
2017-10-18,11.3,11.28,11.44,11.2
2017-10-19,11.35,11.17,11.35,11.08
2017-10-20,11.15,11.28,11.3,11.07
2017-10-23,11.25,11.33,11.38,11.21
2017-10-24,11.32,11.27,11.32,11.15
2017-10-25,11.2,11.32,11.34,11.18
2017-10-26,11.28,11.6,11.6,11.24
2017-10-27,11.58,11.6,11.66,11.51
2017-10-30,11.67,11.39,11.73,11.36
2017-10-31,11.4,11.88,11.95,11.38
2017-11-01,11.85,11.99,12.03,11.72
2017-11-02,12.06,11.9,12.13,11.8
2017-11-03,11.9,11.75,11.93,11.55
2017-11-06,11.55,11.72,11.75,11.42
2017-11-07,11.62,11.44,11.63,11.31
2017-11-08,11.44,11.4,11.52,11.37
2017-11-09,11.36,11.53,11.55,11.32
2017-11-10,11.53,11.73,11.75,11.45
2017-11-13,11.7,12.08,12.1,11.61
2017-11-14,12.13,11.91,12.14,11.85
2017-11-15,11.91,11.92,12.31,11.91
2017-11-16,11.93,12.5,12.54,11.72
2017-11-17,12.4,12.09,12.68,12.06
2017-11-20,11.92,12.31,12.31,11.67
2017-11-21,12.25,12.51,12.54,12.0
2017-11-22,12.58,12.57,12.75,12.33
2017-11-23,12.42,11.95,12.42,11.92
2017-11-24,11.89,11.86,12.05,11.75
2017-11-27,11.89,11.31,11.89,11.23
2017-11-28,11.32,11.42,11.47,11.15
2017-11-29,11.33,11.22,11.45,11.03
2017-11-30,11.12,11.12,11.27,11.06
2017-12-01,11.08,11.24,11.31,11.08
2017-12-04,11.24,10.37,11.24,10.2
2017-12-05,10.42,10.03,10.49,9.96
2017-12-06,10.05,10.21,10.26,10.03
2017-12-07,10.13,10.18,10.24,10.1
2017-12-08,10.16,10.27,10.35,10.14
2017-12-11,10.27,10.33,10.35,10.21
2017-12-12,10.33,10.1,10.33,10.07
2017-12-13,10.08,10.22,10.24,10.05
2017-12-14,10.23,10.24,10.26,10.15
2017-12-15,10.2,10.34,10.49,10.1
2017-12-18,10.28,10.23,10.34,10.14
2017-12-19,10.24,10.25,10.34,10.15
2017-12-20,10.23,10.09,10.3,10.07
2017-12-21,10.03,10.08,10.11,9.9
2017-12-22,10.04,10.0,10.11,9.97
2017-12-25,10.01,9.72,10.05,9.72
2017-12-26,9.68,9.74,9.78,9.68
2017-12-27,9.74,9.75,9.86,9.71
2017-12-28,9.84,9.8,9.91,9.75
2017-12-29,9.9,9.9,9.92,9.8
2018-01-02,10.11,10.15,10.25,10.09
2018-01-03,10.17,10.23,10.28,10.06
2018-01-04,10.3,10.15,10.3,10.09
2018-01-05,10.11,10.13,10.24,10.1
2018-01-08,10.12,10.06,10.13,9.98
2018-01-09,10.02,10.04,10.06,9.98
2018-01-10,10.04,9.94,10.1,9.93
2018-01-11,9.93,10.05,10.06,9.9
2018-01-12,10.03,9.96,10.05,9.93
2018-01-15,9.98,9.72,9.98,9.7
2018-01-16,9.72,9.73,9.8,9.7
2018-01-17,9.77,9.71,9.78,9.52
2018-01-18,9.72,9.67,9.76,9.63
2018-01-19,9.68,9.72,9.77,9.67
2018-01-22,9.68,9.89,9.94,9.6
2018-01-23,9.85,9.86,9.92,9.79
2018-01-24,9.81,9.9,9.92,9.73
2018-01-25,9.86,9.94,10.2,9.85
2018-01-26,9.92,9.88,10.02,9.86
2018-01-29,9.88,9.71,9.94,9.68
2018-01-30,9.66,9.76,9.77,9.63
2018-01-31,9.67,9.54,9.73,9.48
2018-02-01,9.57,9.09,9.62,9.08
2018-02-02,9.07,8.93,9.09,8.73
2018-02-05,8.88,8.88,8.96,8.71
2018-02-06,8.75,8.47,8.92,8.45
2018-02-07,8.88,8.64,8.88,8.43
2018-02-08,8.56,8.84,8.86,8.56
2018-02-09,8.55,8.64,8.73,8.5
2018-02-12,8.67,8.87,8.9,8.65
2018-02-13,8.92,8.83,8.93,8.81
2018-02-14,8.88,8.84,8.89,8.76
2018-02-22,8.9,8.9,8.92,8.86
2018-02-23,8.85,8.89,8.92,8.85
2018-02-26,8.89,9.09,9.15,8.89
2018-02-27,9.03,9.12,9.3,8.99
2018-02-28,9.1,9.1,9.16,8.96
2018-03-01,9.08,9.42,9.55,9.06
2018-03-02,9.35,9.44,9.68,9.33
2018-03-05,9.44,9.57,9.69,9.35
2018-03-06,9.52,9.58,9.62,9.44
2018-03-07,9.58,9.43,9.58,9.4
2018-03-08,9.36,9.4,9.45,9.32
2018-03-09,9.38,9.54,9.56,9.27
2018-03-12,9.73,9.63,9.83,9.6
2018-03-13,9.63,9.61,9.73,9.57
2018-03-14,9.61,9.53,9.75,9.53
2018-03-15,9.43,9.47,9.61,9.29
2018-03-16,9.47,9.45,9.55,9.43
2018-03-19,9.48,9.42,9.56,9.38
2018-03-20,9.48,9.57,9.57,9.37
2018-03-21,9.59,9.68,9.8,9.59
2018-03-22,9.66,9.65,9.74,9.56
2018-03-23,9.4,8.72,9.43,8.69
2018-03-26,8.47,8.8,8.81,8.43
2018-03-27,8.93,9.04,9.13,8.83
2018-03-28,8.9,8.96,9.12,8.84
2018-03-29,9.04,9.17,9.23,9.04
2018-03-30,9.16,9.44,9.48,9.16
2018-04-02,9.28,9.25,9.38,9.03
2018-04-03,9.1,8.96,9.12,8.86
2018-04-04,8.91,8.8,9.07,8.77
2018-04-09,8.7,8.86,8.9,8.66
2018-04-10,8.88,8.89,8.9,8.75
2018-04-11,8.9,8.92,8.97,8.84
2018-04-12,8.86,8.75,8.94,8.73
2018-04-13,8.78,8.78,8.89,8.72
2018-04-16,8.77,8.63,8.85,8.58
2018-04-17,8.65,8.48,8.72,8.47
2018-04-18,8.51,8.71,8.73,8.43
2018-04-19,8.67,8.67,8.72,8.61
2018-04-20,8.61,8.53,8.86,8.51
2018-04-23,8.48,8.05,8.57,7.98
2018-04-24,8.04,8.1,8.19,8.01
2018-04-25,8.1,8.18,8.19,8.05
2018-04-26,8.14,7.98,8.24,7.98
2018-04-27,7.98,7.97,8.13,7.95
2018-05-02,8.0,7.9,8.04,7.81
2018-05-03,7.93,7.98,8.03,7.72
2018-05-04,8.05,7.87,8.05,7.85
2018-05-07,7.87,8.03,8.07,7.87
2018-05-08,8.06,8.08,8.1,8.01
2018-05-09,8.07,8.16,8.19,8.04
2018-05-10,8.16,8.15,8.24,8.1
2018-05-11,8.22,8.1,8.22,8.07
2018-05-14,8.08,8.04,8.13,7.91
2018-05-15,8.02,8.15,8.15,7.95
2018-05-16,8.07,8.07,8.17,8.06
2018-05-17,8.05,8.25,8.35,8.01
2018-05-18,8.23,8.31,8.33,8.1
2018-05-21,8.31,8.28,8.33,8.23
2018-05-22,8.28,8.2,8.3,8.16
2018-05-23,8.2,8.05,8.2,8.04
2018-05-24,8.05,8.04,8.08,7.96
2018-05-25,8.04,7.9,8.04,7.9
