date,open,close,high,low
2016-01-04,13.181,12.149,13.374,12.063
2016-01-05,11.58,12.005,12.13,11.089
2016-01-06,12.005,12.4,12.516,12.005
2016-01-07,12.101,11.253,12.197,11.185
2016-01-08,11.571,11.146,11.793,10.607
2016-01-11,10.761,10.028,11.011,10.028
2016-01-12,9.932,9.883,10.221,9.536
2016-01-13,9.97,9.671,10.076,9.671
2016-01-14,9.353,9.883,9.98,9.17
2016-01-15,9.854,9.575,9.989,9.546
2016-01-18,9.189,9.768,9.874,9.189
2016-01-19,9.777,10.095,10.124,9.671
2016-01-20,10.018,9.826,10.317,9.7
2016-01-21,9.671,9.584,10.009,9.584
2016-01-22,9.758,9.691,9.941,9.392
2016-01-25,9.845,9.739,9.845,9.652
2016-01-26,9.459,8.765,9.671,8.765
2016-01-27,8.919,8.562,8.919,7.936
2016-01-28,8.485,7.945,8.553,7.801
2016-01-29,8.022,8.283,8.398,7.936
2016-02-01,8.196,8.611,8.803,8.167
2016-02-02,8.572,8.929,9.006,8.495
2016-02-03,8.813,9.064,9.151,8.688
2016-02-04,9.064,9.401,9.584,9.044
2016-02-05,9.449,9.257,9.536,9.257
2016-02-15,8.967,9.093,9.179,8.794
2016-02-16,9.073,9.507,9.613,9.073
2016-02-17,9.459,9.681,9.7,9.334
2016-02-18,9.671,9.469,9.777,9.421
2016-02-19,9.498,9.604,9.768,9.488
2016-02-22,9.739,9.826,9.893,9.7
2016-02-23,9.835,9.777,9.932,9.719
2016-02-24,9.787,9.777,9.874,9.498
2016-02-25,9.739,8.813,9.787,8.803
2016-02-26,9.064,8.881,9.102,8.611
2016-02-29,8.823,8.292,8.832,8.186
2016-03-01,8.312,8.553,8.668,8.244
2016-03-02,8.524,8.938,8.996,8.495
2016-03-03,8.948,8.987,9.141,8.852
2016-03-04,8.967,8.678,9.054,8.562
2016-03-07,8.765,8.89,9.035,8.736
2016-03-08,8.948,8.977,8.987,8.398
2016-03-09,8.881,8.746,8.881,8.591
2016-03-10,8.755,8.514,8.89,8.456
2016-03-11,8.495,8.495,8.572,8.36
2016-03-14,8.582,8.813,8.967,8.582
2016-03-15,8.794,8.871,8.948,8.774
2016-03-16,9.006,9.083,9.295,9.006
2016-03-17,9.006,9.257,9.382,9.006
2016-03-18,9.286,9.478,9.536,9.218
2016-03-21,9.536,9.652,9.671,9.498
2016-03-22,9.613,9.633,9.739,9.517
2016-03-23,9.633,9.883,9.932,9.584
2016-03-24,9.806,9.662,9.883,9.604
2016-03-25,9.691,9.681,9.768,9.594
2016-03-28,9.729,9.758,9.98,9.7
2016-03-29,9.758,9.517,9.797,9.314
2016-03-30,9.739,10.298,10.472,9.739
2016-03-31,10.163,10.221,10.549,10.153
2016-04-01,10.124,10.809,10.992,10.076
2016-04-05,10.607,10.973,11.05,10.51
2016-04-06,10.828,10.819,11.098,10.722
2016-04-07,10.915,10.394,10.983,10.394
2016-04-08,10.414,10.51,10.703,10.327
2016-04-11,10.635,10.79,10.896,10.529
2016-04-12,10.79,10.693,10.79,10.607
2016-04-13,10.799,10.867,11.098,10.732
2016-04-14,10.915,11.195,11.204,10.799
2016-04-15,11.195,11.368,11.561,11.118
2016-04-18,11.262,11.166,11.388,11.04
2016-04-19,11.281,11.233,11.32,11.089
2016-04-20,11.185,10.664,11.31,10.288
2016-04-21,10.568,10.568,10.819,10.51
2016-04-22,10.462,10.645,10.684,10.414
2016-04-25,10.684,10.635,10.732,10.433
2016-04-26,10.645,11.31,11.378,10.587
2016-04-27,11.224,11.175,11.436,11.118
2016-04-28,11.175,11.378,11.455,10.867
2016-04-29,11.214,11.195,11.455,11.195
2016-05-03,11.204,11.465,11.494,11.011
2016-05-04,11.465,11.368,11.619,11.301
2016-05-05,11.349,11.523,11.667,11.262
2016-05-06,11.571,10.751,11.571,10.732
2016-05-09,10.607,10.153,10.607,10.009
2016-05-10,10.163,9.809,10.35,9.731
2016-05-11,9.878,9.642,9.937,9.583
2016-05-12,9.338,9.662,9.76,9.239
2016-05-13,9.741,9.603,9.859,9.583
2016-05-16,9.721,9.918,10.026,9.554
2016-05-17,9.839,9.76,10.016,9.672
2016-05-18,9.741,9.976,10.252,9.662
2016-05-19,9.888,10.153,10.517,9.849
2016-05-20,9.976,10.291,10.409,9.967
2016-05-23,10.222,10.448,10.458,10.104
2016-05-24,10.35,10.645,10.763,10.222
2016-05-25,10.606,10.645,10.694,10.448
2016-05-26,10.537,10.625,10.723,10.252
2016-05-27,10.547,10.458,10.714,10.429
2016-05-30,10.379,10.458,10.655,10.262
2016-05-31,10.419,10.802,10.9,10.399
2016-06-01,10.792,11.087,11.244,10.773
2016-06-02,11.018,11.126,11.146,10.891
2016-06-03,11.097,11.353,11.353,10.969
2016-06-06,11.343,11.284,11.412,11.176
2016-06-07,11.274,11.156,11.421,11.126
2016-06-08,11.166,11.068,11.284,10.989
2016-06-13,10.92,10.615,11.018,10.615
2016-06-14,10.615,10.497,10.694,10.34
2016-06-15,10.409,11.146,11.156,10.33
2016-06-16,11.185,11.185,11.343,10.969
2016-06-17,11.225,11.431,11.5,11.225
2016-06-20,11.323,11.215,11.402,11.077
2016-06-21,11.225,10.832,11.323,10.743
2016-06-22,10.674,11.038,11.077,10.615
2016-06-23,10.969,11.077,11.156,10.861
2016-06-24,11.068,11.009,11.244,10.615
2016-06-27,10.92,11.215,11.254,10.91
2016-06-28,11.136,11.382,11.441,11.117
2016-06-29,11.421,11.5,11.579,11.284
2016-06-30,11.549,11.697,11.775,11.353
2016-07-01,11.726,11.451,11.765,11.362
2016-07-04,11.353,11.628,11.756,11.353
2016-07-05,11.677,11.716,11.942,11.5
2016-07-06,11.647,12.149,12.237,11.598
2016-07-07,12.021,11.923,12.09,11.765
2016-07-08,11.854,11.834,12.09,11.815
2016-07-11,11.795,11.893,11.942,11.726
2016-07-12,11.873,12.188,12.306,11.726
2016-07-13,12.188,11.962,12.237,11.932
2016-07-14,11.962,11.765,12.09,11.746
2016-07-15,11.805,11.677,11.883,11.647
2016-07-18,11.677,11.913,11.913,11.412
2016-07-19,11.824,11.647,11.942,11.549
2016-07-20,11.677,11.982,12.09,11.628
2016-07-21,11.962,11.982,12.237,11.824
2016-07-22,11.991,11.942,12.09,11.883
2016-07-25,11.854,12.08,12.119,11.815
2016-07-26,12.08,12.168,12.237,12.011
2016-07-27,12.159,11.225,12.217,10.959
2016-07-28,11.225,11.225,11.353,11.009
2016-07-29,11.235,11.176,11.284,11.009
2016-08-01,11.176,10.733,11.195,10.566
2016-08-02,10.723,10.822,10.851,10.684
2016-08-03,10.851,10.871,10.95,10.773
2016-08-04,10.822,11.068,11.225,10.822
2016-08-05,11.107,11.166,11.362,10.94
2016-08-08,11.303,11.195,11.353,11.107
2016-08-09,11.235,11.156,11.235,11.058
2016-08-10,11.195,11.146,11.225,11.058
2016-08-11,11.097,10.812,11.146,10.812
2016-08-12,10.841,10.881,10.92,10.723
2016-08-15,10.881,11.146,11.156,10.832
2016-08-16,11.136,11.5,11.628,11.107
2016-08-17,11.451,12.65,12.65,11.402
2016-08-18,12.483,12.729,13.063,12.286
2016-08-19,12.562,12.788,12.925,12.365
2016-08-22,12.679,12.444,13.043,12.365
2016-08-23,12.424,12.375,12.719,12.09
2016-08-24,12.345,12.866,13.535,12.345
2016-08-25,12.758,12.62,12.817,12.434
2016-08-26,12.65,12.64,12.847,12.503
2016-08-29,12.601,12.778,12.856,12.532
2016-08-30,12.748,12.63,12.827,12.552
2016-08-31,12.601,12.866,12.906,12.168
2016-09-01,12.758,12.542,12.856,12.542
2016-09-02,12.453,12.444,12.64,12.286
2016-09-05,12.463,12.67,13.004,12.463
2016-09-06,12.581,12.522,12.65,12.188
2016-09-07,12.63,12.385,12.827,12.385
2016-09-08,12.306,12.237,12.434,12.198
2016-09-09,12.217,12.247,12.503,12.188
2016-09-12,11.991,11.421,12.021,11.402
2016-09-13,11.48,11.569,11.638,11.412
2016-09-14,11.47,11.48,11.785,11.412
2016-09-19,11.402,11.598,11.775,11.362
2016-09-20,11.618,11.667,11.687,11.52
2016-09-21,11.667,11.706,11.746,11.618
2016-09-22,11.765,11.805,11.932,11.726
2016-09-23,11.864,11.628,11.864,11.618
2016-09-26,11.588,11.412,11.647,11.392
2016-09-27,11.392,11.579,11.579,11.333
2016-09-28,11.598,11.579,11.638,11.539
2016-09-29,11.579,11.736,11.805,11.579
2016-09-30,11.746,11.785,11.834,11.677
2016-10-10,11.844,12.08,12.1,11.844
2016-10-11,12.109,12.06,12.119,11.952
2016-10-12,12.031,12.09,12.139,11.972
2016-10-13,12.07,12.159,12.188,12.011
2016-10-14,12.159,12.041,12.159,11.844
2016-10-17,12.05,11.893,12.129,11.834
2016-10-18,11.864,12.09,12.09,11.864
2016-10-19,12.139,12.188,12.257,12.06
2016-10-20,12.188,12.188,12.267,12.07
2016-10-21,12.129,12.09,12.247,11.952
2016-10-24,12.041,12.247,12.296,11.991
2016-10-25,12.198,12.286,12.326,12.188
2016-10-26,12.286,12.326,12.326,12.178
2016-10-27,12.345,12.414,12.512,12.257
2016-10-28,12.355,12.08,12.483,12.06
2016-10-31,12.06,12.05,12.149,11.942
2016-11-01,12.041,12.424,12.434,12.041
2016-11-02,12.385,12.188,12.414,12.129
2016-11-03,12.257,12.296,12.463,12.159
2016-11-04,12.326,12.444,12.552,12.276
2016-11-07,12.424,12.552,12.552,12.335
2016-11-08,12.571,12.434,12.817,12.424
2016-11-09,12.62,12.345,12.699,12.247
2016-11-10,12.434,12.689,12.738,12.434
2016-11-11,12.581,12.896,13.053,12.581
2016-11-14,12.925,12.866,13.043,12.709
2016-11-15,12.925,13.004,13.014,12.768
2016-11-16,12.817,12.847,13.191,12.817
2016-11-17,12.955,13.053,13.053,12.729
2016-11-18,13.073,13.073,13.23,12.974
2016-11-21,13.063,13.485,13.643,13.033
2016-11-22,13.426,13.594,13.947,13.269
2016-11-23,13.544,13.967,14.232,13.446
2016-11-24,13.908,13.682,14.114,13.613
2016-11-25,13.662,13.426,13.731,12.906
2016-11-28,13.417,13.141,13.495,13.043
2016-11-29,13.132,12.788,13.279,12.738
2016-11-30,12.797,12.876,12.965,12.591
2016-12-01,12.906,12.915,13.004,12.778
2016-12-02,12.866,12.365,12.925,12.296
2016-12-05,12.178,12.571,12.62,12.109
2016-12-06,12.571,12.483,12.699,12.463
2016-12-07,12.522,12.522,12.552,12.355
2016-12-08,12.581,12.473,12.62,12.463
2016-12-09,12.512,12.62,12.768,12.434
2016-12-12,12.62,12.385,12.817,12.149
2016-12-13,12.257,12.562,12.67,12.168
2016-12-14,12.493,13.161,13.672,12.493
2016-12-15,13.004,13.446,13.554,12.994
2016-12-16,13.456,13.377,13.564,13.279
2016-12-19,13.544,13.613,13.751,13.348
2016-12-20,13.603,13.22,13.623,13.112
2016-12-21,13.181,13.662,13.672,13.141
2016-12-22,13.564,13.318,13.643,13.171
2016-12-23,13.358,12.817,13.407,12.817
2016-12-26,12.788,13.043,13.082,12.66
2016-12-27,13.043,13.535,13.662,12.935
2016-12-28,13.466,13.417,13.643,13.367
2016-12-29,13.466,13.535,13.829,13.318
2016-12-30,13.554,13.997,13.997,13.436
2017-01-03,13.908,13.928,14.075,13.672
2017-01-04,13.918,13.741,14.095,13.633
2017-01-05,13.751,14.183,14.576,13.662
2017-01-06,13.997,13.997,14.203,13.839
2017-01-09,13.859,13.918,14.183,13.81
2017-01-10,13.849,13.623,14.085,13.584
2017-01-11,13.505,13.623,13.731,13.495
2017-01-12,13.544,13.377,13.623,13.338
2017-01-13,13.358,12.748,13.436,12.709
2017-01-16,12.66,12.1,12.778,11.47
2017-01-17,11.952,12.198,12.365,11.942
2017-01-18,12.198,12.07,12.267,11.893
2017-01-19,11.991,12.031,12.217,11.805
2017-01-20,11.991,12.365,12.444,11.952
2017-01-23,12.444,12.375,12.503,12.296
2017-01-24,12.414,12.326,12.453,12.257
2017-01-25,12.306,12.571,12.66,12.296
2017-01-26,12.64,12.532,12.67,12.394
2017-02-03,12.532,12.444,12.542,12.335
2017-02-06,12.463,12.62,12.62,12.394
2017-02-07,12.571,12.63,12.768,12.493
2017-02-08,12.581,12.679,12.738,12.552
2017-02-09,12.679,12.925,13.023,12.679
2017-02-10,12.906,12.856,13.259,12.788
2017-02-13,12.827,12.915,12.935,12.66
2017-02-14,12.896,12.738,12.915,12.699
2017-02-15,12.738,12.463,12.856,12.444
2017-02-16,12.483,12.552,12.611,12.375
2017-02-17,12.493,12.689,12.748,12.483
2017-02-20,12.729,12.63,12.738,12.522
2017-02-21,12.63,12.719,12.748,12.601
2017-02-22,12.689,12.994,13.191,12.689
2017-02-23,12.974,12.984,13.092,12.827
2017-02-24,13.033,12.965,13.043,12.876
2017-02-27,12.906,12.778,13.043,12.758
2017-02-28,12.866,12.955,13.004,12.807
2017-03-01,12.906,12.955,13.014,12.876
2017-03-02,12.984,12.679,12.994,12.679
2017-03-03,12.64,12.738,12.797,12.63
2017-03-06,12.738,13.023,13.023,12.679
2017-03-07,13.023,12.974,13.053,12.915
2017-03-08,12.974,12.974,13.053,12.906
2017-03-09,12.935,12.591,12.955,12.581
2017-03-10,12.591,12.316,12.611,12.306
2017-03-13,12.316,12.434,12.453,12.276
2017-03-14,12.434,12.385,12.483,12.286
2017-03-15,12.335,12.316,12.453,12.247
2017-03-16,12.335,12.503,12.532,12.296
2017-03-17,12.453,12.414,12.611,12.385
2017-03-20,12.385,12.542,12.581,12.385
2017-03-21,12.532,12.62,12.65,12.493
2017-03-22,12.542,12.463,12.62,12.355
2017-03-23,12.404,12.257,12.503,12.208
2017-03-24,12.267,12.345,12.355,12.198
2017-03-27,12.335,12.267,12.414,12.237
2017-03-28,12.267,12.335,12.404,12.267
2017-03-29,12.375,12.365,12.601,12.257
2017-03-30,12.326,11.618,12.326,11.598
2017-03-31,11.628,11.677,11.844,11.618
2017-04-05,11.647,12.041,12.06,11.647
2017-04-06,12.09,12.168,12.326,12.06
2017-04-07,12.129,12.159,12.267,12.129
2017-04-10,12.296,11.962,12.296,11.942
2017-04-11,11.962,11.972,12.09,11.736
2017-04-12,11.972,11.982,12.119,11.805
2017-04-13,11.982,12.1,12.129,11.873
2017-04-14,12.07,11.726,12.07,11.687
2017-04-17,11.677,11.421,11.726,11.353
2017-04-18,11.529,11.333,11.569,11.284
2017-04-19,11.333,11.058,11.333,10.95
2017-04-20,11.058,10.635,11.136,10.547
2017-04-21,10.665,10.714,11.009,10.665
2017-04-24,10.773,10.419,10.773,10.36
2017-04-25,10.448,10.34,10.596,10.252
2017-04-26,10.34,10.37,10.409,10.281
2017-04-27,10.34,10.438,10.468,9.976
2017-04-28,10.448,10.448,10.625,10.419
2017-05-02,10.468,10.822,11.009,10.468
2017-05-03,10.763,10.851,10.959,10.674
2017-05-04,10.802,10.733,10.881,10.684
2017-05-05,10.802,10.665,10.802,10.615
2017-05-08,10.674,10.448,10.733,10.37
2017-05-09,10.33,10.517,10.566,10.33
2017-05-10,10.517,10.173,10.645,10.114
2017-05-11,10.183,10.035,10.203,9.711
2017-05-12,10.016,10.065,10.144,9.947
2017-05-15,10.114,10.045,10.183,10.026
2017-05-16,10.035,10.262,10.301,9.937
2017-05-17,10.262,10.379,10.429,10.212
2017-05-18,10.399,10.35,10.497,10.252
2017-05-19,10.33,10.35,10.389,10.232
2017-05-22,10.32,9.878,10.36,9.839
2017-05-23,9.839,9.78,10.045,9.721
2017-05-24,9.78,10.144,10.183,9.593
2017-05-25,10.153,10.615,10.625,9.996
2017-05-26,10.714,10.507,10.714,10.448
2017-05-31,10.497,10.389,10.665,10.37
2017-06-01,10.33,10.055,10.379,9.986
2017-06-02,10.065,10.183,10.291,9.878
2017-06-05,10.193,10.203,10.32,10.144
2017-06-06,10.183,10.262,10.301,10.153
2017-06-07,10.271,10.478,10.517,10.271
2017-06-08,10.478,10.478,10.547,10.35
2017-06-09,10.448,10.556,10.566,10.37
2017-06-12,10.517,10.222,10.556,10.222
2017-06-13,10.222,10.36,10.409,10.193
2017-06-14,10.32,10.389,10.419,10.271
2017-06-15,10.379,10.517,10.625,10.32
2017-06-16,10.556,10.537,10.704,10.419
2017-06-19,10.478,10.576,10.606,10.458
2017-06-20,10.606,10.655,10.773,10.547
2017-06-21,10.645,11.716,11.716,10.497
2017-06-22,11.677,11.303,11.687,11.244
2017-06-23,11.303,11.402,11.421,11.018
2017-06-26,11.343,11.647,11.647,11.185
2017-06-27,11.539,11.412,11.638,11.392
2017-06-28,11.382,11.343,11.382,11.166
2017-06-29,11.343,11.303,11.382,11.225
2017-06-30,11.274,11.254,11.362,11.215
2017-07-03,11.274,11.402,11.451,11.225
2017-07-04,11.402,11.412,11.647,11.372
2017-07-05,11.451,11.421,11.598,11.343
2017-07-06,11.47,11.52,11.598,11.343
2017-07-07,11.52,11.687,11.756,11.431
2017-07-10,11.687,11.47,11.736,11.461
2017-07-11,11.55,11.24,11.58,11.03
2017-07-12,11.28,11.32,11.36,11.15
2017-07-13,11.27,11.35,11.37,11.27
2017-07-14,11.23,11.21,11.31,11.17
2017-07-17,11.2,10.34,11.2,10.28
2017-07-18,10.3,10.65,10.7,10.26
2017-07-19,10.63,11.17,11.58,10.57
2017-07-20,11.18,11.14,11.39,11.1
2017-07-21,11.03,11.11,11.22,11.03
2017-07-24,11.1,11.32,11.35,11.04
2017-07-25,11.89,11.39,11.9,11.37
2017-07-26,11.5,11.38,11.55,11.21
2017-07-27,11.42,11.64,11.73,11.36
2017-07-28,11.69,11.53,11.71,11.53
2017-07-31,11.68,11.63,11.7,11.32
2017-08-01,11.6,11.59,11.72,11.54
2017-08-02,11.55,11.84,11.97,11.41
2017-08-03,11.81,11.7,11.82,11.64
2017-08-04,11.7,11.52,11.75,11.5
2017-08-07,11.52,11.54,11.65,11.47
2017-08-08,11.53,11.53,11.61,11.46
2017-08-09,11.57,11.66,11.78,11.53
2017-08-10,11.65,11.37,11.67,11.37
2017-08-11,11.32,11.09,11.37,11.05
2017-08-14,11.38,11.32,11.38,11.2
2017-08-15,11.26,11.28,11.38,11.24
2017-08-16,11.36,11.41,11.44,11.28
2017-08-17,11.37,11.42,11.44,11.3
2017-08-18,11.39,11.27,11.4,11.16
2017-08-21,11.32,11.56,11.56,11.31
2017-08-22,11.56,11.35,11.6,11.33
2017-08-23,11.35,11.47,11.59,11.31
2017-08-24,11.52,11.57,11.64,11.44
2017-08-25,11.51,11.67,11.67,11.43
2017-08-28,11.66,12.15,12.65,11.61
2017-08-29,12.05,12.08,12.18,12.01
2017-08-30,12.17,12.06,12.17,12.01
2017-08-31,12.04,12.03,12.14,12.03
2017-09-01,12.03,11.9,12.07,11.83
2017-09-04,11.86,12.05,12.24,11.82
2017-09-05,12.05,12.1,12.15,11.91
2017-09-06,12.12,11.89,12.12,11.86
2017-09-07,11.8,11.74,11.92,11.7
2017-09-08,11.78,11.8,11.91,11.72
2017-09-11,11.88,11.91,11.95,11.76
2017-09-12,11.86,11.93,12.21,11.86
2017-09-13,11.93,11.88,12.09,11.8
2017-09-14,11.84,11.86,11.95,11.78
2017-09-15,11.87,11.63,11.89,11.6
2017-09-18,11.61,11.65,11.73,11.6
2017-09-19,11.68,11.68,11.69,11.5
2017-09-20,11.67,11.78,11.81,11.6
2017-09-21,11.75,11.6,11.84,11.6
2017-09-22,11.6,11.66,11.72,11.57
2017-09-25,11.71,11.55,11.71,11.51
2017-09-26,11.48,11.45,11.56,11.43
2017-09-27,11.41,11.6,11.6,11.41
2017-09-28,11.62,11.69,11.77,11.6
2017-09-29,11.75,11.81,11.84,11.66
2017-10-09,11.88,11.88,11.94,11.78
2017-10-10,11.88,12.17,12.2,11.81
2017-10-11,12.13,12.15,12.17,12.02
2017-10-12,12.15,12.05,12.17,11.99
2017-10-13,12.07,11.99,12.07,11.91
2017-10-16,12.1,11.81,12.1,11.8
2017-10-17,11.81,11.69,11.81,11.68
2017-10-18,11.73,11.79,11.84,11.57
2017-10-19,11.79,11.44,11.9,11.4
2017-10-20,11.42,11.55,11.6,11.42
2017-10-23,11.56,11.63,11.65,11.53
2017-10-24,11.6,11.35,11.65,11.03
2017-10-25,11.35,11.36,11.43,11.27
2017-10-26,11.38,11.37,11.41,11.28
2017-10-27,11.41,11.25,11.41,11.2
2017-10-30,11.27,10.75,11.32,10.13
2017-10-31,10.84,10.96,10.99,10.71
2017-11-01,10.95,10.9,11.14,10.8
2017-11-02,10.9,10.72,10.92,10.7
2017-11-03,10.71,10.66,10.79,10.6
2017-11-06,10.63,10.71,10.77,10.53
2017-11-07,10.71,10.71,10.79,10.65
2017-11-08,10.8,11.08,11.17,10.72
2017-11-09,10.96,10.98,11.08,10.9
2017-11-10,11.06,11.0,11.08,10.91
2017-11-13,10.93,11.0,11.03,10.85
2017-11-14,11.0,11.14,11.15,10.93
2017-11-15,11.1,11.41,11.44,11.05
2017-11-16,11.37,11.46,11.62,11.26
2017-11-17,11.45,11.4,11.48,11.15
2017-11-20,11.4,11.38,11.4,10.91
2017-11-21,11.33,11.42,11.43,11.17
2017-11-22,11.42,11.6,11.8,11.25
2017-11-23,11.49,11.55,11.6,11.35
2017-11-24,11.48,11.47,11.54,11.38
2017-11-27,11.34,11.57,11.99,11.23
2017-11-28,11.58,11.39,11.64,11.2
2017-11-29,11.37,11.15,11.49,11.13
2017-11-30,11.15,10.76,11.15,10.68
2017-12-01,10.71,10.75,10.84,10.7
2017-12-04,10.76,10.72,11.02,10.67
2017-12-05,10.72,10.77,11.1,10.6
2017-12-06,10.68,10.75,10.85,10.67
2017-12-07,10.81,10.75,10.85,10.67
2017-12-08,10.64,10.68,10.9,10.61
2017-12-11,10.72,10.64,10.78,10.63
2017-12-12,10.8,10.69,10.8,10.68
2017-12-13,10.62,10.7,10.72,10.62
2017-12-14,10.7,10.64,10.7,10.61
2017-12-15,10.65,10.57,10.65,10.56
2017-12-18,10.39,10.38,10.66,10.36
2017-12-19,10.38,10.43,10.5,10.38
2017-12-20,10.47,10.42,10.57,10.41
2017-12-21,10.39,10.28,10.45,10.27
2017-12-22,10.29,10.04,10.3,9.99
2017-12-25,10.04,9.67,10.09,9.63
2017-12-26,9.56,9.7,9.72,9.52
2017-12-27,9.69,9.69,9.77,9.65
2017-12-28,9.7,9.66,9.76,9.61
2017-12-29,9.69,9.67,9.75,9.56
2018-01-02,9.69,9.75,9.75,9.64
2018-01-03,9.8,9.88,9.95,9.75
2018-01-04,9.96,9.97,10.02,9.83
2018-01-05,9.9,9.97,10.0,9.9
2018-01-08,9.94,9.83,9.94,9.74
2018-01-09,9.76,9.81,9.87,9.76
2018-01-10,9.76,9.67,9.82,9.62
2018-01-11,9.61,9.69,9.72,9.6
2018-01-12,9.69,9.86,9.88,9.61
2018-01-15,9.75,10.02,10.31,9.7
2018-01-16,10.62,10.16,10.62,10.03
2018-01-17,10.02,9.88,10.06,9.78
2018-01-18,9.85,9.89,9.92,9.78
2018-01-19,9.89,9.82,9.89,9.74
2018-01-22,9.82,9.71,9.82,9.67
2018-01-23,9.73,9.7,9.77,9.68
2018-01-24,9.7,9.68,9.77,9.6
2018-01-25,9.68,9.79,10.15,9.62
2018-01-26,9.8,9.8,10.03,9.73
2018-01-29,9.84,9.68,9.84,9.61
2018-01-30,9.68,9.67,9.74,9.62
2018-01-31,9.6,9.08,9.66,9.0
2018-02-01,9.07,8.97,9.95,8.85
2018-02-02,8.94,9.02,9.27,8.51
2018-02-05,8.88,8.7,9.0,8.66
2018-02-06,8.52,8.1,8.83,8.09
2018-02-07,8.2,8.0,8.34,7.82
2018-02-08,7.99,8.12,8.12,7.9
2018-02-09,7.93,7.62,8.0,7.4
2018-02-12,7.6,7.9,7.92,7.6
2018-02-13,7.9,7.88,8.0,7.86
2018-02-14,7.86,7.93,7.97,7.86
2018-02-22,8.0,8.04,8.07,7.9
2018-02-23,8.05,8.03,8.09,7.95
2018-02-26,8.01,8.22,8.25,8.01
2018-02-27,8.13,8.26,8.38,8.13
2018-02-28,8.26,8.2,8.28,8.12
2018-03-01,8.19,8.3,8.32,8.11
2018-03-02,8.25,8.21,8.39,8.21
2018-03-05,8.18,8.4,8.45,8.18
2018-03-06,8.4,8.43,8.49,8.3
2018-03-07,8.46,8.4,8.6,8.38
2018-03-08,8.44,8.44,8.46,8.36
2018-03-09,8.5,8.52,8.57,8.41
2018-03-12,8.52,8.64,8.75,8.49
2018-03-13,8.66,8.92,8.94,8.57
2018-03-14,9.13,8.75,9.13,8.73
2018-03-15,8.67,8.45,8.74,8.38
2018-03-16,8.45,8.47,8.58,8.44
2018-03-19,8.47,8.5,8.57,8.41
2018-03-20,8.46,8.51,8.53,8.3
2018-03-21,8.51,8.48,8.61,8.47
2018-03-22,8.44,8.47,8.54,8.43
2018-03-23,8.33,7.8,8.33,7.67
2018-03-26,7.69,7.76,7.82,7.03
2018-03-27,7.88,8.05,8.12,7.8
2018-03-28,7.96,7.95,8.16,7.86
2018-03-29,7.95,8.1,8.13,7.95
2018-03-30,8.12,8.3,8.3,8.1
2018-04-02,8.2,8.18,8.29,8.1
2018-04-03,8.17,8.35,8.36,8.07
2018-04-04,8.4,8.46,8.54,8.31
2018-04-09,8.46,8.44,8.5,8.09
2018-04-10,8.43,8.43,8.44,8.24
2018-04-11,8.42,8.64,8.92,8.38
2018-04-12,8.55,8.59,8.82,8.5
2018-04-13,8.57,8.76,8.78,8.49
2018-04-16,8.72,9.13,9.25,8.51
2018-04-17,8.93,8.39,8.93,8.3
2018-04-18,8.39,8.09,8.49,7.85
2018-04-19,8.09,8.07,8.23,8.03
2018-04-20,8.04,7.85,8.11,7.85
2018-04-23,7.8,7.75,7.9,7.68
2018-04-24,7.75,7.95,8.03,7.75
2018-04-25,7.9,7.99,8.02,7.88
2018-04-26,7.93,7.75,7.99,7.75
2018-04-27,7.8,7.72,7.84,7.71
2018-05-02,7.74,7.7,7.86,7.62
2018-05-03,7.66,7.8,7.82,7.6
2018-05-04,7.79,7.76,7.86,7.72
2018-05-07,7.74,7.87,7.89,7.74
2018-05-08,7.88,7.94,7.97,7.88
2018-05-09,7.96,7.98,8.03,7.92
2018-05-10,8.0,8.12,8.15,7.99
2018-05-11,8.1,7.97,8.16,7.96
2018-05-14,7.93,8.06,8.07,7.91
2018-05-15,8.04,8.49,8.49,8.03
2018-05-16,8.41,8.31,8.62,8.25
2018-05-17,8.3,8.43,8.49,8.17
