date,open,close,high,low
2016-01-04,13.008,11.806,13.235,11.796
2016-01-05,11.027,12.151,12.17,10.85
2016-01-06,12.121,12.279,12.525,11.727
2016-01-07,11.904,11.047,11.904,11.047
2016-01-08,11.313,10.751,11.53,10.15
2016-01-11,10.406,9.677,10.446,9.677
2016-01-12,9.47,9.47,9.756,9.115
2016-01-13,9.559,8.633,9.746,8.623
2016-01-14,8.376,9.017,9.125,8.219
2016-01-15,8.83,8.485,9.145,8.317
2016-01-18,8.238,8.603,8.771,8.179
2016-01-19,8.633,9.125,9.234,8.613
2016-01-20,8.987,9.293,9.628,8.987
2016-01-21,9.066,8.554,9.322,8.554
2016-01-22,8.741,8.82,8.889,8.357
2016-01-25,8.771,9.037,9.204,8.771
2016-01-26,8.968,8.14,8.968,8.13
2016-01-27,8.229,8.229,8.317,7.647
2016-01-28,8.091,7.795,8.278,7.706
2016-01-29,7.805,8.199,8.347,7.746
2016-02-01,8.12,8.022,8.278,7.815
2016-02-02,8.11,8.327,8.396,8.012
2016-02-03,8.199,8.396,8.495,8.061
2016-02-04,8.564,8.524,8.633,8.426
2016-02-05,8.514,8.376,8.623,8.376
2016-02-15,8.031,8.258,8.327,7.933
2016-02-16,8.327,8.869,8.948,8.317
2016-02-17,8.761,8.987,9.027,8.642
2016-02-18,9.047,8.79,9.066,8.78
2016-02-19,8.771,8.879,8.918,8.731
2016-02-22,9.017,9.106,9.253,8.938
2016-02-23,9.125,8.909,9.125,8.78
2016-02-24,8.869,8.968,8.968,8.672
2016-02-25,8.928,8.071,8.948,8.071
2016-02-26,8.209,8.1,8.219,7.943
2016-02-29,8.041,7.588,8.041,7.391
2016-03-01,7.677,7.864,7.982,7.539
2016-03-02,7.844,8.268,8.278,7.825
2016-03-03,8.347,8.189,8.376,8.179
2016-03-04,8.16,7.884,8.199,7.687
2016-03-07,7.963,8.12,8.179,7.963
2016-03-08,8.12,8.15,8.15,7.785
2016-03-09,8.002,7.953,8.081,7.884
2016-03-10,7.982,7.864,8.1,7.854
2016-03-11,7.785,7.825,7.923,7.706
2016-03-14,7.963,8.13,8.278,7.874
2016-03-15,8.13,8.061,8.15,8.031
2016-03-16,8.11,7.953,8.14,7.933
2016-03-17,7.992,8.258,8.327,7.972
2016-03-18,8.278,8.573,8.652,8.258
2016-03-21,8.82,8.78,8.918,8.573
2016-03-22,8.633,8.692,8.83,8.623
2016-03-23,8.652,8.761,8.771,8.603
2016-03-24,8.642,9.638,9.638,8.505
2016-03-25,9.904,9.845,10.367,9.697
2016-03-28,9.707,9.707,10.012,9.51
2016-03-29,9.48,9.076,9.589,9.027
2016-03-30,9.175,9.441,9.51,9.175
2016-03-31,9.372,9.194,9.51,9.115
2016-04-01,9.115,9.017,9.204,8.909
2016-04-05,9.056,9.362,9.372,9.027
2016-04-06,9.362,9.273,9.391,9.145
2016-04-07,9.293,9.017,9.332,8.948
2016-04-08,8.948,8.948,8.997,8.83
2016-04-11,9.017,9.145,9.234,8.968
2016-04-12,9.056,8.987,9.135,8.928
2016-04-13,9.076,9.214,9.332,9.037
2016-04-14,9.273,9.362,9.411,9.175
2016-04-15,9.372,9.204,9.421,9.145
2016-04-18,9.175,8.968,9.175,8.948
2016-04-19,8.978,9.027,9.066,8.948
2016-04-20,9.047,8.288,9.076,8.179
2016-04-21,8.288,8.238,8.406,8.179
2016-04-22,8.238,8.357,8.367,8.15
2016-04-25,8.278,8.199,8.307,8.041
2016-04-26,8.209,8.327,8.327,8.199
2016-04-27,8.278,8.327,8.436,8.278
2016-04-28,8.317,8.288,8.357,8.091
2016-04-29,8.238,8.278,8.337,8.209
2016-05-03,8.209,8.514,8.524,8.209
2016-05-04,8.485,8.603,8.682,8.426
2016-05-05,8.544,8.682,8.721,8.534
2016-05-06,8.642,8.268,8.741,8.258
2016-05-09,8.229,7.943,8.229,7.903
2016-05-10,7.933,7.943,8.012,7.903
2016-05-11,8.091,7.913,8.091,7.913
2016-05-12,7.716,7.815,7.874,7.687
2016-05-13,7.815,7.746,7.874,7.687
2016-05-16,7.765,7.864,7.864,7.687
2016-05-17,7.884,7.825,7.913,7.785
2016-05-18,7.785,7.539,7.805,7.46
2016-05-19,7.539,7.578,7.716,7.539
2016-05-20,7.539,7.706,7.716,7.47
2016-05-23,7.706,7.894,8.002,7.706
2016-05-24,7.884,7.756,7.884,7.716
2016-05-25,7.854,7.785,7.874,7.736
2016-05-26,7.716,7.805,7.825,7.588
2016-05-27,7.834,7.844,7.953,7.815
2016-05-30,7.834,7.765,7.834,7.696
2016-05-31,7.785,8.1,8.12,7.785
2016-06-01,8.091,8.11,8.219,8.061
2016-06-02,8.051,8.248,8.337,8.031
2016-06-03,8.229,8.238,8.298,8.16
2016-06-06,8.248,8.16,8.288,8.1
2016-06-07,8.14,8.347,8.445,8.091
2016-06-08,8.278,8.229,8.327,8.13
2016-06-13,8.12,7.903,8.337,7.894
2016-06-14,7.894,7.844,7.943,7.795
2016-06-15,7.765,8.081,8.1,7.706
2016-06-16,8.031,8.179,8.298,8.031
2016-06-17,8.11,8.209,8.307,8.11
2016-06-20,8.209,8.209,8.278,8.1
2016-06-21,8.248,8.041,8.298,7.982
2016-06-22,8.041,8.16,8.179,7.992
2016-06-23,8.12,8.13,8.268,8.071
2016-06-24,8.16,8.051,8.288,7.894
2016-06-27,7.982,8.445,8.514,7.884
2016-06-28,8.288,8.455,8.485,8.288
2016-06-29,8.514,9.303,9.303,8.475
2016-06-30,9.51,9.106,9.51,8.948
2016-07-01,9.165,8.987,9.165,8.899
2016-07-04,8.948,9.027,9.214,8.879
2016-07-05,9.027,9.007,9.145,8.909
2016-07-06,8.938,8.978,8.987,8.889
2016-07-07,8.968,9.086,9.145,8.84
2016-07-08,9.047,8.997,9.076,8.928
2016-07-11,9.027,8.81,9.056,8.79
2016-07-12,8.81,8.849,8.869,8.633
2016-07-13,8.899,8.928,8.968,8.849
2016-07-14,8.948,8.909,8.968,8.869
2016-07-15,8.997,8.928,9.156,8.928
2016-07-18,8.908,8.878,8.958,8.829
2016-07-19,8.849,8.948,8.948,8.839
2016-07-20,9.007,8.968,9.117,8.958
2016-07-21,9.027,8.978,9.057,8.938
2016-07-22,8.988,8.63,9.017,8.611
2016-07-25,8.66,8.531,8.7,8.472
2016-07-26,8.531,8.69,8.7,8.531
2016-07-27,8.72,8.224,8.74,8.075
2016-07-28,8.293,8.283,8.323,8.144
2016-07-29,8.253,8.293,8.303,8.184
2016-08-01,8.253,8.353,8.462,8.105
2016-08-02,8.333,8.809,8.928,8.313
2016-08-03,8.73,8.928,8.968,8.73
2016-08-04,8.898,8.829,8.948,8.769
2016-08-05,8.898,8.918,9.007,8.68
2016-08-08,8.64,8.68,8.859,8.611
2016-08-09,8.66,8.7,8.73,8.581
2016-08-10,8.68,8.65,8.769,8.63
2016-08-11,8.621,8.382,8.63,8.343
2016-08-12,8.412,8.472,8.511,8.343
2016-08-15,8.492,8.63,8.65,8.442
2016-08-16,8.64,8.66,8.69,8.611
2016-08-17,8.66,8.64,8.66,8.541
2016-08-18,8.66,8.72,8.74,8.611
2016-08-19,8.71,8.72,8.809,8.63
2016-08-22,8.7,8.591,8.839,8.581
2016-08-23,8.551,8.551,8.621,8.492
2016-08-24,8.551,8.591,8.65,8.511
2016-08-25,8.561,8.492,8.561,8.412
2016-08-26,8.511,8.531,8.63,8.482
2016-08-29,8.531,8.64,8.65,8.482
2016-08-30,8.591,8.66,8.69,8.571
2016-08-31,8.7,8.65,8.7,8.611
2016-09-01,8.621,8.65,8.759,8.621
2016-09-02,8.63,8.492,8.65,8.442
2016-09-05,8.511,8.521,8.601,8.482
2016-09-06,8.521,8.789,8.799,8.482
2016-09-07,8.779,8.869,8.948,8.73
2016-09-08,8.819,8.948,9.126,8.73
2016-09-09,8.938,8.759,8.938,8.74
2016-09-12,8.621,8.978,9.107,8.412
2016-09-13,8.988,8.7,9.007,8.63
2016-09-14,8.749,8.492,8.749,8.482
2016-09-19,8.462,8.521,8.551,8.452
2016-09-20,8.501,8.432,8.521,8.382
2016-09-21,8.452,8.452,8.482,8.422
2016-09-22,8.482,8.442,8.511,8.422
2016-09-23,8.452,8.343,8.472,8.343
2016-09-26,8.303,8.115,8.323,8.105
2016-09-27,8.105,8.184,8.204,8.075
2016-09-28,8.194,8.164,8.224,8.144
2016-09-29,8.174,8.214,8.244,8.164
2016-09-30,8.204,8.263,8.293,8.194
2016-10-10,8.293,8.402,8.432,8.273
2016-10-11,8.402,8.442,8.452,8.373
2016-10-12,8.392,8.452,8.472,8.382
2016-10-13,8.452,8.402,8.462,8.382
2016-10-14,8.402,8.402,8.442,8.323
2016-10-17,8.412,8.412,8.521,8.392
2016-10-18,8.412,8.501,8.501,8.412
2016-10-19,8.511,8.452,8.511,8.432
2016-10-20,8.452,8.501,8.561,8.452
2016-10-21,8.482,8.402,8.511,8.353
2016-10-24,8.432,8.521,8.531,8.422
2016-10-25,8.531,8.601,8.66,8.501
2016-10-26,8.581,8.581,8.611,8.472
2016-10-27,8.551,8.551,8.581,8.492
2016-10-28,8.561,8.462,8.591,8.462
2016-10-31,8.432,8.462,8.462,8.373
2016-11-01,8.432,8.521,8.521,8.432
2016-11-02,8.501,8.353,8.511,8.323
2016-11-03,8.392,8.462,8.501,8.333
2016-11-04,8.402,8.402,8.472,8.392
2016-11-07,8.442,8.541,8.601,8.422
2016-11-08,8.541,8.581,8.591,8.501
2016-11-09,8.591,8.521,8.601,8.412
2016-11-10,8.561,8.67,8.69,8.561
2016-11-11,8.65,8.73,8.749,8.63
2016-11-14,8.72,8.72,8.759,8.66
2016-11-15,8.72,8.769,8.779,8.67
2016-11-16,8.779,8.7,8.789,8.69
2016-11-17,8.68,8.7,8.749,8.65
2016-11-18,8.72,8.769,8.799,8.66
2016-11-21,8.789,8.74,8.789,8.7
2016-11-22,8.759,8.859,8.908,8.72
2016-11-23,8.908,8.73,8.908,8.67
2016-11-24,8.69,8.64,8.789,8.63
2016-11-25,8.68,8.789,8.839,8.64
2016-11-28,8.789,8.7,8.878,8.68
2016-11-29,8.71,8.591,8.72,8.591
2016-11-30,8.591,8.521,8.621,8.482
2016-12-01,8.511,8.64,8.66,8.511
2016-12-02,8.63,8.472,8.67,8.402
2016-12-05,8.422,8.501,8.521,8.353
2016-12-06,8.482,8.432,8.541,8.422
2016-12-07,8.442,8.521,8.521,8.422
2016-12-08,8.521,8.492,8.541,8.462
2016-12-09,8.462,8.462,8.551,8.422
2016-12-12,8.462,8.025,8.492,8.015
2016-12-13,8.035,8.055,8.125,7.936
2016-12-14,8.095,8.055,8.164,7.976
2016-12-15,8.045,8.442,8.541,8.005
2016-12-16,8.402,8.412,8.531,8.313
2016-12-19,8.382,8.442,8.551,8.353
2016-12-20,8.422,8.482,8.501,8.313
2016-12-21,8.501,8.492,8.531,8.422
2016-12-22,8.492,8.432,8.492,8.382
2016-12-23,8.422,8.432,8.472,8.313
2016-12-26,8.382,8.422,8.442,8.313
2016-12-27,8.412,8.382,8.452,8.263
2016-12-28,8.422,8.303,8.422,8.303
2016-12-29,8.303,8.313,8.442,8.253
2016-12-30,8.333,8.273,8.373,8.263
2017-01-03,8.273,8.273,8.333,8.263
2017-01-04,8.303,8.353,8.353,8.263
2017-01-05,8.373,8.263,8.373,8.234
2017-01-06,8.253,8.154,8.273,8.125
2017-01-09,8.194,8.204,8.214,8.125
2017-01-10,8.194,8.134,8.214,8.115
2017-01-11,8.164,8.045,8.174,8.045
2017-01-12,8.045,7.976,8.105,7.966
2017-01-13,7.976,7.827,8.005,7.797
2017-01-16,7.757,7.49,7.817,7.222
2017-01-17,7.49,7.539,7.559,7.361
2017-01-18,7.519,7.48,7.549,7.42
2017-01-19,7.46,7.381,7.46,7.271
2017-01-20,7.361,7.629,7.629,7.341
2017-01-23,7.579,7.599,7.648,7.539
2017-01-24,7.638,7.539,7.638,7.519
2017-01-25,7.569,7.579,7.609,7.519
2017-01-26,7.559,7.619,7.668,7.559
2017-02-03,7.638,7.599,7.658,7.579
2017-02-06,7.599,7.718,7.748,7.599
2017-02-07,7.718,7.688,7.757,7.648
2017-02-08,7.658,7.728,7.748,7.619
2017-02-09,7.708,7.847,7.877,7.708
2017-02-10,7.837,7.797,7.877,7.797
2017-02-13,7.787,7.867,7.916,7.777
2017-02-14,7.877,7.886,7.946,7.847
2017-02-15,7.877,7.797,7.916,7.777
2017-02-16,7.777,7.827,7.857,7.777
2017-02-17,7.807,7.827,7.936,7.777
2017-02-20,7.827,7.896,7.906,7.827
2017-02-21,7.877,7.956,7.976,7.867
2017-02-22,7.966,7.986,8.065,7.936
2017-02-23,8.005,7.936,8.015,7.886
2017-02-24,7.936,7.946,7.976,7.886
2017-02-27,7.946,7.827,7.966,7.817
2017-02-28,7.817,7.896,7.896,7.787
2017-03-01,7.896,7.936,8.025,7.896
2017-03-02,7.946,7.857,7.956,7.847
2017-03-03,7.847,7.976,7.996,7.847
2017-03-06,7.936,8.035,8.134,7.936
2017-03-07,8.075,8.045,8.075,7.996
2017-03-08,8.065,8.045,8.085,7.996
2017-03-09,8.015,7.926,8.045,7.906
2017-03-10,7.946,7.966,7.976,7.926
2017-03-13,7.966,8.154,8.333,7.867
2017-03-14,8.095,8.045,8.125,7.986
2017-03-15,8.035,7.996,8.035,7.946
2017-03-16,7.986,8.015,8.045,7.976
2017-03-17,8.015,7.976,8.055,7.916
2017-03-20,7.946,7.986,8.005,7.916
2017-03-21,7.966,7.976,8.005,7.946
2017-03-22,7.956,7.807,7.956,7.767
2017-03-23,7.807,7.757,7.857,7.698
2017-03-24,7.757,7.787,7.817,7.708
2017-03-27,7.817,7.757,7.827,7.748
2017-03-28,7.797,7.767,7.827,7.748
2017-03-29,7.787,7.718,7.787,7.678
2017-03-30,7.688,7.767,7.867,7.599
2017-03-31,7.708,7.857,7.936,7.658
2017-04-05,7.857,7.916,7.936,7.807
2017-04-06,7.896,7.877,7.936,7.837
2017-04-07,7.877,7.946,8.015,7.817
2017-04-10,7.936,7.767,7.936,7.757
2017-04-11,7.787,7.787,7.827,7.688
2017-04-12,7.847,7.926,8.035,7.807
2017-04-13,7.966,8.035,8.125,7.906
2017-04-14,7.956,7.886,7.996,7.817
2017-04-17,7.896,8.025,8.025,7.847
2017-04-18,8.015,7.966,8.065,7.867
2017-04-19,7.926,7.718,7.936,7.45
2017-04-20,7.738,7.609,7.738,7.569
2017-04-21,7.668,7.599,7.668,7.5
2017-04-24,7.579,7.331,7.599,7.202
2017-04-25,7.311,7.331,7.49,7.271
2017-04-26,7.371,7.331,7.371,7.311
2017-04-27,7.311,7.311,7.341,7.123
2017-04-28,7.271,7.331,7.351,7.252
2017-05-02,7.331,7.301,7.361,7.281
2017-05-03,7.331,7.331,7.39,7.242
2017-05-04,7.301,7.271,7.351,7.192
2017-05-05,7.222,7.152,7.271,7.063
2017-05-08,7.142,7.043,7.331,7.043
2017-05-09,7.083,7.043,7.093,6.954
2017-05-10,7.033,6.825,7.083,6.815
2017-05-11,6.845,6.706,6.845,6.458
2017-05-12,6.656,6.696,6.746,6.607
2017-05-15,6.646,6.696,6.785,6.646
2017-05-16,6.686,6.765,6.785,6.26
2017-05-17,6.666,6.765,6.855,6.666
2017-05-18,6.746,6.775,6.835,6.736
2017-05-19,6.746,6.775,6.805,6.746
2017-05-22,6.785,6.577,6.805,6.577
2017-05-23,6.547,6.369,6.607,6.359
2017-05-24,6.289,6.389,6.418,6.23
2017-05-25,6.398,6.438,6.448,6.279
2017-05-26,6.458,6.428,6.517,6.398
2017-05-31,6.508,6.319,6.537,6.319
2017-06-01,6.299,6.031,6.309,6.021
2017-06-02,6.031,6.031,6.081,5.893
2017-06-05,6.041,6.091,6.15,6.012
2017-06-06,6.081,6.23,6.25,6.061
2017-06-07,6.19,6.517,6.627,6.18
2017-06-08,6.488,6.537,6.646,6.408
2017-06-09,6.537,6.448,6.577,6.418
2017-06-12,6.379,6.269,6.448,6.269
2017-06-13,6.269,6.349,6.389,6.25
2017-06-14,6.349,6.319,6.438,6.319
2017-06-15,6.289,6.418,6.468,6.289
2017-06-16,6.408,6.428,6.587,6.398
2017-06-19,6.448,6.458,6.478,6.389
2017-06-20,6.458,6.508,6.587,6.448
2017-06-21,6.517,6.448,6.517,6.398
2017-06-22,6.438,6.309,6.448,6.309
2017-06-23,6.289,6.329,6.339,6.22
2017-06-26,6.329,6.398,6.418,6.299
2017-06-27,6.398,6.418,6.468,6.379
2017-06-28,6.418,6.25,6.418,6.23
2017-06-29,6.23,6.279,6.299,6.23
2017-06-30,6.24,6.279,6.289,6.19
2017-07-03,6.26,6.329,6.349,6.25
2017-07-04,6.329,6.289,6.359,6.269
2017-07-05,6.279,6.359,6.359,6.269
2017-07-06,6.349,6.448,6.448,6.319
2017-07-07,6.438,6.418,6.458,6.389
2017-07-10,6.418,6.389,6.498,6.359
2017-07-11,6.398,6.26,6.398,6.16
2017-07-12,6.25,6.21,6.289,6.131
2017-07-13,6.21,6.23,6.23,6.18
2017-07-14,6.25,6.19,6.25,6.18
2017-07-17,6.19,5.78,6.19,5.76
2017-07-18,5.77,5.8,5.83,5.69
2017-07-19,5.78,5.87,5.87,5.72
2017-07-20,5.86,5.86,5.93,5.84
2017-07-21,5.89,5.97,6.09,5.85
2017-07-24,5.92,5.94,5.99,5.88
2017-07-25,5.94,5.94,6.01,5.92
2017-07-26,5.93,5.89,5.97,5.84
2017-07-27,5.88,6.0,6.03,5.87
2017-07-28,6.02,6.06,6.08,5.97
2017-07-31,6.08,6.05,6.09,6.01
2017-08-01,6.07,6.11,6.21,6.07
2017-08-02,6.1,6.01,6.1,5.99
2017-08-03,6.0,6.05,6.1,5.99
2017-08-04,6.05,6.0,6.08,6.0
2017-08-07,6.0,6.02,6.04,5.99
2017-08-08,6.03,6.0,6.03,5.95
2017-08-09,6.0,6.0,6.04,5.98
2017-08-10,6.02,5.9,6.02,5.87
2017-08-11,5.87,5.82,5.9,5.81
2017-08-14,5.83,5.93,5.94,5.81
2017-08-15,5.92,5.94,5.95,5.88
2017-08-16,5.92,6.0,6.02,5.91
2017-08-17,6.0,6.05,6.05,5.98
2017-08-18,6.02,6.0,6.02,5.99
2017-08-21,6.02,6.05,6.05,6.01
2017-08-22,6.06,6.03,6.12,6.0
2017-08-23,6.04,6.02,6.04,5.95
2017-08-24,6.0,6.0,6.02,5.94
2017-08-25,5.98,6.04,6.06,5.97
2017-08-28,6.04,6.08,6.12,6.02
2017-08-29,6.07,6.06,6.09,6.04
2017-08-30,6.04,6.03,6.05,6.0
2017-08-31,6.02,6.05,6.06,6.0
2017-09-01,6.05,6.04,6.06,6.01
2017-09-04,6.02,6.08,6.08,6.02
2017-09-05,6.07,6.08,6.12,6.06
2017-09-06,6.07,6.13,6.13,6.04
2017-09-07,6.14,6.08,6.17,6.07
2017-09-08,6.08,6.18,6.2,6.07
2017-09-11,6.2,6.27,6.28,6.15
2017-09-12,6.27,6.19,6.27,6.15
2017-09-13,6.19,6.19,6.2,6.12
2017-09-14,6.18,6.16,6.2,6.13
2017-09-15,6.15,6.15,6.18,6.12
2017-09-18,6.17,6.17,6.18,6.13
2017-09-19,6.15,6.14,6.24,6.11
2017-09-20,6.12,6.15,6.17,6.1
2017-09-21,6.16,6.12,6.2,6.11
2017-09-22,6.11,6.03,6.11,6.0
2017-09-25,6.03,5.95,6.07,5.94
2017-09-26,5.95,5.94,5.99,5.9
2017-09-27,5.94,5.95,5.97,5.92
2017-09-28,5.95,5.95,6.04,5.93
2017-09-29,5.94,5.97,6.01,5.93
2017-10-09,6.03,6.05,6.07,6.01
2017-10-10,6.04,6.19,6.21,6.03
2017-10-11,6.16,6.16,6.24,6.13
2017-10-12,6.14,6.15,6.19,6.08
2017-10-13,6.19,6.21,6.27,6.16
2017-10-16,6.18,6.04,6.19,6.01
2017-10-17,6.04,6.07,6.09,6.02
2017-10-18,6.07,5.97,6.09,5.97
2017-10-19,5.99,5.93,5.99,5.91
2017-10-20,5.93,5.97,5.98,5.9
2017-10-23,5.98,5.99,6.02,5.96
2017-10-24,5.99,5.93,5.99,5.9
2017-10-25,5.91,6.03,6.03,5.91
2017-10-26,5.98,5.98,6.01,5.96
2017-10-27,5.98,5.92,5.99,5.92
2017-10-30,5.92,5.72,5.93,5.7
2017-10-31,5.72,5.87,6.03,5.7
2017-11-01,5.81,5.77,5.84,5.76
2017-11-02,5.77,5.67,5.77,5.63
2017-11-03,5.67,5.65,5.72,5.6
2017-11-06,5.65,5.69,5.69,5.61
2017-11-07,5.68,5.71,5.71,5.64
2017-11-08,5.7,5.71,5.75,5.65
2017-11-09,5.7,5.74,5.75,5.68
2017-11-10,5.72,5.71,5.74,5.68
2017-11-13,5.7,5.65,5.72,5.64
2017-11-14,5.66,5.56,5.66,5.52
2017-11-15,5.53,5.57,5.6,5.53
2017-11-16,5.57,5.55,5.61,5.54
2017-11-17,5.57,5.3,5.57,5.25
2017-11-20,5.31,5.28,5.31,5.16
2017-11-21,5.26,5.27,5.3,5.21
2017-11-22,5.27,5.26,5.29,5.22
2017-11-23,5.26,5.16,5.26,5.13
2017-11-24,5.17,5.31,5.31,5.14
2017-11-27,5.28,5.33,5.34,5.23
2017-11-28,5.29,5.35,5.38,5.28
2017-11-29,5.36,5.36,5.37,5.22
2017-11-30,5.37,5.4,5.41,5.32
2017-12-01,5.39,5.46,5.48,5.35
2017-12-04,5.45,5.33,5.46,5.32
2017-12-05,5.28,5.39,5.48,5.25
2017-12-06,5.35,5.4,5.42,5.26
2017-12-07,5.36,5.33,5.4,5.3
2017-12-08,5.3,5.41,5.61,5.3
2017-12-11,5.38,5.4,5.43,5.33
2017-12-12,5.4,5.34,5.42,5.29
2017-12-13,5.34,5.38,5.39,5.32
2017-12-14,5.42,5.4,5.42,5.35
2017-12-15,5.37,5.46,5.61,5.33
2017-12-18,5.47,5.53,5.54,5.43
2017-12-19,5.53,5.54,5.62,5.5
2017-12-20,5.54,5.51,5.56,5.48
2017-12-21,5.5,5.49,5.51,5.43
2017-12-22,5.47,5.52,5.52,5.45
2017-12-25,5.47,5.52,5.53,5.42
2017-12-26,5.49,5.53,5.54,5.48
2017-12-27,5.52,5.55,5.6,5.45
2017-12-28,5.55,5.56,5.57,5.52
2017-12-29,5.58,5.62,5.65,5.53
2018-01-02,5.61,5.63,5.66,5.59
2018-01-03,5.64,5.64,5.67,5.59
2018-01-04,5.63,5.6,5.63,5.58
2018-01-05,5.6,5.6,5.64,5.58
2018-01-08,5.55,5.69,5.7,5.55
2018-01-09,5.68,5.71,5.72,5.65
2018-01-10,5.71,5.77,5.78,5.67
2018-01-11,5.74,5.76,5.82,5.74
2018-01-12,5.77,5.93,6.0,5.72
2018-01-15,5.9,5.95,6.14,5.82
2018-01-16,5.85,6.05,6.16,5.82
2018-01-17,5.99,6.02,6.08,5.94
2018-01-18,5.97,5.97,6.03,5.94
2018-01-19,6.09,6.09,6.17,6.01
2018-01-22,6.04,6.21,6.24,5.91
2018-01-23,6.19,6.25,6.32,6.12
2018-01-24,6.23,6.27,6.32,6.2
2018-01-25,6.5,6.22,6.55,6.2
2018-01-26,6.17,6.22,6.23,6.05
2018-01-29,6.18,6.18,6.22,6.08
2018-01-30,6.15,6.27,6.55,6.11
2018-01-31,6.25,6.27,6.27,6.12
2018-02-01,6.22,6.15,6.33,6.02
2018-02-02,6.16,6.16,6.28,5.99
2018-02-05,6.11,6.15,6.22,6.01
2018-02-06,6.0,6.16,6.25,6.0
2018-02-07,6.16,6.26,6.29,6.1
2018-02-08,6.67,6.16,6.67,6.16
2018-02-09,6.01,6.23,6.28,5.57
2018-02-12,6.2,6.23,6.28,6.15
2018-02-13,6.22,6.21,6.32,6.21
2018-02-14,6.21,6.27,6.3,6.06
2018-02-22,6.2,6.18,6.29,6.18
2018-02-23,6.17,6.19,6.29,6.09
2018-02-26,6.21,6.19,6.27,6.18
2018-02-27,6.23,6.18,6.23,6.08
2018-02-28,6.16,6.19,6.25,6.09
2018-03-01,6.14,6.26,6.28,6.12
2018-03-02,6.25,6.03,6.3,6.02
2018-03-05,5.93,5.98,6.07,5.92
2018-03-06,5.94,5.93,5.97,5.89
2018-03-07,5.95,6.08,6.09,5.93
2018-03-08,6.01,6.09,6.1,6.01
2018-03-09,6.09,6.1,6.12,6.05
2018-03-12,6.08,6.37,6.44,6.08
2018-03-13,6.34,7.01,7.01,6.29
2018-03-14,7.1,7.0,7.27,6.9
2018-03-15,6.93,7.01,7.03,6.86
2018-03-16,6.96,7.08,7.26,6.88
2018-03-19,7.05,7.0,7.05,6.88
2018-03-20,6.68,7.7,7.7,6.68
2018-03-21,7.69,7.7,8.1,7.52
2018-03-22,7.69,7.69,7.91,7.6
2018-03-23,7.55,7.7,7.84,7.41
2018-03-26,7.6,7.6,7.8,7.59
2018-03-27,7.65,7.6,7.68,7.31
2018-03-28,7.48,7.57,7.6,7.42
2018-03-29,7.51,7.56,7.63,7.41
2018-03-30,7.57,7.56,7.92,7.46
2018-04-02,7.51,7.33,7.51,7.32
2018-04-03,7.15,7.32,7.37,7.15
2018-04-04,7.29,7.32,7.33,7.25
2018-04-09,7.22,7.37,7.66,7.22
2018-04-10,7.34,7.37,7.39,7.23
2018-04-11,7.6,7.37,7.67,7.36
2018-04-12,7.3,7.3,7.34,7.2
2018-04-13,7.35,7.3,7.7,7.3
2018-04-16,7.25,7.3,7.32,7.21
2018-04-17,7.28,7.24,7.3,7.15
2018-04-18,7.22,7.26,7.7,7.16
2018-04-19,7.28,7.25,7.29,7.21
2018-04-20,7.23,7.24,7.29,7.16
2018-04-23,7.24,7.2,7.27,7.17
2018-04-24,7.17,7.19,7.23,7.17
2018-04-25,7.19,7.07,7.19,7.01
2018-04-26,7.0,7.0,7.04,6.84
2018-04-27,6.78,7.04,7.39,6.78
2018-05-02,7.09,6.99,7.09,6.96
2018-05-03,6.99,7.02,7.21,6.98
2018-05-04,7.02,6.95,7.04,6.92
2018-05-07,6.91,7.28,7.28,6.79
2018-05-08,7.29,7.37,7.44,7.25
2018-05-09,7.3,6.63,8.11,6.63
2018-05-10,6.4,5.98,6.5,5.97
2018-05-11,5.98,5.8,6.04,5.63
2018-05-14,5.78,5.62,5.79,5.57
2018-05-15,5.63,5.68,5.73,5.63
2018-05-16,5.67,5.55,5.67,5.54
2018-05-17,5.56,5.53,5.57,5.52
2018-05-18,5.54,5.46,5.54,5.43
2018-05-21,5.49,5.54,5.55,5.45
2018-05-22,5.52,5.51,5.54,5.47
2018-05-23,5.51,5.37,5.51,5.34
2018-05-24,5.37,5.34,5.42,5.33
2018-05-25,5.37,5.23,5.38,5.23
