date,open,close,high,low
2016-01-04,43.298,39.549,43.298,39.549
2016-01-05,36.483,36.865,40.836,35.596
2016-01-06,37.893,38.128,38.774,36.436
2016-01-07,36.953,34.315,37.476,34.315
2016-01-08,34.515,34.926,36.512,31.254
2016-01-11,33.193,31.436,35.449,31.436
2016-01-12,30.549,30.919,32.006,29.374
2016-01-13,31.471,27.829,32.312,27.829
2016-01-14,26.554,29.345,30.255,25.614
2016-01-15,28.787,27.905,30.05,26.936
2016-01-18,26.554,30.696,30.696,26.554
2016-01-19,31.066,31.536,31.654,30.314
2016-01-20,31.225,33.492,34.197,31.078
2016-01-21,33.134,30.391,35.167,30.197
2016-01-22,30.678,30.461,31.9,29.374
2016-01-25,30.831,31.184,32.241,30.549
2016-01-26,30.596,28.064,30.667,28.064
2016-01-27,28.634,27.435,28.634,25.467
2016-01-28,27.03,25.814,27.253,25.556
2016-01-29,25.855,28.393,28.393,25.855
2016-02-01,29.039,27.612,29.039,26.807
2016-02-02,28.199,30.373,30.373,27.318
2016-02-03,30.549,31.665,32.899,30.355
2016-02-04,31.959,31.795,33.604,31.73
2016-02-05,32.353,30.62,32.353,30.549
2016-02-15,29.738,31.007,31.372,29.668
2016-02-16,31.125,34.109,34.109,30.667
2016-02-17,33.927,34.174,34.597,32.905
2016-02-18,34.368,33.393,35.19,33.134
2016-02-19,33.487,33.31,33.739,32.341
2016-02-22,33.481,33.105,34.544,32.317
2016-02-23,33.299,31.624,33.428,30.285
2016-02-24,31.019,28.469,31.624,28.464
2016-02-25,28.481,26.055,28.481,25.62
2016-02-26,26.325,26.049,26.725,24.704
2016-02-29,25.761,23.605,26.672,23.446
2016-03-01,23.611,24.292,24.898,22.019
2016-03-02,23.382,25.908,26.172,23.206
2016-03-03,25.679,25.121,26.167,24.815
2016-03-04,24.974,22.606,26.137,22.606
2016-03-07,22.736,22.747,24.075,22.189
2016-03-08,22.677,24.386,25.015,21.02
2016-03-09,23.323,23.611,24.351,23.229
2016-03-10,23.505,23.264,24.674,22.912
2016-03-11,22.971,23.499,23.711,21.666
2016-03-14,23.799,25.849,25.849,23.799
2016-03-15,25.802,26.372,27.101,25.444
2016-03-16,26.619,26.372,27.377,26.114
2016-03-17,26.437,27.612,28.493,26.437
2016-03-18,27.706,29.668,29.844,27.706
2016-03-21,30.532,29.592,30.532,28.675
2016-03-22,29.521,29.586,31.095,29.069
2016-03-23,28.898,29.451,29.844,28.898
2016-03-24,28.963,29.962,30.667,28.199
2016-03-25,29.762,29.803,30.526,29.145
2016-03-28,30.12,27.729,30.543,27.289
2016-03-29,28.005,26.319,28.082,26.037
2016-03-30,27.665,27.206,27.665,25.655
2016-03-31,27.594,28.229,29.374,26.149
2016-04-01,27.759,27.048,27.905,26.402
2016-04-05,27.024,28.199,28.434,26.484
2016-04-06,28.029,27.524,28.14,27.024
2016-04-07,27.541,26.543,27.723,26.437
2016-04-08,26.537,26.055,26.725,25.732
2016-04-11,26.443,27.095,27.318,26.425
2016-04-12,27.365,28.892,29.803,27.106
2016-04-13,28.881,29.586,30.479,28.605
2016-04-14,29.956,29.421,30.062,28.434
2016-04-15,29.245,29.474,30.255,29.139
2016-04-18,29.339,28.299,29.339,27.424
2016-04-19,28.152,29.374,29.668,28.152
2016-04-20,29.263,27.494,29.874,27.054
2016-04-21,27.377,26.407,28.046,25.967
2016-04-22,26.114,26.936,27.371,26.114
2016-04-25,27.541,26.913,27.911,25.732
2016-04-26,26.449,27.024,27.312,26.449
2016-04-27,27.5,26.618,27.5,26.148
2016-04-28,26.436,26.56,27.206,26.283
2016-04-29,26.577,27.441,27.841,26.295
2016-05-03,27.1,28.258,28.469,27.036
2016-05-04,28.034,27.946,28.646,27.705
2016-05-05,27.611,27.717,28.087,27.37
2016-05-06,27.911,27.441,28.029,26.736
2016-05-09,26.736,25.678,27.529,24.756
2016-05-10,25.161,24.55,25.584,24.033
2016-05-11,24.767,23.739,25.073,23.445
2016-05-12,23.498,22.74,23.498,22.082
2016-05-13,22.74,22.905,23.616,22.67
2016-05-16,23.005,22.952,23.498,22.094
2016-05-17,22.952,23.387,23.792,22.799
2016-05-18,23.228,22.758,23.228,22.164
2016-05-19,22.617,22.564,23.334,22.452
2016-05-20,22.44,22.705,22.94,21.741
2016-05-23,22.705,23.71,23.892,22.705
2016-05-24,23.569,23.622,24.021,23.434
2016-05-25,24.021,23.957,24.685,23.522
2016-05-26,24.08,24.209,24.309,23.281
2016-05-27,23.974,23.739,24.385,23.504
2016-06-07,21.365,21.365,21.365,21.365
2016-06-08,20.037,20.413,21.447,19.309
2016-06-13,19.379,18.374,19.673,18.374
2016-06-14,17.751,17.487,17.904,17.334
2016-06-15,17.217,17.869,18.098,17.111
2016-06-16,17.875,17.558,18.151,17.481
2016-06-17,17.522,17.317,17.798,17.275
2016-06-20,17.04,16.958,17.04,16.376
2016-06-21,17.029,16.512,17.287,16.453
2016-06-22,16.676,16.993,17.011,16.453
2016-06-23,17.052,16.988,17.211,16.847
2016-06-24,17.029,17.158,17.158,16.153
2016-06-27,16.864,17.099,17.14,16.559
2016-06-28,16.982,17.992,18.251,16.782
2016-06-29,17.628,17.757,17.922,17.575
2016-06-30,17.845,17.916,17.928,17.511
2016-07-01,17.969,17.869,18.451,17.845
2016-07-04,17.511,17.981,18.128,17.37
2016-07-05,18.016,18.392,18.98,17.981
2016-07-06,18.292,18.239,18.468,18.028
2016-07-07,18.257,18.01,18.327,17.793
2016-07-08,17.81,17.687,17.863,17.516
2016-07-11,17.516,17.258,17.775,17.24
2016-07-12,17.334,17.158,17.334,16.629
2016-07-13,17.164,17.716,17.969,16.976
2016-07-14,17.81,17.798,17.951,17.411
2016-07-15,17.863,17.563,17.863,17.528
2016-07-18,17.563,17.123,17.575,17.07
2016-07-19,17.029,17.487,17.622,17.011
2016-07-20,17.569,17.575,17.746,17.129
2016-07-21,17.628,17.499,17.804,17.452
2016-07-22,17.187,16.758,17.499,16.647
2016-07-25,16.788,16.976,16.999,16.459
2016-07-26,16.935,17.017,17.058,16.805
2016-07-27,17.029,16.294,17.029,15.648
2016-07-28,16.165,16.488,16.623,16.042
2016-07-29,16.4,16.747,16.87,16.106
2016-08-01,16.776,17.863,18.204,16.776
2016-08-02,17.223,17.035,17.364,16.647
2016-08-03,16.794,16.617,16.794,16.329
2016-08-04,16.423,16.465,16.57,16.218
2016-08-05,16.453,16.312,16.641,16.206
2016-08-08,16.106,16.488,16.57,16.059
2016-08-09,16.541,16.676,16.747,16.376
2016-08-10,16.688,16.753,16.823,16.517
2016-08-11,16.688,17.011,17.14,16.335
2016-08-12,16.864,17.787,17.91,16.864
2016-08-15,17.511,18.574,18.791,17.417
2016-08-16,18.333,18.192,18.574,18.169
2016-08-17,18.157,18.474,18.509,18.045
2016-08-18,18.363,18.791,19.15,18.304
2016-08-19,18.568,18.41,18.98,18.222
2016-08-22,18.586,18.386,18.727,17.922
2016-08-23,18.227,18.163,18.48,18.104
2016-08-24,18.186,18.069,18.392,18.016
2016-08-25,17.975,18.151,18.509,17.687
2016-08-26,18.151,18.039,18.274,18.016
2016-08-29,18.039,18.509,18.556,17.863
2016-08-30,18.791,18.504,18.815,18.163
2016-08-31,18.509,17.998,18.509,17.863
2016-09-01,17.934,17.558,18.033,17.558
2016-09-02,17.399,17.669,17.834,17.334
2016-09-05,17.675,18.21,18.216,17.575
2016-09-06,18.239,18.921,19.085,18.133
2016-09-07,18.744,18.744,19.015,18.521
2016-09-08,18.58,19.679,20.449,18.58
2016-09-09,19.92,20.484,21.13,19.743
2016-09-12,20.213,20.872,21.124,19.685
2016-09-13,20.684,20.789,21.054,20.325
2016-09-14,20.049,20.037,20.672,19.802
2016-09-19,20.108,20.296,20.801,19.99
2016-09-20,20.172,20.266,20.39,19.984
2016-09-21,20.161,20.601,20.86,20.037
2016-09-22,20.566,21.888,21.9,20.46
2016-09-23,21.671,21.6,22.088,21.389
2016-09-26,21.618,21.583,22.012,21.33
2016-09-27,21.365,21.442,21.624,20.742
2016-09-28,21.142,20.877,21.324,20.378
2016-09-29,20.801,20.478,20.807,20.155
2016-09-30,20.501,20.613,20.836,20.478
2016-10-10,20.613,21.089,21.124,20.425
2016-10-11,21.13,22.088,22.153,20.96
2016-10-12,21.888,21.865,22.129,21.506
2016-10-13,21.536,21.735,21.859,21.453
2016-10-14,21.653,21.265,21.682,21.071
2016-10-17,21.177,20.296,21.418,20.161
2016-10-18,20.225,20.407,20.619,20.137
2016-10-19,20.366,20.519,20.678,20.313
2016-10-20,20.419,19.567,20.56,19.156
2016-10-21,19.497,19.491,19.52,19.009
2016-10-24,19.514,19.467,19.72,19.397
2016-10-25,19.679,19.978,20.09,19.467
2016-10-26,19.843,19.92,19.978,19.632
2016-10-27,19.931,20.378,20.531,19.92
2016-10-28,20.372,20.084,20.372,19.908
2016-10-31,20.084,19.914,20.272,19.256
2016-11-01,19.802,19.937,20.084,19.602
2016-11-02,19.99,19.743,20.067,19.649
2016-11-03,19.638,19.597,19.855,19.45
2016-11-04,19.479,19.179,19.685,19.132
2016-11-07,19.156,18.95,19.455,18.862
2016-11-08,19.038,19.479,19.685,18.897
2016-11-09,19.45,19.215,19.479,18.921
2016-11-10,19.303,19.32,19.555,19.273
2016-11-11,19.273,18.868,19.273,18.744
2016-11-14,18.803,18.874,19.032,18.627
2016-11-15,18.88,19.691,19.849,18.833
2016-11-16,19.743,19.538,19.826,19.45
2016-11-17,19.714,19.332,19.714,19.156
2016-11-18,19.191,19.256,19.567,19.126
2016-11-21,19.15,19.356,19.538,18.927
2016-11-22,19.361,20.407,20.56,19.332
2016-11-23,20.407,19.767,20.472,19.614
2016-11-24,19.808,19.497,20.067,19.491
2016-11-25,19.479,19.168,19.597,18.809
2016-11-28,19.044,19.22,19.25,18.903
2016-11-29,19.356,18.833,19.356,18.821
2016-11-30,18.791,17.863,18.833,17.699
2016-12-01,17.875,17.546,17.981,17.334
2016-12-02,17.74,17.628,17.769,17.452
2016-12-05,17.569,17.892,17.969,16.911
2016-12-06,17.892,18.897,18.956,17.804
2016-12-07,18.721,18.839,19.103,18.21
2016-12-08,18.839,18.509,18.903,18.351
2016-12-09,18.321,17.998,18.321,17.628
2016-12-12,17.975,16.2,17.975,16.2
2016-12-13,16.024,16.805,17.04,15.219
2016-12-14,16.57,16.288,16.735,16.218
2016-12-15,16.159,16.335,16.8,15.983
2016-12-16,16.335,16.747,17.035,16.277
2016-12-19,16.776,16.958,17.317,16.664
2016-12-20,16.97,16.817,17.152,16.717
2016-12-21,17.04,16.852,17.275,16.676
2016-12-22,16.852,16.829,17.052,16.653
2016-12-23,16.647,15.842,16.858,15.219
2016-12-26,15.901,16.659,16.747,15.842
2016-12-27,16.747,16.729,16.988,16.57
2016-12-28,16.788,16.723,17.334,16.6
2016-12-29,16.788,16.506,17.076,16.147
2016-12-30,16.5,16.547,16.688,16.218
2017-01-03,16.676,16.776,16.858,16.488
2017-01-04,16.952,17.111,17.358,16.676
2017-01-05,17.099,17.099,17.493,17.099
2017-01-06,16.97,17.393,17.393,16.87
2017-01-09,17.193,17.04,17.24,16.935
2017-01-10,16.929,16.67,17.123,16.517
2017-01-11,16.676,16.935,16.952,16.453
2017-01-12,16.782,17.258,17.599,16.782
2017-01-13,17.228,16.917,17.558,16.847
2017-01-16,16.917,16.212,17.129,15.289
2017-01-17,16.206,16.347,16.541,15.754
2017-01-18,16.365,16.106,16.365,16.077
2017-01-19,15.924,15.712,16.071,15.607
2017-01-20,15.712,15.806,16.0,15.689
2017-01-23,15.777,16.57,17.029,15.724
2017-01-24,16.453,16.688,16.911,16.453
2017-01-25,16.641,16.576,17.087,16.5
2017-01-26,16.641,16.441,16.794,16.423
2017-02-03,16.429,16.976,17.129,16.341
2017-02-06,16.941,17.017,17.087,16.823
2017-02-07,16.923,17.217,17.317,16.87
2017-02-08,17.164,17.228,17.299,16.993
2017-02-09,17.129,18.95,18.95,17.129
2017-02-10,18.815,18.474,19.379,18.433
2017-02-13,18.492,18.48,19.144,18.357
2017-02-14,18.457,18.48,19.032,18.398
2017-02-15,18.457,18.451,18.856,18.421
2017-02-16,18.574,18.451,18.574,18.222
2017-02-17,18.568,18.48,18.58,18.333
2017-02-20,18.368,18.039,18.797,17.657
2017-02-21,18.033,17.981,18.568,17.84
2017-02-22,17.975,17.81,18.145,17.804
2017-02-23,17.957,17.863,18.033,17.628
2017-02-24,17.945,18.057,18.216,17.863
2017-02-27,18.063,17.939,18.222,17.887
2017-02-28,17.928,18.098,18.198,17.763
2017-03-01,18.045,18.304,18.386,18.028
2017-03-02,18.327,17.411,18.468,17.158
2017-03-03,17.34,15.671,17.346,15.671
2017-03-06,15.513,15.718,15.818,15.078
2017-03-07,15.454,15.665,15.771,15.454
2017-03-08,15.601,15.759,15.871,15.577
2017-03-09,15.771,15.401,15.806,15.36
2017-03-10,15.401,15.501,15.665,15.401
2017-03-13,13.95,13.95,13.95,13.95
2017-03-14,12.933,13.979,14.62,12.933
2017-03-15,13.444,13.139,13.444,13.01
2017-03-16,13.021,13.356,13.438,13.004
2017-03-17,13.327,13.803,13.967,13.198
2017-03-20,13.691,13.744,14.014,13.574
2017-03-21,13.768,13.574,13.768,13.397
2017-03-22,13.497,13.444,13.568,13.28
2017-03-23,13.433,13.491,13.597,13.233
2017-03-24,13.48,13.25,13.497,13.162
2017-03-27,13.25,13.068,13.256,13.01
2017-03-28,13.08,13.139,13.327,12.986
2017-03-29,13.186,12.751,13.198,12.751
2017-03-30,12.663,11.899,12.68,11.858
2017-03-31,11.823,11.852,12.075,11.752
2017-04-05,11.781,12.175,12.222,11.752
2017-04-06,12.181,12.868,12.868,12.134
2017-04-07,12.804,13.221,13.368,12.675
2017-04-10,13.115,13.626,13.715,12.874
2017-04-11,13.391,13.309,13.703,13.309
2017-04-12,13.209,12.951,13.427,12.898
2017-04-13,12.921,12.105,12.927,11.658
2017-04-14,11.652,11.617,11.881,11.517
2017-04-17,11.341,11.047,11.358,10.877
2017-04-18,11.153,10.941,11.153,10.712
2017-04-19,10.924,10.812,10.924,10.524
2017-04-20,10.794,11.012,11.059,10.671
2017-04-21,11.006,11.129,11.27,10.935
2017-04-24,10.982,10.724,10.988,10.389
2017-04-25,10.636,10.624,10.877,10.583
2017-04-26,10.659,10.959,11.329,10.659
2017-04-27,10.882,10.959,11.076,10.594
2017-04-28,10.859,11.018,11.235,10.859
2017-05-02,11.023,11.106,11.159,10.877
2017-05-03,11.123,11.129,11.27,11.018
2017-05-04,11.282,10.994,11.305,10.994
2017-05-05,10.865,10.741,11.106,10.665
2017-05-08,10.618,10.924,10.982,10.583
2017-05-09,10.853,10.953,11.006,10.747
2017-05-10,10.888,10.741,11.129,10.688
2017-05-11,10.6,10.812,10.859,10.477
2017-05-12,10.806,10.736,10.871,10.606
2017-05-15,10.771,10.741,10.865,10.641
2017-05-16,10.771,10.941,11.006,10.636
2017-05-17,10.994,11.188,11.253,10.941
2017-05-18,11.247,11.112,11.347,11.053
2017-05-19,11.047,11.164,11.3,11.018
2017-05-22,11.164,10.688,11.176,10.63
2017-05-23,10.688,10.495,10.777,10.354
2017-05-24,10.465,10.583,10.618,10.33
2017-05-25,10.606,10.589,10.641,10.33
2017-05-26,10.518,10.606,10.736,10.518
2017-05-31,10.783,10.612,10.8,10.594
2017-06-01,10.518,10.077,10.518,10.025
2017-06-02,10.077,10.224,10.307,10.019
2017-06-05,10.166,10.26,10.324,10.166
2017-06-06,10.271,10.307,10.342,10.171
2017-06-07,10.324,10.647,10.694,10.271
2017-06-08,10.612,10.583,10.612,10.506
2017-06-09,10.565,10.718,10.788,10.395
2017-06-12,10.583,10.453,10.618,10.412
2017-06-13,10.348,10.565,10.653,10.348
2017-06-14,10.565,10.753,10.812,10.565
2017-06-15,10.812,10.9,11.023,10.7
2017-06-16,10.871,10.982,11.635,10.812
2017-06-19,11.035,11.041,11.123,10.865
2017-06-20,11.047,10.971,11.253,10.941
2017-06-21,10.941,10.882,11.029,10.712
2017-06-22,10.865,11.006,11.341,10.824
2017-06-23,10.959,10.753,10.959,10.641
2017-06-26,10.771,10.83,10.859,10.653
2017-06-27,10.83,10.824,11.106,10.818
2017-06-28,10.788,10.641,10.824,10.612
2017-06-29,10.753,10.794,10.894,10.647
2017-06-30,10.771,10.947,10.976,10.688
2017-07-03,10.976,10.959,11.035,10.871
2017-07-04,10.924,10.959,11.047,10.912
2017-07-05,10.959,11.047,11.047,10.935
2017-07-06,11.164,10.988,11.164,10.935
2017-07-07,10.994,11.041,11.047,10.812
2017-07-10,10.976,10.882,10.994,10.765
2017-07-11,10.894,10.606,10.9,10.606
2017-07-12,10.547,10.336,10.594,10.142
2017-07-13,10.271,10.23,10.359,10.189
2017-07-14,10.236,10.201,10.283,10.124
2017-07-17,10.154,9.684,10.171,9.178
2017-07-18,9.449,9.666,9.807,9.408
2017-07-19,9.672,9.672,9.684,9.46
2017-07-20,9.672,9.889,9.96,9.572
2017-07-21,9.784,9.825,9.883,9.713
2017-07-24,9.784,10.019,10.042,9.678
2017-07-25,9.977,9.819,9.977,9.789
2017-07-26,9.854,9.754,9.983,9.707
2017-07-27,9.754,9.93,9.977,9.637
2017-07-28,9.919,9.848,10.048,9.795
2017-07-31,9.813,9.825,9.883,9.695
2017-08-01,9.842,9.854,9.895,9.784
2017-08-02,9.848,9.725,9.901,9.643
2017-08-03,9.695,9.713,9.825,9.613
2017-08-04,9.766,9.725,9.825,9.678
2017-08-07,9.719,9.725,9.772,9.648
2017-08-08,9.731,9.913,10.207,9.637
2017-08-09,9.907,9.989,10.101,9.766
2017-08-10,9.925,10.13,10.424,9.866
2017-08-11,10.013,9.93,10.119,9.778
2017-08-14,9.854,10.072,10.13,9.848
2017-08-15,10.072,10.06,10.136,9.889
2017-08-16,10.036,10.236,10.371,9.936
2017-08-17,10.224,10.248,10.283,10.148
2017-08-18,10.207,10.107,10.242,10.083
2017-08-21,10.066,10.13,10.154,10.019
2017-08-22,10.136,10.089,10.136,9.972
2017-08-23,10.095,10.113,10.324,10.042
2017-08-24,10.13,9.954,10.189,9.936
2017-08-25,9.972,10.054,10.089,9.93
2017-08-28,10.077,10.16,10.213,10.019
2017-08-29,10.242,10.26,10.383,10.054
2017-08-30,10.248,10.16,10.265,10.119
2017-08-31,10.154,10.154,10.236,10.124
2017-09-01,10.177,10.365,10.401,10.154
2017-09-04,10.401,10.424,10.547,10.318
2017-09-05,10.418,10.436,10.536,10.359
2017-09-06,10.377,10.418,10.518,10.336
2017-09-07,10.401,10.594,10.665,10.389
2017-09-08,10.659,11.129,11.652,10.6
2017-09-11,10.888,11.006,11.194,10.8
2017-09-12,10.912,10.806,11.0,10.665
2017-09-13,10.777,10.912,10.959,10.636
2017-09-14,10.871,10.688,10.906,10.641
2017-09-15,10.671,10.706,10.771,10.589
2017-09-18,10.759,10.777,10.783,10.612
2017-09-19,10.777,10.959,11.047,10.771
2017-09-20,10.953,10.929,10.965,10.765
2017-09-21,10.912,10.665,10.912,10.641
2017-09-29,10.871,10.465,11.047,10.442
2017-10-09,10.547,10.559,10.636,10.483
2017-10-10,10.542,10.718,10.724,10.471
2017-10-11,10.688,10.83,10.971,10.688
2017-10-12,10.741,10.982,11.012,10.706
2017-10-13,10.988,10.988,11.053,10.882
2017-10-16,10.971,10.589,11.153,10.542
2017-10-17,10.606,10.783,10.924,10.547
2017-10-18,10.783,10.853,11.018,10.759
2017-10-19,10.783,11.211,11.282,10.73
2017-10-20,11.153,11.564,11.74,11.07
2017-10-23,11.505,11.617,11.752,11.37
2017-10-24,11.605,11.352,11.658,11.217
2017-10-25,11.282,11.388,11.417,11.164
2017-10-26,11.311,11.206,11.429,11.164
2017-10-27,11.211,10.982,11.247,10.947
2017-10-30,10.953,10.436,10.953,10.283
2017-10-31,10.354,10.471,10.489,10.354
2017-11-01,10.406,10.453,10.536,10.406
2017-11-02,10.406,10.095,10.448,9.983
2017-11-03,10.089,10.03,10.166,9.989
2017-11-06,10.048,10.301,10.318,10.048
2017-11-07,10.301,10.348,10.395,10.148
2017-11-08,10.283,10.354,10.442,10.265
2017-11-09,10.459,10.589,10.771,10.459
2017-11-10,10.536,10.918,11.535,10.459
2017-11-13,10.918,10.783,11.012,10.659
2017-11-14,10.753,10.489,10.788,10.459
2017-11-15,10.483,10.9,10.971,10.43
2017-11-16,10.894,10.953,11.129,10.812
2017-11-17,10.918,10.841,11.123,10.8
2017-11-20,10.712,10.389,10.718,9.76
2017-11-21,10.354,10.371,10.565,10.189
2017-11-22,10.377,10.453,10.553,10.224
2017-11-23,10.442,10.976,11.164,10.377
2017-11-24,10.859,11.446,11.635,10.783
2017-11-27,11.399,11.335,11.399,11.164
2017-11-28,11.323,11.399,11.399,11.088
2017-11-29,11.488,11.182,11.488,11.065
2017-11-30,11.258,11.0,11.329,10.965
2017-12-01,10.982,11.435,11.505,10.806
2017-12-04,11.388,11.07,11.599,11.053
2017-12-05,11.141,11.517,11.858,10.988
2017-12-06,11.511,12.04,12.087,11.358
2017-12-07,11.987,11.811,12.193,11.752
2017-12-08,11.811,11.864,11.917,11.646
2017-12-11,11.84,11.787,11.858,11.546
2017-12-12,11.74,12.011,12.14,11.64
2017-12-13,10.812,11.018,11.452,10.812
2017-12-14,10.841,10.894,11.159,10.636
2017-12-15,10.824,10.988,11.211,10.824
2017-12-18,10.888,10.412,10.941,10.007
2017-12-19,10.371,10.412,10.489,10.283
2017-12-20,10.418,10.283,10.459,10.048
2017-12-21,10.277,10.171,10.277,10.048
2017-12-22,10.154,9.878,10.23,9.825
2017-12-25,9.813,9.666,9.813,9.284
2017-12-26,9.519,9.737,9.784,9.519
2017-12-27,9.737,9.742,9.878,9.654
2017-12-28,9.684,9.813,9.966,9.684
2017-12-29,9.731,9.872,9.872,9.666
2018-01-02,9.872,9.913,9.966,9.807
2018-01-03,9.948,9.901,10.019,9.872
2018-01-04,9.831,9.766,9.925,9.754
2018-01-05,9.784,9.789,9.848,9.725
2018-01-08,9.789,9.719,9.807,9.631
2018-01-09,9.637,9.707,9.831,9.625
2018-01-10,9.707,9.725,9.742,9.637
2018-01-11,9.678,9.819,9.842,9.637
2018-01-12,9.789,9.795,9.825,9.742
2018-01-15,9.801,9.66,9.807,9.349
2018-01-16,9.601,9.666,9.69,9.531
2018-01-17,9.666,9.46,9.666,9.372
2018-01-18,9.519,9.431,9.519,9.378
2018-01-19,9.431,9.466,9.478,9.349
2018-01-22,9.419,9.408,9.466,9.237
2018-01-23,9.413,9.607,9.643,9.396
2018-01-24,9.625,9.531,9.666,9.507
2018-01-25,9.531,9.496,9.666,9.496
2018-01-26,9.496,9.531,9.549,9.425
2018-01-29,9.549,9.243,9.549,9.225
2018-01-30,9.255,9.196,9.284,9.155
2018-01-31,9.178,8.708,9.178,8.708
2018-02-01,8.708,8.326,8.814,8.244
2018-02-02,8.262,7.962,8.273,7.815
2018-02-05,7.833,8.027,8.08,7.792
2018-02-06,7.809,7.345,8.203,7.345
2018-02-07,7.463,7.392,7.551,6.775
2018-02-08,7.286,7.504,7.557,7.228
2018-02-09,7.398,7.228,7.492,7.057
2018-02-12,7.327,7.304,7.492,7.233
2018-02-13,7.357,7.275,7.398,7.275
2018-02-14,7.233,7.022,7.31,6.981
2018-02-22,7.104,7.169,7.245,7.039
2018-02-23,7.181,7.41,7.421,7.175
2018-02-26,7.504,7.533,7.58,7.421
2018-02-27,7.527,7.568,7.703,7.498
2018-02-28,7.51,7.539,7.633,7.421
2018-03-01,7.545,7.739,7.756,7.51
2018-03-02,7.68,7.651,7.827,7.592
2018-03-05,7.662,7.903,7.968,7.58
2018-03-06,7.903,7.839,7.903,7.75
2018-03-07,7.833,7.815,7.903,7.762
2018-03-08,7.815,7.85,7.874,7.756
2018-03-09,7.798,8.015,8.091,7.798
2018-03-12,8.021,8.15,8.168,8.021
2018-03-13,8.127,8.209,8.332,8.068
2018-03-14,8.168,8.056,8.338,7.997
2018-03-15,7.962,7.88,8.068,7.686
2018-03-16,7.78,8.109,8.197,7.78
2018-03-19,8.156,8.285,8.285,8.115
2018-03-20,8.232,8.138,8.232,8.062
2018-03-21,8.955,8.955,8.955,8.955
2018-03-22,9.402,9.026,9.549,8.937
2018-03-23,8.732,8.132,8.732,8.127
2018-03-26,7.815,7.821,7.939,7.451
2018-03-27,7.956,8.091,8.156,7.874
2018-03-28,7.892,8.438,8.814,7.827
2018-03-29,8.432,8.332,8.432,8.185
2018-03-30,8.344,8.379,8.52,8.332
2018-04-02,8.303,8.638,8.885,8.262
2018-04-03,8.45,8.72,8.755,8.367
2018-04-04,8.697,8.608,8.802,8.491
2018-04-09,8.461,8.362,8.538,7.827
2018-04-10,8.315,8.579,8.726,8.226
2018-04-11,8.52,8.914,8.932,8.403
2018-04-12,8.896,8.773,9.031,8.673
2018-04-13,8.814,8.644,8.926,8.608
2018-04-16,8.591,8.485,8.685,8.414
2018-04-17,8.514,8.15,8.538,8.003
2018-04-18,8.179,8.127,8.238,7.845
2018-04-19,8.103,8.144,8.279,8.038
2018-04-20,8.144,7.856,8.221,7.85
2018-04-23,7.88,7.75,7.927,7.651
2018-04-24,7.874,8.074,8.273,7.75
2018-04-25,8.074,8.232,8.25,7.933
2018-04-26,8.226,7.921,8.256,7.903
2018-04-27,7.962,8.121,8.197,7.956
2018-05-02,8.14,7.93,8.23,7.84
2018-05-03,7.97,8.72,8.72,7.85
2018-05-04,8.81,8.47,9.12,8.38
2018-05-07,8.19,8.42,8.5,8.19
2018-05-08,8.36,8.41,8.53,8.26
2018-05-09,8.39,8.45,8.58,8.28
2018-05-10,8.58,8.8,9.3,8.47
2018-05-11,8.77,8.48,8.82,8.48
2018-05-14,8.45,8.31,8.48,8.27
2018-05-15,8.25,8.44,8.45,8.25
2018-05-16,8.31,8.39,8.52,8.31
2018-05-17,8.39,8.28,8.42,8.2
2018-05-18,8.3,8.38,8.38,8.13
2018-05-21,8.37,8.5,8.52,8.36
2018-05-22,8.49,8.54,8.58,8.39
2018-05-23,8.53,8.43,8.67,8.4
2018-05-24,8.36,8.5,8.5,8.25
2018-05-25,8.45,8.38,8.47,8.3
