date,open,close,high,low
2016-01-04,8.886,8.418,9.195,8.22
2016-01-05,7.776,9.202,9.3,7.667
2016-01-06,9.331,9.322,9.508,8.886
2016-01-07,9.22,8.451,9.22,8.44
2016-01-08,8.451,8.671,9.064,8.009
2016-01-11,8.338,7.833,8.551,7.805
2016-01-12,7.736,7.807,8.216,7.214
2016-01-13,7.733,7.549,8.024,7.549
2016-01-14,7.547,8.22,8.304,7.22
2016-01-15,8.0,7.842,8.209,7.8
2016-01-18,7.607,8.06,8.509,7.516
2016-01-19,8.218,8.738,8.793,8.002
2016-01-20,8.82,8.358,8.82,8.353
2016-01-21,8.375,7.553,8.551,7.553
2016-01-22,7.465,7.953,7.964,7.242
2016-01-25,8.131,7.971,8.309,7.787
2016-01-26,7.909,7.998,8.364,7.687
2016-01-27,8.004,8.173,8.664,7.573
2016-01-28,7.876,8.22,8.553,7.667
2016-01-29,8.071,8.2,8.353,7.398
2016-02-01,8.109,7.669,8.22,7.665
2016-02-02,7.776,7.996,8.109,7.571
2016-02-03,7.973,8.02,8.198,7.776
2016-02-04,8.02,8.709,8.72,8.02
2016-02-05,8.62,8.124,8.62,7.867
2016-02-15,7.498,7.653,7.769,7.482
2016-02-16,7.66,7.82,7.838,7.66
2016-02-17,7.82,7.776,7.82,7.598
2016-02-18,7.798,8.153,8.455,7.798
2016-02-19,8.027,8.009,8.22,7.842
2016-02-22,8.02,8.287,8.527,7.642
2016-02-23,8.218,8.364,8.415,8.111
2016-02-24,8.398,8.498,8.527,8.353
2016-02-25,8.502,8.08,8.587,7.922
2016-02-26,8.553,8.595,8.638,8.122
2016-02-29,8.442,7.865,8.527,7.736
2016-03-01,7.776,8.142,8.182,7.553
2016-03-02,7.853,8.464,8.524,7.853
2016-03-03,8.353,8.335,8.746,8.335
2016-03-04,8.369,8.109,8.527,7.956
2016-03-07,8.12,8.278,8.604,7.953
2016-03-08,8.222,9.015,9.104,8.053
2016-03-09,8.795,9.331,9.771,8.62
2016-03-10,9.442,9.404,9.664,9.186
2016-03-11,8.998,8.498,9.414,8.498
2016-03-14,8.425,8.581,9.014,8.231
2016-03-15,8.548,8.803,9.125,8.448
2016-03-16,8.898,8.475,9.014,8.309
2016-03-17,8.475,9.131,9.22,8.309
2016-03-18,9.048,9.22,9.636,8.914
2016-03-21,9.192,9.886,9.886,9.086
2016-03-22,9.664,10.33,10.691,9.342
2016-03-23,10.081,11.053,11.219,10.008
2016-03-24,10.83,10.497,11.858,10.497
2016-03-25,10.386,10.181,10.597,9.997
2016-03-28,10.347,10.053,10.464,9.919
2016-03-29,9.997,10.231,10.264,9.775
2016-03-30,10.231,10.542,10.664,10.136
2016-03-31,10.653,10.853,11.08,10.569
2016-04-01,10.653,10.853,11.047,10.608
2016-04-05,10.719,10.886,11.047,10.719
2016-04-06,10.914,10.664,10.997,10.58
2016-04-07,10.736,10.586,10.941,10.419
2016-04-08,10.586,10.358,10.758,10.197
2016-04-11,10.358,10.503,10.664,10.358
2016-04-12,10.608,10.386,10.647,10.375
2016-04-13,10.586,10.464,10.83,10.375
2016-04-14,10.453,10.514,10.614,10.408
2016-04-15,10.664,10.597,10.803,10.486
2016-04-18,10.542,10.042,10.691,10.042
2016-04-19,10.025,10.075,10.219,9.858
2016-04-20,10.075,9.192,10.208,9.07
2016-04-21,9.114,9.17,9.497,9.109
2016-04-22,9.314,9.247,9.331,9.114
2016-04-25,9.109,9.136,9.275,9.036
2016-04-26,8.975,9.542,9.725,8.975
2016-04-27,9.442,9.192,9.625,9.131
2016-04-28,9.264,10.114,10.114,9.242
2016-04-29,10.164,10.392,10.83,10.069
2016-05-03,10.664,10.714,10.83,10.275
2016-05-04,10.603,10.647,10.908,10.475
2016-05-05,10.653,10.936,11.247,10.558
2016-05-06,11.003,10.614,11.197,10.497
2016-05-09,10.63,10.419,10.691,10.242
2016-05-10,10.53,10.642,10.691,10.292
2016-05-11,10.647,10.436,10.725,10.436
2016-05-12,10.275,10.325,10.469,9.914
2016-05-13,10.192,10.708,10.714,10.192
2016-05-16,10.708,11.147,11.275,10.458
2016-05-17,11.147,10.875,11.269,10.803
2016-05-18,10.708,10.525,10.797,10.164
2016-05-19,10.53,10.758,10.941,10.275
2016-05-20,10.497,10.941,10.941,10.336
2016-05-23,10.83,10.958,11.158,10.675
2016-05-24,10.869,10.636,10.941,10.636
2016-05-25,10.719,10.442,10.753,10.442
2016-05-26,10.275,10.425,10.658,10.275
2016-05-27,10.536,10.575,10.719,10.364
2016-05-30,10.447,11.63,11.63,10.442
2016-05-31,11.663,12.024,12.202,11.464
2016-06-01,12.147,12.136,12.158,11.725
2016-06-02,12.036,12.18,12.569,12.024
2016-06-03,12.191,12.158,12.485,12.136
2016-06-06,12.186,12.33,12.374,12.108
2016-06-07,12.224,12.552,12.602,12.136
2016-06-08,12.53,12.752,13.33,12.363
2016-06-13,12.219,12.269,13.024,12.108
2016-06-14,12.308,12.43,12.469,12.136
2016-06-15,12.469,13.052,13.324,12.385
2016-06-16,12.996,13.441,13.702,12.958
2016-06-17,13.385,13.718,14.068,13.385
2016-06-20,13.718,13.33,13.868,13.169
2016-06-21,13.363,13.33,13.663,13.113
2016-06-22,13.33,13.563,13.652,13.085
2016-06-23,13.563,13.83,13.974,13.463
2016-06-24,13.857,13.718,13.957,13.224
2016-06-27,13.718,13.818,13.996,13.58
2016-06-28,13.713,13.43,14.102,13.346
2016-06-29,13.446,13.913,13.941,12.941
2016-06-30,13.935,13.652,14.163,13.652
2016-07-01,13.652,13.607,13.885,13.496
2016-07-04,13.607,13.513,13.802,13.43
2016-07-05,13.457,13.618,13.752,13.457
2016-07-06,13.635,13.269,13.635,13.252
2016-07-07,13.452,13.524,13.607,13.28
2016-07-08,13.524,13.891,14.44,13.274
2016-07-11,13.796,13.802,14.257,13.774
2016-07-12,13.802,13.802,13.968,13.491
2016-07-13,13.857,13.913,14.285,13.691
2016-07-14,13.874,13.768,13.924,13.635
2016-07-15,13.924,13.996,14.218,13.791
2016-07-18,13.996,13.785,14.079,13.718
2016-07-19,13.785,13.713,13.957,13.696
2016-07-20,13.707,13.552,13.83,13.496
2016-07-21,13.568,13.791,13.885,13.33
2016-07-22,13.763,13.757,14.107,13.668
2016-07-25,13.757,13.68,13.941,13.502
2016-07-26,13.685,13.657,13.818,13.607
2016-07-27,13.774,12.885,13.774,12.885
2016-07-28,12.774,11.936,12.991,11.858
2016-07-29,11.941,13.13,13.13,11.941
2016-08-01,13.091,12.913,13.435,12.913
2016-08-02,13.074,12.913,13.296,12.663
2016-08-03,12.902,12.908,13.185,12.635
2016-08-04,12.808,12.608,12.935,12.552
2016-08-05,12.508,12.236,12.746,12.23
2016-08-08,12.413,12.941,13.141,12.408
2016-08-09,13.041,13.002,13.196,12.83
2016-08-10,13.535,13.019,13.535,12.885
2016-08-11,13.224,12.946,13.224,12.941
2016-08-12,12.974,13.041,13.219,12.802
2016-08-15,13.041,13.157,13.319,12.913
2016-08-16,13.146,13.046,13.313,13.03
2016-08-17,13.013,13.163,13.274,12.969
2016-08-18,13.107,13.246,13.335,13.041
2016-08-19,13.369,13.213,13.369,13.146
2016-08-22,13.385,13.141,13.385,13.085
2016-08-23,13.107,12.913,13.202,12.796
2016-08-24,12.952,12.835,12.996,12.652
2016-08-25,12.774,12.763,12.891,12.658
2016-08-26,12.802,12.746,12.913,12.696
2016-08-29,12.802,13.085,13.085,12.497
2016-08-30,12.996,13.002,13.157,12.913
2016-08-31,13.002,13.413,13.463,12.274
2016-09-01,13.419,12.969,13.541,12.969
2016-09-02,13.091,13.041,13.107,12.885
2016-09-05,13.302,12.913,13.307,12.808
2016-09-06,12.941,13.124,13.346,12.808
2016-09-07,13.107,13.202,13.296,12.613
2016-09-08,13.185,13.274,13.319,13.085
2016-09-27,13.219,12.813,13.219,12.497
2016-09-28,12.785,12.752,12.819,12.524
2016-09-29,12.569,12.663,12.741,12.569
2016-09-30,12.819,12.896,12.913,12.302
2016-10-10,12.935,14.185,14.185,12.78
2016-10-11,14.44,14.996,15.257,14.052
2016-10-12,14.718,15.079,15.435,14.357
2016-10-13,15.074,16.59,16.59,14.746
2016-10-14,16.995,16.59,17.106,16.457
2016-10-17,16.49,16.301,16.823,16.112
2016-10-18,16.301,16.618,16.929,15.907
2016-10-19,16.651,18.278,18.278,16.457
2016-10-20,18.661,18.095,20.1,18.095
2016-10-21,18.412,17.662,18.628,17.523
2016-10-24,17.634,17.856,18.378,17.356
2016-10-25,18.051,17.44,18.189,17.44
2016-10-26,17.44,16.962,17.651,16.718
2016-10-27,17.117,18.656,18.656,17.117
2016-10-28,19.1,17.939,19.161,17.773
2016-10-31,17.773,17.895,18.428,17.534
2016-11-01,17.867,17.995,18.35,17.856
2016-11-02,17.817,17.429,18.023,17.334
2016-11-03,17.262,19.05,19.172,17.04
2016-11-04,18.773,18.239,18.873,18.223
2016-11-07,17.939,17.939,18.6,17.884
2016-11-08,18.101,17.473,18.106,17.417
2016-11-09,17.551,17.628,17.939,16.973
2016-11-10,17.656,17.551,18.295,17.523
2016-11-11,17.467,17.523,17.64,17.14
2016-11-14,17.367,17.201,17.534,17.167
2016-11-15,17.212,16.773,17.384,16.39
2016-11-16,16.94,16.751,16.995,16.623
2016-11-17,16.734,16.901,16.945,16.662
2016-11-18,16.901,17.134,17.273,16.773
2016-11-21,17.467,17.145,17.467,17.04
2016-11-22,17.145,16.723,17.401,16.634
2016-11-23,16.662,16.645,16.906,16.579
2016-11-24,16.795,16.49,16.795,16.49
2016-11-25,16.49,16.607,16.718,16.384
2016-11-28,16.601,16.734,16.74,16.445
2016-11-29,16.74,16.651,16.851,16.634
2016-11-30,16.851,16.273,16.856,16.168
2016-12-01,16.157,16.645,16.94,16.157
2016-12-02,16.712,16.734,16.99,16.451
2016-12-05,16.162,16.246,16.723,15.84
2016-12-06,16.151,16.246,16.373,15.94
2016-12-07,16.246,16.584,16.801,16.118
2016-12-08,16.656,16.484,16.856,16.273
2016-12-09,16.551,16.412,16.551,16.218
2016-12-12,16.49,15.324,16.49,14.774
2016-12-13,15.185,15.707,16.084,14.552
2016-12-14,15.829,15.773,15.846,15.573
2016-12-15,15.762,15.868,16.218,15.762
2016-12-16,15.757,15.79,15.968,15.479
2016-12-19,15.773,15.551,16.084,15.551
2016-12-20,15.551,15.946,15.99,15.385
2016-12-21,15.718,15.773,15.996,15.523
2016-12-22,15.618,15.762,15.896,15.496
2016-12-23,15.762,15.873,15.94,15.385
2016-12-26,15.996,15.762,15.996,15.551
2016-12-27,15.757,15.568,15.851,15.262
2016-12-28,15.568,15.74,16.096,15.385
2016-12-29,15.585,15.435,15.712,15.285
2016-12-30,15.462,14.935,15.551,13.891
2017-01-03,14.44,14.851,15.101,14.024
2017-01-04,14.874,14.824,14.874,14.302
2017-01-05,14.74,14.718,14.929,14.574
2017-01-06,14.563,14.624,14.829,14.435
2017-01-09,14.546,14.479,14.713,14.457
2017-01-10,14.424,14.129,14.574,13.774
2017-01-11,14.102,15.14,15.44,14.057
2017-01-12,15.129,14.985,15.301,14.724
2017-01-13,15.057,15.829,16.196,14.829
2017-01-16,15.846,15.94,16.384,15.451
2017-01-17,16.107,15.69,16.107,15.262
2017-01-18,15.523,15.918,16.162,15.523
2017-01-19,15.918,16.007,16.079,15.718
2017-01-20,16.073,15.99,16.318,15.89
2017-01-23,15.99,16.062,16.318,15.89
2017-01-24,16.118,15.973,16.118,15.662
2017-01-25,15.884,16.262,16.384,15.757
2017-01-26,16.101,16.168,16.307,15.968
2017-02-03,16.196,16.19,16.246,16.023
2017-02-06,16.19,15.896,16.19,15.829
2017-02-07,15.762,15.84,15.89,15.629
2017-02-08,15.723,15.868,15.957,15.662
2017-02-09,16.051,16.046,16.357,15.879
2017-02-10,16.051,16.218,16.246,15.99
2017-02-13,16.262,16.729,16.834,16.251
2017-02-14,16.729,16.384,16.94,16.357
2017-02-15,16.401,16.051,16.668,16.051
2017-03-02,16.551,15.696,17.101,15.696
2017-03-03,15.468,15.107,15.546,15.007
2017-03-06,14.89,15.29,15.59,14.89
2017-03-07,15.301,15.44,15.54,15.246
2017-03-08,15.274,15.651,15.707,15.062
2017-03-09,15.657,15.612,15.79,15.579
2017-03-10,15.612,15.612,15.768,15.562
2017-03-13,15.557,15.796,15.801,15.396
2017-03-14,15.796,15.707,15.962,15.651
2017-03-15,15.712,15.362,15.729,15.251
2017-03-16,15.429,15.435,15.896,15.324
2017-03-17,15.479,15.435,15.635,14.696
2017-03-20,15.435,15.429,15.546,15.135
2017-03-21,15.374,15.374,15.429,15.274
2017-03-22,15.301,15.346,15.618,15.251
2017-03-23,15.396,15.496,15.623,15.274
2017-03-24,15.44,15.246,15.612,15.224
2017-03-27,15.329,15.135,15.407,15.135
2017-03-28,15.135,14.94,15.151,14.746
2017-03-29,14.907,15.051,15.129,14.663
2017-03-30,14.896,15.013,15.24,14.896
2017-03-31,15.001,14.935,15.174,14.913
2017-04-05,15.124,15.401,15.518,15.018
2017-04-06,15.218,15.146,15.518,14.996
2017-04-07,15.207,15.112,15.207,14.929
2017-04-10,15.112,15.418,15.501,15.024
2017-04-11,15.218,15.357,15.435,14.951
2017-04-12,15.274,15.224,15.301,15.04
2017-04-13,15.212,15.018,15.212,15.001
2017-04-14,15.018,15.107,15.162,14.446
2017-04-17,15.201,15.107,15.201,14.996
2017-04-18,15.179,15.357,15.407,15.112
2017-04-19,15.385,15.39,15.496,15.14
2017-04-20,15.39,15.646,15.662,15.251
2017-04-21,15.707,15.64,15.996,15.551
2017-04-24,15.579,15.44,15.901,15.279
2017-04-25,15.44,15.751,15.818,15.357
2017-04-26,15.801,15.668,15.846,15.468
2017-04-27,15.773,15.579,15.773,15.401
2017-04-28,15.657,15.607,15.762,15.329
2017-05-02,15.512,15.607,15.69,15.479
2017-05-03,15.612,15.401,15.74,15.401
2017-05-04,15.385,15.279,15.507,15.279
2017-05-05,15.29,15.057,15.401,14.896
2017-05-08,15.057,15.107,15.274,14.568
2017-05-09,15.051,15.107,15.185,14.857
2017-05-10,15.035,15.024,15.107,14.79
2017-05-11,15.024,14.974,15.096,14.513
2017-05-12,14.79,14.99,14.99,14.79
2017-05-15,15.146,14.99,15.146,14.89
2017-05-16,14.99,15.062,15.096,14.94
2017-05-17,15.062,14.99,15.062,14.885
2017-05-18,14.901,15.185,15.324,14.901
2017-05-19,15.162,15.14,15.246,15.079
2017-05-22,15.14,15.024,15.207,14.718
2017-05-23,14.996,14.879,14.996,14.74
2017-05-24,14.879,14.863,14.896,14.629
2017-05-25,14.913,14.846,14.935,14.779
2017-05-26,14.818,14.824,14.957,14.79
2017-05-31,14.913,15.001,15.274,14.885
2017-06-01,15.207,14.979,15.207,14.713
2017-06-02,14.996,14.846,14.996,14.613
2017-06-05,14.824,14.901,14.94,14.801
2017-06-06,14.901,14.929,14.935,14.724
2017-06-07,14.73,15.02,15.19,14.73
2017-06-08,15.0,14.81,15.12,14.8
2017-06-09,14.78,14.81,14.98,13.5
2017-06-12,14.67,14.39,14.76,14.39
2017-06-13,14.39,15.14,15.2,14.09
2017-06-14,15.24,15.31,15.4,15.06
2017-06-15,15.46,15.26,15.46,15.08
2017-06-16,15.27,15.32,15.39,15.08
2017-06-19,15.3,15.85,16.18,15.09
2017-06-20,15.8,17.2,17.21,15.66
2017-06-21,17.1,17.45,17.81,16.75
2017-06-22,17.26,17.2,17.98,17.18
2017-06-23,17.23,17.35,17.68,17.05
2017-06-26,17.19,17.23,17.48,16.9
2017-06-27,17.29,17.6,17.78,17.17
2017-06-28,17.55,17.75,18.07,17.4
2017-06-29,17.75,15.98,17.93,15.98
2018-01-16,14.38,14.38,14.38,14.38
2018-01-17,12.94,12.94,12.94,12.94
2018-01-18,11.65,11.65,11.65,11.65
2018-01-19,10.49,10.49,10.49,10.49
2018-01-22,9.44,9.44,9.44,9.44
2018-01-23,8.5,8.5,8.5,8.5
2018-01-24,7.65,7.65,7.65,7.65
2018-01-25,6.89,8.42,8.42,6.89
2018-01-26,7.58,7.58,8.12,7.58
2018-01-29,7.01,6.82,7.21,6.82
2018-01-30,6.58,6.22,6.68,6.15
2018-01-31,6.02,6.24,6.45,5.67
2018-02-01,6.02,5.62,6.15,5.62
2018-02-02,5.45,5.77,5.88,5.3
2018-02-05,5.71,5.92,6.25,5.62
2018-02-06,5.7,5.35,5.87,5.35
2018-02-07,5.45,5.89,5.89,5.2
2018-02-08,6.06,6.1,6.44,5.95
2018-02-09,5.75,6.27,6.56,5.61
2018-02-12,6.05,6.21,6.38,6.05
2018-02-13,6.11,5.6,6.26,5.59
2018-02-14,5.68,5.59,5.68,5.35
2018-02-22,5.64,6.0,6.14,5.53
2018-02-23,5.92,5.79,6.01,5.77
2018-02-26,5.88,6.04,6.13,5.83
2018-02-27,6.07,6.29,6.37,5.99
2018-02-28,6.12,6.25,6.49,5.73
2018-03-01,6.24,6.2,6.45,6.12
2018-03-02,6.07,6.18,6.31,6.07
2018-03-05,6.19,6.0,6.21,5.93
2018-03-06,5.96,6.0,6.09,5.96
2018-03-07,6.03,6.18,6.29,5.91
2018-03-08,6.11,6.12,6.23,6.05
2018-03-09,6.13,6.73,6.73,6.08
2018-03-12,7.0,7.4,7.4,6.9
2018-03-13,7.5,7.12,7.55,7.1
2018-03-14,7.14,6.97,7.33,6.91
2018-03-15,6.87,6.82,6.94,6.55
2018-03-16,6.85,6.71,6.94,6.7
2018-03-19,6.6,6.88,7.05,6.6
2018-03-20,6.7,7.15,7.25,6.65
2018-03-21,7.11,6.78,7.16,6.75
2018-03-22,6.77,6.69,6.87,6.65
2018-03-23,6.41,6.02,6.44,6.02
2018-03-26,5.75,5.9,5.9,5.5
2018-03-27,5.97,6.09,6.18,5.97
2018-03-28,5.93,6.09,6.2,5.89
2018-03-29,6.09,6.22,6.26,6.04
2018-03-30,6.28,6.16,6.32,6.13
2018-04-02,6.12,6.0,6.2,6.0
2018-04-03,5.93,5.81,5.96,5.65
2018-04-04,5.92,5.76,5.99,5.72
2018-04-09,5.7,5.7,5.83,5.66
2018-04-10,5.78,5.59,5.81,5.37
2018-04-11,5.66,5.66,5.75,5.57
2018-04-12,5.68,5.48,5.69,5.47
2018-04-13,5.49,5.44,5.56,5.42
2018-04-16,5.44,5.23,5.47,5.21
2018-04-17,5.26,5.23,5.46,5.14
2018-04-18,5.21,5.17,5.29,5.03
2018-04-19,5.2,5.32,5.37,5.15
2018-04-20,5.24,5.13,5.43,5.1
2018-04-23,5.06,4.91,5.12,4.81
2018-04-24,4.91,4.95,5.02,4.87
2018-04-25,4.94,4.97,5.04,4.91
2018-04-26,4.96,4.97,5.27,4.94
2018-04-27,4.95,4.82,5.02,4.8
2018-05-02,4.82,4.45,4.84,4.34
2018-05-03,4.39,4.51,4.52,4.38
2018-05-04,4.52,4.58,4.69,4.49
2018-05-07,4.57,4.61,4.65,4.55
2018-05-08,4.61,4.64,4.68,4.57
2018-05-09,4.66,4.55,4.66,4.46
2018-05-10,4.57,4.6,4.64,4.5
2018-05-11,4.59,4.54,4.65,4.5
2018-05-14,4.51,4.34,4.52,4.33
2018-05-15,4.31,4.42,4.5,4.28
2018-05-16,4.39,4.33,4.41,4.32
2018-05-17,4.34,4.31,4.38,4.31
2018-05-18,4.32,4.31,4.34,4.23
2018-05-21,4.34,4.4,4.45,4.31
2018-05-22,4.39,4.43,4.46,4.34
2018-05-23,4.39,4.27,4.4,4.27
2018-05-24,4.26,4.18,4.28,4.17
2018-05-25,4.18,4.05,4.18,4.04
