date,open,close,high,low
2016-01-04,24.271,21.984,24.271,21.984
2016-01-05,19.796,20.715,21.894,19.796
2016-01-06,21.354,21.145,21.474,19.846
2016-01-07,20.785,19.127,20.785,19.107
2016-01-08,19.207,19.357,19.666,17.679
2016-01-11,18.628,17.629,18.897,17.629
2016-01-12,17.149,18.458,18.857,17.149
2016-01-13,18.638,18.158,18.857,17.619
2016-01-14,17.709,18.398,18.558,16.78
2016-01-15,18.038,18.128,18.398,17.03
2016-01-18,17.489,18.298,18.638,17.249
2016-01-19,18.178,19.037,19.237,18.038
2016-01-20,19.047,20.945,20.945,18.777
2016-01-21,21.125,21.414,23.042,20.386
2016-01-22,21.544,20.675,21.644,20.336
2016-01-25,21.105,22.353,22.473,20.276
2016-01-26,21.864,24.591,24.591,21.115
2016-01-27,25.449,22.133,25.449,22.133
2016-01-28,20.575,20.955,21.934,19.986
2016-01-29,20.485,22.533,22.663,20.176
2016-02-01,22.034,20.975,22.173,20.346
2016-02-02,21.414,21.474,22.623,20.975
2016-02-03,21.424,21.574,21.924,20.995
2016-02-04,21.734,21.724,22.133,21.314
2016-02-05,21.554,20.675,21.964,20.575
2016-02-15,19.876,21.364,21.674,18.708
2016-02-16,21.374,21.764,22.453,21.364
2016-02-17,21.764,22.413,22.633,21.634
2016-02-18,22.483,23.352,23.472,21.704
2016-02-19,22.863,22.783,23.402,22.473
2016-02-22,23.132,23.472,23.921,22.593
2016-02-23,23.372,22.833,23.412,22.503
2016-02-24,22.553,22.833,22.873,22.044
2016-02-25,22.453,21.145,22.723,20.545
2016-02-26,22.153,21.644,22.153,20.475
2016-02-29,21.334,22.763,22.823,20.346
2016-03-01,22.803,24.86,25.04,21.824
2016-03-02,24.091,26.308,26.718,24.081
2016-03-03,26.308,23.682,28.935,23.682
2016-03-04,22.273,21.314,22.583,21.314
2016-03-07,20.685,21.075,21.734,20.485
2016-03-08,20.475,20.196,20.875,19.287
2016-03-09,19.577,19.626,20.186,19.327
2016-03-10,19.477,19.017,19.906,18.877
2016-03-11,18.897,18.817,18.967,18.478
2016-03-14,18.937,19.437,19.616,18.937
2016-03-15,19.457,19.357,19.776,19.297
2016-03-16,19.477,18.917,19.676,18.718
2016-03-17,19.007,19.507,19.537,18.887
2016-03-18,19.477,20.166,20.266,19.357
2016-03-21,20.326,20.485,20.535,20.206
2016-03-22,20.356,19.996,20.366,19.976
2016-03-23,19.976,20.266,20.326,19.876
2016-03-24,20.166,20.435,20.745,19.756
2016-03-25,20.535,20.605,21.085,20.406
2016-03-28,20.635,19.986,20.755,19.786
2016-03-29,20.036,19.177,20.136,19.087
2016-03-30,19.397,19.736,19.826,19.397
2016-03-31,20.026,19.926,20.485,19.896
2016-04-01,19.786,19.766,20.166,19.497
2016-04-05,19.836,20.386,20.625,19.816
2016-04-06,20.426,20.585,20.685,20.256
2016-04-07,20.695,20.525,20.855,20.356
2016-04-08,20.396,20.525,20.775,20.176
2016-04-11,20.665,20.915,21.155,20.655
2016-04-12,20.915,20.575,20.915,20.186
2016-04-13,20.605,21.185,21.454,20.605
2016-04-14,21.185,21.874,22.163,21.185
2016-04-15,21.854,21.974,22.473,21.724
2016-04-18,21.784,21.534,21.874,21.025
2016-04-19,21.544,21.354,21.824,21.175
2016-04-20,21.354,20.475,21.474,19.656
2016-04-21,20.435,20.286,20.775,19.856
2016-04-22,20.426,20.575,20.595,20.096
2016-04-25,20.575,20.376,20.645,19.876
2016-04-26,20.376,22.413,22.413,20.176
2016-04-27,22.473,22.054,22.653,21.804
2016-04-28,22.054,22.064,22.363,21.484
2016-04-29,22.034,21.674,22.064,21.614
2016-05-03,21.464,22.613,22.733,21.394
2016-05-04,22.623,22.273,22.623,22.233
2016-05-05,22.133,23.132,23.352,22.133
2016-05-06,22.962,21.724,23.102,21.674
2016-05-09,21.734,21.874,22.463,21.434
2016-05-10,21.474,20.665,21.844,20.495
2016-05-11,20.745,20.246,20.905,20.186
2016-05-12,20.016,19.946,20.036,19.377
2016-05-13,19.956,19.836,20.156,19.487
2016-05-16,19.766,20.426,20.575,19.636
2016-05-17,20.545,20.106,20.625,20.026
2016-05-18,20.026,19.097,20.116,18.787
2016-05-19,19.077,18.907,19.457,18.797
2016-05-20,18.578,18.827,19.077,18.408
2016-05-23,18.947,19.237,19.307,18.857
2016-05-24,19.267,19.247,19.437,19.087
2016-05-25,19.467,19.257,19.716,19.137
2016-05-26,19.077,19.237,19.267,18.708
2016-05-27,19.177,19.297,19.517,18.987
2016-05-30,19.287,19.317,19.537,18.897
2016-05-31,19.377,20.166,20.176,19.377
2016-06-01,20.376,20.186,20.515,20.096
2016-06-02,20.186,20.256,20.336,19.886
2016-06-03,20.126,20.356,20.475,20.116
2016-06-06,20.376,20.745,21.225,20.366
2016-06-07,20.715,20.585,20.775,20.046
2016-06-08,20.625,21.434,21.754,20.625
2016-06-13,21.075,21.175,22.353,20.785
2016-06-14,21.474,22.103,22.443,21.035
2016-06-15,21.754,22.913,23.142,21.624
2016-06-16,22.773,22.543,22.952,22.153
2016-06-17,22.293,22.123,22.853,22.004
2016-06-20,22.323,22.673,23.442,22.133
2016-06-21,22.673,22.663,22.952,22.044
2016-06-22,22.513,23.372,23.452,22.223
2016-06-23,23.412,24.151,24.451,22.893
2016-06-24,24.081,23.851,24.441,22.283
2016-06-27,23.472,24.531,24.83,23.382
2016-06-28,24.071,24.291,24.87,24.071
2016-06-29,24.401,24.431,25.26,24.271
2016-06-30,24.591,26.368,26.868,24.571
2016-07-01,26.159,28.436,28.466,25.589
2016-07-04,27.647,27.996,28.706,27.277
2016-07-05,27.867,28.736,29.385,27.577
2016-07-06,28.366,31.113,31.612,27.887
2016-07-07,30.473,29.934,32.621,29.904
2016-07-08,29.864,28.785,30.334,28.486
2016-07-11,29.215,29.465,30.294,28.775
2016-07-12,29.065,27.477,29.265,26.548
2016-07-13,27.617,27.567,27.757,26.828
2016-07-14,27.467,27.247,27.467,26.828
2016-07-15,27.457,27.078,27.807,26.968
2016-07-18,27.058,26.219,27.267,25.949
2016-07-19,26.668,26.668,26.738,26.099
2016-07-20,26.928,26.448,26.948,26.428
2016-07-21,26.668,26.149,26.718,26.009
2016-07-22,26.268,26.288,26.468,25.829
2016-07-25,25.899,25.869,26.318,25.649
2016-07-26,25.869,26.768,26.938,25.869
2016-07-27,26.668,24.361,27.038,24.091
2016-07-28,24.371,24.081,24.541,23.522
2016-07-29,24.081,23.841,24.561,23.592
2016-08-01,23.682,23.532,23.831,22.633
2016-08-02,23.482,23.742,23.771,23.322
2016-08-03,23.712,24.061,24.071,23.362
2016-08-04,23.961,24.101,24.351,23.692
2016-08-05,24.101,23.572,24.341,23.572
2016-08-08,23.522,23.931,23.961,22.873
2016-08-09,24.001,24.65,24.78,23.722
2016-08-10,24.62,24.481,24.95,24.341
2016-08-11,24.271,24.571,24.94,23.841
2016-08-12,24.511,24.76,24.87,24.261
2016-08-15,24.99,26.029,26.468,24.67
2016-08-16,25.969,27.167,27.507,25.779
2016-08-17,27.107,27.397,27.467,26.628
2016-08-18,25.959,26.049,26.528,25.649
2016-08-19,26.268,25.699,26.268,25.569
2016-08-22,25.699,25.03,25.969,24.97
2016-08-23,25.1,25.489,25.489,24.67
2016-08-24,25.429,25.39,25.669,25.28
2016-08-25,25.27,24.461,25.27,24.271
2016-08-26,24.371,24.521,24.76,24.361
2016-08-29,24.521,24.85,25.25,24.521
2016-08-30,24.93,24.551,25.05,24.371
2016-08-31,24.62,24.291,24.72,23.971
2016-09-01,24.301,24.081,24.421,23.981
2016-09-02,23.981,23.951,24.241,23.771
2016-09-05,24.031,24.091,24.341,23.971
2016-09-06,24.131,25.569,25.569,23.871
2016-09-07,25.569,25.469,25.959,25.18
2016-09-08,25.469,25.769,25.919,25.18
2016-09-09,25.929,25.579,26.169,25.479
2016-09-12,24.97,25.12,25.539,24.75
2016-09-13,25.919,25.969,26.169,25.15
2016-09-14,25.919,26.608,26.848,25.679
2016-09-19,26.418,26.848,27.427,26.259
2016-09-20,27.917,26.538,27.917,26.468
2016-09-21,26.468,26.678,27.147,26.268
2016-09-22,26.938,26.988,27.267,26.518
2016-09-23,26.768,27.187,27.467,26.608
2016-09-26,27.187,26.468,27.857,26.268
2016-09-27,26.169,26.398,26.458,25.649
2016-09-28,26.169,26.728,26.898,26.169
2016-09-29,26.728,26.628,27.018,26.498
2016-09-30,26.478,26.528,26.778,26.298
2016-10-10,26.768,27.897,28.216,26.688
2016-10-11,27.917,28.046,28.566,27.777
2016-10-12,27.807,29.045,29.145,27.777
2016-10-13,29.095,29.315,29.415,28.666
2016-10-14,29.594,29.095,29.864,29.065
2016-10-17,29.025,28.216,29.255,28.086
2016-10-18,28.276,28.905,28.905,28.276
2016-10-19,28.785,28.666,29.505,28.586
2016-10-20,28.506,28.156,28.765,27.917
2016-10-21,28.316,28.556,28.646,27.767
2016-10-24,28.556,28.696,28.855,28.196
2016-10-25,28.636,28.376,28.666,28.086
2016-10-26,28.166,27.537,28.226,27.347
2016-10-27,27.467,27.607,27.717,27.317
2016-10-28,27.647,28.246,28.246,27.567
2016-10-31,28.036,29.225,29.385,27.867
2016-11-01,29.315,29.415,29.744,28.765
2016-11-02,29.245,28.726,29.834,28.676
2016-11-03,28.366,28.246,29.085,28.136
2016-11-04,28.166,29.884,30.463,27.966
2016-11-07,29.944,29.565,30.274,29.195
2016-11-08,29.714,29.854,30.244,29.265
2016-11-09,29.664,30.394,30.813,29.075
2016-11-10,30.533,33.43,33.43,30.184
2016-11-11,34.758,32.721,35.358,32.541
2016-11-14,32.811,32.95,33.36,32.032
2016-11-15,32.861,33.19,33.759,32.261
2016-11-16,33.06,31.652,33.06,31.262
2016-11-17,31.253,30.603,31.262,30.214
2016-11-18,31.223,33.66,33.66,30.913
2016-11-21,34.908,36.157,36.866,34.249
2016-11-22,35.807,38.853,39.772,35.008
2016-11-23,37.285,35.408,37.555,35.158
2016-11-24,35.747,35.018,36.536,34.449
2016-11-25,35.038,34.698,35.148,32.96
2016-11-28,34.329,34.379,35.198,34.219
2016-11-29,34.359,33.36,34.818,33.3
2016-11-30,32.96,34.129,34.249,32.761
2016-12-01,33.809,33.52,33.989,33.34
2016-12-02,33.26,35.098,35.797,32.99
2016-12-05,34.259,35.238,35.957,33.67
2016-12-06,34.958,34.259,35.947,34.159
2016-12-07,33.759,34.229,34.309,32.541
2016-12-08,33.939,33.21,34.419,33.06
2016-12-09,32.96,31.682,32.96,31.672
2016-12-12,31.412,28.516,31.682,28.516
2016-12-13,28.516,28.556,28.945,28.266
2016-12-14,28.765,27.767,29.015,27.727
2016-12-15,27.467,28.266,29.115,27.467
2016-12-16,28.266,29.275,30.064,28.216
2016-12-19,29.315,29.335,29.914,28.815
2016-12-20,29.594,29.365,29.914,29.195
2016-12-21,29.465,30.743,30.813,29.465
2016-12-22,30.643,30.364,30.693,29.874
2016-12-23,30.374,29.545,30.543,29.515
2016-12-26,29.365,29.225,29.535,28.466
2016-12-27,29.235,29.515,30.174,29.225
2016-12-28,29.155,28.985,29.305,28.775
2016-12-29,28.985,28.466,29.115,28.416
2016-12-30,28.666,28.576,28.765,28.066
2017-01-03,28.576,28.576,29.055,28.426
2017-01-04,28.666,29.265,29.425,28.586
2017-01-05,29.065,30.044,30.064,29.055
2017-01-06,30.004,29.714,30.044,29.475
2017-01-09,29.724,29.485,29.964,29.265
2017-01-10,29.565,28.476,29.604,28.366
2017-01-11,28.466,27.767,28.616,27.467
2017-01-12,27.767,27.867,28.056,27.557
2017-01-13,27.867,28.146,28.865,27.817
2017-01-16,28.136,25.33,28.136,25.33
2017-01-17,24.83,25.769,25.969,24.411
2017-01-18,25.739,24.83,25.739,24.571
2017-01-19,24.591,24.78,25.449,23.991
2017-01-20,24.471,25.02,25.22,24.331
2017-01-23,25.02,25.36,25.549,25.0
2017-01-24,25.649,25.39,25.919,25.29
2017-01-25,25.519,25.969,26.338,25.15
2017-01-26,26.268,25.719,26.268,25.529
2017-02-03,25.729,25.659,25.829,25.429
2017-02-06,25.519,26.298,26.468,25.519
2017-02-07,26.308,25.989,26.438,25.829
2017-02-08,26.159,26.219,26.268,25.849
2017-02-09,26.219,26.838,27.417,26.129
2017-02-10,26.818,26.568,26.878,26.368
2017-02-13,26.338,27.117,27.407,26.338
2017-02-14,27.217,27.447,27.647,26.908
2017-02-15,27.447,26.768,27.887,26.618
2017-02-16,26.638,26.828,26.948,26.568
2017-02-17,26.738,25.819,26.908,25.639
2017-02-20,25.819,25.469,26.039,24.77
2017-02-21,25.17,25.809,25.829,25.09
2017-02-22,25.909,26.099,26.268,25.759
2017-02-23,26.239,26.249,26.468,25.989
2017-02-24,26.069,26.388,26.508,25.789
2017-02-27,26.388,26.408,26.808,26.368
2017-02-28,26.408,26.518,26.728,26.268
2017-03-01,26.518,26.358,26.708,26.169
2017-03-02,26.368,26.049,26.508,26.029
2017-03-03,25.889,26.079,26.119,25.519
2017-03-06,26.149,28.686,28.686,26.149
2017-03-07,29.465,28.436,29.465,28.056
2017-03-08,28.566,28.046,28.566,27.787
2017-03-09,27.817,27.627,28.066,27.227
2017-03-10,27.487,27.477,27.827,27.427
2017-03-13,27.387,27.936,28.186,27.317
2017-03-14,27.877,27.956,28.166,27.467
2017-03-15,27.966,28.616,28.765,27.767
2017-03-16,28.506,28.656,28.746,28.326
2017-03-17,28.516,27.867,29.215,27.847
2017-03-20,27.607,28.466,28.666,27.417
2017-03-21,27.068,25.849,27.237,25.629
2017-03-22,25.809,25.869,26.059,25.579
2017-03-23,25.879,25.13,25.959,24.79
2017-03-24,24.98,25.579,25.739,24.93
2017-03-27,25.609,25.27,25.609,25.06
2017-03-28,25.449,25.33,25.469,25.15
2017-03-29,25.17,25.17,25.469,25.02
2017-03-30,25.03,25.519,25.969,23.991
2017-03-31,25.33,24.91,25.37,24.63
2017-04-05,24.82,25.08,25.12,24.69
2017-04-06,25.08,24.64,25.11,24.521
2017-04-07,24.551,24.491,24.69,24.371
2017-04-10,24.281,24.551,25.769,24.011
2017-04-11,24.391,24.311,24.87,23.672
2017-04-12,24.091,24.491,24.521,24.011
2017-04-13,24.62,24.63,24.95,24.351
2017-04-14,24.541,24.141,24.591,24.141
2017-04-17,24.051,23.302,24.051,23.052
2017-04-18,23.302,22.932,23.851,22.932
2017-04-19,22.972,22.333,22.972,22.173
2017-04-20,22.343,21.504,22.643,21.504
2017-04-21,21.474,21.424,21.834,21.404
2017-04-24,21.294,20.056,21.324,19.816
2017-04-25,19.976,19.177,20.435,19.177
2017-04-26,19.227,19.676,19.776,19.127
2017-04-27,19.527,19.616,19.676,18.588
2017-04-28,19.616,19.756,19.956,19.437
2017-05-02,19.776,19.976,20.326,19.577
2017-05-03,20.106,19.696,20.106,19.577
2017-05-04,19.846,19.297,19.846,19.297
2017-05-05,19.077,19.017,19.447,18.997
2017-05-08,19.067,18.977,19.237,18.777
2017-05-09,18.777,19.087,19.167,18.718
2017-05-10,19.127,18.738,19.227,18.588
2017-05-11,18.927,18.118,18.927,17.509
2017-05-12,18.128,17.749,18.158,17.589
2017-05-15,17.749,17.839,17.938,17.749
2017-05-16,17.879,18.528,18.678,17.649
2017-05-17,18.528,18.827,19.127,18.528
2017-05-18,18.528,18.728,19.177,18.478
2017-05-19,18.777,18.328,18.867,18.268
2017-05-22,18.328,17.879,18.618,17.879
2017-05-23,17.859,16.83,18.028,16.68
2017-05-24,16.83,17.06,17.299,16.36
2017-05-25,17.09,17.339,17.409,16.78
2017-05-26,17.479,17.409,17.579,17.289
2017-05-31,17.579,17.03,17.958,17.03
2017-06-01,17.199,15.981,17.209,15.671
2017-06-02,15.981,16.66,16.73,15.641
2017-06-05,16.73,16.98,17.119,16.68
2017-06-06,16.98,17.05,17.169,16.85
2017-06-07,17.12,17.54,17.68,17.01
2017-06-08,17.65,17.67,17.98,17.6
2017-06-09,17.7,17.6,17.78,17.15
2017-06-12,17.6,16.93,17.71,16.9
2017-06-13,17.05,18.01,18.34,16.81
2017-06-14,17.91,18.15,18.95,17.82
2017-06-15,18.1,18.6,18.86,18.0
2017-06-16,18.56,18.35,18.77,18.27
2017-06-19,18.25,18.49,18.55,18.2
2017-06-20,18.51,18.25,18.6,18.08
2017-06-21,18.24,18.13,18.27,17.88
2017-06-22,17.89,17.52,18.19,17.3
2017-06-23,17.51,17.53,17.76,17.2
2017-06-26,17.69,17.66,17.74,17.29
2017-06-27,17.78,18.36,18.38,17.71
2017-06-28,18.19,17.94,18.55,17.88
2017-06-29,17.9,17.96,18.1,17.8
2017-06-30,17.81,17.82,17.9,17.66
2017-07-03,17.86,18.09,18.14,17.75
2017-07-04,18.45,17.89,18.45,17.82
2017-07-05,17.81,18.06,18.11,17.78
2017-07-06,18.01,18.05,18.11,17.76
2017-07-07,18.07,18.1,18.15,17.9
2017-07-10,18.0,17.53,18.01,17.5
2017-07-11,17.52,17.38,17.74,17.25
2017-07-12,17.32,17.04,17.47,16.7
2017-07-13,17.04,17.05,17.2,16.89
2017-07-14,17.19,16.74,17.19,16.74
2017-07-17,16.69,15.3,16.7,15.3
2017-07-18,15.3,15.57,15.72,15.2
2017-07-19,15.65,15.79,15.8,15.42
2017-07-20,15.98,16.03,16.43,15.71
2017-07-21,16.17,15.93,16.17,15.91
2017-07-24,15.98,16.14,16.14,15.59
2017-07-25,16.01,15.99,16.18,15.85
2017-07-26,16.0,15.95,16.13,15.8
2017-07-27,15.91,16.33,16.48,15.75
2017-07-28,16.51,16.47,16.81,16.35
2017-07-31,16.5,16.66,16.8,16.5
2017-08-01,16.72,16.72,16.88,16.67
2017-08-02,16.8,16.6,16.87,16.51
2017-08-03,16.54,16.99,17.04,16.4
2017-08-04,17.07,17.36,17.56,17.0
2017-08-07,17.37,17.08,17.48,16.93
2017-08-08,17.56,18.18,18.35,17.37
2017-08-09,18.05,17.93,18.06,17.8
2017-08-10,17.8,17.67,17.84,17.36
2017-08-11,17.9,18.0,18.95,17.71
2017-08-14,17.8,19.8,19.8,17.8
2017-08-15,20.3,20.9,21.66,20.2
2017-08-16,21.05,20.18,21.05,20.02
2017-08-17,20.03,20.18,20.35,19.83
2017-08-18,19.83,19.3,19.9,19.18
2017-08-21,19.37,20.05,20.05,19.17
2017-08-22,20.05,19.6,20.19,19.5
2017-08-23,19.55,19.2,19.91,18.73
2017-08-24,19.47,18.97,19.47,18.93
2017-08-25,18.89,19.25,19.28,18.75
2017-08-28,19.32,19.46,19.65,19.13
2017-08-29,19.47,19.08,19.48,19.01
2017-08-30,19.08,19.26,19.33,19.01
2017-08-31,19.21,19.36,19.36,19.12
2017-09-01,19.41,20.41,20.68,19.21
2017-09-04,20.4,20.4,20.74,20.12
2017-09-05,20.37,19.85,20.4,19.82
2017-09-06,19.8,19.98,19.98,19.53
2017-09-07,19.92,20.04,20.2,19.75
2017-09-08,19.9,19.9,20.15,19.68
2017-09-11,19.9,19.78,20.05,19.61
2017-09-12,19.71,19.36,19.83,19.35
2017-09-13,19.36,19.55,19.67,19.31
2017-09-14,19.5,19.39,19.6,19.36
2017-09-15,19.31,18.73,19.5,18.59
2017-09-18,18.58,18.98,19.0,18.58
2017-09-19,18.98,18.88,19.08,18.65
2017-09-20,18.76,19.23,19.3,18.76
2017-09-21,19.25,19.1,19.46,19.08
2017-09-22,19.18,18.87,19.23,18.5
2017-09-25,18.88,18.12,18.9,18.08
2017-09-26,17.98,18.19,18.35,17.95
2017-09-27,18.1,18.42,18.45,18.1
2017-09-28,18.39,18.26,18.52,18.26
2017-09-29,18.29,18.62,18.65,18.27
2017-10-09,18.7,18.8,19.05,18.64
2017-10-10,18.87,19.03,19.11,18.75
2017-10-11,19.11,19.77,19.95,19.05
2017-10-12,19.93,19.6,19.94,19.31
2017-10-13,20.5,21.56,21.56,20.13
2017-10-16,23.72,22.28,23.72,22.05
2017-10-17,21.38,21.4,21.8,20.7
2017-10-18,21.3,20.91,22.18,20.88
2017-10-19,20.58,20.99,21.68,20.32
2017-10-20,20.52,20.95,21.18,20.38
2017-10-23,20.8,21.66,21.88,20.8
2017-10-24,21.4,22.55,22.85,21.33
2017-10-25,22.4,22.44,22.65,21.88
2017-10-26,22.18,22.15,22.45,21.91
2017-10-27,22.13,21.07,22.13,20.9
2017-10-30,21.02,20.0,21.08,19.98
2017-10-31,20.11,20.28,20.37,20.01
2017-11-01,20.38,20.62,20.79,20.08
2017-11-02,20.62,20.34,20.78,20.2
2017-11-03,20.2,21.2,21.44,20.1
2017-11-06,21.07,21.68,22.02,21.06
2017-11-07,21.45,21.73,21.88,21.19
2017-11-08,21.55,21.83,21.92,21.35
2017-11-09,21.78,21.6,21.8,21.36
2017-11-10,21.36,21.38,21.57,21.06
2017-11-13,21.51,22.28,22.48,21.25
2017-11-14,22.48,21.62,22.55,21.61
2017-11-15,21.64,21.0,21.81,21.0
2017-11-16,21.09,21.17,21.55,21.0
2017-11-17,21.03,19.75,21.42,19.48
2017-11-20,19.5,20.43,20.49,19.24
2017-11-21,20.3,20.42,21.09,20.2
2017-11-22,20.38,20.56,20.74,20.23
2017-11-23,20.58,19.75,20.58,19.75
2017-11-24,19.55,20.07,20.16,19.5
2017-11-27,19.71,19.78,20.16,19.5
2017-11-28,19.76,20.81,20.85,19.76
2017-11-29,20.86,21.35,21.6,20.41
2017-11-30,21.29,21.18,21.35,20.85
2017-12-01,20.95,21.54,21.74,20.85
2017-12-04,21.37,20.88,21.39,20.69
2017-12-05,20.72,19.95,20.78,19.58
2017-12-06,19.8,20.0,20.3,19.5
2017-12-07,19.95,20.05,20.42,19.9
2017-12-08,20.05,20.16,20.34,19.73
2017-12-11,20.2,20.19,20.35,19.82
2017-12-12,20.22,19.72,20.22,19.5
2017-12-13,19.72,19.8,19.87,19.62
2017-12-14,19.79,19.78,19.92,19.52
2017-12-15,19.78,19.3,19.78,19.27
2017-12-18,19.1,18.99,19.44,18.95
2017-12-19,18.94,19.19,19.27,18.81
2017-12-20,19.18,18.45,19.23,18.3
2017-12-21,18.29,18.39,18.66,18.29
2017-12-22,18.34,18.33,18.54,18.26
2017-12-25,18.31,17.91,18.48,17.72
2017-12-26,17.9,18.0,18.09,17.69
2017-12-27,17.99,17.69,17.99,17.56
2017-12-28,17.87,17.88,17.98,17.56
2017-12-29,17.8,18.41,18.48,17.77
2018-01-02,18.41,18.23,18.48,18.11
2018-01-03,18.28,18.46,18.58,18.18
2018-01-04,18.58,18.53,18.58,18.29
2018-01-05,18.49,18.42,18.58,18.31
2018-01-08,18.28,18.25,18.4,17.93
2018-01-09,19.02,19.43,20.05,18.71
2018-01-10,19.43,19.68,20.0,18.91
2018-01-11,19.7,20.63,21.14,19.69
2018-01-12,21.56,20.74,21.75,20.7
2018-01-15,20.46,20.1,21.24,19.7
2018-01-16,20.1,20.98,21.91,20.05
2018-01-17,20.74,22.34,22.72,20.5
2018-01-18,22.2,21.93,22.47,21.65
2018-01-19,22.15,21.88,22.16,21.65
2018-01-22,21.51,21.58,21.68,20.9
2018-01-23,21.48,21.55,21.95,21.1
2018-01-24,21.35,21.05,21.41,20.8
2018-01-25,21.06,21.8,22.18,21.0
2018-01-26,21.68,21.87,22.4,21.53
2018-01-29,21.87,20.98,22.31,20.75
2018-01-30,20.85,20.85,21.3,20.75
2018-01-31,20.85,20.67,20.85,19.93
2018-02-01,20.38,19.5,20.66,19.46
2018-02-02,19.55,20.37,20.44,18.8
2018-02-05,20.2,21.0,21.22,20.06
2018-02-06,20.42,20.09,20.8,19.75
2018-02-07,20.6,20.87,20.97,20.04
2018-02-08,21.03,20.87,21.07,20.7
2018-02-09,20.29,20.28,20.56,19.64
2018-02-12,20.2,20.76,20.84,20.2
2018-02-13,20.76,20.38,20.98,20.38
2018-02-14,20.38,19.55,20.5,19.3
2018-02-22,19.72,19.86,19.96,19.63
2018-02-23,19.8,21.85,21.85,19.8
2018-02-26,22.78,24.04,24.04,22.33
2018-02-27,24.4,24.46,25.6,23.73
2018-02-28,24.6,24.94,25.19,23.86
2018-03-01,24.28,25.1,25.55,24.2
2018-03-02,24.63,24.4,25.1,24.18
2018-03-05,24.94,25.51,25.88,24.3
2018-03-06,25.08,24.58,25.76,24.29
2018-03-07,24.59,24.75,24.96,24.05
2018-03-08,24.3,23.9,24.4,23.61
2018-03-09,23.75,24.43,24.45,23.52
2018-03-12,24.65,24.85,25.02,24.12
2018-03-13,24.85,23.9,24.85,23.89
2018-03-14,23.68,23.4,23.68,23.0
2018-03-15,23.13,23.83,23.89,23.1
2018-03-16,23.5,23.13,23.85,23.01
2018-03-19,23.15,23.71,23.74,22.76
2018-03-20,23.61,23.49,23.67,23.02
2018-03-21,23.59,23.7,24.49,23.44
2018-03-22,23.38,22.78,23.68,22.78
2018-03-23,21.44,20.5,21.8,20.5
2018-03-26,20.08,19.86,20.1,18.5
2018-03-27,19.89,20.35,20.77,19.89
2018-03-28,20.0,19.97,20.45,19.82
2018-03-29,20.0,20.4,20.47,20.0
2018-03-30,20.5,20.83,20.9,20.3
2018-04-02,20.95,21.0,21.25,20.68
2018-04-03,20.6,20.6,20.77,20.21
2018-04-04,20.55,20.2,20.75,20.2
2018-04-09,20.21,20.18,20.53,19.82
2018-04-10,20.36,20.98,20.98,20.11
2018-04-11,21.05,20.84,21.05,20.68
2018-04-12,20.75,20.63,20.89,20.55
2018-04-13,20.72,21.18,21.3,20.65
2018-04-16,21.18,22.73,23.2,20.97
2018-04-17,22.43,21.76,22.84,21.72
2018-04-18,21.95,22.09,22.09,20.93
2018-04-19,21.77,21.17,22.7,21.12
2018-04-20,21.0,20.19,21.39,20.0
2018-04-23,20.2,19.61,20.28,19.25
2018-04-24,19.68,20.28,20.35,19.65
2018-04-25,20.99,21.17,21.78,20.7
2018-04-26,20.95,20.85,21.14,20.42
2018-04-27,21.0,21.2,21.32,20.76
2018-05-02,21.3,21.29,21.61,20.9
2018-05-03,21.1,21.44,21.48,20.61
2018-05-04,21.4,21.49,21.69,21.11
2018-05-07,21.65,21.99,22.11,21.29
2018-05-08,21.99,21.81,22.14,21.73
2018-05-09,21.65,22.08,22.23,21.65
2018-05-10,22.26,22.03,22.31,21.89
2018-05-11,22.03,21.88,22.14,21.5
2018-05-14,21.8,21.6,21.89,21.45
2018-05-15,21.55,22.48,22.48,21.52
2018-05-16,22.3,22.13,22.53,22.09
2018-05-17,22.02,22.11,22.46,22.02
2018-05-18,21.99,22.54,22.68,21.96
2018-05-21,22.7,22.67,23.07,22.53
2018-05-22,22.81,22.92,22.94,22.43
2018-05-23,22.81,22.35,22.9,22.28
2018-05-24,22.31,22.27,22.55,22.2
2018-05-25,22.46,22.04,22.46,22.03
