date,open,close,high,low
2016-01-04,14.71,13.32,14.72,13.32
2016-01-05,12.15,12.1,12.67,11.99
2016-01-06,12.35,12.56,12.68,11.95
2016-01-07,12.22,11.3,12.25,11.3
2016-01-08,11.56,11.06,11.7,10.22
2016-01-11,10.9,10.07,11.39,10.0
2016-01-12,10.19,10.43,10.6,9.92
2016-01-13,10.44,10.17,10.64,10.1
2016-01-14,9.8,10.7,10.89,9.51
2016-01-15,10.71,10.65,11.15,10.52
2016-01-18,10.13,10.87,11.1,10.1
2016-01-19,10.8,11.29,11.34,10.71
2016-01-20,11.27,10.9,11.4,10.84
2016-01-21,10.68,10.45,11.15,10.44
2016-01-22,10.53,10.69,10.79,10.21
2016-01-25,10.89,10.77,11.05,10.67
2016-01-26,10.5,9.7,10.67,9.69
2016-01-27,9.8,9.48,9.87,8.91
2016-01-28,9.39,9.5,9.99,9.2
2016-01-29,9.3,9.73,9.9,9.23
2016-02-01,9.65,9.4,9.76,9.26
2016-02-02,9.65,9.8,9.85,9.5
2016-02-03,9.65,9.99,10.09,9.51
2016-02-04,10.0,10.4,10.47,10.0
2016-02-05,10.47,10.51,10.77,10.11
2016-02-15,10.17,10.29,10.45,10.01
2016-02-16,10.32,10.64,10.78,10.32
2016-02-17,10.56,11.41,11.48,10.51
2016-02-18,11.44,11.08,11.46,11.08
2016-02-19,11.08,11.11,11.2,10.94
2016-02-22,11.28,11.2,11.3,11.0
2016-02-23,11.26,10.97,11.27,10.85
2016-02-24,10.9,10.92,11.1,10.58
2016-02-25,10.8,9.83,10.95,9.83
2016-02-26,9.98,9.51,9.98,9.31
2016-02-29,9.3,8.57,9.46,8.56
2016-03-01,8.71,9.01,9.07,8.5
2016-03-02,9.05,9.55,9.59,8.95
2016-03-03,9.55,9.49,9.68,9.43
2016-03-04,9.49,9.06,9.56,8.88
2016-03-07,9.15,9.77,9.82,9.15
2016-03-08,9.65,9.6,9.65,9.1
2016-03-09,9.35,9.32,9.59,9.2
2016-03-10,9.4,9.17,9.46,9.16
2016-03-11,9.1,9.13,9.2,9.0
2016-03-14,9.26,9.51,9.57,9.26
2016-03-15,9.48,9.32,9.53,9.22
2016-03-16,9.4,9.19,9.49,9.12
2016-03-17,9.31,9.5,9.53,9.23
2016-03-18,9.54,9.87,9.94,9.5
2016-03-21,9.97,10.38,10.44,9.97
2016-03-22,10.26,10.22,10.38,10.13
2016-03-23,10.18,10.62,10.68,10.13
2016-03-24,10.5,10.3,10.67,10.3
2016-03-25,10.14,10.22,10.38,10.02
2016-03-28,10.25,10.25,10.5,10.17
2016-03-29,10.32,10.93,11.28,10.29
2016-03-30,10.87,11.75,11.86,10.73
2016-03-31,11.65,11.64,12.07,11.46
2016-04-01,11.45,11.85,11.94,11.35
2016-04-05,11.8,12.14,12.49,11.65
2016-04-06,12.0,11.73,12.18,11.55
2016-04-14,12.0,11.83,12.28,11.62
2016-04-15,11.7,11.63,11.75,11.51
2016-04-18,11.7,11.3,11.77,11.28
2016-04-19,11.4,11.12,11.45,10.95
2016-04-20,11.2,10.33,11.22,10.01
2016-04-21,10.28,10.12,10.5,10.08
2016-04-22,10.11,10.63,10.63,10.04
2016-04-25,10.5,10.2,10.5,10.12
2016-04-26,10.21,10.34,10.38,10.15
2016-04-27,10.35,10.35,10.6,10.28
2016-04-28,10.37,10.67,10.67,10.24
2016-04-29,10.64,10.57,10.73,10.52
2016-05-03,10.7,10.92,10.98,10.58
2016-05-04,10.75,10.93,10.95,10.69
2016-05-05,10.81,10.82,10.88,10.7
2016-05-06,10.87,10.19,10.88,10.18
2016-05-09,10.02,9.59,10.1,9.55
2016-05-10,9.61,9.58,9.73,9.5
2016-05-11,9.66,9.59,9.76,9.59
2016-05-12,9.38,9.49,9.52,9.05
2016-05-13,9.49,9.38,9.64,9.31
2016-05-16,9.26,9.54,9.57,9.19
2016-05-17,9.55,9.43,9.61,9.38
2016-05-18,9.38,9.03,9.38,8.9
2016-05-19,9.07,9.04,9.18,9.0
2016-05-20,8.98,9.11,9.11,8.83
2016-05-23,9.14,9.26,9.3,9.12
2016-05-24,9.2,9.11,9.23,9.05
2016-05-25,9.24,9.15,9.34,9.1
2016-05-26,9.15,9.17,9.25,8.85
2016-05-27,9.16,9.22,9.29,9.13
2016-05-30,9.3,9.18,9.3,9.14
2016-05-31,9.22,9.55,9.56,9.19
2016-06-01,9.58,9.54,9.74,9.48
2016-06-02,9.53,9.73,9.77,9.46
2016-06-03,9.7,9.71,9.77,9.62
2016-06-06,9.71,9.65,9.79,9.56
2016-06-07,9.65,9.6,9.68,9.51
2016-06-08,9.62,9.73,9.75,9.49
2016-06-13,9.6,10.39,10.7,9.53
2016-06-14,10.08,11.09,11.25,9.9
2016-06-15,10.83,11.27,11.61,10.69
2016-06-16,11.16,10.9,11.28,10.87
2016-06-17,10.86,10.74,11.09,10.58
2016-06-20,10.7,11.08,11.16,10.63
2016-06-21,11.1,10.54,11.15,10.4
2016-06-22,10.45,10.76,10.81,10.37
2016-06-23,10.76,10.54,10.76,10.41
2016-06-24,10.49,10.9,11.07,10.21
2016-06-27,10.77,11.04,11.11,10.72
2016-06-28,10.96,10.99,11.04,10.76
2016-06-29,10.97,10.99,11.21,10.87
2016-06-30,10.95,10.79,11.07,10.75
2016-07-01,10.85,11.26,11.36,10.66
2016-07-04,11.11,11.39,11.46,11.1
2016-07-05,11.39,11.26,11.45,11.13
2016-07-06,11.18,11.16,11.18,11.0
2016-07-07,11.14,11.01,11.21,10.9
2016-07-08,11.01,11.35,11.45,10.94
2016-07-11,11.38,11.04,11.49,11.0
2016-07-12,10.99,10.93,11.02,10.53
2016-07-13,10.93,11.11,11.14,10.77
2016-07-14,11.19,11.57,11.86,11.16
2016-07-15,11.49,11.28,11.58,11.28
2016-07-18,11.3,11.78,11.84,11.2
2016-07-19,11.7,12.38,12.47,11.59
2016-07-20,12.15,12.2,12.75,12.01
2016-07-21,12.09,12.11,12.57,12.05
2016-07-22,12.06,12.39,12.51,11.8
2016-07-25,12.28,13.28,13.62,12.2
2016-07-26,13.06,12.9,13.16,12.59
2016-07-27,12.75,11.76,12.85,11.61
2016-07-28,11.79,11.81,11.98,11.3
2016-07-29,11.79,11.37,11.86,11.32
2016-08-01,11.21,11.06,11.29,10.85
2016-08-02,11.06,11.36,11.37,11.01
2016-08-03,11.33,11.3,11.37,11.16
2016-08-04,11.28,11.34,11.43,11.12
2016-08-05,11.28,11.42,11.58,11.11
2016-08-08,11.4,11.4,11.42,11.12
2016-08-09,11.35,11.63,11.77,11.3
2016-08-10,11.55,11.5,11.72,11.48
2016-08-11,11.52,12.09,12.52,11.16
2016-08-12,11.94,12.19,12.54,11.86
2016-08-15,12.11,12.3,12.5,11.95
2016-08-16,12.3,12.2,12.43,12.16
2016-08-17,12.2,12.4,12.4,11.97
2016-08-18,12.32,12.0,12.5,12.0
2016-08-19,11.95,11.83,12.15,11.83
2016-08-22,11.87,11.54,11.89,11.54
2016-08-23,11.51,11.53,11.7,11.44
2016-08-24,11.55,11.69,11.82,11.55
2016-08-25,11.68,11.82,11.85,11.48
2016-08-26,11.82,11.76,11.93,11.73
2016-08-29,11.72,11.63,11.85,11.6
2016-08-30,11.67,11.55,11.71,11.5
2016-08-31,11.53,11.6,11.63,11.5
2016-09-01,11.58,11.61,11.78,11.52
2016-09-02,11.6,11.37,11.67,11.31
2016-09-05,11.37,11.2,11.49,11.2
2016-09-06,11.24,11.38,11.39,11.03
2016-09-07,11.38,11.43,11.55,11.34
2016-09-08,11.4,11.44,11.49,11.35
2016-09-09,11.46,11.52,11.77,11.41
2016-09-12,11.3,11.01,11.33,11.01
2016-09-13,11.13,11.29,11.3,11.04
2016-09-14,11.15,11.07,11.22,11.05
2016-09-19,11.14,11.25,11.4,11.1
2016-09-20,11.25,11.2,11.31,11.16
2016-09-21,11.18,11.2,11.26,11.18
2016-09-22,11.25,11.23,11.31,11.21
2016-09-23,11.26,11.1,11.27,11.08
2016-09-26,11.08,11.02,11.19,11.02
2016-09-27,11.0,11.07,11.09,10.91
2016-09-28,11.11,10.96,11.11,10.93
2016-09-29,11.0,10.96,11.05,10.96
2016-09-30,10.94,11.06,11.09,10.9
2016-10-10,11.06,11.3,11.32,11.06
2016-10-11,11.44,11.36,11.44,11.31
2016-10-12,11.3,11.41,11.47,11.26
2016-10-13,11.46,11.52,11.58,11.36
2016-10-14,11.5,11.44,11.55,11.33
2016-10-17,11.55,11.51,11.7,11.45
2016-10-18,11.51,11.74,11.81,11.48
2016-10-19,11.76,11.63,11.76,11.58
2016-10-20,11.57,11.53,11.63,11.51
2016-10-21,11.5,11.36,11.64,11.25
2016-10-24,11.34,11.52,11.55,11.29
2016-10-25,11.52,11.54,11.64,11.47
2016-10-26,11.57,11.4,11.58,11.3
2016-10-27,11.4,11.48,11.49,11.35
2016-10-28,11.44,11.38,11.59,11.35
2016-10-31,11.37,11.31,11.37,11.19
2016-11-01,11.31,11.41,11.44,11.27
2016-11-02,11.4,11.25,11.42,11.25
2016-11-03,11.2,11.82,11.87,11.16
2016-11-04,11.76,11.88,12.23,11.75
2016-11-07,11.77,11.81,12.11,11.65
2016-11-08,11.89,11.95,12.02,11.76
2016-11-09,11.99,11.88,12.06,11.59
2016-11-10,11.96,12.0,12.07,11.9
2016-11-11,12.0,12.2,12.28,11.93
2016-11-14,12.23,12.15,12.45,12.06
2016-11-15,12.22,12.09,12.23,11.93
2016-11-16,12.13,12.16,12.31,12.06
2016-11-17,12.2,12.3,12.37,12.05
2016-11-18,12.33,12.35,12.52,12.27
2016-11-21,12.3,12.77,12.96,12.27
2016-11-22,12.8,13.5,13.89,12.66
2016-11-23,13.38,13.16,13.6,13.12
2016-11-24,13.32,13.37,13.72,13.13
2016-11-25,13.4,13.51,13.51,12.83
2016-11-28,13.49,13.22,13.56,13.16
2016-11-29,13.28,12.95,13.37,12.94
2016-11-30,12.84,12.92,12.96,12.65
2016-12-01,12.82,13.03,13.23,12.82
2016-12-02,13.12,12.71,13.12,12.7
2016-12-05,12.55,12.91,13.05,12.52
2016-12-06,12.93,12.93,13.09,12.86
2016-12-07,12.86,13.42,13.5,12.86
2016-12-08,13.4,13.37,13.78,13.22
2016-12-09,13.28,13.45,13.6,13.23
2016-12-12,13.5,12.57,13.58,12.27
2016-12-13,12.45,12.85,12.89,12.3
2016-12-14,12.82,12.38,12.82,12.33
2016-12-15,12.35,12.52,12.78,12.35
2016-12-16,12.47,12.54,12.63,12.3
2016-12-19,12.47,12.0,12.53,11.94
2016-12-20,11.97,12.19,12.22,11.93
2016-12-21,12.23,12.32,12.43,12.13
2016-12-22,12.29,12.35,12.43,12.17
2016-12-23,12.37,12.0,12.5,12.0
2016-12-26,11.92,11.94,11.96,11.14
2016-12-27,11.93,11.91,12.1,11.78
2016-12-28,11.93,11.7,11.95,11.67
2016-12-29,11.65,11.51,11.71,11.41
2016-12-30,11.54,11.37,11.64,11.34
2017-01-03,11.38,11.61,11.65,11.35
2017-01-04,11.61,11.81,11.87,11.59
2017-01-05,11.72,11.76,11.87,11.69
2017-01-06,11.73,11.75,11.84,11.7
2017-01-09,11.72,11.75,11.79,11.5
2017-01-10,11.74,11.81,11.94,11.61
2017-01-11,11.77,11.53,11.78,11.45
2017-01-12,11.53,11.46,11.62,11.45
2017-01-13,11.45,11.5,11.6,11.38
2017-01-16,11.26,10.5,11.26,10.35
2017-01-17,10.54,10.6,10.64,10.3
2017-01-18,10.56,10.36,10.62,10.35
2017-01-19,10.38,10.27,10.48,10.14
2017-01-20,10.29,10.48,10.52,10.23
2017-01-23,10.5,10.56,10.67,10.49
2017-01-24,10.56,10.55,10.77,10.54
2017-01-25,10.4,10.32,10.4,10.15
2017-01-26,10.3,10.38,10.44,10.27
2017-02-03,10.37,10.45,10.51,10.33
2017-02-06,10.55,10.84,10.88,10.55
2017-02-07,10.7,10.77,10.82,10.68
2017-02-08,10.75,10.85,10.87,10.69
2017-02-09,10.85,11.13,11.24,10.85
2017-02-10,11.15,11.0,11.16,10.95
2017-02-13,11.01,11.05,11.14,10.88
2017-02-14,11.0,10.92,11.07,10.9
2017-02-15,10.92,10.81,11.03,10.81
2017-02-16,10.81,10.88,10.93,10.75
2017-02-17,10.88,10.71,10.92,10.68
2017-02-20,10.75,10.91,10.95,10.71
2017-02-21,10.93,11.03,11.03,10.9
2017-02-22,11.05,11.01,11.07,10.93
2017-02-23,11.07,10.92,11.07,10.81
2017-02-24,10.92,10.95,10.98,10.84
2017-02-27,10.98,10.8,10.98,10.78
2017-02-28,10.82,10.91,10.96,10.8
2017-03-01,10.88,10.96,10.99,10.87
2017-03-02,10.99,10.79,10.99,10.74
2017-03-03,10.8,10.81,10.88,10.66
2017-03-06,10.9,10.93,10.93,10.8
2017-03-07,10.95,11.01,11.06,10.94
2017-03-08,11.02,11.0,11.03,10.85
2017-03-09,10.95,10.87,11.0,10.82
2017-03-10,10.87,10.81,10.92,10.8
2017-03-13,10.8,10.85,10.86,10.6
2017-03-14,10.82,10.88,11.1,10.81
2017-03-15,10.82,10.93,11.0,10.82
2017-03-16,10.99,11.0,11.08,10.89
2017-03-17,11.02,10.87,11.03,10.84
2017-03-20,10.85,10.82,10.89,10.75
2017-03-21,10.8,10.83,10.85,10.76
2017-03-22,10.79,10.68,10.79,10.61
2017-03-23,10.7,10.6,10.73,10.51
2017-03-24,10.6,10.68,10.7,10.55
2017-03-27,10.65,10.74,10.77,10.61
2017-03-28,10.79,10.79,10.8,10.66
2017-03-29,10.79,10.91,10.94,10.7
2017-03-30,10.92,10.75,10.92,10.5
2017-03-31,10.59,10.6,10.7,10.35
2017-04-05,10.51,10.96,11.1,10.51
2017-04-06,10.88,10.9,11.07,10.82
2017-04-07,10.9,10.66,10.9,10.63
2017-04-10,10.66,10.33,10.68,10.27
2017-04-11,10.3,10.37,10.41,10.18
2017-04-12,10.33,10.31,10.43,10.2
2017-04-13,10.34,10.3,10.36,10.26
2017-04-14,10.32,10.1,10.32,10.05
2017-04-17,10.07,9.84,10.07,9.81
2017-04-18,9.89,9.71,9.93,9.63
2017-04-19,9.69,9.56,9.71,9.38
2017-04-20,9.54,9.6,9.61,9.48
2017-04-21,9.64,9.56,9.68,9.56
2017-04-24,9.58,9.21,9.58,9.12
2017-04-25,9.19,9.2,9.29,9.11
2017-04-26,9.23,9.27,9.31,9.16
2017-04-27,9.21,9.32,9.4,9.0
2017-04-28,9.3,9.4,9.52,9.28
2017-05-02,9.43,9.42,9.43,9.32
2017-05-03,9.42,9.42,9.44,9.34
2017-05-04,9.37,9.43,9.55,9.36
2017-05-05,9.71,9.58,9.95,9.58
2017-05-08,9.53,9.39,9.71,9.37
2017-05-09,9.39,9.37,9.41,9.12
2017-05-10,9.39,9.11,9.41,9.07
2017-05-11,9.01,9.2,9.2,8.88
2017-05-12,9.15,9.18,9.25,9.07
2017-05-15,9.25,9.15,9.31,9.13
2017-05-16,9.11,9.33,9.35,8.98
2017-05-17,9.28,9.37,9.45,9.28
2017-05-18,9.3,9.27,9.4,9.26
2017-05-19,9.3,9.27,9.34,9.23
2017-05-22,9.35,9.01,9.35,8.98
2017-05-23,8.98,8.7,9.06,8.68
2017-05-24,8.69,8.77,8.84,8.63
2017-05-25,8.78,8.9,8.93,8.67
2017-05-26,8.87,8.83,8.94,8.78
2017-05-31,9.0,8.83,9.07,8.83
2017-06-01,8.79,8.61,8.85,8.61
2017-06-02,8.61,8.74,8.8,8.52
2017-06-05,8.75,8.79,8.8,8.69
2017-06-06,8.79,8.85,8.85,8.75
2017-06-07,8.85,9.01,9.02,8.82
2017-06-08,9.01,8.96,9.05,8.9
2017-06-09,9.0,8.95,9.01,8.87
2017-06-12,8.92,8.78,8.92,8.75
2017-06-13,8.78,8.96,8.99,8.76
2017-06-14,8.91,8.96,9.06,8.91
2017-06-15,8.91,9.1,9.12,8.91
2017-06-16,9.11,9.08,9.14,9.0
2017-06-19,9.08,9.1,9.13,8.99
2017-06-20,9.09,9.04,9.1,9.0
2017-06-21,9.05,9.08,9.08,8.97
2017-06-22,9.0,8.91,9.07,8.9
2017-06-23,8.9,9.14,9.32,8.89
2017-06-26,9.14,9.31,9.34,9.06
2017-06-27,9.26,9.21,9.32,9.16
2017-06-28,9.16,9.13,9.24,9.11
2017-06-29,9.22,9.2,9.25,9.13
2017-06-30,9.17,9.31,9.31,9.13
2017-07-03,9.31,9.3,9.33,9.24
2017-07-04,9.29,9.2,9.32,9.18
2017-07-05,9.24,9.58,9.62,9.18
2017-07-06,9.5,9.53,9.61,9.4
2017-07-07,9.49,9.53,9.66,9.46
2017-07-10,9.48,9.35,9.56,9.29
2017-07-11,9.37,9.21,9.44,9.2
2017-07-12,9.19,9.26,9.3,9.12
2017-07-13,9.28,9.25,9.28,9.16
2017-07-14,9.25,9.19,9.26,9.12
2017-07-17,9.15,8.73,9.23,8.62
2017-07-18,8.7,8.82,8.84,8.7
2017-07-19,8.84,8.91,8.92,8.74
2017-07-20,8.88,9.01,9.12,8.88
2017-07-21,8.87,8.9,9.01,8.85
2017-07-24,8.9,8.92,8.94,8.78
2017-07-25,8.92,8.85,8.97,8.82
2017-07-26,8.84,9.05,9.09,8.82
2017-07-27,9.04,9.17,9.24,8.97
2017-07-28,9.13,9.2,9.34,9.09
2017-07-31,9.15,9.18,9.25,9.14
2017-08-01,9.19,9.11,9.22,9.04
2017-08-02,9.09,8.92,9.12,8.9
2017-08-03,8.9,9.02,9.06,8.88
2017-08-04,9.0,9.16,9.25,8.99
2017-08-07,9.11,9.18,9.22,9.08
2017-08-08,9.19,9.3,9.35,9.08
2017-08-09,9.3,9.25,9.38,9.23
2017-08-10,9.21,9.19,9.29,9.12
2017-08-11,9.13,9.38,9.66,9.12
2017-08-14,9.39,9.5,9.56,9.28
2017-08-15,9.45,9.7,9.7,9.38
2017-08-16,10.0,9.98,10.45,9.9
2017-08-17,9.89,9.99,10.17,9.88
2017-08-18,9.9,9.9,10.08,9.8
2017-08-21,9.86,9.97,10.07,9.86
2017-08-22,9.9,9.73,9.9,9.58
2017-08-23,9.54,9.43,9.64,9.42
2017-08-24,9.41,9.32,9.47,9.31
2017-08-25,9.29,9.36,9.41,9.25
2017-08-28,9.35,9.42,9.46,9.32
2017-08-29,9.43,9.45,9.52,9.36
2017-08-30,9.45,9.43,9.49,9.39
2017-08-31,9.47,9.47,9.55,9.42
2017-09-01,9.45,9.46,9.48,9.36
2017-09-04,9.46,9.51,9.54,9.4
2017-09-05,9.53,9.45,9.53,9.41
2017-09-06,9.4,9.43,9.46,9.34
2017-09-07,9.42,9.26,9.49,9.19
2017-09-08,9.26,9.08,9.27,9.01
2017-09-11,9.08,9.23,9.31,9.07
2017-09-12,9.19,9.28,9.33,9.12
2017-09-13,10.21,10.21,10.21,10.01
2017-09-14,11.23,11.23,11.23,11.23
2017-09-15,11.85,11.6,12.09,11.51
2017-09-18,11.55,12.35,12.76,11.41
2017-09-19,11.99,11.99,12.05,11.75
2017-09-20,11.87,12.03,12.15,11.75
2017-09-21,11.99,11.26,12.0,11.25
2017-09-22,11.17,11.35,11.65,11.11
2017-09-25,11.25,10.9,11.29,10.71
2017-09-26,10.91,11.08,11.12,10.78
2017-09-27,11.02,11.0,11.13,10.86
2017-09-28,11.07,10.91,11.34,10.91
2017-09-29,10.95,11.0,11.09,10.78
2017-10-09,11.2,11.49,11.54,11.09
2017-10-10,11.4,11.28,11.43,11.14
2017-10-11,11.25,11.0,11.36,10.97
2017-10-12,11.08,11.15,11.28,11.0
2017-10-13,11.1,10.87,11.1,10.77
2017-10-16,10.81,10.3,10.81,10.26
2017-10-17,10.33,10.37,10.45,10.27
2017-10-18,10.39,10.16,10.45,10.03
2017-10-19,10.18,10.21,10.25,10.03
2017-10-20,10.21,10.41,10.56,10.15
2017-10-23,10.35,10.29,10.39,10.18
2017-10-24,10.33,10.19,10.42,10.11
2017-10-25,10.27,10.34,10.39,10.12
2017-10-26,10.31,10.42,10.45,10.21
2017-10-27,10.39,10.25,10.43,10.18
2017-10-30,10.12,9.68,10.22,9.66
2017-10-31,9.72,9.75,9.78,9.66
2017-11-01,9.77,9.74,9.84,9.67
2017-11-02,9.81,9.78,10.07,9.78
2017-11-03,9.69,9.59,9.73,9.52
2017-11-06,9.62,9.79,9.79,9.53
2017-11-07,9.74,9.79,9.82,9.66
2017-11-08,9.79,9.83,9.94,9.76
2017-11-09,9.8,9.86,9.89,9.76
2017-11-10,9.89,9.77,9.95,9.75
2017-11-13,9.86,9.69,9.88,9.68
2017-11-14,9.68,9.46,9.71,9.42
2017-11-15,9.46,9.54,9.57,9.35
2017-11-16,9.49,9.42,9.53,9.39
2017-11-17,9.41,9.05,9.42,8.98
2017-11-20,8.98,8.95,8.98,8.72
2017-11-21,8.91,8.92,9.0,8.86
2017-11-22,8.9,8.93,9.03,8.83
2017-11-23,8.98,8.94,9.3,8.94
2017-11-24,8.9,9.01,9.07,8.79
2017-11-27,9.0,8.74,9.0,8.7
2018-04-11,8.3,8.3,8.3,8.3
2018-04-12,7.89,7.89,7.89,7.89
2018-04-13,7.5,7.5,7.5,7.5
2018-04-16,7.13,7.13,7.13,7.13
2018-04-17,6.77,6.77,6.77,6.77
2018-04-18,6.43,6.43,6.43,6.43
2018-04-19,6.11,6.11,6.11,6.11
2018-04-20,5.8,5.8,5.8,5.8
2018-04-23,5.51,5.51,5.51,5.51
2018-04-24,5.23,5.23,5.23,5.23
2018-04-25,4.97,4.97,4.97,4.97
2018-04-26,4.72,4.72,4.72,4.72
2018-05-02,4.48,4.48,4.48,4.48
2018-05-03,4.26,4.26,4.26,4.26
2018-05-04,4.05,4.05,4.05,4.05
2018-05-07,3.85,3.85,3.85,3.85
2018-05-08,3.66,3.66,3.66,3.66
2018-05-09,3.48,3.48,3.48,3.48
2018-05-10,3.31,3.31,3.31,3.31
2018-05-11,3.14,3.14,3.14,3.14
2018-05-14,2.98,2.98,2.98,2.98
2018-05-15,2.83,2.83,2.83,2.83
2018-05-16,2.69,2.75,2.94,2.69
2018-05-17,2.68,2.69,2.73,2.63
2018-05-18,2.67,2.7,2.72,2.65
2018-05-21,2.7,2.84,2.84,2.67
2018-05-22,2.95,2.98,2.98,2.88
2018-05-23,3.05,3.13,3.13,3.0
2018-05-24,3.29,3.29,3.29,3.29
2018-05-25,3.45,3.13,3.45,3.13
