date,open,close,high,low
2016-01-04,7.124,6.483,7.182,6.483
2016-01-05,5.961,6.098,6.412,5.836
2016-01-14,5.487,5.7,6.024,5.487
2016-01-15,5.5,5.129,5.574,5.129
2016-01-18,4.877,5.11,5.22,4.851
2016-01-19,5.05,5.335,5.401,5.0
2016-01-20,5.26,5.294,5.464,5.239
2016-01-21,5.134,5.291,5.605,5.134
2016-01-22,5.349,5.362,5.474,5.189
2016-01-25,5.383,5.322,5.448,5.239
2016-01-26,5.257,4.791,5.301,4.791
2016-01-27,4.78,4.523,4.78,4.322
2016-01-28,4.427,4.07,4.476,4.07
2016-01-29,3.955,4.356,4.455,3.955
2016-02-01,4.369,4.455,4.458,4.212
2016-02-02,4.767,4.901,4.901,4.728
2016-02-03,5.186,5.388,5.388,4.903
2016-02-04,5.239,5.595,5.87,5.191
2016-02-05,5.553,5.372,5.579,5.37
2016-02-15,5.184,5.39,5.514,5.068
2016-02-16,5.419,5.548,5.673,5.393
2016-02-17,5.514,5.579,5.603,5.37
2016-02-18,5.582,5.723,5.946,5.582
2016-02-19,5.658,5.728,5.794,5.658
2016-02-22,5.854,5.906,6.016,5.841
2016-02-23,5.893,5.736,5.899,5.631
2016-02-24,5.723,5.812,5.841,5.582
2016-02-25,5.812,5.231,5.812,5.231
2016-02-26,5.27,5.081,5.315,4.969
2016-02-29,5.121,4.654,5.123,4.584
2016-03-01,4.704,5.079,5.079,4.686
2016-03-02,5.155,5.495,5.55,5.081
2016-03-03,5.472,5.456,5.566,5.333
2016-03-04,5.448,5.105,5.495,4.998
2016-03-07,5.113,5.254,5.33,5.113
2016-03-08,5.236,5.262,5.275,4.924
2016-03-09,5.149,5.121,5.252,5.087
2016-03-10,5.155,5.039,5.207,5.029
2016-03-11,5.003,5.042,5.105,4.945
2016-03-14,5.108,5.304,5.398,5.108
2016-03-15,5.262,5.197,5.317,5.155
2016-03-16,5.28,5.165,5.296,5.121
2016-03-17,5.194,5.393,5.396,5.176
2016-03-18,5.396,5.6,5.679,5.396
2016-03-21,5.679,5.749,5.762,5.6
2016-03-22,5.705,6.124,6.284,5.658
2016-03-23,6.121,6.737,6.737,6.077
2016-03-24,6.805,7.067,7.2,6.674
2016-03-25,6.946,6.593,7.117,6.47
2016-03-28,6.548,6.394,6.653,6.354
2016-03-29,6.449,6.595,6.614,6.297
2016-03-30,6.674,7.255,7.255,6.601
2016-03-31,7.337,7.072,7.431,6.988
2016-04-01,6.983,7.161,7.303,6.978
2016-04-05,7.072,7.596,7.847,7.02
2016-04-06,7.452,7.619,7.74,7.384
2016-04-07,7.661,7.308,7.661,7.308
2016-04-08,7.255,7.069,7.255,6.792
2016-04-11,7.012,7.135,7.279,7.012
2016-04-12,7.038,6.732,7.038,6.595
2016-04-13,6.779,6.797,6.965,6.718
2016-04-14,6.907,7.072,7.119,6.8
2016-04-15,7.041,7.069,7.124,6.962
2016-04-18,6.967,6.876,6.97,6.836
2016-04-19,6.954,6.776,6.98,6.682
2016-04-20,6.76,6.378,6.857,6.181
2016-04-21,6.326,6.208,6.42,6.208
2016-04-22,6.307,6.677,6.75,6.26
2016-04-25,6.58,6.58,6.669,6.344
2016-04-26,6.624,6.677,6.784,6.574
2016-04-27,6.742,6.517,6.766,6.496
2016-04-28,6.517,6.561,6.601,6.373
2016-04-29,6.551,6.64,7.16,6.546
2016-05-03,6.561,6.897,7.076,6.299
2016-05-04,6.824,6.981,7.06,6.719
2016-05-05,6.902,7.679,7.679,6.824
2016-05-06,7.769,7.895,8.446,7.643
2016-05-09,7.753,7.107,7.816,7.107
2016-05-10,6.923,6.887,7.107,6.782
2016-05-11,6.981,7.196,7.548,6.824
2016-05-12,6.881,6.803,6.918,6.477
2016-05-13,6.798,6.619,6.965,6.509
2016-05-16,6.588,6.735,6.798,6.399
2016-05-17,6.682,6.897,6.897,6.588
2016-05-18,6.787,6.462,6.787,6.288
2016-05-19,6.388,6.451,6.64,6.378
2016-05-20,6.341,6.378,6.425,6.204
2016-05-23,6.404,6.514,6.614,6.393
2016-05-24,6.509,6.362,6.582,6.315
2016-05-25,6.43,6.267,6.472,6.22
2016-05-26,6.194,6.194,6.262,5.921
2016-05-27,6.199,6.257,6.33,6.168
2016-05-30,6.22,6.094,6.231,6.036
2016-05-31,6.141,6.367,6.378,6.136
2016-06-01,6.378,6.556,6.64,6.357
2016-06-02,6.535,6.866,7.013,6.462
2016-06-03,6.876,7.091,7.139,6.824
2016-06-06,7.076,6.923,7.076,6.834
2016-06-07,6.871,6.918,7.007,6.845
2016-06-08,6.913,6.745,6.939,6.724
2016-06-13,6.572,6.178,6.588,6.147
2016-06-14,6.173,6.189,6.278,6.036
2016-06-15,6.11,6.388,6.451,6.036
2016-06-16,6.393,6.267,6.441,6.252
2016-06-17,6.299,6.32,6.446,6.257
2016-06-20,6.315,6.393,6.43,6.147
2016-06-21,6.404,6.456,6.556,6.367
2016-06-22,6.341,6.467,6.483,6.309
2016-06-23,6.451,6.336,6.451,6.299
2016-06-24,6.341,6.225,6.404,5.847
2016-06-27,6.141,6.299,6.341,6.047
2016-06-28,6.252,6.362,6.372,6.204
2016-06-29,6.362,6.43,6.561,6.362
2016-06-30,6.404,6.367,6.435,6.267
2016-07-01,6.357,6.336,6.446,6.304
2016-07-04,6.273,6.404,6.42,6.246
2016-07-05,6.404,6.409,6.425,6.346
2016-07-06,6.399,6.787,6.824,6.346
2016-07-07,6.708,6.64,6.761,6.54
2016-07-08,6.619,6.525,6.619,6.493
2016-07-11,6.488,6.504,6.572,6.42
2016-07-12,6.477,6.976,6.981,6.456
2016-07-13,7.086,6.819,7.154,6.777
2016-07-14,6.782,6.813,6.992,6.735
2016-07-15,6.839,6.876,6.986,6.74
2016-07-18,6.866,6.756,6.892,6.703
2016-07-19,6.735,6.719,6.75,6.582
2016-07-20,6.698,6.719,6.845,6.693
2016-07-21,6.708,6.693,6.777,6.666
2016-07-22,6.693,6.619,6.693,6.588
2016-07-25,6.567,6.567,6.656,6.551
2016-07-26,6.572,6.687,6.693,6.572
2016-07-27,6.719,6.231,6.719,6.141
2016-07-28,6.257,6.294,6.404,6.168
2016-07-29,6.246,6.231,6.325,6.22
2016-08-01,6.194,5.994,6.199,5.921
2016-08-02,5.989,6.026,6.052,5.963
2016-08-03,6.031,6.052,6.099,5.989
2016-08-04,6.042,6.099,6.115,6.026
2016-08-05,6.073,6.063,6.126,6.057
2016-08-08,6.026,6.105,6.105,5.921
2016-08-09,6.078,6.141,6.194,6.063
2016-08-10,6.162,6.094,6.189,6.094
2016-08-11,6.063,5.979,6.12,5.973
2016-08-12,5.963,6.031,6.047,5.963
2016-08-15,6.047,6.147,6.168,6.0
2016-08-16,6.157,6.194,6.215,6.152
2016-08-17,6.194,6.162,6.21,6.099
2016-08-18,6.168,6.147,6.225,6.126
2016-08-19,6.152,6.168,6.194,6.131
2016-08-22,6.189,6.131,6.283,6.126
2016-08-23,6.068,6.099,6.131,6.057
2016-08-24,6.099,6.178,6.194,6.068
2016-08-25,6.157,6.047,6.157,5.984
2016-08-26,6.057,6.099,6.12,6.047
2016-08-29,6.099,6.099,6.152,6.089
2016-08-30,6.094,6.12,6.136,6.073
2016-08-31,6.131,6.084,6.131,6.036
2016-09-01,6.047,6.057,6.099,6.047
2016-09-02,6.036,5.984,6.063,5.968
2016-09-05,5.994,6.0,6.057,5.984
2016-09-06,5.989,6.036,6.042,5.905
2016-09-07,6.031,6.078,6.157,6.021
2016-09-08,6.068,6.126,6.141,6.052
2016-09-09,6.131,6.047,6.141,6.026
2016-09-12,5.947,5.926,6.057,5.884
2016-09-13,5.952,5.958,6.005,5.905
2016-09-14,5.942,5.884,5.958,5.863
2016-09-19,5.853,5.921,5.947,5.853
2016-09-20,5.921,5.889,5.947,5.874
2016-09-21,5.905,5.916,5.926,5.874
2016-09-22,5.937,5.942,5.958,5.905
2016-09-23,5.968,6.089,6.204,5.905
2016-09-26,6.042,5.926,6.11,5.858
2016-09-27,5.905,5.937,5.942,5.879
2016-09-28,5.931,5.895,5.958,5.879
2016-09-29,5.905,5.9,5.926,5.884
2016-09-30,5.9,5.905,5.926,5.884
2016-10-10,5.916,6.0,6.026,5.916
2016-10-11,6.01,6.026,6.063,5.984
2016-10-12,6.026,6.021,6.026,5.968
2016-10-13,6.015,6.246,6.252,5.984
2016-10-14,6.236,6.199,6.351,6.126
2016-10-17,6.189,6.036,6.225,6.031
2016-10-18,6.047,6.11,6.12,6.021
2016-10-19,6.099,6.22,6.267,6.099
2016-10-20,6.22,6.299,6.378,6.141
2016-10-21,6.252,6.299,6.414,6.194
2016-10-24,6.336,6.283,6.414,6.257
2016-10-25,6.267,6.273,6.288,6.21
2016-10-26,6.267,6.262,6.341,6.215
2016-10-27,6.257,6.168,6.257,6.141
2016-10-28,6.173,6.236,6.346,6.136
2016-10-31,6.194,6.351,6.598,6.168
2016-11-01,6.388,6.456,6.488,6.315
2016-11-02,6.404,6.467,6.614,6.393
2016-11-03,6.42,6.404,6.504,6.33
2016-11-04,6.409,6.472,6.498,6.351
2016-11-07,6.456,6.414,6.483,6.404
2016-11-08,6.414,6.414,6.509,6.383
2016-11-09,6.42,6.577,6.74,6.404
2016-11-10,6.577,6.624,6.698,6.556
2016-11-11,6.614,6.593,6.64,6.519
2016-11-14,6.651,6.624,6.745,6.525
2016-11-15,6.614,6.698,6.74,6.614
2016-11-16,6.693,6.561,6.693,6.54
2016-11-17,6.561,6.556,6.624,6.519
2016-11-18,6.535,6.54,6.582,6.462
2016-11-21,6.519,6.556,6.567,6.483
2016-11-22,6.561,6.63,6.656,6.519
2016-11-23,6.635,6.483,6.656,6.462
2016-11-24,6.498,6.483,6.535,6.309
2016-11-25,6.425,6.451,6.483,6.304
2016-11-28,6.525,6.53,6.593,6.456
2016-11-29,6.53,6.54,6.693,6.488
2016-11-30,6.488,6.798,7.065,6.451
2016-12-01,6.756,6.777,6.834,6.687
2016-12-02,6.777,6.446,6.787,6.425
2016-12-05,6.315,6.53,6.588,6.315
2016-12-06,6.535,6.693,6.85,6.535
2016-12-07,6.698,6.666,6.798,6.567
2016-12-08,6.714,6.934,7.034,6.677
2016-12-09,6.866,6.824,6.971,6.777
2016-12-12,6.777,6.383,6.85,6.32
2016-12-13,6.357,6.477,6.493,6.288
2016-12-14,6.441,6.147,6.456,6.078
2016-12-15,6.047,6.089,6.204,5.973
2016-12-16,6.089,6.147,6.215,5.989
2016-12-19,6.115,6.246,6.257,6.115
2016-12-20,6.22,6.257,6.294,6.152
2016-12-21,6.231,6.283,6.388,6.231
2016-12-22,6.294,6.168,6.294,6.141
2016-12-23,6.162,5.984,6.168,5.942
2016-12-26,5.895,6.005,6.015,5.889
2016-12-27,6.057,6.168,6.278,5.984
2016-12-28,6.141,6.162,6.22,6.099
2016-12-29,6.115,6.031,6.115,6.005
2016-12-30,6.0,6.005,6.052,5.968
2017-01-03,6.031,6.147,6.168,6.0
2017-01-04,6.126,6.178,6.21,6.068
2017-01-05,6.162,6.183,6.283,6.141
2017-01-06,6.152,6.052,6.22,6.021
2017-01-09,6.089,6.22,6.231,6.057
2017-01-10,6.22,6.189,6.273,6.136
2017-01-11,6.147,6.157,6.283,6.147
2017-01-12,6.183,6.078,6.194,6.078
2017-01-13,6.073,5.973,6.12,5.973
2017-01-16,5.958,5.58,6.005,5.375
2017-01-17,5.616,5.658,5.679,5.449
2017-01-18,5.643,5.637,5.748,5.595
2017-01-19,5.595,5.569,5.679,5.564
2017-01-20,5.538,5.653,5.674,5.517
2017-01-23,5.653,5.69,5.727,5.632
2017-01-24,5.69,5.627,5.706,5.622
2017-01-25,5.658,5.674,5.721,5.611
2017-01-26,5.664,5.711,5.716,5.643
2017-02-03,5.727,5.685,5.742,5.627
2017-02-06,5.669,5.774,5.774,5.637
2017-02-07,5.774,5.748,5.805,5.716
2017-02-08,5.769,5.763,5.774,5.685
2017-02-09,5.763,5.774,5.826,5.763
2017-02-10,5.795,5.784,5.821,5.753
2017-02-13,5.795,5.884,5.947,5.753
2017-02-14,5.952,5.853,5.952,5.837
2017-02-15,5.832,5.774,5.905,5.763
2017-02-16,5.727,5.779,5.8,5.7
2017-02-17,5.774,5.69,5.774,5.674
2017-02-20,5.695,5.874,5.947,5.679
2017-02-21,5.837,5.858,5.916,5.816
2017-02-22,5.853,5.879,5.9,5.837
2017-02-23,5.889,5.853,5.895,5.832
2017-02-24,5.837,5.863,5.868,5.811
2017-02-27,5.858,5.79,5.868,5.79
2017-02-28,5.737,5.795,5.811,5.737
2017-03-01,5.774,5.826,5.868,5.769
2017-03-02,5.816,5.658,5.863,5.548
2017-03-03,5.658,5.679,5.716,5.569
2017-03-06,5.658,5.916,5.947,5.658
2017-03-07,5.889,6.404,6.509,5.858
2017-03-08,6.22,6.057,6.273,6.01
2017-03-09,6.084,6.068,6.194,6.0
2017-03-10,6.01,5.989,6.057,5.931
2017-03-13,5.963,5.973,5.973,5.858
2017-03-14,5.973,5.916,6.057,5.905
2017-03-15,5.879,5.879,5.942,5.863
2017-03-16,5.884,5.937,5.952,5.868
2017-03-17,5.931,5.826,5.968,5.826
2017-03-20,5.837,5.811,5.853,5.758
2017-03-21,5.811,5.858,5.9,5.784
2017-03-22,5.816,5.784,5.847,5.763
2017-03-23,5.805,5.811,5.842,5.748
2017-03-24,5.8,5.779,5.832,5.753
2017-03-27,5.79,5.721,5.805,5.721
2017-03-28,5.7,5.727,5.784,5.7
2017-03-29,5.727,5.637,5.753,5.627
2017-03-30,5.616,5.375,5.648,5.354
2017-03-31,5.412,5.454,5.48,5.38
2017-04-05,5.464,5.548,5.553,5.464
2017-04-06,5.553,5.522,5.559,5.496
2017-04-07,5.511,5.548,5.58,5.475
2017-04-10,5.69,5.595,5.732,5.548
2017-04-11,5.606,5.669,5.679,5.564
2017-04-12,5.664,5.669,5.7,5.632
2017-04-13,5.648,5.685,5.732,5.606
2017-04-14,5.669,5.637,5.706,5.595
2017-04-17,5.648,5.637,5.669,5.564
2017-04-18,5.637,5.417,5.648,5.417
2017-04-19,5.422,5.496,5.669,5.275
2017-04-20,5.422,5.449,5.491,5.407
2017-04-21,5.422,5.422,5.47,5.407
2017-04-24,5.422,5.249,5.449,5.239
2017-04-25,5.223,5.254,5.312,5.223
2017-04-26,5.265,5.281,5.333,5.239
2017-04-27,5.286,5.317,5.323,5.207
2017-04-28,5.323,5.359,5.359,5.265
2017-05-02,5.365,5.365,5.433,5.359
2017-05-03,5.365,5.396,5.417,5.323
2017-05-04,5.38,5.396,5.428,5.338
2017-05-05,5.386,5.391,5.417,5.344
2017-05-08,5.354,5.396,5.417,5.307
2017-05-09,5.553,5.611,5.653,5.517
2017-05-10,5.517,5.491,5.585,5.344
2017-05-11,5.396,5.317,5.396,5.118
2017-05-12,5.254,5.323,5.333,5.233
2017-05-15,5.291,5.281,5.328,5.275
2017-05-16,5.286,5.317,5.323,5.17
2017-05-17,5.312,5.344,5.386,5.302
2017-05-18,5.328,5.275,5.359,5.265
2017-05-19,5.286,5.281,5.312,5.228
2017-05-22,5.286,5.155,5.296,5.139
2017-05-23,5.155,4.861,5.165,4.84
2017-05-24,4.855,4.966,5.008,4.782
2017-05-25,4.934,5.065,5.102,4.913
2017-05-26,5.107,5.165,5.17,5.097
2017-05-31,5.207,5.186,5.223,5.155
2017-06-01,5.123,4.945,5.165,4.939
2017-06-02,4.939,5.071,5.107,4.913
2017-06-05,5.086,5.17,5.212,5.071
2017-06-06,5.113,5.186,5.223,5.113
2017-06-07,5.197,5.312,5.312,5.16
2017-06-08,5.365,5.328,5.449,5.307
2017-06-09,5.333,5.338,5.344,5.275
2017-06-12,5.291,5.218,5.302,5.207
2017-06-13,5.233,5.359,5.38,5.207
2017-06-14,5.354,5.281,5.359,5.244
2017-06-15,5.27,5.33,5.42,5.27
2017-06-16,5.37,5.38,5.52,5.35
2017-06-19,5.34,5.34,5.39,5.28
2017-06-20,5.35,5.34,5.39,5.3
2017-06-21,5.34,5.25,5.36,5.21
2017-06-22,5.24,5.13,5.26,5.13
2017-06-23,5.11,5.21,5.26,5.08
2017-06-26,5.21,5.37,5.47,5.17
2017-06-27,5.35,5.38,5.43,5.28
2017-06-28,5.33,5.32,5.41,5.27
2017-06-29,5.37,5.27,5.37,5.25
2017-06-30,5.27,5.23,5.27,5.16
2017-07-03,5.23,5.34,5.37,5.2
2017-07-04,5.34,5.39,5.47,5.34
2017-07-05,5.39,5.43,5.45,5.35
2017-07-06,5.4,5.4,5.47,5.37
2017-07-07,5.41,5.42,5.47,5.38
2017-07-10,5.42,5.39,5.44,5.31
2017-07-11,5.44,5.31,5.44,5.3
2017-07-12,5.38,5.32,5.38,5.25
2017-07-13,5.31,5.32,5.32,5.27
2017-07-14,5.3,5.28,5.32,5.26
2017-07-17,5.25,5.02,5.27,5.0
2017-07-18,5.03,5.04,5.09,4.99
2017-07-19,5.03,5.06,5.1,4.99
2017-07-20,5.04,5.07,5.11,5.02
2017-07-21,5.05,5.0,5.08,5.0
2017-07-24,4.99,4.96,4.99,4.9
2017-07-25,4.95,5.0,5.0,4.91
2017-07-26,5.0,5.01,5.02,4.96
2017-07-27,5.0,5.04,5.07,4.95
2017-07-28,5.04,5.07,5.12,5.02
2017-07-31,5.05,5.05,5.07,5.01
2017-08-01,5.04,5.03,5.06,5.02
2017-08-02,5.03,4.99,5.05,4.99
2017-08-03,4.99,5.0,5.02,4.94
2017-08-04,4.98,4.98,5.02,4.96
2017-08-07,5.01,4.99,5.01,4.97
2017-08-08,5.0,4.98,5.01,4.95
2017-08-09,4.98,5.48,5.48,4.96
2017-08-10,5.55,5.33,5.55,5.32
2017-08-11,5.26,5.35,5.45,5.19
2017-08-14,5.3,5.38,5.48,5.23
2017-08-15,5.36,5.36,5.42,5.3
2017-08-16,5.33,5.36,5.38,5.3
2017-08-17,5.36,5.35,5.39,5.33
2017-08-18,5.35,5.27,5.35,5.26
2017-08-21,5.27,5.31,5.31,5.24
2017-08-22,5.3,5.25,5.3,5.23
2017-08-23,5.25,5.24,5.27,5.22
2017-08-24,5.24,5.25,5.26,5.16
2017-08-25,5.23,5.34,5.35,5.23
2017-08-28,5.34,5.42,5.45,5.31
2017-08-29,5.42,5.38,5.44,5.34
2017-08-30,5.39,5.41,5.5,5.35
2017-08-31,5.41,5.48,5.48,5.38
2017-09-01,5.48,5.5,5.5,5.42
2017-09-04,5.5,5.51,5.52,5.44
2017-09-05,5.5,5.52,5.52,5.42
2017-09-06,5.57,5.65,5.68,5.55
2017-09-07,5.61,5.66,5.73,5.57
2017-09-08,5.74,5.69,5.78,5.6
2017-09-11,5.8,5.73,5.8,5.67
2017-09-12,5.76,5.67,5.78,5.56
2017-09-13,5.67,5.68,5.76,5.52
2017-09-14,5.73,5.69,5.86,5.62
2017-09-15,5.69,5.64,5.69,5.57
2017-09-18,5.62,5.65,5.68,5.52
2017-09-19,5.66,5.68,5.8,5.59
2017-09-20,5.67,5.69,5.7,5.6
2017-09-21,5.68,5.6,5.79,5.6
2017-09-22,5.58,5.57,5.59,5.51
2017-09-25,5.56,5.43,5.58,5.43
2017-09-26,5.42,5.43,5.45,5.39
2017-09-27,5.44,5.47,5.51,5.43
2017-09-28,5.47,5.52,5.57,5.46
2017-09-29,5.52,5.65,5.67,5.52
2017-10-09,5.66,5.7,5.79,5.66
2017-10-10,5.75,5.71,5.75,5.69
2017-10-11,5.71,5.75,5.85,5.62
2017-10-12,5.7,5.67,5.74,5.66
2017-10-13,5.67,5.7,5.73,5.64
2017-10-16,5.71,5.57,5.72,5.57
2017-10-17,5.57,5.59,5.67,5.55
2017-10-18,5.59,5.67,5.78,5.58
2017-10-19,5.65,5.61,5.67,5.58
2017-10-20,5.62,5.7,5.72,5.6
2017-10-23,5.7,5.72,5.77,5.67
2017-10-24,5.71,5.69,5.76,5.65
2017-10-25,5.67,5.69,5.74,5.66
2017-10-26,5.69,5.84,5.85,5.63
2017-10-27,5.86,5.78,5.88,5.71
2017-10-30,5.75,5.55,5.75,5.55
2017-10-31,5.54,5.59,5.59,5.5
2017-11-01,5.58,5.89,6.1,5.56
2017-11-02,5.88,5.75,5.88,5.72
2017-11-03,5.74,5.82,5.83,5.61
2017-11-06,5.8,5.89,5.9,5.75
2017-11-07,5.86,5.92,6.01,5.84
2017-11-08,5.91,5.76,5.94,5.75
2017-11-09,5.77,5.8,5.81,5.72
2017-11-10,5.8,5.76,5.88,5.74
2017-11-13,5.73,5.67,5.73,5.64
2017-11-14,5.67,5.51,5.7,5.5
2017-11-15,5.52,5.45,5.55,5.43
2017-11-16,5.45,5.46,5.46,5.41
2017-11-17,5.46,5.05,5.46,5.02
2017-11-20,5.01,5.04,5.08,4.89
2017-11-21,5.04,5.01,5.05,4.99
2017-11-22,5.01,5.01,5.07,5.0
2017-11-23,5.0,4.92,5.05,4.88
2017-11-24,4.92,4.88,4.94,4.85
2017-11-27,4.88,4.84,4.88,4.8
2017-11-28,4.84,4.88,4.88,4.81
2017-11-29,4.88,4.91,4.96,4.82
2017-11-30,4.9,4.83,4.91,4.83
2017-12-01,4.83,4.9,4.92,4.83
2017-12-04,4.93,4.86,4.94,4.84
2017-12-05,4.88,5.0,5.0,4.82
2017-12-06,5.0,5.1,5.1,4.92
2017-12-07,5.06,4.99,5.1,4.98
2017-12-08,4.98,5.02,5.07,4.95
2017-12-11,5.02,5.03,5.06,5.01
2017-12-12,5.03,4.95,5.05,4.95
2017-12-13,4.94,4.93,4.96,4.9
2017-12-14,4.93,4.96,4.96,4.9
2017-12-15,4.97,4.94,4.97,4.93
2017-12-18,4.95,4.86,4.95,4.86
2017-12-19,4.87,4.89,4.92,4.86
2017-12-20,4.9,4.91,4.91,4.88
2017-12-21,4.91,4.88,4.91,4.83
2017-12-22,4.82,4.84,4.88,4.82
2017-12-25,4.84,4.8,4.88,4.77
2017-12-26,4.8,4.73,4.82,4.69
2017-12-27,4.74,4.54,4.75,4.52
2017-12-28,4.54,4.63,4.68,4.5
2017-12-29,4.6,4.66,4.68,4.57
2018-01-02,4.66,4.67,4.68,4.61
2018-01-03,4.67,4.74,4.75,4.64
2018-01-04,4.75,4.81,4.82,4.71
2018-01-05,4.79,4.78,4.81,4.75
2018-01-08,4.79,4.76,4.8,4.74
2018-01-09,4.74,4.75,4.8,4.74
2018-01-10,4.74,4.73,4.79,4.66
2018-01-11,4.68,4.7,4.73,4.65
2018-01-12,4.71,4.61,4.73,4.59
2018-01-15,4.6,4.53,4.61,4.51
2018-01-16,4.5,4.56,4.68,4.48
2018-01-17,4.54,4.57,4.57,4.48
2018-01-18,4.6,4.58,4.66,4.54
2018-01-19,4.57,4.55,4.59,4.53
2018-01-22,4.54,4.58,4.6,4.49
2018-01-23,4.55,4.59,4.61,4.54
2018-01-24,4.59,4.6,4.6,4.54
2018-01-25,4.58,4.61,4.62,4.57
2018-01-26,4.59,4.55,4.6,4.55
2018-01-29,4.56,4.48,4.58,4.48
2018-01-30,4.48,4.51,4.52,4.47
2018-01-31,4.5,4.4,4.54,4.38
2018-02-01,4.39,4.11,4.42,4.1
2018-02-02,4.09,4.08,4.14,3.99
2018-02-05,4.09,4.06,4.12,4.04
2018-02-06,4.03,3.98,4.03,3.83
2018-02-07,4.0,4.36,4.36,3.88
2018-02-08,4.18,4.24,4.29,4.12
2018-02-09,4.27,4.12,4.27,4.09
2018-02-12,4.17,4.16,4.19,4.11
2018-02-13,4.17,4.14,4.18,4.11
2018-02-14,4.23,4.16,4.23,4.11
2018-02-22,4.3,4.2,4.3,4.17
2018-02-23,4.23,4.21,4.24,4.18
2018-02-26,4.26,4.31,4.31,4.21
