date,open,close,high,low
2016-01-04,24.95,22.635,24.95,22.635
2016-01-05,20.369,20.858,22.146,20.369
2016-01-06,21.058,21.407,21.537,20.509
2016-01-07,20.459,19.271,20.828,19.271
2016-01-08,19.74,19.102,20.259,17.465
2016-01-11,19.052,17.196,19.052,17.196
2016-01-12,17.196,16.377,17.415,15.768
2016-01-13,16.567,15.449,16.916,15.269
2016-01-14,14.721,16.357,16.357,14.471
2016-01-15,16.168,15.968,16.906,15.768
2016-01-18,15.669,16.537,16.776,15.269
2016-01-19,16.537,17.305,17.365,16.307
2016-01-20,17.046,17.635,17.894,16.966
2016-01-21,17.006,16.397,17.784,16.397
2016-01-22,16.597,16.737,16.966,15.878
2016-01-25,16.986,17.325,17.465,16.766
2016-01-26,17.216,15.958,17.315,15.848
2016-01-27,16.746,16.188,16.746,15.03
2016-01-28,15.948,14.571,16.148,14.571
2016-01-29,14.421,15.269,15.659,14.391
2016-02-01,15.01,15.479,15.599,14.94
2016-02-02,15.479,16.427,16.517,15.479
2016-02-03,16.247,16.717,16.816,15.968
2016-02-04,16.627,17.006,17.216,16.467
2016-02-05,16.876,16.727,17.236,16.727
2016-02-15,16.337,16.946,17.265,15.968
2016-02-16,17.056,17.685,17.864,17.046
2016-02-17,17.685,17.675,17.764,17.126
2016-02-18,17.735,18.573,19.441,17.685
2016-02-19,18.164,18.463,18.463,17.824
2016-02-22,18.623,18.752,18.902,18.373
2016-02-23,18.762,18.234,18.762,17.884
2016-02-24,18.114,18.373,18.533,17.824
2016-02-25,18.423,16.537,18.443,16.537
2016-02-26,17.545,16.687,17.545,15.908
2016-02-29,16.617,15.13,16.617,15.02
2016-03-01,15.23,15.619,15.838,14.97
2016-03-02,15.529,16.387,16.467,15.519
2016-03-03,16.417,16.437,16.966,16.228
2016-03-04,16.347,15.589,16.447,15.23
2016-03-07,15.709,16.347,16.367,15.709
2016-03-08,16.307,16.617,16.637,15.589
2016-03-09,16.247,16.118,16.347,15.659
2016-03-10,16.128,15.848,16.407,15.798
2016-03-11,15.539,16.108,16.247,15.479
2016-03-14,16.327,17.006,17.126,16.168
2016-03-15,16.966,16.667,16.966,16.497
2016-03-16,17.116,17.615,18.333,16.966
2016-03-17,17.146,18.992,19.291,16.966
2016-03-18,18.752,19.162,20.06,18.703
2016-03-21,19.531,19.371,19.561,18.862
2016-03-22,19.172,20.549,21.307,19.032
2016-03-23,20.06,20.279,20.569,19.76
2016-03-24,19.96,19.96,20.878,19.731
2016-03-25,19.541,20.09,20.239,19.541
2016-03-28,20.699,19.77,20.699,19.661
2016-03-29,19.93,18.952,19.93,18.703
2016-03-30,19.261,19.91,19.91,19.062
2016-03-31,19.85,19.8,20.1,19.76
2016-04-01,19.8,20.06,20.06,19.321
2016-04-05,19.97,21.218,21.457,19.97
2016-04-06,20.758,21.108,21.407,20.569
2016-04-07,21.108,21.407,22.245,20.719
2016-04-08,20.968,21.128,21.886,20.519
2016-04-11,21.148,21.756,21.936,21.148
2016-04-12,21.657,21.058,21.796,20.808
2016-04-13,21.058,21.168,21.736,21.058
2016-04-14,21.208,21.457,21.487,21.008
2016-04-15,21.607,22.305,22.455,21.337
2016-04-18,22.086,22.036,22.116,21.567
2016-04-19,22.295,21.956,22.295,21.657
2016-04-20,21.806,20.2,22.036,19.85
2016-04-21,20.2,19.721,20.429,19.561
2016-04-22,19.721,20.23,20.339,19.162
2016-04-25,20.23,19.87,20.249,19.461
2016-04-26,19.79,20.279,20.289,19.79
2016-04-27,20.289,20.459,20.858,20.15
2016-04-28,20.359,21.856,21.916,20.04
2016-04-29,21.856,21.487,22.275,21.427
2016-05-03,21.188,22.096,22.235,21.158
2016-05-04,22.106,21.826,22.255,21.657
2016-05-05,21.717,21.687,22.106,21.357
2016-05-06,21.687,21.856,22.505,20.16
2016-05-09,21.257,22.685,23.533,21.038
2016-05-10,21.956,20.419,22.235,20.419
2016-05-11,19.96,19.291,20.16,19.132
2016-05-12,18.812,18.683,19.062,18.044
2016-05-13,18.473,18.792,19.202,18.473
2016-05-16,18.603,19.561,19.85,18.443
2016-05-17,19.501,19.172,20.13,19.162
2016-05-18,18.942,18.363,18.962,18.134
2016-05-19,18.144,18.303,18.822,17.944
2016-05-20,18.054,18.293,18.393,17.764
2016-06-03,20.12,20.12,20.12,19.481
2016-06-06,20.659,21.707,21.976,20.379
2016-06-07,21.307,22.705,23.882,21.008
2016-06-08,22.156,22.964,23.742,21.966
2016-06-13,22.255,20.669,22.655,20.669
2016-06-14,20.299,22.734,22.734,20.299
2016-06-15,23.343,25.01,25.01,22.964
2016-06-16,25.758,27.116,27.515,25.449
2016-06-17,25.998,25.549,26.876,25.14
2016-06-20,25.249,26.098,26.198,25.1
2016-06-21,25.599,24.212,25.808,24.152
2016-06-22,24.002,24.9,24.9,23.553
2016-06-23,24.701,24.94,24.94,23.713
2016-06-24,24.212,25.429,26.148,23.253
2016-06-27,24.99,25.38,25.86,24.71
2016-06-28,25.32,24.88,25.34,24.31
2016-06-29,25.01,25.73,26.17,24.62
2016-06-30,25.36,24.74,25.44,24.4
2016-07-01,24.74,24.3,24.82,24.22
2016-07-04,23.97,24.2,24.29,23.4
2016-07-05,24.29,24.45,24.55,24.01
2016-07-06,24.35,24.46,24.46,23.75
2016-07-07,24.41,25.26,25.36,24.0
2016-07-08,25.2,25.8,26.0,24.9
2016-07-11,25.7,24.78,25.7,24.68
2016-07-12,24.86,24.34,25.0,23.75
2016-07-13,24.5,24.42,24.65,24.26
2016-07-14,24.36,24.49,24.77,24.06
2016-07-15,24.4,24.0,24.5,23.95
2016-07-18,23.9,23.48,23.9,23.41
2016-07-19,23.49,23.74,23.84,23.41
2016-07-20,23.8,24.03,24.2,23.53
2016-07-21,23.85,24.05,24.44,23.6
2016-07-22,24.0,23.68,24.0,23.5
2016-07-25,23.51,24.15,24.24,23.4
2016-07-26,24.15,25.14,25.32,24.02
2016-07-27,24.9,23.41,25.08,23.0
2016-07-28,23.2,23.63,23.65,23.2
2016-07-29,23.6,23.41,23.7,23.31
2016-08-01,23.47,21.9,23.47,21.33
2016-08-02,21.9,22.78,22.85,21.75
2016-08-03,22.68,22.83,23.16,22.42
2016-08-04,22.8,23.16,23.25,22.55
2016-08-05,23.0,23.01,23.33,22.93
2016-08-08,23.01,23.35,23.5,22.31
2016-08-09,23.32,23.39,23.55,23.22
2016-08-10,23.39,23.11,23.39,23.09
2016-08-11,23.11,22.4,23.15,22.35
2016-08-12,22.37,22.52,22.62,22.13
2016-08-15,22.7,23.58,23.84,22.7
2016-08-16,23.58,23.44,23.88,23.42
2016-08-17,23.5,25.77,25.78,23.4
2016-08-18,25.2,25.24,26.3,25.08
2016-08-19,25.45,25.31,25.68,24.75
2016-08-22,25.24,23.8,25.24,23.8
2016-08-23,23.8,24.08,24.48,23.8
2016-08-24,24.05,24.17,24.64,24.03
2016-08-25,23.88,23.57,24.0,23.0
2016-08-26,23.74,24.96,24.96,23.6
2016-08-29,24.5,24.55,24.95,24.35
2016-08-30,24.31,24.35,25.16,24.3
2016-08-31,24.29,24.81,25.5,24.29
2016-09-01,24.59,24.1,24.94,24.1
2016-09-02,24.0,23.91,24.27,23.63
2016-09-05,23.87,24.1,24.42,23.83
2016-09-06,24.24,24.55,24.62,23.8
2016-09-07,24.56,24.75,24.88,24.35
2016-09-08,24.6,24.83,24.99,24.41
2016-09-09,24.83,24.5,24.92,24.49
2016-09-12,23.88,23.32,23.88,23.32
2016-09-13,23.42,23.15,23.56,23.0
2016-09-14,23.07,23.5,23.55,22.9
2016-09-19,23.5,23.58,23.8,23.3
2016-09-20,23.55,23.31,23.61,23.2
2016-09-21,23.31,23.4,23.52,23.25
2016-09-22,23.56,24.43,24.67,23.4
2016-09-23,24.4,24.51,24.7,24.09
2016-09-26,24.3,23.51,24.4,23.5
2016-09-27,23.3,23.73,23.74,23.21
2016-09-28,23.87,23.9,23.94,23.62
2016-09-29,23.89,24.06,24.3,23.8
2016-09-30,23.86,24.04,24.27,23.8
2016-10-10,24.45,24.62,24.63,24.02
2016-10-11,24.62,25.36,25.5,24.5
2016-10-12,25.13,25.66,25.98,24.7
2016-10-13,25.49,25.36,25.6,25.16
2016-10-14,25.3,25.62,25.8,24.7
2016-10-17,25.68,25.19,25.7,24.94
2016-10-18,25.26,26.03,26.29,24.94
2016-10-19,26.08,26.15,26.26,25.7
2016-10-20,26.18,25.89,26.22,25.76
2016-10-21,26.0,25.23,26.0,24.91
2016-10-24,25.2,25.4,25.73,25.13
2016-10-25,25.4,25.94,25.98,25.26
2016-10-26,25.9,25.66,25.9,25.38
2016-10-27,25.73,26.35,26.9,25.5
2016-10-28,26.09,26.22,26.89,25.98
2016-10-31,26.0,25.66,26.19,25.35
2016-11-01,25.66,26.37,26.8,25.52
2016-11-02,26.49,26.26,27.45,26.0
2016-11-03,26.21,26.04,26.49,25.78
2016-11-04,26.04,26.9,26.95,26.04
2016-11-07,27.28,27.25,27.29,26.5
2016-11-08,27.18,27.24,28.2,27.12
2016-11-09,27.17,27.8,28.17,26.48
2016-11-10,28.05,29.59,30.0,27.7
2016-11-11,29.51,28.7,29.55,28.7
2016-11-14,28.6,29.09,29.4,28.46
2016-11-15,29.08,28.79,29.08,28.5
2016-11-16,28.68,31.67,31.67,28.59
2016-11-17,31.28,29.38,31.67,29.32
2016-11-18,29.11,29.15,30.13,28.9
2016-11-21,28.73,32.07,32.07,27.88
2016-11-22,33.4,35.0,35.28,33.34
2016-11-23,33.3,32.5,35.05,31.6
2016-11-24,33.0,34.15,35.21,32.61
2016-11-25,32.0,31.4,32.8,30.8
2016-11-28,31.38,30.6,31.4,29.66
2016-11-29,30.12,31.87,32.31,30.05
2016-11-30,31.32,30.75,31.45,30.53
2016-12-01,30.19,29.07,30.59,28.98
2016-12-02,29.1,27.25,29.37,26.73
2016-12-05,27.25,26.52,27.3,26.51
2016-12-06,27.02,26.64,27.06,26.4
2016-12-07,26.71,27.21,27.49,26.57
2016-12-08,27.03,27.41,27.41,26.66
2016-12-09,27.25,27.84,28.3,27.11
2016-12-12,27.5,25.06,27.6,25.06
2016-12-13,24.3,24.72,25.1,23.39
2016-12-14,24.72,23.96,24.89,23.9
2016-12-15,24.08,24.65,24.74,24.08
2016-12-16,24.88,25.16,25.8,24.66
2016-12-19,24.91,25.1,25.36,24.9
2016-12-20,25.11,25.32,25.6,25.01
2016-12-21,25.45,26.5,26.76,25.13
2016-12-22,26.24,26.12,26.66,25.9
2016-12-23,25.92,25.35,26.2,25.12
2016-12-26,25.25,25.42,25.58,24.52
2016-12-27,25.5,25.96,26.66,25.24
2016-12-28,25.8,26.12,27.05,25.8
2016-12-29,26.02,25.58,26.68,25.57
2016-12-30,25.4,25.25,26.15,25.17
2017-01-03,25.12,25.47,25.66,25.1
2017-01-04,25.5,25.77,26.21,25.5
2017-01-05,25.8,25.56,26.25,25.52
2017-01-06,25.66,24.9,25.71,24.75
2017-01-09,24.7,25.19,25.25,24.7
2017-01-10,25.1,25.2,25.82,24.7
2017-01-11,25.2,24.7,25.35,24.65
2017-01-12,24.66,24.42,24.95,24.33
2017-01-13,24.41,23.96,24.66,23.6
2017-01-16,23.98,23.0,24.3,21.6
2017-01-17,22.99,23.82,24.24,21.8
2017-01-18,23.53,23.99,24.0,22.8
2017-01-19,23.65,23.79,23.79,23.2
2017-01-20,23.6,23.8,24.12,23.4
2017-01-23,23.8,23.64,24.12,23.56
2017-01-24,23.79,23.01,23.79,22.7
2017-01-25,22.88,22.56,23.31,22.56
2017-01-26,22.7,22.82,23.1,22.61
2017-02-03,23.05,24.48,24.48,22.8
2017-02-06,23.5,24.19,24.58,23.5
2017-02-07,24.25,26.29,26.61,23.96
2017-02-08,26.26,26.49,27.62,25.2
2017-02-09,26.75,25.75,26.75,25.31
2017-02-10,25.75,25.22,25.88,25.19
2017-02-13,25.3,25.26,25.6,24.84
2017-02-14,25.17,25.19,25.4,25.0
2017-02-15,25.18,24.6,25.3,24.6
2017-02-16,24.78,26.65,26.95,24.4
2017-02-17,26.5,26.78,26.78,25.2
2017-02-20,25.87,26.97,27.6,25.73
2017-02-21,26.51,26.65,27.25,26.45
2017-02-22,26.7,26.42,26.77,25.64
2017-02-23,26.4,25.98,26.69,25.85
2017-02-24,25.95,26.18,26.38,25.5
2017-02-27,26.1,26.18,26.27,25.5
2017-02-28,26.04,25.98,26.2,25.75
2017-03-01,25.88,25.76,26.03,25.69
2017-03-02,25.62,25.0,25.83,25.0
2017-03-03,24.82,25.21,25.5,24.37
2017-03-06,25.15,25.64,25.77,24.86
2017-03-07,25.7,25.73,25.98,25.37
2017-03-08,25.63,25.2,25.69,25.17
2017-03-09,25.01,25.49,25.68,24.6
2017-03-10,25.35,25.3,25.64,25.15
2017-03-13,25.33,25.49,25.75,25.0
2017-03-14,25.31,25.15,25.52,25.01
2017-03-15,24.92,25.08,25.26,24.63
2017-03-16,24.97,25.06,25.35,24.83
2017-03-17,25.02,25.0,25.15,24.45
2017-03-20,24.99,25.6,26.0,24.4
2017-03-21,25.1,26.0,26.09,25.1
2017-03-22,26.35,26.47,27.56,26.01
2017-03-23,26.41,27.45,27.46,25.86
2017-03-24,27.37,27.67,27.8,27.01
2017-03-27,27.6,27.25,27.6,26.6
2017-03-28,26.9,26.67,27.1,26.66
2017-03-29,26.68,26.58,26.85,26.37
2017-03-30,26.47,24.4,26.82,24.1
2017-03-31,24.29,25.1,25.29,23.32
2017-04-05,24.9,25.21,25.55,24.47
2017-04-06,25.03,25.5,25.53,25.0
2017-04-07,25.3,25.2,25.4,24.78
2017-04-10,25.1,24.99,25.2,24.5
2017-04-11,25.15,24.81,25.15,24.4
2017-04-12,24.78,24.85,24.95,23.72
2017-04-13,24.55,24.18,24.73,24.18
2017-04-14,24.25,24.0,24.3,23.39
2017-04-17,23.6,24.16,24.19,23.08
2017-04-18,23.88,23.97,24.11,23.7
2017-04-19,23.6,23.6,23.94,22.88
2017-04-20,23.2,23.38,23.46,22.53
2017-04-21,23.01,22.0,23.01,22.0
2017-04-24,21.48,19.8,21.49,19.8
2017-04-25,18.55,20.53,20.97,17.97
2017-04-26,20.19,20.76,21.12,19.85
2017-04-27,20.8,21.25,21.54,20.27
2017-04-28,21.26,21.6,21.82,21.07
2017-05-02,21.5,22.19,23.76,21.4
2017-05-03,21.98,22.0,22.48,21.81
2017-05-04,21.93,21.89,22.25,21.69
2017-05-05,21.9,21.6,22.13,21.38
2017-05-08,21.4,21.3,21.96,21.0
2017-05-09,21.31,20.5,21.5,20.41
2017-05-10,20.6,19.6,21.19,19.6
2017-05-11,19.59,18.84,19.59,17.8
2017-05-12,18.81,18.6,19.06,18.44
2017-05-15,18.77,18.51,18.96,18.46
2017-05-16,18.54,18.13,18.54,17.22
2017-05-17,18.12,18.18,18.63,18.07
2017-05-18,18.15,18.93,19.17,18.11
2017-05-19,18.71,19.25,19.28,18.56
2017-05-22,19.27,18.67,19.29,18.61
2017-05-23,18.64,17.78,18.7,17.5
2017-05-24,17.65,18.34,18.5,17.37
2017-05-25,18.34,18.4,18.4,17.92
2017-05-26,18.48,18.49,18.49,18.12
2017-05-31,18.6,18.75,18.88,18.35
2017-06-01,18.62,18.49,18.84,18.08
2017-06-02,18.5,18.48,18.65,17.6
2017-06-05,18.88,18.6,18.88,18.26
2017-06-06,18.58,18.58,18.59,18.34
2017-06-07,18.57,19.02,19.15,18.45
2017-06-08,18.94,19.01,19.17,18.59
2017-06-09,18.79,18.93,19.0,18.52
2017-06-12,18.9,18.75,18.9,18.52
2017-06-13,18.7,19.17,19.17,18.49
2017-06-14,19.08,18.98,19.12,18.81
2017-06-15,18.91,19.25,19.3,18.78
2017-06-16,19.08,19.12,19.3,19.08
2017-06-19,19.18,19.13,19.34,19.01
2017-06-20,19.12,19.14,19.27,18.99
2017-06-21,19.14,19.33,19.33,18.98
2017-06-22,19.32,20.08,20.28,19.2
2017-06-23,20.13,19.9,20.13,19.51
2017-06-26,19.9,20.61,21.0,19.78
2017-06-27,20.6,20.65,20.78,20.31
2017-06-28,20.54,20.12,20.6,20.1
2017-06-29,20.12,20.23,20.26,19.98
2017-06-30,20.15,20.29,20.49,19.87
2017-07-03,20.29,20.43,20.48,20.04
2017-07-04,20.32,20.61,20.9,20.23
2017-07-05,20.5,20.56,20.8,20.18
2017-07-06,20.5,21.12,21.6,20.37
2017-07-07,20.92,20.97,21.11,20.72
2017-07-10,20.88,20.75,21.15,20.72
2017-07-11,20.73,20.33,20.89,20.25
2017-07-12,20.31,20.09,20.56,19.92
2017-07-13,20.09,19.86,20.12,19.8
2017-07-14,20.04,19.3,20.04,19.3
2017-07-17,19.09,18.28,19.19,17.54
2017-07-18,18.28,18.41,18.5,18.0
2017-07-19,18.5,18.7,18.79,18.32
2017-07-20,18.86,19.33,19.53,18.68
2017-07-21,19.58,19.12,19.59,19.07
2017-07-24,19.36,19.22,19.36,18.84
2017-07-25,19.22,18.93,19.22,18.8
2017-07-26,18.72,18.95,19.09,18.63
2017-07-27,18.95,19.2,19.21,18.69
2017-07-28,19.17,19.67,20.59,19.16
2017-07-31,19.49,19.56,19.76,19.21
2017-08-01,19.48,19.53,19.65,19.34
2017-08-02,19.64,19.03,19.69,19.03
2017-08-03,19.03,18.98,19.18,18.68
2017-08-04,18.98,18.99,19.08,18.72
2017-08-07,18.95,19.17,19.2,18.73
2017-08-08,19.15,19.16,19.4,18.98
2017-08-09,18.99,19.35,19.36,18.99
2017-08-10,19.32,19.07,19.43,19.02
2017-08-11,19.28,19.08,19.28,18.85
2017-08-14,18.87,19.27,19.35,18.87
2017-08-15,19.3,19.27,19.32,19.11
2017-08-16,19.25,19.28,19.29,19.01
2017-08-17,19.23,19.46,19.46,19.2
2017-08-18,19.54,19.46,19.6,19.2
2017-08-21,19.4,19.37,19.58,19.21
2017-08-22,19.37,19.42,19.51,19.25
2017-08-23,19.47,19.26,19.47,19.16
2017-08-24,19.25,18.89,19.25,18.85
2017-08-25,18.9,19.33,19.39,18.38
2017-08-28,19.18,20.0,20.15,19.18
2017-08-29,19.9,20.18,20.3,19.77
2017-08-30,20.29,20.68,20.79,20.03
2017-08-31,20.68,20.87,21.14,20.52
2017-09-01,20.7,20.98,21.05,20.7
2017-09-04,20.9,20.93,21.25,20.75
2017-09-05,20.78,20.94,21.04,20.72
2017-09-06,21.01,21.0,21.05,20.68
2017-09-07,21.0,21.02,21.19,20.52
2017-09-08,20.9,21.0,21.13,20.86
2017-09-11,21.3,21.1,21.31,20.91
2017-09-12,21.11,21.73,22.62,21.04
2017-09-13,21.6,20.97,21.78,20.95
2017-09-14,21.08,20.7,21.11,20.7
2017-09-15,20.7,20.75,20.95,20.58
2017-09-18,20.84,20.97,21.52,20.84
2017-09-19,21.18,20.98,21.18,20.85
2017-09-20,21.09,21.64,21.7,20.98
2017-09-21,21.66,21.17,21.67,21.17
2017-09-22,21.17,21.43,21.48,21.01
2017-09-25,21.37,21.06,21.87,21.05
2017-09-26,20.99,21.01,21.5,20.64
2017-09-27,21.47,21.61,21.8,20.97
2017-09-28,21.33,21.82,21.99,21.33
2017-09-29,22.0,21.92,22.0,21.7
2017-10-09,22.25,21.52,22.27,21.5
2017-10-24,23.0,22.51,23.67,21.9
2017-10-25,22.15,23.8,24.76,21.21
2017-10-26,23.0,22.95,23.85,22.7
2017-10-27,22.72,22.62,23.13,22.5
2017-10-30,22.8,23.26,23.38,22.11
2017-10-31,23.25,22.9,23.34,22.76
2017-11-01,22.81,23.0,23.1,22.59
2017-11-02,23.0,23.33,23.58,22.64
2017-11-03,23.33,23.95,24.1,22.71
2017-11-06,24.0,23.97,24.3,23.45
2017-11-07,23.97,24.39,24.55,23.65
2017-11-08,24.31,23.83,24.36,23.5
2017-11-09,23.62,23.3,23.8,23.1
2017-11-10,23.37,22.8,23.52,22.76
2017-11-13,22.8,21.83,22.8,21.78
2017-11-14,21.93,21.75,22.24,21.75
2017-11-15,21.64,21.74,21.91,21.11
2017-11-16,21.75,21.42,21.85,21.35
2017-11-17,21.6,21.28,21.65,20.78
2017-11-20,21.29,21.2,21.29,20.3
2017-11-21,21.08,20.99,21.25,20.8
2017-11-22,20.91,20.97,21.12,20.81
2017-11-23,21.15,20.7,21.3,20.56
2017-11-24,20.8,20.71,20.87,20.5
2017-11-27,20.85,20.58,20.85,20.35
2017-11-28,20.39,20.63,20.73,20.39
2017-11-29,20.6,20.69,20.69,20.28
2017-11-30,20.67,20.89,20.93,20.44
2017-12-01,20.85,21.18,21.45,20.85
2017-12-04,21.15,20.9,21.39,20.78
2017-12-05,21.01,20.82,21.01,20.32
2017-12-06,20.82,20.61,20.82,20.5
2017-12-07,20.6,20.58,20.61,20.27
2017-12-08,20.58,20.71,20.8,20.39
2017-12-11,20.65,20.86,20.98,20.65
2017-12-12,20.86,20.99,20.99,20.7
2017-12-13,20.98,20.83,21.08,20.7
2017-12-14,20.76,21.26,21.26,20.61
2017-12-15,21.1,22.15,22.19,21.09
2017-12-18,22.14,22.5,22.76,21.8
2017-12-19,22.51,22.55,22.7,22.19
2017-12-20,22.6,22.67,22.75,22.14
2017-12-21,22.52,23.01,23.08,22.15
2017-12-22,22.99,22.55,23.15,22.28
2017-12-25,22.6,22.05,22.6,21.79
2017-12-26,22.05,22.04,22.26,21.81
2017-12-27,22.14,21.47,22.14,21.45
2017-12-28,21.51,21.32,21.78,21.25
2017-12-29,21.32,20.94,21.44,20.88
2018-01-02,21.03,20.95,21.09,20.78
2018-01-03,20.85,20.95,21.0,20.61
2018-01-04,20.96,20.8,20.96,20.68
2018-01-05,20.76,20.86,21.07,20.71
2018-01-08,20.98,20.38,20.98,20.15
2018-01-09,20.26,19.82,20.45,19.7
2018-01-10,19.82,19.34,19.97,19.0
2018-01-11,19.38,19.69,19.7,18.89
2018-01-12,19.68,19.09,19.68,19.09
2018-01-15,19.15,18.13,19.15,18.01
2018-01-16,18.19,18.4,18.4,17.79
2018-01-17,18.35,18.16,18.36,17.83
2018-01-18,18.22,18.17,18.27,17.94
2018-01-19,18.21,18.19,18.25,18.03
2018-01-22,18.29,18.16,18.4,18.03
2018-01-23,18.16,17.9,18.16,17.88
2018-01-24,17.9,17.87,18.04,17.55
2018-01-25,17.88,17.86,18.02,17.85
2018-01-26,17.86,17.88,19.3,17.56
2018-01-29,17.82,17.33,17.83,17.12
2018-01-30,17.37,17.03,17.37,16.76
2018-01-31,16.98,16.61,16.98,16.23
2018-02-01,16.68,16.58,16.68,16.19
2018-02-02,16.39,16.4,16.58,14.92
2018-02-05,15.89,16.88,16.99,15.2
2018-02-06,16.85,16.93,17.12,16.31
2018-02-07,16.95,17.19,17.5,16.95
2018-02-08,16.98,17.32,17.48,16.98
2018-02-09,17.3,17.31,17.31,16.86
2018-02-12,17.31,17.31,17.48,16.9
2018-02-13,17.33,17.26,17.39,17.11
2018-02-14,17.26,17.3,17.4,17.13
2018-02-22,17.31,17.55,17.63,17.31
2018-02-23,17.5,17.55,17.74,17.3
2018-02-26,17.6,17.64,17.7,17.4
2018-02-27,17.5,18.02,18.05,17.4
2018-02-28,18.02,18.42,18.55,17.79
2018-03-01,18.42,18.79,18.88,18.22
2018-03-02,18.53,18.53,19.05,18.48
2018-03-05,18.55,18.24,18.6,18.13
2018-03-06,18.45,18.26,18.45,18.13
2018-03-07,18.25,18.32,18.5,17.66
2018-03-08,18.28,18.18,18.28,17.9
2018-03-09,18.02,18.38,18.4,17.9
2018-03-12,18.38,18.4,18.44,18.27
2018-03-13,18.41,18.36,18.41,18.2
2018-03-14,18.2,18.3,18.46,18.14
2018-03-15,18.14,18.12,18.32,17.91
2018-03-16,17.9,17.91,18.12,17.8
2018-03-19,17.71,17.9,17.96,17.5
2018-03-20,17.9,17.6,17.9,17.5
2018-03-21,17.65,18.08,18.58,17.5
2018-03-22,17.97,17.84,18.05,17.62
2018-03-23,17.59,17.96,17.98,17.0
2018-03-26,17.8,17.8,17.88,17.3
2018-03-27,17.77,18.14,18.15,17.5
2018-03-28,18.0,18.15,18.25,17.7
2018-03-29,18.14,18.44,18.5,18.06
2018-03-30,18.55,18.41,18.66,18.35
2018-04-02,18.42,18.4,18.47,18.2
2018-04-03,18.18,18.17,18.42,17.91
2018-04-04,18.17,18.12,18.3,17.98
2018-04-09,17.95,17.99,18.23,17.8
2018-04-10,18.3,17.84,18.3,17.67
2018-04-11,17.84,17.27,18.07,17.27
2018-04-12,17.27,16.7,17.41,16.48
2018-04-13,16.68,16.37,16.84,16.1
2018-04-16,15.95,15.75,16.03,15.5
2018-04-17,15.53,15.84,15.84,15.04
2018-04-18,15.8,16.3,17.42,15.73
2018-04-19,16.77,16.08,16.77,15.89
2018-04-20,15.7,15.79,16.07,15.68
2018-04-23,15.79,15.81,15.98,15.5
2018-04-24,15.95,15.84,15.95,15.73
2018-04-25,15.84,15.85,15.88,15.58
2018-04-26,15.73,16.25,16.38,15.73
2018-04-27,16.2,16.61,16.99,16.05
2018-05-02,16.77,16.86,16.96,16.2
2018-05-03,16.71,16.88,17.0,16.53
2018-05-04,16.61,17.0,17.08,16.59
2018-05-07,16.74,17.17,17.24,16.74
2018-05-08,17.1,17.32,17.36,16.99
2018-05-09,17.25,18.13,18.19,17.25
2018-05-10,18.04,18.18,18.24,17.85
2018-05-11,18.15,18.18,18.33,17.95
2018-05-14,18.18,18.13,18.38,18.02
2018-05-15,18.05,18.38,18.45,18.02
2018-05-16,18.38,18.21,18.38,18.05
2018-05-17,18.03,18.16,18.29,18.02
2018-05-18,18.25,17.96,18.25,17.28
2018-05-21,17.85,17.87,18.17,17.65
2018-05-22,17.98,17.79,18.09,17.53
2018-05-23,17.95,17.77,17.97,17.11
2018-05-24,17.7,17.58,17.7,17.35
2018-05-25,17.39,17.62,17.77,17.32
