date,open,close,high,low
2016-01-04,32.024,29.104,32.382,29.104
2016-01-05,27.217,28.081,28.965,26.78
2016-01-06,28.16,28.856,28.955,27.843
2016-01-07,28.647,25.975,28.647,25.975
2016-01-08,26.73,26.353,26.968,24.803
2016-01-11,26.114,23.72,26.114,23.72
2016-01-12,23.939,24.138,24.485,23.393
2016-01-13,24.108,23.164,24.465,23.164
2016-01-14,22.747,23.949,24.068,22.29
2016-01-15,23.671,22.995,24.078,22.648
2016-01-18,22.697,23.591,23.939,22.469
2016-01-19,23.532,24.346,24.555,23.194
2016-01-20,24.287,24.267,24.654,23.969
2016-01-21,23.84,23.442,24.575,23.442
2016-01-22,23.71,23.969,24.118,22.846
2016-01-25,24.088,24.257,24.396,23.889
2016-01-26,24.118,21.912,24.118,21.853
2016-01-27,22.846,22.3,22.846,20.929
2016-01-28,21.903,21.158,22.131,21.128
2016-01-29,21.038,22.151,23.253,21.038
2016-02-01,22.042,21.833,22.191,21.297
2016-02-02,21.763,22.727,22.777,21.565
2016-02-03,22.25,22.449,22.648,21.992
2016-02-04,22.608,22.906,23.045,22.508
2016-02-05,22.975,22.747,23.611,22.707
2016-02-15,22.747,24.028,24.187,22.697
2016-02-16,23.641,24.465,24.724,23.482
2016-02-17,24.167,24.247,24.296,23.76
2016-02-18,24.287,24.058,24.584,23.998
2016-02-19,24.207,24.455,24.465,23.949
2016-02-22,24.733,24.565,24.982,24.485
2016-02-23,24.565,24.853,25.409,24.455
2016-02-24,24.694,24.733,24.833,24.147
2016-02-25,24.545,22.26,24.634,22.26
2016-02-26,22.628,22.23,22.737,21.903
2016-02-29,22.042,20.681,22.171,20.313
2016-03-01,20.84,21.366,21.446,20.542
2016-03-02,21.456,22.35,22.409,21.376
2016-03-03,22.35,22.28,22.975,22.161
2016-03-04,22.25,22.568,23.522,22.25
2016-03-07,23.045,23.283,23.492,22.568
2016-03-08,23.194,22.757,23.194,21.555
2016-03-09,22.379,21.783,22.379,21.694
2016-03-10,21.843,21.575,22.091,21.565
2016-03-11,21.614,22.797,22.995,21.555
2016-03-14,22.697,23.244,23.8,22.638
2016-03-15,23.144,22.548,23.224,22.508
2016-03-16,22.697,22.111,22.846,21.932
2016-03-17,22.25,22.926,22.926,22.201
2016-03-18,23.114,23.979,24.167,23.015
2016-03-21,23.84,24.326,24.416,23.651
2016-03-22,24.147,24.157,24.386,23.919
2016-03-23,24.138,24.535,24.704,24.098
2016-03-24,24.217,24.485,25.071,23.939
2016-03-25,24.436,24.515,24.575,24.028
2016-03-28,24.525,24.833,25.359,24.525
2016-03-29,24.843,23.919,24.982,23.641
2016-03-30,24.138,25.23,25.27,24.138
2016-03-31,24.833,25.051,25.508,24.793
2016-04-01,24.932,25.329,25.727,24.833
2016-04-05,25.329,26.124,26.392,25.19
2016-04-06,25.925,26.829,27.058,25.627
2016-04-07,27.008,26.68,27.614,26.223
2016-04-08,26.273,26.571,26.819,25.647
2016-04-11,26.531,27.793,27.982,26.531
2016-04-12,27.763,27.912,28.309,27.266
2016-04-13,27.962,27.435,28.21,27.366
2016-04-14,27.117,28.508,28.568,26.73
2016-04-15,28.061,28.895,29.104,27.813
2016-04-18,28.806,29.531,29.74,28.329
2016-04-19,29.531,29.233,29.789,28.727
2016-04-20,28.905,27.604,29.303,26.323
2016-04-21,26.829,27.753,28.011,26.7
2016-04-22,27.068,28.071,28.28,27.068
2016-04-25,27.614,27.713,28.19,26.621
2016-04-26,27.674,27.703,28.29,26.949
2016-04-27,27.694,27.614,28.011,27.396
2016-04-28,27.465,27.386,27.713,26.621
2016-04-29,27.167,26.482,27.167,26.472
2016-05-03,26.482,27.584,28.111,25.935
2016-05-04,27.475,27.356,28.011,27.167
2016-05-05,27.296,27.356,27.614,26.939
2016-05-06,27.147,26.929,27.475,26.243
2016-05-09,26.8,26.005,26.8,25.528
2016-05-10,25.836,25.757,26.214,25.578
2016-05-11,25.925,24.634,26.124,24.634
2016-05-12,24.287,23.452,24.287,22.866
2016-05-13,23.452,22.648,23.72,22.648
2016-05-16,22.459,23.263,23.283,22.419
2016-05-17,23.194,23.154,23.482,23.045
2016-05-18,22.926,22.558,23.035,22.141
2016-05-19,22.548,23.164,23.333,22.548
2016-05-20,22.876,23.214,23.363,22.856
2016-05-23,23.234,23.174,23.402,23.055
2016-05-24,23.045,23.164,23.462,23.045
2016-05-25,23.244,22.906,23.333,22.727
2016-05-26,22.697,22.747,22.975,21.863
2016-05-27,22.687,22.687,22.876,22.528
2016-05-30,22.449,23.134,23.283,22.439
2016-05-31,23.015,23.949,24.028,22.995
2016-06-01,23.949,24.187,24.227,23.81
2016-06-02,24.366,24.604,25.051,24.138
2016-06-03,24.326,24.445,24.664,24.157
2016-06-06,24.634,25.528,25.588,24.515
2016-06-07,25.806,27.515,27.803,25.429
2016-06-08,26.819,26.76,27.008,26.323
2016-06-13,26.382,25.21,26.382,25.21
2016-06-14,24.733,24.674,25.488,24.455
2016-06-15,24.257,25.876,26.243,24.217
2016-06-16,26.114,26.223,26.442,25.2
2016-06-17,25.935,27.694,28.707,25.856
2016-06-20,27.098,26.412,27.207,26.412
2016-06-21,26.422,25.558,26.7,25.329
2016-06-22,25.349,26.363,26.402,25.349
2016-06-23,26.174,26.124,26.521,25.608
2016-06-24,26.124,26.7,27.763,25.478
2016-06-27,26.303,26.512,26.631,25.866
2016-06-28,26.512,26.402,26.75,26.223
2016-06-29,26.492,26.382,26.502,26.025
2016-06-30,26.343,26.531,26.67,26.104
2016-07-01,26.432,26.571,26.899,26.273
2016-07-04,26.571,27.167,27.376,26.521
2016-07-05,27.078,26.879,27.276,26.591
2016-07-06,26.9,28.644,29.391,26.761
2016-07-07,28.494,28.644,29.69,27.956
2016-07-08,28.056,28.285,28.903,27.986
2016-07-11,28.434,28.773,29.919,28.434
2016-07-12,28.415,28.205,28.664,27.418
2016-07-13,28.066,28.136,28.265,27.727
2016-07-14,28.136,27.807,28.544,27.408
2016-07-15,27.458,27.518,27.857,27.229
2016-07-18,27.398,26.92,27.787,26.9
2016-07-19,26.801,26.651,27.03,26.312
2016-07-20,26.651,27.099,27.558,26.551
2016-07-21,26.91,26.9,27.119,26.601
2016-07-22,26.691,26.392,27.169,26.352
2016-07-25,26.412,26.532,26.85,26.302
2016-07-26,26.532,27.04,27.07,26.532
2016-07-27,27.179,25.366,27.179,25.127
2016-07-28,25.465,25.097,25.635,24.439
2016-07-29,25.087,24.708,25.107,24.559
2016-08-01,24.768,24.808,24.967,24.111
2016-08-02,24.798,24.997,25.087,24.599
2016-08-03,24.997,25.047,25.206,24.818
2016-08-04,25.047,25.296,25.336,24.937
2016-08-05,25.336,24.808,25.396,24.798
2016-08-08,24.788,24.818,25.047,24.24
2016-08-09,24.678,25.515,25.575,24.678
2016-08-10,25.555,25.655,26.083,25.525
2016-08-11,25.645,25.475,25.804,25.386
2016-08-12,25.475,27.707,27.827,25.426
2016-08-15,27.408,27.398,28.405,26.91
2016-08-16,27.378,27.109,27.488,27.05
2016-08-17,27.07,27.199,27.329,27.0
2016-08-18,27.229,27.279,27.438,26.95
2016-08-19,27.109,26.661,27.199,26.661
2016-08-22,26.9,26.91,27.747,26.601
2016-08-23,26.781,26.85,27.388,26.711
2016-08-24,26.85,26.94,27.099,26.512
2016-08-25,26.89,26.781,27.189,26.322
2016-08-26,26.801,27.129,27.358,26.591
2016-08-29,27.129,27.209,27.558,26.95
2016-08-30,27.289,27.249,27.986,27.149
2016-08-31,27.229,27.279,27.378,27.0
2016-09-01,27.199,27.458,27.687,27.05
2016-09-02,27.458,27.966,28.285,27.348
2016-09-05,27.966,27.996,28.295,27.697
2016-09-06,28.026,28.086,28.235,27.568
2016-09-07,28.295,28.235,28.544,28.016
2016-09-08,28.285,28.056,28.285,27.697
2016-09-09,27.896,27.199,28.046,27.159
2016-09-12,26.601,26.352,27.538,26.352
2016-09-13,26.551,26.741,27.04,26.382
2016-09-14,26.741,26.701,27.099,26.502
2016-09-19,26.711,27.239,27.388,26.711
2016-09-20,27.339,27.458,27.478,27.079
2016-09-21,27.458,27.598,27.647,27.378
2016-09-22,27.697,27.488,27.867,27.398
2016-09-23,27.388,27.398,27.657,27.319
2016-09-26,27.378,27.438,27.976,26.86
2016-09-27,27.179,27.857,27.857,27.179
2016-09-28,27.827,28.066,28.255,27.667
2016-09-29,27.966,28.056,28.275,27.896
2016-09-30,28.016,28.215,28.245,27.906
2016-10-10,27.926,28.116,28.245,27.817
2016-10-11,28.225,28.355,28.355,27.936
2016-10-12,28.255,28.245,28.514,28.096
2016-10-13,28.146,28.036,28.245,27.976
2016-10-14,28.096,28.155,28.175,27.946
2016-10-17,28.175,28.106,28.763,27.996
2016-10-18,27.916,28.175,28.295,27.468
2016-10-19,28.175,29.012,29.281,28.175
2016-10-20,29.042,29.052,29.331,28.644
2016-10-21,28.893,29.241,29.281,28.624
2016-10-24,29.231,29.311,29.51,28.972
2016-10-25,29.321,29.391,29.76,28.972
2016-10-26,29.57,28.723,29.57,28.723
2016-10-27,28.723,28.982,28.982,28.504
2016-10-28,28.992,28.693,29.281,28.693
2016-10-31,28.594,28.992,28.992,28.225
2016-11-01,28.753,30.586,31.354,28.753
2016-11-02,30.387,31.095,31.184,29.919
2016-11-03,31.065,30.766,31.075,30.487
2016-11-04,30.487,30.816,31.244,30.397
2016-11-07,30.885,30.298,31.055,29.869
2016-11-08,30.158,30.716,30.975,30.158
2016-11-09,30.716,32.948,33.785,30.487
2016-11-10,31.882,31.782,32.3,31.364
2016-11-11,31.483,31.453,31.692,30.985
2016-11-14,30.696,31.114,31.224,30.596
2016-11-15,31.065,31.304,31.533,30.885
2016-11-16,31.244,30.865,31.244,30.766
2016-11-17,30.776,30.746,30.806,30.477
2016-11-18,30.746,31.005,31.354,30.606
2016-11-21,31.065,31.732,31.762,30.547
2016-11-22,32.061,31.523,32.41,31.234
2016-11-23,31.523,31.164,31.752,30.666
2016-11-24,30.736,30.686,31.055,30.467
2016-11-25,30.437,31.523,31.563,29.889
2016-11-28,31.284,31.623,31.682,31.284
2016-11-29,31.712,32.021,32.31,31.692
2016-11-30,31.892,31.981,32.031,31.712
2016-12-01,31.971,32.23,32.24,31.832
2016-12-02,32.24,32.021,32.559,31.782
2016-12-05,31.722,31.742,31.922,31.483
2016-12-06,31.682,31.832,31.882,31.682
2016-12-07,31.802,31.872,31.882,31.633
2016-12-08,31.852,31.981,32.041,31.732
2016-12-09,31.981,31.931,32.42,31.832
2016-12-12,31.931,29.869,32.081,29.869
2016-12-13,29.859,29.271,29.889,28.943
2016-12-14,29.202,29.64,29.779,29.202
2016-12-15,29.271,30.258,30.557,29.241
2016-12-16,30.178,30.188,30.407,30.068
2016-12-19,30.188,30.178,30.357,30.068
2016-12-20,30.337,30.317,30.437,30.098
2016-12-21,30.288,30.417,30.497,30.108
2016-12-22,30.387,30.268,30.467,30.188
2016-12-23,30.218,29.411,30.288,29.391
2016-12-26,29.311,29.461,29.491,28.803
2016-12-27,29.291,31.065,31.364,29.291
2016-12-28,30.865,30.148,30.885,29.899
2016-12-29,29.899,30.088,30.337,29.899
2016-12-30,30.078,30.118,30.487,30.019
2017-01-03,30.108,30.218,30.487,30.108
2017-01-04,30.337,30.357,30.447,30.238
2017-01-05,30.347,30.347,30.567,30.198
2017-01-06,30.407,29.989,30.477,29.969
2017-01-09,29.999,29.799,30.118,29.64
2017-01-10,29.879,29.949,30.288,29.879
2017-01-11,29.949,29.889,30.178,29.849
2017-01-12,29.859,29.73,30.088,29.62
2017-01-13,29.62,29.092,29.929,29.092
2017-01-16,28.813,26.96,29.491,26.183
2017-01-17,26.84,27.707,28.245,26.781
2017-01-18,27.707,27.657,28.126,27.309
2017-01-19,27.408,27.518,27.867,27.199
2017-01-20,27.518,27.697,27.986,27.398
2017-01-23,27.906,27.747,27.976,27.478
2017-01-24,27.986,27.578,28.165,27.528
2017-01-25,27.378,27.558,27.847,27.139
2017-01-26,27.558,27.697,27.797,27.368
2017-02-03,27.956,27.936,28.056,27.707
2017-02-06,27.757,28.305,28.415,27.757
2017-02-07,28.046,28.923,29.54,28.006
2017-02-08,28.883,29.072,29.241,28.405
2017-02-09,29.032,29.092,29.222,28.923
2017-02-10,29.212,29.281,29.74,28.913
2017-02-13,29.291,29.421,29.69,29.092
2017-02-14,29.222,29.112,29.63,29.092
2017-02-15,29.052,29.062,29.381,29.002
2017-02-16,29.102,29.062,29.172,28.405
2017-02-17,29.072,28.684,29.351,28.644
2017-02-20,28.454,29.032,29.182,28.454
2017-02-21,29.142,29.002,29.341,28.903
2017-02-22,29.012,28.962,29.291,28.703
2017-02-23,28.853,29.441,29.491,28.793
2017-02-24,29.341,29.132,29.64,29.092
2017-02-27,28.972,28.873,29.162,28.773
2017-02-28,28.883,28.903,29.162,28.773
2017-03-01,28.783,28.703,29.062,28.644
2017-03-02,28.833,28.434,28.843,28.395
2017-03-03,28.484,28.992,29.082,28.434
2017-03-06,29.212,29.002,29.212,28.943
2017-03-07,29.042,29.281,29.441,28.923
2017-03-08,29.172,29.231,29.391,29.052
2017-03-09,29.092,28.863,29.241,28.793
2017-03-10,28.863,28.763,28.992,28.733
2017-03-13,28.753,29.202,29.381,28.703
2017-03-14,29.142,29.162,29.291,29.022
2017-03-15,29.062,28.992,29.152,28.893
2017-03-16,29.052,29.251,29.381,29.052
2017-03-17,29.281,29.241,29.54,29.192
2017-03-20,29.241,29.809,29.809,29.192
2017-03-21,30.437,29.809,31.174,29.62
2017-03-22,29.52,29.052,29.52,28.783
2017-03-23,29.052,28.893,29.172,28.574
2017-03-24,28.893,28.793,28.982,28.693
2017-03-27,28.843,28.803,28.982,28.664
2017-03-28,28.654,28.723,28.972,28.654
2017-03-29,28.733,28.235,28.883,28.215
2017-03-30,28.225,27.378,28.594,27.309
2017-03-31,27.418,27.289,27.687,26.86
2017-04-05,27.239,27.608,27.817,27.229
2017-04-06,27.617,27.797,28.554,27.617
2017-04-07,27.817,27.906,28.295,26.86
2017-04-10,27.996,26.801,27.996,26.741
2017-04-11,26.9,27.0,27.498,26.88
2017-04-12,27.0,26.761,27.149,26.741
2017-04-13,26.731,26.781,27.04,26.731
2017-04-14,27.0,26.711,27.0,26.681
2017-04-17,26.551,25.625,26.551,25.246
2017-04-18,25.625,24.808,25.894,24.808
2017-04-19,24.738,24.419,24.878,23.114
2017-04-20,24.38,24.559,24.908,23.772
2017-04-21,24.559,24.31,24.768,24.19
2017-04-24,24.32,24.688,24.768,23.443
2017-04-25,25.505,24.589,25.505,24.36
2017-04-26,24.22,23.742,24.3,23.712
2017-04-27,23.752,23.871,23.981,22.915
2017-04-28,23.871,23.901,23.971,23.592
2017-05-02,24.031,23.722,24.031,23.652
2017-05-03,23.732,23.822,23.861,23.433
2017-05-04,23.812,23.991,24.021,23.632
2017-05-05,23.812,23.672,23.991,23.662
2017-05-08,23.652,22.985,23.772,22.975
2017-05-09,23.015,23.025,23.144,22.596
2017-05-10,23.015,23.114,23.493,23.015
2017-05-11,23.025,23.184,23.712,22.277
2017-05-12,23.194,22.865,23.304,22.516
2017-05-15,23.184,22.706,23.184,22.636
2017-05-16,22.785,23.124,23.144,22.297
2017-05-17,22.885,23.064,23.284,22.885
2017-05-18,23.054,22.995,23.194,22.885
2017-05-19,22.925,22.785,23.054,22.686
2017-05-22,22.636,22.247,22.885,22.247
2017-05-23,22.267,20.873,22.447,20.723
2017-05-24,20.922,20.982,21.221,20.255
2017-05-25,20.982,21.082,21.191,20.454
2017-05-26,21.092,21.102,21.181,20.723
2017-05-31,21.102,21.151,21.52,20.982
2017-06-01,20.922,20.305,21.161,20.275
2017-06-02,20.305,20.474,20.584,19.757
2017-06-05,20.723,20.633,20.723,20.325
2017-06-06,20.325,20.673,20.673,20.325
2017-06-07,20.753,21.122,21.171,20.554
2017-06-08,21.112,21.122,21.221,21.052
2017-06-09,21.132,21.042,21.181,20.843
2017-06-12,20.922,20.623,21.132,20.534
2017-06-13,20.524,21.002,21.022,20.524
2017-06-14,21.002,21.132,21.371,21.002
2017-06-15,21.211,21.46,21.799,21.042
2017-06-16,21.371,21.53,21.709,21.221
2017-06-19,21.58,21.65,21.699,21.381
2017-06-20,23.682,22.038,23.682,21.929
2017-06-21,21.909,21.819,22.437,21.68
2017-06-22,21.699,21.102,21.799,21.082
2017-06-23,21.221,21.052,21.251,20.633
2017-06-26,20.962,21.241,21.321,20.743
2017-06-27,21.112,21.261,21.411,21.072
2017-06-28,21.132,20.972,21.201,20.952
2017-06-29,20.972,21.181,21.291,20.972
2017-06-30,21.261,21.221,21.291,21.022
2017-07-03,21.151,21.42,21.43,21.151
2017-07-04,21.371,21.401,21.69,21.281
2017-07-05,21.48,21.52,21.53,21.331
2017-07-06,21.58,21.46,21.7,21.25
2017-07-07,21.45,21.84,21.86,21.35
2017-07-10,21.7,21.4,21.82,21.35
2017-07-11,21.39,21.28,21.49,21.23
2017-07-12,21.39,21.1,21.39,20.9
2017-07-13,21.08,20.86,21.08,20.84
2017-07-14,20.87,20.64,21.06,20.63
2017-07-17,20.99,21.48,22.5,20.99
2017-07-18,20.4,20.76,20.87,19.76
2017-07-19,20.53,21.82,22.16,20.46
2017-07-20,21.71,21.96,22.01,21.5
2017-07-21,21.8,21.66,21.84,21.51
2017-07-24,21.5,21.55,21.76,21.38
2017-07-25,21.56,21.07,21.64,20.91
2017-07-26,21.07,20.78,21.16,20.67
2017-07-27,20.78,21.04,21.19,20.6
2017-07-28,21.06,21.09,21.25,20.9
2017-07-31,20.9,21.38,21.45,20.85
2017-08-01,21.48,21.46,21.51,21.26
2017-08-02,21.53,21.35,21.55,21.12
2017-08-03,21.32,21.97,22.1,21.31
2017-08-04,22.1,21.63,22.2,21.61
2017-08-07,21.62,21.84,22.1,21.51
2017-08-08,21.87,21.86,22.03,21.71
2017-08-09,21.96,22.26,22.4,21.85
2017-08-10,22.2,23.07,23.3,22.16
2017-08-11,22.59,22.8,23.48,22.58
2017-08-14,22.8,22.66,23.0,22.35
2017-08-15,22.6,22.53,22.65,22.3
2017-08-16,22.52,22.67,22.67,22.32
2017-08-17,22.71,22.6,22.95,22.42
2017-08-18,22.45,22.25,22.7,22.11
2017-08-21,22.42,22.68,22.73,22.31
2017-08-22,22.73,22.36,22.73,22.22
2017-08-23,22.52,22.29,22.52,22.19
2017-08-24,22.37,22.79,22.93,22.22
2017-08-25,22.74,23.3,23.41,22.74
2017-08-28,23.27,24.05,24.57,23.27
2017-08-29,24.03,23.93,24.27,23.8
2017-08-30,23.91,24.15,24.15,23.9
2017-08-31,24.18,24.32,24.47,24.03
2017-09-01,24.32,23.99,24.6,23.9
2017-09-04,24.0,24.1,24.15,23.76
2017-09-05,24.1,24.11,24.14,23.69
2017-09-12,24.22,23.45,24.88,23.35
2017-09-13,23.44,23.1,23.55,22.84
2017-09-14,23.26,22.95,23.26,22.88
2017-09-15,23.05,23.05,23.13,22.85
2017-09-18,23.25,23.48,23.6,23.05
2017-09-19,23.62,23.3,23.8,23.28
2017-09-20,23.32,23.34,23.57,23.3
2017-09-21,23.34,22.98,23.47,22.98
2017-09-22,22.98,22.84,23.18,22.71
2017-09-25,22.84,22.61,23.06,22.54
2017-09-26,22.58,22.35,22.8,22.3
2017-09-27,22.44,22.39,22.62,22.28
2017-09-28,22.32,22.29,22.43,22.25
2017-09-29,22.33,22.62,22.65,22.3
2017-10-09,22.99,22.87,22.99,22.68
2017-10-10,22.87,23.03,23.09,22.73
2017-10-11,23.02,23.41,23.5,22.91
2017-10-12,23.42,23.08,23.47,22.9
2017-10-13,23.12,23.23,23.27,23.01
2017-10-16,23.37,22.7,23.49,22.7
2017-10-17,22.7,22.66,22.89,22.53
2017-10-18,22.89,22.75,23.65,22.69
2017-10-19,22.75,22.7,23.09,22.5
2017-10-20,22.65,21.75,22.65,21.64
2017-10-23,21.51,21.37,21.57,21.19
2017-10-24,21.43,21.22,21.43,21.05
2017-10-25,20.99,21.3,21.35,20.9
2017-10-26,21.3,21.16,21.3,21.06
2017-10-27,21.16,21.41,21.72,21.16
2017-10-30,21.41,20.45,21.44,20.26
2017-10-31,20.43,20.6,20.65,20.33
2017-11-01,20.6,20.36,20.62,20.33
2017-11-02,20.38,20.1,20.43,19.96
2017-11-03,20.1,19.9,20.2,19.85
2017-11-06,19.98,20.17,20.28,19.83
2017-11-07,20.16,20.13,20.2,19.9
2017-11-08,20.0,20.16,20.24,19.88
2017-11-09,20.09,20.15,20.28,20.02
2017-11-10,20.18,20.5,20.7,20.16
2017-11-13,20.46,20.93,21.0,20.28
2017-11-14,20.91,21.0,21.35,20.77
2017-11-15,20.9,21.0,21.09,20.6
2017-11-16,20.99,21.53,23.1,20.78
2017-11-17,21.69,21.0,21.69,20.73
2017-11-20,20.99,20.78,21.3,20.02
2017-11-21,20.68,21.1,21.98,20.66
2017-11-22,20.82,20.48,21.18,20.16
2017-11-23,20.33,20.02,20.5,20.01
2017-11-24,20.1,20.18,20.3,19.83
2017-11-27,19.98,20.33,20.5,19.91
2017-11-28,20.35,20.43,20.66,20.17
2017-11-29,20.43,20.3,20.43,20.25
2017-11-30,20.31,20.23,20.5,20.15
2017-12-01,20.23,20.25,20.31,20.11
2017-12-04,20.25,20.23,20.42,20.08
2017-12-05,20.05,20.13,20.23,19.9
2017-12-06,20.13,20.17,20.3,19.9
2017-12-07,20.17,20.13,20.28,20.07
2017-12-08,20.08,20.15,20.34,20.08
2017-12-11,20.16,20.24,20.46,20.13
2017-12-12,20.25,20.07,20.4,20.0
2017-12-13,20.0,20.05,20.2,19.93
2017-12-14,20.11,19.91,20.11,19.88
2017-12-15,19.91,19.94,20.11,19.79
2017-12-18,19.87,19.78,19.94,19.54
2017-12-19,19.7,19.88,19.99,19.69
2017-12-20,19.88,19.7,19.98,19.55
2017-12-21,19.68,19.64,19.75,19.45
2017-12-22,19.64,19.55,19.67,19.34
2017-12-25,19.35,18.78,19.6,18.69
2017-12-26,18.78,18.55,18.78,18.34
2017-12-27,18.5,18.48,18.78,18.41
2017-12-28,18.48,18.5,18.55,18.34
2017-12-29,18.5,18.29,18.51,18.24
2018-01-02,18.3,18.31,18.32,18.0
2018-01-03,18.35,18.63,18.63,18.27
2018-01-04,18.63,18.45,18.75,18.38
2018-01-05,18.49,18.38,18.49,18.3
2018-01-08,18.41,18.27,18.41,18.11
2018-01-09,18.31,18.31,18.38,18.24
2018-01-10,18.31,18.12,18.31,17.88
2018-01-11,18.05,18.18,18.2,17.98
2018-01-12,18.17,18.13,18.2,18.04
2018-01-15,18.08,17.7,18.18,17.6
2018-01-16,17.43,17.56,17.67,17.43
2018-01-17,17.56,17.62,17.75,17.33
2018-01-18,17.65,17.72,17.76,17.56
2018-01-19,17.7,17.59,17.72,17.51
2018-01-22,17.64,17.67,17.8,17.37
2018-01-23,17.74,17.64,17.74,17.58
2018-01-24,17.7,17.66,17.7,17.5
2018-01-25,17.63,17.88,18.18,17.6
2018-01-26,17.87,17.89,18.35,17.8
2018-01-29,17.81,17.52,17.92,17.4
2018-01-30,17.46,17.12,17.53,17.0
2018-01-31,17.07,16.27,17.11,16.15
2018-02-01,16.33,15.33,16.35,15.23
2018-02-02,15.34,15.01,15.34,14.82
2018-02-05,14.85,14.86,14.92,14.65
2018-02-06,14.71,13.38,14.72,13.37
2018-02-07,13.49,13.58,13.6,13.02
2018-02-08,13.58,13.89,13.97,13.44
2018-02-09,13.7,13.88,13.99,13.42
2018-02-12,13.92,14.29,14.83,13.75
2018-02-13,14.1,14.21,14.59,14.02
2018-02-14,14.08,14.03,14.21,13.99
2018-02-22,14.04,14.13,14.25,14.04
2018-02-23,14.17,14.12,14.22,14.0
2018-02-26,14.21,14.5,14.56,14.14
2018-02-27,14.38,14.59,14.65,14.38
2018-02-28,14.41,14.38,14.51,14.25
2018-03-01,14.36,14.57,14.6,14.25
2018-03-02,14.57,14.61,14.73,14.41
2018-03-05,14.73,14.69,14.73,14.51
2018-03-06,14.69,14.73,14.78,14.6
2018-03-07,14.75,14.83,15.25,14.7
2018-03-08,14.76,14.9,14.98,14.76
2018-03-09,14.94,15.28,15.28,14.84
2018-03-12,15.33,15.38,15.45,15.22
2018-03-13,15.38,15.27,15.38,15.12
2018-03-14,15.36,15.09,15.36,15.05
2018-03-15,14.93,14.65,15.12,14.5
2018-03-16,14.76,14.82,15.01,14.68
2018-03-19,15.04,15.06,15.1,14.81
2018-03-20,15.0,15.13,15.15,14.79
2018-03-21,15.13,15.35,15.36,15.07
2018-03-22,15.41,15.47,15.9,15.28
2018-03-23,15.44,14.81,15.97,14.7
2018-03-26,14.33,14.45,14.57,13.8
2018-03-27,14.58,14.69,14.88,14.43
2018-03-28,14.5,15.7,15.99,14.37
2018-03-29,15.68,15.51,15.7,15.33
2018-03-30,15.51,15.6,15.9,15.47
2018-04-02,15.6,16.39,16.39,15.55
2018-04-03,16.26,16.5,16.58,16.05
2018-04-04,16.2,15.99,16.24,15.83
2018-04-09,15.82,15.85,15.94,15.57
2018-04-10,15.88,15.6,15.88,15.36
2018-04-11,15.74,15.9,15.95,15.57
2018-04-12,15.94,15.86,15.94,15.66
2018-04-13,15.7,15.67,15.93,15.6
2018-04-16,15.6,15.5,15.79,15.39
2018-04-17,15.55,14.81,15.68,14.75
2018-04-18,14.86,15.01,15.13,14.55
2018-04-19,15.0,15.02,15.12,14.81
2018-04-20,14.9,14.4,14.98,14.4
2018-04-23,14.55,14.08,14.68,14.0
2018-04-24,14.08,14.41,14.55,14.08
2018-04-25,14.47,14.43,14.62,14.31
2018-04-26,14.48,13.89,14.48,13.85
2018-04-27,13.9,13.9,14.07,13.83
2018-05-02,13.88,13.98,14.1,13.88
2018-05-03,14.08,14.11,14.2,13.65
2018-05-04,14.1,14.31,14.36,14.03
2018-05-07,14.45,14.53,14.54,14.31
2018-05-08,14.52,14.68,14.7,14.41
2018-05-09,14.67,14.61,14.73,14.46
2018-05-10,14.62,14.65,14.68,14.52
2018-05-11,14.67,14.37,14.67,14.33
2018-05-14,14.37,14.45,14.53,14.34
2018-05-15,14.49,14.59,14.65,14.35
2018-05-16,14.6,14.64,14.8,14.51
2018-05-17,14.64,14.67,14.74,14.52
2018-05-18,14.6,15.45,15.7,14.6
2018-05-21,15.48,15.81,16.05,15.45
2018-05-22,15.77,15.62,15.78,15.54
2018-05-23,15.75,15.71,15.78,15.47
2018-05-24,15.53,15.9,15.91,15.53
2018-05-25,15.99,16.21,16.36,15.73
