date,open,close,high,low
2016-01-04,47.555,50.929,57.105,46.744
2016-01-05,46.824,55.066,55.066,46.824
2016-01-06,54.967,60.572,60.572,52.542
2016-01-07,62.432,54.874,63.096,54.515
2016-01-08,56.454,51.799,58.367,49.813
2016-01-11,46.625,46.618,48.166,46.618
2016-01-12,43.835,41.956,45.124,41.956
2016-01-13,39.85,39.923,42.706,38.602
2016-01-14,38.522,42.434,43.57,37.858
2016-01-15,41.57,38.19,41.624,38.19
2016-01-18,35.732,36.403,38.522,34.57
2016-01-19,36.543,37.871,38.92,36.304
2016-01-20,37.194,36.197,38.19,35.865
2016-01-21,35.865,32.578,35.865,32.578
2016-01-22,32.843,34.577,35.752,31.973
2016-01-25,34.59,35.267,35.812,34.331
2016-01-26,33.986,31.741,34.47,31.741
2016-01-27,31.535,34.915,34.915,30.891
2016-01-28,33.727,31.92,34.404,31.535
2016-01-29,31.86,34.769,35.101,31.86
2016-02-01,34.338,35.673,36.35,33.541
2016-02-02,35.168,36.197,37.32,35.161
2016-02-03,35.281,35.241,35.785,34.258
2016-02-04,35.526,36.908,37.692,35.267
2016-02-05,36.589,34.869,37.127,34.65
2016-02-15,32.558,33.839,34.404,32.558
2016-02-16,34.172,35.327,35.706,33.939
2016-02-17,35.261,36.735,37.984,35.048
2016-02-18,37.027,37.492,38.296,35.952
2016-02-19,37.12,37.957,38.396,36.549
2016-02-22,38.621,38.721,39.731,37.559
2016-02-23,38.714,39.405,39.405,37.864
2016-02-24,39.83,38.223,41.179,36.397
2016-02-25,37.16,34.404,37.16,34.404
2016-02-26,33.893,32.544,34.55,31.329
2016-02-29,31.88,29.29,32.392,29.29
2016-03-01,28.891,29.243,30.014,26.753
2016-03-02,29.024,30.386,30.592,28.433
2016-03-03,29.888,31.282,32.411,29.808
2016-03-04,30.691,28.154,31.176,28.154
2016-03-07,28.36,28.619,29.416,27.975
2016-03-08,28.426,28.838,29.011,26.58
2016-03-09,27.948,28.925,30.552,27.503
2016-03-10,28.891,28.267,29.469,27.908
2016-03-11,27.895,28.446,28.798,27.563
2016-03-14,28.891,29.908,30.412,28.891
2016-03-15,29.609,29.21,30.014,29.117
2016-03-16,29.622,29.15,30.206,28.759
2016-03-17,29.283,30.14,30.439,28.931
2016-03-18,30.153,31.628,31.88,30.153
2016-03-21,32.212,32.524,32.604,31.475
2016-03-22,32.279,31.734,32.279,31.714
2016-03-23,31.548,32.863,33.208,31.422
2016-03-24,32.544,31.575,32.551,31.555
2016-03-25,31.482,31.269,31.814,30.731
2016-03-28,31.86,31.096,32.179,30.937
2016-03-29,31.07,30.24,31.395,30.014
2016-03-30,30.439,31.528,31.555,30.439
2016-03-31,31.82,31.88,32.93,31.747
2016-04-01,31.781,31.522,31.781,30.891
2016-04-05,31.422,32.803,32.87,31.422
2016-04-06,32.797,32.87,33.76,32.279
2016-04-07,33.169,31.781,33.394,31.774
2016-04-08,31.355,31.88,31.88,30.957
2016-04-11,32.212,33.541,33.541,32.192
2016-04-12,34.869,34.006,35.785,33.341
2016-04-13,34.198,34.57,35.267,33.541
2016-04-14,34.935,38.03,38.03,34.404
2016-04-15,38.522,39.591,41.032,37.858
2016-04-18,39.85,37.658,42.427,37.645
2016-04-19,38.854,39.186,39.717,37.864
2016-04-20,38.522,35.699,38.92,35.267
2016-04-21,35.201,35.141,36.861,34.238
2016-04-22,35.075,37.426,37.765,34.57
2016-04-25,36.529,36.45,36.908,34.942
2016-04-26,35.865,36.137,36.835,35.267
2016-04-27,36.363,37.067,38.176,36.363
2016-04-28,36.802,36.47,36.915,35.201
2016-04-29,36.47,37.433,38.024,36.038
2016-05-03,37.386,38.821,38.987,36.722
2016-05-04,38.827,39.1,39.425,38.157
2016-05-05,39.053,38.807,39.053,38.196
2016-05-06,39.053,35.766,39.472,35.646
2016-05-09,34.836,33.541,34.935,33.208
2016-05-10,33.487,33.999,34.59,33.474
2016-05-11,34.278,31.734,34.457,31.548
2016-05-12,30.094,31.057,31.362,29.954
2016-05-13,31.223,31.136,31.8,30.731
2016-05-16,31.017,31.581,31.581,30.605
2016-05-17,31.781,32.664,33.594,31.468
2016-05-18,32.079,30.565,32.199,29.908
2016-05-19,31.136,30.817,31.608,30.625
2016-05-20,30.558,31.548,31.548,29.987
2016-05-23,32.538,33.076,33.076,31.947
2016-05-24,32.876,32.219,33.062,31.794
2016-05-25,32.538,32.392,33.116,31.98
2016-05-26,32.392,32.671,32.71,30.691
2016-05-27,32.764,35.938,35.938,32.671
2016-05-30,35.566,35.467,36.038,34.338
2016-05-31,35.287,37.838,37.838,35.214
2016-06-01,37.831,38.502,40.787,37.194
2016-06-02,37.891,39.691,39.844,37.433
2016-06-03,39.697,39.1,40.375,38.522
2016-06-06,39.0,38.223,39.0,37.393
2016-06-07,38.103,42.049,42.049,38.057
2016-06-08,41.962,43.158,46.16,41.524
2016-06-13,41.61,38.841,41.683,38.841
2016-06-14,37.194,37.413,38.157,36.204
2016-06-15,36.563,41.152,41.152,36.529
2016-06-16,41.179,41.517,44.167,41.112
2016-06-17,41.517,44.493,45.064,41.517
2016-06-20,43.503,45.549,47.82,43.503
2016-06-21,45.894,44.247,46.724,44.101
2016-06-22,44.632,45.15,45.489,42.507
2016-06-23,44.513,43.749,45.462,43.184
2016-06-24,43.875,45.814,47.488,41.843
2016-06-27,45.781,46.658,47.129,44.699
2016-06-28,46.691,45.934,48.85,45.934
2016-06-29,45.947,47.408,48.139,43.955
2016-06-30,45.828,44.015,46.16,42.839
2016-07-01,44.411,43.164,45.449,42.734
2016-07-04,42.136,43.842,44.69,41.916
2016-07-05,43.902,46.237,46.547,43.483
2016-07-06,45.788,46.357,47.255,45.439
2016-07-07,45.758,45.898,46.158,44.471
2016-07-08,45.858,45.868,47.185,45.409
2016-07-11,45.02,44.411,45.908,42.974
2016-07-12,43.862,45.808,45.808,43.503
2016-07-13,47.904,45.459,47.904,45.269
2016-07-14,44.411,46.207,46.677,44.012
2016-07-15,45.788,46.108,46.686,45.209
2016-07-18,45.619,45.639,46.677,45.609
2016-07-19,45.11,43.922,45.11,42.954
2016-07-20,43.922,43.772,44.032,43.613
2016-07-21,43.912,43.213,44.112,43.203
2016-07-22,43.463,41.607,43.473,41.507
2016-07-25,41.597,41.716,42.495,41.267
2016-07-26,41.766,42.215,42.515,41.766
2016-07-27,42.195,38.333,42.405,38.194
2016-07-28,38.383,38.543,38.912,37.385
2016-07-29,38.423,37.884,38.772,37.635
2016-08-01,36.946,37.106,37.724,35.379
2016-08-02,37.106,37.555,37.605,36.726
2016-08-03,37.375,38.243,38.643,36.976
2016-08-04,38.313,38.124,38.523,37.655
2016-08-05,38.323,37.754,38.413,37.675
2016-08-08,37.704,38.912,38.922,36.946
2016-08-09,38.922,38.922,39.221,38.543
2016-08-10,38.742,40.0,40.0,38.064
2016-08-11,40.01,39.92,41.118,39.87
2016-08-12,37.934,39.152,39.192,37.685
2016-08-15,38.822,39.621,40.02,37.974
2016-08-16,39.441,39.72,40.409,39.241
2016-08-17,39.611,39.81,40.419,39.132
2016-08-18,39.72,38.722,39.86,38.663
2016-08-19,38.912,38.822,39.201,38.633
2016-08-22,38.772,37.814,39.022,37.724
2016-08-23,37.615,38.064,38.423,37.615
2016-08-24,38.014,39.401,39.421,38.014
2016-08-25,39.391,43.343,43.343,38.074
2016-08-26,44.561,47.675,47.675,44.172
2016-08-29,47.675,46.028,47.874,42.904
2016-08-30,43.742,42.834,44.521,42.465
2016-08-31,42.415,43.992,43.992,41.497
2016-09-01,43.273,41.916,43.553,41.916
2016-09-02,41.427,41.956,43.094,41.178
2016-09-05,42.425,41.816,42.655,41.437
2016-09-06,41.796,43.124,43.273,41.217
2016-09-07,42.884,43.034,44.75,42.435
2016-09-08,42.814,42.245,42.814,41.926
2016-09-09,42.195,40.828,42.814,40.619
2016-09-12,39.172,38.623,39.77,38.603
2016-09-13,39.052,39.062,39.271,38.303
2016-09-14,38.673,38.164,38.922,37.954
2016-09-19,38.124,38.932,39.152,38.024
2016-09-20,39.042,38.702,39.092,38.423
2016-09-21,38.702,38.782,39.022,38.453
2016-09-22,38.912,40.359,42.415,38.912
2016-09-23,40.17,39.481,40.698,39.451
2016-09-26,39.371,37.954,39.371,37.924
2016-09-27,37.595,38.712,38.802,37.345
2016-09-28,38.712,39.132,39.581,38.303
2016-09-29,39.231,38.673,39.301,38.573
2016-09-30,38.483,38.722,38.852,38.273
2016-10-10,39.052,40.199,40.419,38.872
2016-12-12,38.912,36.178,38.912,36.178
2016-12-13,34.321,35.13,35.928,32.645
2016-12-14,34.451,36.327,38.643,34.072
2016-12-15,35.449,35.689,36.786,34.93
2016-12-16,35.479,35.728,36.417,35.369
2016-12-19,35.489,35.818,36.307,35.12
2016-12-20,35.818,35.309,35.928,34.95
2016-12-21,35.299,34.85,35.828,34.71
2016-12-22,34.85,34.441,35.259,34.231
2016-12-23,34.441,32.774,34.531,32.695
2016-12-26,32.774,34.032,34.231,32.186
2016-12-27,33.822,34.162,34.531,33.822
2016-12-28,34.211,33.782,34.91,33.533
2016-12-29,33.822,33.832,34.88,33.553
2016-12-30,33.812,33.693,34.361,33.453
2017-01-03,33.932,34.681,34.93,33.712
2017-01-04,34.701,34.91,35.13,34.481
2017-01-05,34.91,35.05,35.249,34.681
2017-01-06,35.05,34.531,35.708,34.491
2017-01-09,34.641,35.399,35.479,34.231
2017-01-10,35.299,35.609,35.788,35.13
2017-01-11,35.768,35.13,35.768,34.701
2017-01-12,35.09,35.479,35.589,34.641
2017-01-13,35.19,37.225,38.922,35.03
2017-01-16,36.427,33.503,37.215,33.503
2017-01-17,32.625,32.635,33.832,30.16
2017-01-18,32.754,31.257,32.754,31.148
2017-01-19,30.938,31.557,31.906,30.738
2017-01-20,31.168,31.786,32.415,30.629
2017-01-23,31.936,31.826,32.425,31.716
2017-01-24,31.736,30.938,32.026,30.718
2017-01-25,31.237,31.267,32.225,31.048
2017-01-26,31.138,31.327,31.637,30.968
2017-02-03,31.437,31.497,31.707,30.988
2017-02-06,31.507,31.906,31.916,31.437
2017-02-07,31.936,31.836,31.936,31.597
2017-02-08,31.806,32.086,32.136,31.457
2017-02-09,31.936,32.385,32.465,31.936
2017-02-10,32.385,31.996,32.495,31.836
2017-02-13,31.856,32.215,32.285,31.836
2017-02-14,32.325,32.665,32.924,32.206
2017-02-15,32.635,32.705,33.233,32.355
2017-02-16,32.435,32.505,33.014,32.335
2017-02-17,32.335,31.467,32.695,31.317
2017-02-20,31.427,31.786,31.786,30.948
2017-02-21,31.796,32.076,32.106,31.567
2017-02-22,32.176,32.675,33.114,32.056
2017-02-23,33.054,33.134,33.204,32.295
2017-02-24,33.134,33.194,33.393,32.744
2017-02-27,33.034,33.074,33.403,32.764
2017-02-28,32.924,33.303,33.593,32.265
2017-03-01,33.303,34.371,35.229,32.834
2017-03-02,34.231,34.73,36.088,33.772
2017-03-03,34.032,36.447,36.916,33.932
2017-03-06,36.507,37.964,38.503,35.978
2017-03-07,37.904,37.425,38.453,37.136
2017-03-08,37.415,36.776,37.425,36.537
2017-03-09,36.816,36.896,38.243,36.607
2017-03-10,36.716,37.774,37.994,36.207
2017-03-13,37.305,37.445,38.443,37.305
2017-03-14,37.764,35.988,37.764,35.269
2017-03-15,36.038,35.669,36.437,35.2
2017-03-16,35.589,35.599,36.028,35.389
2017-03-17,35.479,35.748,36.417,35.479
2017-03-20,35.439,35.389,35.689,34.431
2017-03-21,35.429,36.896,36.956,35.409
2017-03-22,36.726,37.066,37.505,35.948
2017-03-23,37.066,36.876,37.305,36.048
2017-03-24,36.816,36.547,37.086,36.008
2017-03-27,36.527,36.357,36.527,36.038
2017-03-28,36.387,37.225,37.385,36.227
2017-03-29,37.215,37.894,38.433,35.928
2017-03-30,37.565,36.427,37.824,35.908
2017-03-31,36.158,36.427,36.806,34.431
2017-04-05,35.429,37.225,37.315,35.429
2017-04-06,37.225,36.746,37.315,36.427
2017-04-07,36.487,37.176,37.724,35.948
2017-04-10,37.176,38.483,38.802,36.976
2017-04-11,38.343,37.724,39.87,36.926
2017-04-12,36.427,34.75,36.896,34.691
2017-04-13,33.553,35.409,35.828,33.553
2017-04-14,34.93,34.95,36.427,34.331
2017-04-17,34.73,31.457,34.74,31.457
2017-04-18,30.918,29.501,31.038,29.032
2017-04-19,29.251,29.681,30.04,28.952
2017-04-20,29.681,29.291,30.229,29.002
2017-04-21,29.301,28.343,29.711,28.293
2017-04-24,28.353,26.397,28.643,25.559
2017-04-25,26.637,27.096,27.625,26.148
2017-04-26,27.096,27.924,28.543,26.746
2017-04-27,27.924,28.243,28.383,27.096
2017-04-28,27.954,29.142,29.91,27.924
2017-05-02,29.132,28.822,30.379,28.742
2017-05-03,28.822,28.223,29.182,27.844
2017-05-04,28.054,28.114,28.553,27.695
2017-05-05,28.194,28.014,28.283,27.265
2017-05-08,27.485,26.427,27.844,26.417
2017-05-09,26.896,26.906,27.116,25.968
2017-05-10,27.006,27.944,28.543,26.806
2017-05-11,27.894,28.573,28.603,26.966
2017-05-12,28.593,28.443,28.942,28.114
2017-05-15,28.144,28.423,28.643,28.144
2017-05-16,28.463,29.241,31.267,27.565
2017-05-17,29.241,29.97,30.249,29.042
2017-05-18,29.431,28.523,30.12,28.523
2017-05-19,28.463,28.443,28.553,27.495
2017-05-22,28.293,27.565,28.523,27.495
2017-05-23,27.625,26.088,27.944,25.948
2017-05-24,25.948,26.257,26.806,25.649
2017-05-25,26.647,26.337,26.647,25.868
2017-05-26,26.337,26.247,26.637,26.247
2017-05-31,26.647,26.577,26.916,26.457
2017-06-01,26.617,25.748,26.806,25.549
2017-06-02,25.649,23.403,25.649,23.174
2017-06-05,23.453,23.633,24.102,23.303
2017-06-06,23.762,23.453,23.792,23.174
2017-06-07,23.403,24.381,24.381,23.403
2017-06-08,24.301,24.331,24.93,24.202
2017-06-09,24.321,24.451,24.671,24.182
2017-06-12,24.501,23.403,24.501,23.273
2017-06-13,23.393,23.892,24.052,23.243
2017-06-14,23.932,24.621,24.701,23.802
2017-06-15,24.73,25.01,25.19,24.311
2017-06-16,25.03,24.521,25.03,24.471
2017-06-19,24.601,25.319,25.509,24.521
2017-06-20,25.539,24.87,25.998,24.87
2017-06-21,25.359,24.88,25.359,24.441
2017-06-22,24.93,24.092,25.339,23.952
2017-06-23,24.062,23.942,24.351,23.353
2017-06-26,23.932,24.291,24.371,23.653
2017-06-27,24.301,24.611,24.721,24.152
2017-06-28,24.621,24.192,24.9,24.052
2017-06-29,24.192,24.501,24.501,24.152
2017-06-30,24.251,25.18,25.279,24.251
2017-07-03,25.15,25.299,25.349,24.9
2017-07-04,25.249,25.17,25.399,25.06
2017-07-05,25.09,25.26,25.34,25.09
2017-07-06,25.26,24.84,25.3,24.61
2017-07-07,24.84,25.05,25.24,24.84
2017-07-10,25.1,24.71,25.35,24.6
2017-07-11,24.51,24.01,24.72,23.91
2017-07-12,23.71,24.24,24.24,23.48
2017-07-13,24.21,24.37,24.98,23.92
2017-07-14,24.08,24.55,24.58,24.08
2017-07-17,24.38,22.1,24.61,22.1
2017-07-18,21.02,22.45,22.48,21.02
2017-07-19,22.3,22.77,24.0,21.81
2017-07-20,22.6,23.47,23.85,22.6
2017-07-21,23.48,23.47,24.79,23.38
2017-07-24,23.59,22.7,23.63,22.33
2017-07-25,22.64,22.44,22.8,22.3
2017-07-26,22.64,22.65,22.75,22.02
2017-07-27,22.5,22.9,23.2,22.28
2017-07-28,22.88,22.56,22.9,22.4
2017-07-31,22.6,22.54,22.77,22.27
2017-08-01,22.54,22.2,22.6,22.08
2017-08-02,22.4,22.19,22.4,21.9
2017-08-03,22.08,22.9,23.98,21.96
2017-08-04,22.88,22.38,22.99,22.33
2017-08-07,22.28,22.51,22.57,22.28
2017-08-08,22.32,22.22,22.65,22.2
2017-08-09,22.08,22.05,22.22,22.04
2017-08-10,22.01,21.35,22.13,21.18
2017-08-11,21.25,20.8,21.25,20.78
2017-08-14,20.7,21.36,21.4,20.7
2017-08-15,21.56,21.4,21.64,21.32
2017-08-16,21.47,21.95,22.47,21.33
2017-08-17,21.95,21.83,22.08,21.51
2017-08-18,21.82,21.87,21.98,21.51
2017-08-21,21.8,22.0,22.18,21.54
2017-08-22,21.89,21.85,22.31,21.83
2017-08-23,21.98,22.44,22.75,21.67
2017-08-24,22.43,23.16,23.28,22.02
2017-08-25,23.0,22.61,23.0,22.5
2017-08-28,22.59,22.79,22.93,22.28
2017-08-29,22.51,22.44,22.73,22.35
2017-08-30,22.51,22.23,22.53,22.22
2017-08-31,22.24,22.45,22.5,22.19
2017-09-01,22.61,23.12,23.32,22.58
2017-09-04,23.08,22.72,23.09,22.67
2017-09-05,22.8,22.48,22.8,22.45
2017-09-06,22.47,22.8,22.9,22.47
2017-09-07,22.63,22.9,23.13,22.62
2017-09-08,22.89,22.65,22.89,22.5
2017-09-11,22.72,23.33,23.33,22.69
2017-09-12,23.2,22.85,23.26,22.65
2017-09-13,22.79,24.75,24.92,22.66
2017-09-14,24.65,24.3,25.99,24.28
2017-09-15,24.77,23.68,24.77,23.51
2017-09-18,23.64,24.0,24.48,23.12
2017-09-19,23.9,23.58,24.0,23.11
2017-09-20,23.25,23.76,24.25,23.25
2017-09-21,23.76,23.32,23.83,23.3
2017-09-22,23.21,23.06,23.5,23.03
2017-09-25,23.08,22.19,23.18,22.01
2017-09-26,22.19,22.62,22.64,21.71
2017-09-27,22.63,23.07,23.85,22.63
2017-09-28,22.51,22.13,23.2,22.13
2017-09-29,22.2,22.42,22.45,21.95
2017-10-09,22.45,22.56,22.8,22.45
2017-10-10,22.56,22.84,22.85,22.51
2017-10-11,22.9,23.26,23.49,22.84
2017-10-12,23.2,23.14,23.3,22.95
2017-10-13,23.14,23.58,23.65,23.01
2017-10-16,23.56,22.4,24.08,22.3
2017-10-17,22.39,22.41,22.75,22.2
2017-10-18,22.72,21.84,22.72,21.78
2017-10-19,21.83,21.37,21.98,21.0
2017-10-20,21.36,21.75,21.75,21.29
2017-10-23,21.83,22.01,22.1,21.61
2017-10-24,22.0,21.67,22.05,21.6
2017-10-25,21.69,22.0,22.0,21.41
2017-10-26,21.94,23.28,23.65,21.8
2017-10-27,22.92,23.58,24.6,22.7
2017-10-30,23.57,22.25,23.59,22.25
2017-10-31,22.14,22.56,22.79,21.01
2017-11-01,22.38,23.67,24.0,22.35
2017-11-02,23.64,23.14,23.64,22.96
2017-11-03,22.91,23.4,23.56,22.82
2017-11-06,23.39,24.11,24.11,23.28
2017-11-07,24.12,24.52,25.11,23.88
2017-11-08,24.6,23.8,24.95,23.75
2017-11-09,23.65,23.2,23.65,22.98
2017-11-10,23.2,22.97,23.36,22.95
2017-11-13,22.92,23.35,23.45,22.82
2017-11-14,23.3,22.58,23.3,22.57
2017-11-15,22.49,21.99,22.49,21.96
2017-11-16,22.1,22.04,22.3,21.99
2017-11-17,22.2,21.24,22.2,21.24
2017-11-20,20.98,21.41,21.44,20.74
2017-11-21,21.45,21.22,21.59,21.12
2017-11-22,21.11,21.25,21.33,21.07
2017-11-23,21.25,20.7,21.58,20.7
2017-11-24,20.75,20.59,20.87,20.5
2017-11-27,20.45,19.88,20.55,19.86
2017-11-28,19.87,20.15,20.18,19.75
2017-11-29,20.17,19.98,20.2,19.76
2017-11-30,19.97,20.62,21.23,19.79
2017-12-01,20.35,20.39,20.63,20.25
2017-12-04,20.39,19.98,20.48,19.95
2017-12-05,19.66,19.53,20.22,19.5
2017-12-06,19.83,19.63,19.83,19.2
2017-12-07,19.51,19.72,19.81,19.51
2017-12-08,19.62,19.95,20.17,19.62
2017-12-11,20.2,19.96,20.3,19.9
2017-12-12,20.01,19.86,20.07,19.82
2017-12-13,19.55,19.89,19.94,19.55
2017-12-14,19.8,19.87,19.91,19.67
2017-12-15,19.72,19.6,19.89,19.52
2017-12-18,19.58,19.49,19.7,19.01
2017-12-19,19.49,19.88,20.58,19.2
2017-12-20,19.88,19.35,20.0,19.35
2017-12-21,19.59,19.47,20.0,19.35
2017-12-22,19.31,19.43,19.68,19.31
2017-12-25,19.4,19.1,19.4,19.02
2017-12-26,19.12,19.62,19.65,19.1
2017-12-27,19.81,19.99,20.26,19.59
2017-12-28,20.0,20.33,20.33,19.7
2017-12-29,20.1,21.5,21.5,19.95
2018-01-02,21.4,20.96,21.4,20.55
2018-01-03,20.68,20.52,20.91,20.23
2018-01-04,20.5,20.29,20.5,20.14
2018-01-05,20.18,20.35,20.4,20.07
2018-01-08,20.35,20.25,20.35,20.01
2018-01-09,20.28,20.48,20.48,19.1
2018-01-10,20.88,22.53,22.53,20.88
2018-01-11,22.95,22.1,22.95,21.5
2018-01-12,21.56,21.46,21.96,21.32
2018-01-15,21.46,20.47,21.46,20.4
2018-01-16,20.27,20.5,20.74,20.12
2018-01-17,20.3,20.51,21.21,20.3
2018-01-18,20.62,20.0,20.62,20.0
2018-01-19,20.0,19.6,20.0,19.59
2018-01-22,19.48,19.62,19.89,19.26
2018-01-23,19.63,19.82,19.9,19.52
2018-01-24,19.8,19.99,20.04,19.71
2018-01-25,20.0,19.86,20.13,19.83
2018-01-26,19.71,20.55,21.21,19.71
2018-01-29,20.4,19.98,20.59,19.9
2018-01-30,19.76,20.12,20.35,19.76
2018-01-31,20.06,20.53,20.67,19.95
2018-02-01,20.53,19.3,20.56,19.3
2018-02-02,19.21,18.03,19.22,17.37
2018-02-05,17.5,17.8,18.3,17.23
2018-02-06,17.5,16.1,17.79,16.1
2018-02-07,16.41,16.2,16.99,15.51
2018-02-08,15.91,16.44,16.7,15.91
2018-02-09,15.86,15.6,16.19,15.5
2018-02-12,15.7,16.6,17.0,15.7
2018-02-13,16.77,16.45,16.83,16.05
2018-02-14,16.36,16.5,16.6,16.25
2018-02-22,16.31,16.64,16.79,16.31
2018-02-23,16.37,16.95,17.38,16.37
2018-02-26,16.95,17.38,17.46,16.71
2018-02-27,17.45,17.3,17.47,17.07
2018-02-28,17.1,16.95,17.14,16.91
2018-03-01,16.88,17.28,17.29,16.8
2018-03-02,17.13,17.07,17.28,17.02
2018-03-05,17.05,17.42,17.53,16.92
2018-03-06,17.33,17.46,17.67,17.33
2018-03-07,17.46,17.48,17.82,17.4
2018-03-08,17.42,18.19,18.71,17.42
2018-03-09,18.1,18.37,18.5,17.81
2018-03-12,18.36,18.28,18.63,18.0
2018-03-13,18.32,18.65,18.77,18.28
2018-03-14,18.65,18.15,18.65,18.1
2018-03-15,18.15,17.77,18.25,17.53
2018-03-16,17.99,17.95,18.37,17.75
2018-03-19,17.85,18.01,18.18,17.75
2018-03-20,17.76,18.0,18.08,17.65
2018-03-21,17.95,17.83,18.2,17.81
2018-03-22,17.74,18.23,18.3,17.74
2018-03-23,17.8,16.86,17.8,16.7
2018-03-26,16.25,17.05,17.25,16.25
2018-03-27,17.1,17.68,17.9,17.0
2018-03-28,17.65,17.97,18.3,17.21
2018-03-29,17.97,18.28,18.45,17.93
2018-03-30,18.29,18.4,18.47,18.12
2018-04-02,18.38,18.59,18.6,18.02
2018-04-03,18.4,18.38,18.52,18.02
2018-04-04,18.38,18.17,18.59,18.15
2018-04-09,17.9,18.27,18.43,17.9
2018-04-10,18.27,18.08,18.43,17.85
2018-04-11,18.08,18.27,18.39,17.86
2018-04-12,18.27,19.04,19.3,18.04
2018-04-13,18.95,18.75,18.95,18.64
2018-04-16,18.8,18.4,18.8,18.3
2018-04-17,18.58,18.15,18.78,18.14
2018-04-18,18.44,18.44,18.47,18.0
2018-04-19,18.52,19.1,19.7,18.3
2018-04-20,18.95,18.7,19.0,18.6
2018-04-23,18.25,18.58,18.65,18.22
2018-04-24,18.66,19.01,19.12,18.4
2018-04-25,18.8,19.27,19.55,18.78
2018-04-26,19.27,18.86,19.33,18.86
2018-04-27,18.86,19.2,19.21,18.86
2018-05-02,19.43,19.26,19.43,18.58
2018-05-03,19.28,19.27,19.45,18.8
2018-05-04,19.2,19.11,19.29,19.08
2018-05-07,19.12,19.16,19.31,19.04
2018-05-08,19.2,19.48,19.86,19.09
2018-05-09,19.25,19.15,19.3,18.85
2018-05-10,19.15,19.1,19.39,19.0
2018-05-11,19.05,19.03,19.35,19.01
2018-05-14,19.18,18.52,19.2,18.3
2018-05-15,18.52,18.57,18.76,18.17
2018-05-16,18.56,18.56,18.81,18.4
2018-05-17,18.56,18.65,18.74,18.46
2018-05-18,18.56,18.85,18.99,18.5
2018-05-21,18.86,19.22,19.3,18.86
2018-05-22,19.19,19.3,19.35,19.06
2018-05-23,19.36,19.24,19.88,19.08
2018-05-24,19.15,19.3,19.5,19.01
2018-05-25,19.48,19.64,19.8,19.3
