date,open,close,high,low
2016-04-28,8.835,10.6,10.6,8.835
2016-04-29,11.661,11.661,11.661,11.661
2016-05-03,12.826,12.826,12.826,12.826
2016-05-04,14.111,14.111,14.111,14.111
2016-05-05,15.524,15.524,15.524,15.524
2016-05-06,17.075,17.075,17.075,17.075
2016-05-09,18.781,18.781,18.781,18.781
2016-05-10,20.66,20.66,20.66,20.66
2016-05-11,22.728,22.728,22.728,22.728
2016-05-12,24.998,22.851,24.998,22.316
2016-05-13,21.369,22.638,23.67,21.062
2016-05-16,21.815,21.121,22.033,20.591
2016-05-17,20.962,21.101,21.86,20.848
2016-05-18,20.675,19.425,20.824,19.237
2016-05-19,19.584,19.411,20.03,19.336
2016-05-20,19.088,20.234,20.244,18.945
2016-05-23,20.13,22.257,22.257,19.941
2016-05-24,22.41,24.393,24.483,21.637
2016-05-25,23.888,23.997,25.078,23.303
2016-05-26,23.298,24.552,24.79,22.842
2016-05-27,24.314,23.109,25.038,23.065
2016-05-30,22.807,25.42,25.42,22.465
2016-05-31,25.777,26.287,27.16,24.815
2016-06-01,25.836,26.62,27.269,25.787
2016-06-02,26.188,27.433,27.948,25.831
2016-06-03,27.046,26.53,27.671,26.401
2016-06-06,26.178,26.525,26.897,25.871
2016-06-07,26.54,29.004,29.178,26.54
2016-06-08,28.201,27.249,28.325,26.922
2016-06-13,25.792,24.522,26.079,24.522
2016-06-14,23.808,24.438,24.537,23.253
2016-06-15,23.848,25.499,26.178,23.699
2016-06-16,25.435,25.301,26.059,25.137
2016-06-17,25.449,27.319,27.765,25.449
2016-06-20,27.368,27.983,28.682,26.282
2016-06-21,28.013,29.852,30.779,27.671
2016-06-22,29.401,29.495,30.72,29.004
2016-06-23,29.193,29.218,30.075,28.013
2016-06-24,28.756,29.227,29.748,27.18
2016-06-27,28.811,31.488,32.128,28.558
2016-06-28,31.473,31.711,31.974,30.997
2016-06-29,31.483,34.885,34.885,31.434
2016-06-30,33.467,33.754,35.539,33.224
2016-07-01,34.299,35.767,36.575,34.299
2016-07-04,34.656,36.754,37.131,34.309
2016-07-05,36.59,40.428,40.428,36.382
2016-07-06,41.464,39.5,42.084,38.157
2016-07-07,38.464,39.277,39.486,37.686
2016-07-08,38.861,37.284,39.054,37.185
2016-07-11,37.428,33.982,37.879,33.591
2016-07-12,33.992,37.135,37.284,33.234
2016-07-13,36.441,37.755,39.451,36.134
2016-07-14,38.558,40.309,40.864,38.008
2016-07-15,39.971,39.704,41.811,39.168
2016-07-18,39.461,38.95,41.151,38.558
2016-07-19,38.102,38.97,38.97,36.778
2016-07-20,38.672,37.631,38.821,37.334
2016-07-21,37.517,35.99,37.949,35.946
2016-07-22,35.727,35.232,36.441,33.888
2016-07-25,35.078,35.648,35.648,33.814
2016-07-26,35.4,35.955,36.868,35.162
2016-07-27,35.668,32.361,35.827,32.361
2016-07-28,31.622,32.777,33.219,30.988
2016-07-29,32.366,32.078,33.194,31.791
2016-08-01,31.216,29.907,31.473,29.252
2016-08-02,30.11,30.764,30.764,29.748
2016-08-03,30.665,32.594,33.05,30.432
2016-08-04,32.648,31.954,32.966,31.731
2016-08-05,31.746,31.141,32.326,30.655
2016-08-08,30.497,31.632,31.632,29.257
2016-08-09,31.483,32.083,32.326,31.25
2016-08-10,32.123,32.44,32.971,32.078
2016-08-11,32.227,31.037,32.227,30.988
2016-08-12,30.764,31.3,31.647,30.764
2016-08-15,31.305,34.062,34.428,31.3
2016-08-16,34.166,34.012,34.855,33.724
2016-08-17,33.744,35.772,36.193,33.328
2016-08-18,34.756,34.929,35.698,34.513
2016-08-19,35.043,33.873,35.301,33.863
2016-08-22,33.719,32.574,33.843,32.326
2016-08-23,32.425,33.635,34.185,32.401
2016-08-24,33.367,33.576,34.111,33.328
2016-08-25,32.971,34.359,34.443,31.731
2016-08-26,34.21,33.318,35.058,33.224
2016-08-29,32.971,32.698,33.824,32.43
2016-08-30,33.209,32.678,33.357,32.525
2016-08-31,32.574,32.554,32.921,31.181
2016-09-01,32.425,31.657,32.619,31.235
2016-09-02,31.29,31.136,31.806,30.933
2016-09-05,31.28,31.235,31.796,31.082
2016-09-06,31.186,31.85,31.979,30.546
2016-09-07,31.87,30.834,31.92,30.745
2016-09-08,30.616,30.779,31.067,30.492
2016-09-09,30.988,30.363,31.027,30.16
2016-09-12,29.327,29.227,30.021,29.193
2016-09-13,29.54,29.143,29.57,29.004
2016-09-14,28.831,28.846,29.327,28.756
2016-09-19,29.069,29.188,29.351,28.851
2016-09-20,29.153,29.351,29.485,28.89
2016-09-21,29.401,29.584,29.981,29.178
2016-09-22,29.718,29.332,29.912,29.327
2016-09-23,29.381,28.633,29.847,28.266
2016-09-26,28.261,26.565,28.261,26.565
2016-09-27,26.56,26.917,27.021,26.129
2016-09-28,26.962,26.897,27.269,26.416
2016-09-29,27.061,26.872,27.205,26.763
2016-09-30,26.644,26.639,26.897,26.61
2016-10-10,26.783,27.795,27.859,26.783
2016-10-11,27.914,28.062,28.251,27.671
2016-10-12,27.824,29.178,30.095,27.74
2016-10-13,29.099,30.224,30.74,29.099
2016-10-14,29.748,29.852,30.174,29.416
2016-10-17,29.897,28.831,30.214,28.766
2016-10-18,28.88,30.869,30.869,28.88
2016-10-19,30.74,30.64,31.087,30.343
2016-10-20,30.323,30.368,30.829,29.837
2016-10-21,30.249,32.128,33.105,30.145
2016-10-24,32.098,32.197,32.683,31.483
2016-10-25,31.86,32.832,33.764,31.493
2016-10-26,32.43,33.61,34.523,32.415
2016-10-27,33.219,34.88,35.286,33.219
2016-10-28,34.731,33.7,34.929,33.556
2016-10-31,33.531,33.576,34.458,32.976
2016-11-01,33.65,34.949,35.033,33.323
2016-11-02,34.706,33.447,34.706,33.219
2016-11-03,33.055,32.634,34.2,32.624
2016-11-04,32.961,32.971,33.278,32.629
2016-11-07,33.472,33.238,34.602,33.164
2016-11-08,33.318,33.61,33.962,32.648
2016-11-09,33.591,33.779,34.141,32.703
2016-11-10,34.141,34.195,34.84,33.863
2016-11-11,34.121,33.427,34.483,33.219
2016-11-14,33.159,34.889,35.346,33.159
2016-11-15,34.533,34.126,34.701,33.605
2016-11-16,34.017,33.219,34.359,33.209
2016-11-17,32.921,31.573,32.921,31.345
2016-11-18,34.731,34.731,34.731,34.731
2016-11-21,38.206,38.206,38.206,38.206
2016-11-22,42.029,42.029,42.029,42.029
2016-11-23,44.478,46.233,46.233,44.191
2016-11-24,45.262,46.407,46.6,44.225
2016-11-25,46.357,44.553,47.597,44.374
2016-11-28,43.477,41.722,44.077,41.156
2016-11-29,42.044,43.383,45.277,41.895
2016-11-30,42.069,43.105,44.017,41.156
2016-12-01,43.13,45.415,47.413,42.431
2017-03-22,40.874,43.016,44.498,40.874
2017-03-23,44.374,42.198,47.101,41.161
2017-03-24,41.295,37.978,41.295,37.978
2017-03-27,37.235,36.595,38.464,36.233
2017-03-28,36.838,35.916,37.408,35.762
2017-03-29,36.193,36.278,36.833,35.415
2017-03-30,36.035,32.648,36.07,32.648
2017-03-31,32.227,31.583,32.901,31.498
2017-04-05,30.74,31.731,31.776,30.254
2017-04-06,31.429,31.498,32.177,31.235
2017-04-07,31.478,29.738,31.478,29.495
2017-04-10,28.261,26.763,29.247,26.763
2017-04-11,26.912,27.507,27.715,26.729
2017-04-12,27.805,26.768,27.805,26.277
2017-04-13,26.828,27.125,27.507,26.828
2017-04-14,26.838,28.355,29.049,26.838
2017-04-17,27.418,26.292,27.423,25.787
2017-04-18,26.277,25.93,26.922,25.836
2017-04-19,25.474,26.51,26.659,24.993
2017-04-20,26.277,25.881,26.525,24.889
2017-04-21,25.871,24.731,26.03,24.666
2017-04-24,24.626,22.956,24.661,22.599
2017-04-25,23.203,23.169,23.784,23.159
2017-04-26,23.203,23.873,24.527,23.184
2017-04-27,23.585,24.562,25.018,23.556
2017-04-28,24.488,24.428,25.013,24.175
2017-05-02,24.26,24.542,24.988,24.26
2017-05-03,24.582,25.603,25.782,24.562
2017-05-04,26.277,28.161,28.161,25.831
2017-05-05,29.748,30.978,30.978,29.153
2017-05-08,31.483,28.434,31.83,27.879
2017-05-09,25.593,26.773,27.145,25.593
2017-05-10,26.277,29.451,29.451,25.821
2017-05-11,27.0,28.06,28.6,26.51
2017-05-12,27.81,29.28,30.12,27.81
2017-05-15,28.7,30.85,30.89,27.01
2017-05-16,29.79,33.75,33.94,29.63
2017-05-17,32.7,33.01,33.5,31.9
2017-05-18,32.01,29.71,32.86,29.71
2017-05-19,29.8,31.17,31.3,28.08
2017-05-22,30.35,29.18,30.99,28.88
2017-05-23,28.89,29.22,30.36,27.79
2017-05-24,28.66,30.56,30.58,28.38
2017-05-25,30.56,30.71,31.33,29.5
2017-05-26,30.26,30.0,31.2,29.94
2017-05-31,30.4,27.29,30.76,27.0
2017-06-01,26.26,24.56,26.9,24.56
2017-06-02,23.65,24.16,24.97,22.13
2017-06-05,24.25,24.13,24.5,23.81
2017-06-06,23.81,23.24,24.1,23.1
2017-06-07,23.76,25.56,25.56,23.43
2017-06-08,26.0,26.69,27.2,25.88
2017-06-09,26.2,26.08,26.47,25.6
2017-06-12,25.56,24.39,25.56,24.2
2017-06-13,24.39,25.27,25.5,24.16
2017-06-14,25.02,25.78,25.95,24.62
2017-06-15,25.7,26.24,26.98,25.42
2017-06-16,26.24,26.49,27.8,25.6
2017-06-19,26.3,26.15,26.75,25.8
2017-06-20,26.22,25.54,26.55,25.51
2017-06-21,25.6,25.73,25.8,24.61
2017-06-22,25.82,24.74,26.28,24.7
2017-06-23,24.13,24.38,24.8,23.53
2017-06-26,24.3,24.63,24.98,23.9
2017-06-27,24.71,24.79,25.4,24.58
2017-06-28,24.55,24.04,24.99,24.03
2017-06-29,23.95,24.18,24.49,23.91
2017-06-30,23.99,24.19,24.38,23.99
2017-07-03,24.4,24.28,24.4,24.04
2017-07-04,24.2,24.78,24.99,24.07
2017-07-05,24.63,24.93,24.98,24.5
2017-07-06,25.03,24.6,25.19,24.15
2017-07-07,24.61,24.41,24.63,24.22
2017-07-10,24.27,23.5,24.4,23.4
2017-07-11,23.5,22.61,23.79,22.55
2017-07-12,22.61,22.71,22.82,21.3
2017-07-13,22.5,22.03,22.64,21.86
2017-07-14,21.92,22.14,22.39,21.67
2017-07-17,21.72,19.93,21.97,19.93
2017-07-18,19.6,19.56,19.88,18.45
2017-07-19,19.47,19.62,19.62,18.8
2017-07-20,19.64,19.2,19.98,19.19
2017-07-21,19.21,19.46,19.91,19.21
2017-07-24,19.17,20.19,20.81,18.61
2017-07-25,19.72,20.09,20.5,19.7
2017-07-26,20.09,19.42,20.19,19.21
2017-07-27,19.5,20.26,20.69,19.5
2017-07-28,20.23,19.8,20.23,19.68
2017-07-31,19.77,19.59,19.95,19.51
2017-08-01,19.63,19.52,19.79,19.3
2017-08-02,19.53,18.98,19.53,18.91
2017-08-03,19.0,19.22,19.52,18.94
2017-08-04,19.35,21.14,21.14,19.19
2017-08-07,21.58,22.2,22.76,21.3
2017-08-08,22.01,21.54,22.01,21.21
2017-08-09,21.27,21.21,21.35,20.81
2017-08-10,21.05,20.83,21.24,20.56
2017-08-11,20.4,20.23,20.72,20.12
2017-08-14,19.97,20.84,20.95,19.97
2017-08-15,20.75,21.44,21.95,20.55
2017-08-16,21.16,21.4,21.65,21.12
2017-08-17,21.32,21.32,21.49,20.87
2017-08-18,21.2,20.81,21.2,20.66
2017-08-21,20.82,21.6,21.64,20.81
2017-08-22,21.49,20.94,21.6,20.86
2017-08-23,21.05,21.02,21.38,20.82
2017-08-24,20.95,20.98,21.66,20.61
2017-08-25,20.83,21.08,21.28,20.7
2017-08-28,21.09,21.53,21.65,21.09
2017-08-29,21.35,21.85,22.2,21.16
2017-08-30,21.77,21.54,21.84,21.5
2017-08-31,21.43,21.93,22.13,21.41
2017-09-01,22.0,21.94,22.13,21.74
2017-09-04,21.9,21.74,21.94,21.59
2017-09-05,21.7,21.8,22.39,21.65
2017-09-06,21.69,21.67,21.87,21.3
2017-09-07,21.76,23.84,23.84,21.63
2017-09-08,23.98,24.16,25.06,23.8
2017-09-11,23.48,23.97,24.08,23.17
2017-09-12,23.65,23.1,23.84,22.9
2017-09-13,23.0,23.37,23.73,23.0
2017-09-14,23.25,23.49,23.49,23.04
2017-09-15,23.52,23.2,23.57,23.07
2017-09-18,23.28,23.02,23.29,22.81
2017-09-19,23.14,23.62,23.66,23.04
2017-09-20,23.64,23.4,23.86,23.22
2017-09-21,23.4,23.1,23.7,23.03
2017-09-22,23.0,22.29,23.12,22.2
2017-09-25,22.32,22.61,22.99,21.79
2017-09-26,22.12,22.25,22.78,22.12
2017-09-27,22.23,22.28,22.47,22.0
2017-09-28,22.5,22.64,23.4,22.3
2017-09-29,22.49,23.1,23.15,22.0
2017-10-09,23.5,23.1,23.5,22.85
2017-10-10,23.08,24.01,24.97,22.9
2017-10-11,23.95,23.88,24.02,23.52
2017-10-12,23.7,23.4,24.05,23.21
2017-10-13,23.21,23.82,24.63,23.14
2017-10-16,23.46,22.54,23.68,22.4
2017-10-17,22.33,22.33,22.76,22.03
2017-10-18,22.41,22.33,22.8,22.09
2017-10-19,22.32,21.3,22.53,21.3
2017-10-20,21.12,21.38,21.46,21.12
2017-10-23,21.32,21.43,21.56,21.0
2017-10-24,21.46,21.05,21.46,20.81
2017-10-25,21.15,21.3,21.44,21.02
2017-10-26,21.3,21.59,21.74,21.3
2017-10-27,21.54,21.37,21.75,21.34
2017-10-30,21.3,19.96,21.3,19.8
2017-10-31,19.91,20.18,20.25,19.6
2017-11-01,20.1,20.0,20.35,19.99
2017-11-02,20.0,19.76,20.14,19.52
2017-11-03,19.82,19.46,19.97,19.35
2017-11-06,19.46,19.61,19.65,19.24
2017-11-07,19.51,20.35,21.32,19.27
2017-11-08,20.1,20.08,20.38,20.04
2017-11-09,19.9,20.08,20.24,19.9
2017-11-10,20.11,19.93,20.35,19.92
2017-11-13,19.93,19.76,20.18,19.63
2017-11-14,19.74,19.42,19.83,19.37
2017-11-15,19.2,18.8,19.2,18.51
2017-11-16,18.9,18.94,19.0,18.65
2017-11-17,18.89,17.24,18.9,17.18
2017-11-20,17.19,16.78,17.2,15.75
2017-11-21,16.78,16.49,16.93,16.14
2017-11-22,16.76,16.64,16.89,16.35
2017-11-23,16.71,16.0,16.72,16.0
2017-11-24,16.0,16.3,16.47,15.62
2017-11-27,16.18,16.19,16.68,15.95
2017-11-28,16.03,16.35,16.42,16.03
2017-11-29,16.34,16.31,16.4,16.08
2017-11-30,16.34,16.52,16.6,16.2
2017-12-01,16.49,16.62,16.9,16.4
2017-12-04,16.6,15.75,16.6,15.75
2017-12-05,15.74,14.72,15.95,14.63
2017-12-06,14.7,15.24,15.49,14.55
2017-12-07,15.2,15.27,15.6,15.06
2017-12-08,15.52,15.49,15.68,15.33
2017-12-11,15.65,15.73,15.89,15.5
2017-12-12,15.9,15.63,15.9,15.56
2017-12-13,15.2,15.86,15.87,15.2
2017-12-14,15.9,15.9,15.98,15.62
2017-12-15,15.81,16.4,17.4,15.76
2017-12-18,16.25,16.0,16.27,15.81
2017-12-19,15.96,16.12,16.34,15.83
2017-12-20,16.12,15.5,16.19,15.42
2017-12-21,15.53,15.3,15.64,15.05
2017-12-22,15.2,15.25,15.45,15.17
2017-12-25,15.2,15.37,15.38,15.05
2017-12-26,15.36,15.57,15.64,15.2
2017-12-27,15.52,15.82,16.36,15.52
2017-12-28,15.74,16.4,16.98,15.51
2017-12-29,16.32,16.11,16.33,16.02
2018-01-02,16.15,16.14,16.46,16.1
2018-01-03,16.14,16.24,16.29,15.81
2018-01-04,16.24,15.95,16.32,15.92
2018-01-05,16.02,15.9,16.12,15.84
2018-01-08,15.89,15.73,15.89,15.53
2018-01-09,15.8,16.2,16.61,15.63
2018-01-10,16.07,15.67,16.07,15.54
2018-01-11,15.63,15.97,16.23,15.35
2018-01-12,15.94,15.83,16.19,15.72
2018-01-15,15.7,15.17,15.7,15.15
2018-01-16,15.1,15.42,15.53,14.9
2018-01-17,15.4,15.3,15.4,14.91
2018-01-18,15.15,15.6,15.8,15.15
2018-01-19,15.58,16.4,16.67,15.5
2018-01-22,16.1,16.46,16.8,15.89
2018-01-23,16.2,17.3,17.95,16.15
2018-01-24,17.0,17.2,17.3,16.7
2018-01-25,17.0,16.4,17.19,16.4
2018-01-26,16.24,16.47,16.53,16.24
2018-01-29,16.4,15.94,16.58,15.82
2018-01-30,15.99,15.56,15.99,15.4
2018-01-31,15.53,14.95,15.53,14.85
2018-02-01,14.77,13.6,15.08,13.55
2018-02-02,13.46,13.3,13.66,13.0
2018-02-05,12.91,12.86,13.43,12.83
2018-02-06,12.69,11.57,12.69,11.57
2018-02-07,11.8,11.4,12.0,10.88
2018-02-08,11.49,11.78,11.94,11.42
2018-02-09,11.46,11.36,11.8,11.06
2018-02-12,11.36,11.84,12.0,11.36
2018-02-13,11.93,11.69,11.97,11.68
2018-02-14,11.67,11.8,11.84,11.51
2018-02-22,11.82,12.0,12.16,11.82
2018-02-23,12.07,12.08,12.16,11.92
2018-02-26,12.15,12.41,12.65,12.06
2018-02-27,12.24,12.7,12.7,12.24
2018-02-28,12.55,12.87,13.39,12.3
2018-03-01,12.5,12.88,13.05,12.41
2018-03-02,12.88,13.36,13.55,12.72
2018-03-05,13.4,14.7,14.7,13.21
2018-03-06,14.73,14.34,14.73,14.1
2018-03-07,14.2,14.02,14.22,13.81
2018-03-08,14.0,14.09,14.1,13.81
2018-03-09,13.92,14.2,14.35,13.86
2018-03-12,14.19,14.44,15.29,14.05
2018-03-13,14.33,15.88,15.88,14.31
2018-03-14,15.39,15.25,15.64,15.0
2018-03-15,15.0,14.9,15.06,14.6
2018-03-16,15.1,15.41,15.52,14.92
2018-03-19,15.15,15.3,15.3,14.6
2018-03-20,15.01,14.92,15.1,14.65
2018-03-21,14.95,14.7,15.4,14.67
2018-03-22,14.55,14.5,14.86,14.39
2018-03-23,13.86,13.05,13.86,13.05
2018-03-26,12.3,12.87,13.0,11.81
2018-03-27,12.94,13.25,13.44,12.94
2018-03-28,13.0,13.41,13.8,12.9
2018-03-29,13.56,13.72,13.94,13.42
2018-03-30,13.72,14.27,14.85,13.52
2018-04-02,14.61,14.5,15.0,14.15
2018-04-03,14.15,14.65,14.98,13.8
2018-04-04,14.46,13.98,14.85,13.88
2018-04-09,13.67,13.82,14.16,13.56
2018-04-10,13.92,13.77,14.28,13.23
2018-04-11,13.86,14.4,14.5,13.86
2018-04-12,14.45,14.8,15.84,14.23
2018-04-13,14.54,14.95,15.5,14.5
2018-04-16,14.72,14.73,14.81,14.17
2018-04-17,14.79,15.08,15.49,14.74
2018-04-18,15.0,14.9,15.25,14.11
2018-04-19,14.95,15.55,15.8,14.91
2018-04-20,15.41,14.5,15.41,14.5
2018-04-23,14.86,13.55,14.86,13.2
2018-04-24,13.43,14.07,14.15,13.08
2018-04-25,13.89,14.14,14.28,13.89
2018-04-26,14.22,13.48,14.3,13.46
2018-04-27,13.5,14.83,14.83,13.42
2018-05-02,15.04,16.31,16.31,15.0
2018-05-03,16.65,17.94,17.94,16.34
2018-05-04,19.02,19.73,19.73,18.8
2018-05-07,21.7,21.7,21.7,21.7
2018-05-08,23.87,23.87,23.87,23.87
2018-05-11,26.26,26.26,26.26,26.0
2018-05-14,26.0,24.8,26.85,24.3
2018-05-15,25.87,27.28,27.28,25.25
2018-05-16,24.71,25.5,26.6,24.71
2018-05-17,24.11,24.98,25.4,23.16
2018-05-18,24.1,27.48,27.48,23.8
2018-05-21,27.37,30.23,30.23,25.48
2018-05-22,29.0,29.0,31.74,28.05
2018-05-23,27.6,26.25,28.47,26.11
2018-05-24,25.5,26.18,26.78,25.1
2018-05-25,25.75,24.95,26.3,24.62
