date,open,close,high,low
2016-01-04,28.09,25.218,28.409,25.218
2016-01-05,23.99,24.377,25.818,23.207
2016-01-06,24.377,25.093,25.238,24.377
2016-01-07,24.996,22.724,24.996,22.588
2016-01-08,23.41,22.83,23.691,21.273
2016-01-11,22.337,20.548,22.811,20.548
2016-01-12,20.548,20.751,21.177,20.19
2016-01-13,20.886,20.229,21.273,20.21
2016-01-14,19.571,21.128,21.225,19.533
2016-01-15,21.061,20.393,21.38,20.316
2016-01-18,19.823,20.799,20.993,19.823
2016-01-19,20.799,21.708,21.737,20.741
2016-01-20,21.708,21.486,21.892,21.273
2016-01-21,21.283,20.741,21.795,20.674
2016-01-22,20.741,20.993,21.264,20.306
2016-01-25,21.099,21.254,21.544,21.003
2016-01-26,21.08,19.127,21.08,19.127
2016-01-27,19.6,18.914,19.6,17.579
2016-01-28,18.382,18.237,18.856,18.179
2016-01-29,18.73,19.069,19.397,18.237
2016-02-01,18.788,19.175,19.533,18.788
2016-02-02,19.146,19.842,19.968,19.146
2016-02-03,19.745,19.91,19.939,19.446
2016-02-04,19.92,20.21,20.5,19.629
2016-02-05,20.2,19.658,20.693,19.649
2016-02-15,18.914,19.629,20.016,18.74
2016-02-16,19.649,20.674,20.809,19.649
2016-02-17,20.596,21.128,21.37,20.403
2016-02-18,21.273,20.761,21.418,20.654
2016-02-19,20.761,21.003,21.109,20.587
2016-02-22,21.177,21.37,21.486,21.138
2016-02-23,21.36,21.273,21.37,20.886
2016-02-24,21.167,22.559,22.598,20.983
2016-02-25,22.337,20.393,22.492,20.306
2016-02-26,21.467,20.384,21.467,19.581
2016-02-29,20.509,18.546,20.509,18.372
2016-03-01,18.546,18.895,19.098,18.256
2016-03-02,18.933,19.774,19.92,18.672
2016-03-03,19.765,19.726,20.161,19.513
2016-03-04,19.533,18.759,19.842,18.527
2016-03-07,18.904,19.233,19.523,18.904
2016-03-08,19.281,19.465,19.523,18.517
2016-03-09,19.078,18.943,19.301,18.411
2016-03-10,18.943,18.691,19.223,18.653
2016-03-11,18.517,18.817,18.943,18.517
2016-03-14,18.933,20.703,20.703,18.933
2016-03-15,21.177,20.297,21.177,20.084
2016-03-16,20.577,19.668,20.596,19.639
2016-03-17,19.765,20.306,20.461,19.639
2016-03-18,20.548,20.915,21.157,20.306
2016-03-21,21.244,21.235,21.264,20.751
2016-03-22,21.225,21.331,21.979,20.954
2016-03-23,21.273,21.438,21.583,21.09
2016-03-24,21.138,20.819,21.177,20.761
2016-03-25,20.693,20.954,21.032,20.683
2016-03-28,21.186,20.906,21.428,20.799
2016-03-29,20.896,20.529,20.993,20.345
2016-03-30,20.77,21.312,21.351,20.606
2016-03-31,21.322,21.534,21.612,21.186
2016-04-01,21.486,21.283,21.486,20.935
2016-04-05,21.283,21.844,21.95,21.196
2016-04-06,21.757,22.018,22.211,21.583
2016-04-07,22.057,22.037,22.685,21.757
2016-04-08,21.902,21.805,22.047,21.476
2016-04-11,21.931,22.801,22.859,21.931
2016-04-12,22.762,23.091,23.091,22.414
2016-04-13,23.207,22.878,23.594,22.878
2016-04-14,22.888,23.352,23.391,22.888
2016-04-15,23.372,23.159,23.478,22.994
2016-04-18,23.072,22.791,23.072,22.588
2016-04-19,23.691,23.072,23.691,22.724
2016-04-20,23.052,21.563,23.169,21.032
2016-04-21,21.515,21.554,21.96,21.322
2016-04-22,21.225,21.708,21.824,21.157
2016-04-25,22.231,21.998,22.231,21.505
2016-04-26,22.695,22.231,22.695,21.776
2016-04-27,22.124,21.94,22.347,21.737
2016-04-28,21.737,21.583,21.998,21.167
2016-04-29,21.534,21.583,21.853,21.534
2016-05-03,21.399,22.221,22.298,21.399
2016-05-04,22.124,22.617,22.695,21.931
2016-05-05,22.482,22.579,22.666,22.337
2016-05-06,22.463,21.824,22.704,21.824
2016-05-09,21.66,20.558,21.66,20.49
2016-05-10,20.596,20.683,20.78,20.5
2016-05-11,20.79,20.606,20.896,20.509
2016-05-12,20.48,20.558,20.606,19.803
2016-05-13,20.403,20.422,20.683,20.306
2016-05-16,20.48,20.722,20.732,20.113
2016-05-17,20.712,20.712,20.857,20.451
2016-05-18,20.5,20.113,20.664,19.832
2016-05-19,20.026,20.374,20.577,20.026
2016-05-20,20.21,20.674,20.741,19.823
2016-05-23,20.79,21.157,21.196,20.77
2016-05-24,21.07,21.032,21.08,20.529
2016-05-25,21.032,21.119,21.447,21.032
2016-05-26,21.07,21.283,21.293,20.606
2016-05-27,21.167,21.563,21.95,21.167
2016-05-30,21.592,21.418,21.805,21.312
2016-05-31,21.554,22.308,22.395,21.554
2016-06-01,23.014,22.231,23.014,22.211
2016-06-02,22.144,22.55,22.569,21.998
2016-06-03,22.55,23.42,23.691,22.308
2016-06-06,23.285,23.256,23.642,23.11
2016-06-07,23.14,23.401,23.401,22.917
2016-06-08,23.381,23.159,23.401,23.023
2016-06-13,23.004,21.66,23.004,21.66
2016-06-14,21.467,21.766,21.95,21.399
2016-06-15,21.573,23.43,23.652,21.457
2016-06-16,23.401,23.497,23.778,23.11
2016-06-17,23.236,23.884,24.077,23.236
2016-06-20,23.932,23.932,24.135,23.604
2016-06-21,24.077,23.768,24.126,23.323
2016-06-22,23.768,23.894,23.961,23.507
2016-06-23,23.845,23.536,24.029,23.304
2016-06-24,23.497,23.507,23.981,22.579
2016-06-27,23.41,24.445,24.609,23.265
2016-06-28,24.348,24.629,24.986,24.242
2016-06-29,24.619,24.542,24.928,24.271
2016-06-30,24.551,24.851,24.919,24.339
2016-07-01,24.957,25.335,25.528,24.803
2016-07-04,25.122,26.292,26.321,25.122
2016-07-05,26.292,26.35,26.427,25.702
2016-07-06,26.147,26.379,26.766,25.963
2016-07-07,26.127,26.021,26.447,25.731
2016-07-08,26.021,25.76,26.166,25.731
2016-07-11,25.76,25.015,26.06,24.957
2016-07-12,24.996,25.238,25.712,24.899
2016-07-13,25.431,25.721,25.895,25.431
2016-07-14,25.673,26.089,26.089,25.431
2016-07-15,26.069,26.379,27.326,25.654
2016-07-18,26.35,25.992,26.447,25.818
2016-07-19,25.963,26.669,26.698,25.489
2016-07-20,26.65,27.075,27.452,26.543
2016-07-21,27.123,26.185,27.326,26.156
2016-07-22,26.195,25.325,26.205,25.238
2016-07-25,25.344,25.48,26.011,25.16
2016-07-26,25.431,25.75,25.992,25.247
2016-07-27,25.654,24.271,26.002,23.981
2016-07-28,24.416,24.493,24.648,23.787
2016-07-29,24.368,24.58,24.803,24.193
2016-08-01,24.174,24.841,25.131,23.807
2016-08-02,24.832,25.886,25.982,24.658
2016-08-03,25.634,25.721,25.905,25.422
2016-08-04,25.625,25.489,25.692,25.325
2016-08-05,25.489,25.257,25.886,25.257
2016-08-08,24.957,25.122,25.383,24.754
2016-08-09,25.122,25.218,25.306,25.025
2016-08-10,25.509,24.841,25.528,24.832
2016-08-11,24.658,24.077,24.977,24.077
2016-08-12,24.319,24.513,24.609,24.077
2016-08-15,24.677,25.141,25.335,24.474
2016-08-16,25.102,25.131,25.306,24.938
2016-08-17,25.131,25.035,25.286,24.948
2016-08-18,25.238,25.073,25.238,24.87
2016-08-19,25.122,25.412,25.431,24.677
2016-08-22,25.412,25.605,25.963,25.354
2016-08-23,25.663,25.731,25.915,25.325
2016-08-24,25.799,25.934,25.982,25.721
2016-08-25,25.933,25.788,25.972,25.468
2016-08-26,25.875,26.049,26.65,25.797
2016-08-29,25.875,26.602,26.718,25.826
2016-08-30,26.747,26.127,27.028,26.117
2016-08-31,26.389,26.33,26.408,25.836
2016-09-01,26.524,26.602,27.028,26.03
2016-09-02,27.425,29.267,29.267,27.135
2016-09-05,28.472,28.753,29.315,28.21
2016-09-06,28.201,28.569,28.588,27.958
2016-09-07,28.559,29.412,30.042,28.559
2016-09-08,28.782,28.879,29.063,28.559
2016-09-09,28.947,28.201,29.024,28.075
2016-09-12,27.464,26.563,27.503,26.534
2016-09-13,26.602,26.97,27.106,26.602
2016-09-14,26.844,27.261,27.329,26.611
2016-09-19,27.077,27.144,27.406,27.018
2016-09-20,27.338,26.825,27.338,26.825
2016-09-21,26.641,27.28,27.299,26.534
2016-09-22,27.261,27.125,27.396,27.038
2016-09-23,27.038,26.747,27.251,26.737
2016-09-26,26.728,26.728,26.999,26.175
2016-09-27,26.369,26.156,26.631,25.507
2016-09-28,26.359,25.1,26.641,25.1
2016-09-29,25.1,24.857,25.487,24.799
2016-09-30,24.857,24.702,25.138,24.518
2016-10-10,25.061,25.652,25.904,24.906
2016-10-11,25.662,25.681,25.972,25.487
2016-10-12,25.681,26.059,26.34,25.545
2016-10-13,26.04,26.03,26.195,25.856
2016-10-14,26.069,25.982,26.156,25.856
2016-10-17,25.982,25.342,26.146,25.206
2016-10-18,25.197,25.807,25.836,25.197
2016-10-19,25.972,26.418,26.611,25.972
2016-10-20,26.476,26.922,27.086,26.456
2016-10-21,26.922,26.582,26.941,26.263
2016-10-24,26.65,26.834,26.989,26.408
2016-10-25,26.883,27.125,27.125,26.524
2016-10-26,27.135,27.474,27.474,26.66
2016-10-27,27.28,26.98,27.513,26.534
2016-10-28,26.708,27.067,27.193,26.592
2016-10-31,27.038,27.018,27.038,26.602
2016-11-01,27.115,27.329,27.464,26.902
2016-11-02,27.425,27.707,27.988,27.261
2016-11-03,27.571,27.435,27.697,27.135
2016-11-04,27.154,27.338,27.435,26.96
2016-11-07,27.474,27.096,27.988,27.096
2016-11-08,27.222,27.115,27.241,26.834
2016-11-09,27.125,27.164,27.445,26.747
2016-11-10,27.309,28.288,28.356,27.309
2016-11-11,28.278,28.443,28.879,28.026
2016-11-14,28.298,28.763,29.461,28.191
2016-11-15,28.763,28.385,28.879,28.075
2016-11-16,28.395,28.191,28.763,27.949
2016-11-17,28.191,28.695,28.782,27.92
2016-11-18,28.695,28.453,29.054,28.453
2016-11-21,28.278,28.54,28.782,28.104
2016-11-22,28.491,28.966,29.461,28.491
2016-11-23,28.734,28.143,29.024,27.92
2016-11-24,28.104,28.191,28.288,27.929
2016-11-25,28.404,29.073,29.073,27.997
2016-11-28,28.889,28.395,28.957,28.327
2016-11-29,28.404,27.726,28.608,27.716
2016-11-30,27.726,27.329,27.988,27.299
2016-12-01,27.513,27.367,27.571,27.28
2016-12-02,27.367,26.485,27.571,26.437
2016-12-05,26.447,26.699,26.873,25.972
2016-12-06,26.766,26.805,27.115,26.718
2016-12-07,26.941,27.135,27.299,26.757
2016-12-08,27.212,26.892,27.329,26.854
2016-12-09,26.883,26.573,27.125,26.398
2016-12-12,26.611,24.916,26.796,24.731
2016-12-13,24.78,25.255,25.371,24.208
2016-12-14,25.051,26.292,27.406,25.012
2016-12-15,25.797,25.885,26.505,25.487
2016-12-16,25.885,26.098,26.427,25.691
2016-12-19,26.117,26.33,26.641,25.923
2016-12-20,26.33,26.243,26.408,26.088
2016-12-21,26.282,26.418,26.544,26.243
2016-12-22,26.398,26.359,26.515,26.243
2016-12-23,26.456,25.962,26.456,25.759
2016-12-26,25.962,26.515,26.65,25.691
2016-12-27,26.553,26.485,27.009,26.301
2016-12-28,26.34,26.321,26.699,26.301
2016-12-29,26.321,25.972,26.505,25.914
2016-12-30,26.069,26.001,26.146,25.836
2017-01-03,25.865,26.311,26.466,25.865
2017-01-04,26.204,26.447,26.485,26.204
2017-01-05,26.485,26.224,26.563,26.137
2017-01-06,26.456,25.73,26.456,25.71
2017-01-09,25.691,25.536,26.04,25.216
2017-01-10,25.545,25.565,25.759,25.264
2017-01-11,25.584,25.439,25.778,25.371
2017-01-12,25.439,24.867,25.555,24.741
2017-01-13,24.916,24.819,25.613,24.819
2017-01-16,24.993,23.549,25.003,22.561
2017-01-17,23.346,23.53,23.665,22.464
2017-01-18,23.452,22.745,23.452,22.648
2017-01-19,22.774,22.289,22.968,22.173
2017-01-20,22.241,22.725,22.842,22.241
2017-01-23,22.793,23.094,23.258,22.677
2017-01-24,22.968,22.522,23.249,22.367
2017-01-25,22.512,22.192,22.561,21.999
2017-01-26,22.212,22.144,22.483,21.999
2017-02-03,22.173,21.756,22.173,21.495
2017-02-06,21.776,22.376,22.425,21.524
2017-02-07,22.241,23.578,24.615,22.095
2017-02-08,23.946,23.375,23.946,23.113
2017-02-09,23.442,23.317,23.578,23.094
2017-02-10,23.384,23.307,23.772,23.239
2017-02-13,23.268,23.365,23.491,23.084
2017-02-14,23.307,23.423,23.53,23.132
2017-02-15,23.404,23.123,23.501,22.968
2017-02-16,23.123,23.239,23.413,22.764
2017-02-17,23.413,22.89,23.452,22.89
2017-02-20,22.9,23.423,23.52,22.9
2017-02-21,23.501,24.005,24.945,23.404
2017-02-22,23.908,24.111,24.402,23.85
2017-02-23,24.111,26.524,26.524,24.014
2017-02-24,26.524,26.863,27.648,26.359
2017-02-27,26.408,26.524,26.747,26.156
2017-02-28,26.515,27.29,27.619,26.311
2017-03-01,27.212,27.29,27.474,26.873
2017-03-02,27.125,26.602,27.406,26.272
2017-03-03,26.863,26.563,27.009,26.263
2017-03-06,26.825,26.728,26.989,26.369
2017-03-07,26.912,26.631,26.941,26.553
2017-03-08,26.65,26.747,27.319,26.582
2017-03-09,26.631,26.359,26.699,25.894
2017-03-10,26.495,27.406,27.997,26.359
2017-03-13,27.241,27.038,27.358,26.747
2017-03-14,27.086,27.193,27.823,26.941
2017-03-15,27.115,29.916,29.916,27.115
2017-03-16,30.536,32.911,32.911,30.536
2017-03-17,34.403,36.205,36.205,33.696
2017-03-20,37.795,36.923,38.745,32.591
2017-03-21,34.558,33.23,35.372,33.23
2017-03-22,31.505,32.852,34.006,31.011
2017-03-23,31.728,31.854,32.697,31.031
2017-03-24,31.544,30.575,31.593,30.527
2017-03-27,30.614,31.069,31.302,30.614
2017-03-28,31.001,31.36,31.467,30.255
2017-03-29,31.224,29.974,31.224,29.955
2017-03-30,30.1,28.482,30.187,28.104
2017-03-31,28.647,28.995,29.742,28.647
2017-04-05,28.588,29.16,29.325,27.677
2017-04-06,29.083,29.199,29.548,28.811
2017-04-07,29.306,28.695,29.306,28.55
2017-04-10,28.695,27.241,28.947,27.193
2017-04-11,27.435,27.958,27.958,27.048
2017-04-12,27.929,27.193,27.929,27.144
2017-04-13,27.329,27.183,27.619,27.077
2017-04-14,27.241,27.164,27.561,27.038
2017-04-17,26.844,24.45,26.844,24.45
2017-04-18,24.508,23.782,24.567,23.694
2017-04-19,23.743,24.528,24.654,23.462
2017-04-20,24.344,24.722,25.739,24.237
2017-04-21,24.46,24.16,25.148,24.034
2017-04-24,24.16,22.425,24.208,22.318
2017-04-25,22.735,22.793,22.987,22.512
2017-04-26,22.89,22.473,22.929,22.444
2017-04-27,22.473,23.161,23.239,21.766
2017-04-28,23.113,23.113,23.21,22.909
2017-05-02,23.239,23.287,23.287,22.919
2017-05-03,23.355,23.694,23.694,23.142
2017-05-04,23.51,23.791,23.888,23.442
2017-05-05,24.043,23.239,24.063,23.239
2017-05-08,22.599,21.94,22.948,21.921
2017-05-09,21.892,22.299,22.561,21.708
2017-05-10,22.406,21.921,22.58,21.766
2017-05-11,21.882,22.028,22.115,21.272
2017-05-12,22.028,22.057,22.241,21.834
2017-05-15,22.144,22.435,22.483,21.659
2017-05-16,22.289,22.716,22.735,21.805
2017-05-17,22.609,23.239,23.239,22.522
2017-05-18,24.034,24.47,25.565,24.034
2017-05-19,23.927,23.491,23.985,23.375
2017-05-22,23.258,21.979,23.258,21.533
2017-05-23,21.795,19.915,21.795,19.876
2017-05-24,19.934,20.274,20.303,18.742
2017-05-25,20.06,20.089,20.429,19.489
2017-05-26,20.099,20.244,20.467,20.099
2017-05-31,20.545,19.934,20.797,19.692
2017-06-01,19.75,19.023,20.099,18.926
2017-06-02,18.83,19.411,19.585,18.791
2017-06-05,19.479,19.556,19.711,19.45
2017-06-06,19.566,19.808,19.837,19.556
2017-06-07,19.925,20.312,20.351,19.789
2017-06-08,20.312,20.177,20.584,20.041
2017-06-09,20.264,20.06,20.293,19.818
2017-06-12,19.993,19.46,20.022,19.411
2017-06-13,19.43,20.022,20.148,19.43
2017-06-14,20.022,20.37,20.467,19.915
2017-06-15,20.516,20.913,21.805,20.38
2017-06-16,20.962,20.739,21.194,20.69
2017-06-19,20.933,20.816,20.933,20.593
2017-06-20,20.816,20.855,21.301,20.748
2017-06-21,21.029,20.642,21.029,20.448
2017-06-22,20.913,21.727,22.493,20.884
2017-06-23,21.466,21.369,21.572,20.69
2017-06-26,21.388,21.514,21.533,21.126
2017-06-27,21.32,21.136,21.64,21.088
2017-06-28,21.029,20.584,21.078,20.555
2017-06-29,20.613,20.816,20.816,20.613
2017-06-30,20.933,20.69,20.933,20.4
2017-07-03,20.758,20.845,20.894,20.603
2017-07-04,20.845,20.671,21.029,20.632
2017-07-05,20.739,20.884,20.942,20.584
2017-07-06,20.719,20.651,21.097,20.545
2017-07-07,20.526,20.622,20.758,20.458
2017-07-10,20.506,20.051,20.661,19.973
2017-07-11,20.051,19.401,20.225,19.237
2017-07-12,19.43,19.644,19.644,18.975
2017-07-13,19.624,19.489,19.75,19.46
2017-07-14,19.43,19.508,19.663,19.285
2017-07-17,19.334,17.957,19.508,17.618
2017-07-18,18.006,18.423,18.5,17.967
2017-07-19,18.277,18.636,18.723,18.277
2017-07-20,18.539,18.519,18.868,18.5
2017-07-21,18.461,18.364,18.684,18.151
2017-07-24,18.364,18.481,18.587,18.122
2017-07-25,18.636,18.888,19.178,18.529
2017-07-26,18.888,18.965,19.072,18.81
2017-07-27,18.985,19.285,19.353,18.83
2017-07-28,19.188,18.897,19.188,18.81
2017-07-31,18.83,19.13,19.169,18.713
2017-08-01,19.13,19.082,19.188,18.975
2017-08-02,19.149,18.51,19.149,18.413
2017-08-03,18.432,19.585,20.07,18.432
2017-08-04,19.595,19.421,19.847,19.363
2017-08-07,19.256,19.634,19.721,19.256
2017-08-08,19.653,19.828,19.847,19.518
2017-08-09,19.828,20.118,20.167,19.653
2017-08-10,19.983,19.556,20.177,19.295
2017-08-11,19.45,19.421,19.82,19.411
2017-08-14,19.421,19.693,19.693,19.411
2017-08-15,19.732,19.44,19.781,19.304
2017-08-16,19.353,19.606,19.645,19.353
2017-08-17,19.722,20.053,20.121,19.547
2017-08-18,20.024,19.888,20.131,19.859
2017-08-21,19.897,19.713,20.102,19.713
2017-08-22,19.897,19.576,19.897,19.557
2017-08-23,19.625,19.635,19.693,19.499
2017-08-24,19.732,19.995,19.995,19.081
2017-08-25,20.957,20.617,21.395,20.617
2017-08-28,20.335,20.568,20.802,20.082
2017-08-29,20.588,20.257,20.617,20.257
2017-08-30,20.248,20.121,20.354,20.063
2017-08-31,20.121,20.238,20.316,20.102
2017-09-01,20.238,20.16,20.384,20.111
2017-09-04,20.16,20.238,20.354,20.131
2017-09-05,20.218,20.335,20.354,20.179
2017-09-06,20.374,20.131,20.393,20.004
2017-09-07,20.131,20.063,20.189,20.053
2017-09-08,20.063,20.15,20.209,20.043
2017-09-11,20.141,20.325,20.354,20.102
2017-09-12,20.325,19.946,20.335,19.936
2017-09-13,19.917,19.645,19.936,19.606
2017-09-14,19.654,19.761,19.888,19.645
2017-09-15,19.742,19.693,19.742,19.557
2017-09-18,19.606,19.732,19.771,19.606
2017-09-19,19.703,19.508,19.742,19.489
2017-09-20,19.479,19.664,19.664,19.479
2017-09-21,19.625,19.567,19.8,19.567
2017-09-22,19.596,19.538,19.596,19.46
2017-09-25,19.499,19.401,19.596,19.392
2017-09-26,19.401,19.499,19.528,19.314
2017-09-27,19.499,19.44,19.499,19.333
2017-09-28,19.45,19.207,19.518,19.168
2017-09-29,19.372,19.528,19.557,19.236
2017-10-09,19.547,19.508,19.771,19.499
2017-10-10,19.508,20.17,20.248,19.508
2017-10-11,20.17,19.81,20.413,19.732
2017-10-12,19.81,19.82,19.936,19.654
2017-10-13,19.82,21.804,21.804,19.752
2017-10-16,22.173,20.909,22.173,20.763
2017-10-17,20.627,21.356,22.173,20.17
2017-10-18,21.201,21.298,21.872,21.074
2017-10-19,20.928,22.348,22.776,20.928
2017-10-20,21.716,21.94,22.173,21.551
2017-10-23,21.93,21.979,22.037,21.59
2017-10-24,21.949,21.444,21.979,21.249
2017-10-25,21.444,21.152,21.444,20.928
2017-10-26,21.376,21.94,21.969,21.055
2017-10-27,21.716,21.784,21.91,21.59
2017-10-30,21.784,20.568,21.784,20.471
2017-10-31,20.714,20.763,20.977,20.549
2017-11-01,20.763,20.792,21.094,20.617
2017-11-02,20.666,20.267,20.792,20.238
2017-11-03,20.325,19.586,20.364,19.576
2017-11-06,19.8,20.111,20.131,19.635
2017-11-07,20.034,19.927,20.092,19.81
2017-11-08,19.907,19.975,20.257,19.849
2017-11-09,19.985,19.849,19.985,19.693
2017-11-10,19.849,20.102,20.111,19.82
2017-11-13,20.199,20.568,20.792,20.199
2017-11-14,20.423,20.617,20.743,20.335
2017-11-15,20.627,20.024,20.695,20.004
2017-11-16,19.985,19.674,20.267,19.645
2017-11-17,19.897,18.769,20.004,18.691
2017-11-20,18.769,18.964,18.964,18.283
2017-11-21,18.964,19.051,19.217,18.672
2017-11-22,19.061,18.867,19.09,18.76
2017-11-23,18.876,18.497,18.876,18.478
2017-11-24,18.439,18.546,18.672,18.429
2017-11-27,18.555,18.507,18.662,18.478
2017-11-28,18.507,18.614,18.614,18.283
2017-11-29,18.633,18.516,18.633,18.38
2017-11-30,18.497,18.507,18.565,18.332
2017-12-01,18.672,18.818,18.837,18.536
2017-12-04,18.798,18.867,18.935,18.672
2017-12-05,18.876,18.439,18.935,17.991
2017-12-06,18.439,18.594,18.701,18.02
2017-12-07,18.565,18.011,18.565,18.001
2017-12-08,18.05,18.137,18.283,18.05
2017-12-11,18.137,18.205,18.264,18.098
2017-12-12,18.215,18.127,18.351,18.001
2017-12-13,18.127,17.972,18.166,17.836
2017-12-14,17.982,17.962,18.059,17.845
2017-12-15,17.962,17.787,18.05,17.7
2017-12-18,17.505,17.69,17.787,17.505
2017-12-19,17.777,17.894,17.933,17.777
2017-12-20,18.04,17.602,18.04,17.544
2017-12-21,17.602,17.486,17.719,17.418
2017-12-22,17.408,17.544,17.583,17.408
2017-12-25,17.456,17.213,17.641,17.067
2017-12-26,17.233,17.262,17.359,17.077
2017-12-27,17.301,17.505,17.69,17.281
2017-12-28,17.447,17.427,17.602,17.33
2017-12-29,17.427,17.583,17.583,17.388
2018-01-02,17.583,17.641,17.7,17.515
2018-01-03,17.68,17.709,17.768,17.573
2018-01-04,17.738,17.845,17.855,17.602
2018-01-05,17.845,17.865,17.991,17.729
2018-01-08,17.836,17.534,17.962,17.427
2018-01-09,17.583,18.098,18.108,17.456
2018-01-10,18.089,18.04,18.137,17.836
2018-01-11,18.04,18.4,18.448,17.709
2018-01-12,18.283,18.4,18.662,18.186
2018-01-15,18.448,17.865,18.468,17.748
2018-01-16,17.7,17.943,18.137,17.7
2018-01-17,17.943,17.807,18.089,17.515
2018-01-18,17.816,18.4,18.458,17.7
2018-01-19,18.468,18.293,18.468,18.059
2018-01-22,18.409,18.429,18.546,18.137
2018-01-23,18.429,18.312,18.507,18.254
2018-01-24,18.312,18.186,18.39,18.108
2018-01-25,18.205,18.293,18.623,18.186
2018-01-26,18.186,18.108,18.361,18.089
2018-01-29,18.079,17.855,18.254,17.768
2018-01-30,17.875,17.758,18.118,17.602
2018-01-31,17.748,17.495,17.748,17.427
2018-02-01,17.495,17.174,17.583,17.019
2018-02-02,17.116,17.019,17.33,16.046
2018-02-05,16.533,16.805,16.922,16.338
2018-02-06,16.533,16.542,16.698,16.416
2018-02-07,16.61,16.591,17.106,16.435
2018-02-08,16.533,16.737,16.805,16.533
2018-02-09,16.533,16.241,16.61,16.124
2018-02-12,16.503,16.533,16.61,16.153
2018-02-13,16.552,16.542,16.708,16.513
2018-02-14,16.708,16.26,16.708,16.144
2018-02-22,16.338,16.474,16.503,16.27
2018-02-23,16.435,16.581,16.63,16.26
2018-02-26,16.581,16.834,16.912,16.581
2018-02-27,16.844,16.863,16.912,16.678
2018-02-28,16.863,16.853,16.863,16.698
2018-03-01,16.853,16.999,16.999,16.64
2018-03-02,16.922,17.194,17.252,16.902
2018-03-05,17.184,16.97,17.33,16.97
2018-03-06,16.98,17.019,17.223,16.97
2018-03-07,17.019,16.902,17.204,16.844
2018-03-08,16.922,17.388,17.486,16.766
2018-03-09,17.398,17.369,17.447,17.145
2018-03-12,17.505,18.205,18.682,17.281
2018-03-13,18.186,18.098,18.371,17.807
2018-03-14,18.371,17.816,18.371,17.816
2018-03-15,17.816,17.748,17.865,17.525
2018-03-16,17.943,18.157,19.528,17.943
2018-03-19,18.089,18.264,18.458,17.894
2018-03-20,18.05,18.555,18.614,17.758
2018-03-21,18.798,18.186,19.061,18.069
2018-03-22,18.283,17.914,18.322,17.748
2018-03-23,17.476,16.776,17.602,16.542
2018-03-26,16.766,17.077,17.165,16.27
2018-03-27,17.067,17.398,17.855,17.067
2018-03-28,17.272,17.447,17.7,17.233
2018-03-29,17.388,17.505,17.612,17.388
2018-03-30,17.525,17.7,17.777,17.525
2018-04-02,17.875,17.719,17.943,17.67
2018-04-03,17.34,17.486,17.602,17.34
2018-04-04,17.554,17.923,18.322,17.554
2018-04-09,17.845,19.042,19.713,17.456
2018-04-10,18.867,18.497,18.867,18.001
2018-04-11,18.361,18.137,18.458,18.108
2018-04-12,18.02,18.186,18.293,18.02
2018-04-13,18.322,18.079,18.4,17.991
2018-04-16,18.089,18.575,18.837,17.982
2018-04-17,18.439,17.612,18.439,17.563
2018-04-18,17.748,17.787,17.845,17.311
2018-04-19,17.777,17.68,17.845,17.612
2018-04-20,17.68,17.1,17.72,17.0
2018-04-23,17.0,17.11,17.25,16.98
2018-04-24,17.16,17.48,17.52,17.16
2018-04-25,17.42,17.59,17.63,17.21
2018-04-26,17.59,17.25,17.59,17.1
2018-04-27,17.25,17.72,17.73,17.16
2018-05-02,17.73,17.93,18.1,17.73
2018-05-03,17.84,17.9,17.93,17.6
2018-05-04,17.89,18.13,18.26,17.74
2018-05-07,18.12,18.45,18.8,18.1
2018-05-08,18.7,18.35,18.77,18.21
2018-05-09,18.25,18.35,18.7,18.15
2018-05-10,18.36,18.88,18.95,18.36
2018-05-11,18.71,18.49,18.91,18.4
2018-05-14,18.49,18.43,19.13,18.23
2018-05-15,18.33,18.61,18.85,18.24
2018-05-16,18.5,19.15,19.39,18.5
2018-05-17,18.93,18.79,19.05,18.54
2018-05-18,18.79,18.61,18.79,18.43
2018-05-21,18.67,18.62,18.8,18.56
2018-05-22,18.62,18.65,18.71,18.41
2018-05-23,18.64,18.3,18.77,18.26
2018-05-24,18.37,18.29,18.37,18.25
2018-05-25,18.25,17.9,18.34,17.81
