date,open,close,high,low
2016-01-04,59.44,53.496,59.872,53.496
2016-01-05,51.138,51.541,54.429,48.584
2016-01-06,51.531,53.545,53.702,50.647
2016-01-07,52.563,48.2,52.563,48.191
2016-01-08,49.615,49.419,50.45,46.353
2016-01-11,48.23,44.496,50.352,44.496
2016-01-12,45.341,45.223,46.628,43.141
2016-01-13,45.292,42.492,46.157,42.492
2016-01-14,41.883,44.349,45.037,40.969
2016-01-15,44.113,43.229,45.98,43.042
2016-01-18,42.05,45.43,47.257,42.05
2016-01-19,45.165,46.913,47.257,45.027
2016-01-20,46.285,46.275,47.198,45.656
2016-01-21,45.764,45.194,47.621,45.194
2016-01-22,45.666,45.783,46.157,44.212
2016-01-25,46.176,45.852,46.737,45.42
2016-01-26,45.204,41.264,45.489,41.264
2016-01-27,42.237,41.313,42.247,39.299
2016-01-28,41.018,39.417,41.431,39.299
2016-01-29,39.299,41.362,42.718,39.132
2016-02-01,41.264,40.468,42.522,40.085
2016-02-02,40.468,42.089,42.423,40.468
2016-02-03,41.962,43.966,44.094,41.755
2016-02-04,43.917,44.388,44.654,43.445
2016-02-05,44.438,44.103,44.85,43.936
2016-02-15,43.209,43.681,44.192,42.335
2016-02-16,43.917,45.567,45.764,43.779
2016-02-17,45.214,45.98,45.98,44.781
2016-02-18,46.373,46.579,47.847,45.882
2016-02-19,46.569,46.373,46.786,45.685
2016-02-22,46.864,47.837,47.935,46.461
2016-02-23,47.748,46.589,48.112,46.157
2016-02-24,46.569,46.157,46.933,44.359
2016-02-25,45.882,41.539,46.245,41.539
2016-02-26,42.247,41.706,42.345,40.871
2016-02-29,41.461,38.562,41.461,37.825
2016-03-01,38.562,40.409,42.423,38.336
2016-03-02,40.282,44.447,44.447,40.095
2016-03-03,44.428,43.907,46.668,43.376
2016-03-04,43.259,42.109,43.819,41.323
2016-03-07,42.738,43.17,44.496,42.492
2016-03-08,42.836,42.689,43.092,39.299
2016-03-09,41.52,41.736,42.522,41.421
2016-03-10,41.736,40.498,42.247,40.282
2016-03-11,40.419,41.461,41.628,39.928
2016-03-14,41.952,44.212,45.165,41.765
2016-03-15,43.769,44.329,44.595,43.72
2016-03-16,44.673,43.809,45.371,42.797
2016-03-17,44.202,45.98,46.157,43.426
2016-03-18,45.98,48.289,49.114,45.685
2016-03-21,47.159,49.566,49.566,46.127
2016-03-22,48.603,51.521,52.563,48.151
2016-03-23,51.099,51.737,52.062,49.92
2016-03-24,50.981,50.116,51.639,49.998
2016-03-25,49.527,50.686,50.745,48.731
2016-03-28,50.657,49.713,51.482,49.645
2016-03-29,49.821,48.141,50.372,47.257
2016-03-30,48.927,50.391,50.529,48.318
2016-03-31,50.391,50.028,50.991,49.91
2016-04-01,49.821,50.106,50.106,48.554
2016-04-05,50.283,50.657,51.187,49.468
2016-04-06,50.598,50.46,50.843,50.146
2016-04-07,50.784,50.136,50.892,49.89
2016-04-08,50.156,48.584,50.372,47.778
2016-04-11,48.77,50.313,50.401,48.77
2016-04-12,50.529,48.829,50.529,48.534
2016-04-13,49.311,49.517,50.323,49.301
2016-04-14,49.91,53.044,54.469,49.684
2016-04-15,53.113,52.474,53.231,51.089
2016-04-18,52.052,50.254,52.052,50.057
2016-04-19,50.539,51.079,51.58,49.861
2016-04-20,51.167,49.006,52.543,47.994
2016-04-21,48.81,49.291,51.059,48.534
2016-04-22,49.124,50.499,50.765,48.878
2016-04-25,50.156,50.195,50.303,49.134
2016-04-26,50.106,50.922,50.942,49.812
2016-04-27,51.58,50.843,52.504,50.617
2016-04-28,50.981,50.981,52.062,49.88
2016-04-29,51.452,52.376,54.036,50.981
2016-05-03,52.563,55.579,55.952,52.081
2016-05-04,55.314,55.264,56.493,54.429
2016-05-05,55.166,55.176,56.257,54.842
2016-05-06,55.315,51.449,55.503,51.151
2016-05-09,51.349,49.169,51.359,49.119
2016-05-10,49.169,50.021,50.16,49.149
2016-05-11,50.437,49.912,50.953,49.793
2016-05-12,48.871,50.735,51.23,48.375
2016-05-13,50.527,50.824,51.33,50.269
2016-05-16,50.854,54.918,55.711,50.061
2016-05-17,53.947,53.53,54.968,53.352
2016-05-18,52.747,51.151,53.282,50.358
2016-05-19,51.052,51.102,52.222,50.755
2016-05-20,51.092,51.746,51.875,50.309
2016-05-23,51.905,53.976,54.482,51.875
2016-05-24,53.927,53.104,53.927,52.658
2016-05-25,53.778,54.105,54.819,52.896
2016-05-26,54.175,54.74,54.869,52.351
2016-05-27,54.581,55.394,55.949,54.333
2016-05-30,54.908,55.215,56.455,53.778
2016-05-31,55.295,57.039,57.277,55.176
2016-06-01,57.376,57.039,57.476,56.534
2016-06-02,57.238,56.692,57.495,55.513
2016-06-03,56.851,57.624,58.675,56.851
2016-06-06,57.495,56.901,58.655,56.514
2016-06-07,57.0,58.735,58.735,56.385
2016-06-08,58.635,57.793,59.121,56.653
2016-06-13,56.901,56.078,59.934,55.969
2016-06-14,56.504,56.633,58.487,55.86
2016-06-15,57.277,60.112,61.044,57.039
2016-06-16,59.577,59.954,61.153,59.577
2016-06-17,60.469,61.411,61.956,59.865
2016-06-20,62.244,64.177,64.613,61.49
2016-06-21,64.335,62.839,65.396,61.818
2016-06-22,62.839,65.069,65.307,62.244
2016-06-23,65.317,66.229,67.904,64.514
2016-06-24,66.001,68.806,68.905,63.493
2016-06-27,68.697,75.686,75.686,68.449
2016-06-28,77.768,76.528,78.313,73.406
2016-06-29,75.587,74.675,76.132,73.822
2016-06-30,74.556,75.725,76.33,72.167
2016-07-01,74.823,72.068,75.24,72.028
2016-07-04,71.879,72.861,73.584,71.869
2016-07-05,72.97,74.536,74.813,72.167
2016-07-06,74.348,73.208,75.557,72.861
2016-07-07,73.981,71.77,73.981,70.878
2016-07-08,72.167,71.651,72.851,71.512
2016-07-11,71.77,71.483,73.039,71.393
2016-07-12,72.018,71.393,72.315,69.916
2016-07-13,71.443,72.048,73.217,71.156
2016-07-14,72.504,71.532,72.504,70.779
2016-07-15,72.871,74.843,75.914,72.573
2016-07-18,74.348,71.374,74.734,71.374
2016-07-19,71.265,69.292,71.324,68.945
2016-07-20,69.688,70.065,70.462,69.104
2016-07-21,71.423,70.898,73.356,70.878
2016-07-22,70.759,70.581,71.076,69.639
2016-07-25,70.581,71.602,71.681,69.946
2016-07-26,71.602,72.603,72.633,71.473
2016-07-27,72.722,69.936,72.722,67.765
2016-07-28,69.391,68.489,70.184,67.914
2016-07-29,68.598,68.509,68.836,67.904
2016-08-01,68.38,67.508,68.499,66.685
2016-08-02,68.083,68.429,68.876,67.408
2016-08-03,68.876,68.489,68.876,68.092
2016-08-04,68.4,68.856,69.728,68.231
2016-08-05,69.113,68.776,69.153,68.083
2016-08-08,68.4,68.885,69.074,68.201
2016-08-09,69.074,69.401,70.323,68.776
2016-08-10,69.401,68.697,69.639,68.4
2016-08-11,68.806,68.231,69.094,68.102
2016-08-12,68.776,69.758,69.887,68.42
2016-08-15,69.589,72.662,72.791,69.589
2016-08-16,72.682,71.939,73.089,71.691
2016-08-17,71.988,71.949,72.96,71.721
2016-08-18,71.572,71.185,72.365,70.402
2016-08-19,71.374,71.493,71.869,70.491
2016-08-22,71.344,69.986,71.562,69.946
2016-08-23,70.402,72.722,72.841,69.986
2016-08-24,72.761,73.455,75.696,72.761
2016-08-25,73.852,73.911,74.595,72.365
2016-08-26,74.357,77.46,78.184,74.357
2016-08-29,77.569,72.365,77.599,71.483
2016-08-30,72.028,72.365,72.702,71.275
2016-08-31,71.869,69.867,72.028,69.718
2016-09-01,69.996,69.936,71.8,69.936
2016-09-02,69.907,69.996,71.017,69.441
2016-09-05,70.382,71.374,72.068,69.758
2016-09-06,71.374,72.672,72.831,70.382
2016-09-07,72.395,73.336,74.298,72.286
2016-09-08,73.336,74.655,75.438,72.761
2016-09-09,74.655,72.117,76.023,71.929
2016-09-12,70.452,71.968,72.732,70.412
2016-09-13,72.464,71.671,72.861,71.374
2016-09-14,71.681,71.562,73.356,71.255
2016-09-19,71.82,74.129,74.179,71.562
2016-09-20,74.546,74.645,76.053,74.348
2016-09-21,74.496,76.122,77.074,73.356
2016-09-22,76.697,76.33,77.084,75.656
2016-09-23,76.439,82.08,83.071,76.35
2016-09-26,81.782,78.114,81.782,77.807
2016-09-27,77.777,76.836,78.313,75.141
2016-09-28,76.33,76.053,77.906,75.418
2016-09-29,76.33,77.163,78.57,75.735
2016-09-30,77.163,79.393,80.048,76.489
2016-10-10,78.808,77.678,79.8,75.408
2016-10-11,77.5,83.448,85.133,76.737
2016-10-12,82.268,81.782,82.724,80.077
2016-10-13,81.782,81.475,82.476,81.019
2016-10-14,81.287,81.762,82.427,80.999
2016-10-17,81.753,78.808,83.269,78.808
2016-10-18,79.126,79.245,79.75,78.214
2016-10-19,79.423,78.967,80.087,78.551
2016-10-20,79.502,78.085,79.542,76.974
2016-10-21,78.105,78.67,78.808,76.34
2016-10-24,77.817,78.789,79.007,77.47
2016-10-25,78.412,79.978,80.771,78.313
2016-10-26,79.899,78.323,79.899,78.114
2016-10-27,78.323,78.323,78.818,78.015
2016-10-28,78.114,78.114,78.858,77.658
2016-10-31,77.827,80.692,80.87,77.827
2016-11-01,80.702,81.435,82.476,80.365
2016-11-02,81.287,80.94,82.774,80.811
2016-11-03,80.315,81.188,82.387,80.315
2016-11-04,80.9,79.889,81.782,79.701
2016-11-07,80.424,78.62,80.424,78.481
2016-11-08,79.294,78.828,79.294,78.491
2016-11-09,78.838,78.561,79.254,77.222
2016-11-10,79.284,80.94,81.277,78.68
2016-11-11,80.96,80.791,81.881,80.444
2016-11-14,80.969,80.979,83.071,79.998
2016-11-15,80.979,80.048,81.287,79.482
2016-11-16,80.147,88.057,88.057,80.097
2016-11-17,89.118,84.608,89.167,83.071
2016-11-18,86.719,87.215,92.459,86.719
2016-11-21,87.215,90.0,94.055,86.134
2016-11-22,90.803,91.368,93.658,88.226
2016-11-23,82.774,84.28,87.106,82.228
2016-11-24,82.437,79.354,83.041,79.304
2016-11-25,79.314,80.285,82.357,79.215
2016-11-28,79.899,78.481,79.998,77.867
2016-11-29,78.214,76.727,79.046,76.34
2016-11-30,77.222,77.153,77.768,76.538
2016-12-01,77.173,76.826,77.708,76.429
2016-12-02,77.361,74.714,77.559,74.397
2016-12-05,74.07,75.438,76.528,73.426
2016-12-06,75.448,76.885,77.797,75.448
2016-12-07,76.935,77.321,78.303,75.835
2016-12-08,77.321,76.717,77.867,76.429
2016-12-09,76.36,76.062,77.044,75.478
2016-12-12,75.894,71.374,76.132,70.709
2016-12-13,71.374,70.67,71.869,69.391
2016-12-14,70.402,70.224,71.275,69.887
2016-12-15,70.293,70.333,71.324,70.085
2016-12-16,70.343,72.603,73.812,70.323
2016-12-19,72.266,71.413,73.356,71.185
2016-12-20,71.433,73.108,74.585,71.433
2016-12-21,72.702,72.871,73.743,72.692
2016-12-22,72.93,73.842,74.1,72.93
2016-12-23,73.416,72.028,73.901,71.889
2016-12-26,71.423,72.167,72.752,70.769
2016-12-27,72.365,73.792,74.348,72.167
2016-12-28,74.447,73.664,74.447,73.267
2016-12-29,73.654,74.853,75.686,73.654
2016-12-30,75.041,74.754,75.636,74.427
2017-01-03,74.754,75.151,76.142,74.645
2017-01-04,75.101,75.111,75.914,74.605
2017-01-05,75.22,73.812,75.22,73.733
2017-01-06,74.209,71.522,74.308,71.175
2017-01-09,71.384,69.847,71.869,69.649
2017-01-10,69.837,69.708,70.888,69.113
2017-01-11,69.391,68.776,69.817,67.924
2017-01-12,68.905,68.876,69.361,68.32
2017-01-13,68.935,67.577,68.945,67.101
2017-01-16,67.309,63.542,67.309,61.461
2017-01-17,63.642,65.475,65.475,62.502
2017-01-18,65.327,64.93,65.327,64.444
2017-01-19,64.494,64.712,65.604,64.216
2017-01-20,64.712,66.397,66.566,64.464
2017-01-23,66.288,67.25,68.192,65.624
2017-01-24,67.032,67.171,68.281,66.427
2017-01-25,67.408,68.42,68.786,66.695
2017-01-26,68.231,67.498,68.796,67.488
2017-02-03,67.26,67.349,67.983,66.962
2017-02-06,67.547,66.913,67.627,66.794
2017-02-07,67.299,65.921,67.299,65.872
2017-02-08,66.001,67.012,67.389,64.93
2017-02-09,67.349,67.309,68.162,67.081
2017-02-10,67.299,67.131,67.884,67.022
2017-02-13,67.309,68.449,68.697,66.923
2017-02-14,68.489,67.964,68.786,67.845
2017-02-15,66.943,65.436,66.943,64.732
2017-02-16,65.555,66.278,66.447,64.93
2017-02-17,66.07,65.307,66.952,65.228
2017-02-20,64.851,65.525,65.674,64.831
2017-02-21,65.594,65.664,66.12,65.446
2017-02-22,65.852,65.634,66.298,65.228
2017-02-23,65.753,66.06,66.229,65.436
2017-02-24,66.08,67.399,67.855,65.723
2017-02-27,67.21,65.604,67.21,65.604
2017-02-28,65.674,65.991,66.189,65.485
2017-03-01,65.991,65.951,66.387,65.525
2017-03-02,66.189,65.803,66.189,65.584
2017-03-03,65.515,65.426,65.783,64.95
2017-03-06,65.505,66.764,67.061,65.238
2017-03-07,66.804,67.339,67.706,66.794
2017-03-08,67.587,69.897,72.95,67.567
2017-03-09,71.106,69.49,71.106,68.776
2017-03-10,69.143,69.034,69.679,68.598
2017-03-13,69.292,69.381,69.47,68.41
2017-03-14,69.371,69.193,70.303,68.915
2017-03-15,69.193,69.282,69.946,68.707
2017-03-16,69.431,69.976,70.283,69.193
2017-03-17,70.045,70.045,71.056,69.688
2017-03-20,70.035,68.4,70.035,68.231
2017-03-21,68.4,69.094,69.272,68.221
2017-03-22,68.4,68.776,69.341,68.251
2017-03-23,68.846,69.599,70.154,68.598
2017-03-24,70.382,69.857,70.382,69.5
2017-03-27,69.857,68.836,69.857,68.499
2017-03-28,69.084,68.727,69.341,68.618
2017-03-29,68.697,66.913,69.232,66.913
2017-03-30,66.913,65.594,66.962,65.228
2017-03-31,67.408,67.438,69.609,66.695
2017-04-05,67.686,67.924,68.667,66.903
2017-04-06,67.954,70.293,70.967,67.924
2017-04-07,69.986,69.203,70.422,69.014
2017-04-10,69.282,66.744,69.49,66.576
2017-04-11,66.734,66.814,67.636,65.525
2017-04-12,66.814,65.654,66.814,65.614
2017-04-13,65.426,65.624,66.397,65.178
2017-04-14,65.654,65.446,66.04,65.228
2017-04-17,64.791,63.84,65.247,63.681
2017-04-18,63.969,63.642,65.059,63.304
2017-04-19,63.642,61.243,63.642,60.489
2017-04-20,61.262,59.577,61.609,59.577
2017-04-21,59.656,59.23,59.656,58.596
2017-04-24,59.954,60.737,61.252,59.805
2017-04-25,60.45,60.678,61.114,59.974
2017-04-26,61.362,61.262,61.936,60.727
2017-04-27,61.064,63.245,63.939,60.866
2017-04-28,62.521,64.107,65.228,62.521
2017-05-02,64.881,64.008,65.168,63.998
2017-05-03,63.909,62.482,64.316,62.274
2017-05-04,62.948,63.463,64.355,62.551
2017-05-05,63.82,62.452,63.82,62.452
2017-05-08,62.432,61.114,63.929,61.114
2017-05-09,60.588,61.064,61.411,60.37
2017-05-10,61.352,60.559,61.867,60.559
2017-05-11,60.559,60.37,61.302,58.992
2017-05-12,60.36,60.331,60.737,59.984
2017-05-15,60.34,61.183,61.441,59.994
2017-05-16,61.362,61.956,62.055,59.696
2017-05-17,61.956,61.857,62.442,61.312
2017-05-18,61.738,60.965,62.055,60.955
2017-05-19,61.153,60.261,61.332,60.073
2017-05-22,60.222,59.438,60.519,59.399
2017-05-23,59.379,57.099,59.458,57.0
2017-05-24,57.297,57.198,58.556,56.534
2017-05-25,57.4,56.02,57.5,55.5
2017-05-26,56.02,54.78,56.1,54.51
2017-05-31,55.55,54.85,55.99,54.82
2017-06-01,54.69,55.02,55.66,54.11
2017-06-02,55.79,55.44,55.88,53.02
2017-06-05,55.28,55.66,56.45,55.28
2017-06-06,55.6,55.4,55.84,55.0
2017-06-07,56.4,57.73,57.99,55.6
2017-06-08,57.99,60.7,61.97,57.28
2017-06-09,60.8,59.0,60.8,58.81
2017-06-12,58.25,56.68,58.86,56.6
2017-06-13,56.43,57.3,57.85,56.43
2017-06-14,57.48,57.94,58.25,56.9
2017-06-15,57.5,58.66,59.35,57.5
2017-06-16,58.5,57.93,59.04,57.82
2017-06-19,57.89,58.41,58.86,57.89
2017-06-20,58.41,58.5,59.2,58.25
2017-06-21,58.7,58.37,58.95,57.7
2017-06-22,58.37,56.92,58.37,56.9
2017-06-23,56.88,56.26,57.16,54.86
2017-06-26,56.23,57.1,57.25,56.02
2017-06-27,57.27,57.47,58.16,57.02
2017-06-28,57.6,56.3,57.6,56.3
2017-06-29,56.99,58.29,58.68,56.2
2017-06-30,57.65,58.25,58.38,57.62
2017-07-03,58.54,58.25,58.54,57.9
2017-07-04,58.78,57.19,58.78,57.02
2017-07-05,57.2,57.54,57.8,56.8
2017-07-06,57.73,57.72,57.88,56.97
2017-07-07,57.97,59.1,59.4,57.69
2017-07-10,58.87,57.87,59.5,57.8
2017-07-11,57.75,57.4,58.23,57.4
2017-07-12,57.4,57.92,58.16,56.5
2017-07-13,57.98,58.8,59.26,57.95
2017-07-14,58.42,59.12,59.35,58.18
2017-07-17,58.88,55.1,58.88,54.75
2017-07-18,54.36,54.7,55.54,54.36
2017-07-19,54.88,55.2,55.56,54.1
2017-07-20,55.17,54.71,55.83,54.71
2017-07-21,54.78,54.72,55.5,54.6
2017-07-24,54.72,53.29,54.99,52.0
2017-07-25,53.39,53.06,53.39,52.6
2017-07-26,53.02,52.81,53.47,52.75
2017-07-27,53.15,54.1,54.23,52.35
2017-07-28,54.1,53.51,54.1,53.27
2017-07-31,53.57,53.78,53.99,52.8
2017-08-01,53.88,53.72,53.93,53.01
2017-08-02,53.57,53.1,53.88,52.88
2017-08-03,52.85,53.21,53.25,52.52
2017-08-04,52.87,52.42,53.25,52.28
2017-08-07,52.42,52.91,53.15,52.37
2017-08-08,52.9,52.52,53.3,52.3
2017-08-09,52.4,53.0,53.15,52.4
2017-08-10,53.1,52.0,53.1,52.0
2017-08-11,51.9,51.27,52.15,51.16
2017-08-14,51.69,52.2,52.2,51.55
2017-08-15,52.2,52.09,52.7,51.68
2017-08-16,52.19,53.49,53.5,52.06
2017-08-17,53.97,53.14,53.97,53.01
2017-08-18,53.11,53.13,54.06,53.0
2017-08-21,53.5,53.3,53.58,52.95
2017-08-22,53.29,53.2,53.53,52.97
2017-08-23,53.31,53.0,53.4,52.95
2017-08-24,53.2,52.91,53.39,52.87
2017-08-25,53.22,53.22,53.48,52.92
2017-08-28,53.5,54.72,54.8,53.5
2017-08-29,54.67,56.1,56.38,54.52
2017-08-30,54.0,53.7,54.47,53.47
2017-08-31,53.5,53.72,53.96,53.4
2017-09-01,53.72,53.86,54.14,53.55
2017-09-04,53.95,53.5,53.98,53.48
2017-09-05,53.76,53.91,53.94,53.51
2017-09-06,53.92,54.37,54.37,53.41
2017-09-07,54.5,54.25,54.87,54.1
2017-09-08,54.0,53.95,54.31,53.75
2017-09-11,53.95,54.61,55.0,53.73
2017-09-12,54.88,54.28,55.2,53.84
2017-09-13,54.37,54.18,54.63,53.98
2017-09-14,54.38,54.21,54.88,53.71
2017-09-15,53.82,54.2,54.46,53.82
2017-09-18,53.95,54.19,54.38,53.92
2017-09-19,54.33,54.38,55.7,54.07
2017-09-20,54.32,54.8,54.9,54.23
2017-09-21,54.55,54.51,55.14,54.51
2017-09-22,54.48,54.83,54.87,54.12
2017-09-25,55.0,55.44,56.44,54.83
2017-09-26,55.4,55.4,56.19,54.65
2017-09-27,55.21,55.91,56.0,55.05
2017-09-28,56.5,55.9,57.17,55.36
2017-09-29,56.19,58.03,58.49,55.93
2017-10-09,58.03,58.23,59.48,57.65
2017-10-10,58.25,58.6,58.64,57.66
2017-10-11,58.21,59.2,59.22,58.04
2017-10-12,59.18,58.7,59.49,58.5
2017-10-13,58.7,57.98,58.88,57.71
2017-10-16,57.97,56.8,58.46,56.78
2017-10-17,56.81,56.85,57.56,56.6
2017-10-18,56.85,57.06,57.45,56.85
2017-10-19,57.3,56.9,57.47,56.58
2017-10-20,56.86,57.48,57.63,56.73
2017-10-23,57.89,57.74,58.8,57.51
2017-10-24,58.05,58.21,58.43,57.73
2017-10-25,58.06,59.6,59.7,58.05
2017-10-26,59.6,58.92,59.7,58.7
2017-10-27,58.98,58.81,59.4,58.42
2017-10-30,58.2,55.08,58.2,55.05
2017-10-31,54.78,55.1,55.42,54.78
2017-11-01,55.37,55.16,55.8,55.08
2017-11-02,54.81,54.61,55.24,53.84
2017-11-03,54.6,54.1,55.21,53.73
2017-11-06,54.12,54.16,54.39,53.72
2017-11-07,54.28,54.58,54.58,54.02
2017-11-08,54.76,55.39,55.87,54.58
2017-11-09,55.36,55.09,55.52,54.76
2017-11-10,55.05,55.37,55.87,55.05
2017-11-13,55.44,54.5,55.8,54.48
2017-11-14,54.69,53.5,54.69,53.12
2017-11-15,53.19,52.65,53.49,52.52
2017-11-16,52.27,53.25,53.9,52.27
2017-11-17,53.24,52.33,53.7,52.25
2017-11-20,52.93,52.48,52.97,51.39
2017-11-21,52.7,52.35,52.87,51.5
2017-11-22,52.37,51.9,52.48,51.55
2017-11-23,51.92,51.42,52.09,51.42
2017-11-24,51.16,51.56,51.78,51.08
2017-11-27,51.84,50.49,51.84,50.4
2017-11-28,50.51,51.1,51.2,50.49
2017-11-29,51.18,50.4,51.18,49.95
2017-11-30,50.45,50.18,50.68,50.06
2017-12-01,50.18,50.6,50.68,50.09
2017-12-04,50.69,48.6,50.69,48.55
2017-12-05,48.59,47.19,48.79,47.0
2017-12-06,46.51,47.28,47.49,46.5
2017-12-07,46.68,47.3,47.65,46.67
2017-12-08,47.36,47.3,47.88,47.03
2017-12-11,47.39,47.5,47.57,47.13
2017-12-12,47.45,48.3,50.88,47.2
2017-12-13,48.0,48.78,49.3,47.7
2017-12-14,48.48,48.68,49.17,48.2
2017-12-15,48.5,48.05,48.86,47.75
2017-12-18,47.9,46.42,48.23,45.66
2017-12-19,46.48,46.33,46.59,46.12
2017-12-20,46.33,45.2,46.33,45.16
2017-12-21,45.2,45.86,46.24,45.03
2017-12-22,45.68,45.49,46.27,45.33
2017-12-25,45.49,44.99,45.84,44.47
2017-12-26,45.1,45.44,45.7,44.75
2017-12-27,45.44,44.87,45.65,44.55
2017-12-28,44.63,45.22,45.43,44.56
2017-12-29,45.22,45.2,45.45,45.09
2018-01-02,45.2,45.68,45.79,44.83
2018-01-03,45.64,46.08,46.38,45.31
2018-01-04,46.29,45.7,46.29,45.55
2018-01-05,45.88,46.08,46.28,45.33
2018-01-08,45.92,45.97,46.93,45.78
2018-01-09,46.1,46.0,46.19,45.71
2018-01-10,46.26,45.83,46.26,45.55
2018-01-11,45.6,46.0,46.1,45.51
2018-01-12,46.15,45.58,46.15,45.36
2018-01-15,45.1,43.97,45.45,43.9
2018-01-16,44.04,44.31,44.65,43.96
2018-01-17,44.15,45.98,46.19,43.33
2018-01-18,45.71,46.48,46.52,45.71
2018-01-19,46.48,46.17,46.71,45.8
2018-01-22,46.15,46.03,46.17,45.51
2018-01-23,46.03,47.96,48.8,46.03
2018-01-24,47.98,48.24,48.67,47.23
2018-01-25,47.71,46.6,47.98,46.4
2018-01-26,46.6,45.8,47.0,45.8
2018-01-29,46.2,46.03,46.45,45.66
2018-01-30,46.02,46.06,46.17,45.62
2018-01-31,46.37,46.1,46.37,45.66
2018-02-01,46.36,46.92,48.2,46.36
2018-02-02,46.52,45.6,46.52,44.01
2018-02-05,44.9,45.89,49.0,44.14
2018-02-06,45.41,44.95,46.9,44.51
2018-02-07,44.95,45.03,46.0,44.3
2018-02-08,44.5,45.26,45.77,44.33
2018-02-09,45.0,44.6,45.65,44.3
2018-02-12,45.0,45.94,46.33,44.66
2018-02-13,46.24,46.73,46.92,45.93
2018-02-14,46.72,46.65,47.14,46.21
2018-02-22,46.77,47.05,47.59,46.35
2018-02-23,47.05,46.75,47.44,46.75
2018-02-26,46.78,47.79,47.79,46.51
2018-02-27,47.77,47.68,48.23,47.41
2018-02-28,47.56,46.78,47.65,46.65
2018-03-01,46.58,47.67,47.69,46.58
2018-03-02,47.01,47.1,47.46,47.01
2018-03-05,47.25,46.95,47.28,46.46
2018-03-06,46.9,48.44,48.47,46.6
2018-03-07,48.5,48.07,48.84,47.91
2018-03-08,47.91,48.74,48.81,47.79
2018-03-09,49.0,49.9,49.98,48.51
2018-03-12,50.15,49.52,50.49,49.51
2018-03-13,49.52,49.1,49.81,48.7
2018-03-14,48.9,51.03,51.85,48.72
2018-03-15,51.0,50.6,51.0,49.88
2018-03-16,50.6,50.49,50.75,49.88
2018-03-19,50.23,50.75,50.9,50.23
2018-03-20,49.88,50.5,50.58,49.66
2018-03-21,50.5,49.03,50.89,49.03
2018-03-22,49.07,49.06,49.47,48.14
2018-03-23,48.66,46.0,48.66,45.77
2018-03-26,45.99,46.53,46.88,45.11
2018-03-27,46.98,47.52,47.75,46.98
2018-03-28,47.03,47.2,47.77,47.0
2018-03-29,47.55,47.23,47.88,47.06
2018-03-30,47.61,47.59,47.8,47.25
2018-04-02,47.66,48.25,48.28,47.47
2018-04-03,47.79,47.54,48.03,47.39
2018-04-04,47.28,47.28,47.97,47.25
2018-04-09,47.24,46.45,47.27,45.12
2018-04-10,46.29,46.39,46.94,46.29
2018-04-11,46.4,46.97,47.43,46.39
2018-04-12,46.97,47.22,47.44,46.68
2018-04-13,46.5,49.3,51.0,46.5
2018-04-16,49.15,48.1,49.3,47.5
2018-04-17,48.1,46.58,48.5,46.48
2018-04-18,46.75,48.69,49.17,46.75
2018-04-19,48.51,47.0,48.51,46.9
2018-04-20,46.9,46.4,47.49,46.2
2018-04-23,46.85,46.68,47.16,46.38
2018-04-24,45.44,46.93,48.86,44.5
2018-04-25,46.33,45.15,46.33,45.12
2018-04-26,45.2,41.76,45.2,41.53
2018-04-27,41.97,41.22,42.24,40.83
2018-05-02,41.3,41.3,42.35,41.16
2018-05-03,41.38,40.79,41.38,40.26
2018-05-04,41.08,41.31,41.98,40.77
2018-05-07,41.44,41.94,42.01,41.29
2018-05-08,42.07,42.09,42.28,41.79
2018-05-09,42.09,42.08,42.24,41.69
2018-05-10,42.4,43.09,43.26,42.02
2018-05-11,43.1,43.09,43.5,42.8
2018-05-14,43.09,41.66,43.1,41.5
2018-05-15,41.98,42.35,42.79,41.22
2018-05-16,42.24,41.84,42.28,41.74
2018-05-17,41.98,41.68,42.19,41.51
2018-05-18,41.99,41.83,41.99,41.3
2018-05-21,42.14,42.41,42.79,41.88
2018-05-22,42.43,42.35,42.47,41.92
2018-05-23,42.33,42.1,42.64,42.1
2018-05-24,42.12,42.11,42.43,41.61
2018-05-25,41.88,41.52,42.12,41.45
