date,open,close,high,low
2016-01-04,6.415,6.415,6.415,6.415
2016-01-05,7.054,7.054,7.054,7.054
2016-01-06,7.764,7.764,7.764,7.764
2016-01-07,8.543,8.543,8.543,8.543
2016-01-08,9.403,9.403,9.403,9.403
2016-01-11,10.342,10.342,10.342,10.342
2016-01-12,11.381,11.381,11.381,11.381
2016-01-13,12.52,12.52,12.52,12.52
2016-01-14,13.769,13.769,13.769,13.769
2016-01-15,15.148,15.148,15.148,15.148
2016-01-18,16.667,16.667,16.667,16.667
2016-01-19,18.335,18.335,18.335,18.335
2016-01-20,20.174,20.174,20.174,20.174
2016-01-21,22.192,22.192,22.192,22.192
2016-01-22,24.411,24.411,24.411,24.411
2016-01-25,26.849,26.849,26.849,26.849
2016-01-26,28.577,24.161,28.747,24.161
2016-01-27,21.743,21.743,21.743,21.743
2016-01-28,20.484,19.564,20.863,19.564
2016-01-29,18.136,19.335,21.273,18.136
2016-02-01,18.775,20.863,21.273,18.395
2016-02-02,19.934,21.273,21.303,19.504
2016-02-03,20.374,23.401,23.401,20.184
2016-02-04,24.98,25.739,25.739,24.98
2016-02-05,28.317,27.588,28.317,23.981
2016-02-15,25.849,26.729,27.858,24.83
2016-02-16,26.479,29.407,29.407,26.279
2016-02-17,30.476,29.766,32.134,28.977
2016-02-18,28.977,30.286,31.775,28.677
2016-02-19,29.177,28.317,29.926,27.678
2016-02-22,28.877,28.787,29.476,28.277
2016-02-23,28.577,30.436,31.425,27.998
2016-02-24,29.676,28.857,30.076,27.958
2016-02-25,27.978,25.969,28.557,25.969
2016-02-26,25.09,25.55,26.779,23.981
2016-02-29,24.99,22.992,25.08,22.992
2016-03-01,22.842,23.961,25.29,21.673
2016-03-02,23.381,24.73,25.18,23.152
2016-03-03,24.58,27.208,27.208,24.331
2016-03-04,26.978,25.38,27.018,24.49
2016-03-07,24.53,25.17,26.279,24.53
2016-03-08,24.49,24.6,24.76,22.982
2016-03-09,23.531,23.991,25.18,23.281
2016-03-10,24.011,23.381,24.76,23.281
2016-03-11,22.952,23.651,24.6,22.482
2016-03-14,24.61,24.74,25.45,24.091
2016-03-15,24.381,23.971,25.18,23.951
2016-03-16,24.311,23.291,24.48,22.982
2016-03-17,23.381,24.181,24.311,22.982
2016-03-18,24.421,24.78,25.48,23.991
2016-03-21,25.0,25.739,26.339,24.48
2016-03-22,25.01,25.749,26.609,24.53
2016-03-23,25.28,26.879,26.998,25.03
2016-03-24,26.379,25.39,26.849,25.38
2016-03-25,25.0,24.76,25.719,24.331
2016-03-28,25.07,24.111,25.35,23.991
2016-03-29,24.111,23.561,24.43,23.251
2016-03-30,23.811,24.371,24.401,23.601
2016-03-31,24.331,24.43,24.88,24.191
2016-04-01,24.331,25.12,25.969,23.691
2016-04-05,24.78,25.48,25.749,24.63
2016-04-06,24.98,25.06,25.43,24.78
2016-04-07,25.25,25.729,27.478,24.98
2016-04-08,25.03,24.68,25.38,24.331
2016-04-11,24.81,25.32,25.38,24.68
2016-04-12,25.19,26.099,26.978,24.99
2016-04-13,26.279,26.379,26.909,25.679
2016-04-14,26.429,27.868,27.968,25.819
2016-04-15,27.198,27.048,27.918,26.779
2016-04-18,26.978,26.239,26.978,25.56
2016-04-19,26.239,26.279,26.919,26.059
2016-04-20,26.279,24.191,26.329,23.731
2016-04-21,23.961,23.401,24.48,23.261
2016-04-22,23.072,23.591,23.731,22.882
2016-04-25,23.631,23.281,23.631,22.532
2016-04-26,23.291,23.501,23.561,23.142
2016-04-27,23.581,23.491,23.981,23.381
2016-04-28,23.601,23.231,23.681,22.752
2016-04-29,23.321,23.052,23.471,22.882
2016-05-03,22.982,23.651,23.661,22.952
2016-05-04,23.591,24.101,24.56,23.381
2016-05-05,23.971,24.47,24.72,23.481
2016-05-06,24.251,24.211,25.58,24.211
2016-05-09,23.371,22.352,23.371,21.982
2016-05-10,22.282,22.382,22.822,21.982
2016-05-11,22.962,22.182,22.962,22.092
2016-05-12,21.952,21.393,21.952,20.863
2016-05-13,21.463,21.203,21.783,21.083
2016-05-16,21.383,21.603,21.683,20.993
2016-05-17,21.713,21.942,22.132,21.533
2016-05-18,21.583,20.284,21.683,20.014
2016-05-19,20.154,20.504,21.233,20.104
2016-05-20,20.134,21.063,21.173,19.884
2016-05-23,20.983,21.373,21.783,20.873
2016-05-24,21.193,20.843,21.373,20.783
2016-05-25,20.893,20.963,21.193,20.683
2016-05-26,21.003,21.433,21.573,20.843
2016-05-27,21.093,21.313,21.763,20.993
2016-05-30,21.123,20.913,21.303,20.484
2016-05-31,20.903,21.992,22.182,20.883
2016-06-01,22.012,22.252,22.862,21.843
2016-06-02,22.262,23.211,23.381,22.002
2016-06-03,22.882,23.122,23.641,22.712
2016-06-06,23.062,24.421,24.86,22.882
2016-06-07,24.421,26.169,26.179,23.711
2016-06-08,25.6,24.74,26.129,24.49
2016-06-13,23.831,22.262,23.911,22.262
2016-06-14,22.172,22.622,22.762,21.992
2016-06-15,22.232,23.261,23.771,22.032
2016-06-16,23.132,23.062,23.361,22.782
2016-06-17,22.932,23.921,24.371,22.932
2016-06-20,23.911,26.309,26.309,23.771
2016-06-21,26.449,28.287,28.937,25.789
2016-06-22,27.668,28.497,30.576,27.478
2016-06-23,27.498,27.148,28.177,26.909
2016-06-24,27.198,26.239,27.478,24.99
2016-06-27,25.969,27.508,27.878,25.699
2016-06-28,27.418,27.248,27.728,26.729
2016-06-29,27.478,28.787,29.556,26.839
2016-06-30,26.988,27.078,27.928,26.928
2016-07-01,27.088,28.697,29.426,26.998
2016-07-04,28.537,29.976,30.476,28.377
2016-07-05,29.656,31.175,31.475,29.287
2016-07-06,30.685,30.755,32.084,29.545
2016-07-07,30.435,31.764,32.154,30.165
2016-07-08,31.734,30.615,31.734,30.385
2016-07-11,29.995,29.165,30.765,28.986
2016-07-12,28.986,29.755,29.835,27.986
2016-07-13,29.845,29.525,30.275,29.095
2016-07-14,29.475,29.315,29.485,28.836
2016-07-15,29.385,29.435,30.115,29.355
2016-07-18,28.926,28.366,29.205,27.986
2016-07-19,28.166,28.296,28.676,27.846
2016-07-20,28.316,28.396,28.586,28.146
2016-07-21,28.546,28.016,28.566,27.986
2016-07-22,28.036,26.847,28.176,26.647
2016-07-25,26.847,26.897,27.306,26.617
2016-07-26,26.747,27.266,27.436,26.747
2016-07-27,27.296,25.417,27.486,24.898
2016-07-28,25.427,26.087,26.287,25.387
2016-07-29,26.087,25.717,26.167,25.387
2016-08-01,25.697,24.728,25.697,23.918
2016-08-02,24.688,25.097,25.487,24.568
2016-08-03,25.107,25.647,25.887,24.838
2016-08-04,25.397,25.437,25.727,25.187
2016-08-05,25.387,25.088,25.677,24.988
2016-08-08,24.788,25.217,25.287,24.088
2016-08-09,25.217,25.437,25.607,25.187
2016-08-10,25.457,25.687,25.867,25.337
2016-08-11,25.837,26.617,27.936,25.727
2016-08-12,26.007,27.816,27.936,25.767
2016-08-15,27.936,28.586,28.886,27.246
2016-08-16,28.246,27.986,28.856,27.976
2016-08-17,27.956,28.076,28.486,27.496
2016-08-18,27.936,27.596,28.336,27.586
2016-08-19,27.386,27.007,27.656,26.967
2016-08-22,27.027,26.577,27.386,26.577
2016-08-23,26.597,26.667,26.967,26.387
2016-08-24,26.767,29.335,29.335,26.767
2016-08-25,29.275,28.386,29.275,28.006
2016-08-26,28.096,27.736,29.185,27.676
2016-08-29,27.446,28.686,28.796,26.787
2016-08-30,28.416,29.685,30.625,28.206
2016-08-31,29.185,29.285,29.975,28.686
2016-09-01,29.095,29.006,30.485,28.996
2016-09-02,28.666,27.986,28.796,27.866
2016-09-05,28.126,28.036,28.616,27.836
2016-09-06,27.986,28.646,28.786,27.796
2016-09-07,28.466,28.186,28.766,28.096
2016-09-08,28.086,27.966,28.356,27.786
2016-09-09,27.816,26.977,28.036,26.857
2016-09-12,26.577,25.847,26.577,25.827
2016-09-13,26.087,26.167,26.557,25.987
2016-09-14,26.087,26.087,26.407,25.867
2016-09-20,26.137,26.487,26.857,24.998
2016-09-21,26.227,26.387,26.817,26.187
2016-09-22,26.417,26.327,26.677,26.297
2016-09-23,26.377,26.287,26.627,26.287
2016-09-26,26.187,25.127,26.187,25.088
2016-09-27,25.088,25.197,25.347,24.698
2016-09-28,25.207,24.908,25.207,24.868
2016-09-29,24.908,24.758,25.097,24.758
2016-09-30,24.538,24.558,24.748,24.488
2016-10-10,24.868,25.407,25.467,24.868
2016-10-11,25.417,25.437,25.727,25.287
2016-10-12,25.097,26.187,26.387,25.097
2016-10-13,26.257,25.887,26.267,25.787
2016-10-14,26.087,26.767,26.937,25.897
2016-10-17,26.767,26.777,26.877,26.517
2016-10-18,25.987,26.747,26.757,25.457
2016-10-19,26.487,26.137,26.597,26.067
2016-10-20,26.137,26.157,26.397,26.027
2016-10-21,26.087,25.837,26.357,25.677
2016-10-24,25.837,26.177,26.247,25.437
2016-10-25,26.177,27.336,28.376,26.017
2016-10-26,27.037,26.737,27.136,26.587
2016-10-27,26.587,26.757,27.366,26.167
2016-10-28,26.767,27.196,28.316,26.757
2016-10-31,26.787,26.467,26.867,26.137
2016-11-01,26.387,27.226,27.346,26.287
2016-11-02,26.937,26.807,27.156,26.647
2016-11-03,26.507,27.466,27.686,26.417
2016-11-04,27.236,28.266,29.935,27.186
2016-11-07,28.276,31.094,31.094,27.786
2016-11-08,31.284,30.485,31.284,29.275
2016-11-09,29.985,30.135,30.455,29.385
2016-11-10,30.085,30.435,31.674,29.985
2016-11-11,29.845,29.365,30.215,29.345
2016-11-14,28.926,32.304,32.304,28.926
2016-11-15,33.883,35.532,35.532,33.483
2016-11-16,35.532,34.243,38.481,33.693
2016-11-17,33.483,37.671,37.671,31.744
2016-11-18,37.701,41.439,41.439,37.701
2016-11-21,43.468,45.587,45.587,42.029
2016-11-22,47.976,44.408,47.976,43.978
2016-11-23,44.108,44.178,45.377,42.539
2016-11-24,43.188,42.279,43.918,41.579
2016-11-25,41.859,41.479,42.519,40.52
2016-11-28,40.98,39.28,41.639,38.591
2016-11-29,39.48,38.481,39.78,38.201
2016-11-30,38.861,37.931,39.1,37.581
2016-12-01,38.271,38.561,38.661,37.511
2016-12-02,38.561,35.212,38.681,34.943
2016-12-05,34.783,35.702,36.282,34.323
2016-12-06,35.552,36.602,37.941,35.162
2016-12-07,36.262,37.561,38.561,36.242
2016-12-08,37.062,38.721,39.46,36.002
2016-12-09,37.781,37.361,39.82,37.281
2016-12-12,35.732,33.633,38.181,33.623
2016-12-13,33.313,32.984,33.543,31.184
2016-12-14,33.054,35.922,36.282,32.064
2016-12-15,34.603,36.202,37.581,34.483
2016-12-16,35.532,36.372,36.942,35.532
2016-12-19,35.712,34.173,36.232,33.483
2016-12-20,33.193,37.591,37.591,33.193
2016-12-21,37.981,39.81,41.129,37.681
2016-12-22,37.961,37.291,38.761,36.632
2016-12-23,35.282,33.563,35.522,33.563
2016-12-26,31.284,32.514,33.243,30.235
2016-12-27,32.084,32.534,33.034,31.864
2016-12-28,32.084,33.613,34.623,31.284
2016-12-29,33.004,32.704,33.943,32.684
2016-12-30,32.074,31.534,32.874,31.494
2017-01-03,31.684,32.444,32.954,30.985
2017-01-04,32.044,32.144,32.404,31.564
2017-01-05,32.004,31.554,32.344,31.484
2017-01-06,31.354,30.735,32.134,30.735
2017-01-09,30.385,29.056,30.385,28.986
2017-01-10,29.135,30.295,30.945,29.135
2017-01-11,29.915,29.066,30.285,28.986
2017-01-12,29.066,28.516,29.775,28.326
2017-01-13,28.676,26.777,28.946,26.587
2017-01-16,26.667,24.428,26.947,24.098
2017-01-17,24.278,25.137,25.477,23.079
2017-01-18,24.788,24.918,25.967,24.488
2017-01-19,24.438,25.137,25.847,24.388
2017-01-20,24.988,25.287,25.647,24.988
2017-01-23,25.337,25.527,26.467,25.337
2017-01-24,25.357,26.577,26.787,25.347
2017-01-25,26.157,26.017,26.417,25.807
2017-01-26,25.897,25.727,26.317,25.537
2017-02-03,25.737,25.847,26.267,25.497
2017-02-06,25.987,26.397,26.487,25.627
2017-02-07,26.387,27.146,28.666,26.187
2017-02-08,26.847,27.796,28.466,26.297
2017-02-09,27.486,27.616,28.176,27.396
2017-02-10,27.626,27.936,28.306,27.316
2017-02-13,27.826,28.656,28.866,27.676
2017-02-14,28.856,28.236,28.886,28.106
2017-02-15,28.116,27.456,28.546,27.396
2017-02-16,27.416,27.256,27.776,26.997
2017-02-17,26.987,27.306,27.756,26.987
2017-02-20,26.887,26.827,27.186,26.467
2017-02-21,26.997,27.276,27.276,26.977
2017-02-22,27.686,28.596,28.956,27.686
2017-02-23,28.006,27.936,28.486,27.756
2017-02-24,28.006,28.066,28.476,27.876
2017-02-27,28.076,27.386,28.076,27.296
2017-02-28,27.126,27.386,27.666,27.126
2017-03-01,27.256,27.356,27.746,27.246
2017-03-02,27.276,26.547,27.306,26.487
2017-03-03,26.547,26.567,26.777,26.487
2017-03-06,26.577,26.917,26.937,26.577
2017-03-07,27.057,27.716,27.766,26.817
2017-03-08,27.996,27.316,28.006,27.186
2017-03-09,27.166,26.947,27.536,26.797
2017-03-10,26.987,26.927,27.326,26.897
2017-03-13,26.687,26.747,26.897,25.987
2017-03-14,26.757,27.706,28.346,26.587
2017-03-15,27.456,27.096,27.456,26.987
2017-03-16,27.007,27.336,27.686,26.987
2017-03-17,27.486,27.636,28.346,27.466
2017-03-20,27.486,29.485,29.555,27.486
2017-03-21,29.285,29.445,29.635,28.596
2017-03-22,29.135,29.995,30.185,28.826
2017-03-23,29.995,30.125,30.485,29.235
2017-03-24,30.085,29.585,30.375,29.325
2017-03-27,29.495,28.936,29.525,28.806
2017-03-28,28.986,28.646,29.465,28.486
2017-03-29,28.906,28.006,28.906,27.836
2017-03-30,28.016,26.257,28.336,26.117
2017-03-31,26.257,26.357,26.687,26.087
2017-04-05,26.587,27.057,27.276,26.437
2017-04-06,27.087,26.877,27.236,26.747
2017-04-07,26.877,26.467,26.877,26.467
2017-04-10,26.437,25.497,26.457,25.487
2017-04-11,25.137,25.837,25.977,23.998
2017-04-12,25.867,25.297,25.867,25.137
2017-04-13,25.137,25.237,25.607,25.058
2017-04-14,25.257,24.688,25.467,24.598
2017-04-17,24.488,24.808,25.487,23.998
2017-04-18,24.838,24.188,24.968,24.098
2017-04-19,23.958,23.488,23.958,22.069
2017-04-20,23.568,22.919,23.668,22.799
2017-04-21,22.439,22.669,23.188,22.439
2017-04-24,22.669,20.43,22.829,20.41
2017-04-25,20.54,20.42,20.94,20.28
2017-04-26,20.43,20.34,20.69,20.19
2017-04-27,20.28,20.14,20.28,19.041
2017-04-28,20.16,20.39,20.65,20.16
2017-05-02,20.35,20.45,20.64,20.25
2017-05-03,20.04,19.94,20.38,19.65
2017-05-04,19.7,19.5,19.93,19.36
2017-05-05,19.54,19.27,19.87,19.2
2017-05-08,19.32,17.591,19.39,17.491
2017-05-09,17.161,17.691,17.911,17.161
2017-05-10,17.801,19.46,19.46,17.731
2017-05-11,19.46,20.04,20.13,18.761
2017-05-12,20.07,19.45,20.07,19.39
2017-05-15,19.79,20.33,21.09,19.41
2017-05-16,20.09,21.169,21.279,19.8
2017-05-17,20.89,20.52,21.169,20.34
2017-05-18,20.39,19.79,20.47,19.61
2017-05-19,19.78,19.29,19.98,19.18
2017-05-22,19.29,18.711,19.87,18.591
2017-05-23,18.541,18.011,19.071,17.951
2017-05-24,17.851,18.301,18.321,16.952
2017-05-25,18.221,18.231,18.431,17.801
2017-05-26,18.371,18.321,18.691,18.231
2017-05-31,18.591,17.941,18.791,17.891
2017-06-01,17.501,16.872,17.891,16.842
2017-06-02,16.932,18.561,18.561,16.702
2017-06-05,19.4,19.56,19.79,18.841
2017-06-06,19.17,19.41,19.49,19.021
2017-06-07,19.44,20.24,21.179,19.35
2017-06-08,20.19,19.99,20.97,19.79
2017-06-09,19.7,19.74,19.86,19.4
2017-06-12,19.27,20.11,20.68,19.27
2017-06-13,19.82,20.4,20.48,19.8
2017-06-14,20.26,20.99,21.789,20.02
2017-06-15,20.64,20.79,21.289,20.59
2017-06-16,20.49,20.3,20.98,20.25
2017-06-19,20.3,20.36,20.77,20.3
2017-06-20,20.31,20.02,20.6,19.99
2017-06-21,20.06,19.95,20.24,19.7
2017-06-22,19.96,20.4,21.489,19.95
2017-06-23,20.08,19.81,20.29,19.29
2017-06-26,19.74,20.47,20.59,19.5
2017-06-27,20.35,20.42,20.96,20.24
2017-06-28,20.25,21.279,21.569,20.07
2017-06-29,21.02,21.149,21.479,20.87
2017-06-30,20.94,21.04,21.439,20.89
2017-07-03,21.189,21.719,21.929,20.95
2017-07-04,21.809,21.329,21.849,21.309
2017-07-05,21.169,21.239,21.349,20.89
2017-07-06,21.379,21.629,21.789,21.139
2017-07-07,21.629,21.319,21.649,21.289
2017-07-10,21.149,20.2,21.149,20.1
2017-07-11,20.09,19.6,20.19,19.5
2017-07-12,19.6,19.45,19.84,18.801
2017-07-13,19.29,19.5,19.65,19.24
2017-07-14,19.5,19.17,19.67,19.14
2017-07-17,19.091,17.551,19.34,17.301
2017-07-18,17.551,18.031,18.171,17.411
2017-07-19,18.041,18.361,18.541,17.891
2017-07-20,18.411,18.191,18.701,18.001
2017-07-21,18.001,18.021,18.341,17.891
2017-07-24,18.051,18.251,18.371,17.941
2017-07-25,18.191,18.331,18.431,18.051
2017-07-26,18.341,17.901,18.351,17.671
2017-07-27,17.711,18.261,18.291,17.711
2017-07-28,18.261,19.14,19.66,18.101
2017-07-31,18.741,18.871,19.19,18.711
2017-08-01,18.691,18.631,18.941,18.491
2017-08-02,18.641,18.161,18.761,18.141
2017-08-03,18.011,18.201,18.481,18.011
2017-08-04,18.06,18.15,18.53,18.02
2017-08-07,18.16,18.2,18.5,18.09
2017-08-08,18.2,18.35,18.4,18.1
2017-08-09,18.21,18.25,18.48,18.2
2017-08-10,18.2,17.86,18.39,17.73
2017-08-11,17.73,17.75,18.09,17.5
2017-08-14,17.83,18.02,18.1,17.76
2017-08-15,18.06,18.11,18.29,18.0
2017-08-16,18.0,18.48,18.48,17.98
2017-08-17,18.39,18.43,18.65,18.3
2017-08-18,18.35,18.72,19.3,18.23
2017-08-21,18.72,19.62,20.3,18.58
2017-08-22,19.4,19.14,19.56,18.91
2017-08-23,19.05,18.65,19.12,18.53
2017-08-24,18.56,18.85,19.35,18.55
2017-08-25,18.66,18.82,19.0,18.52
2017-08-28,18.92,19.03,19.27,18.8
2017-08-29,19.04,19.3,19.76,18.93
2017-08-30,19.05,18.89,19.29,18.88
2017-08-31,18.89,19.04,19.11,18.61
2017-09-01,18.9,19.1,19.17,18.9
2017-09-04,19.1,18.87,19.1,18.8
2017-09-05,18.88,18.8,18.99,18.7
2017-09-06,18.61,18.69,18.8,18.5
2017-09-07,18.73,19.14,19.28,18.66
2017-09-08,19.15,18.93,19.27,18.8
2017-09-11,18.93,19.31,19.47,18.85
2017-09-12,19.23,18.92,19.47,18.91
2017-09-13,18.8,19.07,19.17,18.75
2017-09-14,19.07,18.98,19.3,18.91
2017-09-15,18.85,18.58,19.07,18.5
2017-09-18,18.5,18.66,18.73,18.43
2017-09-19,18.66,18.4,18.7,18.34
2017-09-20,18.34,18.43,18.45,18.04
2017-09-21,18.33,18.71,18.97,18.33
2017-09-22,18.6,18.37,18.7,18.23
2017-09-25,18.25,18.05,18.36,18.02
2017-09-26,18.05,18.01,18.2,17.91
2017-09-27,18.15,18.05,18.15,18.03
2017-09-28,17.9,17.72,18.24,17.7
2017-09-29,17.8,17.87,17.98,17.75
2017-10-09,18.03,18.08,18.18,18.01
2017-10-10,18.12,18.34,18.36,18.03
2017-10-11,18.34,18.44,18.44,18.08
2017-10-12,18.4,18.71,18.87,18.28
2017-10-13,18.7,18.53,18.76,18.4
2017-10-16,18.4,17.93,18.52,17.85
2017-10-17,17.94,18.04,18.15,17.94
2017-10-18,18.18,17.85,18.18,17.8
2017-10-19,17.91,17.54,17.99,17.5
2017-10-20,17.54,17.68,17.73,17.54
2017-10-23,17.68,17.86,17.9,17.61
2017-10-24,17.84,17.81,17.84,17.63
2017-10-25,17.81,18.15,18.8,17.71
2017-10-26,18.0,18.07,18.15,17.9
2017-10-27,18.08,17.91,18.18,17.9
2017-10-30,18.08,17.32,18.08,17.22
2017-10-31,17.32,17.42,17.49,17.28
2017-11-01,17.4,17.32,17.57,17.32
2017-11-02,17.3,17.02,17.41,16.92
2017-11-03,17.0,16.76,17.1,16.61
2017-11-06,16.76,16.84,16.94,16.71
2017-11-07,16.87,16.92,16.94,16.79
2017-11-08,16.99,16.92,17.0,16.84
2017-11-09,16.93,16.79,16.93,16.72
2017-11-10,16.7,16.85,16.87,16.69
2017-11-13,16.95,16.65,16.95,16.63
2017-11-14,16.5,16.34,16.69,16.2
2017-11-15,16.33,15.95,16.33,15.9
2017-11-16,15.8,15.97,16.14,15.7
2017-11-17,16.04,14.98,16.05,14.65
2017-11-20,14.9,15.2,15.87,14.04
2017-11-21,15.2,14.8,15.2,14.6
2017-11-22,14.61,14.53,14.89,14.53
2017-11-23,14.5,13.87,14.63,13.87
2017-11-24,13.86,14.12,14.5,13.6
2017-11-27,14.0,14.39,14.67,13.7
2017-11-28,14.31,14.28,14.49,14.05
2017-11-29,14.3,14.16,14.35,14.05
2017-11-30,14.16,14.16,14.4,14.02
2017-12-01,14.2,14.15,14.28,14.05
2017-12-04,14.08,13.83,14.3,13.83
2017-12-05,13.75,12.95,13.91,12.88
2017-12-06,12.91,13.15,13.2,12.9
2017-12-07,13.1,13.69,13.99,12.99
2017-12-08,13.68,13.68,14.39,13.51
2017-12-11,13.69,13.53,13.69,13.39
2017-12-12,13.42,13.2,13.58,13.18
2017-12-13,13.15,13.32,13.4,13.1
2017-12-14,13.33,13.22,13.38,13.17
2017-12-15,13.21,13.36,13.8,13.16
2017-12-18,13.25,13.45,13.64,12.9
2017-12-19,13.42,13.37,13.48,13.31
2017-12-20,13.31,13.04,13.35,12.95
2017-12-21,13.1,13.18,13.45,12.85
2017-12-22,13.05,13.4,13.6,13.05
2017-12-25,13.4,13.7,13.95,13.14
2017-12-26,13.65,13.76,13.81,13.49
2017-12-27,13.73,13.54,13.73,13.41
2017-12-28,13.5,13.3,13.66,13.3
2017-12-29,13.29,13.4,13.54,13.21
2018-01-02,13.37,13.57,13.59,13.26
2018-01-03,13.57,14.07,14.36,13.46
2018-01-04,13.94,13.88,14.08,13.8
2018-01-05,13.85,13.9,14.04,13.76
2018-01-08,13.88,13.7,13.88,13.65
2018-01-09,13.6,13.63,13.78,13.6
2018-01-10,13.63,13.33,13.67,13.25
2018-01-11,13.25,13.38,13.51,13.21
2018-01-12,13.39,13.31,13.48,13.26
2018-01-15,13.17,12.67,13.17,12.6
2018-01-16,12.5,13.29,13.85,12.5
2018-01-17,13.22,13.27,13.76,12.96
2018-01-18,13.27,13.02,13.36,13.01
2018-01-19,13.07,12.91,13.08,12.89
2018-01-22,12.8,13.01,13.15,12.7
2018-01-23,12.96,13.01,13.15,12.95
2018-01-24,12.98,12.99,13.11,12.87
2018-01-25,12.96,12.97,13.1,12.96
2018-01-26,13.04,13.09,13.14,12.96
2018-01-29,13.12,12.89,13.29,12.86
2018-01-30,12.97,12.81,12.97,12.63
2018-01-31,12.68,12.2,12.79,12.2
2018-02-01,12.18,11.15,12.3,11.03
2018-02-02,11.1,10.76,11.1,10.57
2018-02-05,10.67,11.1,11.42,10.5
2018-02-06,10.9,10.66,11.34,10.65
2018-02-07,10.94,10.6,11.3,10.28
2018-02-08,10.58,10.6,10.97,10.4
2018-02-09,10.45,10.36,10.48,10.24
2018-02-12,10.48,10.53,10.62,10.41
2018-02-13,10.5,10.49,10.79,10.48
2018-02-14,10.45,10.52,10.68,10.45
2018-02-22,10.89,10.7,10.89,10.54
2018-02-23,10.64,10.81,10.88,10.64
2018-02-26,10.82,11.04,11.1,10.82
2018-02-27,10.97,11.05,11.1,10.96
2018-02-28,11.01,11.44,11.8,10.82
2018-03-01,11.8,11.4,11.8,11.3
2018-03-02,11.31,11.37,11.45,11.23
2018-03-05,11.34,11.48,11.58,11.3
2018-03-06,11.41,11.41,11.64,11.35
2018-03-07,11.33,11.13,11.44,11.1
2018-03-08,11.16,11.35,11.43,11.15
2018-03-09,11.39,11.56,11.63,11.28
2018-03-12,11.53,11.85,11.98,11.52
2018-03-13,11.81,12.02,12.41,11.52
2018-03-14,11.97,11.82,12.0,11.65
2018-03-15,11.75,11.56,11.75,11.41
2018-03-16,11.58,11.57,11.7,11.5
2018-03-19,11.53,11.64,11.84,11.43
2018-03-20,11.51,11.67,11.75,11.37
2018-03-21,11.78,11.6,11.8,11.5
2018-03-22,11.54,12.0,12.75,11.52
2018-03-23,11.65,10.8,11.68,10.8
2018-03-26,10.5,10.63,10.69,9.72
2018-03-27,10.88,10.88,11.08,10.69
2018-03-28,10.72,10.96,11.4,10.6
2018-03-29,11.15,11.39,11.5,10.95
2018-03-30,11.47,11.52,11.67,11.32
2018-04-02,11.41,11.64,12.0,11.41
2018-04-03,11.67,11.4,11.68,11.25
2018-04-04,11.46,11.27,11.58,11.18
2018-04-09,11.22,11.15,11.25,10.8
2018-04-10,11.28,11.27,11.28,11.02
2018-04-11,11.32,12.4,12.4,11.23
2018-04-12,12.58,13.11,13.6,12.39
2018-04-13,12.85,12.25,12.85,12.22
2018-04-16,12.24,12.05,12.25,11.71
2018-04-17,11.96,11.75,12.08,11.66
2018-04-18,11.88,11.71,11.88,11.21
2018-04-19,11.7,12.12,12.2,11.51
2018-04-20,12.06,11.56,12.14,11.41
2018-04-23,11.26,11.19,11.56,11.12
2018-04-24,11.37,11.4,11.48,11.22
2018-04-25,11.65,11.68,12.0,11.5
2018-04-26,11.51,11.11,11.58,11.1
2018-04-27,10.82,10.89,11.2,10.72
2018-05-02,11.05,10.9,11.19,10.88
2018-05-03,10.8,10.86,10.95,10.52
2018-05-04,10.93,10.75,10.98,10.7
2018-05-07,10.65,10.96,10.98,10.65
2018-05-08,10.91,11.13,11.21,10.91
2018-05-09,11.22,11.54,11.59,11.06
2018-05-10,11.45,11.65,11.77,11.36
2018-05-11,11.62,11.39,11.81,11.31
2018-05-14,11.32,11.1,11.37,10.92
2018-05-15,11.1,11.4,11.49,11.05
2018-05-16,11.3,11.2,11.39,11.16
2018-05-17,11.21,11.35,11.65,11.13
2018-05-18,11.35,11.45,11.45,10.96
2018-05-21,11.38,11.67,11.73,11.38
2018-05-22,11.74,11.69,11.74,11.54
2018-05-23,11.66,11.43,11.79,11.33
2018-05-24,11.41,11.41,11.57,11.28
2018-05-25,11.35,11.42,11.56,11.28
