date,open,close,high,low
2017-03-24,7.32,8.78,8.78,7.32
2017-03-27,9.66,9.66,9.66,9.66
2017-03-28,10.63,10.63,10.63,10.63
2017-03-29,11.69,11.69,11.69,11.69
2017-03-30,12.86,12.86,12.86,12.86
2017-03-31,14.15,14.15,14.15,14.15
2017-04-05,15.57,15.57,15.57,15.57
2017-04-06,17.13,17.13,17.13,17.13
2017-04-07,18.84,18.84,18.84,18.84
2017-04-10,20.72,20.72,20.72,20.72
2017-04-11,22.79,22.79,22.79,21.51
2017-04-14,21.0,20.51,22.0,20.51
2017-04-17,18.66,18.46,19.25,18.46
2017-04-18,17.6,17.35,18.25,17.02
2017-04-19,17.2,18.57,18.98,17.09
2017-04-20,18.15,17.7,18.48,17.35
2017-04-21,17.52,17.21,18.01,17.08
2017-04-24,16.85,15.87,16.85,15.65
2017-04-25,16.15,16.03,16.45,15.97
2017-04-27,16.2,17.63,17.63,16.1
2017-04-28,18.5,18.1,18.76,17.84
2017-05-02,17.8,18.65,18.88,17.66
2017-05-03,18.52,19.69,20.49,18.42
2017-05-04,19.2,19.6,20.35,18.7
2017-05-05,19.3,18.6,19.96,18.42
2017-05-08,18.65,17.52,18.87,17.5
2017-05-09,17.6,18.13,18.38,17.37
2017-05-10,18.3,16.95,18.47,16.61
2017-05-11,16.62,18.21,18.3,16.62
2017-05-12,18.3,18.95,19.25,18.15
2017-05-15,18.54,18.42,18.77,17.82
2017-05-16,18.09,19.5,19.82,17.81
2017-05-17,19.36,19.21,19.59,19.0
2017-05-18,18.8,18.43,19.4,18.38
2017-05-19,18.45,18.59,18.96,18.2
2017-05-22,18.48,16.91,18.68,16.78
2017-05-23,16.7,16.09,17.19,15.7
2017-05-24,16.1,16.5,16.63,15.72
2017-05-25,16.5,16.33,16.52,15.83
2017-05-26,16.33,16.65,16.95,16.3
2017-05-31,17.22,16.5,17.5,16.46
2017-06-01,16.28,15.19,16.3,15.01
2017-06-02,14.8,15.42,15.63,14.68
2017-06-05,15.7,15.36,15.82,15.35
2017-06-06,15.2,15.26,15.34,15.06
2017-06-07,15.29,15.77,15.85,15.29
2017-06-08,15.77,15.52,15.94,15.45
2017-06-09,15.52,15.57,15.7,15.28
2017-06-12,15.3,14.53,15.33,14.52
2017-06-13,14.45,14.82,14.86,14.38
2017-06-14,14.8,14.51,14.8,14.4
2017-06-15,14.59,14.94,15.15,14.59
2017-06-16,14.99,14.69,15.04,14.56
2017-06-19,14.73,14.7,14.78,14.55
2017-06-20,14.73,14.8,14.83,14.68
2017-06-21,14.81,14.75,14.84,14.56
2017-06-22,14.68,14.28,14.74,14.2
2017-06-23,14.0,14.0,14.28,13.6
2017-06-26,13.97,14.08,14.13,13.76
2017-06-27,14.08,14.04,14.19,13.93
2017-06-28,13.95,13.68,13.98,13.65
2017-06-29,13.69,13.77,13.87,13.69
2017-06-30,13.72,14.0,14.23,13.66
2017-07-03,14.0,14.11,14.15,13.95
2017-07-04,14.11,14.13,14.21,14.02
2017-07-05,14.13,14.39,14.49,14.07
2017-07-06,14.39,14.77,14.84,14.24
2017-07-07,14.69,14.7,14.96,14.58
2017-07-10,14.56,14.16,14.56,14.1
2017-07-11,14.14,13.81,14.16,13.75
2017-07-12,13.71,13.88,13.9,13.45
2017-07-13,13.83,13.66,13.83,13.6
2017-07-14,13.39,13.13,13.39,13.11
2017-07-17,13.0,11.83,13.01,11.82
2017-07-18,11.76,11.95,12.07,11.62
2017-07-19,11.87,12.01,12.04,11.77
2017-07-20,11.93,11.97,12.29,11.91
2017-07-21,11.98,11.71,12.03,11.7
2017-07-24,11.54,11.82,11.84,11.54
2017-07-25,11.8,11.8,11.9,11.69
2017-07-26,11.78,11.8,11.86,11.73
2017-07-27,11.83,12.2,12.28,11.81
2017-07-28,12.2,12.07,12.28,12.05
2017-07-31,12.01,12.08,12.17,12.01
2017-08-01,12.04,12.0,12.11,11.89
2017-08-02,11.99,11.72,12.05,11.71
2017-08-03,11.68,11.83,11.98,11.68
2017-08-04,11.83,11.77,11.84,11.72
2017-08-07,11.72,12.02,12.06,11.71
2017-08-08,12.1,12.03,12.11,11.93
2017-08-09,12.02,12.42,12.6,11.96
2017-08-10,12.21,12.0,12.35,11.85
2017-08-11,11.94,11.79,11.98,11.75
2017-08-14,11.8,11.94,12.0,11.72
2017-08-15,11.95,12.02,12.09,11.91
2017-08-16,12.04,12.24,12.26,11.93
2017-08-17,12.25,12.23,12.3,12.1
2017-08-18,12.16,12.12,12.16,12.03
2017-08-21,12.14,12.31,12.36,12.13
2017-08-22,12.3,12.27,12.46,12.22
2017-08-23,12.25,12.31,12.41,12.13
2017-08-24,12.29,12.34,12.54,12.15
2017-08-25,12.18,13.57,13.57,12.18
2017-08-28,13.56,13.54,13.87,13.12
2017-08-29,13.35,13.8,14.38,13.28
2017-08-30,13.51,13.42,13.69,13.31
2017-08-31,13.41,13.91,14.08,13.35
2017-09-01,13.71,13.69,13.93,13.59
2017-09-04,13.76,13.44,13.8,13.4
2017-09-05,13.44,13.44,13.55,13.41
2017-09-06,13.37,13.15,13.39,13.07
2017-09-07,13.18,13.37,13.44,13.15
2017-09-08,13.24,14.01,14.19,13.24
2017-09-11,14.04,14.42,14.47,14.02
2017-09-12,14.3,14.5,14.9,14.2
2017-09-13,14.41,14.55,14.67,14.31
2017-09-14,14.5,14.78,14.9,14.2
2017-09-15,14.77,14.67,14.83,14.5
2017-09-18,14.61,14.72,14.85,14.35
2017-09-19,14.76,14.73,14.91,14.56
2017-09-20,14.7,14.9,15.17,14.6
2017-09-21,14.88,14.7,15.08,14.64
2017-09-22,14.59,14.7,14.84,14.42
2017-09-25,14.7,14.35,14.78,14.28
2017-09-26,14.3,12.93,14.41,12.92
2017-09-27,12.66,13.07,13.17,12.35
2017-09-28,12.79,12.71,12.87,12.69
2017-09-29,12.73,12.76,12.88,12.71
2017-10-09,12.94,12.93,13.06,12.8
2017-10-10,12.91,13.19,13.25,12.85
2017-10-11,13.13,13.11,13.26,13.0
2017-10-12,13.1,13.04,13.14,12.9
2017-10-13,13.04,13.18,13.2,12.93
2017-10-16,13.2,12.72,13.26,12.64
2017-10-17,12.6,12.84,12.91,12.6
2017-10-18,12.84,12.7,12.89,12.67
2017-10-19,12.65,12.18,12.7,12.11
2017-10-20,12.19,12.35,12.38,12.18
2017-10-23,12.3,12.51,12.54,12.28
2017-10-24,12.49,12.36,12.53,12.18
2017-10-25,12.3,12.64,12.89,12.26
2017-10-26,12.54,12.7,12.8,12.5
2017-10-27,12.7,12.61,12.78,12.55
2017-10-30,12.49,12.03,12.57,11.97
2017-10-31,12.04,12.16,12.17,12.0
2017-11-01,12.16,12.06,12.27,12.05
2017-11-02,12.06,11.82,12.06,11.8
2017-11-03,11.81,11.65,11.9,11.56
2017-11-06,11.79,11.9,11.91,11.72
2017-11-07,11.82,11.99,11.99,11.73
2017-11-08,11.97,12.1,12.25,11.92
2017-11-09,12.02,12.21,12.33,11.94
2017-11-10,12.09,12.17,12.25,12.08
2017-11-13,12.24,12.01,12.24,11.98
2017-11-14,11.93,11.89,12.0,11.8
2017-11-15,11.87,11.81,11.92,11.72
2017-11-16,11.76,11.69,11.85,11.66
2017-11-17,11.69,10.95,11.72,10.86
2017-11-20,10.91,10.63,10.91,10.31
2017-11-21,10.53,10.49,10.67,10.41
2017-11-22,10.45,10.41,10.59,10.34
2017-11-23,10.4,10.18,10.46,10.14
2017-11-24,10.16,10.18,10.29,10.12
2017-11-27,10.17,10.08,10.2,10.02
2017-11-28,10.08,10.23,10.25,10.04
2017-11-29,10.23,10.15,10.23,10.02
2017-11-30,10.18,10.26,10.35,10.11
2017-12-01,10.22,10.65,10.73,10.22
2017-12-04,10.63,10.23,10.63,10.12
2017-12-05,10.2,9.92,10.32,9.82
2017-12-06,9.94,10.07,10.08,9.8
2017-12-07,10.01,10.0,10.14,10.0
2017-12-08,10.02,10.22,10.26,10.0
2017-12-11,10.17,10.21,10.21,10.08
2017-12-12,10.2,9.89,10.2,9.87
2017-12-13,9.82,9.97,9.98,9.82
2017-12-14,9.98,9.95,10.01,9.9
2017-12-15,9.95,9.99,10.01,9.9
2017-12-18,9.98,9.9,10.01,9.83
2017-12-19,9.89,10.0,10.03,9.89
2017-12-20,9.99,9.84,10.0,9.83
2017-12-21,9.92,9.7,9.92,9.59
2017-12-22,9.72,9.62,9.77,9.62
2017-12-25,9.6,9.35,9.64,9.29
2017-12-26,9.34,9.92,10.18,9.3
2017-12-27,9.86,9.75,9.97,9.75
2017-12-28,9.75,9.73,9.96,9.62
2017-12-29,9.72,9.83,9.88,9.72
2018-01-02,9.83,9.88,9.94,9.8
2018-01-03,9.88,9.94,9.95,9.82
2018-01-04,9.9,10.1,10.34,9.9
2018-01-05,10.06,10.13,10.25,10.03
2018-01-08,10.1,10.03,10.16,9.95
2018-01-09,9.98,9.97,10.08,9.96
2018-01-10,10.0,9.74,10.03,9.65
2018-01-11,9.7,10.28,10.28,9.69
2018-01-12,10.3,10.34,10.8,10.22
2018-01-15,10.18,10.24,10.74,9.92
2018-01-16,10.17,10.73,10.75,10.05
2018-01-17,10.61,10.91,10.94,10.42
2018-01-18,11.16,11.31,11.8,11.11
2018-01-19,11.01,10.7,11.15,10.68
2018-01-22,10.6,10.41,10.69,10.28
2018-01-23,10.41,10.45,10.53,10.31
2018-01-24,10.4,10.44,10.55,10.33
2018-01-25,10.44,10.25,10.79,10.14
2018-01-26,10.14,10.01,10.24,9.98
2018-01-29,10.01,10.02,10.16,9.9
2018-01-30,10.02,9.99,10.11,9.94
2018-01-31,10.03,9.69,10.15,9.66
2018-02-01,9.68,9.12,9.74,9.1
2018-02-02,9.11,9.07,9.17,8.8
2018-02-05,8.9,8.96,9.15,8.88
2018-02-06,8.84,8.36,8.96,8.36
2018-02-07,8.69,8.43,8.69,8.23
2018-02-08,8.38,8.56,8.62,8.35
2018-02-09,8.35,8.24,8.44,8.15
2018-02-12,8.36,8.45,8.57,8.34
2018-02-13,8.45,8.42,8.55,8.42
2018-02-14,8.48,8.45,8.48,8.36
2018-02-22,8.51,8.58,8.64,8.45
2018-02-23,8.56,8.62,8.69,8.56
2018-02-26,8.75,8.88,8.92,8.7
2018-02-27,8.82,8.95,8.95,8.75
2018-02-28,8.89,8.85,8.89,8.7
2018-03-01,8.81,8.93,8.95,8.72
2018-03-02,8.84,8.97,9.0,8.84
2018-03-05,8.98,9.08,9.14,8.97
2018-03-06,9.2,9.38,9.58,9.08
2018-03-07,9.31,9.16,9.59,9.16
2018-03-08,9.15,9.24,9.27,9.07
2018-03-09,9.22,9.39,9.52,9.17
2018-03-12,9.45,9.46,9.52,9.35
2018-03-13,9.44,9.35,9.49,9.33
2018-03-14,9.33,9.19,9.45,9.19
2018-03-15,9.19,9.12,9.5,9.0
2018-03-16,9.08,9.18,9.42,9.08
2018-03-19,9.31,9.26,9.32,9.19
2018-03-20,9.19,9.24,9.24,9.06
2018-03-21,9.21,9.11,9.36,9.09
2018-03-22,9.1,9.12,9.23,9.02
2018-03-23,8.8,8.41,8.87,8.38
2018-03-26,8.44,8.42,8.44,8.11
2018-03-27,8.46,8.62,8.69,8.46
2018-03-28,8.52,8.66,8.74,8.42
2018-03-29,8.68,8.87,8.95,8.68
2018-03-30,8.93,9.04,9.08,8.9
2018-04-02,9.05,9.03,9.15,8.97
2018-04-03,8.91,8.96,8.96,8.61
2018-04-04,8.96,9.05,9.14,8.95
2018-04-09,8.98,9.13,9.15,8.86
2018-04-10,9.13,9.23,9.37,9.02
2018-04-11,9.23,9.34,9.43,9.16
2018-04-12,9.28,9.43,9.67,9.27
2018-04-13,9.45,9.26,9.53,9.25
2018-04-16,9.09,9.07,9.22,9.0
2018-04-17,9.07,8.75,9.2,8.7
2018-04-18,8.89,8.88,8.95,8.58
2018-04-19,8.87,8.85,9.01,8.84
2018-04-20,8.83,8.56,8.88,8.56
2018-04-23,8.6,8.63,8.73,8.46
2018-04-24,8.6,8.88,8.93,8.56
2018-04-25,8.71,8.78,8.85,8.49
2018-04-26,8.66,8.55,8.75,8.55
2018-04-27,8.58,8.6,8.68,8.5
2018-05-02,8.61,8.36,8.87,8.26
2018-05-03,8.3,8.5,8.65,8.17
2018-05-04,8.4,8.37,8.48,8.36
2018-05-07,8.4,8.57,8.58,8.32
2018-05-08,8.58,8.69,8.73,8.54
2018-05-09,8.69,9.15,9.56,8.61
2018-05-10,9.1,9.3,9.31,9.0
2018-05-11,9.36,9.01,9.38,9.0
2018-05-14,8.98,8.89,9.05,8.82
2018-05-15,8.94,9.09,9.1,8.86
2018-05-16,9.02,8.98,9.15,8.98
2018-05-17,8.98,9.07,9.13,8.97
2018-05-18,9.07,9.1,9.18,8.94
2018-05-21,9.14,9.21,9.32,9.11
2018-05-22,9.16,9.25,9.34,9.15
2018-05-23,9.25,9.29,9.32,9.17
2018-05-24,9.27,9.5,9.96,9.25
2018-05-25,9.43,10.03,10.44,9.35
