date,open,close,high,low
2016-07-12,7.616,9.141,9.141,7.616
2016-07-13,10.058,10.058,10.058,10.058
2016-07-14,11.065,11.065,11.065,11.065
2016-07-15,12.171,12.171,12.171,12.171
2016-07-18,13.387,13.387,13.387,13.387
2016-07-19,14.723,14.723,14.723,14.723
2016-07-20,16.198,16.198,16.198,16.198
2016-07-21,17.823,17.823,17.823,17.823
2016-07-22,19.607,19.607,19.607,19.607
2016-07-25,21.571,21.571,21.571,21.571
2016-07-26,23.724,23.724,23.724,23.724
2016-07-27,26.096,26.096,26.096,26.096
2016-07-28,28.708,28.708,28.708,28.708
2016-07-29,31.579,31.579,31.579,31.579
2016-08-01,34.739,34.739,34.739,34.739
2016-08-02,38.217,38.217,38.217,38.217
2016-08-03,42.035,42.035,42.035,42.035
2016-08-04,46.242,46.242,46.242,46.242
2016-08-05,50.867,50.867,50.867,50.867
2016-08-08,55.95,55.95,55.95,55.95
2016-08-09,55.801,58.722,60.685,51.864
2016-08-10,56.818,57.725,60.805,55.99
2016-08-11,55.771,55.442,57.814,55.123
2016-08-12,54.216,59.12,60.605,53.987
2016-08-15,58.702,60.326,61.393,58.662
2016-08-16,58.991,61.712,65.589,58.991
2016-08-17,60.705,62.46,62.779,59.888
2016-08-18,62.649,63.217,65.52,61.702
2016-08-19,62.798,58.821,62.798,58.522
2016-08-22,57.814,55.871,58.482,55.821
2016-08-23,55.821,56.469,57.017,55.621
2016-08-24,56.469,55.043,56.688,54.804
2016-08-25,54.326,55.95,56.22,52.422
2016-08-26,55.023,55.273,56.22,54.505
2016-08-29,54.375,52.9,55.123,52.731
2016-08-30,52.84,53.03,54.176,52.731
2016-08-31,52.84,55.043,55.821,52.541
2016-09-01,54.495,54.475,55.681,54.136
2016-09-02,53.129,52.791,53.847,52.641
2016-09-05,52.791,50.388,53.12,49.96
2016-09-06,50.388,51.156,51.684,49.521
2016-09-07,51.126,49.651,51.126,49.641
2016-09-08,49.74,48.893,49.97,48.744
2016-09-09,48.893,47.896,49.272,47.876
2016-09-12,46.052,47.049,47.797,45.634
2016-09-13,47.557,48.126,48.524,47.258
2016-09-14,47.647,47.697,48.155,47.009
2016-09-19,47.647,47.986,48.474,47.647
2016-09-20,48.096,47.049,48.096,46.86
2016-09-21,47.199,48.195,48.245,46.481
2016-09-22,48.833,47.338,49.292,47.139
2016-09-23,46.85,45.055,46.85,44.846
2016-09-26,44.447,42.045,44.447,41.995
2016-09-27,41.965,42.553,42.793,41.876
2016-09-28,42.324,42.514,42.912,42.075
2016-09-29,42.514,43.421,44.168,42.185
2016-09-30,43.062,43.72,44.118,42.862
2016-10-10,43.939,45.354,45.354,43.361
2016-10-11,45.205,45.245,45.733,44.677
2016-10-12,44.856,45.135,45.644,44.577
2016-10-13,45.235,44.707,45.315,44.657
2016-10-14,44.716,45.394,45.723,44.467
2016-10-17,45.434,46.541,46.541,44.856
2016-10-18,46.551,49.122,49.83,46.541
2016-10-19,48.355,48.066,48.833,47.398
2016-10-20,47.827,46.72,48.016,46.172
2016-10-21,46.351,46.959,47.099,45.953
2016-10-24,46.581,46.84,47.218,46.311
2016-10-25,47.079,47.797,48.215,46.78
2016-10-26,47.328,46.511,47.647,46.291
2016-10-27,46.59,49.9,50.348,46.461
2016-10-28,49.72,49.441,53.159,48.963
2016-10-31,48.843,49.332,51.335,47.846
2016-11-01,48.494,49.88,50.388,48.494
2016-11-02,49.85,51.814,52.601,49.043
2016-11-03,51.535,50.548,52.232,50.448
2016-11-04,49.85,51.604,51.834,49.84
2016-11-07,51.714,53.777,54.206,51.146
2016-11-08,53.299,52.96,53.708,51.943
2016-11-09,52.581,52.502,53.06,50.717
2016-11-10,52.85,53.827,54.605,52.322
2016-11-11,53.807,52.711,54.814,52.531
2016-11-14,52.013,52.88,53.817,51.345
2016-11-15,53.319,52.9,53.728,52.521
2016-11-16,52.93,50.996,52.99,50.837
2016-11-17,50.877,48.654,50.887,47.846
2016-11-18,49.023,49.481,50.319,49.023
2016-11-21,49.611,50.588,50.837,48.145
2016-11-22,51.116,51.983,52.332,50.647
2016-11-23,52.432,51.734,52.711,51.236
2016-11-24,51.385,52.631,53.329,51.385
2016-11-25,51.933,53.837,54.226,49.043
2016-11-28,53.887,55.841,57.934,53.887
2016-11-29,55.003,61.423,61.423,55.003
2016-11-30,60.287,56.798,61.702,55.303
2016-12-01,55.123,57.316,60.795,55.023
2016-12-02,55.721,58.652,60.406,55.033
2016-12-05,57.067,61.004,61.493,57.017
2016-12-06,60.605,57.356,60.605,56.977
2016-12-07,55.123,56.848,58.303,54.824
2016-12-08,56.638,53.588,56.848,52.332
2016-12-09,52.93,54.734,55.811,52.91
2016-12-12,54.834,51.913,56.16,51.435
2016-12-13,51.196,52.282,52.711,51.196
2016-12-14,52.83,57.515,57.515,52.332
2016-12-15,57.515,61.802,62.798,57.077
2016-12-16,61.802,61.812,63.795,59.021
2016-12-19,61.802,67.085,67.085,57.814
2016-12-20,67.304,73.793,73.793,64.094
2016-12-21,71.77,72.298,77.402,66.417
2016-12-22,65.071,65.071,66.467,65.071
2016-12-23,61.971,58.562,62.33,58.562
2016-12-26,55.452,62.699,62.888,53.827
2016-12-27,59.808,56.718,61.303,56.429
2016-12-28,55.871,56.379,58.253,54.834
2016-12-29,56.319,54.635,56.718,54.027
2016-12-30,55.003,51.614,55.003,51.335
2017-01-03,51.604,53.0,53.279,51.455
2017-01-04,53.229,54.395,56.618,53.0
2017-01-05,53.857,51.734,53.857,51.634
2017-01-06,51.804,52.312,53.608,51.794
2017-01-09,51.844,48.903,52.003,47.846
2017-01-10,49.212,49.491,49.631,48.155
2017-01-11,49.382,45.574,49.382,45.364
2017-01-12,45.454,43.411,46.252,42.892
2017-01-13,43.5,43.76,44.497,41.985
2017-01-16,43.461,39.463,43.461,39.384
2017-01-17,39.045,40.869,41.367,38.257
2017-01-18,40.55,40.191,40.829,39.673
2017-01-19,40.4,41.776,43.859,39.912
2017-01-20,41.776,42.185,43.829,41.317
2017-01-23,42.862,43.181,43.411,42.414
2017-01-24,43.181,44.946,45.853,42.972
2017-01-25,44.557,44.886,45.723,43.53
2017-01-26,44.736,45.235,46.351,44.557
2017-04-26,40.709,40.709,40.709,40.709
2017-04-27,36.642,38.895,42.364,36.642
2017-04-28,37.49,38.217,40.291,37.49
2017-05-02,38.227,35.845,38.526,35.705
2017-05-03,36.513,36.981,37.25,36.004
2017-05-04,36.951,40.679,40.679,36.443
2017-05-05,41.088,42.982,44.657,41.088
2017-05-08,43.989,41.387,43.989,39.872
2017-05-09,41.567,42.843,44.138,41.467
2017-05-10,42.912,41.238,43.161,40.869
2017-05-11,40.181,40.141,41.038,38.088
2017-05-12,40.38,41.557,41.656,40.071
2017-05-15,41.716,40.719,42.543,40.57
2017-05-16,40.62,40.769,40.829,38.985
2017-05-17,40.869,40.59,42.115,40.41
2017-05-18,39.862,39.593,40.52,39.374
2017-05-19,39.972,39.513,40.54,39.473
2017-05-22,39.274,37.878,40.012,37.49
2017-05-23,37.38,35.586,38.357,35.107
2017-05-24,35.586,36.094,36.423,35.137
2017-05-25,36.104,38.138,39.075,36.104
2017-05-26,38.327,37.829,38.377,37.41
2017-05-31,38.875,37.849,39.364,37.679
2017-06-01,37.38,35.765,37.749,35.267
2017-06-02,34.888,36.274,36.882,34.4
2017-06-05,36.363,36.104,36.662,36.044
2017-06-06,36.084,35.725,36.084,35.616
2017-06-07,35.287,37.121,37.161,35.287
2017-06-08,37.2,37.55,38.25,37.2
2017-06-09,37.54,37.02,37.75,36.68
2017-06-12,36.99,36.32,37.65,36.0
2017-06-13,36.32,37.05,37.37,36.32
2017-06-14,37.02,37.05,37.45,36.7
2017-06-15,36.68,38.9,39.0,36.68
2017-06-16,38.8,38.12,39.12,37.93
2017-06-19,38.0,38.07,38.59,37.7
2017-06-20,38.45,39.42,39.69,37.85
2017-06-21,39.6,39.49,39.88,39.01
2017-06-22,39.3,38.21,39.47,38.0
2017-06-23,38.21,38.8,38.8,37.71
2017-06-26,40.13,39.62,40.45,39.42
2017-06-27,39.2,39.0,39.42,38.87
2017-06-28,38.9,38.2,38.9,38.06
2017-06-29,38.3,38.56,38.66,38.14
2017-06-30,38.1,39.0,39.16,38.1
2017-07-03,39.0,39.0,39.3,38.71
2017-07-04,39.05,38.72,39.1,38.71
2017-07-05,38.99,39.23,39.47,38.62
2017-07-06,39.17,40.5,40.95,39.17
2017-07-07,40.5,40.32,40.7,39.88
2017-07-10,39.92,38.85,39.92,38.7
2017-07-11,38.55,37.0,38.89,37.0
2017-07-12,37.1,37.96,37.99,37.02
2017-07-13,37.96,37.43,38.48,37.3
2017-07-14,37.43,37.48,37.84,37.1
2017-07-17,37.38,34.16,37.47,33.74
2017-07-18,33.1,35.0,35.16,33.1
2017-07-19,35.0,35.85,35.85,34.78
2017-07-20,35.8,35.99,36.99,35.06
2017-07-21,35.39,35.4,36.48,33.21
2017-07-24,35.29,35.09,36.2,35.0
2017-07-25,35.17,35.43,35.76,35.01
2017-07-26,35.44,34.41,35.74,34.0
2017-07-27,34.41,35.1,35.5,34.32
2017-07-28,35.06,35.34,35.49,34.49
2017-07-31,35.15,35.08,35.51,34.78
2017-08-01,35.39,35.32,35.39,35.08
2017-08-02,35.5,34.68,35.5,34.65
2017-08-03,34.3,34.48,35.14,34.11
2017-08-04,34.69,34.29,34.69,34.03
2017-08-07,34.2,33.6,34.46,33.52
2017-08-08,33.8,33.2,34.21,33.05
2017-08-09,33.22,32.39,33.53,32.2
2017-08-10,32.39,31.5,32.39,31.35
2017-08-11,31.46,31.45,31.9,31.05
2017-08-14,31.45,32.31,32.38,31.31
2017-08-15,32.5,32.35,32.5,32.05
2017-08-16,32.45,32.5,32.58,32.1
2017-08-17,32.25,32.41,32.68,32.0
2017-08-18,32.23,32.5,32.58,31.95
2017-08-21,32.8,33.8,33.93,32.31
2017-08-22,33.48,33.5,33.78,33.21
2017-08-23,33.22,33.36,33.5,32.75
2017-08-24,33.34,33.57,33.59,33.04
2017-08-25,33.39,33.75,33.77,33.31
2017-08-28,33.41,34.28,34.34,33.37
2017-08-29,34.3,34.18,34.49,33.92
2017-08-30,34.22,33.37,34.22,33.33
2017-08-31,33.37,33.67,33.74,33.3
2017-09-01,33.79,34.7,36.95,33.79
2017-09-04,34.4,33.92,34.4,33.52
2017-09-05,33.93,33.7,34.19,33.66
2017-09-06,33.92,34.67,34.81,33.79
2017-09-07,34.5,34.54,34.98,34.21
2017-09-08,34.4,34.5,34.78,34.2
2017-09-11,34.6,34.88,34.94,34.28
2017-09-12,34.97,34.47,35.09,33.94
2017-09-13,34.47,34.91,34.93,34.2
2017-09-14,34.61,35.64,36.48,34.61
2017-09-15,35.41,35.09,35.79,34.86
2017-09-18,35.01,35.52,35.58,34.64
2017-09-19,35.52,35.0,35.59,34.9
2017-09-20,34.99,35.65,35.78,34.99
2017-09-21,36.3,35.65,36.39,35.65
2017-09-22,35.21,35.58,36.09,34.8
2017-09-25,35.58,35.06,35.94,35.0
2017-09-26,35.09,36.0,36.0,35.0
2017-09-27,35.97,35.72,35.97,35.57
2017-09-28,35.46,35.66,36.0,35.46
2017-09-29,35.53,36.17,36.5,35.53
2017-10-09,36.3,37.46,37.5,36.18
2017-10-10,37.46,37.4,37.46,36.72
2017-10-11,37.23,39.06,41.0,36.96
2017-10-12,38.73,39.66,40.58,38.61
2017-10-13,39.8,39.23,39.99,39.15
2017-10-16,38.91,38.52,39.9,37.71
2017-10-17,38.64,38.09,38.64,38.01
2017-10-18,37.65,37.28,38.39,37.08
2017-10-19,37.48,39.46,40.98,37.2
2017-10-20,39.2,39.16,39.96,38.79
2017-10-23,39.73,41.38,43.08,39.73
2017-10-24,41.7,41.91,44.41,41.04
2017-10-25,41.54,43.0,44.0,41.54
2017-10-26,43.6,41.3,43.6,41.08
2017-10-27,39.48,40.55,41.79,39.48
2017-10-30,40.71,40.22,41.48,39.71
2017-10-31,40.75,40.7,40.98,40.07
2017-11-01,39.65,40.95,40.96,39.6
2017-11-02,40.95,41.88,42.3,40.95
2017-11-03,41.27,42.3,42.5,41.27
2017-11-06,42.48,43.7,43.99,42.35
2017-11-07,43.75,43.43,44.21,43.0
2017-11-08,43.24,44.75,45.15,43.07
2017-11-09,44.67,45.93,46.0,44.0
2017-11-10,45.5,45.5,46.29,44.95
2017-11-13,45.35,44.25,45.9,43.8
2017-11-14,44.82,44.14,44.82,43.98
2017-11-15,44.14,44.79,44.88,44.14
2017-11-16,44.61,45.41,45.68,44.61
2017-11-17,45.84,44.98,46.2,44.04
2017-11-20,44.53,43.4,44.6,42.58
2017-11-21,42.85,43.41,44.69,42.85
2017-11-22,43.05,43.02,43.8,42.62
2017-11-23,43.44,42.45,43.44,41.78
2017-11-24,42.01,42.3,42.8,41.89
2017-11-27,42.3,43.2,43.95,42.3
2017-11-28,43.05,42.95,43.62,42.0
2017-11-29,43.0,43.39,43.4,42.05
2017-11-30,43.75,43.23,43.75,43.03
2017-12-01,43.2,43.4,43.59,43.17
2017-12-04,43.2,42.79,43.2,42.13
2017-12-05,42.35,42.54,42.97,42.0
2017-12-06,42.18,42.46,42.79,40.25
2017-12-07,42.3,41.8,42.3,41.05
2017-12-08,41.41,41.0,41.95,41.0
2017-12-11,41.25,41.99,42.1,40.88
2017-12-12,41.77,41.93,42.22,41.5
2017-12-13,41.22,42.1,42.2,41.22
2017-12-14,41.79,41.75,42.16,41.54
2017-12-15,41.51,40.54,41.81,40.54
2017-12-18,40.9,41.44,41.93,40.46
2017-12-19,41.5,42.0,42.0,40.77
2017-12-20,41.96,42.1,42.1,41.47
2017-12-21,42.04,41.81,42.04,41.73
2017-12-22,41.6,42.5,42.5,41.0
2017-12-25,42.9,42.4,44.55,42.02
2017-12-26,42.8,42.79,43.16,42.23
2017-12-27,42.79,43.53,44.18,42.45
2017-12-28,43.25,43.66,44.2,43.0
2017-12-29,43.57,45.19,45.31,43.54
2018-01-02,45.25,45.0,46.01,44.52
2018-01-03,45.0,45.0,45.5,44.6
2018-01-04,45.44,44.58,45.44,44.25
2018-01-05,43.89,44.19,44.86,43.89
2018-01-08,43.99,44.4,44.69,43.99
2018-01-09,43.96,43.51,44.33,43.5
2018-01-10,43.5,43.56,43.88,43.14
2018-01-11,43.18,44.78,45.0,43.18
2018-01-12,44.78,44.4,44.91,43.8
2018-01-15,43.5,43.5,44.5,43.41
2018-01-16,43.68,44.0,44.04,43.67
2018-01-17,44.2,43.5,44.2,43.0
2018-01-18,43.23,44.0,44.17,43.23
2018-01-19,44.0,44.0,44.0,43.27
2018-01-22,43.49,43.71,43.99,43.2
2018-01-23,43.76,43.51,44.02,43.4
2018-01-24,43.43,43.1,43.47,43.01
2018-01-25,43.1,42.98,43.26,42.48
2018-01-26,42.47,44.2,44.72,42.47
2018-01-29,44.8,44.12,44.8,43.55
2018-01-30,43.55,43.94,44.09,43.52
2018-01-31,44.0,43.8,44.08,43.1
2018-02-01,43.5,42.98,43.8,40.01
2018-02-02,42.01,42.9,43.29,40.91
2018-02-05,42.0,41.6,42.37,41.18
2018-02-06,40.56,39.05,41.3,37.45
2018-02-07,39.12,39.09,40.15,38.0
2018-02-08,38.5,39.2,39.3,38.4
2018-02-09,38.5,37.9,38.5,37.02
2018-02-12,38.05,38.72,38.95,38.05
2018-02-13,38.8,38.6,38.8,38.0
2018-02-14,38.75,38.59,38.75,38.18
2018-02-22,39.01,38.5,39.39,38.28
2018-02-23,38.5,38.16,38.5,37.8
2018-02-26,38.5,38.91,38.91,37.83
2018-02-27,38.9,39.15,39.46,38.37
2018-02-28,39.37,39.13,39.48,38.92
2018-03-01,38.9,40.3,42.0,38.81
2018-03-02,40.53,40.6,41.35,40.45
2018-03-05,40.99,40.88,42.5,40.7
2018-03-06,40.88,41.21,41.29,40.88
2018-03-07,41.69,40.9,41.69,40.65
2018-03-08,40.5,41.0,41.0,40.2
2018-03-09,41.33,41.06,41.33,40.7
2018-03-12,41.05,41.05,41.31,40.78
2018-03-13,41.0,41.0,41.28,40.61
2018-03-14,41.0,40.73,41.12,40.51
2018-03-15,39.99,40.65,40.97,39.99
2018-03-16,40.85,40.53,40.85,40.5
2018-03-19,40.53,40.51,40.98,39.68
2018-03-20,40.54,40.85,41.08,40.52
2018-03-21,41.18,40.61,41.18,40.2
2018-03-22,40.58,40.85,40.97,40.17
2018-03-23,40.41,40.03,40.41,37.32
2018-03-26,38.5,40.04,40.14,38.16
2018-03-27,40.1,40.36,40.79,39.43
2018-03-28,39.78,40.48,40.57,39.7
2018-03-29,40.49,42.98,44.38,40.48
2018-03-30,42.6,42.17,43.0,41.9
2018-04-02,42.17,42.31,42.48,41.9
2018-04-03,42.06,41.58,42.27,41.02
2018-04-04,41.39,41.5,41.77,41.16
2018-04-09,41.6,41.2,41.98,40.85
2018-04-10,40.97,40.79,41.96,40.62
2018-04-11,40.85,42.32,42.38,40.6
2018-04-12,42.46,41.11,42.46,41.07
2018-04-13,40.85,41.05,41.58,40.69
2018-04-16,40.95,40.57,40.95,39.99
2018-04-17,40.77,39.2,40.97,38.51
2018-04-18,39.2,38.09,39.4,37.66
2018-04-19,37.8,37.86,38.29,37.52
2018-04-20,37.86,39.5,39.5,37.5
2018-04-23,39.3,39.2,39.3,37.98
2018-04-24,38.28,39.0,39.32,38.28
2018-04-25,38.96,39.58,40.0,38.61
2018-04-26,42.5,39.67,43.0,39.66
2018-04-27,39.13,39.2,39.66,38.89
2018-05-02,39.3,39.7,40.5,39.3
2018-05-03,39.32,40.11,40.27,39.32
2018-05-04,40.03,39.95,40.48,39.9
2018-05-07,39.28,40.76,40.88,39.28
2018-05-08,40.72,40.21,40.76,40.15
2018-05-09,39.9,40.28,40.38,39.81
2018-05-10,40.02,40.96,41.14,39.86
2018-05-11,40.88,41.1,41.3,39.45
2018-05-14,40.95,40.19,41.08,40.04
2018-05-15,40.2,39.13,40.2,38.1
2018-05-16,38.81,38.21,39.25,38.05
2018-05-17,38.15,38.49,38.79,38.08
2018-05-18,38.52,39.4,39.4,37.91
2018-05-21,39.1,39.47,39.55,38.6
2018-05-22,39.69,39.4,39.69,39.1
2018-05-23,39.79,40.0,40.55,39.27
2018-05-24,39.95,39.46,40.39,39.3
2018-05-25,39.48,39.97,40.1,39.11
