date,open,close,high,low
2017-06-01,17.213,18.779,18.779,17.213
2017-06-02,20.659,20.659,20.659,20.659
2017-06-05,22.721,22.721,22.721,22.721
2017-06-06,24.99,24.99,24.99,24.99
2017-06-07,27.489,27.489,27.489,27.489
2017-06-08,30.239,30.239,30.239,30.239
2017-06-09,33.265,33.265,33.265,31.408
2017-06-12,32.776,36.473,36.588,31.821
2017-06-13,33.593,34.304,35.136,32.829
2017-06-14,32.852,30.873,32.852,30.873
2017-06-15,30.01,30.873,31.668,29.811
2017-06-16,30.369,30.155,31.232,29.284
2017-06-19,29.819,29.498,30.514,29.223
2017-06-20,29.567,29.735,30.071,29.277
2017-06-21,29.643,29.941,29.995,29.315
2017-06-22,29.88,28.367,30.025,28.283
2017-06-23,28.306,27.397,28.421,26.748
2017-06-26,27.16,27.336,27.496,26.778
2017-06-27,27.42,27.237,27.733,27.007
2017-06-28,26.969,26.198,26.969,26.068
2017-06-29,26.243,26.228,26.457,26.152
2017-06-30,26.014,27.389,27.871,25.907
2017-07-03,27.16,27.26,27.382,26.778
2017-07-04,27.275,27.771,28.467,27.267
2017-07-05,27.756,28.077,28.26,27.519
2017-07-06,28.039,28.375,28.49,27.886
2017-07-07,28.421,28.069,28.451,28.024
2017-07-10,27.504,26.366,27.512,26.289
2017-07-11,26.129,26.167,26.488,26.121
2017-07-12,26.251,26.48,26.564,25.785
2017-07-13,26.48,25.953,26.48,25.861
2017-07-14,25.823,25.67,26.114,25.579
2017-07-17,25.227,23.103,25.227,23.103
2017-07-18,22.92,23.302,23.44,22.691
2017-07-19,23.317,23.371,23.44,22.935
2017-07-20,23.302,23.134,23.745,23.08
2017-07-21,23.149,23.233,23.516,22.943
2017-07-24,22.981,23.508,23.684,22.981
2017-07-25,23.508,23.363,23.608,23.249
2017-07-26,23.409,22.943,23.516,22.851
2017-07-27,22.92,23.913,23.936,22.783
2017-07-28,23.73,23.424,23.883,23.417
2017-07-31,23.44,23.921,23.921,23.378
2017-08-01,23.569,25.426,25.861,23.539
2017-08-02,25.166,26.205,26.35,24.906
2017-08-03,26.709,26.014,26.732,25.64
2017-08-04,25.915,25.12,26.159,24.738
2017-08-07,24.937,25.915,26.732,24.754
2017-08-08,25.9,26.205,26.358,25.296
2017-08-09,25.984,25.869,26.358,25.732
2017-08-10,25.816,25.51,26.58,25.235
2017-08-11,25.334,25.136,25.915,24.83
2017-08-14,25.281,25.839,27.328,25.143
2017-08-15,26.106,25.464,26.121,25.266
2017-08-16,25.464,25.495,25.754,25.067
2017-08-17,25.327,25.105,25.365,24.945
2017-08-18,24.937,24.448,25.082,24.44
2017-08-21,24.509,24.754,24.876,24.448
2017-08-22,24.693,23.982,24.799,23.936
2017-08-23,23.936,24.28,24.41,23.806
2017-08-24,24.288,24.104,24.601,23.997
2017-08-25,23.89,24.555,24.624,23.89
2017-08-28,24.7,25.426,25.434,24.693
2017-08-29,25.556,25.747,26.305,25.212
2017-08-30,25.426,25.044,25.518,24.998
2017-08-31,25.136,25.846,25.884,25.082
2017-09-01,25.884,25.617,25.976,25.411
2017-09-04,25.594,25.212,25.663,25.097
2017-09-05,25.311,25.227,25.403,25.143
2017-09-06,25.059,25.006,25.174,24.631
2017-09-07,25.059,24.929,25.365,24.906
2017-09-08,24.929,24.838,25.067,24.715
2017-09-11,24.868,25.464,25.518,24.838
2017-09-12,25.457,24.868,25.464,24.838
2017-09-13,24.807,24.952,24.998,24.777
2017-09-14,24.929,24.708,25.021,24.532
2017-09-15,24.662,24.479,24.715,24.341
2017-09-18,24.402,24.509,24.547,24.265
2017-09-19,24.54,24.586,24.906,24.402
2017-09-20,24.631,24.761,24.822,24.448
2017-09-21,24.784,24.593,24.922,24.563
2017-09-22,24.509,24.983,25.097,24.295
2017-09-25,24.868,25.22,25.457,24.761
2017-09-26,25.22,24.219,25.426,24.035
2017-09-27,24.226,24.563,24.83,24.066
2017-09-28,24.578,24.234,24.578,24.196
2017-09-29,24.234,24.448,24.807,24.234
2017-10-09,24.807,24.67,24.899,24.456
2017-10-10,24.868,25.204,25.304,24.777
2017-10-11,25.22,25.25,25.403,25.082
2017-10-12,25.732,25.151,25.732,24.914
2017-10-13,25.197,25.884,26.014,25.067
2017-10-16,25.854,25.304,25.854,25.136
2017-10-17,25.319,25.625,25.739,24.968
2017-10-18,25.571,25.09,25.655,24.929
2017-10-19,24.975,24.677,25.12,24.563
2017-10-20,24.639,25.09,25.174,24.54
2017-10-23,25.052,25.686,25.839,24.99
2017-10-24,25.625,26.61,27.114,25.418
2017-10-25,26.045,26.702,26.893,25.884
2017-10-26,26.732,26.473,27.321,26.434
2017-10-27,26.511,26.404,26.671,25.93
2017-10-30,26.373,25.288,26.373,23.76
2017-10-31,25.372,25.518,25.655,25.166
2017-11-01,25.67,26.259,26.564,25.533
2017-11-02,26.297,26.114,26.496,25.747
2017-11-03,26.014,26.511,26.511,25.785
2017-11-06,26.511,26.633,26.709,26.091
2017-11-07,26.603,26.664,26.87,26.022
2017-11-08,26.625,26.297,27.084,26.251
2017-11-09,26.243,26.839,26.839,25.999
2017-11-10,26.839,26.526,27.0,26.358
2017-11-13,26.618,27.03,27.091,26.144
2017-11-14,27.038,26.603,27.038,26.358
2017-11-15,26.473,25.579,26.732,25.518
2017-11-16,25.548,25.052,26.144,24.983
2017-11-17,24.975,23.493,25.036,23.363
2017-11-20,23.424,23.172,23.424,22.553
2017-11-21,23.203,22.805,23.241,21.774
2017-11-22,22.729,22.546,22.989,22.347
2017-11-23,22.569,22.194,22.752,22.156
2017-11-24,22.187,22.194,22.423,22.049
2017-11-27,22.263,21.889,22.263,21.644
2017-11-28,21.881,22.225,22.301,21.866
2017-11-29,22.339,22.133,22.339,21.667
2017-11-30,22.064,22.156,22.515,22.064
2017-12-01,22.232,22.301,22.492,21.896
2017-12-04,22.049,21.247,22.378,21.109
2017-12-05,21.377,20.704,21.377,20.399
2017-12-06,20.704,20.834,21.002,20.414
2017-12-07,20.788,20.659,20.842,20.559
2017-12-08,20.682,20.895,21.14,20.659
2017-12-11,20.865,21.002,21.064,20.834
2017-12-12,21.002,20.422,21.018,20.422
2017-12-13,20.491,20.781,20.788,20.315
2017-12-14,20.781,20.788,20.827,20.513
2017-12-15,20.781,20.628,20.964,20.529
2017-12-18,20.72,20.33,20.72,20.261
2017-12-19,20.322,20.491,20.544,20.315
2017-12-20,20.475,20.261,20.552,20.261
2017-12-21,20.254,20.063,20.292,19.719
2017-12-22,20.086,20.04,20.193,20.009
2017-12-25,20.116,19.772,20.116,19.566
2017-12-26,19.78,20.338,20.445,19.597
2017-12-27,20.277,20.093,20.414,20.078
2017-12-28,20.17,20.345,20.513,20.032
2017-12-29,20.445,20.429,20.506,20.307
2018-01-02,20.575,20.445,20.575,20.322
2018-01-03,20.445,20.391,20.513,20.292
2018-01-04,20.46,20.59,20.857,20.391
2018-01-05,20.62,20.46,20.62,20.368
2018-01-08,20.468,20.544,20.582,20.322
2018-01-09,20.483,21.132,22.263,20.483
2018-01-10,20.75,20.475,20.895,20.246
2018-01-11,20.483,20.636,20.819,20.032
2018-01-12,20.643,21.033,21.361,20.414
2018-01-15,20.857,20.529,21.056,20.506
2018-01-16,20.628,21.239,21.354,20.452
2018-01-17,21.4,21.667,21.927,21.201
2018-01-18,21.514,21.415,21.659,21.255
2018-01-19,21.484,20.979,21.575,20.834
2018-01-22,20.689,20.498,20.689,20.101
2018-01-23,20.475,20.437,20.605,20.3
2018-01-24,20.804,20.651,20.804,20.437
2018-01-25,20.59,20.544,20.88,20.475
2018-01-26,20.544,20.277,20.674,20.254
2018-01-29,19.841,19.719,19.841,19.482
2018-01-30,19.108,19.795,19.795,19.108
2018-01-31,19.558,20.009,21.232,19.558
2018-02-01,19.673,18.794,19.895,18.183
2018-02-02,18.336,17.817,18.596,17.381
2018-02-05,17.794,17.595,18.153,17.564
2018-02-06,17.572,17.114,17.572,16.197
2018-02-07,17.244,16.999,17.373,16.594
2018-02-08,16.884,17.114,17.396,16.877
2018-02-09,16.777,17.259,17.259,16.426
2018-02-12,17.19,17.725,18.321,17.144
2018-02-13,17.541,16.93,17.648,16.884
2018-02-14,16.831,16.403,16.831,16.357
2018-02-22,16.518,16.556,16.632,16.311
2018-02-23,16.457,16.785,16.991,16.395
2018-02-26,16.808,17.251,17.266,16.808
2018-02-27,17.098,17.244,17.335,17.083
2018-02-28,17.198,17.068,17.244,17.014
2018-03-01,16.9,17.381,17.511,16.846
2018-03-02,17.328,17.19,17.366,17.159
2018-03-05,17.167,17.373,17.373,17.075
2018-03-06,17.389,17.641,17.794,17.289
2018-03-07,17.633,17.901,17.939,17.496
2018-03-08,17.832,18.069,18.145,17.763
2018-03-09,18.099,18.42,18.481,17.992
2018-03-12,18.611,18.321,18.619,18.168
2018-03-13,18.321,18.458,19.092,18.176
2018-03-14,18.283,18.122,18.344,18.023
2018-03-15,17.916,17.717,17.954,17.526
2018-03-16,17.572,17.786,18.084,17.534
2018-03-19,17.794,18.283,18.535,17.794
2018-03-20,18.168,18.466,18.603,18.015
2018-03-21,18.489,18.374,18.863,18.344
2018-03-22,18.474,18.527,18.703,18.244
2018-03-23,18.023,17.771,18.313,17.419
2018-03-26,17.572,18.642,18.68,17.534
2018-03-27,18.558,19.238,19.299,18.374
2018-03-28,18.81,19.245,19.52,18.802
2018-03-29,19.245,19.345,19.482,18.963
2018-03-30,19.245,19.658,19.94,19.245
2018-04-02,19.558,20.177,20.468,19.551
2018-04-03,20.055,20.292,20.315,19.711
2018-04-04,20.292,20.04,20.437,19.902
2018-04-09,20.032,20.758,20.995,20.032
2018-04-10,20.85,20.873,21.064,19.979
2018-04-11,20.873,21.675,21.675,20.873
2018-04-12,21.392,21.759,21.766,21.392
2018-04-13,21.743,22.179,22.469,21.621
2018-04-16,21.927,21.285,22.194,21.277
2018-04-17,21.308,22.034,22.08,20.781
2018-04-18,21.889,23.042,23.455,21.873
2018-04-19,22.729,22.859,23.05,22.553
2018-04-20,22.813,21.996,22.851,21.98
2018-04-23,22.049,22.462,22.462,21.805
2018-04-24,22.5,23.226,23.317,22.416
2018-04-25,22.897,22.805,23.256,22.462
2018-04-26,22.538,22.676,23.271,22.538
2018-04-27,22.729,22.92,23.241,22.217
2018-05-02,22.92,22.912,23.073,22.011
2018-05-03,22.889,22.828,23.111,22.378
2018-05-04,22.821,23.485,23.592,22.37
2018-05-07,23.378,23.745,23.768,23.103
2018-05-08,23.608,23.203,23.738,23.195
2018-05-09,23.195,22.66,23.378,22.538
2018-05-10,22.637,22.08,22.882,22.011
2018-05-11,22.141,21.996,22.294,21.889
2018-05-14,21.996,22.332,22.347,21.996
2018-05-15,22.232,22.118,22.462,22.003
2018-05-16,22.103,22.164,22.507,21.973
2018-05-17,22.194,22.118,22.592,22.057
2018-05-18,22.019,22.133,22.156,21.675
2018-05-21,22.141,22.92,22.92,22.133
2018-05-22,23.226,23.669,25.212,23.012
2018-05-23,23.302,23.371,23.592,22.935
2018-05-24,23.165,22.53,23.417,22.477
2018-05-25,22.53,22.332,22.599,22.156
