date,open,close,high,low
2017-01-19,7.998,9.597,9.597,7.998
2017-01-20,10.555,10.555,10.555,10.555
2017-01-23,11.611,11.611,11.611,11.611
2017-01-24,12.773,12.773,12.773,12.773
2017-01-25,14.052,14.052,14.052,14.052
2017-01-26,15.458,15.458,15.458,15.458
2017-02-03,17.006,17.006,17.006,17.006
2017-02-06,18.704,18.704,18.704,18.704
2017-02-07,20.572,20.572,20.572,20.572
2017-02-08,22.627,22.627,22.627,22.627
2017-02-09,24.892,24.892,24.892,24.892
2017-02-10,27.379,27.379,27.379,27.379
2017-02-13,29.189,30.117,30.117,28.623
2017-02-14,31.524,33.129,33.129,30.946
2017-02-15,34.601,34.379,36.445,33.451
2017-02-16,33.275,33.801,35.628,32.505
2017-02-17,32.68,30.421,32.68,30.421
2017-02-20,29.44,28.407,30.053,28.039
2017-02-21,28.605,29.405,30.584,27.951
2017-02-22,28.99,30.199,31.39,28.99
2017-02-23,29.773,33.217,33.217,29.627
2017-02-24,33.859,32.575,34.186,31.816
2017-02-27,32.406,31.95,32.867,31.477
2017-02-28,31.758,32.697,33.556,31.063
2017-03-01,32.114,31.302,32.394,31.279
2017-03-02,30.94,31.816,33.217,30.765
2017-03-03,32.049,33.416,34.998,31.612
2017-03-06,33.042,34.005,34.157,32.493
2017-03-07,33.918,33.707,34.244,33.042
2017-03-08,33.795,35.319,35.319,33.468
2017-03-09,34.91,33.275,34.91,33.042
2017-03-10,32.715,32.692,33.544,32.575
2017-03-13,32.388,33.106,33.27,31.524
2017-03-14,32.867,33.918,34.151,32.762
2017-03-15,33.725,34.379,34.665,32.768
2017-03-16,34.665,36.416,37.817,34.665
2017-03-17,35.914,36.691,38.745,35.914
2017-03-20,35.727,37.152,37.619,35.056
2017-03-21,36.72,37.543,37.654,36.399
2017-03-22,37.07,37.706,39.113,36.959
2017-03-23,37.187,35.727,37.473,35.038
2017-03-24,35.774,36.171,36.737,35.494
2017-03-27,35.932,36.953,37.128,35.844
2017-03-28,37.017,35.015,37.327,35.015
2017-03-29,34.688,31.874,35.202,31.699
2017-03-30,31.553,32.26,33.089,31.553
2017-03-31,32.242,30.135,32.984,29.773
2017-04-05,29.767,30.462,30.648,27.91
2017-04-06,30.181,30.473,31.215,29.948
2017-04-07,30.357,29.755,31.104,29.668
2017-04-10,29.189,26.778,30.065,26.778
2017-04-11,26.614,27.327,27.473,26.112
2017-04-12,27.175,26.486,27.584,26.358
2017-04-13,26.387,26.358,27.14,26.27
2017-04-14,26.276,26.06,26.842,25.704
2017-04-17,24.525,23.468,25.038,23.456
2017-04-18,23.48,23.118,23.917,22.972
2017-04-19,22.954,23.935,23.993,22.913
2017-04-20,23.795,23.561,24.168,23.234
2017-04-21,23.561,23.351,23.865,23.24
2017-04-24,23.118,22.686,23.38,22.476
2017-04-25,22.767,23.234,23.328,22.767
2017-04-26,22.884,23.9,24.274,22.651
2017-04-27,23.643,24.671,25.073,23.421
2017-04-28,24.507,24.606,24.922,24.437
2017-05-02,24.577,24.145,24.799,23.882
2017-05-03,24.455,25.091,26.253,24.402
2017-05-04,24.519,24.402,24.752,23.952
2017-05-05,24.285,23.421,24.344,23.351
2017-05-08,23.357,22.884,23.742,22.797
2017-05-09,22.709,23.655,24.186,22.651
2017-05-10,23.526,23.024,24.069,23.024
2017-05-11,22.767,23.596,23.684,22.592
2017-05-12,23.637,24.484,24.484,23.38
2017-05-15,24.39,24.11,24.746,23.97
2017-05-16,24.005,25.324,25.365,23.882
2017-05-17,25.178,24.98,25.564,24.723
2017-05-18,24.84,24.647,25.278,24.548
2017-05-19,24.624,24.647,25.336,24.414
2017-05-22,24.367,22.651,24.513,22.476
2017-05-23,22.826,20.66,22.937,20.607
2017-05-24,20.491,20.672,21.004,19.854
2017-05-25,20.66,20.672,20.934,19.557
2017-05-26,20.683,20.876,21.232,20.607
2017-05-31,21.536,20.637,21.892,20.532
2017-06-01,20.374,19.177,20.532,19.148
2017-06-02,19.148,19.849,20.14,18.996
2017-06-05,20.257,20.082,20.391,19.942
2017-06-06,19.86,20.222,20.281,19.849
2017-06-07,20.286,21.028,21.139,20.175
2017-06-08,21.045,21.571,23.129,21.045
2017-06-09,21.512,22.388,22.645,21.325
2017-06-12,21.863,20.923,21.863,20.788
2017-06-13,20.701,23.013,23.013,20.701
2017-06-14,23.351,23.065,23.865,22.767
2017-06-15,22.826,23.386,23.643,22.592
2017-06-16,23.176,23.707,24.752,22.697
2017-06-19,23.485,23.264,23.596,23.001
2017-06-20,23.252,22.966,23.468,22.89
2017-06-21,23.001,22.692,23.159,22.476
2017-06-22,22.827,22.206,23.213,22.165
2017-06-23,22.388,23.348,23.383,22.183
2017-06-26,23.412,24.354,24.688,23.26
2017-06-27,24.114,24.073,24.565,23.792
2017-06-28,23.927,23.675,24.559,23.5
2017-06-29,23.81,23.371,24.091,23.242
2017-06-30,23.219,23.939,23.945,23.178
2017-07-03,23.991,24.12,24.196,23.617
2017-07-04,24.12,23.921,25.051,23.816
2017-07-05,23.822,25.121,25.215,23.441
2017-07-06,25.08,26.701,27.632,24.758
2017-07-07,26.631,29.37,29.37,26.35
2017-07-10,31.027,29.716,31.723,29.446
2017-07-11,29.839,26.871,30.026,26.742
2017-07-12,27.029,27.462,27.784,26.818
2017-07-13,27.509,27.462,28.82,26.502
2017-07-14,26.221,26.778,27.193,25.894
2017-07-17,26.608,24.571,26.912,24.12
2017-07-18,24.817,25.701,26.046,24.817
2017-07-19,25.425,27.515,27.831,25.414
2017-07-20,27.451,27.778,28.393,26.637
2017-07-21,27.509,26.737,27.895,26.701
2017-07-24,26.52,26.426,27.304,25.753
2017-07-25,26.344,27.626,27.849,26.339
2017-07-26,28.276,27.334,28.615,26.865
2017-07-27,26.666,26.608,26.865,26.058
2017-07-28,26.403,27.351,27.796,26.38
2017-07-31,27.334,28.393,28.592,27.31
2017-08-01,28.024,27.509,28.024,27.146
2017-08-02,27.474,27.416,28.481,26.807
2017-08-03,26.807,26.596,27.117,25.648
2017-08-04,26.789,26.573,28.358,26.573
2017-08-07,25.829,26.947,27.105,25.753
2017-08-08,27.48,26.807,27.972,26.649
2017-08-09,26.742,26.748,27.281,26.274
2017-08-10,26.69,25.502,26.69,25.425
2017-08-11,25.15,23.67,25.15,23.412
2017-08-14,23.769,24.331,24.612,23.711
2017-08-15,24.29,24.085,24.29,23.769
2017-08-16,24.103,24.477,24.875,23.488
2017-08-17,24.992,24.448,24.992,24.372
2017-08-18,23.997,23.986,24.173,23.728
2017-08-21,23.828,24.308,24.395,23.828
2017-08-28,26.339,25.753,26.339,25.373
2017-08-29,25.168,27.966,28.329,24.934
2017-08-30,26.924,28.258,28.492,26.344
2017-08-31,28.358,31.085,31.085,27.843
2017-09-01,32.192,32.718,34.193,31.565
2017-09-04,32.894,33.07,33.866,32.01
2017-09-05,32.771,31.214,32.777,30.494
2017-09-06,30.828,32.367,33.713,30.641
2017-09-07,32.777,31.899,33.702,31.612
2017-09-08,32.367,34.205,34.767,32.291
2017-09-11,33.871,33.889,34.187,32.227
2017-09-12,33.52,32.338,35.463,32.098
2017-09-13,31.606,32.11,32.519,31.085
2017-09-14,32.203,31.636,33.064,31.472
2017-09-15,31.261,30.324,31.6,29.973
2017-09-18,30.629,32.344,32.748,30.629
2017-09-19,32.174,32.238,32.947,31.431
2017-09-20,32.121,35.463,35.463,32.08
2017-09-21,36.236,34.053,37.284,33.836
2017-09-22,34.047,33.456,34.451,32.689
2017-09-25,33.011,31.729,33.315,31.431
2017-09-26,31.811,32.467,33.005,31.782
2017-09-27,32.718,32.958,33.093,31.811
2017-09-28,33.029,31.741,33.187,31.612
2017-09-29,31.7,31.6,32.35,31.021
2017-10-09,32.18,31.571,32.256,31.284
2017-10-10,31.577,31.197,31.688,30.33
2017-10-11,31.243,30.594,31.255,30.155
2017-10-12,30.436,30.395,30.699,29.909
2017-10-13,30.453,30.998,31.179,30.442
2017-10-16,31.015,31.442,31.952,30.143
2017-10-17,31.255,30.365,31.255,30.143
2017-10-18,30.166,29.253,30.523,29.183
2017-10-19,29.259,28.727,29.482,28.446
2017-10-20,29.025,29.733,30.02,28.727
2017-10-23,29.265,28.849,29.265,28.738
2017-10-24,28.849,29.277,29.558,28.814
2017-10-25,29.16,29.382,29.493,28.68
2017-10-26,29.359,30.219,30.763,29.195
2017-10-27,29.967,29.335,30.184,29.277
2017-10-30,29.212,27.538,29.212,27.515
2017-10-31,27.919,28.013,28.241,27.685
2017-11-01,28.434,28.563,29.189,28.27
2017-11-02,28.387,28.024,28.709,27.685
2017-11-03,27.977,27.732,28.428,27.585
2017-11-06,28.007,28.27,28.387,27.685
2017-11-07,28.258,28.329,28.451,27.761
2017-11-08,28.13,28.551,28.908,27.942
2017-11-09,28.551,30.055,30.553,28.492
2017-11-10,29.511,29.903,29.997,29.271
2017-11-13,29.558,31.167,31.466,29.283
2017-11-14,30.933,30.523,31.694,30.412
2017-11-15,30.377,29.739,30.377,29.382
2017-11-16,30.026,30.553,30.886,29.657
2017-11-17,30.447,27.55,30.547,27.497
2017-11-20,27.55,27.737,27.913,25.461
2017-11-21,27.503,26.579,28.036,26.052
2017-11-22,26.579,25.835,26.789,25.695
2017-11-23,25.525,25.724,26.865,25.461
2017-11-24,25.718,26.292,26.918,25.49
2017-11-27,26.046,25.484,26.631,25.42
2017-11-28,25.098,26.034,26.292,25.098
2017-11-29,26.093,26.778,27.281,25.976
2017-11-30,26.631,25.9,26.631,25.759
2017-12-01,25.8,25.917,26.116,25.753
2017-12-04,25.935,23.933,26.005,23.74
2017-12-05,23.874,22.417,23.91,21.949
2017-12-06,22.3,22.938,23.114,22.247
2017-12-07,22.932,22.938,23.195,22.833
2017-12-08,22.733,23.4,23.588,22.733
2017-12-11,23.295,23.675,23.933,23.125
2017-12-12,23.646,23.599,24.173,23.412
2017-12-13,23.295,23.371,23.57,22.856
2017-12-14,23.236,23.201,23.57,23.043
2017-12-15,23.155,23.096,23.33,22.885
2017-12-18,22.909,23.611,23.822,22.909
2017-12-19,23.541,23.377,23.681,23.307
2017-12-20,23.342,22.739,23.471,22.44
2017-12-21,22.487,22.721,22.926,22.359
2017-12-22,22.505,22.78,23.307,22.505
2017-12-25,22.838,22.774,23.119,22.593
2017-12-26,22.757,23.301,23.348,22.241
2017-12-27,23.166,24.15,25.63,23.166
2017-12-28,23.699,25.677,26.087,23.558
2017-12-29,25.56,25.654,25.718,24.641
2018-01-02,25.285,25.525,25.706,25.098
2018-01-03,25.39,25.701,26.719,25.262
2018-01-04,25.332,26.022,26.233,25.168
2018-01-05,25.976,25.502,26.157,25.461
2018-01-08,25.414,25.636,26.063,25.244
2018-01-09,25.525,25.712,26.116,25.466
2018-01-10,25.472,24.583,25.742,24.512
2018-01-11,24.823,27.041,27.041,24.823
2018-01-12,27.041,26.526,27.831,26.339
2018-01-15,26.415,25.747,26.742,25.285
2018-01-16,25.894,25.519,25.999,25.074
2018-01-17,25.197,24.343,25.502,24.003
2018-01-18,23.997,24.237,24.758,23.997
2018-01-19,24.114,24.261,24.711,23.997
2018-01-22,24.255,24.776,24.776,23.752
2018-01-23,24.922,25.905,26.865,24.483
2018-01-24,25.361,25.642,25.683,25.068
2018-01-25,25.589,25.706,26.66,25.507
2018-01-26,25.326,25.057,25.449,24.893
2018-01-29,25.168,25.045,25.443,24.43
2018-01-30,24.992,24.507,25.08,24.43
2018-01-31,24.085,23.447,24.366,22.739
2018-02-01,23.787,22.903,23.81,22.604
2018-02-02,22.598,23.517,23.787,21.949
2018-02-05,25.695,24.7,25.695,24.618
2018-02-06,22.241,23.582,24.454,22.241
2018-02-07,24.583,24.583,25.73,24.085
2018-02-08,23.716,24.665,25.25,23.711
2018-02-09,23.646,23.061,24.518,22.71
2018-02-12,23.33,23.88,24.161,23.119
2018-02-13,24.114,23.418,24.752,23.307
2018-02-14,23.254,23.254,23.623,23.119
2018-02-22,23.529,24.518,24.992,23.336
2018-02-23,24.957,24.928,25.098,24.419
2018-02-26,25.215,25.461,25.864,24.676
2018-02-27,24.577,24.741,24.922,24.296
2018-02-28,24.7,25.344,25.923,24.425
2018-03-01,24.893,25.232,25.525,24.583
2018-03-02,24.875,24.981,25.665,24.711
2018-03-05,24.905,25.256,25.619,24.905
2018-03-06,25.232,26.104,26.456,25.232
2018-03-07,25.765,25.765,26.28,25.49
2018-03-08,25.525,25.73,25.999,25.42
2018-03-09,25.695,25.876,25.982,25.507
2018-03-12,25.894,26.508,26.725,25.894
2018-03-13,26.28,25.49,26.397,25.472
2018-03-14,25.636,25.39,26.151,25.291
2018-03-15,25.109,24.401,25.344,23.529
2018-03-16,24.349,24.196,24.653,24.161
2018-03-19,24.068,24.436,24.559,23.722
2018-03-20,24.226,24.308,24.407,24.009
2018-03-21,24.319,25.133,25.273,24.319
2018-03-22,24.811,24.612,25.127,24.571
2018-03-23,23.588,23.184,24.261,22.388
2018-03-26,22.558,23.664,23.687,22.558
2018-03-27,23.997,24.132,24.512,23.705
2018-03-28,23.88,23.792,24.144,23.775
2018-03-29,23.869,24.144,24.384,23.869
2018-03-30,24.056,24.36,24.559,24.056
2018-04-02,24.413,24.079,24.518,23.997
2018-04-03,23.64,24.114,24.524,23.418
2018-04-04,24.132,23.67,24.29,23.634
2018-04-09,23.482,23.787,23.991,23.324
2018-04-10,23.646,24.027,24.29,23.646
2018-04-11,24.144,24.641,24.682,24.144
2018-04-12,24.641,24.079,24.641,23.997
2018-04-13,24.325,24.138,24.483,24.038
2018-04-16,24.003,23.558,24.512,23.418
2018-04-17,23.705,22.92,23.705,22.78
2018-04-18,23.131,22.856,23.236,22.423
2018-04-19,22.944,23.371,23.406,22.944
2018-04-20,23.061,22.394,23.096,22.364
2018-04-23,22.476,22.797,22.909,22.394
2018-04-24,22.903,23.19,23.225,22.774
2018-04-25,22.985,23.108,23.178,22.827
2018-04-26,23.424,22.885,23.57,22.827
2018-04-27,22.973,23.078,23.26,22.915
2018-05-02,23.266,23.365,23.4,23.119
2018-05-03,23.178,23.359,23.406,22.827
2018-05-04,23.359,23.541,23.634,23.125
2018-05-07,23.968,23.775,23.968,23.447
2018-05-08,23.792,23.781,23.939,23.623
2018-05-09,23.822,23.664,23.822,23.541
2018-05-10,23.792,24.015,24.319,23.646
2018-05-11,23.939,24.354,24.571,23.939
2018-05-14,24.173,23.81,24.19,23.711
2018-05-15,23.81,23.962,24.091,23.757
2018-05-16,23.839,23.711,24.056,23.664
2018-05-17,23.728,24.032,24.22,23.693
2018-05-18,24.173,24.044,24.267,23.722
2018-05-21,24.073,24.53,24.553,24.003
2018-05-22,24.466,24.565,24.571,24.185
2018-05-23,24.296,24.009,24.407,23.939
2018-05-24,24.02,23.55,24.03,23.2
2018-05-25,23.39,23.48,23.83,23.11
