date,open,close,high,low
2017-08-21,18.491,22.189,22.189,18.491
2017-08-22,24.412,24.412,24.412,24.412
2017-08-23,26.854,26.854,26.854,26.854
2017-08-24,29.535,29.535,29.535,29.535
2017-08-25,32.486,32.486,32.486,32.486
2017-08-28,35.735,35.735,35.735,35.735
2017-08-29,39.314,39.314,39.314,39.314
2017-08-30,43.241,43.241,43.241,43.241
2017-08-31,47.567,47.567,47.567,47.567
2017-09-05,49.84,45.205,50.039,44.537
2017-09-06,42.962,41.965,44.826,41.776
2017-09-07,41.716,42.125,43.819,41.716
2017-09-08,41.547,40.271,42.135,39.772
2017-09-11,40.081,41.437,41.746,40.071
2017-09-12,41.268,41.666,43.76,40.819
2017-09-13,40.899,43.211,43.211,40.43
2017-09-14,43.082,42.234,44.298,42.075
2017-09-15,41.407,40.55,42.224,39.982
2017-09-18,39.453,39.633,39.962,38.646
2017-09-19,39.872,39.124,40.321,38.995
2017-09-20,39.124,39.952,40.091,38.885
2017-09-21,39.872,39.623,40.65,39.623
2017-09-22,39.473,39.633,40.051,38.377
2017-09-25,39.593,40.012,40.43,39.593
2017-09-26,39.982,37.29,40.012,36.941
2017-09-27,37.081,37.37,37.878,36.902
2017-09-28,37.48,37.38,38.197,37.38
2017-09-29,37.679,37.29,37.759,37.171
2017-10-09,38.068,37.789,38.108,37.42
2017-10-10,37.789,39.114,39.124,37.639
2017-10-11,39.473,39.972,40.719,39.473
2017-10-12,39.423,39.792,40.032,38.995
2017-10-13,39.812,40.201,40.669,39.772
2017-10-16,39.872,38.925,40.251,38.875
2017-10-17,38.925,38.985,39.723,38.825
2017-10-18,39.314,38.526,39.314,37.829
2017-10-19,38.257,38.008,38.257,37.39
2017-10-20,37.998,38.985,38.995,37.878
2017-10-23,38.965,41.138,41.138,38.965
2017-10-24,40.53,40.819,41.158,39.772
2017-10-25,40.809,41.527,41.626,40.171
2017-10-26,41.517,40.759,41.517,40.749
2017-10-27,40.729,40.43,40.859,39.972
2017-10-30,40.271,38.566,40.829,37.968
2017-10-31,38.168,39.573,39.663,38.168
2017-11-01,39.732,41.008,41.248,39.493
2017-11-02,40.959,41.975,42.962,40.669
2017-11-03,41.666,42.683,43.341,40.779
2017-11-06,42.942,42.932,44.657,42.573
2017-11-07,42.673,43.361,43.53,41.896
2017-11-08,43.341,44.158,44.856,43.171
2017-11-09,44.358,43.171,44.358,42.424
2017-11-10,43.042,43.072,43.829,42.733
2017-11-13,42.553,44.059,44.208,42.394
2017-11-14,43.869,44.407,44.407,43.132
2017-11-15,44.039,43.191,45.813,43.161
2017-11-16,42.543,40.56,42.843,39.902
2017-11-17,39.862,38.277,40.211,37.759
2017-11-20,38.088,38.586,39.035,38.088
2017-11-21,37.978,36.383,38.646,35.885
2017-11-22,36.792,36.184,36.931,35.755
2017-11-23,35.985,35.466,36.323,34.888
2017-11-24,35.466,35.586,35.855,35.187
2017-11-27,35.596,34.091,35.656,34.071
2017-11-28,34.28,34.838,34.988,34.17
2017-11-29,34.758,35.187,35.187,34.42
2017-11-30,35.386,35.685,36.084,35.107
2017-12-01,35.765,35.386,35.775,34.938
2017-12-04,35.327,34.649,35.327,34.091
2017-12-05,34.888,33.632,35.127,33.592
2017-12-06,33.293,35.376,35.376,33.293
2017-12-07,35.097,35.466,35.576,34.778
2017-12-08,35.396,36.563,36.682,35.297
2017-12-11,36.543,36.732,37.231,36.184
2017-12-12,36.632,35.765,36.632,35.586
2017-12-13,36.543,36.523,36.543,35.735
2017-12-14,36.553,36.692,36.692,35.905
2017-12-15,36.383,36.274,36.513,36.084
2017-12-18,36.423,35.357,36.443,35.317
2017-12-19,35.406,35.357,35.715,34.719
2017-12-20,35.087,34.878,35.087,34.091
2017-12-21,35.227,35.177,35.287,34.32
2017-12-22,35.287,35.237,35.466,34.898
2017-12-25,35.217,34.39,35.237,34.14
2017-12-26,34.589,35.765,35.885,34.449
2017-12-27,35.745,35.386,35.855,35.376
2017-12-28,34.888,35.805,35.865,34.709
2017-12-29,36.064,35.775,36.184,35.576
2018-01-02,35.885,36.174,36.244,35.376
2018-01-03,36.134,36.054,36.234,35.436
2018-01-04,36.044,35.486,36.044,35.237
2018-01-05,35.486,34.739,35.646,34.739
2018-01-08,34.699,34.988,35.157,34.29
2018-01-09,34.539,34.43,35.147,34.39
2018-01-10,34.489,34.459,35.187,34.23
2018-01-11,34.21,34.768,34.868,34.21
2018-01-12,34.669,34.19,34.669,34.19
2018-01-15,34.071,32.845,34.21,32.795
2018-01-16,32.894,33.094,33.353,32.705
2018-01-17,33.094,33.991,34.17,32.815
2018-01-18,34.001,33.841,34.32,33.592
2018-01-19,33.692,33.552,34.31,33.413
2018-01-22,33.473,33.821,34.071,33.403
2018-01-23,33.812,33.871,34.17,33.602
2018-01-24,34.081,34.28,34.579,33.891
2018-01-25,34.24,33.891,34.589,33.891
2018-01-26,33.901,33.522,34.071,33.393
2018-01-29,34.061,33.522,34.061,33.223
2018-01-30,33.542,32.984,33.542,32.795
2018-01-31,32.984,32.197,33.004,32.097
2018-02-01,32.117,31.718,32.725,31.419
2018-02-02,31.599,31.399,31.898,31.28
2018-02-05,31.399,31.898,32.047,31.11
2018-02-06,31.589,30.233,31.589,29.814
2018-02-07,30.881,29.784,31.2,29.176
2018-02-08,29.804,29.804,30.303,29.485
2018-02-09,28.907,28.608,29.306,28.409
2018-02-12,29.595,29.356,29.854,28.857
2018-02-13,29.545,29.505,29.705,29.256
2018-02-14,28.758,32.456,32.456,28.758
2018-02-22,32.765,32.845,33.193,32.067
2018-02-23,32.506,32.546,32.984,32.237
2018-02-26,32.575,33.193,33.483,32.575
2018-02-27,32.994,33.233,33.772,32.894
2018-02-28,33.054,32.745,33.084,32.386
2018-03-01,32.884,33.084,33.283,32.556
2018-03-02,32.855,32.775,33.792,32.575
2018-03-05,32.884,33.203,33.413,32.605
2018-03-06,33.243,33.772,33.782,33.174
2018-03-07,33.871,33.742,34.559,33.493
2018-03-08,33.742,35.147,35.237,33.742
2018-03-09,35.137,35.297,35.347,34.709
2018-03-12,35.536,35.536,36.214,35.157
2018-03-13,35.307,36.682,37.131,35.217
2018-03-14,36.682,35.087,36.692,34.599
2018-03-15,34.719,34.649,34.778,32.894
2018-03-16,32.894,33.483,33.841,32.396
2018-03-19,33.044,33.054,33.433,32.944
2018-03-20,32.406,33.253,33.821,32.406
2018-03-21,33.004,32.795,34.031,32.745
2018-03-22,32.765,32.984,33.064,31.848
2018-03-23,32.386,30.432,32.795,30.412
2018-03-26,30.502,30.961,31.13,29.246
2018-03-27,31.3,32.097,32.167,31.1
2018-03-28,31.599,31.778,32.077,31.599
2018-03-29,31.678,32.237,32.256,31.658
2018-03-30,32.346,32.745,32.884,32.256
2018-04-02,32.745,32.605,33.044,32.506
2018-04-03,31.947,34.25,34.26,31.947
2018-04-04,34.21,34.968,36.164,33.742
2018-04-09,34.928,35.386,35.486,34.559
2018-04-10,35.287,34.828,35.386,34.41
2018-04-11,35.018,35.885,36.343,34.888
2018-04-12,35.606,35.795,36.134,35.386
2018-04-13,35.795,37.729,38.776,35.247
2018-04-16,36.892,36.483,37.559,36.284
2018-04-17,36.393,34.998,37.161,34.988
2018-04-18,35.506,35.845,35.955,33.891
2018-04-19,36.024,35.197,36.024,35.187
2018-04-20,34.888,34.13,35.337,33.901
2018-04-23,33.921,34.519,35.247,33.891
2018-04-24,34.868,36.553,37.54,34.24
2018-04-25,36.224,35.885,37.061,35.167
2018-04-26,32.446,32.296,33.891,32.296
2018-04-27,31.898,31.25,32.187,31.04
2018-05-02,31.31,32.25,32.34,31.21
2018-05-03,32.3,32.38,32.6,31.47
2018-05-04,32.53,32.02,32.58,31.94
2018-05-07,32.02,33.09,33.3,31.76
2018-05-08,33.09,33.75,33.8,32.91
2018-05-09,33.43,33.82,34.17,33.34
2018-05-10,33.62,34.1,34.1,33.55
2018-05-11,33.91,33.69,34.37,33.64
2018-05-14,33.69,33.7,33.89,33.2
2018-05-15,33.63,34.61,34.65,33.52
2018-05-16,34.9,34.53,34.9,34.24
2018-05-17,34.59,34.63,35.15,34.31
2018-05-18,34.63,34.1,34.7,33.2
2018-05-21,34.3,34.62,34.93,33.88
2018-05-22,34.54,38.08,38.08,34.38
2018-05-23,38.23,38.84,41.02,37.52
2018-05-24,38.62,40.05,40.5,38.11
2018-05-25,39.76,39.14,40.81,39.14
