date,open,close,high,low
2017-07-31,15.53,18.63,18.63,15.53
2017-08-01,20.49,20.49,20.49,20.49
2017-08-02,22.54,22.54,22.54,22.54
2017-08-03,24.79,24.79,24.79,24.79
2017-08-04,27.27,27.27,27.27,27.27
2017-08-07,30.0,29.0,30.0,27.8
2017-08-08,28.44,30.74,31.01,27.7
2017-08-09,29.6,27.93,29.94,27.79
2017-08-10,27.0,27.96,28.99,26.78
2017-08-11,27.26,27.42,28.58,27.0
2017-08-14,27.3,27.78,28.26,26.84
2017-08-15,27.5,29.64,30.44,27.41
2017-08-16,29.18,30.14,31.68,28.79
2017-08-17,29.8,29.93,31.68,29.39
2017-08-18,29.61,32.92,32.92,29.21
2017-08-21,32.0,34.35,35.49,31.97
2017-08-22,33.88,33.26,34.28,32.3
2017-08-23,32.7,33.43,35.3,32.3
2017-08-24,32.92,31.48,34.85,31.21
2017-08-25,31.01,33.11,33.6,30.88
2017-08-28,33.6,36.42,36.42,33.2
2017-08-29,35.89,37.0,40.06,35.36
2017-08-30,36.29,39.68,40.5,36.29
2017-08-31,38.8,39.56,40.8,38.7
2017-09-01,40.26,37.54,40.55,36.6
2017-09-04,36.8,36.0,36.99,35.6
2017-09-05,36.01,36.2,37.3,36.0
2017-09-06,35.33,35.05,35.68,34.0
2017-09-07,34.95,34.7,35.75,34.68
2017-09-08,34.5,34.36,35.2,33.68
2017-09-11,34.48,35.91,36.17,34.36
2017-09-12,35.79,34.77,35.81,34.54
2017-09-13,34.5,35.41,35.53,34.29
2017-09-14,35.35,35.3,35.87,34.94
2017-09-15,35.3,34.13,35.59,34.02
2017-09-18,33.96,33.52,33.98,32.7
2017-09-19,33.61,34.08,34.5,33.51
2017-09-20,33.87,34.4,34.57,33.67
2017-09-21,34.6,34.31,35.19,34.0
2017-09-22,33.9,34.94,35.0,33.05
2017-09-25,34.78,34.5,35.44,34.45
2017-09-26,34.37,32.7,34.5,32.1
2017-09-27,32.8,33.1,33.24,32.53
2017-09-28,33.0,32.89,33.58,32.5
2017-09-29,33.0,33.15,33.4,32.6
2017-10-09,33.49,33.45,33.7,33.2
2017-10-10,33.47,35.37,35.43,33.32
2017-10-11,35.35,36.96,37.75,35.06
2017-10-12,36.0,36.35,36.5,35.59
2017-10-13,36.15,36.55,37.32,36.06
2017-10-16,37.16,36.1,39.4,36.05
2017-10-17,35.0,38.73,39.71,34.6
2017-10-18,37.8,36.8,38.33,36.05
2017-10-19,36.41,36.9,38.6,36.36
2017-10-20,39.0,40.59,40.59,39.0
2017-10-23,44.65,40.58,44.65,38.58
2017-10-24,41.63,38.2,42.16,37.8
2017-10-25,37.13,38.44,39.19,36.6
2017-10-26,37.9,37.43,38.5,37.16
2017-10-27,37.4,35.9,37.68,35.8
2017-10-30,36.01,34.51,36.3,34.48
2017-10-31,34.92,36.34,36.89,34.71
2017-11-01,35.8,36.44,36.82,35.7
2017-11-02,36.65,37.3,37.95,36.45
2017-11-03,37.6,36.51,37.6,36.0
2017-11-06,36.9,37.85,37.9,36.78
2017-11-07,38.2,37.1,38.28,36.46
2017-11-08,36.88,36.96,38.0,36.85
2017-11-09,36.9,36.49,36.9,36.0
2017-11-10,36.45,36.74,37.39,36.35
2017-11-13,37.05,36.4,37.13,36.16
2017-11-14,36.53,36.0,36.72,35.6
2017-11-15,35.55,34.04,35.8,33.8
2017-11-16,33.7,33.18,34.29,33.18
2017-11-17,33.14,29.91,33.39,29.91
2017-11-20,29.65,30.49,30.57,29.11
2017-11-21,30.45,29.92,30.62,29.29
2017-11-22,29.99,29.67,30.28,29.45
2017-11-23,29.58,28.57,29.66,28.57
2017-11-24,28.52,28.45,28.88,28.41
2017-11-27,28.57,27.86,28.65,27.81
2017-11-28,28.0,28.63,28.66,27.91
2017-11-29,28.63,28.8,28.88,28.0
2017-11-30,28.57,29.64,30.2,28.57
2017-12-01,29.37,29.83,30.0,29.24
2017-12-04,29.5,28.2,29.7,28.0
2017-12-05,28.26,26.4,28.43,26.22
2017-12-06,26.45,27.06,27.14,26.0
2017-12-07,26.92,27.02,27.29,26.79
2017-12-08,27.04,27.85,28.36,26.87
2017-12-11,28.1,27.9,28.19,27.7
2017-12-12,27.8,26.82,27.81,26.8
2017-12-13,26.8,27.39,27.42,26.78
2017-12-14,27.22,27.27,27.4,26.96
2017-12-15,27.25,26.82,27.26,26.62
2017-12-18,26.86,26.2,26.88,26.03
2017-12-19,26.28,26.45,26.53,26.11
2017-12-20,26.55,26.66,26.98,26.4
2017-12-21,26.69,26.31,26.69,25.4
2017-12-22,26.32,26.05,26.47,26.03
2017-12-25,26.05,25.75,26.3,25.31
2017-12-26,25.8,28.33,28.33,25.75
2017-12-27,28.3,27.96,28.65,27.71
2017-12-28,27.58,28.98,29.4,27.53
2017-12-29,28.7,28.48,28.75,28.06
2018-01-02,28.35,28.5,28.69,28.17
2018-01-03,28.43,28.45,29.95,28.04
2018-01-04,28.44,28.7,28.7,28.25
2018-01-05,28.53,28.19,28.79,28.14
2018-01-08,28.0,28.2,28.22,27.72
2018-01-09,28.1,29.2,29.2,27.96
2018-01-10,28.95,28.55,29.52,28.12
2018-01-11,28.02,29.4,30.3,27.95
2018-01-12,29.68,28.61,29.87,28.61
2018-01-15,28.34,27.3,28.56,27.13
2018-01-16,27.1,30.03,30.03,27.02
2018-01-17,30.0,30.05,30.48,29.51
2018-01-18,29.6,29.77,30.33,29.51
2018-01-19,29.96,30.56,31.85,29.77
2018-01-22,30.25,31.34,32.6,30.16
2018-01-23,30.66,30.31,30.85,29.75
2018-01-24,30.27,30.51,31.49,30.17
2018-01-25,30.11,29.88,30.88,29.88
2018-01-26,29.4,28.91,29.5,28.81
2018-01-29,28.93,29.23,29.37,28.69
2018-01-30,29.2,28.58,29.33,28.43
2018-01-31,28.41,27.67,28.7,27.55
2018-02-01,27.67,25.81,28.18,25.8
2018-02-02,25.8,25.48,26.2,24.25
2018-02-05,24.79,24.95,25.46,24.3
2018-02-06,24.28,22.51,24.54,22.51
2018-02-07,23.17,23.12,23.45,22.23
2018-02-08,23.2,23.68,23.89,23.06
2018-02-09,22.91,22.93,23.35,22.36
2018-02-12,23.3,23.8,24.43,23.14
2018-02-13,23.93,23.83,24.27,23.67
2018-02-14,23.81,23.91,24.09,23.72
2018-02-22,24.2,24.4,24.4,23.84
2018-02-23,24.35,24.55,24.59,24.14
2018-02-26,25.05,25.38,25.78,25.01
2018-02-27,25.11,25.68,25.87,25.02
2018-02-28,25.59,25.49,25.6,25.15
2018-03-01,25.21,25.9,26.99,25.21
2018-03-02,25.6,25.24,25.83,25.18
2018-03-05,25.59,25.8,25.85,25.24
2018-03-06,25.8,26.23,26.58,25.69
2018-03-07,26.41,26.12,26.48,26.0
2018-03-08,26.2,26.95,26.99,26.1
2018-03-09,27.0,27.26,27.34,26.68
2018-03-12,27.17,27.34,27.77,27.17
2018-03-13,27.39,26.68,27.39,26.65
2018-03-14,26.6,27.0,27.99,26.46
2018-03-15,26.7,25.62,26.73,25.06
2018-03-16,25.69,25.7,26.19,25.62
2018-03-19,25.7,26.21,26.37,25.51
2018-03-20,26.0,26.71,26.83,25.8
2018-03-21,26.88,26.66,27.46,26.63
2018-03-22,26.79,27.29,27.29,26.64
2018-03-23,26.38,24.56,26.4,24.56
2018-03-26,23.81,24.93,24.98,23.23
2018-03-27,25.02,25.55,25.84,25.02
2018-03-28,25.09,25.85,26.18,25.07
2018-03-29,25.74,26.16,26.62,25.72
2018-03-30,26.16,26.83,26.88,26.16
2018-04-02,27.14,26.84,27.39,26.62
2018-04-03,26.33,27.55,29.38,26.3
2018-04-04,27.46,28.15,28.65,27.46
2018-04-09,27.95,29.28,29.55,27.88
2018-04-10,28.95,28.22,29.22,27.86
2018-04-11,28.39,28.89,29.27,28.39
2018-04-12,28.61,28.24,28.98,27.97
2018-04-13,28.47,28.24,28.76,28.13
2018-04-16,28.7,28.53,29.28,27.68
2018-04-17,28.22,27.27,28.66,27.21
2018-04-18,27.38,27.26,27.55,26.0
2018-04-19,27.22,26.76,27.4,26.7
2018-04-20,26.78,25.18,26.78,25.13
2018-04-23,25.1,25.92,25.92,25.1
2018-04-24,25.89,27.34,27.45,25.81
2018-04-25,26.5,26.6,26.86,26.2
2018-04-26,26.73,25.8,26.84,25.8
2018-04-27,26.11,27.17,28.27,26.11
2018-05-02,27.18,27.5,27.65,26.68
2018-05-03,30.25,30.25,30.25,30.25
2018-05-04,33.28,33.28,33.28,33.02
2018-05-07,33.17,34.2,35.5,32.81
2018-05-08,33.62,37.62,37.62,33.62
2018-05-09,36.0,34.58,36.99,34.28
2018-05-10,33.8,35.53,36.89,33.33
2018-05-11,34.9,33.26,35.04,33.01
2018-05-14,33.56,34.09,34.74,33.28
2018-05-15,34.19,34.57,34.99,33.43
2018-05-16,33.99,32.93,34.0,32.62
2018-05-17,33.0,32.92,33.77,32.82
2018-05-18,32.41,33.48,33.66,31.33
2018-05-21,33.49,34.23,35.5,33.2
2018-05-22,34.14,34.38,34.85,33.5
2018-05-23,33.91,35.38,35.94,33.33
2018-05-24,34.7,35.83,36.09,34.5
2018-05-25,36.49,35.2,37.3,34.8
