date,open,close,high,low
2017-09-07,24.82,29.78,29.78,24.82
2017-09-08,32.76,32.76,32.76,32.76
2017-09-11,36.04,36.04,36.04,36.04
2017-09-12,39.64,39.64,39.64,39.64
2017-09-13,43.6,43.6,43.6,43.6
2017-09-14,47.96,47.96,47.96,47.96
2017-09-15,52.76,52.76,52.76,52.76
2017-09-18,58.04,52.0,58.04,52.0
2017-09-19,49.1,52.76,54.22,49.02
2017-09-20,51.0,57.06,57.85,50.51
2017-09-21,57.06,57.19,61.16,55.1
2017-09-22,55.2,60.09,61.98,55.2
2017-09-25,59.0,58.01,63.58,57.6
2017-09-26,56.0,52.21,56.0,52.21
2017-09-27,50.49,51.31,51.86,49.33
2017-09-28,51.3,49.2,52.8,49.2
2017-09-29,49.12,48.7,50.19,48.0
2017-10-09,49.6,48.76,49.7,47.85
2017-10-10,48.72,50.84,51.37,48.41
2017-10-11,50.01,48.24,50.18,48.04
2017-10-12,47.93,47.2,48.16,46.52
2017-10-13,47.63,48.05,48.6,47.54
2017-10-16,47.73,48.11,48.99,46.13
2017-10-17,47.45,49.35,50.97,47.1
2017-10-18,49.0,47.6,50.88,47.5
2017-10-19,47.0,46.95,48.27,46.68
2017-10-20,46.39,46.99,47.26,46.39
2017-10-23,47.0,48.55,48.59,46.8
2017-10-24,48.0,46.88,48.08,46.2
2017-10-25,46.88,47.61,47.75,46.51
2017-10-26,47.5,48.47,48.77,47.5
2017-10-27,48.1,46.7,48.39,46.6
2017-10-30,46.1,42.52,46.2,42.5
2017-10-31,42.5,43.09,43.3,42.45
2017-11-01,43.09,43.48,44.2,42.83
2017-11-02,43.69,44.0,44.27,42.83
2017-11-03,43.67,43.58,44.25,43.35
2017-11-06,44.04,44.39,44.88,43.85
2017-11-07,44.41,44.08,44.5,43.11
2017-11-08,44.33,45.4,46.58,44.08
2017-11-09,44.9,45.96,45.98,44.76
2017-11-10,45.45,47.28,47.87,45.45
2017-11-13,47.6,47.55,47.75,46.42
2017-11-14,47.2,46.43,47.48,45.8
2017-11-15,46.0,48.45,49.94,45.89
2017-11-16,48.45,46.6,49.0,46.51
2017-11-17,45.71,41.94,45.8,41.94
2017-11-20,41.72,42.11,42.5,39.68
2017-11-21,42.02,41.53,43.11,40.5
2017-11-22,41.29,41.2,41.96,40.6
2017-11-23,40.85,39.74,41.33,39.41
2017-11-24,39.2,39.19,40.3,39.08
2017-11-27,38.44,37.09,39.32,37.0
2017-11-28,37.09,38.02,38.13,37.07
2017-11-29,37.99,36.97,37.99,36.19
2017-11-30,37.0,37.12,37.82,36.8
2017-12-01,37.12,37.76,37.98,37.08
2017-12-04,37.66,35.0,37.66,34.6
2017-12-05,34.79,33.73,35.49,33.36
2017-12-06,33.8,34.75,34.97,33.54
2017-12-07,34.72,35.9,36.24,34.41
2017-12-08,35.74,36.5,37.63,35.55
2017-12-11,36.5,36.64,37.13,36.3
2017-12-12,36.38,34.93,36.7,34.88
2017-12-13,35.03,36.49,36.9,35.02
2017-12-14,36.7,36.5,36.81,35.95
2017-12-15,36.15,35.64,36.36,35.2
2017-12-18,35.55,35.16,35.85,34.3
2017-12-19,35.7,36.31,36.7,35.2
2017-12-20,36.03,35.12,36.43,35.01
2017-12-21,35.13,38.63,38.63,34.6
2017-12-22,38.4,37.74,39.08,37.53
2017-12-25,37.35,37.54,38.36,37.02
2017-12-26,37.3,38.92,39.55,37.3
2017-12-27,38.83,37.8,38.83,37.62
2017-12-28,37.18,38.07,38.7,37.03
2017-12-29,38.06,38.82,38.88,37.9
2018-01-02,38.97,38.58,39.49,38.08
2018-01-03,38.59,38.17,38.59,37.5
2018-01-04,37.95,37.8,38.16,37.39
2018-01-05,37.6,37.5,38.07,37.4
2018-01-08,37.49,38.02,38.05,37.05
2018-01-09,37.99,38.2,38.38,37.7
2018-01-10,38.01,36.62,38.36,36.4
2018-01-11,36.2,37.54,38.04,36.13
2018-01-12,37.68,37.09,37.68,36.68
2018-01-15,36.91,34.73,37.09,34.6
2018-01-16,34.73,35.55,36.16,34.66
2018-01-17,35.57,39.11,39.11,35.57
2018-01-18,40.46,39.54,40.88,38.75
2018-01-19,39.0,39.66,40.63,38.77
2018-01-22,39.0,38.5,39.35,37.36
2018-01-23,38.16,39.35,39.52,38.16
2018-01-24,38.73,39.68,40.28,38.73
2018-01-25,39.5,38.6,40.38,38.6
2018-01-26,38.14,37.3,39.0,37.3
2018-01-29,37.34,37.87,37.93,36.7
2018-01-30,37.49,36.64,37.5,36.6
2018-01-31,36.5,34.52,36.5,34.01
2018-02-01,34.54,33.1,34.98,33.0
2018-02-02,32.77,32.3,33.17,31.0
2018-02-05,31.45,31.82,32.85,31.45
2018-02-06,33.0,32.1,34.6,32.0
2018-02-07,33.0,33.65,34.76,31.11
2018-02-08,32.99,34.35,34.99,32.99
2018-02-09,33.0,31.7,33.28,31.31
2018-02-12,31.94,33.66,34.35,31.94
2018-02-13,33.54,32.77,33.79,32.7
2018-02-14,32.88,32.38,33.06,32.33
2018-02-22,32.51,33.04,33.35,32.51
2018-02-23,33.05,33.55,33.56,33.0
2018-02-26,34.6,34.77,34.8,33.81
2018-02-27,34.77,34.81,35.24,34.41
2018-02-28,34.25,33.96,34.36,33.59
2018-03-01,33.8,35.09,35.18,33.58
2018-03-02,34.68,34.69,35.55,34.58
2018-03-05,35.08,35.04,35.28,34.34
2018-03-06,35.55,36.71,37.98,35.3
2018-03-07,36.44,38.45,38.96,36.35
2018-03-08,37.86,38.45,38.58,37.2
2018-03-09,38.34,39.5,39.6,37.81
2018-03-12,40.0,40.68,40.68,38.98
2018-03-13,41.2,39.56,42.6,39.3
2018-03-14,38.79,38.5,39.29,38.01
2018-03-15,37.95,36.94,37.95,35.58
2018-03-16,36.85,37.2,37.96,36.63
2018-03-19,36.8,37.85,38.4,36.8
2018-03-20,37.16,38.2,38.25,36.76
2018-03-21,38.35,37.55,39.2,37.53
2018-03-22,37.47,38.29,38.69,37.47
2018-03-23,34.7,34.65,36.58,34.46
2018-03-26,34.0,35.39,35.44,32.62
2018-03-27,35.82,36.55,37.08,35.82
2018-03-28,35.96,38.08,38.5,35.63
2018-03-29,38.21,37.7,38.32,37.21
2018-03-30,37.75,39.02,39.1,37.75
2018-04-02,39.2,38.67,39.76,38.4
2018-04-03,37.86,39.25,39.45,37.5
2018-04-04,39.12,38.63,40.08,38.53
2018-04-09,38.22,40.47,42.2,38.16
2018-04-10,40.39,39.35,40.57,38.24
2018-04-11,39.64,41.02,41.48,39.53
2018-04-12,40.7,40.0,41.2,39.6
2018-04-13,40.36,39.4,40.94,39.4
2018-04-16,39.04,38.31,39.6,37.58
2018-04-17,38.82,39.4,42.14,38.82
2018-04-18,40.42,40.04,40.92,36.6
2018-04-19,39.66,37.89,39.9,37.89
2018-04-20,37.35,35.78,38.36,35.45
2018-04-23,35.5,36.16,36.67,35.35
2018-04-24,36.36,37.7,37.89,35.8
2018-04-25,37.4,41.47,41.47,37.4
2018-04-26,43.0,39.41,44.77,39.16
2018-04-27,38.5,37.56,40.22,37.22
2018-05-02,37.4,35.6,37.8,35.51
2018-05-03,35.7,37.44,37.85,35.51
2018-05-04,37.0,36.31,37.4,36.22
2018-05-07,36.66,37.3,37.79,36.66
2018-05-08,37.1,39.01,39.99,37.06
2018-05-09,39.1,39.75,39.87,38.45
2018-05-10,39.45,39.62,39.74,38.85
2018-05-11,39.61,38.9,40.0,38.82
2018-05-14,39.25,38.9,40.4,38.35
2018-05-15,38.18,39.42,39.43,38.17
2018-05-16,39.02,38.65,39.4,38.6
2018-05-17,38.68,39.56,39.68,38.51
2018-05-18,39.47,39.41,39.8,38.86
2018-05-21,39.58,40.66,40.8,39.31
2018-05-22,41.09,41.85,42.86,40.02
2018-05-23,41.17,40.98,41.29,40.55
2018-05-24,40.9,40.68,41.33,40.6
2018-05-25,40.67,40.66,41.15,40.12
