date,open,close,high,low
2017-03-20,13.93,16.72,16.72,13.93
2017-03-21,18.39,18.39,18.39,18.39
2017-03-22,20.23,20.23,20.23,20.23
2017-03-23,22.25,22.25,22.25,22.25
2017-03-24,24.48,24.48,24.48,24.48
2017-03-27,26.93,26.93,26.93,26.93
2017-03-28,29.62,29.62,29.62,29.62
2017-03-29,32.58,32.58,32.58,32.58
2017-03-30,35.84,35.84,35.84,35.84
2017-03-31,39.42,39.42,39.42,39.42
2017-04-05,43.36,40.62,43.36,37.37
2017-04-06,40.66,44.68,44.68,39.6
2017-04-07,43.0,41.72,43.78,41.42
2017-04-10,40.65,37.66,41.12,37.6
2017-04-11,36.88,39.18,39.39,36.8
2017-04-12,38.69,39.81,42.17,38.41
2017-04-13,39.01,39.1,41.08,38.78
2017-04-14,39.1,39.71,40.55,37.92
2017-04-17,36.9,35.74,36.9,35.74
2017-04-18,34.35,33.77,35.48,33.68
2017-04-19,33.18,34.56,34.9,33.03
2017-04-20,34.3,33.2,34.83,31.51
2017-04-21,33.44,32.8,33.55,32.31
2017-04-24,32.84,31.36,32.84,31.02
2017-04-25,31.36,31.48,32.4,31.36
2017-04-26,31.5,31.93,32.18,31.5
2017-04-27,31.8,33.42,33.74,31.3
2017-04-28,33.43,33.39,33.88,33.09
2017-05-02,33.38,33.17,33.6,32.93
2017-05-03,33.11,33.85,33.87,32.97
2017-05-04,33.61,32.8,33.85,32.58
2017-05-05,32.55,31.7,32.68,31.7
2017-05-08,31.0,30.65,31.7,30.5
2017-05-09,30.67,31.14,31.4,30.3
2017-05-10,31.14,30.2,31.49,30.2
2017-05-11,29.9,30.74,30.84,29.32
2017-05-12,30.59,31.97,32.18,30.55
2017-05-15,31.98,34.01,34.5,31.98
2017-05-16,33.77,34.92,35.45,33.4
2017-05-17,34.52,36.44,36.8,34.51
2017-05-18,36.09,36.89,38.02,35.5
2017-05-19,36.8,34.45,37.6,34.12
2017-05-22,34.23,32.95,34.4,32.49
2017-05-23,32.86,32.26,33.6,32.2
2017-05-24,31.11,32.22,32.65,29.2
2017-05-25,32.59,34.09,34.99,31.74
2017-05-26,34.0,35.72,36.4,31.91
2017-05-31,36.15,37.1,38.2,34.7
2017-06-01,36.02,33.39,36.65,33.39
2017-06-02,32.1,34.39,34.88,31.02
2017-06-05,34.95,34.11,35.58,34.07
2017-06-06,33.61,35.8,35.85,32.1
2017-06-07,35.8,35.95,36.8,35.18
2017-06-08,35.55,34.05,36.55,34.03
2017-06-09,33.38,34.0,34.24,33.03
2017-06-12,33.1,31.44,33.58,30.82
2017-06-13,30.99,32.34,32.69,30.82
2017-06-14,32.6,31.33,32.6,31.04
2017-06-15,31.31,32.19,32.79,31.31
2017-06-16,32.16,31.86,32.52,31.73
2017-09-19,31.12,34.95,34.95,29.66
2017-09-20,33.08,33.92,34.53,32.03
2017-09-21,34.2,34.16,34.87,33.52
2017-09-22,33.86,32.54,33.89,32.5
2017-09-25,32.18,30.55,32.2,30.27
2017-09-26,30.55,30.59,31.32,30.06
2017-09-27,30.58,30.9,31.0,30.0
2017-09-28,30.85,30.34,30.86,30.2
2017-09-29,30.39,31.38,31.51,30.22
2017-10-09,31.6,34.25,34.52,31.4
2017-10-10,34.25,35.32,37.0,34.25
2017-10-11,36.5,35.67,37.77,35.51
2017-10-12,36.57,39.24,39.24,35.5
2017-10-13,39.03,43.16,43.16,38.74
2017-10-16,42.3,39.46,42.87,39.03
2017-10-17,40.01,40.56,42.69,39.9
2017-10-18,40.6,42.3,43.8,39.11
2017-10-19,40.7,40.7,41.38,39.62
2017-10-20,40.63,41.75,41.95,40.15
2017-10-23,41.32,43.4,44.58,40.88
2017-10-24,43.24,43.5,44.3,41.06
2017-10-25,43.45,42.42,44.88,42.3
2017-10-26,40.84,38.28,40.89,38.18
2017-10-27,39.0,38.72,39.8,38.6
2017-10-30,38.58,39.17,39.56,37.98
2017-10-31,39.18,40.24,40.39,38.61
2017-11-01,40.65,41.8,44.26,40.38
2017-11-02,42.72,43.21,43.88,41.1
2017-11-03,43.68,40.84,44.23,40.51
2017-11-06,40.98,42.4,42.4,39.86
2017-11-07,42.04,39.5,42.31,38.16
2017-11-08,38.5,38.19,39.0,36.52
2017-11-09,37.58,38.43,38.7,37.3
2017-11-10,38.37,38.55,39.2,37.8
2017-11-13,38.79,39.48,39.95,37.6
2017-11-14,38.95,38.25,39.38,37.31
2017-11-15,37.74,39.59,39.76,37.63
2017-11-16,39.25,38.2,39.99,38.2
2017-11-17,37.5,38.08,38.6,34.39
2017-11-20,38.38,41.89,41.89,37.51
2017-11-21,41.88,45.0,46.08,41.47
2017-11-22,43.8,44.1,45.0,42.92
2017-11-23,43.45,42.86,44.4,42.86
2017-11-24,42.16,43.38,43.63,41.58
2017-11-27,42.38,45.01,45.01,39.04
2017-11-28,43.15,45.78,46.36,42.68
2017-11-29,44.88,45.73,46.3,44.1
2017-11-30,45.0,44.25,45.3,43.7
2017-12-01,42.98,42.7,43.54,42.01
2017-12-04,40.5,42.6,43.8,40.5
2017-12-05,42.59,41.6,42.68,40.51
2017-12-06,41.8,41.85,42.46,41.2
2017-12-07,41.97,44.0,44.45,41.58
2017-12-08,43.68,44.07,44.44,43.18
2017-12-11,43.75,46.74,48.45,43.53
2017-12-12,46.74,46.26,48.06,45.0
2017-12-13,45.9,45.69,46.27,44.58
2017-12-14,45.2,46.65,46.69,45.11
2017-12-15,46.6,46.5,47.24,45.71
2017-12-18,46.13,46.39,46.7,45.72
2017-12-19,46.36,46.45,47.7,46.36
2017-12-20,46.0,43.68,46.45,43.2
2017-12-21,43.67,46.26,46.59,43.6
2017-12-22,46.2,46.3,46.99,44.2
2017-12-25,46.44,44.46,46.5,43.91
2017-12-26,44.46,44.76,45.15,44.46
2017-12-27,44.9,44.06,46.0,43.7
2017-12-28,44.8,44.7,45.52,43.01
2017-12-29,45.5,44.59,45.5,43.72
2018-01-02,44.49,46.32,46.5,43.82
2018-01-03,46.49,46.34,50.95,45.67
2018-01-04,45.78,47.0,47.65,44.48
2018-01-05,47.34,47.51,49.0,47.15
2018-01-08,48.34,47.68,48.34,46.36
2018-01-09,47.68,47.99,48.45,45.0
2018-01-10,46.86,46.27,47.0,46.19
2018-01-11,45.93,46.39,47.6,45.89
2018-01-12,45.79,44.98,45.79,42.85
2018-01-15,44.98,46.99,46.99,44.54
2018-01-16,46.68,47.85,49.68,46.2
2018-01-17,49.0,48.62,49.2,46.98
2018-01-18,51.45,48.55,51.45,46.98
2018-01-19,48.5,53.41,53.41,47.42
2018-01-22,54.0,55.05,55.88,52.11
2018-01-23,54.69,53.64,55.12,53.0
2018-01-24,53.88,55.78,55.78,53.64
2018-01-25,55.77,53.78,56.51,52.53
2018-01-26,54.0,53.95,54.08,52.03
2018-01-29,53.79,52.24,53.79,51.72
2018-01-30,52.24,53.19,53.42,52.05
2018-01-31,53.35,52.79,53.35,51.0
2018-02-01,52.9,52.83,53.8,52.78
2018-02-02,52.5,47.55,52.5,47.55
2018-02-05,42.8,42.8,42.8,42.8
2018-02-06,38.52,38.52,38.52,38.52
2018-02-07,34.67,34.67,34.67,34.67
2018-02-08,31.2,31.2,31.2,31.2
2018-02-09,28.08,28.08,30.5,28.08
2018-02-12,27.94,28.11,28.92,26.85
2018-02-13,28.08,26.25,28.84,26.01
2018-02-14,26.36,25.1,26.59,24.41
2018-02-22,25.28,26.9,27.5,24.55
2018-02-23,26.58,27.16,27.87,26.11
2018-02-26,27.7,27.9,28.0,26.01
2018-02-27,27.72,30.06,30.6,27.7
2018-02-28,29.06,28.75,29.37,28.44
2018-03-01,28.4,28.62,29.06,28.21
2018-03-02,28.0,28.46,28.99,27.89
2018-03-05,28.29,28.33,28.62,27.81
2018-03-06,28.4,28.8,28.93,28.22
2018-03-07,28.5,29.28,29.88,28.5
2018-03-08,29.45,30.43,31.6,29.43
2018-03-09,30.48,32.31,33.4,30.0
2018-03-12,32.61,32.17,32.96,31.36
2018-03-13,31.86,32.23,32.86,31.69
2018-03-14,32.01,30.72,32.69,30.62
2018-03-15,30.18,28.83,30.2,27.7
2018-03-16,29.0,28.5,29.35,28.4
2018-03-19,28.53,29.46,29.8,28.53
2018-03-20,28.8,29.5,29.63,28.8
2018-03-21,29.84,28.71,30.15,28.56
2018-03-22,28.91,28.33,29.49,28.0
2018-03-23,26.3,25.5,27.96,25.5
2018-03-26,25.47,26.6,26.88,23.76
2018-03-27,26.99,27.51,28.59,26.58
2018-03-28,27.3,27.29,27.77,26.5
2018-03-29,27.59,27.83,28.1,27.2
2018-03-30,27.85,28.61,28.72,27.85
2018-04-02,29.19,28.16,29.19,28.03
2018-04-03,27.0,27.31,27.67,26.7
2018-04-04,27.3,27.34,28.36,27.0
2018-04-09,25.82,30.07,30.07,25.82
2018-04-10,30.22,30.85,32.09,30.19
2018-04-11,30.32,31.23,31.58,29.77
2018-04-12,31.03,30.85,32.5,30.8
2018-04-13,31.11,31.17,31.51,30.3
2018-04-16,30.92,31.63,32.32,30.8
2018-04-17,31.4,30.49,31.75,30.4
2018-04-18,30.2,30.65,31.32,29.26
2018-04-19,30.43,30.48,31.18,30.02
2018-04-20,30.52,27.45,31.1,27.43
2018-04-23,27.36,30.2,30.2,26.6
2018-04-24,30.62,31.41,32.48,30.62
2018-04-25,31.29,31.1,32.37,30.8
2018-04-26,31.11,28.75,31.83,28.6
2018-04-27,28.84,28.66,29.9,28.0
2018-05-02,28.26,29.17,29.46,28.06
2018-05-03,29.15,29.12,29.8,27.61
2018-05-04,29.49,28.92,29.98,28.9
2018-05-07,29.0,29.14,29.6,28.82
2018-05-08,29.15,30.24,31.8,29.08
2018-05-09,30.01,33.26,33.26,29.71
2018-05-10,33.0,33.9,35.92,32.21
2018-05-11,33.0,32.46,33.68,32.28
2018-05-14,32.14,33.45,33.87,31.48
2018-05-15,33.38,35.15,35.8,32.68
2018-05-16,35.93,35.2,35.93,34.25
2018-05-17,33.8,34.78,35.25,33.8
2018-05-18,34.81,34.79,35.56,34.71
2018-05-21,34.79,35.38,35.93,33.76
2018-05-22,35.7,35.4,37.4,34.9
2018-05-23,35.44,34.82,36.14,34.37
2018-05-24,34.82,35.0,35.39,34.41
2018-05-25,35.0,36.78,38.07,33.6
