date,open,close,high,low
2016-12-28,7.375,8.85,8.85,7.375
2016-12-29,9.736,9.736,9.736,9.736
2016-12-30,10.712,10.712,10.712,10.712
2017-01-03,11.783,11.783,11.783,11.783
2017-01-04,12.963,12.963,12.963,12.963
2017-01-05,14.258,14.258,14.258,14.258
2017-01-06,15.682,15.682,15.682,15.682
2017-01-09,17.251,17.251,17.251,17.251
2017-01-10,18.974,18.974,18.974,18.974
2017-01-11,20.871,20.871,20.871,20.871
2017-01-12,19.93,18.785,20.02,18.785
2017-01-13,18.436,17.405,18.635,17.281
2017-01-16,17.121,16.927,17.804,16.225
2017-01-17,16.738,17.634,18.147,16.384
2017-01-18,17.335,16.683,17.579,16.683
2017-01-19,16.324,16.31,16.857,15.822
2017-01-20,16.374,16.892,17.181,16.185
2017-01-23,16.783,17.619,17.843,16.773
2017-01-24,17.435,17.56,18.361,17.335
2017-01-25,17.355,18.122,18.262,17.211
2017-01-26,18.326,18.177,18.326,17.843
2017-02-03,18.127,17.724,18.142,17.669
2017-02-06,17.804,18.72,18.77,17.804
2017-02-07,18.575,18.376,18.58,18.018
2017-02-08,18.426,19.034,19.253,18.252
2017-02-09,18.879,19.083,19.322,18.755
2017-02-10,19.063,18.326,19.193,18.302
2017-02-13,18.376,20.159,20.159,18.182
2017-02-14,19.87,20.358,21.344,19.671
2017-02-15,20.239,21.021,22.395,20.194
2017-02-16,20.428,19.9,20.612,19.611
2017-02-17,19.88,19.223,20.119,19.223
2017-02-20,19.133,19.283,19.372,18.625
2017-02-21,19.198,19.696,19.771,19.178
2017-02-22,19.542,19.467,19.661,19.063
2017-02-23,19.412,20.02,20.159,19.123
2017-02-24,20.045,20.513,20.816,20.04
2017-02-27,20.318,20.254,20.557,20.015
2017-02-28,20.279,20.398,20.398,19.82
2017-03-01,20.408,20.104,20.518,19.92
2017-03-02,20.154,20.299,20.453,20.01
2017-03-03,20.074,19.781,20.179,19.751
2017-03-06,19.721,20.443,20.468,19.721
2017-03-07,20.518,20.841,20.891,20.308
2017-03-08,20.831,20.976,21.001,20.597
2017-03-09,20.811,20.398,20.856,20.154
2017-03-10,20.398,20.567,20.712,20.279
2017-03-13,20.503,21.065,21.065,20.099
2017-03-14,20.976,21.016,21.549,20.916
2017-03-15,20.906,21.095,21.314,20.572
2017-03-16,21.07,21.793,22.086,21.07
2017-03-17,21.723,22.022,22.634,21.339
2017-03-20,21.942,23.496,23.521,21.942
2017-03-21,23.406,23.356,23.575,22.838
2017-03-22,23.107,23.232,23.486,22.734
2017-03-23,23.331,22.111,23.451,21.414
2017-03-24,22.111,22.325,22.584,21.917
2017-03-27,22.405,22.549,22.619,21.907
2017-03-28,22.515,21.663,22.54,21.553
2017-03-29,21.563,20.338,21.807,20.129
2017-03-30,20.064,19.721,20.164,19.696
2017-03-31,19.781,19.467,20.074,19.263
2017-04-05,19.452,19.97,20.089,19.178
2017-04-06,19.935,20.04,20.403,19.87
2017-04-07,19.98,20.149,20.318,19.81
2017-04-10,19.995,19.686,20.234,18.939
2017-04-11,19.422,19.029,19.895,18.053
2017-04-12,18.969,18.466,18.999,18.436
2017-04-13,18.426,18.635,18.974,18.351
2017-04-14,18.615,18.187,18.67,18.187
2017-04-17,17.49,16.484,17.49,16.434
2017-04-18,16.524,16.329,16.793,16.25
2017-04-19,16.419,16.783,16.932,16.225
2017-04-20,16.678,16.389,16.862,15.861
2017-04-21,17.968,17.475,18.028,17.33
2017-04-24,16.434,16.434,16.872,15.941
2017-04-25,16.509,16.842,17.181,16.434
2017-04-26,16.808,17.385,17.958,16.743
2017-04-27,17.246,18.237,18.406,16.997
2017-04-28,18.257,18.282,18.675,18.157
2017-05-02,18.177,18.242,18.551,18.077
2017-05-03,18.242,18.62,18.73,18.242
2017-05-04,18.655,18.127,18.665,18.127
2017-05-05,18.008,18.451,19.113,18.008
2017-05-08,18.426,17.619,18.546,17.43
2017-05-09,17.599,17.779,17.913,16.837
2017-05-10,17.654,18.147,19.059,17.654
2017-05-11,17.898,18.645,18.675,17.49
2017-05-12,18.65,19.233,19.362,18.526
2017-05-15,19.019,19.243,19.532,18.989
2017-05-16,19.009,19.766,20.04,18.785
2017-05-17,19.746,20.159,21.314,19.686
2017-05-18,20.318,19.995,20.757,19.656
2017-05-19,20.0,19.273,20.059,18.814
2017-05-22,19.123,18.028,19.656,17.689
2017-05-23,17.928,17.276,18.207,16.982
2017-05-24,16.962,17.649,17.759,16.962
2017-05-25,17.6,16.61,17.82,15.89
2017-05-26,16.8,17.01,17.15,16.25
2017-05-31,17.7,16.8,18.18,16.61
2017-06-01,16.4,15.17,16.6,15.12
2017-06-02,14.98,15.59,15.85,14.73
2017-06-05,15.92,15.93,16.23,15.66
2017-06-06,15.84,17.18,17.52,15.65
2017-06-07,17.38,18.9,18.9,17.35
2017-06-08,20.3,18.94,20.79,18.76
2017-06-09,18.2,18.49,18.9,17.62
2017-06-12,17.75,16.64,17.98,16.64
2017-06-13,16.75,18.3,18.3,16.75
2017-06-14,20.13,20.13,20.13,19.52
2017-06-15,19.48,21.24,21.79,19.21
2017-06-16,21.0,21.86,23.36,20.94
2017-06-19,20.05,21.4,21.52,19.8
2017-06-20,21.05,20.53,21.3,20.17
2017-06-21,20.39,20.36,20.5,19.6
2017-06-22,20.09,19.42,20.3,19.23
2017-06-23,19.59,19.29,19.78,18.65
2017-06-26,19.4,19.56,19.59,18.71
2017-06-27,19.5,20.4,20.8,19.26
2017-06-28,20.07,19.3,20.07,19.21
2017-06-29,19.6,19.3,19.88,19.13
2017-06-30,19.1,18.4,19.1,18.22
2017-07-03,18.63,18.3,18.63,18.2
2017-07-04,18.39,18.12,18.46,18.04
2017-07-05,18.13,18.77,18.77,18.05
2017-07-06,18.65,18.56,18.76,18.23
2017-07-07,18.52,18.97,19.24,18.34
2017-07-10,18.6,17.56,18.8,17.51
2017-07-11,17.58,16.99,17.71,16.8
2017-07-12,16.85,17.38,17.5,16.58
2017-07-13,16.6,16.36,16.85,16.16
2017-07-14,16.25,16.21,16.57,16.16
2017-07-17,16.19,14.82,16.33,14.68
2017-07-18,14.87,15.13,15.32,14.55
2017-07-19,15.03,15.16,15.33,14.85
2017-07-20,15.02,14.97,15.31,14.93
2017-07-21,14.86,14.61,14.9,14.61
2017-07-24,14.61,14.68,14.73,14.11
2017-07-25,14.52,15.11,15.28,14.45
2017-07-26,14.98,14.66,15.06,14.5
2017-07-27,14.6,15.07,15.15,14.53
2017-07-28,15.0,15.03,15.1,14.91
2017-07-31,15.2,15.32,15.47,15.05
2017-08-01,15.33,15.19,15.34,15.04
2017-08-02,15.23,14.7,15.25,14.7
2017-08-03,14.74,14.81,15.06,14.61
2017-08-04,14.84,14.73,14.96,14.68
2017-08-07,14.68,14.71,14.85,14.68
2017-08-08,14.71,14.46,14.76,14.28
2017-08-09,14.4,14.49,14.59,14.4
2017-08-10,14.5,14.24,14.55,14.15
2017-08-11,14.2,14.14,14.33,14.11
2017-08-14,14.18,14.42,14.48,14.17
2017-08-15,14.4,14.81,14.98,14.4
2017-08-16,14.73,15.24,15.28,14.64
2017-08-17,15.1,15.12,15.19,14.9
2017-08-18,15.0,14.8,15.07,14.8
2017-08-21,14.8,15.06,15.06,14.7
2017-08-22,15.01,14.79,15.05,14.74
2017-08-23,14.75,14.88,14.96,14.72
2017-08-24,14.89,14.79,14.94,14.7
2017-08-25,14.73,15.02,15.09,14.55
2017-08-28,15.08,15.73,16.0,15.02
2017-08-29,15.59,15.68,15.95,15.36
2017-08-30,15.38,15.39,15.67,15.36
2017-08-31,15.36,15.97,16.08,15.36
2017-09-01,15.86,15.81,15.88,15.63
2017-09-04,15.88,16.53,16.6,15.5
2017-09-05,16.7,17.19,17.97,16.53
2017-09-06,16.81,17.42,17.65,16.52
2017-09-07,17.18,16.87,17.55,16.75
2017-09-08,16.76,16.6,16.76,16.35
2017-09-11,16.54,16.75,16.82,16.35
2017-09-12,16.76,16.12,16.88,16.06
2017-09-13,16.23,16.27,16.35,16.11
2017-09-14,16.33,16.02,16.39,15.96
2017-09-15,16.1,16.06,16.19,15.96
2017-09-18,16.06,16.05,16.08,15.78
2017-09-19,16.0,16.27,16.35,15.95
2017-09-20,16.16,16.47,16.47,15.9
2017-09-21,16.46,16.11,16.54,16.1
2017-09-22,16.08,15.82,16.08,15.5
2017-09-25,15.79,15.75,15.99,15.71
2017-09-26,15.75,15.22,15.86,15.02
2017-09-27,15.29,15.38,15.59,15.11
2017-09-28,15.31,15.26,15.49,15.14
2017-09-29,15.21,16.05,16.3,15.21
2017-10-09,16.19,15.94,16.35,15.7
2017-10-10,16.0,16.22,16.29,15.83
2017-10-11,16.06,15.97,16.22,15.9
2017-10-12,16.29,16.9,17.57,16.2
2017-10-13,16.68,16.71,16.95,16.51
2017-10-16,16.62,15.69,16.7,15.69
2017-10-17,15.51,15.77,15.88,15.51
2017-10-18,15.68,15.3,15.92,15.23
2017-10-19,15.32,15.04,15.4,14.95
2017-10-20,15.04,15.27,15.34,14.98
2017-10-23,15.37,15.6,15.82,15.2
2017-10-24,15.4,15.28,15.45,15.05
2017-10-25,15.43,15.54,15.59,15.29
2017-10-26,15.5,15.56,15.63,15.42
2017-10-27,15.53,15.28,15.62,15.24
2017-10-30,15.21,15.22,15.28,14.5
2017-10-31,15.02,15.67,16.1,14.93
2017-11-01,15.77,15.68,16.0,15.5
2017-11-02,15.65,15.19,15.7,15.09
2017-11-03,15.15,14.61,15.24,14.2
2017-11-06,14.61,14.71,14.88,14.5
2017-11-07,14.67,14.69,14.77,14.48
2017-11-08,14.72,14.73,14.95,14.65
2017-11-09,14.63,14.82,14.85,14.58
2017-11-10,14.74,14.8,14.93,14.74
2017-11-13,14.78,14.86,14.9,14.75
2017-11-14,14.88,14.44,14.9,14.26
2017-11-15,14.4,14.41,14.53,14.26
2017-11-16,14.43,14.18,14.48,14.11
2017-11-17,14.18,12.98,14.28,12.9
2017-11-20,13.02,12.7,13.02,12.15
2017-11-21,12.68,12.43,12.8,12.29
2017-11-22,12.43,12.45,12.58,12.27
2017-11-23,12.45,12.29,12.62,12.26
2017-11-24,12.12,12.1,12.38,12.05
2017-11-27,12.06,11.94,12.2,11.65
2017-11-28,11.97,12.32,12.37,11.9
2017-11-29,12.26,12.37,12.41,12.0
2017-11-30,12.78,12.99,13.61,12.78
2017-12-01,12.64,12.77,12.89,12.44
2017-12-04,12.5,11.96,12.59,11.95
2017-12-05,11.89,11.42,12.05,11.08
2017-12-06,11.4,11.68,11.68,11.12
2017-12-07,11.6,11.5,11.68,11.4
2017-12-08,11.5,11.64,11.79,11.39
2017-12-11,11.68,11.75,11.88,11.66
2017-12-12,11.76,11.34,11.76,11.31
2017-12-13,11.38,11.48,11.51,11.28
2017-12-14,11.5,11.57,11.58,11.33
2017-12-15,11.62,11.53,11.65,11.33
2017-12-18,11.51,11.34,11.51,11.26
2017-12-19,11.44,11.51,11.55,11.36
2017-12-20,11.5,11.18,11.53,11.16
2017-12-21,11.2,11.27,11.35,11.04
2017-12-22,11.29,11.1,11.29,11.1
2017-12-25,11.1,10.7,11.1,10.63
2017-12-26,10.62,11.09,11.5,10.55
2017-12-27,10.7,10.91,11.14,10.7
2017-12-28,10.78,11.0,11.17,10.78
2017-12-29,11.02,11.25,11.25,10.91
2018-01-02,11.25,11.23,11.28,11.11
2018-01-03,11.22,11.26,11.33,11.16
2018-01-04,11.32,11.24,11.34,11.2
2018-01-05,11.33,11.25,11.36,11.2
2018-01-08,11.24,11.16,11.25,11.02
2018-01-09,11.2,11.4,11.41,11.16
2018-01-10,11.36,11.04,11.36,10.91
2018-01-11,10.81,11.45,11.47,10.81
2018-01-12,11.45,11.61,11.79,11.25
2018-01-15,11.51,11.62,12.7,11.3
2018-01-16,11.3,11.43,11.55,11.09
2018-01-17,11.4,11.36,11.42,11.1
2018-01-18,11.33,11.38,11.47,11.26
2018-01-19,11.35,11.48,11.68,11.35
2018-01-22,11.4,11.3,11.4,11.13
2018-01-23,11.23,11.56,11.65,11.23
2018-01-24,11.47,11.55,11.59,11.32
2018-01-25,11.5,11.33,11.65,11.31
2018-01-26,11.32,11.15,11.42,11.1
2018-01-29,11.15,10.85,11.22,10.8
2018-01-30,10.86,10.89,10.98,10.78
2018-01-31,10.85,10.33,10.85,10.16
2018-02-01,10.32,9.79,10.35,9.64
2018-02-02,9.7,9.4,9.7,9.28
2018-02-05,9.29,9.39,9.57,9.23
2018-02-06,9.26,8.62,9.3,8.61
2018-02-07,8.98,8.77,9.0,8.5
2018-02-08,8.68,8.99,9.0,8.67
2018-02-09,8.7,8.67,8.85,8.55
2018-02-12,8.79,9.0,9.02,8.76
2018-02-13,9.12,8.91,9.12,8.9
2018-02-14,8.84,8.91,8.98,8.82
2018-02-22,8.98,9.11,9.12,8.96
2018-02-23,9.19,9.12,9.21,9.07
2018-02-26,9.13,9.38,9.44,9.13
2018-02-27,9.4,9.44,9.47,9.31
2018-02-28,9.34,9.45,9.47,9.19
2018-03-01,9.45,9.62,9.64,9.29
2018-03-02,9.6,9.45,9.66,9.45
2018-03-05,9.41,9.62,9.66,9.41
2018-03-06,9.66,9.71,9.74,9.6
2018-03-07,9.73,9.68,9.77,9.52
2018-03-08,9.76,9.97,10.08,9.67
2018-03-09,9.91,10.24,10.28,9.81
2018-03-12,10.24,10.31,10.44,10.2
2018-03-13,10.33,10.35,10.44,10.11
2018-03-14,10.28,10.02,10.35,10.0
2018-03-15,10.01,9.66,10.06,9.4
2018-03-16,9.72,9.9,10.08,9.63
2018-03-19,9.89,9.97,10.08,9.85
2018-03-20,9.9,10.0,10.0,9.73
2018-03-21,10.02,9.96,10.23,9.91
2018-03-22,9.96,10.16,10.5,9.96
2018-03-23,9.95,9.2,9.95,9.14
2018-03-26,8.91,9.21,9.24,8.66
2018-03-27,9.31,9.52,9.59,9.31
2018-03-28,9.3,9.73,9.8,9.21
2018-03-29,9.73,9.96,10.21,9.63
2018-03-30,9.91,10.23,10.45,9.91
2018-04-02,10.1,10.14,10.33,9.98
2018-04-03,9.99,10.27,10.3,9.89
2018-04-04,10.23,10.15,10.38,10.11
2018-04-09,9.99,10.71,10.78,9.96
2018-04-10,10.56,10.41,10.63,10.24
2018-04-11,10.41,10.42,10.66,10.4
2018-04-12,10.45,10.52,10.73,10.33
2018-04-13,10.61,10.63,10.71,10.41
2018-04-16,10.6,10.75,11.18,10.45
2018-04-17,10.77,11.08,11.4,10.51
2018-04-18,11.08,11.74,12.19,10.77
2018-04-19,11.5,11.46,12.08,11.42
2018-04-20,11.32,11.05,11.42,10.85
2018-04-23,10.91,11.13,11.27,10.44
2018-04-24,11.06,11.14,11.46,10.88
2018-04-25,10.73,10.83,10.99,10.68
2018-04-26,10.83,10.8,10.94,10.25
2018-04-27,10.59,10.95,11.11,10.55
2018-05-02,10.9,10.4,11.25,10.26
2018-05-03,10.3,10.59,10.8,10.02
2018-05-04,10.56,10.6,10.9,10.46
2018-05-07,10.55,10.79,10.92,10.5
2018-05-08,11.87,11.87,11.87,11.87
2018-05-09,13.06,11.98,13.06,11.96
2018-05-10,11.51,11.49,11.8,11.25
2018-05-11,11.27,10.81,11.46,10.76
2018-05-14,10.72,10.6,10.8,10.48
2018-05-15,10.63,10.8,10.84,10.6
2018-05-16,10.8,10.53,10.8,10.52
2018-05-17,10.5,10.64,10.69,10.43
2018-05-18,10.62,10.54,10.62,10.32
2018-05-21,10.61,10.73,10.78,10.58
2018-05-22,10.72,10.76,10.83,10.57
2018-05-23,10.76,11.21,11.3,10.73
2018-05-24,11.08,11.0,11.14,10.91
2018-05-25,10.9,10.85,11.18,10.82
