date,open,close,high,low
2017-04-12,17.29,18.864,18.864,17.29
2017-04-13,20.749,20.749,20.749,20.749
2017-04-14,22.825,22.825,22.825,22.825
2017-04-17,25.106,25.106,25.106,25.106
2017-04-18,27.618,27.618,27.618,27.618
2017-04-19,30.382,30.382,30.382,30.382
2017-04-20,33.424,33.424,33.424,33.424
2017-04-25,36.373,36.769,36.769,34.72
2017-04-26,35.044,36.842,38.35,34.964
2017-04-27,35.705,40.525,40.525,35.387
2017-04-28,39.46,38.568,40.307,38.052
2017-05-02,38.475,38.012,39.176,37.193
2017-05-03,38.555,40.862,41.788,38.535
2017-05-04,39.943,39.659,41.325,38.35
2017-05-05,39.004,37.47,39.401,37.47
2017-05-08,36.955,36.102,37.986,35.745
2017-05-09,35.824,36.763,37.199,35.751
2017-05-10,36.485,34.501,36.941,34.25
2017-05-11,33.768,35.242,36.3,33.728
2017-05-12,35.374,35.044,35.387,34.455
2017-05-15,35.176,35.632,36.267,34.911
2017-05-16,35.044,36.28,36.452,34.078
2017-05-17,36.042,36.108,36.776,35.87
2017-05-18,35.672,36.386,37.543,35.374
2017-05-19,36.207,35.678,36.65,35.401
2017-05-22,35.242,32.108,35.85,32.108
2017-05-23,31.731,29.258,31.949,29.027
2017-05-24,29.093,29.952,30.25,28.438
2017-05-25,29.985,30.058,30.547,28.961
2017-05-26,30.085,30.581,31.202,29.86
2017-05-31,31.738,31.87,33.589,31.295
2017-06-01,31.143,30.085,31.586,29.754
2017-06-02,29.794,32.253,32.928,29.754
2017-06-05,32.862,32.723,33.589,31.969
2017-06-06,32.214,32.531,33.225,32.075
2017-06-07,32.419,33.047,33.959,32.405
2017-06-08,32.796,32.333,33.338,31.949
2017-06-09,32.399,32.458,32.577,31.744
2017-06-12,32.068,31.222,32.068,30.382
2017-06-13,30.825,31.81,32.187,30.825
2017-06-14,32.134,32.148,32.696,31.738
2017-06-15,32.141,32.564,33.239,31.87
2017-06-16,32.604,32.207,32.729,32.009
2017-06-19,32.379,32.115,32.379,31.87
2017-06-20,32.399,31.929,32.591,31.877
2017-06-21,31.87,31.936,32.174,31.698
2017-06-22,31.936,30.812,32.035,30.812
2017-06-23,30.964,30.686,31.136,29.952
2017-06-26,30.726,30.878,31.017,30.422
2017-06-27,30.878,30.878,31.341,30.779
2017-06-28,30.911,30.911,31.387,30.779
2017-06-29,31.116,31.328,31.473,30.792
2017-06-30,31.407,32.333,32.333,30.924
2017-07-03,31.87,32.214,32.379,31.791
2017-07-04,32.062,31.685,32.3,31.658
2017-07-05,31.685,32.108,32.293,31.42
2017-07-06,32.115,32.921,33.1,32.002
2017-07-07,32.895,32.974,33.642,32.769
2017-07-10,32.637,30.944,32.729,30.825
2017-07-11,31.076,30.197,31.209,30.118
2017-07-12,30.217,30.587,30.614,29.734
2017-07-13,30.435,30.025,30.587,29.84
2017-07-14,30.415,30.283,30.415,29.886
2017-07-17,29.827,27.255,29.827,27.255
2017-07-18,27.096,26.977,27.367,26.322
2017-07-19,26.812,26.951,27.03,26.455
2017-07-20,26.918,26.779,27.638,26.6
2017-07-21,26.713,26.739,27.043,26.62
2017-07-24,26.739,27.275,27.493,26.534
2017-07-25,27.241,27.473,27.486,27.05
2017-07-26,27.506,27.354,27.552,27.228
2017-07-27,27.354,27.969,28.723,26.977
2017-07-28,28.055,27.645,28.286,27.585
2017-07-31,27.909,28.412,28.604,27.903
2017-08-01,28.491,28.432,29.06,28.035
2017-08-02,28.306,27.599,28.432,27.559
2017-08-03,27.493,28.022,28.339,27.361
2017-08-04,27.499,27.308,27.506,26.587
2017-08-07,26.99,27.374,27.374,26.448
2017-08-08,27.241,27.096,27.374,26.884
2017-08-09,27.109,27.241,27.248,26.97
2017-08-10,27.109,26.508,27.241,26.455
2017-08-11,26.184,26.065,26.369,25.985
2017-08-14,26.144,26.481,26.627,26.058
2017-08-15,26.567,26.977,27.03,26.415
2017-08-16,26.977,27.301,27.48,26.779
2017-08-17,27.288,28.418,28.63,26.911
2017-08-18,27.837,27.109,28.075,27.109
2017-08-21,27.241,27.572,27.592,27.017
2017-08-22,27.638,27.599,27.856,27.367
2017-08-23,27.466,27.645,27.698,26.871
2017-08-24,27.625,27.255,27.744,27.228
2017-08-25,27.109,27.784,27.969,27.109
2017-08-28,28.035,28.537,28.961,27.85
2017-08-29,28.723,28.881,29.417,28.399
2017-08-30,28.504,29.047,29.192,28.339
2017-08-31,29.192,29.688,29.774,29.119
2017-09-01,29.787,29.622,29.84,29.126
2017-09-04,29.82,29.357,29.82,28.994
2017-09-05,29.49,29.271,29.49,29.099
2017-09-06,29.172,28.875,29.172,28.716
2017-09-07,28.954,28.835,29.192,28.795
2017-09-08,28.809,28.696,28.994,28.531
2017-09-11,28.815,29.443,29.589,28.571
2017-09-12,29.443,29.423,29.476,28.875
2017-09-13,29.417,30.415,30.547,29.133
2017-09-14,30.243,29.767,30.349,29.556
2017-09-15,29.582,29.708,30.323,29.582
2017-09-18,29.423,30.68,31.05,29.133
2017-09-19,30.64,30.415,30.68,30.091
2017-09-20,30.547,30.462,30.733,30.091
2017-09-21,30.402,29.787,30.99,29.754
2017-09-22,29.576,30.171,30.316,29.43
2017-09-25,30.177,29.556,30.481,29.377
2017-09-26,29.423,28.663,29.919,28.399
2017-09-27,28.756,29.0,29.086,28.63
2017-09-28,28.815,28.69,29.212,28.69
2017-09-29,28.762,29.086,29.218,28.762
2017-10-09,29.635,29.397,29.675,29.093
2017-10-10,29.265,30.197,30.257,29.265
2017-10-11,30.204,29.78,30.746,29.78
2017-10-12,29.78,29.767,30.131,29.357
2017-10-13,29.675,30.567,30.812,29.595
2017-10-16,30.898,29.232,30.911,29.093
2017-10-17,29.139,29.529,29.721,28.947
2017-10-18,29.457,29.192,29.833,28.901
2017-10-19,29.159,29.218,29.628,28.881
2017-10-20,29.126,30.627,30.819,28.762
2017-10-30,30.944,31.268,32.002,29.754
2017-10-31,30.746,31.638,32.749,30.501
2017-11-01,31.295,32.22,32.729,31.295
2017-11-02,32.2,32.399,32.974,31.771
2017-11-03,32.2,31.526,32.386,31.275
2017-11-06,31.916,32.71,32.921,31.605
2017-11-07,32.465,32.822,33.06,32.22
2017-11-08,32.782,31.982,32.981,31.949
2017-11-09,31.757,34.382,34.594,31.757
2017-11-10,35.48,36.035,37.821,35.387
2017-11-13,36.829,39.639,39.639,35.771
2017-11-14,40.333,39.937,42.681,39.117
2017-11-15,39.837,41.173,41.391,37.708
2017-11-16,39.989,37.887,41.378,37.722
2017-11-17,36.974,34.72,37.649,34.098
2017-11-20,35.705,36.373,36.994,34.911
2017-11-21,35.401,37.642,38.019,33.179
2017-11-22,36.386,35.665,37.001,34.878
2017-11-23,35.837,35.381,36.28,34.23
2017-11-24,34.845,35.698,36.353,34.548
2017-11-27,34.726,32.333,35.011,32.128
2017-11-28,32.716,32.981,33.311,31.744
2017-11-29,32.591,32.683,32.862,31.44
2017-11-30,32.663,31.605,32.716,31.209
2017-12-01,31.751,32.207,32.3,31.367
2017-12-04,30.415,28.987,30.759,28.987
2017-12-05,28.504,27.248,29.417,26.521
2017-12-06,27.109,27.658,27.936,26.58
2017-12-07,27.572,27.48,27.995,26.918
2017-12-08,27.314,28.154,28.564,27.241
2017-12-11,28.154,28.299,28.346,27.85
2017-12-12,28.167,26.825,28.233,26.779
2017-12-13,26.825,27.394,27.407,26.825
2017-12-14,27.394,27.691,27.744,27.182
2017-12-15,27.744,27.605,28.2,27.546
2017-12-18,27.625,26.792,27.698,26.58
2017-12-19,26.97,27.175,27.367,26.812
2017-12-20,27.228,26.66,27.228,26.547
2017-12-21,26.845,26.435,26.845,25.536
2017-12-22,26.17,27.638,28.286,26.111
2017-12-25,27.394,27.248,27.751,26.732
2017-12-26,27.109,28.028,28.167,27.063
2017-12-27,27.757,28.088,28.412,27.618
2017-12-28,27.969,28.299,29.066,27.77
2017-12-29,28.18,28.22,28.399,27.936
2018-01-02,28.068,28.227,28.385,27.109
2018-01-03,28.213,27.969,28.22,27.592
2018-01-04,27.962,27.288,27.962,27.122
2018-01-05,27.288,27.506,27.671,27.129
2018-01-08,27.4,27.632,27.718,27.275
2018-01-09,27.724,28.266,29.007,27.724
2018-01-10,28.399,27.433,28.399,26.878
2018-01-11,27.38,27.599,27.804,26.845
2018-01-12,27.44,27.096,27.493,27.017
2018-01-15,26.779,25.939,27.043,25.793
2018-01-16,26.243,26.435,26.772,25.985
2018-01-17,26.435,27.275,27.77,26.065
2018-01-18,27.77,28.18,29.06,27.473
2018-01-19,28.266,27.466,28.266,27.407
2018-01-22,27.433,27.215,27.433,26.58
2018-01-23,27.327,27.744,28.293,27.182
2018-01-24,27.751,27.982,28.022,27.208
2018-01-25,27.883,27.585,28.273,27.513
2018-01-26,27.651,27.222,27.81,27.175
2018-01-29,27.215,26.66,27.466,26.461
2018-01-30,26.58,26.812,26.818,26.389
2018-01-31,26.62,25.86,26.779,25.813
2018-02-01,25.879,24.438,26.283,23.988
2018-02-02,23.823,24.081,24.855,23.228
2018-02-05,24.068,22.805,24.246,22.679
2018-02-06,22.031,21.178,23.063,21.152
2018-02-07,21.767,21.773,22.302,21.238
2018-02-08,21.886,22.454,22.613,21.78
2018-02-09,21.853,21.998,22.421,21.37
2018-02-12,22.481,22.983,23.01,22.104
2018-02-13,23.135,22.6,23.135,22.454
2018-02-14,22.64,22.845,22.845,22.329
2018-02-22,22.977,23.063,23.142,22.56
2018-02-23,22.871,24.286,24.709,22.646
2018-02-26,24.035,25.423,25.456,23.869
2018-02-27,25.126,25.06,25.298,24.855
2018-02-28,24.762,24.544,24.907,24.339
2018-03-01,24.59,25.126,25.516,24.471
2018-03-02,24.795,24.841,25.152,24.524
2018-03-05,24.921,25.126,25.324,24.874
2018-03-06,25.258,25.516,25.622,25.053
2018-03-07,25.503,26.316,26.508,25.443
2018-03-08,26.065,26.508,26.6,26.065
2018-03-09,26.309,27.294,27.321,26.309
2018-03-12,27.189,27.241,28.015,26.984
2018-03-13,27.241,26.395,27.241,26.329
2018-03-14,26.448,26.977,27.083,26.448
2018-03-15,26.752,25.694,26.752,25.139
2018-03-16,25.522,27.797,28.266,25.522
2018-03-19,27.837,28.366,28.432,27.453
2018-03-20,28.742,28.147,28.742,27.77
2018-03-21,28.703,28.961,29.886,28.147
2018-03-22,29.093,29.807,30.071,28.861
2018-03-23,29.02,28.266,29.39,27.109
2018-03-26,27.678,29.529,29.688,26.58
2018-03-27,29.754,30.746,30.878,29.602
2018-03-28,30.766,31.612,32.782,30.481
2018-03-29,28.637,28.451,29.747,28.451
2018-03-30,27.175,27.572,27.969,26.911
2018-04-02,27.122,26.918,27.585,26.858
2018-04-03,26.587,26.765,26.944,26.256
2018-04-04,26.779,26.448,27.301,26.448
2018-04-09,26.316,26.382,26.382,25.165
2018-04-10,26.203,25.337,26.21,25.013
2018-04-11,25.311,26.25,26.362,25.311
2018-04-12,25.721,26.56,27.023,25.602
2018-04-13,26.375,25.674,26.375,25.39
2018-04-16,25.298,24.405,25.648,24.167
2018-04-17,24.901,23.863,24.901,23.81
2018-04-18,23.922,23.969,24.134,23.142
2018-04-19,23.684,23.532,24.055,23.473
2018-04-20,23.625,22.692,23.896,22.6
2018-04-23,22.917,23.096,23.142,22.547
2018-04-24,23.202,24.365,24.431,23.202
2018-04-25,24.088,24.888,25.053,24.081
2018-04-26,24.855,24.061,25.026,24.002
2018-04-27,24.01,23.65,24.48,23.61
2018-05-02,23.9,22.94,24.35,22.4
2018-05-03,22.79,24.11,24.97,22.48
2018-05-04,23.9,24.8,24.9,23.5
2018-05-07,25.18,24.99,25.2,24.46
2018-05-08,25.1,24.81,25.1,24.49
2018-05-09,24.77,24.98,25.15,24.55
2018-05-10,25.08,25.94,26.9,25.05
2018-05-11,25.45,24.55,25.8,24.53
2018-05-14,24.08,23.9,24.63,23.5
2018-05-15,23.92,24.42,24.45,23.81
2018-05-16,24.37,24.09,24.62,24.03
2018-05-17,23.93,24.39,24.57,23.93
2018-05-18,24.65,24.13,24.65,23.8
2018-05-21,24.2,24.5,24.59,24.2
2018-05-22,24.5,24.8,24.82,24.0
2018-05-23,24.76,24.91,25.17,24.53
2018-05-24,25.2,24.8,25.2,24.68
2018-05-25,24.56,24.5,24.79,24.25
