date,open,close,high,low
2017-03-10,14.855,17.823,17.823,14.855
2017-03-13,19.606,19.606,19.606,19.606
2017-03-14,21.569,21.569,21.569,21.569
2017-03-15,23.727,23.727,23.727,23.727
2017-03-16,26.1,26.1,26.1,26.1
2017-03-17,28.709,28.709,28.709,28.709
2017-03-20,31.581,31.581,31.581,31.581
2017-03-21,34.74,34.74,34.74,34.74
2017-03-22,38.215,38.215,38.215,38.215
2017-03-23,42.036,42.036,42.036,42.036
2017-03-24,46.241,46.241,46.241,46.241
2017-03-27,50.864,50.864,50.864,50.864
2017-03-28,55.95,55.95,55.95,55.95
2017-04-06,50.353,50.353,55.152,50.353
2017-04-07,47.9,45.319,48.498,45.319
2017-04-10,42.682,40.788,42.914,40.788
2017-04-11,39.491,39.802,40.361,38.051
2017-04-12,39.77,36.471,40.369,36.436
2017-04-13,36.144,36.2,37.297,35.925
2017-04-14,36.009,34.964,36.196,34.872
2017-04-17,33.017,31.469,33.061,31.469
2017-04-18,31.669,30.863,32.06,30.703
2017-04-19,30.999,31.944,32.108,30.723
2017-04-20,31.796,31.378,32.1,30.915
2017-04-21,31.465,30.995,31.852,30.787
2017-04-24,31.509,32.251,33.189,31.425
2017-04-25,32.044,32.259,32.869,32.02
2017-04-26,31.916,32.191,33.029,31.76
2017-04-27,31.76,33.46,33.831,31.122
2017-04-28,33.193,33.153,33.827,32.989
2017-05-02,32.861,32.658,33.508,32.494
2017-05-03,32.63,32.682,33.169,31.318
2017-05-04,32.482,31.593,32.482,31.561
2017-05-05,31.334,31.505,32.291,31.334
2017-05-08,31.433,31.417,32.092,31.33
2017-05-09,30.835,31.19,31.509,30.42
2017-05-10,31.186,29.957,31.461,29.798
2017-05-11,29.156,30.037,30.129,28.896
2017-05-12,29.918,29.431,30.109,29.295
2017-05-15,29.483,28.761,29.714,28.761
2017-05-16,28.641,29.59,29.638,28.466
2017-05-17,29.511,29.722,30.197,29.443
2017-05-18,29.359,29.343,30.017,29.319
2017-05-19,29.343,29.0,29.706,28.96
2017-05-22,28.801,26.846,28.9,26.794
2017-05-23,26.846,25.494,27.185,25.45
2017-05-24,25.522,25.857,25.925,24.979
2017-05-25,25.873,26.028,26.148,24.883
2017-05-26,25.976,26.806,27.377,25.825
2017-05-31,27.724,26.447,27.911,26.427
2017-06-01,26.204,24.68,26.208,24.62
2017-06-02,24.7,25.653,25.777,24.612
2017-06-05,25.929,26.148,26.435,25.817
2017-06-06,26.112,26.28,26.304,25.769
2017-06-07,26.28,27.333,27.512,26.128
2017-06-08,27.193,27.321,27.883,27.037
2017-06-09,27.169,27.624,27.756,27.049
2017-06-12,26.966,26.734,27.476,26.69
2017-06-13,26.647,28.474,29.251,26.647
2017-06-14,28.322,28.948,29.439,28.282
2017-06-15,28.952,29.487,30.316,28.801
2017-06-16,29.491,29.878,30.153,28.964
2017-06-19,29.878,29.91,30.117,29.547
2017-06-20,29.918,29.399,30.3,29.259
2017-06-21,29.295,29.459,29.714,28.98
2017-06-22,29.204,28.107,29.658,27.923
2017-06-23,28.083,28.773,28.92,27.923
2017-06-26,28.701,29.259,29.279,28.565
2017-06-27,30.636,29.487,30.636,29.263
2017-06-28,29.331,28.533,29.63,28.482
2017-06-29,28.721,28.721,28.996,28.474
2017-06-30,28.721,29.598,29.866,28.533
2017-07-03,29.479,29.678,30.308,29.231
2017-07-04,29.914,29.678,30.233,29.439
2017-07-05,29.718,30.484,30.516,29.459
2017-07-06,30.867,30.588,31.314,29.981
2017-07-07,32.383,33.647,33.647,32.383
2017-07-10,34.704,33.907,35.809,33.101
2017-07-11,33.915,31.792,34.094,30.6
2017-07-12,31.745,32.55,32.634,30.755
2017-07-13,32.55,31.27,32.55,31.038
2017-07-14,31.665,30.257,31.665,30.257
2017-07-17,29.14,27.233,29.156,27.233
2017-07-18,26.627,26.591,27.125,25.881
2017-07-19,26.487,26.643,26.706,25.753
2017-07-20,26.531,26.591,27.504,26.359
2017-07-21,26.399,25.889,26.886,25.849
2017-07-24,25.422,26.491,26.567,25.175
2017-07-25,26.483,26.379,26.838,26.048
2017-07-26,26.311,26.228,26.567,26.188
2017-07-27,26.228,27.257,27.424,26.128
2017-07-28,27.129,26.79,27.404,26.69
2017-07-31,26.607,26.822,26.89,26.507
2017-08-01,26.822,26.894,26.99,26.567
2017-08-02,26.894,25.813,26.898,25.813
2017-08-03,25.705,25.613,26.399,25.33
2017-08-04,26.248,27.285,28.154,26.248
2017-08-07,30.013,30.013,30.013,30.013
2017-08-08,32.953,33.013,33.013,31.812
2017-08-09,33.911,33.101,34.449,33.029
2017-08-10,33.831,32.79,34.146,32.195
2017-08-11,32.231,34.074,35.103,32.231
2017-08-14,34.062,34.19,35.454,33.911
2017-08-15,34.19,35.263,35.897,33.743
2017-08-16,35.215,37.074,38.286,34.904
2017-08-17,36.3,36.352,37.896,36.156
2017-08-18,36.42,36.46,37.377,35.255
2017-08-21,36.703,36.619,37.058,35.65
2017-08-22,36.619,37.692,38.203,35.981
2017-08-23,37.856,37.146,38.689,36.834
2017-08-24,36.747,35.881,37.257,35.502
2017-08-25,35.981,36.116,36.483,35.143
2017-08-28,37.205,39.727,39.727,37.182
2017-08-29,43.081,43.7,43.7,42.084
2017-08-30,45.076,42.323,45.738,41.561
2017-08-31,43.879,46.556,46.556,43.44
2017-09-01,44.88,47.0,50.88,44.26
2017-09-04,44.99,46.2,46.2,42.7
2017-09-05,47.25,50.82,50.82,46.21
2017-09-06,53.33,55.9,55.9,52.33
2017-09-07,55.9,54.32,58.58,53.58
2017-09-08,52.11,52.66,53.5,49.2
2017-09-11,51.5,53.63,55.5,50.53
2017-09-12,50.01,50.3,52.0,49.3
2017-09-13,50.6,50.37,52.0,50.0
2017-09-14,50.0,51.0,51.68,48.5
2017-09-15,50.03,47.4,51.65,47.1
2017-09-18,46.51,47.7,48.28,46.51
2017-09-19,47.81,47.95,48.19,47.02
2017-09-20,47.21,47.78,47.8,45.7
2017-09-21,47.69,49.81,50.0,47.01
2017-09-22,48.8,46.18,48.81,44.83
2017-09-25,45.01,45.75,47.47,44.78
2017-09-26,45.7,44.64,46.9,43.7
2017-09-27,44.09,45.36,45.58,44.09
2017-09-28,44.88,45.78,46.85,44.6
2017-09-29,46.07,45.87,46.29,45.0
2017-10-09,47.51,49.95,50.29,46.44
2017-10-10,49.45,51.67,53.0,49.04
2017-10-11,50.71,49.11,51.8,49.1
2017-10-12,49.5,48.25,49.5,47.52
2017-10-13,47.85,50.0,51.98,47.85
2017-10-16,48.2,45.87,48.75,45.5
2017-10-17,45.05,45.2,46.38,45.05
2017-10-18,45.66,43.06,45.69,42.82
2017-10-19,42.99,43.31,43.87,42.53
2017-10-20,43.51,43.24,43.68,42.9
2017-10-23,43.26,43.59,45.12,43.26
2017-10-24,43.2,43.12,43.49,42.5
2017-10-25,43.0,44.35,44.68,42.82
2017-10-26,44.55,44.71,45.28,44.18
2017-10-27,45.16,45.5,46.99,44.9
2017-10-30,43.8,42.68,44.6,42.6
2017-10-31,42.64,42.96,43.2,42.01
2017-11-01,42.9,43.94,44.49,42.69
2017-11-02,43.74,43.81,44.74,43.36
2017-11-03,42.6,41.49,43.3,40.6
2017-11-06,41.03,41.86,41.86,41.03
2017-11-07,41.51,41.18,42.0,40.71
2017-11-08,41.18,41.72,42.48,40.83
2017-11-09,41.4,40.6,41.4,40.3
2017-11-10,40.79,40.67,41.58,40.55
2017-11-13,40.35,40.1,40.99,39.8
2017-11-14,40.09,38.25,40.09,37.5
2017-11-15,38.15,37.2,38.65,37.1
2017-11-16,37.59,37.21,37.88,37.0
2017-11-17,37.0,33.49,37.48,33.49
2017-11-20,33.0,32.87,33.0,30.58
2017-11-21,33.0,33.28,33.97,32.7
2017-11-22,33.24,32.1,33.25,31.8
2017-11-23,31.89,30.11,32.0,30.1
2017-11-24,30.14,33.12,33.12,30.11
2017-11-27,34.4,35.27,35.88,34.1
2017-11-28,35.34,35.87,36.86,34.21
2017-11-29,35.87,35.16,36.6,35.01
2017-11-30,34.29,34.75,35.13,33.13
2017-12-01,34.1,34.16,35.2,33.35
2017-12-04,32.05,31.43,32.97,31.09
2017-12-05,31.38,31.08,32.49,30.52
2017-12-06,31.11,31.8,31.94,30.5
2017-12-07,31.81,32.72,33.5,31.33
2017-12-08,32.12,33.07,33.46,32.12
2017-12-11,32.7,32.82,33.05,32.6
2017-12-12,32.6,31.32,33.3,31.08
2017-12-13,31.39,31.74,32.25,31.39
2017-12-14,31.8,31.55,32.21,31.2
2017-12-15,31.52,31.78,31.96,31.38
2017-12-18,31.95,33.1,34.0,31.79
2017-12-19,32.55,33.12,33.28,32.44
2017-12-20,32.88,32.56,33.3,32.5
2017-12-21,32.22,31.7,32.55,30.78
2017-12-22,31.69,31.18,32.09,31.12
2017-12-25,31.23,30.81,31.49,30.22
2017-12-26,30.57,31.75,31.86,30.52
2017-12-27,31.8,31.83,32.5,31.51
2017-12-28,31.83,32.85,34.96,31.33
2017-12-29,33.11,33.28,33.9,32.5
2018-01-02,32.69,33.88,34.0,32.69
2018-01-03,33.56,33.56,34.39,33.11
2018-01-04,33.6,32.78,33.63,32.7
2018-01-05,32.77,32.58,32.97,32.37
2018-01-08,32.45,32.39,32.53,31.6
2018-01-09,32.14,32.45,32.45,31.81
2018-01-10,32.54,34.1,34.1,32.11
2018-01-11,34.1,33.78,34.48,33.25
2018-01-12,33.5,32.85,33.5,32.75
2018-01-15,32.84,32.45,33.77,32.02
2018-01-16,32.3,33.66,34.18,31.5
2018-01-17,33.48,33.81,34.15,32.8
2018-01-18,33.61,37.19,37.19,33.5
2018-01-19,38.0,38.7,40.81,37.79
2018-01-22,37.2,37.05,38.17,36.2
2018-01-23,36.5,37.36,37.84,35.85
2018-01-24,36.9,36.45,37.07,36.2
2018-01-25,36.0,36.23,36.86,35.73
2018-01-26,36.59,36.95,38.74,36.57
2018-01-29,35.56,34.57,35.7,34.42
2018-01-30,34.37,32.99,34.75,32.7
2018-01-31,32.18,32.09,32.79,31.99
2018-02-01,32.16,29.46,32.49,28.88
2018-02-02,29.0,28.08,29.02,27.0
2018-02-05,27.48,27.69,28.5,27.2
2018-02-06,27.08,24.92,27.08,24.92
2018-02-07,25.64,25.0,25.84,23.0
2018-02-08,25.0,25.42,25.92,24.25
2018-02-09,24.3,23.88,24.89,23.58
2018-02-12,24.27,24.84,25.01,24.21
2018-02-13,24.81,24.52,25.35,24.5
2018-02-14,24.49,24.76,24.88,24.02
2018-02-22,25.01,25.52,25.96,25.01
2018-02-23,25.75,25.7,25.75,25.28
2018-02-26,26.08,26.73,26.82,26.07
2018-02-27,26.68,27.48,27.98,26.2
2018-02-28,27.01,26.68,27.2,26.54
2018-03-01,26.59,26.7,26.77,26.22
2018-03-02,26.6,26.53,26.7,26.3
2018-03-05,26.48,27.25,27.77,26.12
2018-03-06,27.21,27.6,27.85,26.9
2018-03-07,27.78,27.54,28.33,27.5
2018-03-08,27.2,28.33,29.2,27.2
2018-03-09,27.8,28.39,28.53,27.7
2018-03-12,28.2,28.71,29.44,28.2
2018-03-13,28.63,29.62,29.98,28.32
2018-03-14,29.28,31.98,32.58,29.1
2018-03-15,30.57,31.15,31.98,30.15
2018-03-16,31.23,29.56,32.58,29.56
2018-03-19,29.91,29.05,29.93,28.36
2018-03-20,28.49,28.75,28.94,28.13
2018-03-21,28.66,28.77,29.51,28.66
2018-03-22,28.58,29.02,29.38,28.5
2018-03-23,27.7,26.12,27.98,26.12
2018-03-26,25.28,25.88,26.12,24.45
2018-03-27,26.15,26.58,26.94,26.15
2018-03-28,25.85,26.58,26.89,25.8
2018-03-29,26.72,27.86,28.39,26.72
2018-03-30,27.65,28.4,28.53,27.49
2018-04-02,28.09,28.77,29.0,28.02
2018-04-03,28.07,28.09,28.65,27.61
2018-04-04,28.16,27.81,28.56,27.8
2018-04-09,27.44,27.45,27.75,26.8
2018-04-10,26.98,26.6,27.18,26.0
2018-04-11,26.51,28.59,29.18,26.51
2018-04-12,28.08,28.21,28.79,27.88
2018-04-13,28.46,27.61,28.97,27.51
2018-04-16,28.09,27.68,28.56,27.2
2018-04-17,27.6,26.22,28.0,26.14
2018-04-18,26.37,26.7,26.7,25.57
2018-04-19,26.79,26.48,26.86,26.26
2018-04-20,26.81,25.38,26.81,25.3
2018-04-23,25.38,25.89,26.1,25.18
2018-04-24,25.89,26.57,26.63,25.61
2018-04-25,26.53,27.05,27.75,26.27
2018-04-26,27.0,25.98,27.1,25.98
2018-04-27,25.98,26.03,26.49,25.92
2018-05-02,26.0,25.81,26.4,25.7
2018-05-03,25.9,26.34,26.38,25.67
2018-05-04,26.35,26.61,26.84,26.08
2018-05-07,26.75,27.61,27.77,26.62
2018-05-08,27.6,28.46,28.5,27.25
2018-05-09,28.66,28.12,28.72,27.78
2018-05-10,28.18,29.3,30.16,27.8
2018-05-11,29.01,27.51,29.01,27.42
2018-05-14,27.09,27.6,27.94,27.08
2018-05-15,27.59,28.2,28.28,27.3
2018-05-16,28.21,27.9,28.74,27.88
2018-05-17,27.75,27.89,27.9,26.95
2018-05-18,27.7,27.76,28.4,27.4
2018-05-21,27.75,28.36,28.38,27.74
2018-05-22,28.37,28.52,28.59,28.06
2018-05-23,28.4,27.97,28.51,27.91
2018-05-24,27.98,28.2,28.45,27.71
2018-05-25,28.28,28.85,29.46,28.28
