date,open,close,high,low
2016-11-18,12.192,14.628,14.628,12.192
2016-11-21,16.091,16.091,16.091,16.091
2016-11-22,17.701,17.701,17.701,17.701
2016-11-23,19.469,19.469,19.469,19.469
2016-11-24,21.416,21.416,21.416,21.416
2016-11-25,23.558,23.558,23.558,23.558
2016-11-28,25.914,25.914,25.914,25.914
2016-11-29,28.503,28.503,28.503,28.503
2016-11-30,31.355,31.355,31.355,31.355
2016-12-01,34.489,34.489,34.489,34.489
2016-12-02,37.941,37.941,37.941,37.941
2016-12-05,41.736,40.028,41.736,38.871
2016-12-06,37.947,39.0,39.643,36.723
2016-12-07,38.437,37.892,38.804,37.127
2016-12-08,38.057,38.523,40.506,38.057
2016-12-09,37.354,35.579,37.5,35.511
2016-12-12,34.85,32.023,35.175,32.023
2016-12-13,31.459,32.316,33.13,30.603
2016-12-14,31.753,30.835,32.28,30.786
2016-12-15,30.48,30.915,31.729,30.382
2016-12-16,30.939,33.02,33.871,30.639
2016-12-19,32.378,35.493,36.221,31.521
2016-12-20,34.03,33.265,34.856,32.733
2016-12-21,32.72,32.843,33.479,32.194
2016-12-22,32.8,31.521,32.8,31.508
2016-12-23,31.221,29.715,31.814,29.44
2016-12-26,29.225,30.352,30.572,28.773
2016-12-27,30.113,30.082,30.505,29.838
2016-12-28,29.899,29.819,30.566,29.782
2016-12-29,29.378,29.281,30.095,29.14
2016-12-30,29.311,30.027,30.59,29.146
2017-01-03,30.009,30.205,30.541,29.874
2017-01-04,30.039,29.997,30.297,29.893
2017-01-05,30.003,30.15,30.841,30.003
2017-01-06,29.966,27.346,29.966,27.249
2017-01-09,26.857,26.912,27.236,26.667
2017-01-10,27.083,26.845,27.604,26.808
2017-01-11,26.636,26.312,27.218,26.312
2017-01-12,26.208,25.645,26.575,25.639
2017-01-13,25.633,24.249,25.749,23.937
2017-01-16,24.048,22.67,24.36,21.85
2017-01-17,22.524,23.576,24.054,21.96
2017-01-18,23.319,22.609,23.38,22.591
2017-01-19,22.113,22.83,23.57,22.077
2017-01-20,22.646,23.588,23.864,22.615
2017-01-23,23.497,23.65,24.096,23.497
2017-01-24,23.637,23.405,24.329,23.27
2017-01-25,23.417,23.717,23.864,23.087
2017-01-26,23.735,23.693,23.907,23.368
2017-02-03,23.784,24.305,25.339,23.282
2017-02-06,24.286,25.131,25.21,24.286
2017-02-07,25.106,24.635,25.112,24.305
2017-02-08,24.543,25.008,25.247,24.36
2017-02-09,25.082,25.266,25.425,24.794
2017-02-10,25.094,25.186,25.51,24.935
2017-02-13,24.794,25.657,25.92,24.794
2017-02-14,25.596,26.563,26.845,25.443
2017-02-15,26.312,26.171,27.512,26.024
2017-02-16,26.012,28.791,28.791,25.461
2017-02-17,28.791,28.828,30.333,28.595
2017-02-20,27.102,26.661,27.959,26.379
2017-02-21,26.673,26.887,27.42,26.673
2017-02-22,26.881,26.71,27.114,26.361
2017-02-23,26.581,26.673,26.869,25.865
2017-02-24,26.502,27.151,27.463,26.318
2017-02-27,27.089,26.349,27.089,26.257
2017-02-28,26.153,26.759,26.814,26.153
2017-03-01,26.734,26.93,27.157,26.532
2017-03-02,26.998,27.493,27.879,26.826
2017-03-03,27.267,27.965,28.154,26.477
2017-03-06,27.959,30.762,30.762,27.665
2017-03-07,31.209,30.45,32.739,30.376
2017-03-08,30.052,32.365,33.351,30.052
2017-03-09,31.925,34.459,34.887,31.472
2017-03-10,32.977,34.777,36.087,32.745
2017-03-13,34.079,34.14,35.291,33.363
2017-03-14,34.336,36.937,37.078,34.146
2017-03-15,36.178,39.783,40.334,36.178
2017-03-16,38.682,35.805,39.777,35.805
2017-03-17,32.561,32.225,33.663,32.225
2017-03-20,31.827,32.029,32.426,31.049
2017-03-21,31.747,32.004,32.194,31.631
2017-03-22,31.827,33.528,33.651,31.704
2017-03-23,33.265,31.949,33.577,30.584
2017-03-24,31.931,31.276,31.931,31.037
2017-03-27,31.349,31.539,31.753,31.086
2017-03-28,31.637,30.511,31.643,30.486
2017-03-29,30.425,28.926,30.786,28.509
2017-03-30,28.626,27.989,28.626,27.53
2017-03-31,27.652,28.075,28.87,27.646
2017-04-05,27.604,28.779,28.883,27.604
2017-04-06,28.785,29.183,29.862,28.632
2017-04-07,29.158,28.362,29.158,28.16
2017-04-10,28.277,25.535,28.277,25.529
2017-04-11,25.461,26.018,26.104,25.125
2017-04-12,25.89,25.106,26.012,25.1
2017-04-13,25.155,25.241,25.706,25.125
2017-04-14,25.094,23.925,25.094,23.87
2017-04-17,23.87,22.579,23.87,22.505
2017-04-18,22.701,22.524,23.05,22.438
2017-04-19,22.524,23.466,23.478,22.524
2017-04-20,23.362,23.472,23.595,23.032
2017-04-21,23.442,23.699,23.907,23.154
2017-04-24,23.393,23.338,23.564,22.646
2017-04-25,23.484,23.662,24.17,23.484
2017-04-26,23.668,24.69,25.094,23.668
2017-04-27,24.727,25.033,25.21,24.023
2017-04-28,25.027,24.947,25.204,24.666
2017-05-02,24.788,24.702,25.217,24.58
2017-05-03,24.525,24.39,24.788,23.888
2017-05-18,22.658,23.209,23.858,22.658
2017-05-19,23.178,22.866,23.417,22.866
2017-05-22,22.897,20.718,23.068,20.577
2017-05-23,20.608,19.347,20.608,19.31
2017-05-24,19.065,19.83,19.935,18.594
2017-05-25,19.75,19.836,20.071,19.3
2017-05-26,19.83,20.163,20.416,19.768
2017-05-31,20.669,20.219,21.156,20.169
2017-06-01,20.231,19.152,20.231,19.028
2017-06-02,18.874,19.923,19.929,18.874
2017-06-05,20.169,20.219,20.348,19.966
2017-06-06,20.126,20.354,20.472,19.984
2017-06-07,20.33,20.959,21.095,20.231
2017-06-08,20.91,20.891,21.28,20.694
2017-06-09,20.768,20.743,20.891,20.287
2017-06-12,20.57,19.793,20.614,19.738
2017-06-13,19.787,20.959,21.144,19.731
2017-06-14,20.971,21.582,22.051,20.799
2017-06-15,21.354,21.946,22.174,21.292
2017-06-16,21.946,21.471,22.125,21.385
2017-06-19,21.434,21.6,21.761,21.273
2017-06-20,21.711,21.169,21.748,21.144
2017-06-21,21.169,20.977,21.459,20.663
2017-06-22,20.984,20.225,21.051,20.145
2017-06-23,20.311,20.404,20.626,19.867
2017-06-26,20.416,20.527,20.601,20.139
2017-06-27,20.552,20.595,20.885,20.447
2017-06-28,20.595,20.256,20.663,20.169
2017-06-29,20.206,20.478,20.576,20.206
2017-06-30,20.385,20.965,21.095,20.354
2017-07-03,20.953,21.526,21.526,20.811
2017-07-04,21.533,21.385,21.822,21.249
2017-07-05,21.249,21.687,21.742,21.156
2017-07-06,21.711,21.403,21.829,21.187
2017-07-07,21.397,21.995,22.081,21.397
2017-07-10,21.773,21.28,21.773,21.218
2017-07-11,21.372,20.774,21.403,20.762
2017-07-12,20.897,20.903,20.903,20.169
2017-07-13,20.848,20.539,20.897,20.478
2017-07-14,20.681,20.206,20.681,20.077
2017-07-17,20.046,18.202,20.145,18.183
2017-07-18,17.832,18.399,18.547,17.832
2017-07-19,18.325,18.59,18.609,18.202
2017-07-20,18.553,18.473,18.874,18.412
2017-07-21,18.449,18.319,18.658,18.208
2017-07-24,18.196,18.745,18.757,18.017
2017-07-25,18.732,18.751,18.812,18.523
2017-07-26,18.677,18.646,18.8,18.566
2017-07-27,18.72,19.164,19.275,18.56
2017-07-28,19.152,18.973,19.213,18.911
2017-07-31,18.973,19.004,19.257,18.917
2017-08-01,19.004,18.886,19.004,18.751
2017-08-02,18.948,18.609,18.948,18.566
2017-08-03,18.566,18.831,19.269,18.504
2017-08-04,18.843,18.634,18.991,18.627
2017-08-07,18.714,18.72,18.862,18.658
2017-08-08,18.72,18.782,18.874,18.535
2017-08-09,18.782,19.016,19.022,18.566
2017-08-10,18.997,18.708,19.09,18.627
2017-08-11,18.627,18.449,18.677,18.399
2017-08-14,18.325,18.708,18.769,18.325
2017-08-15,18.738,18.868,18.874,18.652
2017-08-16,18.695,19.053,19.115,18.695
2017-08-17,18.991,18.997,19.121,18.856
2017-08-18,18.905,18.64,18.905,18.621
2017-08-21,18.72,19.392,19.423,18.701
2017-08-22,19.238,19.213,19.429,19.09
2017-08-23,19.096,19.183,19.275,18.948
2017-08-24,19.176,18.96,19.442,18.936
2017-08-25,18.849,19.25,19.324,18.849
2017-08-28,19.331,19.62,19.843,19.25
2017-08-29,19.738,19.738,20.077,19.602
2017-08-30,19.614,19.873,20.052,19.479
2017-08-31,19.836,20.484,20.953,19.738
2017-09-01,20.379,20.163,20.539,20.058
2017-09-04,20.046,19.91,20.213,19.867
2017-09-05,19.91,19.96,20.077,19.836
2017-09-06,19.954,19.701,19.954,19.583
2017-09-07,19.744,19.775,19.954,19.694
2017-09-08,19.701,19.917,19.96,19.559
2017-09-11,19.923,20.188,20.194,19.861
2017-09-12,20.176,20.139,20.496,19.88
2017-09-13,20.015,20.28,20.336,19.873
2017-09-14,20.28,20.515,20.539,20.052
2017-09-15,20.373,20.095,20.533,20.046
2017-09-18,20.058,20.108,20.145,19.861
2017-09-19,20.114,20.065,20.317,19.941
2017-09-20,20.157,20.157,20.268,19.941
2017-09-21,20.083,19.793,20.262,19.75
2017-09-22,19.738,19.608,19.83,19.509
2017-09-25,19.608,19.17,19.682,19.127
2017-09-26,18.936,18.701,19.164,18.566
2017-09-27,18.634,19.016,19.065,18.634
2017-09-28,18.997,19.337,19.417,18.88
2017-09-29,19.25,19.392,19.67,19.17
2017-10-09,19.627,19.867,20.034,19.318
2017-10-10,19.775,20.077,20.342,19.676
2017-10-11,20.071,19.923,20.194,19.892
2017-10-12,19.892,20.132,20.293,19.744
2017-10-13,20.108,20.792,22.118,20.009
2017-10-16,20.959,19.83,20.959,19.812
2017-10-17,19.651,20.354,20.897,19.121
2017-10-18,20.12,19.497,20.293,19.491
2017-10-19,19.522,19.028,19.731,18.979
2017-10-20,19.047,19.269,19.287,18.868
2017-10-23,19.244,19.318,19.411,19.152
2017-10-24,19.121,19.38,19.614,19.072
2017-10-25,19.257,19.583,19.596,19.257
2017-10-26,19.596,19.836,20.034,19.509
2017-10-27,19.929,19.614,19.929,19.596
2017-10-30,19.645,18.745,19.645,18.566
2017-10-31,18.757,18.973,19.065,18.757
2017-11-01,18.973,19.047,19.226,18.893
2017-11-02,19.09,18.627,19.09,18.627
2017-11-03,18.566,18.504,18.782,18.43
2017-11-06,18.726,18.763,18.812,18.516
2017-11-07,18.819,18.701,18.825,18.566
2017-11-08,18.701,18.689,18.843,18.64
2017-11-09,18.634,18.819,18.849,18.621
2017-11-10,18.874,19.799,19.886,18.701
2017-11-13,19.54,19.429,19.812,19.281
2017-11-14,19.553,19.121,19.553,18.936
2017-11-15,18.997,19.207,19.386,18.997
2017-11-16,19.109,18.59,19.201,18.566
2017-11-17,18.183,16.759,18.183,16.734
2017-11-20,16.771,16.808,16.826,16.049
2017-11-21,16.672,16.543,16.888,16.444
2017-11-22,16.617,16.506,16.715,16.413
2017-11-23,16.573,16.271,16.623,16.253
2017-11-24,16.271,16.345,16.481,16.253
2017-11-27,16.345,16.247,16.395,16.222
2017-11-28,16.247,16.413,16.499,16.247
2017-11-29,16.407,16.284,16.499,15.593
2017-11-30,16.284,16.16,16.376,16.16
2017-12-01,16.111,16.271,16.314,16.111
2017-12-04,16.271,15.753,16.271,15.704
2017-12-05,15.753,14.803,15.87,14.575
2017-12-06,14.791,15.013,15.044,14.711
2017-12-07,15.007,14.97,15.007,14.803
2017-12-08,14.939,15.204,15.525,14.939
2017-12-11,15.161,15.315,15.346,15.087
2017-12-12,15.728,15.531,16.321,15.513
2017-12-13,15.112,15.445,15.513,15.112
2017-12-14,15.346,15.617,15.722,15.321
2017-12-15,15.574,15.426,15.574,15.377
2017-12-18,15.543,15.321,15.55,15.235
2017-12-19,15.352,15.389,15.463,15.303
2017-12-20,15.352,15.05,15.451,15.001
2017-12-21,15.05,15.223,15.321,14.668
2017-12-22,15.112,15.58,15.876,15.019
2017-12-25,15.432,15.284,15.593,15.247
2017-12-26,15.284,15.71,15.79,15.179
2017-12-27,15.716,15.741,16.037,15.636
2017-12-28,15.636,15.963,16.654,15.636
2017-12-29,15.87,15.963,15.994,15.741
2018-01-02,15.988,15.895,15.988,15.765
2018-01-03,16.006,15.889,16.006,15.765
2018-01-04,15.876,15.852,15.957,15.741
2018-01-05,15.827,15.815,15.901,15.79
2018-01-08,15.759,15.846,15.876,15.728
2018-01-09,15.846,15.957,16.0,15.759
2018-01-10,15.92,15.513,15.92,15.383
2018-01-11,15.556,15.71,15.753,15.42
2018-01-12,15.673,15.728,15.839,15.562
2018-01-15,15.605,15.056,15.605,14.803
2018-01-16,15.075,15.173,15.266,14.951
2018-01-17,15.161,15.21,15.284,14.865
2018-01-18,15.278,15.161,15.278,15.068
2018-01-19,15.235,15.346,15.506,15.142
2018-01-22,15.272,15.95,16.025,15.112
2018-01-23,15.617,15.667,15.895,15.617
2018-01-24,15.667,15.79,15.833,15.543
2018-01-25,15.79,15.611,16.0,15.593
2018-01-26,15.574,15.402,15.667,15.352
2018-01-29,15.346,15.161,15.476,15.13
2018-01-30,15.142,15.142,15.179,15.038
2018-01-31,15.149,15.235,16.074,14.994
2018-02-01,15.112,14.174,15.112,14.156
2018-02-02,14.18,14.211,14.248,13.749
2018-02-05,13.934,14.193,14.304,13.878
2018-02-06,14.026,13.008,14.026,12.959
2018-02-07,13.323,13.076,13.57,12.805
2018-02-08,13.138,13.237,13.372,13.082
2018-02-09,13.052,12.749,13.052,12.614
2018-02-12,12.78,13.126,13.138,12.78
2018-02-13,13.163,13.076,13.255,13.076
2018-02-14,13.076,13.033,13.107,12.965
2018-02-22,13.181,13.206,13.249,13.095
2018-02-23,13.23,13.206,13.261,13.15
2018-02-26,13.292,13.557,13.619,13.292
2018-02-27,13.576,13.613,13.65,13.483
2018-02-28,13.619,13.545,13.619,13.348
2018-03-01,14.902,14.902,14.902,14.902
2018-03-02,15.537,14.994,15.642,14.927
2018-03-05,14.809,14.563,14.964,14.408
2018-03-06,14.643,14.692,14.748,14.439
2018-03-07,14.637,15.192,15.284,14.569
2018-03-08,15.044,15.284,15.383,14.994
2018-03-09,15.291,15.291,15.328,15.112
2018-03-12,15.365,15.303,15.71,15.284
2018-03-13,15.204,15.068,15.284,14.896
2018-03-14,14.964,14.871,15.167,14.822
2018-03-15,14.729,14.674,14.871,14.439
2018-03-16,14.674,15.173,15.291,14.674
2018-03-19,15.149,15.593,15.605,15.025
2018-03-20,15.334,15.161,15.408,14.927
2018-03-21,15.044,14.865,15.266,14.791
2018-03-22,14.902,14.933,15.062,14.735
2018-03-23,14.612,13.742,14.822,13.619
2018-03-26,13.699,13.921,14.001,13.261
2018-03-27,14.075,14.211,14.371,14.069
2018-03-28,14.063,14.082,14.371,13.94
2018-03-29,14.143,14.39,14.433,14.143
2018-03-30,14.31,14.668,14.803,14.31
2018-04-02,14.631,14.618,15.007,14.618
2018-04-03,14.501,14.408,14.501,14.205
2018-04-04,14.495,14.686,14.902,14.495
2018-04-09,14.686,15.031,15.031,14.507
2018-04-10,15.068,14.976,15.155,14.717
2018-04-11,14.964,15.42,15.457,14.964
2018-04-12,15.383,15.291,15.383,15.081
2018-04-13,15.414,15.235,15.414,15.019
2018-04-16,15.315,15.112,15.315,14.834
2018-04-17,15.087,14.939,15.186,14.846
2018-04-18,14.988,14.92,14.988,14.236
2018-04-19,15.019,14.766,15.019,14.686
2018-04-20,14.766,13.952,14.766,13.884
2018-04-23,14.063,14.045,14.236,13.94
2018-04-24,13.977,14.68,14.711,13.958
2018-04-25,14.55,14.766,14.914,14.507
2018-04-26,14.766,14.31,14.803,14.186
2018-04-27,14.3,14.05,14.36,13.8
2018-05-02,14.1,13.96,14.14,13.74
2018-05-03,13.81,14.21,14.25,13.56
2018-05-04,14.19,14.42,14.95,13.92
2018-05-07,14.42,14.62,14.66,14.32
2018-05-08,14.55,15.01,15.32,14.48
2018-05-09,15.07,14.95,15.3,14.72
2018-05-10,15.19,16.45,16.45,14.92
2018-05-11,17.9,16.64,17.95,16.6
2018-05-14,15.7,15.21,15.72,15.0
2018-05-15,15.23,15.58,15.69,15.12
2018-05-16,15.5,17.14,17.14,15.26
2018-05-17,17.7,18.85,18.85,17.7
2018-05-18,19.08,19.2,20.34,17.3
2018-05-21,18.9,19.75,20.88,18.89
2018-05-22,18.85,18.93,19.68,18.15
2018-05-23,18.31,18.33,19.44,18.22
2018-05-24,17.9,18.79,18.9,17.89
2018-05-25,18.42,17.96,18.89,17.95
