date,open,close,high,low
2017-05-15,24.322,29.18,29.18,24.322
2017-05-16,32.095,32.095,32.095,32.095
2017-05-17,35.307,35.307,35.307,35.307
2017-05-18,38.837,38.837,38.837,38.837
2017-05-19,42.724,42.724,42.724,42.724
2017-05-22,46.997,39.779,46.997,38.748
2017-05-23,38.351,40.473,41.425,38.183
2017-05-24,38.867,41.861,42.813,38.669
2017-05-25,41.266,39.333,41.861,38.669
2017-05-26,39.839,40.542,42.327,39.006
2017-05-31,42.704,44.598,44.598,41.752
2017-06-01,41.643,40.354,43.626,40.255
2017-06-02,39.055,41.831,42.625,37.578
2017-06-05,42.823,40.116,43.507,40.047
2017-06-06,38.847,40.324,41.445,38.669
2017-06-07,40.404,41.732,42.317,39.789
2017-06-08,41.445,39.323,41.484,38.688
2017-06-09,38.778,38.698,39.164,38.014
2017-06-12,37.727,34.901,37.756,34.881
2017-06-13,34.802,35.486,35.873,34.802
2017-06-14,35.178,34.465,35.635,34.137
2017-06-15,34.703,35.129,35.575,34.415
2017-06-16,35.079,34.941,35.268,34.722
2017-06-19,34.921,35.059,35.248,34.712
2017-06-20,35.297,35.0,35.486,34.921
2017-06-21,35.169,35.664,35.694,34.564
2017-06-22,35.565,34.365,35.565,34.365
2017-06-23,34.118,33.572,34.118,32.918
2017-06-26,33.463,33.681,33.88,33.047
2017-06-27,33.681,33.602,34.108,33.314
2017-06-28,33.414,32.71,33.414,32.63
2017-06-29,32.858,32.858,33.037,32.68
2017-06-30,32.72,33.265,33.642,32.62
2017-07-03,33.176,33.542,33.562,33.126
2017-07-04,33.533,33.235,33.622,33.166
2017-07-05,33.235,33.88,34.038,33.186
2017-07-06,33.741,34.475,34.584,33.711
2017-07-07,34.346,35.198,35.436,34.256
2017-07-10,34.613,33.552,34.891,33.334
2017-07-11,33.552,32.839,33.701,32.829
2017-07-12,32.848,32.997,33.007,31.996
2017-07-13,32.858,32.402,32.997,32.254
2017-07-14,32.521,32.303,32.67,32.135
2017-07-17,31.708,29.071,31.708,29.071
2017-07-18,28.763,29.458,29.715,28.754
2017-07-19,29.348,29.497,29.586,29.001
2017-07-20,29.448,29.596,30.191,29.378
2017-07-21,29.567,29.239,29.666,29.17
2017-07-24,28.952,29.567,29.834,28.684
2017-07-25,29.329,29.507,29.695,29.329
2017-07-26,29.507,29.269,29.616,29.081
2017-07-27,29.239,30.033,30.231,29.071
2017-07-28,30.062,29.547,30.122,29.527
2017-07-31,29.547,29.458,29.656,29.329
2017-08-01,29.497,29.636,29.864,29.388
2017-08-02,29.636,29.051,29.636,29.051
2017-08-03,28.992,29.19,29.547,28.882
2017-08-04,29.319,28.962,29.319,28.952
2017-08-07,29.15,29.18,29.329,29.041
2017-08-08,29.21,29.18,29.299,28.972
2017-08-09,29.19,29.2,29.299,29.14
2017-08-10,29.2,28.664,29.279,28.605
2017-08-11,28.407,28.228,28.506,28.089
2017-08-14,28.159,28.684,28.823,28.119
2017-08-15,28.744,29.041,29.051,28.575
2017-08-16,29.081,29.586,29.864,28.843
2017-08-17,29.567,29.636,29.735,29.348
2017-08-18,29.289,28.962,29.348,28.763
2017-08-21,29.041,29.487,29.527,28.823
2017-08-22,29.596,30.142,30.826,29.547
2017-08-23,30.003,30.132,30.271,29.557
2017-08-24,29.953,29.963,30.786,29.765
2017-08-25,29.745,30.895,31.232,29.567
2017-08-28,31.084,31.678,32.016,31.084
2017-08-29,31.728,32.442,33.374,31.45
2017-08-30,32.125,31.431,32.561,31.361
2017-08-31,31.609,32.194,32.353,31.431
2017-09-01,32.521,32.353,32.71,32.016
2017-09-04,32.224,31.441,32.224,31.262
2017-09-05,31.441,31.649,31.827,31.381
2017-09-06,31.46,31.143,31.46,30.856
2017-09-07,30.984,31.193,31.579,30.984
2017-09-08,31.371,31.55,31.698,30.994
2017-09-11,31.51,32.035,32.045,31.143
2017-09-12,31.976,31.163,32.105,31.133
2017-09-13,31.163,31.421,31.569,31.074
2017-09-14,31.47,31.173,31.52,31.034
2017-09-15,31.173,30.756,31.292,30.667
2017-09-18,30.657,30.836,30.925,30.538
2017-09-19,30.717,30.806,31.133,30.697
2017-09-20,30.826,31.133,31.153,30.608
2017-09-21,31.093,30.756,31.391,30.737
2017-09-22,30.737,31.312,31.331,30.3
2017-09-25,31.381,31.232,32.095,31.232
2017-09-26,31.133,30.499,31.351,29.834
2017-09-27,30.489,30.687,30.856,30.29
2017-09-28,30.746,31.193,31.659,30.746
2017-09-29,31.203,31.421,31.629,31.183
2017-10-09,31.847,31.48,32.085,31.262
2017-10-10,31.381,32.194,32.194,31.381
2017-10-11,32.422,31.956,32.472,31.659
2017-10-12,31.956,32.075,32.452,31.678
2017-10-13,31.936,32.501,32.601,31.877
2017-10-16,32.531,30.935,32.591,30.935
2017-10-17,30.955,31.153,31.579,30.786
2017-10-18,31.203,30.637,31.52,30.538
2017-10-19,30.548,30.568,30.994,30.39
2017-10-20,30.568,30.975,31.034,30.39
2017-10-23,31.034,31.212,31.322,30.865
2017-10-24,31.133,30.657,31.183,30.399
2017-10-25,30.637,31.48,31.579,30.598
2017-10-26,31.331,31.926,31.976,31.232
2017-10-27,32.224,31.916,32.898,31.827
2017-10-30,31.133,29.527,31.589,29.051
2017-10-31,29.467,29.933,30.043,29.279
2017-11-01,29.933,30.31,30.499,29.755
2017-11-02,30.35,30.34,30.637,30.191
2017-11-03,30.34,29.537,30.439,29.269
2017-11-06,29.745,30.003,30.191,29.576
2017-11-07,29.993,30.062,30.191,29.705
2017-11-08,29.943,30.39,30.618,29.904
2017-11-09,30.34,30.538,30.538,30.161
2017-11-10,30.39,30.707,31.361,28.654
2017-11-13,30.657,30.935,30.984,30.459
2017-11-14,30.935,30.013,31.024,29.953
2017-11-15,29.963,29.537,30.132,29.408
2017-11-16,29.408,29.547,30.32,29.358
2017-11-17,29.408,28.06,29.914,27.96
2017-11-20,27.812,28.149,28.238,27.068
2017-11-21,28.198,27.861,28.644,27.772
2017-11-22,27.772,27.861,28.149,27.752
2017-11-23,27.802,27.167,27.921,27.118
2017-11-24,26.899,27.891,28.635,26.899
2017-11-27,27.931,27.455,28.139,27.425
2017-11-28,27.455,28.149,29.249,27.365
2017-11-29,28.109,27.762,28.109,27.475
2017-11-30,27.722,27.564,27.98,27.564
2017-12-01,27.564,27.752,27.901,27.494
2017-12-04,27.584,26.453,27.841,26.453
2017-12-05,26.562,25.105,26.661,24.946
2017-12-06,25.105,25.382,25.422,24.698
2017-12-07,25.382,25.194,25.452,25.065
2017-12-08,25.135,25.581,25.7,25.095
2017-12-11,25.402,25.62,25.769,25.402
2017-12-12,25.521,24.986,25.62,24.887
2017-12-13,24.827,25.333,25.363,24.718
2017-12-14,25.184,25.343,25.432,25.095
2017-12-15,25.313,25.283,25.442,25.045
2017-12-18,25.263,25.283,25.402,25.184
2017-12-19,25.402,25.492,25.561,25.283
2017-12-20,25.482,24.817,25.62,24.718
2017-12-21,24.797,24.996,25.085,24.589
2017-12-22,24.996,24.788,25.105,24.758
2017-12-25,24.768,24.688,24.768,24.193
2017-12-26,24.609,25.462,26.255,24.569
2017-12-27,25.303,25.561,26.711,25.164
2017-12-28,25.531,25.66,25.759,25.164
2017-12-29,25.64,25.739,25.958,25.64
2018-01-02,25.739,25.769,25.938,25.511
2018-01-03,25.68,25.729,25.809,25.531
2018-01-04,25.69,25.541,25.759,25.452
2018-01-05,25.462,25.531,25.67,25.442
2018-03-19,28.06,26.433,28.06,26.275
2018-03-20,25.482,25.234,25.482,24.302
2018-03-21,27.742,27.762,27.762,27.742
2018-03-22,29.745,30.538,30.538,28.218
2018-03-23,28.555,27.484,30.241,27.484
2018-03-26,25.967,26.969,27.425,24.996
2018-03-27,26.83,27.365,28.407,26.83
2018-03-28,26.622,26.721,27.564,26.225
2018-03-29,26.572,26.87,27.246,26.404
2018-03-30,27.088,27.96,28.555,26.78
2018-04-02,27.593,27.475,27.95,27.266
2018-04-03,26.771,26.82,26.899,26.285
2018-04-04,26.939,27.237,27.96,26.939
2018-04-09,27.068,28.05,28.05,26.771
2018-04-10,27.772,28.605,28.952,27.762
2018-04-11,28.535,28.407,28.803,27.98
2018-04-12,28.426,28.06,28.625,27.762
2018-04-13,28.288,28.178,28.555,27.812
2018-04-16,27.921,27.177,28.099,27.009
2018-04-17,27.177,24.936,27.603,24.609
2018-04-18,25.353,25.214,25.382,24.094
2018-04-19,24.936,24.797,25.194,24.778
2018-04-20,24.669,23.905,24.669,23.806
2018-04-23,23.994,23.935,24.242,22.011
2018-04-24,23.836,24.51,24.579,23.647
2018-04-25,24.183,23.756,24.292,23.657
2018-04-26,23.806,22.517,23.905,22.388
2018-04-27,22.517,22.319,22.715,22.061
2018-05-02,22.111,21.902,22.586,21.724
2018-05-03,22.011,22.805,22.924,21.982
2018-05-04,22.874,22.497,22.904,22.467
2018-05-07,22.577,23.201,23.271,22.577
2018-05-08,23.35,23.3,23.45,23.01
2018-05-09,23.3,23.73,23.98,23.11
2018-05-10,23.73,23.79,23.87,23.48
2018-05-11,23.7,23.23,23.86,22.92
2018-05-14,23.0,22.68,23.22,22.63
2018-05-15,22.69,23.18,23.26,22.68
2018-05-16,23.11,22.84,23.21,22.82
2018-05-17,22.77,22.87,22.96,22.71
2018-05-18,22.89,23.06,23.13,22.65
2018-05-21,23.37,23.7,23.78,23.0
2018-05-22,23.8,23.93,23.99,23.53
2018-05-23,23.9,23.46,23.9,23.39
2018-05-24,23.56,23.66,23.75,23.4
2018-05-25,23.7,23.93,24.0,23.52
