date,open,close,high,low
2016-08-26,11.834,14.203,14.203,11.834
2016-08-29,15.626,15.626,15.626,15.626
2016-08-30,17.189,17.189,17.189,17.189
2016-08-31,18.911,18.911,18.911,18.911
2016-09-01,20.802,20.802,20.802,20.802
2016-09-02,22.882,22.882,22.882,22.882
2016-09-05,25.171,25.171,25.171,25.171
2016-09-06,27.689,27.689,27.689,27.689
2016-09-07,30.456,30.456,30.456,30.456
2016-09-08,33.502,33.502,33.502,33.502
2016-09-09,36.856,36.856,36.856,36.856
2016-09-12,40.539,40.539,40.539,40.539
2016-09-13,44.59,44.59,44.59,44.59
2016-09-14,49.049,49.049,49.049,49.049
2016-09-19,53.956,53.956,53.956,53.956
2016-09-20,59.35,59.35,59.35,59.35
2016-09-21,58.733,55.658,59.4,55.538
2016-09-22,54.742,55.18,56.175,52.901
2016-09-23,54.622,52.881,55.538,52.761
2016-09-26,51.607,48.143,51.945,47.815
2016-09-27,47.655,49.118,49.327,47.655
2016-09-28,49.118,51.756,52.91,47.874
2016-09-29,52.154,51.308,53.617,51.208
2016-09-30,49.765,48.949,50.213,48.471
2016-10-10,49.755,51.587,51.945,49.069
2016-10-11,51.547,53.846,54.443,51.069
2016-10-12,52.95,53.199,53.607,51.985
2016-10-13,52.861,52.652,54.712,52.333
2016-10-14,51.875,54.433,54.433,51.358
2016-10-17,54.085,52.691,54.622,52.632
2016-10-18,52.393,53.975,54.145,52.273
2016-10-19,53.587,53.926,55.528,53.587
2016-10-20,53.747,52.92,53.946,52.463
2016-10-21,52.751,53.438,53.846,51.756
2016-10-24,53.249,53.717,54.712,52.861
2016-10-25,53.747,55.299,57.479,53.717
2016-10-26,55.289,58.166,59.708,54.821
2016-10-27,57.728,61.669,63.192,56.414
2016-10-28,60.724,59.868,62.704,58.723
2016-10-31,58.723,56.344,58.723,56.235
2016-11-01,56.344,57.33,58.395,56.344
2016-11-02,56.971,58.225,59.579,56.732
2016-11-03,57.638,56.752,59.37,56.623
2016-11-04,56.613,58.494,59.091,56.364
2016-11-07,58.872,58.862,60.694,58.325
2016-11-08,58.773,60.913,61.59,58.325
2016-11-09,60.614,62.854,63.899,59.38
2016-11-10,62.883,65.183,67.979,62.306
2016-11-11,64.993,62.615,66.188,62.306
2016-11-14,61.908,63.7,64.695,61.719
2016-11-15,63.65,62.127,63.67,61.789
2016-11-16,61.908,59.42,62.565,58.574
2016-11-17,59.33,58.584,59.718,57.837
2016-11-18,59.161,59.599,61.281,58.773
2016-11-21,59.599,61.57,61.729,58.723
2016-11-22,61.808,64.177,64.575,61.808
2016-11-23,63.7,62.386,64.197,61.709
2016-11-24,61.908,62.107,64.327,61.5
2016-11-25,61.51,61.958,62.306,58.325
2016-11-28,61.609,59.708,61.609,59.599
2016-11-29,60.107,59.669,61.211,59.519
2016-11-30,58.892,58.693,59.499,57.588
2016-12-01,58.723,59.828,60.515,58.723
2016-12-02,59.708,56.513,59.898,56.513
2016-12-05,54.742,55.369,57.131,54.145
2016-12-06,55.448,55.687,56.464,55.448
2016-12-07,55.648,56.384,56.384,54.792
2016-12-08,56.344,54.861,56.603,54.573
2016-12-09,54.971,54.294,54.971,53.229
2016-12-12,54.244,48.87,54.244,48.87
2016-12-13,48.282,49.198,49.716,47.675
2016-12-14,49.198,48.929,50.581,48.173
2016-12-15,48.932,49.631,50.499,48.582
2016-12-16,49.421,50.11,50.269,49.371
2016-12-19,49.92,50.19,50.499,49.421
2016-12-20,49.8,50.12,50.699,49.75
2016-12-21,50.329,52.316,52.865,50.18
2016-12-22,52.087,52.216,53.754,51.637
2016-12-23,50.998,49.411,51.867,49.301
2016-12-26,48.832,50.299,50.469,48.123
2016-12-27,50.419,50.09,50.819,49.98
2016-12-28,49.82,49.571,50.369,49.471
2016-12-29,49.471,49.391,50.16,49.321
2016-12-30,49.371,48.622,49.82,48.243
2017-01-03,48.642,49.66,49.87,48.642
2017-01-04,49.66,50.01,50.18,49.411
2017-01-05,50.0,49.031,50.22,48.922
2017-01-06,49.421,46.216,49.421,44.129
2017-01-09,45.857,46.525,46.825,44.259
2017-01-10,46.066,45.986,46.725,45.627
2017-01-11,45.627,44.229,45.867,44.149
2017-01-12,44.309,44.209,44.918,43.81
2017-01-13,44.139,43.48,44.319,43.301
2017-01-16,43.341,39.946,43.341,39.187
2017-01-17,39.946,41.304,41.524,38.608
2017-01-18,40.525,39.527,40.924,39.527
2017-01-19,39.137,39.966,40.475,39.057
2017-01-20,39.756,43.48,43.92,39.317
2017-01-23,43.53,42.981,44.279,42.632
2017-01-24,42.971,41.783,42.971,41.434
2017-01-25,41.633,42.023,43.331,41.134
2017-01-26,42.482,41.524,42.482,41.154
2017-02-03,41.803,40.655,41.803,40.335
2017-02-06,40.934,41.863,41.993,40.675
2017-02-07,42.003,41.294,42.063,40.934
2017-02-08,41.394,42.472,42.532,41.074
2017-02-09,42.422,43.261,43.381,42.113
2017-02-10,42.961,42.742,43.43,42.532
2017-02-13,42.712,43.53,44.02,42.242
2017-02-14,43.58,44.539,44.968,42.991
2017-02-15,44.329,46.555,48.123,44.329
2017-02-16,46.895,45.777,46.895,44.539
2017-02-17,45.447,46.426,47.125,45.078
2017-02-20,46.426,46.875,47.524,44.599
2017-02-21,46.605,47.294,47.873,45.926
2017-02-22,46.835,45.896,47.724,45.607
2017-02-23,45.896,45.627,46.326,44.469
2017-02-24,45.727,45.637,46.216,45.138
2017-02-27,45.407,44.888,45.807,44.808
2017-02-28,45.088,44.978,45.108,44.229
2017-03-01,45.088,45.357,45.757,45.078
2017-03-02,45.228,44.629,45.497,44.569
2017-03-03,44.668,44.399,44.778,43.73
2017-03-06,44.289,47.454,48.392,44.229
2017-03-07,47.424,46.895,48.203,46.675
2017-03-08,46.945,47.045,47.933,46.915
2017-03-09,47.204,46.246,47.204,45.926
2017-03-10,46.525,47.364,47.694,45.966
2017-03-13,47.244,47.754,48.123,46.326
2017-03-14,47.454,48.722,48.902,47.454
2017-03-15,48.273,48.113,48.782,47.923
2017-03-16,48.422,48.512,49.071,48.053
2017-03-17,48.223,48.532,49.72,47.973
2017-03-20,47.764,49.72,49.72,47.174
2017-03-21,50.719,49.73,50.869,49.221
2017-03-22,49.401,54.702,54.702,49.201
2017-03-23,53.564,54.293,56.06,52.017
2017-03-24,53.195,51.388,53.345,50.07
2017-03-27,50.908,51.028,51.298,49.581
2017-03-28,50.888,50.599,51.817,50.429
2017-03-29,50.329,45.637,50.399,45.607
2017-03-30,45.627,43.63,45.627,43.081
2017-03-31,43.231,44.169,44.509,43.231
2017-04-05,43.79,44.678,45.737,43.45
2017-04-06,44.409,44.579,45.128,44.01
2017-04-07,44.868,43.53,44.878,43.44
2017-04-10,43.101,39.686,43.53,39.537
2017-04-11,39.786,41.374,41.394,39.786
2017-04-12,41.234,40.395,41.573,40.136
2017-04-13,40.395,40.795,41.294,40.395
2017-04-14,40.795,40.036,41.494,39.447
2017-04-17,38.818,36.621,38.838,36.032
2017-04-18,36.541,34.125,36.991,34.125
2017-04-19,34.664,35.553,35.893,34.145
2017-04-20,35.743,35.533,36.132,34.355
2017-04-21,35.144,35.443,35.703,34.744
2017-04-24,34.984,35.014,35.224,34.175
2017-04-25,34.934,35.373,35.932,34.934
2017-04-26,35.094,35.643,36.232,35.024
2017-04-27,35.413,36.661,36.791,34.115
2017-04-28,36.042,36.761,37.24,35.972
2017-05-02,36.761,36.701,37.141,36.242
2017-05-03,36.591,36.621,37.011,35.952
2017-05-04,36.741,35.543,36.831,34.954
2017-05-05,35.753,35.114,36.222,35.064
2017-05-08,34.954,34.095,35.114,34.075
2017-05-09,34.095,34.674,35.124,33.566
2017-05-10,34.684,35.533,37.809,34.684
2017-05-11,35.743,36.442,36.442,34.335
2017-05-12,36.182,36.122,36.741,35.793
2017-05-15,36.122,36.152,36.422,35.643
2017-05-16,36.062,37.16,37.19,35.793
2017-05-17,36.941,36.961,37.67,36.931
2017-05-18,36.492,36.302,37.111,36.242
2017-05-19,36.591,36.292,36.841,36.042
2017-05-22,35.992,34.495,36.502,33.946
2017-05-23,34.185,31.12,34.645,31.05
2017-05-24,31.11,31.33,31.549,30.052
2017-05-25,31.25,30.97,31.45,29.463
2017-05-26,30.93,31.14,31.49,30.471
2017-05-31,32.059,30.601,32.528,30.212
2017-06-01,30.551,28.854,30.591,28.734
2017-06-02,28.854,29.613,29.932,27.965
2017-06-05,29.583,29.852,30.381,29.553
2017-06-06,29.852,30.252,30.252,29.473
2017-06-07,30.272,31.4,31.639,30.052
2017-06-08,31.35,31.13,32.069,30.871
2017-06-09,31.2,31.11,31.33,30.272
2017-06-12,30.122,29.902,30.94,29.762
2017-06-13,29.952,30.95,31.19,29.852
2017-06-14,31.45,31.15,31.629,30.831
2017-06-15,30.851,32.258,32.478,30.851
2017-06-16,32.248,31.819,32.398,31.699
2017-06-19,31.749,32.049,32.278,31.749
2017-06-20,32.248,31.999,32.438,31.989
2017-06-21,32.149,31.929,32.198,31.639
2017-06-22,31.869,30.98,32.198,30.102
2017-06-23,30.841,31.05,31.44,30.252
2017-06-26,31.05,31.41,31.5,30.761
2017-06-27,31.689,32.129,32.278,31.06
2017-06-28,31.729,31.47,31.949,31.06
2017-06-29,31.47,31.33,31.829,31.27
2017-06-30,31.44,32.238,32.328,31.03
2017-07-03,32.079,32.428,32.538,31.739
2017-07-04,32.288,32.368,32.528,31.989
2017-07-05,32.278,33.916,33.916,32.278
2017-07-06,33.476,33.426,33.826,32.907
2017-07-07,33.167,33.796,34.105,33.167
2017-07-10,33.446,32.208,33.646,32.198
2017-07-11,32.248,30.95,32.548,30.851
2017-07-12,30.95,31.1,31.44,29.842
2017-07-13,31.0,30.7,31.18,30.6
2017-07-14,30.69,30.76,30.98,30.44
2017-07-17,30.7,27.68,30.7,27.68
2017-07-18,27.27,28.1,28.35,27.27
2017-07-19,28.19,28.42,28.46,27.6
2017-07-20,28.4,28.4,29.29,28.35
2017-07-21,28.01,28.25,28.64,27.82
2017-07-24,28.25,29.07,29.29,27.39
2017-07-25,28.99,29.81,29.95,28.4
2017-07-26,29.5,30.87,30.87,29.5
2017-07-27,30.87,31.32,32.01,30.34
2017-07-28,31.28,30.9,31.5,30.54
2017-07-31,30.55,30.6,32.45,29.73
2017-08-01,30.01,30.12,31.25,29.91
2017-08-02,29.98,28.85,30.12,28.61
2017-08-03,28.84,28.87,29.5,28.5
2017-08-04,28.66,28.51,28.88,28.44
2017-08-07,28.51,28.59,29.04,28.29
2017-08-08,28.42,28.89,28.96,28.42
2017-08-09,28.9,28.7,28.95,28.5
2017-08-10,28.71,27.65,28.79,27.56
2017-08-11,27.56,27.59,27.81,27.49
2017-08-14,27.55,28.04,28.19,27.52
2017-08-15,28.3,28.42,28.66,27.86
2017-08-16,28.49,28.83,28.98,28.36
2017-08-17,28.66,29.5,29.5,28.33
2017-08-18,29.0,28.63,29.14,28.63
2017-08-21,28.58,28.99,29.09,28.45
2017-08-22,28.99,29.04,29.28,28.64
2017-08-23,29.04,29.03,29.1,28.57
2017-08-24,28.78,29.08,29.18,28.66
2017-08-25,28.75,29.22,29.37,28.63
2017-08-28,28.33,29.52,29.85,28.33
2017-08-29,29.24,29.04,29.56,29.01
2017-08-30,29.1,28.6,29.22,28.5
2017-08-31,28.85,29.84,30.28,28.73
2017-09-01,30.0,29.73,30.0,29.34
2017-09-04,29.79,29.73,30.15,29.61
2017-09-05,29.65,29.76,29.93,29.58
2017-09-06,29.65,29.59,29.75,29.09
2017-09-07,29.5,30.0,30.54,29.43
2017-09-08,29.9,31.09,31.17,29.85
2017-09-11,31.17,30.76,31.18,30.52
2017-09-12,30.77,30.29,30.9,30.0
2017-09-13,30.3,30.45,30.45,30.01
2017-09-14,30.42,29.88,30.45,29.71
2017-09-15,29.82,29.39,29.89,29.27
2017-09-18,29.38,29.71,29.85,29.2
2017-09-19,29.71,29.78,29.8,29.3
2017-09-20,29.78,30.2,30.58,29.7
2017-09-21,30.23,30.15,30.72,29.93
2017-09-22,30.17,29.63,30.35,29.0
2017-09-25,29.5,29.05,29.7,28.91
2017-09-26,28.78,28.3,29.08,28.0
2017-09-27,28.35,28.45,28.64,28.08
2017-09-28,28.45,28.29,28.6,28.29
2017-09-29,28.23,28.53,28.6,28.23
2017-10-09,28.97,28.8,29.24,28.59
2017-10-10,28.9,29.34,29.35,28.6
2017-10-11,29.34,29.18,29.5,29.1
2017-10-12,29.32,28.94,29.44,28.73
2017-10-13,28.77,29.79,29.85,28.77
2017-10-16,29.8,28.75,29.96,28.73
2017-10-17,28.78,29.01,29.26,28.4
2017-10-18,29.01,29.98,30.82,29.01
2017-10-19,29.74,29.52,29.8,29.05
2017-10-20,29.32,30.1,30.38,29.09
2017-10-23,30.1,30.38,30.6,29.85
2017-10-24,30.14,30.17,30.34,29.45
2017-10-25,29.97,30.42,30.55,29.61
2017-10-26,30.39,30.06,30.8,30.0
2017-10-27,29.95,29.57,30.13,29.51
2017-10-30,29.29,26.69,29.3,26.61
2017-10-31,26.48,26.81,26.97,26.45
2017-11-01,26.81,26.81,27.07,26.72
2017-11-02,26.81,25.96,26.87,25.72
2017-11-03,25.95,25.38,26.05,25.33
2017-11-06,25.63,25.71,25.77,25.31
2017-11-07,25.75,25.67,25.84,25.28
2017-11-08,25.67,26.1,26.3,25.66
2017-11-09,26.1,26.22,26.29,25.9
2017-11-10,26.15,26.43,26.57,26.09
2017-11-13,26.4,26.33,26.49,26.14
2017-11-14,26.3,26.01,26.48,25.81
2017-11-15,25.98,25.74,26.1,25.59
2017-11-16,25.74,25.03,25.87,25.02
2017-11-17,25.06,23.22,25.47,23.15
2017-11-20,23.22,23.22,23.35,22.51
2017-11-21,23.22,22.93,23.33,22.6
2017-11-22,22.9,23.02,23.47,22.81
2017-11-23,23.02,21.95,23.2,21.95
2017-11-24,21.98,22.27,22.57,21.85
2017-11-27,22.28,22.35,22.45,21.71
2017-11-28,22.4,22.4,22.8,22.03
2017-11-29,22.42,22.74,22.74,22.24
2017-11-30,22.67,22.18,22.85,22.18
2017-12-01,22.25,22.79,22.88,22.25
2017-12-04,22.8,22.24,22.8,22.01
2017-12-05,22.1,21.34,22.35,21.06
2017-12-06,21.35,20.9,21.54,20.65
2017-12-07,20.97,21.33,21.6,20.93
2017-12-08,21.38,21.91,21.93,21.38
2017-12-11,21.78,22.14,22.19,21.7
2017-12-12,22.05,21.7,22.22,21.7
2017-12-13,21.55,22.25,22.42,21.55
2017-12-14,22.15,22.38,22.5,22.15
2017-12-15,22.37,22.4,22.69,22.14
2017-12-18,22.5,22.51,22.89,22.4
2017-12-19,22.42,22.85,22.85,22.38
2017-12-20,22.78,22.69,22.85,22.58
2017-12-21,22.36,22.87,22.92,22.31
2017-12-22,22.5,22.92,23.15,22.5
2017-12-25,22.81,22.57,23.3,22.55
2017-12-26,22.63,23.76,23.95,22.63
2017-12-27,23.69,23.8,24.2,23.55
2017-12-28,23.57,23.97,24.0,23.57
2017-12-29,23.97,23.81,24.25,23.81
2018-01-02,23.33,23.94,24.1,23.33
2018-01-03,24.0,23.89,24.01,23.76
2018-01-04,23.89,23.7,23.89,23.67
2018-01-05,23.7,23.25,23.95,23.25
2018-01-08,23.2,23.37,23.59,23.18
2018-01-09,23.3,24.25,24.47,23.3
2018-01-10,24.27,24.7,24.94,24.25
2018-01-11,24.4,25.91,26.17,24.28
2018-01-12,25.77,26.3,26.41,25.51
2018-01-15,26.31,25.43,26.31,25.18
2018-01-16,25.64,25.33,25.7,25.03
2018-01-17,25.25,25.83,26.09,25.0
2018-01-18,25.71,25.43,25.97,25.15
2018-01-19,25.4,25.17,25.88,25.0
2018-01-22,25.28,24.55,25.53,24.55
2018-01-23,24.51,25.36,25.5,24.42
2018-01-24,25.28,26.1,26.34,25.26
2018-01-25,25.92,25.55,26.48,25.55
2018-01-26,25.76,23.6,26.7,23.51
2018-01-29,23.0,22.5,23.48,22.3
2018-01-30,22.5,22.5,22.65,22.21
2018-01-31,22.36,22.27,22.53,21.85
2018-02-01,22.27,22.05,22.44,21.88
2018-02-02,21.9,22.5,22.58,21.5
2018-02-05,22.2,22.58,23.12,22.11
2018-02-06,22.5,21.2,22.5,21.03
2018-02-07,21.42,21.02,21.7,20.73
2018-02-08,21.14,21.34,21.5,20.9
2018-02-09,20.9,20.72,21.44,19.4
2018-02-12,20.71,21.53,21.7,20.26
2018-02-13,21.53,21.38,21.78,21.01
2018-02-14,21.6,21.01,21.6,20.9
2018-02-22,21.02,21.3,21.38,21.02
2018-02-23,21.05,20.6,21.2,20.58
2018-02-26,20.63,21.45,21.58,20.63
2018-02-27,21.4,20.02,21.85,19.51
2018-02-28,19.93,20.08,20.49,19.8
2018-03-01,20.03,20.75,20.88,19.91
2018-03-02,20.59,20.83,20.96,20.59
2018-03-05,20.94,21.4,21.48,20.82
2018-03-06,21.4,21.8,21.81,21.1
2018-03-07,21.8,21.83,21.86,21.6
2018-03-08,21.62,21.91,21.95,21.62
2018-03-09,21.91,22.22,22.29,21.77
2018-03-12,22.25,22.41,22.7,22.16
2018-03-13,22.4,22.92,22.95,22.4
2018-03-14,22.8,22.17,22.92,22.06
2018-03-15,22.24,22.0,22.34,21.77
2018-03-16,22.05,21.9,22.39,21.8
2018-03-19,22.0,22.71,22.89,22.0
2018-03-20,22.71,23.17,23.55,22.55
2018-03-21,23.17,22.56,23.3,22.54
2018-03-22,22.6,22.49,22.65,21.9
2018-03-23,22.15,21.9,23.95,21.6
2018-03-26,21.3,22.1,22.1,20.91
2018-03-27,22.27,23.3,23.5,22.27
2018-03-28,22.19,22.55,23.48,22.19
2018-03-29,22.62,23.73,23.8,22.3
2018-03-30,23.57,23.52,23.88,23.28
2018-04-02,23.51,23.66,23.69,23.3
2018-04-03,23.44,23.41,23.55,22.95
2018-04-04,23.41,23.37,23.6,23.23
2018-04-09,23.15,23.19,23.42,22.88
2018-04-10,23.18,22.65,23.49,22.32
2018-04-11,22.64,24.11,24.87,22.55
2018-04-12,23.79,24.05,24.48,23.61
2018-04-13,24.0,24.1,24.42,23.78
2018-04-16,24.15,23.26,24.15,23.01
2018-04-17,23.47,22.23,23.54,22.23
2018-04-18,22.49,22.5,22.59,21.81
2018-04-19,22.43,22.59,23.29,22.25
2018-04-20,22.34,22.58,22.6,21.88
2018-04-23,22.3,22.35,22.58,21.91
2018-04-24,22.35,22.91,22.95,22.1
2018-04-25,22.52,23.11,23.28,22.52
2018-04-26,23.26,22.77,23.26,22.24
2018-04-27,22.66,21.98,22.66,21.52
2018-05-02,22.0,21.52,22.19,21.44
2018-05-03,21.43,22.0,22.07,21.43
2018-05-04,22.09,22.36,22.37,21.71
2018-05-07,22.3,22.86,22.94,22.3
2018-05-08,22.86,23.37,23.49,22.74
2018-05-09,23.4,24.73,25.71,23.17
2018-05-10,24.19,24.32,24.99,23.89
2018-05-11,24.35,24.65,24.88,24.25
2018-05-14,24.58,24.69,24.89,24.3
2018-05-15,24.75,24.83,24.96,24.33
2018-05-16,24.83,24.87,24.89,24.63
2018-05-17,24.8,25.29,25.56,24.73
2018-05-18,25.28,25.15,25.28,24.88
2018-05-21,25.15,25.17,25.47,25.02
2018-05-22,25.15,25.83,26.38,24.9
2018-05-23,25.83,24.92,26.04,24.91
2018-05-24,25.22,25.77,26.0,25.14
2018-05-25,25.66,25.36,25.86,25.1
