date,open,close,high,low
2017-12-27,13.86,16.63,16.63,13.86
2017-12-28,18.29,18.29,18.29,18.29
2017-12-29,20.12,20.12,20.12,20.12
2018-01-02,22.13,22.13,22.13,22.13
2018-01-03,24.34,24.34,24.34,24.34
2018-01-04,26.77,26.77,26.77,26.77
2018-01-05,29.45,29.45,29.45,29.45
2018-01-08,32.4,32.4,32.4,32.4
2018-01-09,35.64,35.64,35.64,35.64
2018-01-10,39.2,39.2,39.2,38.98
2018-01-11,40.02,40.88,42.9,40.02
2018-01-12,38.28,39.1,40.3,37.07
2018-01-15,39.35,40.73,42.5,38.28
2018-01-16,37.5,40.99,41.86,36.66
2018-01-17,40.67,40.4,44.7,39.15
2018-01-18,37.57,39.1,41.68,37.0
2018-01-19,37.5,36.98,39.48,36.1
2018-01-22,35.8,33.28,35.85,33.28
2018-01-23,33.4,33.73,33.97,32.52
2018-01-24,33.59,33.87,34.43,33.37
2018-01-25,33.6,34.33,35.48,33.12
2018-01-26,33.77,33.37,34.99,33.2
2018-01-29,33.1,34.99,35.27,33.1
2018-01-30,34.59,35.1,35.97,34.41
2018-01-31,34.0,31.81,34.14,31.6
2018-02-01,31.01,32.97,33.3,29.01
2018-02-02,32.04,31.85,33.39,31.08
2018-02-05,30.25,30.06,32.87,29.01
2018-02-06,28.49,27.05,29.0,27.05
2018-02-07,27.9,27.34,27.98,25.53
2018-02-08,27.0,27.17,27.86,26.66
2018-02-09,26.49,25.29,26.7,24.88
2018-02-12,25.95,27.82,27.82,25.66
2018-02-13,28.37,27.0,28.37,27.0
2018-02-14,26.15,26.15,27.22,26.0
2018-02-22,26.5,26.74,27.01,26.3
2018-02-23,26.73,27.18,27.2,26.55
2018-02-26,27.8,28.18,28.66,27.66
2018-02-27,28.5,28.57,28.99,27.85
2018-02-28,28.0,29.96,31.43,27.27
2018-03-01,29.46,30.63,31.25,29.07
2018-03-02,29.33,29.41,30.26,29.33
2018-03-05,29.4,29.82,30.0,29.12
2018-03-06,29.72,30.33,30.9,29.51
2018-03-07,29.97,29.85,30.7,29.6
2018-03-08,29.7,30.91,31.4,29.65
2018-03-09,31.0,31.8,32.8,30.95
2018-03-12,32.35,31.84,32.48,31.47
2018-03-13,31.51,31.63,32.6,31.38
2018-03-14,31.1,32.53,32.78,30.31
2018-03-15,31.08,30.0,31.68,29.28
2018-03-16,30.06,33.0,33.0,29.76
2018-03-19,35.57,36.3,36.3,34.5
2018-03-20,37.85,39.93,39.93,37.12
2018-03-21,43.92,40.16,43.92,39.71
2018-03-22,39.22,38.08,40.75,37.82
2018-03-23,35.4,34.27,37.25,34.27
2018-03-26,34.0,35.98,36.2,33.61
2018-03-27,35.77,37.45,37.77,35.17
2018-03-28,36.0,35.1,36.46,35.01
2018-03-29,35.24,35.98,36.31,34.44
2018-03-30,36.1,35.57,36.49,35.46
2018-04-02,35.0,36.47,37.44,34.92
2018-04-03,35.01,35.53,35.92,34.43
2018-04-04,35.35,38.0,38.8,35.35
2018-04-09,37.01,38.95,39.52,34.5
2018-04-10,37.49,37.52,38.48,36.11
2018-04-11,37.68,38.78,40.88,36.75
2018-04-12,37.8,39.77,42.6,37.8
2018-04-13,39.0,37.09,39.41,36.83
2018-04-16,36.11,34.77,36.33,34.32
2018-04-17,35.05,33.65,35.4,33.45
2018-04-18,33.96,33.45,34.0,31.31
2018-04-19,33.47,32.64,33.9,32.6
2018-04-20,32.0,30.4,32.9,30.21
2018-04-23,30.57,31.31,31.58,30.08
2018-04-24,31.06,32.49,32.65,31.06
2018-04-25,32.12,32.08,32.47,31.66
2018-04-26,31.59,30.8,32.34,30.8
2018-04-27,30.98,31.05,31.49,30.7
2018-05-02,31.15,29.52,31.26,29.2
2018-05-03,29.5,30.85,30.89,29.5
2018-05-04,31.03,31.0,32.11,30.71
2018-05-07,31.68,32.13,32.25,31.28
2018-05-08,32.31,31.96,32.35,31.61
2018-05-09,31.98,33.26,33.78,31.73
2018-05-10,33.0,33.78,33.79,32.75
2018-05-11,33.83,32.5,33.97,32.5
2018-05-14,32.58,31.75,32.95,31.25
2018-05-15,32.06,33.49,33.96,32.0
2018-05-16,33.04,33.09,33.76,32.82
2018-05-17,33.29,33.93,34.0,33.06
2018-05-18,33.94,34.32,34.46,33.3
2018-05-21,34.6,35.05,36.28,34.33
2018-05-22,34.55,35.59,35.69,34.3
2018-05-23,35.88,35.55,37.5,35.2
2018-05-24,35.13,34.9,35.94,34.82
2018-05-25,34.87,38.39,38.39,34.87
