date,open,close,high,low
2016-01-04,15.139,13.498,15.624,13.498
2016-01-05,12.558,13.646,14.101,12.262
2016-01-06,13.527,13.626,13.824,12.865
2016-01-07,13.171,12.262,13.171,12.262
2016-01-08,12.341,11.807,12.539,11.154
2016-01-11,11.372,10.63,11.55,10.63
2016-01-12,10.294,10.284,10.858,9.829
2016-01-13,10.521,9.908,10.759,9.908
2016-01-14,9.651,10.62,10.62,9.394
2016-01-15,10.531,10.492,10.927,10.383
2016-01-18,10.61,10.917,11.075,10.333
2016-01-19,10.927,11.619,11.649,10.877
2016-01-20,11.777,11.639,12.113,11.461
2016-01-21,11.194,11.401,11.787,11.194
2016-01-22,11.569,11.589,11.718,11.055
2016-01-25,11.718,11.609,11.925,11.401
2016-01-26,11.747,10.452,11.747,10.452
2016-01-27,10.422,10.185,10.452,9.483
2016-01-28,9.908,9.295,10.146,9.196
2016-01-29,9.275,9.958,10.017,9.256
2016-02-01,9.987,9.987,10.136,9.799
2016-02-02,9.997,10.571,10.63,9.997
2016-02-03,10.314,10.383,10.521,10.165
2016-02-04,10.482,10.62,10.719,10.333
2016-02-05,10.62,10.403,10.729,10.314
2016-02-15,9.938,10.452,10.472,9.938
2016-02-16,10.561,10.907,10.947,10.551
2016-02-17,10.828,10.976,11.154,10.67
2016-02-18,11.075,10.699,11.125,10.591
2016-02-19,10.66,10.68,10.848,10.511
2016-02-22,10.867,11.026,11.125,10.689
2016-02-23,10.956,11.065,11.194,10.709
2016-02-24,10.927,10.986,11.105,10.709
2016-02-25,10.848,9.888,10.947,9.888
2016-02-26,9.968,9.503,10.027,9.246
2016-02-29,9.493,8.801,9.493,8.662
2016-03-01,8.919,9.058,9.147,8.524
2016-03-02,8.929,9.602,9.612,8.909
2016-03-03,9.582,9.493,9.78,9.473
2016-03-04,9.473,8.84,9.513,8.771
2016-03-07,8.929,9.078,9.265,8.929
2016-03-08,9.048,9.186,9.236,8.455
2016-03-09,9.097,9.048,9.216,8.919
2016-03-10,9.058,8.801,9.167,8.801
2016-03-11,8.603,8.959,8.998,8.573
2016-03-14,9.147,9.354,9.493,9.107
2016-03-15,9.394,9.275,9.443,9.226
2016-03-16,9.503,9.117,9.602,9.107
2016-03-17,9.246,9.582,9.612,9.176
2016-03-18,9.582,10.027,10.136,9.582
2016-03-21,10.136,10.244,10.244,10.057
2016-03-22,10.215,10.62,10.927,10.057
2016-03-23,10.482,10.482,10.67,10.373
2016-03-24,10.531,10.175,10.68,10.096
2016-03-25,10.086,10.195,10.244,9.997
2016-03-28,10.264,10.096,10.551,10.007
2016-03-29,10.076,9.849,10.185,9.671
2016-03-30,10.076,10.284,10.324,9.918
2016-03-31,10.343,10.353,10.452,10.244
2016-04-01,10.314,10.264,10.314,10.036
2016-04-05,10.334,10.602,10.632,10.214
2016-04-06,10.532,10.721,10.811,10.463
2016-04-07,10.781,10.423,10.801,10.344
2016-04-08,10.274,10.314,10.403,10.105
2016-04-11,10.403,10.761,11.307,10.393
2016-04-12,10.83,10.671,11.019,10.473
2016-04-13,10.652,11.079,11.258,10.652
2016-04-14,11.079,11.178,11.347,11.049
2016-04-15,11.178,11.198,11.268,11.029
2016-04-18,11.188,10.85,11.188,10.761
2016-04-19,10.9,10.91,11.109,10.761
2016-04-20,10.93,10.204,11.009,9.936
2016-04-21,10.224,10.026,10.393,9.956
2016-04-22,9.996,10.105,10.234,9.847
2016-04-25,10.026,10.006,10.045,9.787
2016-04-26,10.006,10.254,10.324,9.926
2016-04-27,10.244,10.145,10.344,10.145
2016-04-28,10.185,10.304,10.314,9.946
2016-04-29,10.234,10.324,10.503,10.214
2016-05-03,10.353,10.91,10.93,10.234
2016-05-04,10.83,10.84,11.099,10.811
2016-05-05,10.811,10.91,10.969,10.761
2016-05-06,10.96,10.423,11.019,10.383
2016-05-09,10.284,9.916,10.284,9.847
2016-05-10,9.916,9.896,10.095,9.837
2016-05-11,9.936,9.847,10.016,9.817
2016-05-12,9.638,10.055,10.075,9.469
2016-05-13,10.065,9.896,10.135,9.837
2016-05-16,9.896,10.155,10.185,9.847
2016-05-17,10.165,10.244,10.373,10.036
2016-05-18,10.93,11.268,11.268,10.88
2016-05-19,11.258,11.645,12.142,11.128
2016-05-20,11.317,11.735,11.874,11.228
2016-05-23,11.645,11.894,12.072,11.536
2016-05-24,11.824,11.526,11.824,11.327
2016-05-25,11.586,11.754,11.903,11.307
2016-05-26,11.526,11.745,11.754,11.158
2016-05-27,11.615,12.102,12.42,11.476
2016-05-30,11.754,12.132,12.599,11.586
2016-05-31,12.043,12.758,12.778,11.973
2016-06-01,12.669,12.748,13.046,12.42
2016-06-02,12.619,12.609,12.698,12.42
2016-06-03,12.559,12.37,12.609,12.261
2016-06-06,12.4,12.52,12.649,12.271
2016-06-07,12.47,12.42,12.559,12.321
2016-06-08,12.341,12.281,12.609,12.221
2016-06-13,11.933,11.109,12.39,11.109
2016-06-14,11.178,11.228,11.357,10.96
2016-06-15,11.059,11.754,12.023,10.989
2016-06-16,11.754,11.794,12.062,11.625
2016-06-17,11.903,11.595,12.013,11.496
2016-06-20,11.546,12.44,12.44,11.516
2016-06-21,12.718,12.033,12.867,11.933
2016-06-22,12.112,12.51,12.549,12.082
2016-06-23,12.38,12.202,12.51,11.983
2016-06-24,12.182,12.003,12.37,11.427
2016-06-27,11.913,12.549,12.549,11.824
2016-06-28,12.37,13.175,13.483,12.37
2016-06-29,13.215,12.957,13.265,12.867
2016-06-30,13.066,13.126,13.692,13.016
2016-07-01,13.076,13.006,13.344,12.996
2016-07-04,13.006,13.414,13.493,12.996
2016-07-05,13.473,13.036,13.682,12.927
2016-07-06,13.036,13.155,13.245,12.907
2016-07-07,13.096,12.758,13.215,12.589
2016-07-08,12.758,12.828,12.907,12.669
2016-07-11,12.917,12.649,13.066,12.42
2016-07-12,12.669,12.867,12.867,12.311
2016-07-13,12.857,13.066,13.106,12.718
2016-07-14,12.977,12.808,13.086,12.778
2016-07-15,12.728,13.215,13.493,12.698
2016-07-18,13.215,13.165,13.404,13.016
2016-07-19,13.165,13.215,13.652,13.066
2016-07-20,13.314,13.622,13.752,13.245
2016-07-21,13.523,13.871,13.97,13.354
2016-07-22,13.752,13.434,13.99,13.414
2016-07-25,13.314,14.139,14.238,13.314
2016-07-26,14.139,14.04,14.199,13.861
2016-07-27,14.099,13.086,14.238,12.669
2016-07-28,13.066,13.324,13.444,12.877
2016-07-29,13.215,13.076,13.304,12.828
2016-08-01,12.847,13.016,13.106,12.44
2016-08-02,13.026,13.046,13.096,12.917
2016-08-03,13.116,13.175,13.324,13.006
2016-08-04,13.116,13.016,13.265,12.957
2016-08-05,13.006,12.778,13.066,12.758
2016-08-08,12.629,12.947,12.987,12.629
2016-08-09,13.026,13.066,13.126,12.957
2016-08-10,13.066,12.808,13.146,12.738
2016-08-11,12.728,12.619,12.867,12.609
2016-08-12,12.619,12.778,12.808,12.529
2016-08-15,12.778,13.106,13.195,12.688
2016-08-16,13.136,13.066,13.136,12.967
2016-08-17,13.096,12.927,13.096,12.847
2016-08-18,12.917,12.857,12.977,12.748
2016-08-19,12.857,12.708,12.887,12.679
2016-08-22,12.708,12.361,12.798,12.341
2016-08-23,12.331,12.38,12.549,12.241
2016-08-24,12.341,12.43,12.52,12.341
2016-08-25,12.4,12.182,12.4,12.013
2016-08-26,12.192,12.351,12.44,12.132
2016-08-29,12.341,12.5,12.688,12.341
2016-08-30,12.579,12.5,12.609,12.44
2016-08-31,12.52,12.52,12.639,12.41
2016-09-01,12.52,12.52,12.649,12.47
2016-09-02,12.599,12.619,12.698,12.52
2016-09-05,12.698,12.619,12.768,12.529
2016-09-06,12.52,12.758,12.778,12.311
2016-09-07,12.698,12.589,12.768,12.539
2016-09-08,12.688,12.708,12.728,12.549
2016-09-09,12.708,12.728,12.957,12.629
2016-09-12,12.569,12.271,12.758,12.241
2016-09-13,12.331,12.41,12.47,12.023
2016-09-14,12.321,12.112,12.37,12.023
2016-09-19,12.261,12.291,12.341,12.102
2016-09-20,12.281,12.212,12.311,12.142
2016-09-21,12.271,12.152,12.311,12.122
2016-09-22,12.202,12.212,12.261,12.182
2016-09-23,12.212,11.963,12.251,11.943
2016-09-26,12.043,11.576,12.043,11.576
2016-09-27,11.526,11.665,11.685,11.516
2016-09-28,11.615,11.665,11.754,11.605
2016-09-29,11.715,11.705,11.913,11.625
2016-09-30,11.675,11.834,11.854,11.675
2016-10-10,11.913,12.013,12.053,11.824
2016-10-11,12.112,12.182,12.221,12.023
2016-10-12,12.112,12.122,12.202,12.053
2016-10-13,12.172,12.42,12.48,12.102
2016-10-14,12.42,12.41,12.559,12.202
2016-10-17,12.321,12.321,12.45,12.172
2016-10-18,12.221,12.38,12.45,12.202
2016-10-19,12.4,12.251,12.549,12.182
2016-10-20,12.281,12.241,12.361,12.152
2016-10-21,12.251,12.202,12.281,12.102
2016-10-24,12.221,12.361,12.42,12.102
2016-10-25,12.48,13.593,13.593,12.37
2016-10-26,13.593,13.503,13.901,13.215
2016-10-27,13.394,13.583,13.692,13.344
2016-10-28,13.533,13.762,13.98,13.533
2016-10-31,13.771,14.318,14.407,13.434
2016-11-01,14.189,14.129,14.397,14.02
2016-11-02,14.109,14.338,14.556,13.97
2016-11-03,14.219,14.139,14.388,14.06
2016-11-04,14.07,15.123,15.272,14.07
2016-11-07,14.934,15.103,15.202,14.864
2016-11-08,15.004,14.845,15.153,14.785
2016-11-09,14.845,14.457,14.984,14.01
2016-11-10,14.656,14.705,15.004,14.517
2016-11-11,14.537,14.427,14.705,14.328
2016-11-14,14.636,14.338,14.904,14.109
2016-11-15,14.368,14.328,14.616,14.278
2016-11-16,14.328,14.656,14.934,14.268
2016-11-17,14.527,14.566,14.785,14.457
2016-11-18,14.606,14.765,14.894,14.517
2016-11-21,14.755,14.954,14.974,14.507
2016-11-22,14.994,14.705,15.421,14.616
2016-11-23,14.705,14.368,14.795,14.099
2016-11-24,14.368,14.696,14.884,14.368
2016-12-08,14.904,14.606,16.097,14.527
2016-12-09,14.586,14.229,14.785,14.02
2016-12-12,14.229,13.811,14.258,13.473
2016-12-13,14.07,14.308,14.457,13.493
2016-12-14,14.368,14.298,14.427,14.02
2016-12-15,14.407,14.099,14.407,14.06
2016-12-16,13.682,13.93,14.109,13.682
2016-12-19,14.02,13.612,14.258,13.603
2016-12-20,13.752,14.507,14.805,13.652
2016-12-21,14.745,14.696,14.845,14.308
2016-12-22,14.606,14.815,14.954,14.407
2016-12-23,14.676,14.358,14.755,14.248
2016-12-26,14.01,14.318,14.407,13.821
2016-12-27,14.457,14.556,14.725,14.258
2016-12-28,14.686,14.348,14.874,14.109
2016-12-29,14.338,14.07,14.348,13.96
2016-12-30,14.07,14.0,14.149,13.821
2017-01-03,14.0,14.06,14.109,13.891
2017-01-04,14.169,14.109,14.238,13.821
2017-01-05,14.119,13.96,14.119,13.901
2017-01-06,13.98,13.314,13.99,13.314
2017-01-09,13.334,13.046,13.334,12.778
2017-01-10,13.066,13.195,13.255,13.016
2017-01-11,13.076,13.016,13.215,12.947
2017-01-12,12.887,12.808,13.136,12.51
2017-01-13,12.778,12.589,12.818,12.48
2017-01-16,12.539,12.42,12.867,11.774
2017-01-17,12.361,12.202,12.47,11.645
2017-01-18,12.221,12.44,12.49,12.102
2017-01-19,12.44,12.42,12.45,12.271
2017-01-20,12.4,12.708,12.937,12.331
2017-01-23,12.708,12.778,13.175,12.679
2017-01-24,12.619,12.728,12.808,12.619
2017-01-25,12.639,12.867,13.046,12.639
2017-01-26,12.867,12.877,13.016,12.847
2017-02-03,12.867,12.659,12.907,12.589
2017-02-06,12.599,12.907,13.066,12.45
2017-02-07,12.907,13.046,13.116,12.867
2017-02-08,13.046,13.066,13.146,12.937
2017-02-09,12.977,13.016,13.215,12.977
2017-02-10,13.006,13.175,13.334,12.996
2017-02-13,13.185,13.225,13.285,13.016
2017-02-14,13.235,13.225,13.265,13.056
2017-02-15,13.175,12.967,13.185,12.967
2017-02-16,12.957,12.977,13.106,12.818
2017-02-17,13.066,12.887,13.066,12.619
2017-02-20,12.837,12.808,12.897,12.569
2017-02-21,12.847,12.589,12.847,12.47
2017-02-22,12.569,12.609,12.659,12.48
2017-02-23,12.589,12.629,12.698,12.539
2017-02-24,12.629,12.639,12.669,12.52
2017-02-27,12.589,12.808,12.996,12.589
2017-02-28,12.808,12.937,12.996,12.808
2017-03-01,12.917,13.265,13.473,12.837
2017-03-02,13.225,13.762,13.881,13.106
2017-03-03,13.811,13.831,14.079,13.563
2017-03-06,13.801,13.742,13.911,13.642
2017-03-07,13.712,13.732,13.96,13.682
2017-03-08,13.762,13.662,13.871,13.642
2017-03-09,13.622,13.463,13.662,13.314
2017-03-10,13.414,13.434,13.563,13.235
2017-03-13,13.404,13.831,13.891,13.295
2017-03-14,13.891,13.662,13.95,13.622
2017-03-15,13.543,13.463,13.662,13.414
2017-03-16,13.533,13.513,13.612,13.414
2017-03-17,13.513,13.424,13.712,13.424
2017-03-20,13.424,13.434,13.483,13.265
2017-03-21,13.483,13.563,13.563,13.364
2017-03-22,13.473,13.324,13.483,13.275
2017-03-23,13.324,13.304,13.414,13.245
2017-03-24,13.275,13.304,13.364,12.977
2017-03-27,13.304,13.404,13.493,13.096
2017-03-28,13.503,13.791,14.05,13.265
2017-03-29,13.612,13.304,13.672,13.265
2017-03-30,13.304,13.265,13.394,13.016
2017-03-31,13.265,13.334,13.404,13.225
2017-04-05,13.334,13.563,13.563,12.917
2017-04-06,13.563,13.642,13.811,13.314
2017-04-07,13.652,13.632,13.851,13.603
2017-04-10,13.672,13.374,13.672,13.314
2017-04-11,13.215,13.384,13.444,13.205
2017-04-12,13.503,13.275,13.553,13.245
2017-04-13,13.275,13.225,13.364,13.215
2017-04-14,13.215,13.195,13.304,13.165
2017-04-17,13.096,13.007,13.255,12.957
2017-04-18,12.987,12.917,13.116,12.857
2017-04-19,12.957,13.196,13.415,12.698
2017-04-20,13.007,12.927,13.036,12.797
2017-04-21,12.927,12.817,13.116,12.807
2017-04-24,12.817,13.325,13.395,12.817
2017-04-25,13.395,13.724,13.833,13.255
2017-04-26,13.654,13.714,13.783,13.494
2017-04-27,13.694,13.544,13.694,13.355
2017-04-28,13.494,13.206,13.604,12.967
2017-05-02,13.106,13.016,13.106,12.907
2017-05-03,12.917,13.086,13.136,12.907
2017-05-04,13.076,13.126,13.146,12.947
2017-05-05,13.016,13.803,13.803,13.016
2017-05-08,13.843,13.355,13.992,13.355
2017-05-09,12.927,13.226,13.246,12.807
2017-05-10,13.086,12.718,13.216,12.718
2017-05-11,12.628,12.389,12.628,12.021
2017-05-12,12.449,12.19,12.628,12.14
2017-05-15,12.15,12.688,12.698,12.15
2017-05-16,12.449,12.688,12.728,12.309
2017-05-17,12.558,12.837,12.847,12.528
2017-05-18,12.638,12.738,12.837,12.638
2017-05-19,12.698,12.957,13.036,12.698
2017-05-22,12.947,13.007,13.146,12.807
2017-05-23,13.007,12.748,13.036,12.748
2017-05-24,12.758,12.558,12.758,12.26
2017-05-25,12.728,12.558,12.728,12.299
2017-05-26,12.688,12.499,12.688,12.479
2017-05-31,12.548,12.299,12.718,12.299
2017-06-01,12.279,11.811,12.309,11.811
2017-06-02,11.811,11.642,11.841,11.383
2017-06-05,11.642,11.712,11.821,11.572
2017-06-06,11.722,11.732,11.752,11.572
2017-06-07,11.712,11.961,12.07,11.632
2017-06-08,11.961,11.971,12.04,11.881
2017-06-09,12.07,11.831,12.07,11.682
2017-06-12,11.662,11.383,11.752,11.353
2017-06-13,11.383,11.453,11.483,11.264
2017-06-14,11.503,11.453,11.652,11.373
2017-06-15,11.453,11.752,11.801,11.453
2017-06-16,11.752,11.752,11.752,11.592
2017-06-19,11.752,11.662,11.792,11.552
2017-06-20,11.742,11.622,11.752,11.602
2017-06-21,11.622,11.473,11.702,11.433
2017-06-22,11.493,11.254,11.493,11.244
2017-06-23,11.483,11.114,11.493,10.825
2017-06-26,11.104,10.855,11.114,10.726
2017-06-27,10.806,10.835,10.885,10.756
2017-06-28,10.835,10.845,10.845,10.616
2017-06-29,10.865,10.835,10.905,10.776
2017-06-30,10.855,10.766,10.885,10.656
2017-07-03,10.796,10.875,10.895,10.706
2017-07-04,10.885,10.806,10.885,10.786
2017-07-05,10.835,10.925,10.925,10.766
2017-07-06,10.975,10.885,10.975,10.835
2017-07-07,10.875,10.885,10.935,10.806
2017-07-10,10.925,10.935,11.124,10.905
2017-07-11,10.935,10.696,11.104,10.686
2017-07-12,10.706,10.945,11.055,10.318
2017-07-13,10.855,11.035,11.084,10.806
2017-07-14,10.955,10.985,11.045,10.915
2017-07-17,10.975,10.437,10.975,10.337
2017-07-18,10.407,10.567,10.656,10.308
2017-07-19,10.377,10.776,10.875,10.377
2017-07-20,10.557,10.676,10.925,10.557
2017-07-21,10.756,10.577,10.756,10.387
2017-07-24,10.497,10.457,10.577,10.387
2017-07-25,10.457,10.517,10.517,10.387
2017-07-26,10.577,10.606,10.646,10.477
2017-07-27,10.596,10.825,10.905,10.437
2017-07-28,10.825,10.646,10.825,10.557
2017-07-31,10.517,10.477,10.746,10.467
2017-08-01,10.467,10.517,10.547,10.417
2017-08-02,10.517,10.537,10.596,10.447
2017-08-03,10.537,10.726,10.796,10.497
2017-08-04,10.736,10.796,10.875,10.586
2017-08-07,10.756,10.796,11.005,10.676
2017-08-08,10.895,10.776,10.905,10.567
2017-08-09,10.696,10.586,10.696,10.497
2017-08-10,10.567,10.417,10.676,10.357
2017-08-11,10.357,9.949,10.367,9.461
2017-08-14,9.959,10.108,10.168,9.859
2017-08-15,10.118,9.979,10.168,9.899
2017-08-16,9.939,10.019,10.029,9.859
2017-08-17,9.979,10.079,10.098,9.969
2017-08-18,10.089,9.979,10.089,9.939
2017-08-21,9.989,10.148,10.208,9.959
2017-08-22,10.148,10.118,10.178,10.039
2017-08-23,10.118,10.098,10.138,10.049
2017-08-24,10.059,10.626,10.626,10.029
2017-08-25,10.557,10.656,10.825,10.447
2017-08-28,10.746,11.343,11.393,10.596
2017-08-29,11.333,10.835,11.443,10.756
2017-08-30,10.895,10.596,10.895,10.557
2017-08-31,10.626,10.586,10.686,10.417
2017-09-01,10.606,10.616,10.706,10.457
2017-09-04,10.586,10.577,10.716,10.537
2017-09-05,10.517,10.596,10.686,10.517
2017-09-06,10.596,10.557,10.626,10.427
2017-09-07,10.517,10.537,10.606,10.437
2017-09-08,10.477,10.487,10.537,10.407
2017-09-11,10.437,10.487,10.537,10.397
2017-09-12,10.467,10.218,10.517,10.218
2017-09-13,10.238,10.218,10.278,10.098
2017-09-14,10.178,10.148,10.188,10.079
2017-09-15,10.188,10.118,10.188,10.089
2017-09-18,10.108,10.228,10.228,10.029
2017-09-19,10.218,10.089,10.218,10.079
2017-09-20,10.089,10.198,10.208,10.059
2017-09-21,10.168,10.049,10.168,9.999
2017-09-22,10.049,10.228,10.228,9.84
2017-09-25,10.148,10.039,10.328,9.979
2017-09-26,9.989,9.929,10.079,9.869
2017-09-27,9.909,10.039,10.108,9.899
2017-09-28,9.969,9.879,10.029,9.879
2017-09-29,9.989,9.919,9.989,9.82
2017-10-09,10.049,10.039,10.059,9.969
2017-10-10,10.059,10.178,10.268,9.989
2017-10-11,10.258,10.128,10.258,10.118
2017-10-12,10.089,10.098,10.168,10.049
2017-10-13,10.188,10.098,10.188,10.049
2017-10-16,10.148,9.82,10.148,9.78
2017-10-17,9.859,9.63,9.859,9.521
2017-10-18,9.66,9.571,9.72,9.561
2017-10-19,9.511,9.461,9.581,9.461
2017-10-20,9.461,9.76,10.079,9.312
2017-10-23,9.76,9.67,9.76,9.64
2017-10-24,9.66,9.63,9.7,9.461
2017-10-25,9.581,9.65,9.67,9.561
2017-10-26,9.63,9.7,9.72,9.591
2017-10-27,9.72,9.71,9.73,9.591
2017-10-30,9.64,9.322,9.65,9.322
2017-10-31,9.332,9.182,9.362,8.963
2017-11-01,9.192,9.192,9.212,9.122
2017-11-02,9.182,8.874,9.182,8.874
2017-11-03,8.903,8.485,8.963,8.286
2017-11-06,8.435,8.864,8.874,8.435
2017-11-07,8.923,8.913,8.973,8.744
2017-11-08,8.814,9.122,9.172,8.814
2017-11-09,9.122,9.083,9.152,8.933
2017-11-10,9.073,9.013,9.073,8.903
2017-11-13,8.923,8.804,8.933,8.774
2017-11-14,8.774,8.425,8.804,8.376
2017-11-15,8.445,8.485,8.595,8.386
2017-11-16,8.415,8.475,8.575,8.395
2017-11-17,8.505,8.555,8.664,8.246
2017-11-20,8.535,8.644,8.704,8.047
2017-11-21,8.714,9.063,9.073,8.505
2017-11-22,8.844,8.913,9.033,8.794
2017-11-23,8.844,8.734,8.933,8.485
2017-11-24,8.644,8.465,8.724,8.435
2017-11-27,8.455,8.236,8.465,8.216
2017-11-28,8.186,8.266,8.346,8.186
2017-11-29,8.286,8.186,8.296,8.156
2017-11-30,8.226,8.246,8.316,8.166
2017-12-01,8.236,8.455,8.455,8.226
2017-12-04,8.495,8.465,8.595,8.395
2017-12-05,8.346,8.485,8.555,8.346
2017-12-06,8.495,8.704,8.724,8.435
2017-12-07,8.615,8.654,8.764,8.615
2017-12-08,8.644,8.415,8.644,8.366
2017-12-11,8.435,8.306,8.435,8.266
2017-12-12,8.296,8.246,8.336,8.246
2017-12-13,8.226,8.346,8.366,8.196
2017-12-14,8.346,8.326,8.356,8.256
2017-12-15,8.336,8.316,8.346,8.236
2017-12-18,8.306,8.306,8.316,8.216
2017-12-19,8.306,8.376,8.386,8.286
2017-12-20,8.226,8.236,8.346,8.226
2017-12-21,8.236,8.286,8.316,8.176
2017-12-22,8.266,8.107,8.296,8.107
2017-12-25,8.127,7.828,8.166,7.768
2017-12-26,7.778,7.927,8.017,7.778
2017-12-27,7.957,8.137,8.445,7.788
2017-12-28,7.997,7.997,8.097,7.907
2017-12-29,7.967,8.007,8.077,7.957
2018-01-02,8.067,7.997,8.067,7.947
2018-01-03,7.947,8.047,8.057,7.937
2018-01-04,8.067,8.047,8.077,7.987
2018-01-05,8.027,8.057,8.127,7.987
2018-01-08,8.017,8.037,8.166,7.987
2018-01-09,7.997,8.067,8.117,7.997
2018-01-10,8.077,7.878,8.077,7.838
2018-01-11,7.828,7.927,7.957,7.818
2018-01-12,7.888,7.868,7.977,7.868
2018-01-15,7.848,7.579,7.917,7.569
2018-01-16,7.579,7.519,7.708,7.469
2018-01-17,7.469,7.449,7.509,7.23
2018-01-18,7.33,7.38,7.459,7.32
2018-01-19,7.41,7.39,7.459,7.35
2018-01-22,7.37,7.489,7.579,7.3
2018-01-23,7.469,7.649,7.718,7.439
2018-01-24,7.619,7.957,8.067,7.549
2018-01-25,7.937,8.007,8.067,7.788
2018-01-26,7.977,8.166,8.166,7.808
2018-01-29,8.206,7.868,8.266,7.818
2018-01-30,7.828,7.668,7.927,7.589
2018-01-31,7.678,7.42,7.678,7.38
2018-02-01,7.429,7.021,7.469,6.961
2018-02-02,6.971,6.872,6.971,6.762
2018-02-05,6.772,6.473,6.772,6.453
2018-02-06,6.324,6.075,6.374,6.065
2018-02-07,6.224,5.975,6.224,5.826
2018-02-08,5.936,6.115,6.165,5.936
2018-02-09,5.975,5.896,6.085,5.756
2018-02-12,6.175,6.483,6.483,6.085
2018-02-13,6.971,6.394,7.041,6.394
2018-02-14,6.304,6.224,6.434,6.175
2018-02-22,6.234,6.195,6.344,6.175
2018-02-23,6.224,6.234,6.284,6.185
2018-02-26,6.244,6.563,6.563,6.244
2018-02-27,6.503,6.593,6.722,6.473
2018-02-28,6.583,6.593,6.663,6.444
2018-03-01,6.523,6.842,6.922,6.444
2018-03-02,6.752,6.732,6.832,6.603
2018-03-05,6.653,6.732,6.762,6.603
2018-03-06,6.722,6.772,6.812,6.683
2018-03-07,6.772,6.712,6.832,6.712
2018-03-08,6.712,6.842,6.872,6.673
2018-03-09,6.802,6.991,7.021,6.802
2018-03-12,7.021,7.171,7.25,7.021
2018-03-13,7.23,7.131,7.24,7.061
2018-03-14,7.091,6.971,7.141,6.941
2018-03-15,6.902,6.902,6.971,6.673
2018-03-16,6.872,7.001,7.021,6.772
2018-03-19,7.001,7.021,7.121,6.862
2018-03-20,7.021,7.091,7.101,6.872
2018-03-21,7.091,6.991,7.2,6.922
2018-03-22,6.991,7.19,7.32,6.902
2018-03-23,6.971,6.653,7.19,6.523
2018-03-26,6.453,6.702,6.742,6.334
2018-03-27,6.742,7.071,7.101,6.692
2018-03-28,6.882,7.031,7.171,6.872
2018-03-29,7.071,7.121,7.26,6.991
2018-03-30,7.131,7.27,7.34,7.121
2018-04-02,7.26,7.25,7.539,7.19
2018-04-03,7.111,7.18,7.18,7.081
2018-04-04,7.18,7.121,7.449,7.101
2018-04-09,7.091,7.21,7.34,7.021
2018-04-10,7.161,7.101,7.24,6.961
2018-04-11,7.141,7.24,7.31,7.071
2018-04-12,7.22,7.151,7.28,7.071
2018-04-13,7.21,7.25,7.4,7.151
2018-04-16,7.26,7.041,7.35,6.941
2018-04-17,7.051,6.683,7.101,6.653
2018-04-18,6.762,6.902,6.902,6.603
2018-04-19,6.882,6.922,7.021,6.772
2018-04-20,6.852,6.912,6.971,6.762
2018-04-23,6.951,6.862,6.951,6.573
2018-04-24,6.842,6.971,6.971,6.712
2018-04-25,6.941,6.971,7.051,6.832
2018-04-26,6.951,6.752,7.001,6.673
2018-04-27,6.772,6.812,6.862,6.702
2018-05-02,6.842,6.663,6.842,6.573
2018-05-03,6.623,6.852,6.892,6.583
2018-05-04,6.842,6.872,6.892,6.792
2018-05-07,6.882,7.001,7.051,6.862
2018-05-08,7.001,7.061,7.121,6.912
2018-05-09,7.091,7.091,7.18,7.021
2018-05-10,7.18,7.161,7.18,7.061
2018-05-11,7.21,7.151,7.22,7.041
2018-05-14,7.061,7.141,7.18,6.981
2018-05-15,7.101,7.2,7.21,7.071
2018-05-16,7.2,7.171,7.35,7.101
2018-05-17,7.151,7.151,7.2,7.111
2018-05-18,7.131,7.21,7.28,7.111
2018-05-21,7.29,7.25,7.3,7.19
2018-05-22,7.23,7.28,7.29,7.12
2018-05-23,7.3,7.17,7.3,7.17
2018-05-24,7.11,7.18,7.24,7.11
2018-05-25,7.12,7.0,7.22,6.8
