date,open,close,high,low
2016-01-04,21.312,19.629,21.81,19.42
2016-01-05,18.225,19.918,20.416,18.225
2016-01-06,19.918,20.197,20.217,19.311
2016-01-21,18.175,18.175,18.175,18.175
2016-01-22,16.93,17.11,17.777,16.821
2016-01-25,17.13,17.329,17.807,17.1
2016-01-26,17.847,15.596,17.876,15.596
2016-01-27,15.237,14.759,15.626,14.042
2016-01-28,14.241,13.285,14.52,13.285
2016-01-29,13.285,13.445,13.684,12.309
2016-02-01,13.325,13.485,13.743,13.056
2016-02-02,13.485,13.933,14.122,13.445
2016-02-03,13.644,13.763,13.903,13.504
2016-02-04,13.833,14.192,14.341,13.773
2016-02-05,14.231,14.401,14.47,14.231
2016-02-15,13.823,14.122,14.241,13.146
2016-02-16,14.142,14.709,14.909,13.992
2016-02-17,14.64,15.337,15.387,14.441
2016-02-18,15.247,15.297,15.924,15.247
2016-02-19,15.337,15.307,15.586,15.118
2016-02-22,15.546,15.885,16.203,15.546
2016-02-23,15.815,15.676,15.984,15.456
2016-02-24,15.685,16.024,16.144,15.516
2016-02-25,15.934,14.421,15.994,14.421
2016-02-26,14.54,14.64,14.889,13.963
2016-02-29,14.62,13.176,14.66,13.176
2016-03-01,13.196,13.345,13.534,11.951
2016-03-02,13.246,14.162,14.361,13.226
2016-03-03,14.351,15.028,15.576,14.032
2016-03-04,14.739,13.743,15.018,13.564
2016-03-07,13.903,14.241,14.63,13.903
2016-03-08,14.092,14.321,14.431,13.226
2016-03-09,13.743,13.913,14.361,13.743
2016-03-10,13.913,13.594,14.231,13.544
2016-03-11,13.594,13.385,13.644,13.246
2016-03-14,13.704,14.022,14.241,13.574
2016-03-15,14.042,14.012,14.391,13.973
2016-03-16,14.48,13.704,14.49,13.644
2016-03-17,13.873,14.291,14.351,13.554
2016-03-18,14.371,14.859,15.118,14.291
2016-03-21,15.078,15.158,15.536,14.769
2016-03-22,14.929,15.347,15.586,14.719
2016-03-23,14.988,15.158,15.317,14.919
2016-03-24,14.939,14.879,15.337,14.719
2016-03-25,14.819,14.819,14.949,14.65
2016-03-28,14.819,14.64,15.078,14.62
2016-03-29,14.69,13.883,14.789,13.753
2016-03-30,14.022,14.321,14.351,13.873
2016-03-31,14.321,14.371,14.7,14.241
2016-04-01,14.361,14.112,14.361,13.853
2016-04-05,14.162,14.56,14.6,14.012
2016-04-06,14.59,14.869,14.919,14.451
2016-04-07,14.939,14.899,15.237,14.889
2016-04-08,14.739,14.5,14.739,14.311
2016-04-11,14.54,14.819,15.038,14.51
2016-04-12,14.839,14.66,15.088,14.51
2016-04-13,14.739,16.124,16.124,14.69
2016-04-14,16.353,16.094,16.403,15.685
2016-04-15,16.124,16.183,16.293,15.934
2016-04-18,15.974,16.751,17.189,15.835
2016-04-19,16.612,16.492,16.95,16.273
2016-04-20,16.502,14.849,16.671,14.839
2016-04-21,14.809,14.152,14.939,14.122
2016-04-22,14.072,14.61,14.69,14.042
2016-04-25,14.6,14.251,14.6,13.873
2016-04-26,14.092,14.929,15.287,14.092
2016-04-27,14.899,15.088,15.367,14.759
2016-04-28,15.088,14.889,15.118,14.64
2016-04-29,14.69,14.849,15.158,14.69
2016-05-03,14.919,15.466,15.576,14.809
2016-05-04,15.437,15.835,16.313,15.347
2016-05-05,15.596,15.815,16.024,15.556
2016-05-06,15.915,15.576,16.482,15.576
2016-05-09,15.237,15.367,15.715,14.958
2016-05-10,15.197,14.69,15.576,14.441
2016-05-11,14.67,14.251,14.889,13.963
2016-05-12,13.992,14.172,14.301,13.654
2016-05-13,14.361,14.321,14.52,14.112
2016-05-16,14.341,14.49,14.64,13.963
2016-05-17,14.56,14.69,15.02,14.51
2016-05-18,14.68,14.37,14.68,13.9
2016-05-19,14.22,14.18,14.66,14.11
2016-05-20,14.0,14.23,14.25,13.95
2016-05-23,14.3,14.8,15.08,14.26
2016-05-24,14.65,15.16,15.33,14.61
2016-05-25,15.15,15.19,15.26,14.86
2016-05-26,15.05,15.55,15.57,15.02
2016-05-27,15.39,15.76,15.95,15.22
2016-05-30,15.6,15.2,15.61,15.19
2016-05-31,15.24,16.16,16.34,15.24
2016-06-01,16.19,16.67,17.13,16.05
2016-06-02,16.67,16.84,17.58,16.67
2016-06-03,17.12,16.82,17.58,16.46
2016-06-06,16.79,17.21,17.26,16.46
2016-06-07,17.1,17.01,17.35,16.67
2016-06-08,17.08,17.11,17.5,16.87
2016-06-13,16.71,15.67,16.99,15.6
2016-06-14,15.87,17.1,17.24,15.6
2016-06-15,17.05,17.94,18.14,16.81
2016-06-16,17.77,17.39,17.86,17.37
2016-06-17,17.46,17.59,17.6,17.23
2016-06-20,17.53,17.07,17.96,16.98
2016-06-21,17.22,16.83,17.76,16.7
2016-06-22,16.83,17.3,17.6,16.83
2016-06-23,17.15,17.15,17.43,16.79
2016-06-24,17.06,17.16,17.36,15.44
2016-06-27,16.91,17.29,17.3,16.5
2016-06-28,17.22,17.56,17.56,16.8
2016-06-29,17.73,17.26,17.73,17.15
2016-06-30,17.26,18.05,18.14,17.19
2016-07-01,18.04,17.52,18.06,17.45
2016-07-04,17.61,17.8,18.09,17.32
2016-07-05,17.7,18.18,18.45,17.27
2016-07-06,18.09,18.23,18.31,17.95
2016-07-07,18.25,17.86,18.3,17.74
2016-07-08,17.8,18.0,18.23,17.72
2016-07-11,17.98,17.91,18.48,17.85
2016-07-12,17.95,18.13,18.26,17.63
2016-07-13,18.13,18.68,18.94,18.03
2016-07-14,18.62,19.17,19.28,18.61
2016-07-15,19.2,18.66,19.27,18.5
2016-07-18,18.7,18.25,18.75,17.94
2016-07-19,18.31,18.53,18.7,18.1
2016-07-20,18.58,18.62,18.85,18.4
2016-07-21,18.62,19.32,19.65,18.62
2016-07-22,19.23,18.99,19.26,18.83
2016-07-25,19.2,19.46,19.55,18.95
2016-07-26,19.3,19.71,19.95,19.3
2016-07-27,19.85,18.8,20.15,18.4
2016-07-28,18.98,18.73,19.05,18.2
2016-07-29,18.7,18.57,18.82,18.4
2016-08-01,18.56,17.59,18.62,17.2
2016-08-02,17.5,17.63,17.75,17.31
2016-08-03,17.78,17.81,17.95,17.53
2016-08-04,17.81,17.91,17.98,17.6
2016-08-05,17.73,18.16,18.25,17.73
2016-08-08,18.18,18.2,18.28,18.04
2016-08-09,18.11,18.32,18.46,18.11
2016-08-10,18.34,17.98,18.38,17.9
2016-08-11,17.9,17.51,17.98,17.45
2016-08-12,17.5,17.74,17.74,17.45
2016-08-15,17.9,18.26,18.45,17.52
2016-08-16,18.17,18.13,18.38,18.1
2016-08-17,18.15,18.65,18.67,18.14
2016-08-18,18.84,18.66,18.84,18.43
2016-08-19,18.69,18.54,18.69,18.42
2016-08-22,18.42,17.93,18.68,17.93
2016-08-23,18.09,18.66,19.13,17.82
2016-08-24,18.54,18.61,18.83,18.45
2016-08-25,18.5,18.51,18.54,17.88
2016-08-26,18.5,18.59,19.05,18.5
2016-08-29,18.62,19.18,19.59,18.59
2016-08-30,19.08,18.86,19.17,18.72
2016-08-31,18.83,18.9,19.15,18.7
2016-09-01,18.95,19.27,19.48,18.89
2016-09-02,19.17,19.65,19.79,19.12
2016-09-05,19.89,19.34,19.96,19.19
2016-09-06,19.18,20.36,20.59,19.02
2016-09-07,20.2,19.89,20.78,19.8
2016-09-08,19.7,20.08,20.26,19.61
2016-09-09,19.91,19.92,20.28,19.89
2016-09-12,19.7,18.96,19.7,18.67
2016-09-13,19.01,18.88,19.19,18.75
2016-09-14,18.59,18.69,19.04,18.53
2016-09-19,18.68,19.19,19.33,18.68
2016-09-20,19.19,19.04,19.36,18.98
2016-09-21,19.04,18.98,19.15,18.95
2016-09-22,19.11,19.05,19.29,18.9
2016-09-23,19.0,18.97,19.3,18.91
2016-09-26,19.05,18.17,19.09,18.02
2016-09-27,18.17,18.37,18.4,17.88
2016-09-28,18.2,18.29,18.5,18.1
2016-09-29,18.39,18.3,18.39,18.11
2016-09-30,18.33,18.55,18.58,18.17
2016-10-10,18.75,18.9,18.99,18.71
2016-10-11,18.9,19.0,19.17,18.7
2016-10-12,19.08,18.69,19.08,18.59
2016-10-13,18.69,18.7,18.9,18.59
2016-10-14,18.67,18.6,18.94,18.47
2016-10-17,18.62,18.13,18.77,18.0
2016-10-18,18.0,18.52,18.59,18.0
2016-10-19,18.52,18.35,18.6,18.18
2016-10-20,18.38,19.56,19.88,18.38
2016-10-21,19.33,19.35,19.46,18.81
2016-10-24,19.18,19.3,19.44,18.93
2016-10-25,19.35,19.47,19.87,19.12
2016-10-26,19.47,19.52,19.8,19.3
2016-10-27,19.35,19.32,19.58,19.21
2016-10-28,19.36,19.29,19.44,19.2
2016-10-31,19.01,19.06,19.19,18.92
2016-11-01,18.98,19.08,19.15,18.82
2016-11-02,19.16,18.75,19.19,18.75
2016-11-03,18.69,18.75,18.98,18.55
2016-11-04,18.75,18.99,19.21,18.75
2016-11-07,20.0,20.5,20.8,19.51
2016-11-08,20.38,20.16,20.7,19.95
2016-11-09,20.17,19.99,20.58,19.5
2016-11-10,20.1,20.13,20.33,19.93
2016-11-11,20.0,20.34,20.65,19.99
2016-11-14,20.11,20.55,20.87,20.11
2016-11-15,21.15,20.39,21.38,19.83
2016-11-16,20.4,20.13,20.4,19.93
2016-11-17,20.0,19.95,20.28,19.83
2016-11-18,19.83,19.96,20.26,19.83
2016-11-21,19.7,20.79,20.93,19.7
2016-11-22,20.72,20.94,21.12,20.55
2016-11-23,20.89,20.36,21.11,20.35
2016-11-24,20.36,20.14,20.48,20.11
2016-11-25,20.14,20.66,20.8,20.01
2016-11-28,20.66,20.25,20.91,20.15
2016-11-29,20.91,21.07,21.79,20.55
2016-11-30,21.04,20.85,21.25,20.52
2016-12-01,20.71,20.64,20.8,20.4
2016-12-02,20.41,19.75,20.62,19.72
2016-12-05,19.3,18.85,19.5,18.56
2016-12-06,18.77,18.05,18.95,17.93
2016-12-07,18.0,18.24,18.44,18.0
2016-12-08,18.33,17.95,18.33,17.91
2016-12-09,17.92,17.89,18.03,17.7
2016-12-12,17.95,16.37,17.97,16.1
2016-12-13,16.02,16.45,16.56,16.02
2016-12-14,16.43,16.67,16.88,16.37
2016-12-15,16.75,16.94,17.1,16.6
2016-12-16,17.09,17.1,17.3,17.0
2016-12-19,17.3,16.92,17.3,16.76
2016-12-20,17.0,17.3,17.47,17.0
2016-12-21,17.18,17.17,17.38,17.03
2016-12-22,17.08,16.96,17.16,16.52
2016-12-23,17.0,16.65,17.07,16.58
2016-12-26,16.66,16.68,16.7,16.08
2016-12-27,16.66,16.96,17.13,16.63
2016-12-28,16.99,16.79,17.15,16.77
2016-12-29,16.92,16.84,16.93,16.65
2016-12-30,16.81,16.65,16.85,16.51
2017-01-03,16.63,17.02,17.05,16.3
2017-01-04,16.93,17.21,17.36,16.85
2017-01-05,17.17,17.12,17.3,17.03
2017-01-06,17.05,17.39,17.75,17.05
2017-01-09,17.4,17.23,17.49,17.01
2017-01-10,17.23,16.83,17.28,16.82
2017-01-11,16.9,16.87,16.97,16.76
2017-01-12,16.81,16.33,16.94,16.26
2017-01-13,16.36,16.05,16.4,15.6
2017-01-16,16.0,15.25,16.18,14.45
2017-01-17,15.22,15.31,15.51,14.8
2017-01-18,15.1,15.18,15.38,15.03
2017-01-19,15.13,15.35,15.47,14.88
2017-01-20,15.2,15.54,15.65,15.14
2017-01-23,15.35,15.65,15.73,15.35
2017-01-24,15.68,15.51,15.95,15.51
2017-01-25,15.5,15.54,15.67,15.45
2017-01-26,15.55,15.67,15.71,15.5
2017-02-03,15.67,15.6,15.73,15.53
2017-02-06,15.65,15.87,15.87,15.55
2017-02-07,15.8,15.98,16.04,15.7
2017-02-08,16.0,16.6,16.74,15.85
2017-02-09,16.6,16.64,17.1,16.58
2017-02-10,16.6,16.5,16.76,16.36
2017-02-13,16.67,16.79,16.94,16.52
2017-02-14,16.66,16.6,16.66,16.26
2017-02-15,16.71,16.65,17.1,16.61
2017-02-16,16.47,16.82,16.89,16.29
2017-02-17,16.66,16.65,16.8,16.41
2017-02-20,16.65,16.82,16.85,16.39
2017-02-21,16.82,17.09,17.21,16.69
2017-02-22,17.05,17.84,17.95,17.03
2017-02-23,17.84,17.71,17.85,17.52
2017-02-24,17.72,17.65,17.72,17.43
2017-02-27,17.56,17.92,18.19,17.56
2017-02-28,17.91,17.84,18.18,17.62
2017-03-01,17.94,18.13,18.18,17.8
2017-03-02,18.19,17.9,18.39,17.81
2017-03-03,17.8,18.1,18.27,17.75
2017-03-06,18.08,18.91,19.01,18.08
2017-03-07,18.91,19.1,19.16,18.6
2017-03-08,19.11,18.85,19.15,18.73
2017-03-09,18.82,19.01,19.44,18.82
2017-03-10,18.91,18.28,19.18,18.18
2017-03-13,18.43,19.65,19.65,18.38
2017-03-14,19.62,19.48,19.91,19.1
2017-03-15,19.6,19.42,19.69,19.14
2017-03-16,19.42,19.0,20.04,18.88
2017-03-17,19.11,18.38,19.3,18.25
2017-03-20,18.46,18.47,18.64,18.32
2017-03-21,18.5,18.14,18.61,17.91
2017-03-22,18.06,17.58,18.13,17.41
2017-03-23,17.64,17.6,17.92,17.3
2017-03-24,17.51,17.38,17.72,17.28
2017-03-27,17.38,17.51,17.58,17.0
2017-03-28,17.44,18.2,18.29,17.39
2017-03-29,18.12,18.15,18.6,18.05
2017-03-30,18.1,18.29,18.42,17.54
2017-03-31,18.06,17.88,18.29,17.67
2017-04-05,17.81,18.07,18.19,17.5
2017-04-06,17.99,17.62,17.99,17.55
2017-04-07,17.14,17.32,17.75,16.31
2017-04-10,16.88,16.53,16.93,16.46
2017-04-11,16.37,16.18,16.7,16.0
2017-04-12,16.17,15.6,16.17,15.45
2017-04-13,15.66,15.88,16.48,15.65
2017-04-14,15.96,15.97,16.14,15.22
2017-04-17,15.85,16.19,16.46,15.85
2017-04-18,16.17,16.13,16.3,15.9
2017-04-19,16.0,16.2,16.25,15.66
2017-04-20,16.2,15.66,16.2,15.6
2017-04-21,15.7,14.53,15.7,14.51
2017-04-24,14.4,13.08,14.47,13.08
2017-04-25,13.36,13.2,13.63,12.9
2017-04-26,13.18,13.48,13.49,13.07
2017-04-27,13.48,14.23,14.43,13.28
2017-04-28,14.15,14.04,14.3,13.88
2017-05-02,14.09,13.66,14.28,13.56
2017-05-03,13.74,14.01,14.16,13.65
2017-05-04,14.01,14.48,14.57,14.01
2017-05-05,14.48,14.11,14.7,14.0
2017-05-08,13.91,14.05,14.37,13.91
2017-05-09,14.03,13.93,14.25,13.86
2017-05-10,14.0,14.05,14.3,13.95
2017-05-11,14.06,14.02,14.2,13.15
2017-05-12,13.91,13.59,14.05,13.57
2017-05-15,13.5,12.9,13.66,12.9
2017-05-16,12.7,12.2,12.7,11.61
2017-05-17,11.9,12.03,12.16,11.82
2017-05-18,11.86,12.23,12.61,11.84
2017-05-19,12.13,12.03,12.3,11.9
2017-05-22,12.08,11.99,12.12,11.87
2017-05-23,11.94,10.8,11.95,10.79
2017-05-24,10.64,10.5,10.76,10.22
2017-05-25,10.57,10.33,10.67,10.13
2017-05-26,10.45,10.6,10.75,10.35
2017-05-31,10.78,10.64,10.92,10.61
2017-06-01,10.65,10.73,10.94,10.55
2017-06-02,10.75,10.85,10.85,10.47
2017-06-05,10.9,11.55,11.64,10.72
2017-06-06,11.54,12.07,12.37,11.4
2017-06-07,12.0,12.17,12.41,11.96
2017-06-08,12.09,12.32,12.38,12.07
2017-06-09,12.2,13.55,13.55,12.2
2017-06-12,13.5,13.31,13.86,13.11
2017-06-13,13.29,13.56,13.92,13.12
2017-06-14,13.79,13.42,13.79,13.37
2017-06-15,13.42,13.6,13.65,13.28
2017-06-16,13.5,13.76,14.16,13.43
2017-06-19,13.78,13.81,14.15,13.63
2017-06-20,13.81,13.61,13.99,13.5
2017-06-21,13.75,14.04,14.15,13.68
2017-06-22,13.91,13.85,14.15,13.81
2017-06-23,14.08,14.08,14.1,13.59
2017-06-26,14.05,15.17,15.25,14.05
2017-06-27,15.08,15.14,15.36,14.88
2017-06-28,15.2,15.25,15.33,14.62
2017-06-29,15.25,15.18,15.31,14.96
2017-06-30,15.01,15.16,15.29,14.91
2017-07-03,15.17,15.68,15.86,15.09
2017-07-04,15.63,15.62,15.79,15.42
2017-07-05,15.53,15.74,15.84,15.46
2017-07-06,15.74,16.19,16.23,15.74
2017-07-07,16.1,16.25,16.43,16.0
2017-07-10,16.25,16.0,16.3,14.65
2017-07-11,15.65,15.99,16.09,15.58
2017-07-12,15.98,14.39,15.98,14.39
2017-07-13,14.35,12.95,14.38,12.95
2017-07-14,11.71,12.34,12.82,11.71
2017-07-17,11.8,12.05,12.82,11.52
2017-07-18,12.11,11.72,12.2,11.37
2017-07-19,11.85,11.83,12.19,11.72
2017-07-20,11.89,11.8,12.05,11.76
2017-07-21,11.61,11.88,11.94,11.61
2017-07-24,11.83,11.82,11.98,11.69
2017-07-25,11.78,11.68,11.82,11.65
2017-07-26,11.76,11.64,11.77,11.56
2017-07-27,11.64,11.77,11.88,11.0
2017-07-28,11.6,11.42,11.65,11.34
2017-07-31,11.4,11.24,11.46,11.1
2017-08-01,11.3,11.31,11.4,11.11
2017-08-02,11.34,10.85,11.35,10.79
2017-08-03,10.77,11.1,11.23,10.73
2017-08-04,11.17,10.94,11.23,10.82
2017-08-07,10.99,10.8,10.99,10.8
2017-08-08,10.8,10.92,10.97,10.71
2017-08-09,10.9,10.61,10.91,10.52
2017-08-10,10.6,10.33,10.68,10.31
2017-08-11,10.37,10.49,10.57,10.33
2017-08-14,10.49,10.9,11.35,10.41
2017-08-15,10.94,10.98,11.06,10.77
2017-08-16,11.02,11.05,11.13,10.86
2017-08-17,10.99,11.46,11.47,10.93
2017-08-18,11.35,11.46,11.58,11.28
2017-08-21,11.46,11.38,11.52,11.28
2017-08-22,11.43,11.22,11.43,11.11
2017-08-23,11.2,11.22,11.45,11.1
2017-08-24,11.12,10.87,11.35,10.8
2017-08-25,9.78,9.84,10.24,9.78
2017-08-28,9.51,9.76,9.81,9.46
2017-08-29,9.74,9.77,9.94,9.7
2017-08-30,9.79,9.67,9.85,9.59
2017-08-31,9.62,9.71,9.73,9.57
2017-09-01,9.65,9.52,9.66,9.5
2017-09-04,9.49,9.36,9.53,9.25
2017-09-05,9.41,9.63,9.63,9.38
2017-09-06,9.6,9.55,9.61,9.38
2017-09-07,9.53,9.6,9.69,9.53
2017-09-08,9.53,9.35,9.53,9.26
2017-09-11,9.3,9.33,9.34,9.21
2017-09-12,9.31,9.27,9.36,9.26
2017-09-13,9.24,9.18,9.27,9.1
2017-09-14,9.19,9.25,9.32,9.13
2017-09-15,9.19,9.06,9.21,9.0
2017-09-18,9.03,8.99,9.07,8.91
2017-09-19,9.0,9.05,9.12,8.96
2017-09-20,9.05,9.31,9.36,9.02
2017-09-21,9.32,9.18,9.34,9.16
2017-09-22,9.12,9.02,9.12,8.93
2017-09-25,8.99,8.9,9.07,8.88
2017-09-26,8.92,8.93,8.95,8.82
2017-09-27,8.95,8.88,8.95,8.85
2017-09-28,8.89,8.71,8.89,8.71
2017-09-29,8.75,8.5,8.75,8.43
2017-10-09,8.57,8.67,8.74,8.42
2017-10-10,8.66,9.54,9.54,8.62
2017-10-31,8.67,9.55,9.79,8.59
2017-11-01,9.35,10.51,10.51,9.28
2017-11-02,10.49,10.84,11.49,10.27
2017-11-03,10.46,10.36,11.1,10.19
2017-11-06,10.12,10.14,10.46,9.92
2017-11-07,10.19,11.15,11.15,10.02
2017-11-08,11.27,10.95,11.45,10.86
2017-11-09,11.1,10.9,11.12,10.74
2017-11-10,10.65,10.84,11.11,10.6
2017-11-13,10.87,10.37,10.92,10.2
2017-11-14,10.43,10.1,10.57,10.1
2017-11-15,10.2,10.26,10.48,10.2
2017-11-16,10.22,10.6,10.75,10.08
2017-11-17,10.41,9.94,10.47,9.54
2017-11-20,9.8,9.58,9.92,9.05
2017-11-21,9.56,9.11,9.62,9.03
2017-11-22,8.92,8.99,9.32,8.89
2017-11-23,8.97,9.07,9.34,8.94
2017-11-24,9.01,8.88,9.13,8.63
2017-11-27,8.86,8.71,8.95,8.67
2017-11-28,8.8,8.85,8.85,8.63
2017-11-29,8.88,8.65,8.92,8.5
2017-11-30,8.65,8.53,8.66,8.49
2017-12-01,8.43,8.39,8.6,8.37
2017-12-04,8.37,7.96,8.37,7.95
2017-12-05,7.92,7.58,7.99,7.51
2017-12-06,7.62,7.83,7.96,7.51
2017-12-07,7.75,8.3,8.3,7.74
2017-12-08,8.19,8.13,8.31,8.08
2017-12-11,8.03,8.11,8.22,8.03
2017-12-12,8.13,8.15,8.37,8.1
2017-12-13,8.07,8.14,8.27,8.05
2017-12-14,8.15,7.98,8.15,7.95
2017-12-15,7.93,8.02,8.13,7.93
2017-12-18,8.07,7.87,8.07,7.85
2017-12-19,7.94,7.99,8.0,7.85
2017-12-20,8.0,7.75,8.01,7.73
2017-12-21,7.74,7.69,7.8,7.55
2017-12-22,7.58,7.74,7.77,7.58
2017-12-25,7.46,6.97,7.46,6.97
2017-12-26,6.8,6.76,7.03,6.67
2017-12-27,6.74,6.83,6.94,6.71
2017-12-28,6.84,6.86,6.92,6.77
2017-12-29,6.88,7.43,7.49,6.8
2018-01-02,7.31,7.36,7.44,7.25
2018-01-03,7.39,7.35,7.48,7.26
2018-01-04,7.29,7.4,7.48,7.26
2018-01-05,7.44,7.58,7.71,7.31
2018-01-08,7.48,7.52,7.65,7.41
2018-01-09,7.44,7.51,7.64,7.34
2018-01-10,7.54,7.51,7.94,7.43
2018-01-11,7.52,7.44,7.52,7.37
2018-01-12,7.48,7.1,7.59,7.08
2018-01-15,7.13,6.84,7.13,6.8
2018-01-16,6.84,6.94,7.06,6.83
2018-01-17,6.94,7.05,7.11,6.81
2018-01-18,7.09,7.06,7.18,6.99
2018-01-19,7.12,7.1,7.16,7.03
2018-01-22,7.15,6.97,7.17,6.86
2018-01-23,6.96,6.93,7.08,6.88
2018-01-24,6.97,7.05,7.09,6.9
2018-01-25,7.05,6.98,7.2,6.95
2018-01-26,6.99,7.06,7.09,6.91
2018-01-29,7.09,6.9,7.09,6.82
2018-01-30,6.92,6.9,6.98,6.73
2018-01-31,6.81,6.66,6.86,6.64
2018-02-01,6.68,5.99,6.78,5.99
2018-02-02,5.81,5.81,6.03,5.56
2018-02-05,5.71,5.44,5.77,5.42
2018-02-06,5.28,5.17,5.97,5.16
2018-02-07,5.28,5.22,5.33,5.09
2018-02-08,5.24,5.33,5.46,5.18
2018-02-09,5.18,4.99,5.32,4.91
2018-02-12,5.04,5.07,5.11,4.95
2018-02-13,5.06,5.16,5.49,5.06
2018-02-14,5.09,5.12,5.18,5.0
2018-02-22,5.06,5.2,5.23,5.06
2018-02-23,5.23,5.27,5.33,5.16
2018-02-26,5.28,5.8,5.8,5.28
2018-02-27,6.0,6.38,6.38,5.94
2018-02-28,6.78,7.02,7.02,6.63
2018-05-25,6.66,6.92,7.55,6.5
