date,open,close,high,low
2016-01-04,7.513,6.758,7.548,6.758
2016-01-05,6.209,6.91,6.91,6.106
2016-01-06,6.804,7.095,7.162,6.768
2016-01-07,6.949,6.386,6.956,6.386
2016-01-08,6.57,6.375,6.676,5.812
2016-01-11,6.166,5.737,6.194,5.737
2016-01-12,5.798,5.606,5.883,5.355
2016-01-13,5.635,5.457,5.936,5.457
2016-01-14,5.177,5.79,5.84,5.177
2016-01-15,5.741,5.812,6.024,5.741
2016-01-18,5.812,6.031,6.131,5.677
2016-01-19,5.978,6.598,6.634,5.904
2016-01-20,6.489,6.45,6.62,6.308
2016-01-21,6.272,5.812,6.552,5.805
2016-01-22,6.021,5.893,6.088,5.67
2016-01-25,5.953,5.613,6.077,5.525
2016-01-26,5.549,5.053,5.549,5.053
2016-01-27,5.032,4.685,5.032,4.554
2016-01-28,4.642,4.373,4.766,4.359
2016-01-29,4.377,4.809,4.809,4.377
2016-02-01,4.894,5.068,5.28,4.827
2016-02-02,5.124,5.22,5.259,5.014
2016-02-03,5.138,5.177,5.262,4.943
2016-02-04,5.248,5.294,5.415,5.227
2016-02-05,5.273,5.068,5.408,5.068
2016-02-15,4.837,4.965,5.032,4.812
2016-02-16,5.029,5.291,5.394,4.993
2016-02-17,5.28,5.528,5.564,5.238
2016-02-18,5.635,5.5,5.776,5.496
2016-02-19,5.475,5.581,5.741,5.422
2016-02-22,5.847,5.681,5.847,5.599
2016-02-23,5.635,5.585,5.72,5.433
2016-02-24,5.56,5.521,5.603,5.316
2016-02-25,5.62,4.968,5.776,4.968
2016-02-26,4.972,4.968,5.078,4.738
2016-02-29,4.89,4.472,4.894,4.472
2016-03-01,4.447,4.582,4.642,4.164
2016-03-02,4.617,4.72,4.798,4.486
2016-03-03,4.72,4.756,4.936,4.678
2016-03-04,4.749,4.377,4.823,4.316
2016-03-07,4.423,4.437,4.625,4.359
2016-03-08,4.394,4.43,4.444,4.075
2016-03-09,4.252,4.309,4.43,4.196
2016-03-10,4.309,4.359,4.547,4.309
2016-03-11,4.281,4.511,4.518,4.256
2016-03-14,4.607,4.749,4.819,4.568
2016-03-15,4.685,4.593,4.791,4.536
2016-03-16,4.681,4.469,4.742,4.398
2016-03-17,4.501,4.915,4.915,4.483
2016-03-18,5.121,5.277,5.408,5.103
2016-03-21,5.323,5.489,5.507,5.238
2016-03-22,5.418,5.386,5.482,5.277
2016-03-23,5.386,5.316,5.386,5.046
2016-03-24,5.192,5.131,5.262,5.103
2016-03-25,5.114,5.213,5.227,5.071
2016-03-28,5.245,5.103,5.316,5.05
2016-03-29,5.032,4.912,5.085,4.819
2016-03-30,4.968,5.11,5.114,4.929
2016-03-31,5.11,5.153,5.252,5.05
2016-04-01,5.131,5.089,5.153,4.968
2016-04-05,5.142,5.308,5.316,5.11
2016-04-06,5.28,5.394,5.401,5.188
2016-04-07,5.362,5.231,5.404,5.209
2016-04-08,5.131,5.298,5.333,5.068
2016-04-11,5.45,5.372,5.663,5.351
2016-04-12,5.351,5.418,5.51,5.273
2016-04-13,5.482,5.457,5.564,5.45
2016-04-14,5.489,5.457,5.503,5.376
2016-04-15,5.493,5.472,5.546,5.44
2016-04-18,5.418,5.199,5.425,5.138
2016-04-19,5.262,5.192,5.262,5.121
2016-04-20,5.238,4.823,5.305,4.717
2016-04-21,4.809,4.717,4.894,4.688
2016-04-22,4.738,4.876,4.876,4.678
2016-04-25,4.855,4.802,4.855,4.695
2016-04-26,5.245,5.284,5.284,5.114
2016-04-27,5.603,5.652,5.812,5.528
2016-04-28,5.656,5.635,5.741,5.397
2016-04-29,5.557,5.574,5.783,5.496
2016-05-03,5.564,6.003,6.06,5.549
2016-05-04,5.9,6.134,6.375,5.854
2016-05-05,6.077,6.138,6.368,6.053
2016-05-06,6.124,5.932,6.202,5.879
2016-05-09,5.875,5.996,6.085,5.812
2016-05-10,6.007,5.794,6.024,5.741
2016-05-11,5.893,5.858,6.077,5.847
2016-05-12,5.67,6.333,6.379,5.564
2016-05-13,6.226,6.411,6.588,6.209
2016-05-16,6.379,6.779,6.804,6.23
2016-05-17,6.726,6.46,6.875,6.442
2016-05-18,6.343,6.361,6.542,6.219
2016-05-19,6.375,6.584,6.839,6.347
2016-05-20,6.439,6.542,6.662,6.354
2016-05-23,6.535,6.981,7.017,6.535
2016-05-24,6.928,6.836,6.974,6.737
2016-05-25,6.903,6.673,7.013,6.644
2016-05-26,6.666,6.818,6.832,6.467
2016-05-27,6.804,6.648,6.903,6.637
2016-05-30,6.52,6.489,6.669,6.453
2016-05-31,6.552,6.942,7.009,6.496
2016-06-01,6.946,7.073,7.265,6.942
2016-06-02,6.981,7.233,7.247,6.97
2016-06-03,7.183,7.141,7.389,7.087
2016-06-06,7.222,7.413,7.438,7.155
2016-06-07,7.421,7.364,7.491,7.304
2016-06-08,7.36,7.396,7.566,7.141
2016-06-13,7.258,6.733,7.389,6.722
2016-06-14,6.727,6.563,6.819,6.4
2016-06-15,6.464,7.217,7.217,6.4
2016-06-16,7.643,7.941,7.941,7.586
2016-06-17,8.382,8.154,8.431,7.856
2016-06-20,8.119,8.105,8.232,7.813
2016-06-21,8.097,8.353,8.914,8.097
2016-06-22,8.353,8.95,9.071,8.19
2016-06-23,8.815,8.538,8.836,8.524
2016-06-24,8.453,8.417,8.666,7.877
2016-06-27,8.168,8.559,8.566,8.097
2016-06-28,8.474,8.311,8.495,8.204
2016-06-29,8.36,8.63,9.092,8.346
2016-06-30,8.524,8.353,8.63,8.296
2016-07-01,8.318,8.147,8.424,8.048
2016-07-04,8.161,8.289,8.353,8.055
2016-07-05,8.275,8.36,8.488,8.119
2016-07-06,8.318,8.453,8.666,8.183
2016-07-07,8.36,8.488,8.595,8.168
2016-07-08,8.595,8.495,8.865,8.467
2016-07-11,8.403,8.268,8.509,8.261
2016-07-12,8.218,8.147,8.346,7.828
2016-07-13,8.168,8.161,8.282,8.026
2016-07-14,8.225,8.24,8.41,8.097
2016-07-15,8.176,8.097,8.24,8.005
2016-07-18,8.097,8.204,8.296,7.991
2016-07-19,8.168,8.14,8.211,8.019
2016-07-20,8.218,8.318,8.502,8.168
2016-07-21,8.24,8.225,8.367,8.168
2016-07-22,8.218,8.076,8.261,8.048
2016-07-25,8.069,7.799,8.069,7.728
2016-07-26,7.778,7.87,7.977,7.771
2016-07-27,7.884,7.153,7.899,7.082
2016-07-28,7.153,7.053,7.217,6.833
2016-07-29,7.117,7.089,7.167,6.897
2016-08-01,7.025,6.911,7.025,6.748
2016-08-02,6.911,6.975,7.011,6.883
2016-08-03,6.925,6.975,6.989,6.869
2016-08-04,6.975,7.174,7.174,6.918
2016-08-05,7.174,7.039,7.174,7.032
2016-08-08,6.997,7.082,7.096,6.862
2016-08-09,7.075,7.202,7.231,7.032
2016-08-10,7.21,7.217,7.387,7.181
2016-08-11,7.181,6.911,7.238,6.911
2016-08-12,6.918,7.011,7.082,6.89
2016-08-15,7.082,7.295,7.337,7.046
2016-08-16,7.266,7.444,7.565,7.231
2016-08-17,7.444,7.38,7.551,7.359
2016-08-18,7.366,7.38,7.423,7.337
2016-08-19,7.38,7.408,7.501,7.352
2016-08-22,7.416,7.202,7.416,7.181
2016-08-23,7.188,7.238,7.288,7.181
2016-08-24,7.224,7.238,7.288,7.202
2016-08-25,7.188,7.103,7.188,7.046
2016-08-26,7.139,7.075,7.21,7.046
2016-08-29,7.103,7.139,7.181,7.068
2016-08-30,7.139,7.124,7.174,7.089
2016-08-31,7.139,7.082,7.139,7.018
2016-09-01,7.053,6.997,7.096,6.989
2016-09-02,6.954,6.911,6.997,6.862
2016-09-05,6.954,6.918,6.982,6.89
2016-09-06,6.918,7.352,7.352,6.918
2016-09-07,7.33,7.238,7.352,7.224
2016-09-08,7.21,7.231,7.288,7.188
2016-09-09,7.231,7.117,7.274,7.117
2016-09-12,6.947,6.925,7.082,6.883
2016-09-13,6.961,7.004,7.032,6.925
2016-09-14,7.011,7.004,7.032,6.933
2016-09-19,7.011,6.989,7.046,6.94
2016-09-20,6.989,6.89,6.989,6.854
2016-09-21,6.904,6.883,6.911,6.819
2016-09-22,6.925,6.904,6.94,6.869
2016-09-23,6.89,6.847,6.897,6.826
2016-09-26,6.819,6.528,6.819,6.506
2016-09-27,6.514,6.549,6.556,6.478
2016-09-28,6.563,6.656,6.762,6.379
2016-09-29,6.62,6.585,6.663,6.57
2016-09-30,6.563,6.62,6.648,6.549
2016-10-10,6.663,6.847,6.883,6.648
2016-10-11,6.854,6.883,6.925,6.819
2016-10-12,6.84,6.862,6.883,6.798
2016-10-13,6.904,6.847,6.911,6.819
2016-10-14,6.805,6.776,6.847,6.677
2016-10-17,6.869,6.876,6.975,6.819
2016-10-18,6.862,7.032,7.075,6.833
2016-10-19,7.018,6.989,7.096,6.968
2016-10-20,6.989,6.997,7.068,6.961
2016-10-21,6.968,6.897,6.997,6.819
2016-10-24,6.869,6.925,6.961,6.854
2016-10-25,6.918,6.94,6.997,6.918
2016-10-26,6.947,6.862,6.961,6.812
2016-10-27,6.862,6.89,6.918,6.833
2016-10-28,6.84,6.648,6.869,6.641
2016-10-31,6.641,6.648,6.656,6.506
2016-11-01,6.663,6.719,6.769,6.592
2016-11-02,6.712,6.663,6.719,6.634
2016-11-03,6.613,6.663,6.719,6.613
2016-11-04,6.663,6.712,6.762,6.627
2016-11-07,6.727,6.705,6.748,6.634
2016-11-08,6.741,6.698,6.776,6.677
2016-11-09,6.698,6.577,6.698,6.514
2016-11-10,6.641,6.648,6.677,6.606
2016-11-11,6.613,6.663,6.684,6.599
2016-11-14,6.663,6.691,6.755,6.606
2016-11-15,6.698,6.791,6.791,6.663
2016-11-16,6.805,6.776,6.862,6.762
2016-11-17,6.755,6.819,6.854,6.748
2016-11-18,6.812,6.734,6.869,6.734
2016-11-21,6.698,6.67,6.741,6.656
2016-11-22,6.698,6.734,6.734,6.648
2016-11-23,6.734,6.705,6.762,6.648
2016-11-24,6.684,6.592,6.705,6.577
2016-11-25,6.577,6.62,6.641,6.485
2016-11-28,6.648,6.563,6.648,6.542
2016-11-29,6.556,6.514,6.585,6.506
2016-11-30,6.506,6.556,6.577,6.485
2016-12-01,6.57,6.549,6.592,6.535
2016-12-02,6.606,6.57,6.769,6.528
2016-12-05,6.464,6.457,6.556,6.386
2016-12-06,6.485,6.464,6.521,6.428
2016-12-07,6.471,6.485,6.485,6.421
2016-12-08,6.492,6.435,6.492,6.421
2016-12-09,6.414,6.393,6.457,6.379
2016-12-12,6.471,5.924,6.471,5.91
2016-12-13,5.903,5.867,6.03,5.768
2016-12-14,5.888,5.789,5.903,5.782
2016-12-15,5.782,5.867,5.952,5.775
2016-12-16,5.896,5.967,5.988,5.867
2016-12-19,5.967,5.888,5.995,5.86
2016-12-20,5.874,5.888,5.917,5.839
2016-12-21,5.888,5.952,5.988,5.888
2016-12-22,5.967,6.052,6.094,5.881
2016-12-23,6.109,5.995,6.18,5.967
2016-12-26,5.91,5.938,5.974,5.796
2016-12-27,5.91,5.888,5.952,5.888
2016-12-28,5.874,5.91,5.917,5.86
2016-12-29,5.917,5.881,5.938,5.874
2016-12-30,5.86,5.839,5.896,5.803
2017-01-03,5.839,5.945,5.952,5.839
2017-01-04,6.073,6.236,6.364,6.03
2017-01-05,6.173,6.201,6.251,6.137
2017-01-06,6.201,6.165,6.293,6.151
2017-01-09,6.18,6.094,6.215,6.073
2017-01-10,6.087,6.059,6.13,6.038
2017-01-11,6.03,5.981,6.087,5.981
2017-01-12,5.981,5.938,6.023,5.924
2017-01-13,5.952,5.874,5.952,5.839
2017-01-16,5.832,5.512,5.839,5.327
2017-01-17,5.491,5.555,5.576,5.398
2017-01-18,5.562,5.54,5.562,5.484
2017-01-19,5.498,5.498,5.533,5.455
2017-01-20,5.498,5.611,5.64,5.476
2017-01-23,5.675,5.675,5.732,5.626
2017-01-24,5.675,5.619,5.682,5.597
2017-01-25,5.583,5.619,5.64,5.526
2017-01-26,5.611,5.704,5.704,5.611
2017-02-03,5.711,5.668,5.725,5.661
2017-02-06,5.661,5.704,5.718,5.647
2017-02-07,5.704,5.647,5.711,5.619
2017-02-08,5.64,5.711,5.711,5.626
2017-02-09,5.718,5.839,5.917,5.697
2017-02-10,5.832,5.768,5.846,5.761
2017-02-13,5.768,5.817,5.86,5.746
2017-02-14,5.839,5.81,5.839,5.782
2017-02-15,5.81,5.725,5.832,5.711
2017-02-16,5.732,5.739,5.768,5.704
2017-02-17,5.753,5.682,5.761,5.661
2017-02-20,5.69,5.725,5.725,5.661
2017-02-21,5.739,5.846,5.91,5.711
2017-02-22,5.839,5.867,5.881,5.803
2017-02-23,5.874,5.853,5.881,5.796
2017-02-24,5.853,5.91,5.938,5.839
2017-02-27,5.896,5.896,6.002,5.874
2017-02-28,5.896,5.952,5.988,5.881
2017-03-01,5.931,5.874,5.959,5.867
2017-03-02,5.867,5.839,5.896,5.832
2017-03-03,5.825,5.981,5.988,5.81
2017-03-06,6.023,6.016,6.052,5.967
2017-03-07,6.016,6.016,6.023,5.945
2017-03-08,6.038,6.016,6.144,5.981
2017-03-09,6.009,5.931,6.009,5.917
2017-03-10,5.945,5.917,5.959,5.903
2017-03-13,5.903,5.931,5.945,5.86
2017-03-14,5.952,5.903,5.959,5.896
2017-03-15,5.881,5.896,5.917,5.853
2017-03-16,5.896,5.938,5.945,5.874
2017-03-17,5.938,5.952,6.023,5.91
2017-03-20,5.938,5.924,5.945,5.874
2017-03-21,5.931,5.903,5.931,5.881
2017-03-22,5.888,5.796,5.896,5.789
2017-03-23,5.81,5.775,5.853,5.697
2017-03-24,5.782,5.803,5.81,5.732
2017-03-27,5.825,5.789,5.825,5.768
2017-03-28,5.803,5.825,5.846,5.753
2017-03-29,5.846,5.725,5.853,5.718
2017-03-30,5.711,5.576,5.739,5.576
2017-03-31,5.597,5.619,5.661,5.59
2017-04-05,5.619,5.896,5.931,5.619
2017-04-06,5.874,5.903,5.967,5.86
2017-04-07,5.874,6.03,6.144,5.853
2017-04-10,5.931,6.123,6.173,5.867
2017-04-11,6.208,6.279,6.435,6.116
2017-04-12,6.13,5.924,6.165,5.903
2017-04-13,5.924,6.087,6.258,5.903
2017-04-14,6.094,6.109,6.236,6.023
2017-04-17,6.045,6.208,6.251,6.009
2017-04-18,6.151,6.236,6.379,6.102
2017-04-19,6.222,6.13,6.3,5.896
2017-04-20,6.13,5.896,6.13,5.825
2017-04-21,5.888,5.896,6.052,5.867
2017-04-24,5.896,5.476,5.917,5.455
2017-04-25,5.505,5.555,5.697,5.484
2017-04-26,5.54,5.619,5.626,5.519
2017-04-27,5.597,5.576,5.604,5.349
2017-04-28,5.484,5.526,5.562,5.441
2017-05-02,5.512,5.661,5.661,5.377
2017-05-03,5.604,5.505,5.626,5.498
2017-05-04,5.519,5.647,5.732,5.484
2017-05-05,5.647,5.626,5.789,5.611
2017-05-08,5.576,5.384,5.583,5.37
2017-05-09,5.356,5.306,5.356,5.185
2017-05-10,5.292,5.029,5.37,5.001
2017-05-11,4.979,4.887,5.008,4.674
2017-05-12,4.866,4.802,4.88,4.724
2017-05-15,4.816,4.915,4.951,4.773
2017-05-16,4.908,5.043,5.057,4.887
2017-05-17,5.043,5.27,5.398,5.043
2017-05-18,5.221,5.292,5.519,5.157
2017-05-19,5.306,5.306,5.42,5.185
2017-05-22,5.306,5.086,5.306,5.064
2017-05-23,5.086,4.83,5.136,4.823
2017-05-24,4.809,5.079,5.086,4.759
2017-05-25,5.072,5.221,5.299,5.029
2017-05-26,5.221,5.292,5.427,5.185
2017-05-31,5.377,5.192,5.519,5.157
2017-06-01,5.192,4.979,5.221,4.965
2017-06-02,4.958,5.476,5.476,4.937
2017-06-05,5.583,5.519,5.725,5.405
2017-06-06,5.455,5.434,5.512,5.342
2017-06-07,5.427,5.576,5.647,5.398
2017-06-08,5.59,5.675,5.881,5.547
2017-06-09,5.611,5.739,5.782,5.476
2017-06-12,5.668,5.64,5.775,5.583
2017-06-13,5.633,5.64,5.718,5.555
2017-06-14,5.72,5.48,5.81,5.45
2017-06-15,5.42,5.65,6.03,5.41
2017-06-16,5.63,5.57,5.74,5.53
2017-06-19,5.54,5.5,5.56,5.43
2017-06-20,5.52,5.63,5.7,5.5
2017-06-21,5.63,5.59,5.66,5.53
2017-06-22,5.57,5.42,5.63,5.42
2017-06-23,5.38,5.33,5.43,5.18
2017-06-26,5.29,5.42,5.42,5.25
2017-06-27,5.4,5.38,5.48,5.33
2017-06-28,5.34,5.28,5.37,5.25
2017-06-29,5.3,5.29,5.33,5.26
2017-06-30,5.26,5.25,5.27,5.19
2017-07-03,5.23,5.31,5.34,5.22
2017-07-04,5.29,5.26,5.34,5.26
2017-07-05,5.25,5.32,5.32,5.23
2017-07-06,5.31,5.35,5.41,5.27
2017-07-07,5.32,5.31,5.34,5.27
2017-07-10,5.29,5.2,5.3,5.19
2017-07-11,5.2,5.13,5.24,5.13
2017-07-12,5.13,5.09,5.16,4.97
2017-07-13,5.09,5.04,5.09,5.01
2017-07-14,4.99,4.94,5.01,4.93
2017-07-17,4.93,4.51,4.94,4.48
2017-07-18,4.48,4.56,4.58,4.47
2017-07-19,4.56,4.61,4.69,4.48
2017-07-20,4.59,4.61,4.7,4.57
2017-07-21,4.6,4.65,4.68,4.6
2017-07-24,4.61,4.62,4.64,4.56
2017-07-25,4.6,4.6,4.64,4.57
2017-07-26,4.62,4.6,4.63,4.56
2017-07-27,4.6,4.71,4.74,4.48
2017-07-28,4.67,4.68,4.71,4.65
2017-07-31,4.67,4.71,4.75,4.63
2017-08-01,4.71,4.77,4.78,4.7
2017-08-02,4.75,4.71,4.83,4.69
2017-08-03,4.7,4.72,4.76,4.64
2017-08-04,4.72,4.64,4.73,4.63
2017-08-07,4.64,4.66,4.69,4.62
2017-08-08,4.68,4.73,4.75,4.66
2017-08-09,4.73,4.68,4.73,4.67
2017-08-10,4.67,4.62,4.7,4.6
2017-08-11,4.62,4.64,4.68,4.55
2017-08-14,4.67,4.73,4.74,4.63
2017-08-15,4.71,5.2,5.2,4.71
2017-08-16,5.38,5.1,5.38,5.03
2017-08-17,5.09,5.07,5.09,5.0
2017-08-18,5.02,5.0,5.1,5.0
2017-08-21,5.0,5.02,5.04,4.96
2017-08-22,5.01,5.04,5.12,4.98
2017-08-23,5.01,4.96,5.02,4.94
2017-08-24,4.96,4.86,4.97,4.85
2017-08-25,4.85,4.9,4.93,4.85
2017-08-28,4.9,5.01,5.08,4.88
2017-08-29,4.99,4.95,5.05,4.93
2017-08-30,4.92,4.94,4.97,4.9
2017-08-31,4.96,4.98,5.01,4.94
2017-09-01,4.98,4.97,4.98,4.92
2017-09-04,4.96,5.04,5.05,4.92
2017-09-05,5.03,5.02,5.05,4.99
2017-09-06,5.03,5.06,5.08,4.96
2017-09-07,5.05,5.0,5.07,4.99
2017-09-08,4.99,5.01,5.05,4.97
2017-09-11,5.15,5.24,5.31,5.11
2017-09-12,5.28,5.4,5.69,5.26
2017-09-13,5.3,5.43,5.45,5.27
2017-09-14,5.44,5.49,5.61,5.43
2017-09-15,5.48,5.37,5.48,5.28
2017-09-18,5.43,5.51,5.58,5.42
2017-09-19,5.51,5.37,5.53,5.34
2017-09-20,5.38,5.4,5.48,5.31
2017-09-21,5.36,5.26,5.41,5.26
2017-09-22,5.27,5.3,5.33,5.18
2017-09-25,5.3,5.15,5.3,5.14
2017-09-26,5.15,5.16,5.21,5.12
2017-09-27,5.17,5.28,5.29,5.16
2017-09-28,5.26,5.21,5.33,5.2
2017-09-29,5.23,5.4,5.45,5.23
2017-10-09,5.45,5.4,5.54,5.36
2017-10-10,5.41,5.43,5.44,5.33
2017-10-11,5.43,5.33,5.44,5.3
2017-10-12,5.34,5.35,5.41,5.28
2017-10-13,5.36,5.36,5.37,5.3
2017-10-16,5.3,5.24,5.32,5.21
2017-10-17,5.18,5.39,5.4,5.18
2017-10-18,5.36,5.34,5.41,5.31
2017-10-19,5.35,5.29,5.41,5.27
2017-10-20,5.32,5.38,5.41,5.23
2017-10-23,5.38,5.32,5.38,5.27
2017-10-24,5.29,5.2,5.3,5.11
2017-10-25,5.19,5.17,5.19,5.13
2017-10-26,5.19,5.2,5.21,5.16
2017-10-27,5.16,5.14,5.2,5.13
2017-10-30,5.13,4.91,5.16,4.91
2017-10-31,4.91,4.94,4.97,4.86
2017-11-01,4.96,4.9,4.96,4.9
2017-11-02,4.9,4.78,4.95,4.74
2017-11-03,4.77,4.67,4.83,4.6
2017-11-06,4.67,4.7,4.7,4.65
2017-11-07,4.7,4.7,4.7,4.61
2017-11-08,4.71,4.78,4.91,4.68
2017-11-09,4.8,4.8,4.87,4.79
2017-11-10,4.8,4.79,4.82,4.73
2017-11-13,4.76,4.7,4.8,4.68
2017-11-14,4.69,4.65,4.73,4.62
2017-11-15,4.63,4.63,4.69,4.61
2017-11-16,4.66,4.6,4.66,4.58
2017-11-17,4.58,4.39,4.62,4.38
2017-11-20,4.38,4.37,4.39,4.21
2017-11-21,4.39,4.27,4.39,4.25
2017-11-22,4.26,4.29,4.38,4.26
2017-11-23,4.31,4.21,4.31,4.21
2017-11-24,4.17,4.2,4.29,4.17
2017-11-27,4.25,4.24,4.29,4.15
2017-11-28,4.23,4.26,4.27,4.18
2017-11-29,4.24,4.22,4.27,4.13
2017-11-30,4.19,4.17,4.21,4.14
2017-12-01,4.2,4.21,4.21,4.16
2017-12-04,4.18,4.13,4.21,4.11
2017-12-05,4.11,3.97,4.12,3.94
2017-12-06,3.95,3.96,3.97,3.85
2017-12-07,3.96,4.02,4.05,3.93
2017-12-08,4.03,4.13,4.13,3.99
2017-12-11,4.09,4.11,4.12,4.06
2017-12-12,4.11,4.05,4.12,4.05
2017-12-13,4.05,4.06,4.07,4.02
2017-12-14,4.06,4.04,4.08,4.02
2017-12-15,4.05,4.01,4.05,3.99
2017-12-18,3.99,4.02,4.06,3.99
2017-12-19,4.03,4.03,4.04,4.0
2017-12-20,4.03,3.96,4.04,3.93
2017-12-21,3.94,3.92,3.96,3.87
2017-12-22,3.88,3.9,3.94,3.88
2017-12-25,3.88,3.78,3.91,3.78
2017-12-26,3.81,3.78,3.81,3.75
2017-12-27,3.8,3.79,3.83,3.77
2017-12-28,3.79,3.78,3.82,3.75
2017-12-29,3.78,3.82,3.83,3.77
2018-01-02,3.82,3.87,3.87,3.81
2018-01-03,3.86,3.95,3.98,3.85
2018-01-04,3.95,3.96,4.0,3.93
2018-01-05,3.94,3.97,3.99,3.93
2018-01-08,3.97,3.94,3.99,3.92
2018-01-09,3.94,3.92,3.94,3.89
2018-01-10,3.91,3.85,3.92,3.82
2018-01-11,3.87,3.88,3.91,3.83
2018-01-12,3.87,4.03,4.05,3.86
2018-01-15,4.01,3.92,4.01,3.91
2018-01-16,3.91,3.95,3.98,3.9
2018-01-17,3.94,3.95,3.98,3.84
2018-01-18,3.93,3.92,3.98,3.91
2018-01-19,3.93,3.89,3.95,3.87
2018-01-22,3.88,3.96,4.01,3.85
2018-01-23,3.95,3.93,3.98,3.92
2018-01-24,3.92,3.98,3.98,3.9
2018-01-25,3.97,3.99,4.04,3.96
2018-01-26,4.0,3.97,4.0,3.96
2018-01-29,3.96,3.9,3.97,3.85
2018-01-30,3.89,3.9,3.91,3.84
2018-01-31,3.88,3.75,3.88,3.64
2018-02-01,3.72,3.54,3.76,3.42
2018-02-02,3.5,3.49,3.53,3.39
2018-02-05,3.41,3.39,3.45,3.36
2018-02-06,3.33,3.25,3.48,3.25
2018-02-07,3.25,3.27,3.38,3.2
2018-02-08,3.29,3.37,3.37,3.25
2018-02-09,3.3,3.24,3.33,3.18
2018-02-12,3.25,3.32,3.37,3.25
2018-02-13,3.32,3.33,3.37,3.28
2018-02-14,3.34,3.39,3.47,3.32
2018-02-22,3.41,3.39,3.42,3.35
2018-02-23,3.39,3.39,3.47,3.37
2018-02-26,3.36,3.44,3.46,3.36
2018-02-27,3.44,3.44,3.48,3.43
2018-02-28,3.4,3.45,3.48,3.37
2018-03-01,3.4,3.53,3.53,3.39
2018-03-02,3.49,3.48,3.52,3.47
2018-03-05,3.49,3.5,3.51,3.45
2018-03-06,3.5,3.52,3.55,3.48
2018-03-07,3.51,3.47,3.53,3.46
2018-03-08,3.46,3.53,3.55,3.44
2018-03-09,3.52,3.61,3.64,3.52
2018-03-12,3.62,3.7,3.71,3.58
2018-03-13,3.66,3.65,3.69,3.63
2018-03-14,3.64,3.61,3.72,3.6
2018-03-15,3.6,3.58,3.63,3.52
2018-03-16,3.57,3.54,3.6,3.54
2018-03-19,3.55,3.58,3.63,3.54
2018-03-20,3.55,3.6,3.6,3.53
2018-03-21,3.6,3.55,3.64,3.55
2018-03-22,3.55,3.56,3.67,3.5
2018-03-23,3.38,3.25,3.47,3.2
2018-03-26,3.2,3.3,3.32,3.18
2018-03-27,3.33,3.39,3.42,3.31
2018-03-28,3.35,3.36,3.4,3.33
2018-03-29,3.37,3.38,3.44,3.36
2018-03-30,3.4,3.44,3.45,3.38
2018-04-02,3.46,3.45,3.48,3.4
2018-04-03,3.41,3.37,3.41,3.36
2018-04-04,3.39,3.35,3.41,3.35
2018-04-09,3.35,3.34,3.35,3.23
2018-04-10,3.32,3.34,3.35,3.26
2018-04-11,3.34,3.36,3.38,3.34
2018-04-12,3.35,3.31,3.36,3.3
2018-04-13,3.32,3.3,3.36,3.29
2018-04-16,3.3,3.25,3.31,3.22
2018-04-17,3.25,3.18,3.27,3.17
2018-04-18,3.23,3.24,3.25,3.18
2018-04-19,3.24,3.25,3.27,3.21
2018-04-20,3.23,3.17,3.25,3.17
2018-04-23,3.19,3.16,3.19,3.11
2018-04-24,3.17,3.21,3.21,3.15
2018-04-25,3.18,3.2,3.21,3.18
2018-04-26,3.2,3.14,3.2,3.14
2018-04-27,3.16,3.17,3.18,3.14
2018-05-02,3.17,3.13,3.19,3.13
2018-05-03,3.14,3.15,3.16,3.09
2018-05-04,3.15,3.16,3.17,3.13
2018-05-07,3.16,3.23,3.24,3.15
2018-05-08,3.21,3.23,3.23,3.2
2018-05-09,3.22,3.22,3.24,3.19
2018-05-10,3.21,3.23,3.24,3.2
2018-05-11,3.22,3.21,3.23,3.2
2018-05-14,3.2,3.16,3.22,3.13
2018-05-15,3.17,3.18,3.18,3.13
2018-05-16,3.16,3.13,3.16,3.1
2018-05-17,3.13,3.11,3.14,3.1
2018-05-18,3.11,3.14,3.14,3.1
2018-05-21,3.15,3.19,3.21,3.14
2018-05-22,3.2,3.24,3.25,3.18
2018-05-23,3.23,3.18,3.23,3.17
2018-05-24,3.18,3.18,3.2,3.17
2018-05-25,3.17,3.16,3.19,3.12
