date,open,close,high,low
2016-01-04,18.187,16.25,18.187,16.25
2016-01-05,15.469,16.23,17.891,14.639
2016-01-06,16.319,16.705,16.823,16.122
2016-01-07,16.705,15.074,16.705,15.034
2016-01-08,15.37,15.094,15.805,14.342
2016-01-11,14.827,13.838,14.827,13.581
2016-01-12,14.313,14.283,14.332,13.354
2016-01-13,14.234,13.621,14.392,13.522
2016-01-14,12.87,13.838,13.986,12.86
2016-01-15,13.729,13.028,13.799,12.879
2016-01-18,12.237,13.285,13.641,12.237
2016-01-19,13.492,13.591,13.71,13.136
2016-01-20,13.552,13.799,14.026,13.473
2016-01-21,13.641,13.532,13.828,13.295
2016-01-22,13.7,13.384,13.7,12.968
2016-01-25,13.295,13.087,13.473,13.047
2016-01-26,13.117,11.782,13.117,11.782
2016-01-27,11.565,11.001,11.762,10.606
2016-01-28,10.863,11.021,11.397,10.774
2016-01-29,11.041,11.249,11.762,10.527
2016-02-01,11.249,11.169,11.476,10.903
2016-02-02,11.011,11.96,12.079,10.912
2016-02-03,11.743,12.217,12.425,11.565
2016-02-04,12.336,12.583,12.85,12.108
2016-02-05,12.514,12.959,13.186,12.464
2016-05-30,12.216,12.543,13.127,11.78
2016-05-31,12.384,12.85,13.078,12.235
2016-06-01,12.978,13.087,13.573,12.959
2016-06-02,13.335,14.395,14.395,13.335
2016-06-03,14.663,14.99,15.832,14.544
2016-06-06,15.059,14.623,15.663,14.554
2016-06-07,14.861,14.633,14.861,14.266
2016-06-08,14.484,14.593,14.99,14.316
2016-06-13,14.266,13.424,14.514,13.424
2016-06-14,13.375,13.761,13.83,13.266
2016-06-15,13.454,14.465,14.712,13.424
2016-06-16,14.474,15.326,15.614,14.316
2016-06-17,15.455,14.94,15.535,14.811
2016-06-20,14.97,15.208,15.376,14.861
2016-06-21,15.455,14.455,15.535,14.276
2016-06-22,14.385,14.821,14.93,14.316
2016-06-23,14.861,14.534,14.94,14.167
2016-06-24,14.474,14.554,14.801,13.88
2016-06-27,14.445,15.832,15.832,14.445
2016-06-28,15.852,15.901,15.961,15.406
2016-06-29,15.901,15.782,16.05,15.663
2016-06-30,16.545,16.0,17.338,15.871
2016-07-01,16.05,15.852,16.327,15.604
2016-07-04,15.475,15.911,16.208,15.475
2016-07-05,15.852,15.792,16.01,15.634
2016-07-06,15.792,16.347,16.436,15.752
2016-07-07,16.307,16.099,16.307,15.871
2016-07-08,16.099,15.733,16.278,15.634
2016-07-11,15.713,15.644,16.079,15.604
2016-07-12,15.455,15.663,15.832,15.158
2016-07-13,15.663,15.832,16.07,15.505
2016-07-14,15.752,16.0,16.07,15.673
2016-07-15,15.693,15.604,15.911,15.554
2016-07-18,15.554,14.564,15.554,14.445
2016-07-19,14.564,14.762,14.811,14.445
2016-07-20,14.762,14.564,14.811,14.554
2016-07-21,14.554,14.564,14.762,14.514
2016-07-22,14.663,14.593,14.811,14.514
2016-07-25,14.653,14.821,15.0,14.544
2016-07-26,14.742,14.811,14.92,14.623
2016-07-27,14.851,13.731,14.861,13.573
2016-07-28,13.741,13.771,13.949,13.523
2016-07-29,13.771,13.712,14.048,13.474
2016-08-01,13.603,13.979,14.148,13.206
2016-08-02,13.92,14.068,14.108,13.781
2016-08-03,14.148,14.098,14.167,13.939
2016-08-04,13.939,14.395,14.544,13.939
2016-08-05,14.257,14.207,14.554,14.167
2016-08-08,14.177,14.445,14.643,14.177
2016-08-09,14.653,14.445,14.653,14.365
2016-08-10,14.445,14.266,14.613,14.247
2016-08-11,14.217,14.148,14.524,14.118
2016-08-12,14.227,14.197,14.266,14.098
2016-08-15,14.217,14.524,14.663,14.177
2016-08-16,14.653,14.782,14.841,14.494
2016-08-17,15.039,14.772,15.039,14.643
2016-08-18,14.791,14.663,14.801,14.633
2016-08-19,14.712,14.99,15.019,14.702
2016-08-22,14.97,15.138,15.396,14.97
2016-08-23,15.485,15.198,15.485,15.019
2016-08-24,15.109,15.604,16.01,14.861
2016-08-25,15.445,16.367,16.585,15.445
2016-08-26,15.861,16.426,16.654,15.861
2016-08-29,16.268,16.287,16.446,15.99
2016-08-30,16.248,15.901,16.694,15.832
2016-08-31,15.871,15.901,15.921,15.455
2016-09-01,15.852,15.554,15.852,15.554
2016-09-02,15.535,15.356,15.703,15.267
2016-09-05,15.535,15.594,15.723,15.376
2016-09-06,15.594,16.099,17.149,15.455
2016-09-07,16.347,16.0,16.396,15.901
2016-09-08,15.941,15.832,16.099,15.683
2016-09-09,15.703,15.505,15.901,15.505
2016-09-12,15.267,14.068,15.287,13.979
2016-09-13,14.197,14.157,14.415,13.87
2016-09-14,14.019,14.217,14.316,13.89
2016-09-19,14.247,14.385,14.613,14.247
2016-09-20,14.346,14.445,14.494,14.296
2016-09-21,14.514,14.494,14.524,14.365
2016-09-22,14.564,14.435,14.692,14.415
2016-09-23,14.375,14.088,14.524,13.91
2016-09-26,14.039,13.791,14.187,13.751
2016-09-27,13.83,14.048,14.068,13.731
2016-09-28,14.157,13.969,14.157,13.801
2016-09-29,13.92,14.187,14.187,13.92
2016-09-30,14.187,14.227,14.266,14.068
2016-10-10,14.316,14.474,14.514,14.138
2016-10-11,14.514,14.504,14.623,14.385
2016-10-12,14.465,14.484,14.554,14.365
2016-10-13,14.514,14.455,14.554,14.405
2016-10-14,14.465,14.375,14.504,14.058
2016-10-17,14.455,14.356,14.504,14.247
2016-10-18,14.514,14.762,14.861,14.346
2016-10-19,14.782,14.92,14.99,14.633
2016-10-20,14.93,15.019,15.317,14.93
2016-10-21,15.019,15.039,15.148,14.861
2016-10-24,15.049,15.168,15.336,14.94
2016-10-25,15.515,15.178,15.515,15.089
2016-10-26,15.178,15.059,15.257,14.91
2016-10-27,15.059,14.821,15.148,14.782
2016-10-28,14.791,14.692,14.98,14.643
2016-10-31,14.633,15.009,15.039,14.633
2016-11-01,15.109,15.009,15.515,14.861
2016-11-02,14.881,14.841,15.158,14.821
2016-11-03,14.791,14.99,15.069,14.762
2016-11-04,14.91,14.91,15.049,14.861
2016-11-07,14.891,14.92,15.029,14.791
2016-11-08,15.019,15.019,15.069,14.91
2016-11-09,15.059,14.871,15.109,14.712
2016-11-10,15.099,15.089,15.109,14.97
2016-11-11,15.138,15.247,15.297,15.009
2016-11-14,15.277,15.416,15.653,15.188
2016-11-15,15.297,15.227,15.406,15.009
2016-11-16,15.237,15.218,15.297,15.158
2016-11-17,15.247,15.079,15.257,15.039
2016-11-18,15.178,15.782,16.099,15.049
2016-11-21,15.604,15.752,15.951,15.465
2016-11-22,15.663,15.723,15.941,15.465
2016-11-23,15.723,16.099,16.218,15.653
2016-11-24,16.149,16.02,16.347,15.852
2016-11-25,15.782,16.01,16.07,15.465
2016-11-28,15.99,16.218,16.486,15.99
2016-11-29,16.149,15.901,16.347,15.881
2016-11-30,15.852,15.455,15.861,15.416
2016-12-01,15.406,15.406,15.852,15.307
2016-12-02,15.475,14.94,15.515,14.94
2016-12-05,14.762,15.0,15.218,14.683
2016-12-06,15.019,15.109,15.277,14.891
2016-12-07,15.109,15.287,15.317,14.98
2016-12-08,15.277,15.059,15.277,14.96
2016-12-09,14.97,14.97,15.128,14.772
2016-12-12,15.059,14.048,15.059,13.87
2016-12-13,13.969,13.83,13.969,13.305
2016-12-14,13.83,13.821,14.048,13.702
2016-12-15,13.702,13.89,14.098,13.622
2016-12-16,13.89,14.029,14.227,13.771
2016-12-19,13.989,14.732,14.91,13.969
2016-12-20,15.326,14.564,15.326,14.465
2016-12-21,14.465,14.583,14.9,14.425
2016-12-22,14.583,14.266,14.702,14.167
2016-12-23,14.276,14.227,14.365,14.048
2016-12-26,14.068,14.118,14.187,13.85
2016-12-27,14.098,14.138,14.247,13.989
2016-12-28,14.108,14.118,14.157,13.949
2016-12-29,14.019,14.048,14.157,13.969
2016-12-30,13.91,13.89,14.138,13.85
2017-01-03,13.969,13.939,14.068,13.88
2017-01-04,13.989,14.375,14.583,13.969
2017-01-05,14.365,14.296,14.504,14.217
2017-01-06,14.405,14.465,14.613,14.187
2017-01-09,14.465,14.742,14.841,14.375
2017-01-10,14.732,14.702,14.811,14.593
2017-01-11,14.663,14.554,14.732,14.365
2017-01-12,14.465,14.772,16.0,14.465
2017-01-13,14.772,14.593,14.91,14.544
2017-01-16,14.593,14.128,14.663,13.177
2017-01-17,14.068,14.128,14.237,13.771
2017-01-18,14.861,14.296,14.861,14.167
2017-01-19,14.078,14.187,14.365,14.048
2017-01-20,14.029,14.316,14.395,14.029
2017-01-23,14.385,14.425,14.821,14.326
2017-01-24,14.356,14.375,14.484,14.296
2017-01-25,14.326,14.405,14.514,14.316
2017-01-26,14.465,14.484,14.494,14.346
2017-02-03,14.474,14.336,14.514,14.336
2017-02-06,14.326,14.603,14.633,14.237
2017-02-07,14.524,14.514,14.712,14.415
2017-02-08,14.514,14.514,14.544,14.336
2017-02-09,14.514,14.623,14.782,14.494
2017-02-10,14.613,14.861,15.0,14.564
2017-02-13,14.861,14.93,15.138,14.782
2017-02-14,14.791,15.059,15.208,14.791
2017-02-15,15.009,15.515,16.05,14.91
2017-02-16,15.505,15.554,15.772,15.307
2017-02-17,15.455,15.148,15.713,15.089
2017-02-20,15.128,15.208,15.326,15.019
2017-02-21,15.188,15.703,15.822,15.138
2017-02-22,15.634,15.852,15.931,15.356
2017-02-23,15.792,15.614,15.951,15.376
2017-02-24,15.634,15.792,16.099,15.525
2017-02-27,15.604,14.871,15.693,14.762
2017-02-28,14.762,14.613,14.95,14.474
2017-03-01,14.623,14.336,14.653,14.227
2017-03-02,14.395,14.306,14.514,14.286
2017-03-03,14.187,14.356,14.425,14.078
2017-03-06,14.306,14.692,14.742,14.306
2017-03-07,14.683,14.673,14.95,14.613
2017-06-21,13.206,13.206,13.206,13.206
2017-06-22,11.889,12.235,12.78,11.889
2017-06-23,11.968,12.027,12.235,11.77
2017-06-26,12.027,12.027,12.156,11.819
2017-06-27,12.067,11.938,12.147,11.908
2017-06-28,11.918,11.908,11.988,11.858
2017-06-29,11.918,11.59,11.918,11.451
2017-06-30,11.53,11.59,11.6,11.371
2017-07-03,11.521,11.62,11.68,11.451
2017-07-04,11.68,11.56,11.699,11.53
2017-07-05,11.59,11.59,11.59,11.431
2017-07-06,11.59,11.511,11.6,11.421
2017-07-07,11.501,11.53,11.55,11.431
2017-07-10,11.58,11.481,11.62,11.431
2017-07-11,11.441,11.033,11.481,10.964
2017-07-12,11.073,10.954,11.113,10.715
2017-07-13,10.964,10.884,10.964,10.805
2017-07-14,10.914,11.123,11.153,10.845
2017-07-17,11.113,10.01,11.113,10.01
2017-07-18,10.437,9.88,10.437,9.612
2017-07-19,9.811,10.03,10.03,9.791
2017-07-20,10.01,9.94,10.258,9.91
2017-07-21,9.94,9.9,10.049,9.821
2017-07-24,9.861,10.049,10.089,9.751
2017-07-25,10.099,10.039,10.119,9.94
2017-07-26,10.02,10.129,10.139,9.97
2017-07-27,10.119,10.407,10.536,10.02
2017-07-28,10.338,10.238,10.457,10.169
2017-07-31,10.198,10.268,10.348,10.119
2017-08-01,10.268,10.218,10.288,10.139
2017-08-02,10.228,10.109,10.258,10.109
2017-08-03,10.03,10.159,10.278,10.03
2017-08-04,10.169,10.089,10.198,10.039
2017-08-07,10.089,10.308,10.308,10.089
2017-08-08,10.318,10.487,10.566,10.238
2017-08-09,10.586,10.467,10.695,10.417
2017-08-10,10.467,10.268,10.517,10.159
2017-08-11,10.189,10.248,10.636,10.159
2017-08-14,10.686,11.163,11.212,10.586
2017-08-15,10.944,10.964,11.033,10.835
2017-08-16,10.984,11.063,11.153,10.735
2017-08-17,11.063,11.063,11.183,10.944
2017-08-18,10.994,10.914,11.133,10.805
2017-08-21,10.864,10.855,10.974,10.785
2017-08-22,10.855,10.795,10.974,10.775
2017-08-23,10.795,10.695,10.894,10.576
2017-08-24,10.676,10.765,10.765,10.576
2017-08-25,10.795,10.785,10.884,10.755
2017-08-28,10.864,10.864,11.024,10.795
2017-08-29,10.884,10.924,11.053,10.864
2017-08-30,10.874,11.083,11.232,10.874
2017-08-31,11.053,11.024,11.133,10.904
2017-09-01,11.004,11.202,11.312,10.964
2017-09-04,11.282,11.173,11.381,11.113
2017-09-05,11.212,11.461,11.59,11.153
2017-09-06,11.431,11.381,11.441,11.282
2017-09-07,11.401,11.232,11.471,11.212
2017-09-08,11.133,11.332,11.421,11.123
2017-09-11,11.282,11.361,11.421,11.252
2017-09-12,11.411,11.66,11.779,11.332
2017-09-13,11.928,11.968,12.405,11.858
2017-09-14,11.868,11.779,12.127,11.759
2017-09-15,11.789,11.54,11.829,11.501
2017-09-18,11.501,11.759,11.779,11.501
2017-09-19,11.64,11.799,11.858,11.64
2017-09-20,11.809,12.018,12.087,11.739
2017-09-21,12.057,11.958,12.077,11.948
2017-09-22,11.888,11.998,12.008,11.849
2017-09-25,12.067,12.137,12.157,11.928
2017-09-26,12.117,12.226,12.236,12.047
2017-09-27,12.206,12.236,12.296,12.147
2017-09-28,12.236,11.759,12.236,11.729
2017-09-29,11.759,11.888,11.958,11.739
2017-10-09,11.938,11.6,12.107,11.58
2017-10-10,11.719,11.779,11.849,11.55
2017-10-11,11.819,11.958,12.196,11.779
2017-10-12,11.948,11.918,12.077,11.849
2017-10-13,11.799,11.868,12.008,11.799
2017-10-16,11.829,11.431,11.888,11.431
2017-10-17,11.411,11.361,11.501,11.312
2017-10-18,11.361,11.133,11.491,11.113
2017-10-19,11.212,10.874,11.312,10.785
2017-10-20,10.735,10.884,10.984,10.576
2017-10-23,10.864,10.894,10.944,10.735
2017-10-24,10.894,10.894,10.914,10.775
2017-10-25,10.904,10.934,10.934,10.795
2017-10-26,10.954,10.954,11.033,10.855
2017-10-27,11.024,11.312,11.381,10.974
2017-10-30,11.431,10.765,11.431,10.616
2017-10-31,10.825,10.874,10.934,10.636
2017-11-01,10.815,10.646,10.884,10.646
2017-11-02,10.626,10.328,10.755,10.248
2017-11-03,10.318,10.447,10.517,10.288
2017-11-06,10.527,10.646,10.686,10.348
2017-11-07,10.725,10.566,10.785,10.477
2017-11-08,10.566,10.825,10.934,10.566
2017-11-09,10.715,10.914,10.924,10.705
2017-11-10,10.984,10.914,11.014,10.835
2017-11-13,10.835,11.053,11.173,10.835
2017-11-14,10.944,11.033,11.093,10.944
2017-11-15,11.043,11.024,11.083,10.954
2017-11-16,11.063,11.093,11.222,10.984
2017-11-17,11.063,10.666,11.123,10.596
2017-11-20,10.338,10.884,10.964,10.288
2017-11-21,10.795,10.904,11.043,10.775
2017-11-22,10.745,10.944,11.083,10.745
2017-11-23,11.004,10.775,11.103,10.546
2017-11-24,10.825,10.984,11.322,10.815
2017-11-27,10.934,10.467,11.014,10.467
2017-11-28,10.367,10.646,10.676,10.328
2017-11-29,10.656,10.566,10.656,10.318
2017-11-30,10.566,10.387,10.566,10.387
2017-12-01,10.397,10.536,10.566,10.397
2017-12-04,10.536,10.169,10.536,10.169
2017-12-05,10.298,10.159,11.183,9.841
2017-12-06,10.089,10.169,10.437,9.761
2017-12-07,10.139,9.95,10.139,9.93
2017-12-08,9.94,10.01,10.109,9.92
2017-12-11,10.01,10.02,10.069,9.96
2017-12-12,10.02,10.059,10.169,9.99
2017-12-13,10.059,10.189,10.218,10.039
2017-12-14,10.139,10.198,10.338,10.0
2017-12-15,10.198,10.208,10.367,10.059
2017-12-18,10.208,10.089,10.238,10.089
2017-12-19,10.129,10.069,10.149,10.02
2017-12-20,10.02,9.96,10.119,9.95
2017-12-21,10.02,10.079,10.119,9.89
2017-12-22,10.069,10.079,10.119,9.94
2017-12-25,10.069,9.94,10.069,9.92
2017-12-26,9.91,10.0,10.02,9.811
2017-12-27,10.0,10.02,10.089,9.89
2017-12-28,10.01,10.119,10.258,9.99
2017-12-29,10.039,10.119,10.119,9.92
2018-01-02,10.059,10.129,10.189,10.059
2018-01-03,10.119,10.169,10.198,10.109
2018-01-04,10.169,10.169,10.169,10.049
2018-01-05,10.179,10.169,10.179,10.109
2018-01-08,10.169,10.149,10.238,10.099
2018-01-09,10.159,10.089,10.159,10.059
2018-01-10,10.069,9.96,10.069,9.92
2018-01-11,9.93,9.98,10.03,9.92
2018-01-12,9.94,9.92,10.0,9.92
2018-01-15,9.861,9.9,9.99,9.652
2018-01-16,9.821,9.9,9.91,9.731
2018-01-17,9.801,9.89,9.92,9.731
2018-01-18,9.9,9.811,9.9,9.741
2018-01-19,9.771,9.781,9.821,9.701
2018-01-22,9.701,9.781,9.87,9.662
2018-01-23,9.781,9.771,9.811,9.692
2018-01-24,9.721,9.841,9.861,9.682
2018-01-25,9.87,9.97,10.189,9.831
2018-01-26,10.02,9.92,10.039,9.91
2018-01-29,9.92,9.791,9.94,9.731
2018-01-30,9.721,9.801,10.109,8.956
2018-01-31,9.701,9.682,9.811,9.503
2018-02-01,9.642,9.195,9.711,9.155
2018-02-02,9.045,8.986,9.165,8.737
2018-02-05,8.936,8.638,8.936,8.598
2018-02-06,8.459,7.912,8.459,7.773
2018-02-07,8.051,7.952,8.131,7.614
2018-02-08,7.982,8.151,8.747,7.982
2018-02-09,8.051,7.992,8.3,7.694
2018-02-12,8.071,8.171,8.26,8.002
2018-02-13,8.21,8.191,8.24,8.141
2018-02-14,8.051,8.141,8.181,8.051
2018-02-22,8.151,8.28,8.3,8.141
2018-02-23,8.26,8.29,8.389,8.21
2018-02-26,8.37,8.469,8.479,8.27
2018-02-27,8.469,8.499,8.588,8.409
2018-02-28,8.489,8.499,8.548,8.35
2018-03-01,8.489,8.648,8.678,8.459
2018-03-02,8.519,8.588,8.658,8.499
2018-03-05,8.588,8.469,8.608,8.3
2018-03-06,8.389,8.757,8.807,8.389
2018-03-07,8.737,8.588,8.797,8.548
2018-03-08,8.519,8.628,8.698,8.519
2018-03-09,8.658,8.707,8.747,8.529
2018-03-12,8.707,8.946,8.946,8.707
2018-03-13,9.016,8.847,9.016,8.807
2018-03-14,8.807,8.698,8.857,8.658
2018-03-15,8.638,8.757,8.777,8.529
2018-03-16,8.757,8.698,8.797,8.628
2018-03-19,8.688,8.707,8.757,8.578
2018-03-20,8.479,8.658,8.717,8.479
2018-03-21,8.668,8.668,8.847,8.608
2018-03-22,8.658,8.767,8.827,8.638
2018-03-23,8.35,8.201,8.578,7.962
2018-03-26,8.051,8.23,8.24,7.753
2018-03-27,8.3,8.35,8.429,8.3
2018-03-28,8.3,8.34,8.389,8.21
2018-03-29,8.409,8.489,8.529,8.32
2018-03-30,8.548,8.707,8.737,8.489
2018-04-02,8.797,8.608,8.797,8.548
2018-04-03,8.548,8.389,8.548,8.3
2018-04-04,8.28,8.379,8.509,8.28
2018-04-09,8.25,8.31,8.419,8.161
2018-04-10,8.27,8.3,8.429,8.171
2018-04-11,8.27,8.509,8.707,8.27
2018-04-12,8.509,8.409,8.529,8.25
2018-04-13,8.409,8.35,8.489,8.32
2018-04-16,8.409,8.3,8.409,8.171
2018-04-17,8.34,8.111,8.379,8.061
2018-04-18,8.111,8.25,8.37,8.002
2018-04-19,8.27,8.201,8.31,8.171
2018-04-20,8.141,8.012,8.21,7.853
2018-04-23,8.012,8.002,8.032,7.654
2018-04-24,7.853,8.012,8.061,7.853
2018-04-25,8.002,8.002,8.022,7.853
2018-04-26,7.982,7.833,7.982,7.753
2018-04-27,7.763,7.793,7.833,7.654
2018-05-02,7.753,7.694,7.793,7.654
2018-05-03,7.694,7.733,7.773,7.554
2018-05-04,7.912,7.932,8.061,7.773
2018-05-07,7.942,8.071,8.121,7.803
2018-05-08,8.091,8.21,8.25,7.962
2018-05-09,8.141,8.21,8.31,8.141
2018-05-10,8.21,8.28,8.3,8.161
2018-05-11,8.28,8.29,8.32,8.201
2018-05-14,8.479,8.161,8.479,8.101
2018-05-15,8.151,8.25,8.34,8.151
2018-05-16,8.201,8.25,8.31,8.101
2018-05-17,8.29,8.26,8.3,8.181
2018-05-18,8.24,8.26,8.29,8.131
2018-05-21,8.27,8.34,8.34,8.25
2018-05-22,8.42,8.4,8.42,8.33
2018-05-23,9.0,9.04,9.24,8.86
2018-05-24,8.78,8.63,8.85,8.53
2018-05-25,8.5,8.49,8.64,8.4
