date,open,close,high,low
2016-01-04,17.765,15.997,17.765,15.997
2016-01-05,14.759,15.992,16.438,14.754
2016-01-06,16.215,16.378,16.502,15.457
2016-01-07,15.948,14.74,16.032,14.74
2016-01-08,15.096,14.804,15.101,13.269
2016-01-11,14.606,13.858,14.853,13.63
2016-01-12,13.814,14.606,14.685,13.814
2016-01-13,14.735,14.2,15.091,14.101
2016-01-14,13.363,15.448,15.497,12.873
2016-01-15,15.101,14.373,15.349,13.903
2016-01-18,14.002,14.72,15.101,13.863
2016-01-19,14.556,15.428,15.457,14.259
2016-01-20,15.116,15.299,15.547,14.848
2016-01-21,15.002,15.022,16.091,14.933
2016-01-22,15.334,15.68,15.759,14.527
2016-01-25,15.918,15.799,16.24,15.383
2016-01-26,15.349,14.22,15.349,14.22
2016-01-27,13.967,14.145,14.249,12.828
2016-01-28,13.655,12.729,14.002,12.729
2016-01-29,12.784,13.368,13.64,12.239
2016-02-01,13.368,12.769,13.442,12.279
2016-02-02,13.111,13.645,13.913,12.922
2016-02-03,13.368,14.002,14.126,13.324
2016-02-04,14.101,14.903,15.007,13.962
2016-02-05,14.799,14.928,15.101,14.566
2016-02-15,14.358,15.2,15.344,14.155
2016-02-16,15.274,15.695,15.898,15.259
2016-02-17,15.596,15.685,15.967,15.403
2016-02-18,15.764,15.794,16.314,15.764
2016-02-19,15.769,15.893,15.913,15.378
2016-02-22,15.898,15.834,16.101,15.606
2016-02-23,15.858,15.552,16.086,15.349
2016-02-24,15.685,14.992,15.685,14.457
2016-02-25,14.853,13.492,14.933,13.492
2016-02-26,13.492,13.358,13.695,12.997
2016-02-29,13.328,12.021,13.328,12.021
2016-03-01,11.883,12.18,12.378,11.239
2016-03-02,12.007,12.576,12.65,11.635
2016-03-03,12.571,12.388,13.071,12.368
2016-03-04,12.304,11.383,12.457,11.338
2016-03-07,11.244,11.898,12.299,11.244
2016-03-08,11.789,12.328,12.413,11.13
2016-03-09,11.932,12.229,12.566,11.898
2016-03-10,12.229,11.68,12.413,11.388
2016-03-11,11.412,11.358,11.601,11.14
2016-03-14,11.596,12.086,12.403,11.566
2016-03-15,12.13,12.056,12.299,11.992
2016-03-16,12.299,11.883,12.417,11.516
2016-03-17,11.873,12.913,12.992,11.843
2016-03-18,12.957,13.66,13.843,12.873
2016-03-21,13.829,14.036,14.071,13.507
2016-03-22,13.789,13.819,13.932,13.63
2016-03-23,13.715,13.893,14.002,13.551
2016-03-24,13.665,13.779,14.185,13.621
2016-03-25,13.779,13.947,14.002,13.566
2016-03-28,14.2,14.368,14.769,14.175
2016-03-29,14.348,13.393,14.408,13.056
2016-03-30,13.541,14.735,14.735,13.531
2016-03-31,14.814,15.75,16.071,14.809
2016-04-01,15.755,15.368,16.408,15.24
2016-04-05,15.349,15.606,15.72,14.918
2016-04-06,15.413,15.745,15.839,15.373
2016-04-07,15.745,15.517,16.18,15.497
2016-04-08,15.106,15.051,15.21,14.789
2016-04-11,15.2,15.443,15.646,15.2
2016-04-12,15.408,14.794,15.472,14.571
2016-04-13,15.071,15.071,15.353,14.824
2016-04-14,15.245,15.249,15.349,15.002
2016-04-15,15.175,15.012,15.324,14.848
2016-04-18,14.497,14.235,14.497,13.868
2016-04-19,14.408,14.358,14.477,14.21
2016-04-20,14.492,13.487,14.497,13.071
2016-04-21,13.408,13.086,13.541,13.076
2016-04-22,12.982,13.348,13.413,12.883
2016-04-25,13.195,13.021,13.269,12.814
2016-04-26,13.002,13.413,13.457,12.972
2016-04-27,13.353,13.299,13.665,13.229
2016-04-28,13.363,13.744,13.814,13.121
2016-04-29,13.69,13.566,13.784,13.467
2016-05-03,13.645,14.126,14.15,13.507
2016-05-04,13.967,13.962,14.314,13.937
2016-05-05,13.937,14.16,14.16,13.868
2016-05-06,14.16,13.695,14.645,13.69
2016-05-09,13.467,12.893,13.517,12.774
2016-05-10,12.868,12.952,13.036,12.789
2016-05-11,13.002,12.447,13.096,12.398
2016-05-12,12.135,12.814,12.833,11.922
2016-05-13,12.63,12.551,12.863,12.427
2016-05-16,12.413,12.724,12.784,12.378
2016-05-17,12.675,12.724,12.957,12.457
2016-05-18,12.526,12.304,12.546,11.987
2016-05-19,12.274,12.413,12.759,12.229
2016-05-20,12.284,12.655,12.655,12.135
2016-05-23,12.665,12.903,12.903,12.65
2016-05-24,13.056,12.754,13.056,12.65
2016-05-25,12.962,12.769,13.096,12.665
2016-05-26,12.695,13.066,13.091,12.284
2016-05-27,13.061,12.744,13.061,12.724
2016-05-30,12.644,12.913,13.112,12.306
2016-05-31,12.803,13.719,13.879,12.803
2016-06-01,13.739,13.66,14.068,13.62
2016-06-02,13.52,13.859,13.869,13.451
2016-06-03,13.919,13.928,14.008,13.54
2016-06-06,13.919,13.919,14.098,13.739
2016-06-07,13.919,14.028,14.197,13.57
2016-06-08,14.028,13.859,14.028,13.69
2016-06-13,13.461,12.744,13.62,12.744
2016-06-14,12.694,12.744,12.983,12.555
2016-06-15,12.545,13.291,13.421,12.455
2016-06-16,13.242,13.052,13.391,12.993
2016-06-17,13.072,13.271,13.61,13.072
2016-06-20,13.271,13.461,13.51,12.903
2016-06-21,13.53,13.112,13.62,12.993
2016-06-22,13.092,13.441,13.451,12.903
2016-06-23,13.411,14.118,14.436,13.341
2016-06-24,14.118,13.809,14.157,13.251
2016-06-27,13.56,14.307,14.396,13.53
2016-06-28,14.227,14.317,14.416,13.928
2016-06-29,14.357,14.197,14.516,14.078
2016-06-30,14.307,14.327,14.576,14.217
2016-07-01,14.337,14.108,14.506,14.048
2016-07-04,14.038,14.436,14.576,13.889
2016-07-05,14.416,14.347,14.516,14.148
2016-07-06,14.217,14.148,14.337,14.068
2016-07-07,14.148,14.048,14.237,13.769
2016-07-08,13.998,14.118,14.227,13.839
2016-07-11,14.108,13.759,14.187,13.749
2016-07-12,13.709,13.819,13.879,13.341
2016-07-13,13.819,14.177,14.287,13.789
2016-07-14,14.138,14.367,14.406,14.018
2016-07-15,14.476,14.396,14.615,14.098
2016-07-18,14.367,14.177,14.367,13.938
2016-11-07,15.591,15.591,15.591,14.635
2016-11-08,14.984,15.213,15.412,14.834
2016-11-09,15.133,16.099,16.198,14.984
2016-11-10,15.91,16.258,16.477,15.74
2016-11-11,16.228,15.571,16.228,15.452
2016-11-14,15.601,15.502,15.731,15.183
2016-11-15,15.511,15.75,15.75,15.332
2016-11-16,15.75,15.213,15.75,15.133
2016-11-17,15.233,15.173,15.372,14.954
2016-11-18,15.183,14.934,15.263,14.894
2016-11-21,14.984,15.163,15.163,14.884
2016-11-22,15.183,15.183,15.193,14.984
2016-11-23,15.223,15.063,15.382,15.014
2016-11-24,15.073,14.476,15.103,14.347
2016-11-25,14.386,14.297,14.516,13.899
2016-11-28,14.347,14.167,14.456,14.128
2016-11-29,14.237,13.928,14.357,13.849
2016-11-30,13.948,13.928,14.138,13.819
2016-12-01,13.968,14.018,14.157,13.889
2016-12-02,14.088,13.52,14.088,13.52
2016-12-05,13.331,13.451,13.63,13.271
2016-12-06,13.471,13.441,13.58,13.421
2016-12-07,13.49,13.849,13.849,13.411
2016-12-08,13.859,13.869,13.988,13.66
2016-12-09,13.759,13.938,13.958,13.729
2016-12-12,13.879,12.545,13.879,12.545
2016-12-13,12.545,12.684,12.794,12.306
2016-12-14,12.644,12.565,12.863,12.545
2016-12-15,12.525,12.594,12.843,12.395
2016-12-16,12.594,12.744,12.774,12.565
2016-12-19,12.744,12.574,12.784,12.455
2016-12-20,12.634,12.565,12.674,12.495
2016-12-21,12.594,12.614,12.714,12.545
2016-12-22,12.614,12.654,12.664,12.465
2016-12-23,12.644,12.714,12.774,12.425
2016-12-26,12.634,12.813,12.863,12.415
2016-12-27,12.764,12.784,12.873,12.684
2016-12-28,12.813,12.744,12.843,12.594
2016-12-29,12.674,13.003,13.112,12.644
2016-12-30,12.953,13.052,13.162,12.863
2017-01-03,13.112,13.022,13.112,12.963
2017-01-04,13.042,13.102,13.132,12.893
2017-01-05,13.092,12.973,13.092,12.963
2017-01-06,12.993,12.584,13.032,12.574
2017-01-09,12.584,12.624,12.754,12.515
2017-01-10,12.674,12.545,12.734,12.445
2017-01-11,12.465,12.435,12.664,12.365
2017-01-12,12.445,12.097,12.495,12.087
2017-01-13,12.186,11.708,12.186,11.659
2017-01-16,11.708,11.201,11.708,10.653
2017-01-17,11.171,11.539,11.649,10.802
2017-01-18,11.449,11.31,11.549,11.29
2017-01-19,11.28,11.35,11.439,11.131
2017-01-20,11.28,11.678,11.778,11.28
2017-01-23,11.678,11.778,11.858,11.639
2017-01-24,11.768,11.589,11.788,11.539
2017-01-25,11.499,11.439,11.678,11.36
2017-01-26,11.499,11.589,11.629,11.459
2017-02-03,11.579,11.678,11.688,11.469
2017-02-06,11.659,11.858,11.888,11.659
2017-02-07,11.828,11.748,11.878,11.639
2017-02-08,11.698,11.897,11.927,11.569
2017-02-09,11.897,11.997,12.047,11.828
2017-02-10,11.967,11.758,12.017,11.698
2017-02-13,11.758,11.828,11.868,11.678
2017-02-14,11.838,11.708,11.838,11.678
2017-02-15,11.708,11.449,11.748,11.42
2017-02-16,11.42,11.37,11.559,11.3
2017-02-17,11.38,11.479,11.559,11.33
2017-02-20,11.479,11.599,11.619,11.4
2017-02-21,11.599,11.828,11.897,11.569
2017-02-22,11.828,11.828,11.997,11.728
2017-02-23,11.808,11.858,11.858,11.639
2017-02-24,11.798,11.977,11.977,11.718
2017-02-27,12.037,11.917,12.186,11.907
2017-02-28,11.848,11.868,11.957,11.738
2017-03-01,11.868,11.858,12.027,11.828
2017-03-02,11.888,11.818,12.007,11.808
2017-03-03,11.858,11.897,11.937,11.668
2017-03-06,11.778,12.166,12.166,11.778
2017-03-07,12.385,12.405,12.724,12.336
2017-03-08,12.435,12.355,12.545,12.286
2017-03-09,12.395,12.624,12.843,12.256
2017-03-10,12.604,12.445,12.614,12.395
2017-03-13,12.505,12.415,12.515,12.326
2017-03-14,12.445,12.316,12.594,12.286
2017-03-15,12.375,12.664,12.664,12.266
2017-03-16,12.604,12.644,12.704,12.555
2017-03-17,12.634,12.515,12.684,12.465
2017-03-20,12.465,12.395,12.505,12.266
2017-03-21,12.405,12.455,12.455,12.286
2017-03-22,12.355,12.186,12.455,12.156
2017-03-23,12.206,12.067,12.316,11.967
2017-03-24,12.047,12.007,12.067,11.858
2017-03-27,11.957,11.649,11.997,11.599
2017-03-28,11.619,11.649,11.778,11.569
2017-03-29,11.599,11.4,11.688,11.38
2017-03-30,11.43,11.141,11.43,11.121
2017-03-31,11.171,11.011,11.22,10.862
2017-04-05,11.031,11.24,11.32,11.001
2017-04-06,11.27,11.33,11.42,11.161
2017-04-07,11.26,11.25,11.31,11.181
2017-04-10,11.24,11.091,11.25,11.001
2017-04-11,11.041,11.34,11.38,11.001
2017-04-12,11.449,11.32,11.569,11.32
2017-04-13,11.45,11.25,11.45,11.23
2017-04-14,11.2,11.06,11.25,11.04
2017-04-17,11.13,11.07,11.16,11.0
2017-04-18,11.1,10.85,11.15,10.82
2017-04-19,10.83,10.57,10.83,10.46
2017-04-20,10.57,10.31,10.62,10.23
2017-04-21,10.32,10.4,10.44,10.31
2017-04-24,10.3,10.18,10.38,9.92
2017-04-25,10.19,10.18,10.35,10.16
2017-04-26,10.21,10.11,10.22,10.07
2017-04-27,10.09,10.35,10.35,9.82
2017-04-28,10.32,10.44,10.56,10.24
2017-05-02,10.45,10.45,10.6,10.41
2017-05-03,10.4,10.34,10.53,10.27
2017-05-04,10.34,10.33,10.49,10.26
2017-05-05,10.28,10.12,10.35,10.06
2017-05-08,10.13,10.07,10.3,10.01
2017-05-09,10.06,10.35,10.35,9.97
2017-05-10,10.28,9.97,10.42,9.95
2017-05-11,9.91,9.82,9.95,9.45
2017-05-12,9.78,9.7,9.85,9.56
2017-05-15,9.72,9.73,9.89,9.72
2017-05-16,9.75,10.34,10.37,9.69
2017-05-17,10.3,10.36,10.41,10.25
2017-05-25,10.29,10.12,10.29,9.9
2017-05-26,10.16,10.29,10.38,10.05
2017-05-31,10.3,10.23,10.48,10.22
2017-06-01,10.11,9.58,10.2,9.58
2017-06-02,9.6,9.76,9.87,9.47
2017-06-05,9.77,9.83,9.95,9.77
2017-06-06,9.77,9.93,9.96,9.77
2017-06-07,9.93,10.29,10.38,9.88
2017-06-08,10.21,10.14,10.34,10.05
2017-06-09,10.1,10.12,10.15,9.91
2017-06-12,10.04,9.79,10.04,9.79
2017-06-13,9.83,9.99,10.04,9.83
2017-06-14,9.95,10.09,10.16,9.95
2017-06-15,10.14,10.31,10.4,10.1
2017-06-16,10.27,10.32,10.33,10.18
2017-06-19,10.3,10.34,10.39,10.25
2017-06-20,10.36,10.43,10.44,10.33
2017-06-21,10.4,10.27,10.42,10.16
2017-06-22,10.25,9.96,10.28,9.95
2017-06-23,9.89,9.99,10.01,9.7
2017-06-26,9.95,10.13,10.14,9.91
2017-06-27,10.18,10.12,10.28,10.09
2017-06-28,10.08,9.97,10.11,9.89
2017-06-29,10.01,9.98,10.09,9.92
2017-06-30,10.02,10.07,10.08,9.96
2017-07-03,10.11,10.25,10.26,10.09
2017-07-04,10.22,10.37,10.37,10.19
2017-07-05,10.3,10.79,11.28,10.18
2017-07-06,10.67,10.61,10.76,10.54
2017-07-07,10.56,10.68,10.78,10.53
2017-07-10,10.6,10.53,10.72,10.46
2017-07-11,10.49,10.33,10.58,10.31
2017-07-12,10.24,10.31,10.38,10.14
2017-07-13,10.29,10.14,10.35,10.1
2017-07-14,10.12,10.05,10.19,9.97
2017-07-31,10.27,10.37,10.77,10.21
2017-08-01,10.28,10.18,10.41,10.12
2017-08-02,10.14,10.01,10.23,10.01
2017-08-03,10.08,10.11,10.22,10.01
2017-08-04,10.11,9.89,10.15,9.86
2017-08-07,9.96,9.98,10.04,9.88
2017-08-08,10.0,9.97,10.03,9.83
2017-08-09,10.01,10.11,10.16,9.97
2017-08-10,10.07,9.94,10.15,9.89
2017-08-11,9.91,9.92,10.01,9.84
2017-08-14,9.83,10.15,10.18,9.83
2017-08-15,10.18,10.22,10.23,10.09
2017-08-16,10.21,10.39,10.47,10.15
2017-08-17,10.38,10.5,10.63,10.31
2017-08-18,10.4,10.35,10.47,10.28
2017-08-21,10.35,10.47,10.5,10.33
2017-08-22,10.47,10.31,10.48,10.27
2017-08-23,10.3,10.28,10.44,10.25
2017-08-24,10.32,10.05,10.32,9.99
2017-08-25,10.08,10.48,10.48,10.06
2017-08-28,10.43,10.55,10.64,10.43
2017-08-29,10.52,10.41,10.61,10.36
2017-08-30,10.4,10.45,10.62,10.38
2017-08-31,10.45,10.62,10.73,10.43
2017-09-01,10.6,10.75,10.77,10.48
2017-09-04,10.74,10.85,10.94,10.63
2017-09-05,10.84,10.68,10.88,10.65
2017-09-06,10.61,10.94,10.94,10.55
2017-09-07,10.95,10.71,11.07,10.66
2017-09-08,10.73,10.66,10.81,10.55
2017-09-11,10.65,10.73,10.77,10.57
2017-09-12,10.74,10.52,10.77,10.47
2017-09-13,10.49,10.53,10.54,10.43
2017-09-14,10.53,10.41,10.57,10.38
2017-09-15,10.42,10.45,10.48,10.35
2017-09-18,10.45,10.54,10.55,10.41
2017-09-19,10.57,10.46,10.6,10.41
2017-09-20,10.46,10.6,10.64,10.37
2017-09-21,10.6,10.67,10.88,10.57
2017-09-22,10.61,11.29,11.37,10.48
2017-09-25,11.17,10.89,11.45,10.81
2017-09-26,10.93,10.76,10.94,10.5
2017-09-27,10.67,11.15,11.33,10.63
2017-09-28,11.0,11.03,11.27,10.85
2017-09-29,11.05,11.59,12.13,10.95
2017-10-09,11.8,12.03,12.13,11.54
2017-10-10,11.87,11.83,11.89,11.61
2017-10-11,11.71,11.41,11.76,11.34
2017-10-12,11.42,11.54,11.75,11.32
2017-10-13,11.43,11.38,11.47,11.24
2017-10-16,11.25,10.69,11.25,10.68
2017-10-17,10.69,10.7,10.8,10.63
2017-10-18,10.71,10.33,10.76,10.3
2017-10-19,10.33,10.13,10.4,10.08
2017-10-20,10.15,10.27,10.29,10.11
2017-10-23,10.27,10.29,10.32,10.21
2017-10-24,10.25,10.25,10.36,10.11
2017-10-25,10.24,10.34,10.37,10.18
2017-10-26,10.3,10.35,10.38,10.24
2017-10-27,10.32,9.93,10.34,9.9
2017-10-30,9.89,9.39,9.9,9.33
2017-10-31,9.37,9.45,9.47,9.31
2017-11-01,9.43,9.28,9.5,9.25
2017-11-02,9.25,9.1,9.25,9.0
2017-11-03,9.1,8.97,9.16,8.91
2017-11-06,8.98,9.1,9.11,8.94
2017-11-07,9.11,9.08,9.11,8.94
2017-11-08,9.05,9.15,9.3,9.05
2017-11-09,9.13,9.26,9.26,9.11
2017-11-10,9.21,9.3,9.33,9.15
2017-11-13,9.49,9.07,9.49,9.03
2017-11-14,9.07,8.79,9.07,8.7
2017-11-15,8.77,8.82,8.91,8.73
2017-11-16,8.78,8.87,8.92,8.71
2017-11-17,8.87,8.15,8.87,8.06
2017-11-20,8.1,8.14,8.16,7.88
2017-11-21,8.15,8.05,8.24,7.98
2017-11-22,8.07,8.08,8.24,7.98
2017-11-23,8.11,7.88,8.17,7.88
2017-11-24,7.82,7.89,8.06,7.82
2017-11-27,7.89,7.87,7.98,7.74
2017-11-28,7.89,8.04,8.07,7.86
2017-11-29,8.03,7.95,8.03,7.73
2017-11-30,7.91,7.98,8.05,7.86
2017-12-01,7.98,8.13,8.17,7.93
2017-12-04,8.1,7.85,8.1,7.81
2017-12-05,7.85,7.52,7.88,7.43
2017-12-06,7.5,7.67,7.7,7.48
2017-12-07,7.61,7.87,8.0,7.6
2017-12-08,7.83,8.08,8.19,7.83
2017-12-11,8.19,8.18,8.3,8.1
2017-12-12,8.19,8.02,8.19,7.98
2017-12-13,7.96,8.14,8.17,7.96
2017-12-14,8.13,8.25,8.27,8.04
2017-12-15,8.2,8.1,8.23,8.04
2017-12-18,8.1,7.99,8.12,7.92
2017-12-19,8.0,8.14,8.19,7.99
2017-12-20,8.11,7.85,8.12,7.81
2017-12-21,7.85,7.99,8.04,7.77
2017-12-22,7.99,7.86,8.06,7.85
2017-12-25,7.86,7.75,7.92,7.7
2017-12-26,7.73,7.8,7.83,7.64
2017-12-27,7.77,7.66,7.83,7.66
2017-12-28,7.66,7.7,7.79,7.64
2017-12-29,7.7,7.87,7.88,7.69
2018-01-02,7.88,7.88,7.9,7.75
2018-01-03,7.88,8.04,8.06,7.84
2018-01-04,8.04,8.0,8.04,7.93
2018-01-05,8.01,8.01,8.08,7.92
2018-01-08,8.02,7.93,8.02,7.82
2018-01-09,7.92,7.88,7.97,7.83
2018-01-10,7.88,7.78,7.91,7.73
2018-01-11,7.77,8.0,8.02,7.72
2018-01-12,7.98,7.86,8.03,7.82
2018-01-15,7.86,7.53,7.86,7.52
2018-01-16,7.53,7.61,7.69,7.52
2018-01-17,7.62,7.77,7.85,7.46
2018-01-18,7.94,7.9,8.02,7.85
2018-01-19,7.86,7.86,7.96,7.82
2018-01-22,7.9,8.17,8.23,7.77
2018-01-23,8.14,8.13,8.28,8.08
2018-01-24,8.14,8.3,8.36,8.05
2018-01-25,8.26,8.25,8.55,8.25
2018-01-26,8.22,8.25,8.38,8.21
2018-01-29,8.25,8.33,8.36,8.15
2018-01-30,8.33,8.3,8.38,8.22
2018-01-31,8.23,7.89,8.24,7.87
2018-02-01,7.93,7.53,7.98,7.53
2018-02-02,7.49,7.59,7.67,7.32
2018-02-05,7.47,7.61,7.7,7.41
2018-02-06,7.49,7.12,7.58,7.12
2018-02-07,7.31,7.32,7.42,7.11
2018-02-08,7.25,7.54,7.65,7.25
2018-02-09,7.41,7.67,7.75,7.35
2018-02-12,7.7,8.0,8.03,7.68
2018-02-13,8.02,8.02,8.03,7.89
2018-02-14,7.97,7.81,7.99,7.75
2018-02-22,7.85,8.13,8.13,7.76
2018-02-23,8.06,8.04,8.12,7.93
2018-02-26,8.08,8.31,8.34,8.0
2018-02-27,8.3,8.27,8.42,8.23
2018-02-28,8.23,8.38,8.63,8.23
2018-03-01,8.32,8.67,8.71,8.32
2018-03-02,8.63,8.59,8.88,8.49
2018-03-05,8.59,8.69,8.69,8.5
2018-03-06,8.68,8.62,8.82,8.58
2018-03-07,8.57,8.53,8.62,8.42
2018-03-08,8.5,8.55,8.6,8.42
2018-03-09,8.55,8.86,9.05,8.5
2018-03-12,8.94,8.99,9.15,8.87
2018-03-13,8.94,8.84,9.0,8.8
2018-03-14,8.81,8.6,8.87,8.6
2018-03-15,8.55,8.66,8.68,8.43
2018-03-16,8.63,8.45,8.69,8.44
2018-03-19,8.4,8.5,8.62,8.36
2018-03-20,8.4,8.55,8.59,8.31
2018-03-21,8.57,8.32,8.66,8.3
2018-03-22,8.35,8.48,8.59,8.28
2018-03-23,8.22,7.88,8.34,7.72
2018-03-26,7.7,8.1,8.11,7.62
2018-03-27,8.17,8.44,8.5,8.16
2018-03-28,8.33,8.6,8.7,8.28
2018-03-29,8.68,8.62,8.74,8.49
2018-03-30,8.65,8.96,8.98,8.62
2018-04-02,8.96,8.98,9.2,8.85
2018-04-03,8.86,9.09,9.1,8.79
2018-04-04,9.09,8.72,9.15,8.63
2018-04-09,8.67,9.24,9.26,8.66
2018-04-10,8.88,8.32,8.88,8.32
2018-04-11,8.27,8.23,8.35,8.14
2018-04-12,8.18,8.01,8.25,7.98
2018-04-13,8.09,8.07,8.16,8.04
2018-04-16,8.07,8.2,8.23,8.07
2018-04-17,8.28,7.93,8.31,7.9
2018-04-18,7.95,8.24,8.3,7.86
2018-04-19,8.07,7.87,8.08,7.83
2018-04-20,7.77,7.5,7.9,7.42
2018-04-23,7.58,7.52,7.63,7.38
2018-04-24,7.52,7.69,7.74,7.5
2018-04-25,7.64,7.91,7.91,7.6
2018-04-26,7.86,7.65,7.88,7.65
2018-04-27,7.66,7.74,7.8,7.59
2018-05-02,7.74,7.5,7.79,7.4
2018-05-03,7.42,7.65,7.7,7.29
2018-05-04,7.6,7.56,7.7,7.53
2018-05-07,7.58,7.71,7.75,7.56
2018-05-08,7.7,7.76,7.8,7.69
2018-05-09,7.74,7.71,7.77,7.66
2018-05-10,7.71,7.75,7.78,7.65
2018-05-11,7.77,7.53,7.77,7.48
2018-05-14,7.53,7.48,7.63,7.44
2018-05-15,7.47,7.54,7.56,7.34
2018-05-16,7.48,7.39,7.52,7.38
2018-05-17,7.4,7.39,7.45,7.37
2018-05-18,7.42,7.5,7.57,7.41
2018-05-21,7.52,7.69,7.74,7.52
2018-05-22,7.71,7.75,7.75,7.62
2018-05-23,7.74,7.51,7.74,7.5
2018-05-24,7.53,7.49,7.6,7.48
2018-05-25,7.53,7.36,7.56,7.35
