date,open,close,high,low
2016-01-04,31.7,31.27,33.33,30.12
2016-01-05,29.4,33.12,33.64,29.35
2016-01-06,32.51,32.74,33.38,31.29
2016-01-07,31.98,29.47,31.98,29.47
2016-01-08,29.48,27.78,29.85,26.52
2016-01-11,26.32,25.0,26.32,25.0
2016-01-12,24.88,25.7,26.6,24.22
2016-01-13,25.8,23.82,26.4,23.41
2016-01-14,22.38,24.82,25.22,22.21
2016-01-15,24.4,23.7,25.88,23.4
2016-01-18,22.9,26.07,26.07,22.72
2016-01-19,26.87,27.27,27.57,25.82
2016-01-20,26.87,28.55,29.71,26.65
2016-01-21,28.02,25.7,28.68,25.7
2016-01-22,26.2,28.27,28.27,25.8
2016-01-25,29.0,28.95,30.6,28.51
2016-01-26,28.37,26.06,28.67,26.06
2016-01-27,25.51,24.99,25.98,23.45
2016-01-28,24.3,22.49,25.18,22.49
2016-01-29,21.89,22.85,23.86,20.69
2016-02-01,22.71,21.88,23.65,20.8
2016-02-02,22.0,24.07,24.07,21.71
2016-02-03,23.96,24.68,24.99,23.38
2016-02-04,24.48,24.79,25.45,24.36
2016-02-05,24.5,23.4,24.78,23.26
2016-02-15,22.2,24.55,25.5,22.2
2016-02-16,24.75,25.67,26.18,24.6
2016-02-17,25.6,27.4,27.8,25.22
2016-02-18,27.15,26.3,27.55,26.15
2016-02-19,26.02,27.51,28.93,26.02
2016-02-22,27.7,28.3,28.73,27.12
2016-02-23,28.36,29.13,29.4,27.66
2016-02-24,28.86,27.62,29.17,26.5
2016-02-25,27.17,24.86,27.42,24.86
2016-02-26,24.9,23.6,25.3,22.86
2016-02-29,23.73,21.24,23.8,21.24
2016-03-01,21.15,22.29,23.06,20.65
2016-03-02,22.01,23.9,23.95,21.84
2016-03-03,24.01,23.5,24.79,23.5
2016-03-04,23.3,21.15,23.78,21.15
2016-03-07,21.6,21.7,22.56,21.33
2016-03-08,21.7,22.3,22.46,19.61
2016-03-09,21.64,21.42,22.45,21.25
2016-03-10,21.5,20.35,21.65,19.92
2016-03-11,19.85,20.1,20.54,19.61
2016-03-14,20.58,21.35,22.0,20.31
2016-03-15,21.12,21.28,22.19,21.02
2016-03-16,21.96,20.84,22.09,20.38
2016-03-17,20.9,22.6,22.76,20.9
2016-03-18,22.61,23.95,24.5,22.61
2016-03-21,24.7,24.68,24.85,23.94
2016-03-22,24.18,24.39,25.12,23.95
2016-03-23,24.34,24.52,24.65,23.7
2016-03-24,24.0,25.1,26.58,23.72
2016-03-25,24.94,25.76,26.18,24.8
2016-03-28,26.1,24.35,26.32,24.0
2016-03-29,24.22,23.95,24.37,23.0
2016-03-30,23.87,24.9,25.15,23.81
2016-03-31,25.18,25.67,26.7,25.06
2016-04-01,25.56,25.0,25.69,24.2
2016-04-05,25.1,25.94,26.15,24.43
2016-04-06,25.7,25.98,26.99,25.5
2016-04-07,26.0,25.03,26.4,25.0
2016-04-08,24.22,24.5,24.85,24.0
2016-04-11,24.68,25.16,25.78,24.66
2016-04-12,24.92,25.73,25.8,24.88
2016-04-13,26.1,27.53,28.3,26.03
2016-04-14,27.66,27.95,28.6,27.12
2016-04-15,27.76,29.85,30.4,27.53
2016-04-18,29.3,28.85,29.68,28.01
2016-04-19,28.87,28.54,29.0,28.12
2016-04-20,28.79,27.15,29.5,26.08
2016-04-21,27.43,25.72,27.5,25.56
2016-04-22,25.6,27.17,27.2,25.26
2016-04-25,27.0,26.39,27.0,25.92
2016-04-26,26.85,26.52,27.8,25.78
2016-04-27,26.21,26.4,27.1,25.86
2016-04-28,26.38,28.07,28.5,26.0
2016-04-29,27.72,27.54,28.19,27.27
2016-05-03,27.29,28.79,29.38,27.2
2016-05-04,28.72,29.18,30.26,28.5
2016-05-05,29.0,29.46,29.68,28.78
2016-05-06,29.46,27.77,29.9,26.83
2016-05-09,27.02,25.4,27.22,25.21
2016-05-10,25.65,25.54,26.08,25.33
2016-05-11,24.49,22.99,24.49,22.99
2016-05-12,21.34,21.9,22.87,21.06
2016-05-13,21.8,21.47,22.38,21.15
2016-05-16,22.68,23.62,23.62,22.3
2016-05-17,24.78,24.1,24.98,23.8
2016-05-18,23.0,22.04,23.0,21.69
2016-05-19,22.0,22.53,23.19,22.0
2016-05-20,22.58,23.5,23.7,22.03
2016-05-23,23.9,23.5,24.05,23.31
2016-05-24,23.5,23.8,24.18,23.11
2016-05-25,23.97,23.09,24.15,22.97
2016-05-26,23.0,23.16,23.25,22.17
2016-05-27,23.25,23.14,23.72,22.97
2016-05-30,23.0,22.5,23.0,22.0
2016-05-31,22.7,23.89,23.94,22.5
2016-06-01,23.97,23.96,24.59,23.9
2016-06-02,23.9,25.37,25.98,23.9
2016-06-03,25.0,24.9,25.29,24.78
2016-06-06,24.99,25.17,25.35,24.81
2016-06-07,25.39,24.87,25.39,24.72
2016-06-08,24.41,24.18,24.57,23.85
2016-06-13,23.18,22.28,23.74,22.28
2016-06-14,22.03,22.4,22.77,22.02
2016-06-15,22.25,23.23,23.44,22.08
2016-06-16,23.3,22.71,23.35,22.55
2016-06-17,22.77,22.74,23.29,22.64
2016-06-20,22.8,22.62,22.8,22.15
2016-06-21,23.0,22.35,23.14,22.25
2016-06-22,22.35,22.94,22.98,22.3
2016-06-23,22.85,22.7,23.08,22.4
2016-06-24,22.78,22.16,22.93,21.47
2016-06-27,21.9,22.76,22.98,21.81
2016-06-28,22.5,23.21,23.33,22.5
2016-06-29,23.4,23.0,23.45,22.8
2016-06-30,23.03,23.69,23.95,22.82
2016-07-01,23.53,23.39,23.75,23.19
2016-07-04,23.23,23.55,23.72,23.03
2016-07-05,23.77,23.85,24.5,23.76
2016-07-06,23.69,23.88,24.21,23.46
2016-07-07,23.8,24.12,24.49,23.7
2016-07-08,24.24,23.95,24.43,23.66
2016-07-11,23.85,23.53,24.3,23.51
2016-07-12,23.58,24.17,24.35,23.0
2016-07-13,24.18,26.59,26.59,24.05
2016-07-14,26.86,26.81,28.22,26.58
2016-07-15,26.5,25.67,26.5,25.67
2016-07-18,25.7,25.73,26.5,25.38
2016-07-19,25.42,26.15,26.15,25.1
2016-07-20,25.96,25.68,26.43,25.61
2016-07-21,25.45,25.75,26.1,25.41
2016-07-22,25.61,25.26,26.07,25.25
2016-07-25,25.95,26.4,26.86,25.7
2016-07-26,26.3,25.68,26.4,25.4
2016-07-27,25.64,23.21,25.88,23.11
2016-07-28,23.1,22.62,23.31,21.85
2016-07-29,22.64,22.9,23.3,22.19
2016-08-01,22.77,23.25,23.5,22.3
2016-08-02,23.39,23.88,23.98,23.15
2016-08-03,23.8,23.83,23.9,23.57
2016-08-11,21.45,21.45,21.45,21.45
2016-08-12,21.28,21.68,21.98,21.09
2016-08-15,21.5,22.17,22.26,20.52
2016-08-16,21.9,22.16,22.36,21.7
2016-08-17,22.05,22.63,22.82,21.97
2016-08-18,22.44,22.32,22.95,22.25
2016-08-19,22.15,22.13,22.54,22.06
2016-08-22,22.13,21.6,22.27,21.55
2016-08-23,21.7,21.69,21.95,21.56
2016-08-24,21.64,21.86,22.14,21.64
2016-08-25,21.68,21.54,21.79,21.31
2016-08-26,21.42,21.7,21.93,21.39
2016-08-29,21.65,21.57,21.89,21.53
2016-08-30,21.51,21.54,21.77,21.51
2016-08-31,21.58,21.6,21.72,21.33
2016-09-01,21.65,21.66,21.88,21.61
2016-09-02,21.72,21.66,21.88,21.51
2016-09-05,21.69,21.86,21.86,21.69
2016-09-06,21.83,21.8,21.88,21.03
2016-09-07,21.79,21.9,21.97,21.79
2016-09-08,21.97,21.93,22.14,21.72
2016-09-09,22.01,21.5,22.02,21.49
2016-09-12,20.95,20.7,21.24,20.6
2016-09-13,20.75,20.5,20.99,20.0
2016-09-14,20.13,20.5,20.59,20.13
2016-09-19,20.45,20.57,20.95,20.42
2016-09-20,20.51,20.84,21.07,20.51
2016-09-21,20.72,20.91,21.27,20.72
2016-09-22,21.03,20.82,21.22,20.81
2016-09-23,20.96,20.65,21.01,20.5
2016-09-26,20.63,20.25,20.87,20.21
2016-09-27,20.17,20.79,20.87,20.17
2016-09-28,20.96,20.61,20.96,20.6
2016-09-29,20.78,20.71,20.99,20.64
2016-09-30,20.67,20.5,20.92,20.39
2016-10-10,20.78,21.16,21.2,20.6
2016-10-11,21.16,21.14,21.25,20.96
2016-10-12,21.25,21.36,21.57,21.17
2016-10-13,21.36,21.29,21.52,21.21
2016-10-14,21.29,21.36,21.45,21.25
2016-10-17,21.42,21.15,21.65,21.04
2016-10-18,21.1,21.57,21.65,21.04
2016-10-19,21.52,22.28,22.56,21.48
2016-10-20,22.26,22.24,22.5,22.01
2016-10-21,22.2,22.26,22.71,22.19
2016-10-24,22.41,22.37,22.6,22.28
2016-10-25,22.49,22.86,22.9,22.17
2016-10-26,22.7,23.88,23.93,22.67
2016-10-27,23.79,23.72,24.19,23.52
2016-10-28,23.48,23.58,23.85,23.33
2016-10-31,23.38,23.8,24.09,23.36
2016-11-01,23.8,25.1,25.97,23.8
2016-11-02,25.1,25.4,25.77,24.85
2016-11-03,25.33,25.27,25.6,24.8
2016-11-04,25.08,25.78,26.14,25.08
2016-11-07,25.85,25.07,25.95,24.98
2016-11-08,25.0,24.85,25.19,24.17
2016-11-09,24.71,24.56,25.0,23.8
2016-11-10,24.64,24.7,24.95,24.43
2016-11-11,24.75,24.72,25.38,24.62
2016-11-14,24.6,24.4,25.1,24.24
2016-11-15,24.28,25.07,25.09,24.11
2016-11-16,25.1,26.28,26.45,24.91
2016-11-17,26.21,26.11,26.52,25.74
2016-11-18,25.98,26.65,26.83,25.97
2016-11-21,27.0,26.36,27.0,26.25
2016-11-22,26.58,26.48,26.8,26.12
2016-11-23,26.7,25.37,26.78,25.21
2016-12-29,24.5,22.96,24.5,22.83
2016-12-30,22.84,24.41,25.26,22.52
2017-01-03,24.5,23.97,24.75,22.0
2017-01-04,24.25,23.55,24.25,23.13
2017-01-05,23.56,24.04,24.38,23.38
2017-01-06,23.89,23.91,24.38,23.7
2017-01-09,23.72,23.52,24.29,23.5
2017-01-10,23.52,23.96,24.35,23.4
2017-01-11,23.89,24.02,24.18,23.81
2017-01-12,23.9,24.33,24.7,23.88
2017-01-13,24.3,24.4,25.09,24.11
2017-01-16,24.26,21.96,24.4,21.96
2017-01-17,21.35,21.92,22.4,20.88
2017-01-18,21.7,21.5,21.91,21.38
2017-01-19,21.36,21.48,21.76,21.07
2017-01-20,21.6,22.05,22.18,21.46
2017-01-23,22.2,22.3,22.39,21.81
2017-01-24,22.12,21.75,22.22,21.75
2017-01-25,21.76,21.21,21.94,21.16
2017-01-26,21.38,21.59,21.68,21.26
2017-02-03,21.62,21.79,22.09,21.61
2017-02-06,21.8,22.3,22.64,21.75
2017-02-07,22.2,22.22,22.43,22.04
2017-02-08,22.29,22.43,22.59,22.1
2017-02-09,22.64,22.39,22.64,22.25
2017-02-10,22.41,22.64,22.99,22.11
2017-02-13,22.45,22.2,22.56,21.89
2017-02-14,22.2,22.02,22.25,21.88
2017-02-15,21.96,21.95,22.3,21.93
2017-02-16,21.95,22.08,22.46,21.95
2017-02-17,22.19,21.65,22.2,21.59
2017-02-20,21.6,21.43,21.84,21.06
2017-02-21,21.43,21.8,21.99,21.42
2017-02-22,21.96,21.83,22.21,21.58
2017-02-23,21.85,22.25,22.98,21.8
2017-02-24,21.92,22.5,22.96,21.8
2017-02-27,22.62,22.34,22.65,22.25
2017-02-28,22.2,22.45,22.69,22.0
2017-03-01,22.45,22.76,22.99,22.45
2017-03-02,22.7,23.06,23.37,22.6
2017-03-03,23.0,22.85,23.13,22.69
2017-03-06,22.85,22.86,22.93,22.55
2017-03-07,22.8,22.91,23.2,22.72
2017-03-08,22.9,22.63,22.96,22.54
2017-03-09,22.7,23.08,23.18,22.12
2017-03-10,23.0,23.67,24.0,22.9
2017-03-13,23.6,23.73,23.95,23.33
2017-03-14,23.63,23.7,24.13,23.6
2017-03-15,23.65,23.99,24.1,23.45
2017-03-16,24.0,24.01,24.15,23.85
2017-03-17,24.13,23.95,24.3,23.75
2017-03-20,23.6,24.39,24.49,23.51
2017-03-21,24.36,24.25,24.55,24.01
2017-03-22,24.27,23.9,24.37,23.83
2017-03-23,23.91,24.04,24.33,23.68
2017-03-24,24.03,24.03,24.05,23.8
2017-03-27,24.09,23.21,24.15,23.18
2017-03-28,23.12,23.31,23.46,23.12
2017-03-29,23.31,22.62,23.48,22.62
2017-03-30,22.5,22.06,22.78,21.88
2017-03-31,22.15,22.12,22.29,21.8
2017-04-05,22.2,22.46,22.69,22.03
2017-04-06,22.5,22.86,22.96,22.37
2017-04-07,22.9,23.26,23.84,22.75
2017-04-10,23.26,22.82,23.38,22.76
2017-04-11,22.4,22.65,22.97,22.01
2017-04-12,22.6,22.55,22.75,22.07
2017-04-13,22.59,22.32,22.59,22.15
2017-04-14,22.25,22.06,22.41,22.02
2017-04-17,19.92,19.85,22.08,19.85
2017-04-18,19.51,19.9,20.41,19.51
2017-04-19,19.91,19.81,20.3,18.0
2017-04-20,19.4,19.2,19.46,18.42
2017-04-21,18.9,19.28,19.6,18.7
2017-04-24,19.17,18.24,19.17,18.23
2017-04-25,18.8,18.62,18.8,18.11
2017-04-26,18.52,18.3,18.77,18.16
2017-04-27,19.29,18.82,19.29,18.29
2017-04-28,18.7,18.88,19.16,18.62
2017-05-02,19.14,18.69,19.14,18.61
2017-05-03,18.74,18.66,18.87,18.48
2017-05-04,18.82,18.62,18.84,18.51
2017-05-05,18.4,18.29,18.62,18.2
2017-05-08,18.1,17.8,18.32,17.4
2017-05-09,17.72,17.38,17.72,16.6
2017-05-10,17.2,17.38,17.74,17.2
2017-05-11,16.78,16.65,17.14,16.03
2017-05-12,16.44,16.22,16.67,16.2
2017-05-15,16.35,16.36,16.68,16.04
2017-05-16,16.32,16.97,17.35,16.32
2017-05-17,16.98,17.84,18.29,16.98
2017-05-18,17.48,18.03,18.13,17.47
2017-05-19,17.9,17.87,18.1,17.7
2017-05-22,18.0,16.87,18.08,16.81
2017-05-23,16.89,16.36,17.2,16.1
2017-05-24,16.12,16.65,16.69,16.0
2017-05-25,16.59,16.69,16.81,16.23
2017-05-26,16.7,16.99,17.2,16.63
2017-05-31,16.99,16.61,17.4,16.35
2017-06-01,16.59,15.23,16.62,15.2
2017-06-02,15.06,14.73,15.44,13.71
2017-06-05,14.65,14.98,15.1,14.33
2017-06-06,14.95,15.23,15.37,14.72
2017-06-07,15.27,15.6,15.68,15.12
2017-06-08,15.66,15.38,15.66,15.22
2017-06-09,15.3,15.36,15.39,14.95
2017-06-12,15.45,14.57,15.51,14.51
2017-06-13,14.48,14.88,15.1,14.25
2017-06-14,14.88,15.16,15.24,14.84
2017-06-15,15.14,15.35,15.51,15.02
2017-06-16,15.4,15.35,15.45,15.16
2017-06-19,15.35,15.57,15.63,15.2
2017-06-20,15.69,15.3,15.96,15.26
2017-06-21,15.3,15.46,15.49,15.26
2017-06-22,15.49,14.84,15.69,14.6
2017-06-23,14.98,14.52,14.98,14.31
2017-06-26,14.6,14.7,14.78,14.5
2017-06-27,14.78,14.7,15.08,14.5
2017-06-28,14.56,14.32,14.8,14.22
2017-06-29,14.3,14.35,14.45,14.1
2017-06-30,14.44,14.33,14.45,14.16
2017-07-03,14.4,14.49,14.5,14.27
2017-07-04,14.55,14.35,14.59,14.32
2017-07-05,14.39,14.37,14.41,14.12
2017-07-06,14.32,14.1,14.43,14.0
2017-07-07,14.16,14.28,14.36,14.1
2017-07-10,14.3,13.9,14.42,13.88
2017-07-11,13.85,13.45,13.94,13.42
2017-07-12,13.9,14.8,14.8,13.9
2017-07-13,15.5,15.78,16.16,15.15
2017-07-14,15.46,15.23,15.5,15.05
2017-07-17,15.07,14.01,15.18,13.72
2017-07-18,14.14,15.41,15.41,14.05
2017-07-19,16.14,16.95,16.95,15.78
2017-07-20,16.97,16.67,16.97,16.35
2017-07-21,16.55,16.4,16.64,16.21
2017-07-24,16.31,16.54,16.83,16.02
2017-07-25,16.4,16.88,17.98,16.11
2017-07-26,16.7,16.73,16.9,16.25
2017-07-27,16.47,17.31,17.55,16.28
2017-07-28,17.08,17.09,17.94,17.07
2017-07-31,17.0,17.68,17.77,16.47
2017-08-01,17.58,17.2,17.6,17.14
2017-08-02,17.13,16.48,17.36,16.36
2017-08-03,16.48,16.5,16.99,16.4
2017-08-04,16.66,16.35,16.85,16.18
2017-08-07,16.15,16.42,16.57,16.15
2017-08-08,16.4,17.28,17.39,16.18
2017-08-09,17.13,17.14,17.56,17.03
2017-08-10,17.0,16.46,17.13,16.41
2017-08-11,16.09,16.24,16.41,16.05
2017-08-14,16.3,16.85,16.87,16.2
2017-08-15,17.0,16.53,17.03,16.48
2017-08-16,16.46,16.79,16.93,16.12
2017-08-17,16.58,16.89,17.37,16.49
2017-08-18,16.62,16.43,16.8,16.29
2017-08-21,16.56,16.58,16.58,16.38
2017-08-22,16.58,16.14,16.63,16.14
2017-08-23,16.1,15.9,16.24,15.81
2017-08-24,15.75,15.37,15.93,15.2
2017-08-25,15.4,15.64,15.67,15.33
2017-08-28,15.61,15.98,16.08,15.61
2017-08-29,15.92,15.66,16.08,15.6
2017-08-30,15.6,15.6,15.78,15.56
2017-08-31,15.75,15.39,15.75,15.35
2017-09-01,15.54,15.85,15.85,15.37
2017-09-04,15.78,15.94,16.08,15.67
2017-09-05,15.84,16.02,16.19,15.8
2017-09-06,15.84,15.95,15.99,15.5
2017-09-07,15.94,16.65,17.29,15.82
2017-09-08,16.42,16.66,16.68,16.32
2017-09-11,16.4,16.61,16.97,16.4
2017-09-12,16.69,16.53,16.98,16.45
2017-09-13,16.49,16.36,16.59,16.26
2017-09-14,16.33,16.1,16.54,16.02
2017-09-15,16.1,16.2,16.41,15.9
2017-09-18,16.25,16.2,16.39,16.06
2017-09-19,16.2,15.69,16.31,15.69
2017-09-20,15.61,15.75,15.83,15.53
2017-09-21,15.5,15.5,15.94,15.5
2017-09-22,15.51,15.59,15.64,15.35
2017-09-25,15.52,15.33,15.69,15.31
2017-09-26,15.34,14.78,15.39,14.65
2017-09-27,14.78,14.92,15.03,14.78
2017-09-28,14.9,14.6,14.93,14.5
2017-09-29,14.6,15.3,15.37,14.6
2017-10-09,15.32,15.46,15.78,15.32
2017-10-10,15.5,15.61,15.64,15.31
2017-10-11,15.56,15.69,15.89,15.52
2017-10-12,15.64,15.49,15.76,15.3
2017-10-13,15.58,15.57,15.66,15.42
2017-10-16,15.54,15.17,15.68,14.9
2017-10-17,15.02,15.16,15.33,14.73
2017-10-18,15.2,14.76,15.29,14.65
2017-10-19,14.78,14.53,14.99,14.53
2017-10-20,14.5,14.64,14.69,14.4
2017-10-23,14.55,14.72,14.78,14.55
2017-10-24,14.73,14.57,14.74,14.48
2017-10-25,14.5,14.72,14.74,14.5
2017-10-26,14.72,15.17,15.65,14.5
2017-10-27,15.2,14.82,15.3,14.8
2017-10-30,14.83,14.1,14.83,13.86
2017-10-31,13.95,14.1,14.2,13.92
2017-11-01,14.19,13.98,14.24,13.9
2017-11-02,13.99,14.2,14.34,13.97
2017-11-03,14.1,14.33,14.37,14.1
2017-11-06,14.12,14.5,14.65,14.07
2017-11-07,14.49,14.36,14.69,14.18
2017-11-08,14.29,14.45,14.66,14.16
2017-11-09,14.36,14.13,14.39,14.13
2017-11-10,14.19,14.18,14.32,13.8
2017-11-13,14.18,14.62,14.65,14.1
2017-11-14,14.6,14.6,14.68,14.2
2017-11-15,14.52,14.55,14.62,14.25
2017-11-16,14.57,14.5,14.82,14.25
2017-11-17,14.36,13.12,14.6,13.12
2017-11-20,13.13,12.35,13.13,11.81
2017-11-21,12.19,12.56,12.7,12.03
2017-11-22,12.68,12.32,12.68,12.27
2017-11-23,12.4,11.54,12.4,11.54
2017-11-24,11.6,12.15,12.5,11.33
2017-11-27,12.15,11.8,12.3,11.78
2017-11-28,11.75,12.1,12.18,11.72
2017-11-29,12.22,12.31,12.43,12.09
2017-11-30,12.33,12.34,12.48,12.15
2017-12-01,12.3,12.46,12.5,12.18
2017-12-04,12.37,12.17,12.43,11.88
2017-12-05,12.1,11.65,12.2,11.63
2017-12-06,11.63,11.97,11.98,11.6
2017-12-07,11.91,11.82,11.99,11.81
2017-12-08,11.85,12.01,12.15,11.83
2017-12-11,12.01,12.12,12.22,11.86
2017-12-12,12.12,12.13,12.24,12.05
2017-12-13,12.12,12.12,12.15,11.95
2017-12-14,12.1,12.07,12.2,12.03
2017-12-15,12.1,12.41,12.54,11.94
2017-12-18,12.33,12.22,12.41,12.15
2017-12-19,12.23,12.24,12.52,12.17
2017-12-20,12.29,11.88,12.29,11.8
2017-12-21,11.86,11.73,11.88,11.52
2017-12-22,11.68,11.39,11.79,11.35
2017-12-25,11.38,11.38,11.47,10.76
2017-12-26,11.36,11.2,11.45,11.03
2017-12-27,11.13,11.11,11.18,10.85
2017-12-28,11.05,11.15,11.26,10.99
2017-12-29,11.07,11.3,11.38,11.06
2018-01-02,11.32,11.35,11.56,11.2
2018-01-03,11.36,11.55,11.74,11.3
2018-01-04,11.55,11.67,11.68,11.41
2018-01-05,11.68,11.5,11.68,11.45
2018-01-08,11.5,11.54,11.59,11.35
2018-01-09,11.57,11.61,11.68,11.39
2018-01-10,11.6,11.48,11.94,11.3
2018-01-11,11.65,11.31,11.65,11.31
2018-01-12,11.29,11.2,11.43,11.05
2018-01-15,11.14,10.94,11.14,10.77
2018-01-16,10.88,10.89,10.93,10.5
2018-01-17,10.95,10.9,10.98,10.61
2018-01-18,10.8,10.82,10.93,10.79
2018-01-19,10.86,10.68,10.96,10.67
2018-01-22,10.6,10.48,10.6,10.15
2018-01-23,10.43,10.44,10.54,10.34
2018-01-24,10.43,10.59,10.64,10.2
2018-01-25,10.5,10.55,10.73,10.48
2018-01-26,10.56,10.43,10.61,10.37
2018-01-29,10.45,10.15,10.48,10.06
2018-01-30,10.14,10.02,10.15,10.0
2018-01-31,9.87,9.02,9.98,9.02
2018-02-01,9.03,8.12,9.07,8.12
2018-02-02,8.05,8.08,8.18,7.82
2018-02-05,7.98,8.08,8.28,7.84
2018-02-06,7.93,7.27,8.04,7.27
2018-02-13,8.0,8.0,8.0,7.85
2018-02-14,8.05,7.76,8.07,7.6
2018-02-22,7.83,7.94,8.02,7.74
2018-02-23,7.92,7.94,8.04,7.86
2018-02-26,8.02,8.27,8.35,7.93
2018-02-27,8.26,8.35,8.59,8.26
2018-02-28,8.45,8.95,9.19,8.38
2018-03-01,8.76,8.94,8.96,8.65
2018-03-02,8.78,8.78,9.06,8.73
2018-03-05,8.74,8.75,8.8,8.4
2018-03-06,8.71,8.78,8.84,8.66
2018-03-07,8.77,8.62,8.88,8.62
2018-03-08,8.64,8.83,8.85,8.6
2018-03-09,8.85,9.09,9.22,8.75
2018-03-12,9.1,9.4,9.54,9.1
2018-03-13,9.28,9.41,9.59,9.15
2018-03-14,9.3,9.21,9.59,9.21
2018-03-15,9.15,9.27,9.41,9.06
2018-03-16,9.19,9.55,9.85,9.16
2018-03-19,9.5,9.4,9.55,9.16
2018-03-20,9.33,9.42,9.48,9.2
2018-03-21,9.31,9.06,9.55,9.02
2018-03-22,9.07,8.88,9.15,8.87
2018-03-23,8.4,8.03,8.62,7.99
2018-03-26,8.0,8.32,8.36,7.68
2018-03-27,8.49,9.15,9.15,8.4
2018-03-28,9.17,8.86,9.17,8.82
2018-03-29,8.9,8.98,9.13,8.81
2018-03-30,9.04,9.19,9.24,8.99
2018-04-02,9.21,9.06,9.21,9.05
2018-04-03,8.9,8.81,8.94,8.71
2018-04-04,8.84,9.09,9.48,8.84
2018-04-09,9.09,8.97,9.1,8.34
2018-04-10,8.83,8.7,8.95,8.43
2018-04-11,8.71,8.8,8.85,8.65
2018-04-12,8.8,8.66,8.83,8.64
2018-04-13,8.73,8.54,8.77,8.47
2018-04-16,8.53,8.34,8.54,8.27
2018-04-17,8.39,7.98,8.43,7.9
2018-04-18,8.0,8.35,8.37,8.0
2018-04-19,8.35,8.34,8.43,8.28
2018-04-20,8.35,8.19,8.65,8.11
2018-04-23,8.1,8.02,8.24,7.85
2018-04-24,7.98,8.31,8.32,7.98
2018-04-25,8.35,8.52,8.6,8.2
2018-04-26,8.47,8.32,8.57,8.26
2018-04-27,8.32,8.48,8.55,8.32
2018-05-02,8.55,8.21,8.55,8.12
2018-05-03,8.17,8.3,8.32,7.91
2018-05-04,9.13,9.13,9.13,9.13
2018-05-07,9.89,10.04,10.04,9.32
2018-05-08,9.76,10.28,11.02,9.76
2018-05-09,9.92,9.57,10.15,9.45
2018-05-10,9.39,9.46,9.52,9.24
2018-05-11,9.45,9.13,9.45,9.13
2018-05-14,8.61,8.52,8.8,8.32
2018-05-15,8.44,8.7,8.76,8.44
2018-05-16,8.65,8.55,8.71,8.5
2018-05-17,8.57,8.46,8.59,8.37
2018-05-18,8.48,8.5,8.51,8.37
2018-05-21,8.57,8.84,8.88,8.54
2018-05-22,8.72,9.08,9.13,8.69
2018-05-23,9.0,8.97,9.06,8.88
2018-05-24,9.25,9.17,9.34,9.02
2018-05-25,9.04,9.13,9.25,8.8
