date,open,close,high,low
2016-01-04,15.936,14.381,15.98,14.381
2016-01-05,12.99,13.878,15.189,12.99
2016-01-06,14.093,15.029,15.029,13.778
2016-01-07,14.589,13.526,14.629,13.526
2016-01-08,13.898,13.19,13.978,12.191
2016-01-11,12.579,11.871,12.579,11.871
2016-01-12,11.447,11.272,11.911,10.992
2016-01-13,11.292,10.144,11.571,10.144
2016-01-14,11.16,11.16,11.16,11.16
2016-01-15,12.275,12.275,12.275,12.275
2016-01-18,12.451,13.502,13.502,12.451
2016-01-19,13.95,14.853,14.853,13.55
2016-01-20,15.468,15.588,16.34,15.193
2016-01-21,15.52,15.588,16.588,15.508
2016-01-22,15.568,15.668,16.268,14.569
2016-01-25,15.828,17.235,17.235,15.82
2016-01-26,17.387,15.976,18.25,15.512
2016-01-27,15.628,15.708,16.388,14.749
2016-01-28,15.373,14.137,16.184,14.137
2016-01-29,13.862,14.789,15.389,13.354
2016-02-01,14.869,15.349,15.984,14.621
2016-02-02,15.229,16.268,16.787,14.989
2016-02-03,16.012,15.908,16.747,15.452
2016-02-04,15.988,16.084,16.608,15.592
2016-02-05,16.108,14.821,16.176,14.749
2016-02-15,14.014,14.937,15.129,13.614
2016-02-16,15.033,16.052,16.384,14.797
2016-02-17,16.052,17.659,17.659,15.788
2016-02-18,18.266,19.425,19.425,17.511
2016-02-19,19.186,18.866,19.625,18.626
2016-02-22,19.006,20.053,20.109,18.814
2016-02-23,20.001,20.665,21.936,19.449
2016-02-24,20.289,19.717,20.756,18.626
2016-02-25,19.773,17.747,19.945,17.747
2016-02-26,17.587,16.747,18.015,16.392
2016-02-29,16.712,17.267,17.427,15.788
2016-03-01,16.947,18.174,18.494,15.708
2016-03-02,17.767,19.993,19.993,17.651
2016-03-03,20.345,21.992,21.992,19.969
2016-03-04,20.856,19.793,21.476,19.793
2016-03-07,19.186,20.309,20.796,19.186
2016-03-08,20.305,18.81,20.305,18.278
2016-03-09,17.587,19.146,19.569,17.343
2016-03-10,18.826,20.265,21.06,18.826
2016-03-11,19.154,19.146,20.085,18.738
2016-03-14,19.705,21.06,21.06,19.485
2016-03-15,21.3,19.5,21.86,19.05
2016-03-16,18.95,20.44,21.45,18.7
2016-03-17,20.0,21.5,21.89,19.53
2016-03-18,21.0,23.65,23.65,20.78
2016-03-21,24.76,26.02,26.02,24.75
2016-03-22,26.83,28.62,28.62,25.92
2016-03-23,29.12,31.48,31.48,28.82
2016-03-24,32.65,34.49,34.63,32.05
2016-03-25,33.8,33.96,35.9,31.7
2016-03-28,32.99,33.2,34.93,32.5
2016-03-29,32.9,33.84,35.68,32.6
2016-03-30,33.64,34.75,35.66,32.61
2016-03-31,34.2,35.17,35.86,34.01
2016-04-01,34.52,31.66,34.96,31.65
2016-04-05,31.44,32.36,33.3,31.2
2016-04-06,32.38,35.6,35.6,32.03
2016-04-07,37.6,33.48,37.71,33.11
2016-04-08,32.0,31.55,32.4,31.01
2016-04-11,32.0,31.7,32.29,31.23
2016-04-12,31.6,30.85,31.6,30.5
2016-04-13,31.0,30.98,31.65,30.11
2016-04-14,31.3,31.4,31.85,30.5
2016-04-15,31.5,30.61,31.53,30.28
2016-04-18,30.26,29.82,30.43,28.75
2016-04-19,29.89,31.76,31.85,29.61
2016-04-20,31.67,28.95,31.67,28.58
2016-04-21,28.3,26.31,28.58,26.29
2016-04-27,27.3,27.67,28.88,27.0
2016-04-28,26.92,28.2,28.5,26.38
2016-04-29,27.79,27.27,28.42,27.21
2016-05-03,27.45,27.84,28.06,27.0
2016-05-04,27.5,27.75,28.1,27.33
2016-05-05,27.56,27.62,28.0,27.13
2016-05-06,27.55,25.39,27.9,25.28
2016-05-09,25.15,25.56,26.2,24.5
2016-05-10,25.72,24.52,25.89,24.3
2016-05-11,25.0,24.06,25.04,24.05
2016-05-12,23.61,23.71,23.75,22.72
2016-05-13,23.5,23.55,24.45,23.2
2016-05-16,23.33,24.33,24.5,23.33
2016-05-17,24.47,24.88,25.55,23.8
2016-05-18,24.45,22.4,24.45,22.39
2016-05-19,22.41,22.81,23.53,22.22
2016-05-20,22.6,23.5,23.52,22.08
2016-05-23,23.68,23.51,24.1,23.08
2016-05-24,23.4,23.72,24.19,23.21
2016-05-25,23.99,23.14,24.1,22.97
2016-05-26,22.7,23.04,23.18,21.95
2016-05-27,23.12,22.96,23.5,22.79
2016-05-30,22.5,23.28,24.35,22.05
2016-05-31,23.28,24.46,24.89,23.15
2016-06-01,24.2,24.47,24.96,24.2
2016-06-02,24.21,25.95,26.91,24.21
2016-06-03,25.62,25.5,25.83,25.11
2016-06-06,25.23,25.09,25.7,24.74
2016-06-07,25.23,25.36,25.71,25.2
2016-06-08,25.42,24.64,25.42,24.47
2016-06-13,23.95,22.18,24.13,22.18
2016-06-14,21.87,22.11,22.59,21.62
2016-06-15,22.0,23.05,23.2,21.5
2016-06-16,22.95,22.5,23.04,22.43
2016-06-17,22.73,22.88,23.3,22.52
2016-06-20,22.6,22.24,22.76,21.7
2016-06-21,22.48,21.98,22.75,21.9
2016-06-22,22.1,22.8,22.85,21.9
2016-06-23,23.0,22.9,23.42,22.51
2016-06-24,23.0,22.23,23.0,20.85
2016-06-27,22.0,22.88,23.02,21.88
2016-06-28,22.69,25.17,25.17,22.69
2016-06-29,26.48,27.08,27.69,26.31
2016-06-30,26.03,25.87,26.71,25.61
2016-07-01,25.79,25.81,27.09,25.79
2016-07-04,25.7,25.9,26.37,24.81
2016-07-05,25.75,25.8,26.3,25.52
2016-07-06,25.41,25.57,26.02,25.41
2016-07-07,25.7,26.85,27.8,25.5
2016-07-08,26.4,25.89,26.67,25.65
2016-07-11,25.97,24.98,26.18,24.93
2016-07-12,25.06,25.23,25.34,23.88
2016-07-13,25.23,26.65,26.65,25.21
2016-07-14,27.16,26.6,27.62,26.2
2016-07-15,25.98,26.3,26.48,25.98
2016-07-18,26.31,26.5,27.25,26.3
2016-07-19,26.5,26.42,26.59,26.0
2016-07-20,26.6,26.15,27.0,26.03
2016-07-21,26.1,25.75,26.29,25.71
2016-07-22,25.7,24.95,25.74,24.88
2016-07-25,24.99,25.35,25.37,24.85
2016-07-26,25.53,25.38,25.53,25.13
2016-07-27,25.38,22.9,25.5,22.9
2016-07-28,22.9,22.46,23.32,21.65
2016-07-29,22.5,22.02,22.56,21.7
2016-08-01,21.97,21.66,21.97,21.0
2016-08-02,21.69,21.93,21.97,21.46
2016-08-03,21.93,21.75,22.03,21.53
2016-08-04,21.9,22.03,22.16,21.6
2016-08-05,22.08,22.06,22.38,21.9
2016-08-08,22.05,22.17,22.22,21.32
2016-08-09,22.15,22.6,22.7,22.03
2016-08-10,22.58,22.42,22.79,22.29
2016-08-11,22.45,21.71,22.6,21.7
2016-08-12,21.64,22.02,22.06,21.47
2016-08-15,22.27,22.61,23.17,21.76
2016-08-16,22.82,22.86,23.19,22.6
2016-08-17,22.68,23.0,23.17,22.66
2016-08-18,23.16,22.77,23.17,22.68
2016-08-19,22.77,22.66,22.9,22.05
2016-08-22,23.0,22.69,23.35,22.63
2016-08-23,22.79,22.32,22.8,22.12
2016-08-24,22.33,22.88,22.88,22.32
2016-08-25,22.87,22.88,23.2,22.12
2016-08-26,23.0,22.88,23.16,22.6
2016-08-29,23.01,23.2,23.38,22.69
2016-08-30,23.02,22.87,23.17,22.8
2016-08-31,22.95,22.63,22.95,22.5
2016-09-01,22.65,22.55,22.86,22.44
2016-09-02,22.34,22.16,22.55,22.02
2016-09-05,22.17,22.32,22.57,22.17
2016-09-06,22.32,22.99,23.04,22.16
2016-09-07,23.1,23.47,23.98,22.83
2016-09-08,23.25,23.03,23.3,22.72
2016-09-09,23.06,22.62,23.26,22.62
2016-09-12,22.03,22.16,22.75,21.7
2016-09-13,22.2,22.0,22.6,21.89
2016-09-14,22.0,21.69,22.15,21.62
2016-09-19,21.61,21.76,22.0,21.61
2016-09-20,21.76,21.45,21.9,21.4
2016-09-21,21.49,21.5,21.62,21.33
2016-09-22,21.8,21.57,21.95,21.51
2016-09-23,21.58,21.42,21.71,21.42
2016-09-26,21.42,20.22,21.46,20.2
2016-09-27,20.11,20.35,20.37,19.86
2016-09-28,20.34,20.1,20.34,19.94
2016-09-29,20.14,20.09,20.28,20.08
2016-09-30,20.19,20.22,20.26,20.02
2016-10-10,20.14,20.78,20.83,20.04
2016-10-11,20.78,20.87,21.23,20.52
2016-10-12,20.82,21.01,21.37,20.73
2016-10-13,21.36,20.88,21.36,20.82
2016-10-14,20.75,21.35,21.36,20.47
2016-10-17,21.51,21.72,22.65,21.5
2016-10-18,21.01,21.66,21.67,20.9
2016-10-19,21.69,21.27,21.84,21.13
2016-10-20,21.26,22.29,23.0,21.26
2016-10-21,21.97,21.64,21.98,21.32
2016-10-24,21.6,21.61,21.86,21.4
2016-10-25,21.63,21.69,21.98,21.46
2016-10-26,21.67,21.16,21.68,21.15
2016-10-27,21.17,21.21,21.35,21.1
2016-10-28,21.15,20.61,21.28,20.6
2016-10-31,20.5,20.57,20.79,20.3
2016-11-01,20.75,20.79,20.9,20.6
2016-11-02,20.86,20.4,20.86,20.36
2016-11-03,20.37,20.6,20.94,20.2
2016-11-04,20.6,20.42,20.68,20.4
2016-11-07,20.49,20.5,20.78,20.45
2016-11-08,20.59,20.65,20.72,20.51
2016-11-09,20.73,20.23,20.79,20.05
2016-11-10,20.51,20.5,20.58,20.4
2016-11-11,20.65,20.64,20.65,20.33
2016-11-14,20.69,21.37,22.5,20.64
2016-11-15,21.31,22.0,22.4,21.25
2016-11-16,22.0,24.2,24.2,21.79
2016-11-17,25.0,23.23,25.3,23.0
2016-11-18,23.01,22.98,23.79,22.97
2016-11-21,22.78,22.3,22.79,22.21
2016-11-22,22.31,23.05,23.1,22.3
2016-11-23,23.25,23.21,24.7,23.11
2016-11-24,22.6,22.42,22.97,22.21
2016-11-25,22.42,22.2,22.7,21.6
2016-11-28,22.33,22.06,22.46,21.82
2016-11-29,21.91,21.83,22.34,21.81
2016-11-30,21.7,22.21,22.22,21.7
2016-12-01,22.27,21.93,22.45,21.83
2016-12-02,21.81,20.81,22.09,20.8
2016-12-05,20.5,20.78,21.07,20.43
2016-12-06,20.66,20.65,20.97,20.63
2016-12-07,20.68,20.93,20.97,20.68
2016-12-08,21.09,20.63,21.1,20.3
2016-12-09,20.76,20.75,21.06,20.45
2016-12-12,20.56,18.73,20.75,18.68
2016-12-13,18.32,18.56,18.81,18.3
2016-12-14,18.59,18.2,18.75,17.92
2016-12-15,18.05,18.32,18.6,17.71
2016-12-16,18.28,18.6,18.77,18.26
2016-12-19,18.5,18.57,18.8,18.42
2016-12-20,18.58,18.71,18.74,18.57
2016-12-21,18.71,19.15,19.36,18.71
2016-12-22,19.15,18.79,19.15,18.65
2016-12-23,18.9,18.22,18.94,18.2
2016-12-26,18.29,18.54,18.66,17.9
2016-12-27,18.65,18.69,19.16,18.6
2016-12-28,18.54,18.73,18.87,18.51
2016-12-29,18.68,18.63,19.0,18.63
2016-12-30,18.75,18.83,19.13,18.75
2017-01-03,18.92,18.96,19.15,18.83
2017-01-04,18.96,19.16,19.26,18.78
2017-01-05,19.16,18.95,19.25,18.91
2017-01-06,18.95,18.78,19.0,18.7
2017-01-09,18.77,18.87,18.9,18.52
2017-01-10,18.87,18.86,18.99,18.8
2017-01-11,18.94,18.4,18.94,18.32
2017-01-12,18.4,18.35,18.63,18.22
2017-01-13,18.44,17.69,18.5,17.62
2017-01-16,17.33,15.92,17.51,15.92
2017-01-17,15.95,16.38,16.6,15.49
2017-01-18,16.19,17.03,18.02,16.04
2017-01-19,17.01,16.68,17.2,16.4
2017-01-20,16.69,17.2,17.44,16.61
2017-01-23,17.11,17.16,17.58,17.1
2017-01-24,17.39,16.75,17.39,16.7
2017-01-25,16.75,16.78,16.92,16.63
2017-01-26,16.9,16.99,17.08,16.71
2017-02-03,16.99,17.17,17.3,16.83
2017-02-06,17.1,17.34,17.48,17.07
2017-02-07,17.29,17.23,17.45,17.1
2017-02-08,17.22,17.36,17.4,17.05
2017-02-09,17.45,17.81,17.9,17.4
2017-02-10,17.6,17.99,17.99,17.43
2017-02-13,18.05,19.79,19.79,17.88
2017-02-14,19.4,19.96,20.45,18.84
2017-02-15,19.57,19.21,20.18,19.13
2017-02-16,19.2,18.94,19.29,18.61
2017-02-17,18.9,18.46,19.1,18.36
2017-02-20,18.47,18.6,18.75,18.4
2017-02-21,18.6,18.83,18.97,18.42
2017-02-22,18.89,18.58,18.95,18.44
2017-02-23,18.67,18.46,18.7,18.1
2017-02-24,18.48,18.62,18.75,18.31
2017-02-27,18.6,18.35,18.81,18.32
2017-02-28,18.35,18.49,18.49,18.26
2017-03-01,18.49,18.21,18.52,18.2
2017-03-02,18.24,17.53,18.29,17.45
2017-03-03,17.53,17.72,17.8,17.25
2017-03-06,17.83,18.24,18.29,17.5
2017-03-07,18.25,18.37,18.66,18.24
2017-03-08,18.38,18.11,18.54,18.06
2017-03-09,18.12,18.09,18.33,18.06
2017-03-10,18.09,17.6,18.09,17.5
2017-03-13,17.4,17.69,17.75,17.31
2017-03-14,17.7,17.57,17.88,17.55
2017-03-15,17.68,17.4,17.68,17.31
2017-03-16,17.47,17.54,17.65,17.33
2017-03-17,17.51,17.5,17.94,17.46
2017-03-20,17.5,17.28,17.5,17.2
2017-03-21,17.22,17.36,17.45,17.22
2017-03-22,17.38,17.02,17.39,16.94
2017-03-23,17.03,16.89,17.2,16.63
2017-03-24,16.89,16.93,17.02,16.74
2017-03-27,16.93,16.99,17.17,16.92
2017-03-28,16.96,16.81,16.99,16.71
2017-03-29,16.92,16.61,16.98,16.6
2017-03-30,16.53,16.0,16.77,16.0
2017-03-31,16.01,16.08,16.28,16.01
2017-04-05,16.08,16.5,16.54,16.08
2017-04-06,16.54,16.53,16.66,16.42
2017-04-07,16.49,16.51,16.67,16.33
2017-04-10,16.44,16.01,16.51,16.0
2017-04-11,16.05,16.1,16.22,15.8
2017-04-12,16.17,15.96,16.19,15.89
2017-04-13,15.89,16.12,16.19,15.89
2017-04-14,16.05,15.86,16.18,15.83
2017-04-17,15.81,15.4,15.96,15.34
2017-04-18,15.4,15.07,15.46,15.02
2017-04-19,15.01,14.38,15.15,14.02
2017-04-20,14.38,13.88,14.52,13.68
2017-04-21,13.81,13.82,14.16,13.66
2017-04-24,13.82,12.69,13.83,12.5
2017-04-25,12.58,12.77,12.85,12.52
2017-04-26,12.93,12.83,12.93,12.75
2017-04-27,12.72,13.91,14.11,12.07
2017-04-28,13.8,14.03,14.69,13.66
2017-05-02,14.3,13.63,14.3,13.55
2017-05-03,13.91,13.35,13.91,13.21
2017-05-04,13.33,13.4,13.75,13.18
2017-05-05,13.4,13.05,13.51,13.04
2017-05-08,13.01,12.8,13.16,12.65
2017-05-09,12.72,13.32,13.44,12.68
2017-05-10,13.35,12.8,13.84,12.77
2017-05-11,12.56,12.94,12.94,12.22
2017-05-12,12.87,13.05,13.19,12.67
2017-05-15,13.0,12.67,13.18,12.65
2017-05-16,12.66,13.04,13.08,12.3
2017-05-17,13.06,14.34,14.34,12.92
2017-05-18,14.57,14.07,14.62,13.81
2017-05-19,14.36,14.88,15.14,14.36
2017-05-22,14.88,14.89,15.68,14.48
2017-05-23,14.59,13.4,14.7,13.4
2017-05-24,13.2,13.46,13.66,12.6
2017-05-25,13.3,14.81,14.81,13.24
2017-05-26,14.99,14.95,15.37,14.69
2017-05-31,15.11,14.94,15.38,14.74
2017-06-01,14.72,14.4,15.27,14.12
2017-06-02,14.1,14.83,14.83,13.92
2017-06-05,14.7,14.8,15.2,14.6
2017-06-06,14.58,14.5,14.74,14.2
2017-06-07,14.54,15.04,15.05,14.54
2017-06-08,14.96,14.81,15.28,14.65
2017-06-09,14.68,14.63,14.87,14.32
2017-06-12,14.4,13.99,14.55,13.98
2017-06-13,13.89,14.19,14.32,13.81
2017-06-14,14.2,14.17,14.39,13.92
2017-06-15,14.16,14.59,14.84,14.08
2017-06-16,14.6,14.33,14.68,14.26
2017-06-19,14.48,14.26,14.48,14.11
2017-06-20,14.28,14.26,14.56,14.22
2017-06-21,14.41,14.03,14.42,13.89
2017-06-22,14.18,13.42,14.24,13.25
2017-06-23,13.36,13.29,13.43,12.81
2017-06-26,13.43,13.6,13.69,13.21
2017-06-27,13.5,13.45,13.67,13.4
2017-06-28,13.32,13.13,13.44,13.13
2017-06-29,13.18,13.23,13.42,13.18
2017-06-30,13.07,13.28,13.28,13.02
2017-07-03,13.39,13.45,13.47,13.21
2017-07-04,13.5,13.41,13.51,13.26
2017-07-05,13.38,13.65,13.65,13.3
2017-07-06,13.64,13.57,13.72,13.41
2017-07-07,13.48,13.46,13.55,13.4
2017-07-10,13.45,13.06,13.46,12.95
2017-07-11,13.05,12.98,13.27,12.95
2017-07-12,12.83,12.97,13.05,12.58
2017-07-13,12.92,12.83,12.99,12.8
2017-07-14,12.78,12.71,12.89,12.69
2017-07-17,12.72,11.53,12.72,11.45
2017-07-18,11.5,11.74,11.85,11.5
2017-07-19,11.75,11.78,11.8,11.58
2017-07-20,11.72,11.89,12.28,11.72
2017-07-21,11.9,11.75,12.18,11.62
2017-07-24,11.72,11.79,11.79,11.5
2017-07-25,11.73,11.9,11.92,11.71
2017-07-26,11.85,11.81,11.96,11.79
2017-07-27,11.72,12.33,12.59,11.72
2017-07-28,12.26,12.13,12.38,12.11
2017-07-31,12.1,12.11,12.2,12.02
2017-08-01,12.11,12.2,12.28,12.05
2017-08-02,12.21,12.2,12.44,12.07
2017-08-03,12.08,12.29,12.48,12.07
2017-08-04,12.25,12.08,12.3,12.05
2017-08-07,12.03,12.1,12.27,12.03
2017-08-08,12.05,12.19,12.24,12.04
2017-08-09,12.3,12.15,12.3,12.12
2017-08-10,12.17,11.88,12.19,11.82
2017-08-11,11.88,11.86,12.0,11.77
2017-08-14,11.87,12.26,12.34,11.83
2017-08-15,12.26,12.3,12.32,12.17
2017-08-16,12.3,12.56,12.99,12.25
2017-08-17,12.56,12.69,12.98,12.5
2017-08-18,12.58,12.5,12.65,12.45
2017-08-21,12.46,12.51,12.64,12.39
2017-08-22,12.42,12.44,12.56,12.36
2017-08-23,12.46,12.63,12.68,12.2
2017-08-24,12.55,12.36,12.66,12.3
2017-08-25,12.36,12.47,12.52,12.36
2017-08-28,12.47,12.7,12.74,12.47
2017-08-29,12.63,12.45,12.75,12.45
2017-08-30,12.46,12.6,12.68,12.46
2017-08-31,12.65,12.56,12.68,12.49
2017-09-01,12.6,12.96,13.4,12.51
2017-09-04,12.87,12.93,13.03,12.76
2017-09-05,12.98,13.15,13.17,12.91
2017-09-06,13.13,13.07,13.19,12.9
2017-09-07,12.95,12.8,13.07,12.8
2017-09-08,12.75,12.86,13.03,12.74
2017-09-11,12.8,12.98,13.05,12.77
2017-09-12,13.02,12.85,13.1,12.77
2017-09-13,12.9,12.9,12.9,12.78
2017-09-14,12.9,12.77,12.96,12.75
2017-09-15,12.81,12.82,12.96,12.77
2017-09-18,12.87,13.0,13.05,12.76
2017-09-19,13.06,12.8,13.06,12.77
2017-09-20,12.79,12.93,12.95,12.7
2017-09-21,12.94,12.8,13.03,12.76
2017-09-22,12.75,13.18,13.35,12.65
2017-09-25,13.18,12.79,13.18,12.76
2017-09-26,12.74,12.43,12.88,12.4
2017-09-27,12.42,12.49,12.58,12.3
2017-09-28,12.5,12.18,12.56,12.17
2017-09-29,12.28,12.25,12.34,12.19
2017-10-09,12.38,12.49,12.61,12.32
2017-10-10,12.47,12.8,12.82,12.44
2017-10-11,12.8,12.71,13.03,12.7
2017-10-12,12.71,12.68,12.85,12.56
2017-10-13,12.68,12.87,12.95,12.64
2017-10-16,12.87,12.51,13.07,12.48
2017-10-17,12.52,12.58,12.64,12.39
2017-10-18,12.59,12.29,12.63,12.26
2017-10-19,12.36,12.05,12.36,12.03
2017-10-20,12.05,12.32,12.41,12.01
2017-10-23,12.86,13.07,13.5,12.74
2017-10-24,13.04,12.89,13.05,12.6
2017-10-25,12.83,12.71,12.89,12.62
2017-10-26,12.72,12.76,12.94,12.66
2017-10-27,12.75,12.41,12.75,12.31
2017-10-30,12.48,11.88,12.49,11.68
2017-10-31,11.5,12.03,12.07,11.5
2017-11-01,11.98,11.96,12.17,11.88
2017-11-02,12.08,11.71,12.08,11.6
2017-11-03,11.7,11.76,11.95,11.65
2017-11-06,11.71,11.85,11.9,11.7
2017-11-07,11.8,11.84,11.93,11.7
2017-11-08,11.87,11.92,11.97,11.75
2017-11-09,11.88,12.08,12.11,11.8
2017-11-10,12.03,12.07,12.16,11.96
2017-11-13,12.1,11.8,12.1,11.72
2017-11-14,11.89,11.66,11.89,11.56
2017-11-15,11.62,11.65,11.7,11.57
2017-11-16,11.78,11.67,11.85,11.63
2017-11-17,11.67,11.12,11.71,11.04
2017-11-20,11.1,11.14,11.2,10.81
2017-11-21,11.2,11.17,11.28,10.9
2017-11-22,11.15,11.17,11.17,10.99
2017-11-23,11.5,11.18,11.66,11.06
2017-11-24,10.94,11.17,11.17,10.89
2017-11-27,11.17,11.16,11.2,10.91
2017-11-28,11.11,11.24,11.25,11.04
2017-11-29,11.25,11.17,11.25,11.0
2017-11-30,11.16,11.18,11.18,11.06
2017-12-01,11.15,11.25,11.32,11.12
2017-12-04,11.37,11.16,11.37,10.96
2017-12-05,11.17,10.95,11.17,10.7
2017-12-06,10.8,10.86,10.99,10.6
2017-12-07,10.9,10.84,10.9,10.75
2017-12-08,10.85,10.89,10.97,10.79
2017-12-11,10.89,10.97,11.05,10.87
2017-12-12,10.97,10.84,10.97,10.75
2017-12-13,10.75,10.83,10.83,10.69
2017-12-14,10.81,10.8,10.83,10.72
2017-12-15,10.73,10.84,10.98,10.66
2017-12-18,10.73,10.78,10.98,10.72
2017-12-19,10.83,10.93,10.94,10.78
2017-12-20,10.55,10.71,10.82,10.55
2017-12-21,10.72,11.12,11.78,10.5
2017-12-22,11.08,10.91,11.21,10.88
2017-12-25,10.88,10.75,10.88,10.6
2017-12-26,10.78,10.8,10.83,10.63
2017-12-27,10.74,10.76,10.8,10.69
2017-12-28,10.66,10.75,10.81,10.66
2017-12-29,10.78,10.77,10.8,10.71
2018-01-02,10.74,10.92,10.92,10.66
2018-01-03,10.94,11.07,11.11,10.85
2018-01-04,11.15,11.19,11.26,11.0
2018-01-05,11.19,11.08,11.19,11.04
2018-01-08,11.0,11.02,11.07,10.94
2018-01-09,11.04,10.97,11.1,10.92
2018-01-10,10.94,11.03,11.09,10.91
2018-01-11,11.03,11.1,11.18,10.81
2018-01-12,11.12,11.21,11.36,11.1
2018-01-15,11.21,11.39,11.55,11.11
2018-01-16,11.45,11.84,11.98,11.2
2018-01-17,11.75,11.84,11.95,11.69
2018-01-18,11.78,11.69,11.82,11.65
2018-01-19,11.65,11.6,11.73,11.42
2018-01-22,11.59,12.23,12.69,11.52
2018-01-23,12.22,12.13,12.48,11.97
2018-01-24,12.4,12.18,12.4,12.02
2018-01-25,12.2,12.0,12.33,12.0
2018-01-26,11.88,12.0,12.09,11.88
2018-01-29,12.0,11.7,12.0,11.65
2018-01-30,11.61,11.79,12.02,11.61
2018-01-31,11.67,11.58,11.85,11.38
2018-02-01,11.55,10.66,11.71,10.42
2018-02-02,10.67,9.9,10.69,9.59
2018-02-05,9.51,9.64,9.83,9.51
2018-02-06,9.53,8.68,9.53,8.68
2018-02-07,8.69,8.23,8.86,7.81
2018-02-08,8.09,8.31,8.45,8.04
2018-02-09,8.11,7.97,8.32,7.82
2018-02-12,8.02,8.36,8.55,8.0
2018-02-13,8.39,8.33,8.45,8.3
2018-02-14,8.33,8.37,8.43,8.27
2018-02-22,8.4,8.46,8.56,8.35
2018-02-23,8.58,8.48,8.58,8.42
2018-02-26,8.52,8.71,8.79,8.45
2018-02-27,8.76,8.78,8.88,8.62
2018-02-28,8.65,8.97,8.97,8.56
2018-03-01,8.84,9.22,9.57,8.83
2018-03-02,9.07,9.08,9.34,9.02
2018-03-05,9.11,9.11,9.13,9.03
2018-03-06,9.18,9.14,9.2,9.09
2018-03-07,9.13,9.2,9.44,9.05
2018-03-08,9.08,9.25,9.36,9.08
2018-03-09,9.2,9.48,9.5,9.2
2018-03-12,9.42,9.59,9.63,9.33
2018-03-13,9.55,9.7,9.78,9.47
2018-03-14,9.7,9.35,9.7,9.34
2018-03-15,9.34,9.25,9.41,9.09
2018-03-16,9.13,9.37,9.49,9.13
2018-03-19,9.22,9.43,9.55,9.16
2018-03-20,9.22,9.69,9.76,9.22
2018-03-21,9.62,9.63,9.72,9.62
2018-03-22,9.6,9.93,9.96,9.6
2018-03-23,9.7,9.48,9.8,9.25
2018-03-26,9.02,9.89,9.9,9.02
2018-03-27,9.82,10.14,10.47,9.81
2018-03-28,9.85,10.3,10.41,9.68
2018-03-29,10.24,10.2,10.38,10.12
2018-03-30,10.2,10.56,10.56,10.13
2018-04-02,10.55,11.22,11.22,10.46
2018-04-03,10.9,11.41,11.66,10.88
2018-04-04,11.33,11.55,11.76,11.32
2018-04-09,11.55,11.28,11.67,11.27
2018-04-10,11.05,11.0,11.23,10.83
2018-04-11,10.86,10.9,11.24,10.82
2018-04-12,10.8,11.03,11.11,10.8
2018-04-13,11.0,11.19,11.31,10.92
2018-04-16,11.19,11.25,11.32,11.02
2018-04-17,11.3,11.17,11.48,11.05
2018-04-18,11.26,11.26,11.35,10.91
2018-04-19,11.19,11.26,11.34,11.13
2018-04-20,11.15,10.99,11.4,10.86
2018-04-23,10.73,11.04,11.08,10.72
2018-04-24,11.04,11.2,11.25,10.98
2018-04-25,11.29,11.24,11.29,11.03
2018-04-26,11.2,11.25,11.35,11.1
2018-04-27,11.21,11.27,11.37,11.1
2018-05-02,11.23,10.96,11.28,10.9
2018-05-03,11.09,11.05,11.09,10.89
2018-05-04,11.05,11.06,11.13,11.01
2018-05-07,11.0,11.01,11.08,10.88
2018-05-08,10.91,10.89,11.02,10.89
2018-05-09,10.91,10.96,11.09,10.9
2018-05-10,10.96,11.36,11.68,10.91
2018-05-11,11.42,11.11,11.43,11.04
2018-05-14,11.15,11.12,11.31,11.04
2018-05-15,11.07,11.13,11.15,11.0
2018-05-16,11.07,11.08,11.11,10.97
2018-05-17,11.08,11.08,11.11,10.95
2018-05-18,10.97,11.22,11.25,10.96
2018-05-21,11.26,11.43,11.44,11.24
2018-05-22,11.45,11.57,11.76,11.37
2018-05-23,11.58,11.38,11.66,11.35
2018-05-24,11.38,11.2,11.5,11.11
2018-05-25,11.2,11.21,11.29,11.11
