date,open,close,high,low
2016-01-22,26.705,26.705,26.705,26.705
2016-01-25,24.425,24.484,25.052,24.036
2016-01-26,23.698,22.045,24.006,22.035
2016-01-27,21.806,19.874,22.035,19.844
2016-01-28,19.516,17.883,19.596,17.883
2016-01-29,17.823,18.968,19.416,17.624
2016-02-01,18.819,19.357,19.874,18.64
2016-02-02,18.978,20.153,20.8,18.978
2016-02-03,19.934,20.263,20.502,19.436
2016-02-04,20.362,20.591,20.85,20.233
2016-02-05,20.601,19.914,20.81,19.864
2016-02-15,19.137,20.073,20.302,18.899
2016-02-16,20.173,21.388,21.418,20.173
2016-02-17,21.378,21.328,21.607,20.85
2016-02-18,21.706,20.92,21.816,20.89
2016-02-19,20.92,20.91,21.209,20.721
2016-02-22,21.308,21.567,22.005,21.268
2016-02-23,21.408,20.98,21.706,20.671
2016-02-24,20.94,20.322,21.189,19.735
2016-02-25,20.372,18.291,20.571,18.291
2016-02-26,18.57,17.833,18.6,17.276
2016-02-29,17.724,16.23,17.724,16.051
2016-03-01,16.588,16.867,17.017,16.23
2016-03-02,16.967,18.022,18.182,16.648
2016-03-03,17.982,18.022,18.67,17.873
2016-03-04,18.042,17.047,18.202,16.728
2016-03-07,17.276,17.375,18.112,17.276
2016-03-08,17.435,17.853,17.863,16.34
2016-03-09,17.266,17.435,17.803,16.987
2016-03-10,17.465,17.196,17.704,17.156
2016-03-11,17.425,17.674,17.893,16.957
2016-03-14,18.022,18.321,18.679,18.012
2016-03-15,18.172,18.261,18.391,17.933
2016-03-16,18.57,18.122,18.819,18.122
2016-03-17,18.122,18.958,19.008,18.122
2016-03-18,19.078,19.834,19.914,19.078
2016-03-21,20.223,20.163,20.392,19.695
2016-03-22,19.884,20.014,20.302,19.715
2016-03-23,19.576,20.113,20.253,19.576
2016-03-24,20.093,20.183,21.079,19.605
2016-03-25,20.044,19.964,20.322,19.675
2016-03-28,20.113,19.347,20.462,19.247
2016-03-29,19.157,18.351,19.386,18.182
2016-03-30,18.52,19.118,19.157,18.351
2016-03-31,19.307,19.675,20.133,19.128
2016-04-01,19.765,19.416,20.054,19.147
2016-04-05,19.496,20.611,20.751,19.277
2016-04-06,20.422,20.81,21.069,20.233
2016-04-07,21.129,21.497,22.204,20.621
2016-04-08,21.159,20.9,21.278,20.342
2016-04-11,20.531,21.059,21.507,20.263
2016-04-12,20.91,20.442,20.91,20.243
2016-04-13,20.701,20.999,21.448,20.512
2016-04-14,21.109,21.428,21.567,21.059
2016-04-15,21.507,22.732,23.061,21.418
2016-04-18,22.005,21.935,22.254,21.438
2016-04-19,21.925,21.667,22.085,21.467
2016-04-20,21.706,19.815,21.706,19.496
2016-04-21,19.785,19.147,19.894,19.018
2016-04-22,18.819,19.436,19.536,18.65
2016-04-25,19.167,18.47,19.167,18.47
2016-04-26,18.271,18.699,18.809,17.933
2016-04-27,18.65,18.231,18.65,18.122
2016-04-28,18.072,18.022,18.301,17.345
2016-04-29,17.843,18.341,18.48,17.823
2016-05-03,18.44,20.173,20.173,18.251
2016-05-04,20.073,20.531,21.388,19.974
2016-05-05,20.94,20.88,21.348,20.432
2016-05-06,21.069,20.273,21.089,19.944
2016-05-09,19.914,19.476,20.143,19.416
2016-05-10,19.277,20.601,20.601,19.277
2016-05-11,20.711,20.611,21.109,19.815
2016-05-12,19.944,21.826,22.075,19.934
2016-05-13,21.906,21.667,22.224,21.129
2016-05-16,21.388,22.403,22.553,20.91
2016-05-17,22.423,22.473,23.359,22.135
2016-05-18,22.214,21.537,22.702,21.438
2016-05-19,21.288,21.348,21.876,21.219
2016-05-20,21.109,22.473,22.503,20.611
2016-05-23,22.483,23.419,23.977,22.354
2016-05-24,23.3,23.25,24.046,22.891
2016-05-25,23.28,22.443,23.588,22.403
2016-05-26,22.204,23.758,23.887,21.786
2016-05-27,23.469,23.25,23.917,23.25
2016-05-30,22.901,23.08,24.056,22.503
2016-05-31,23.449,23.758,23.977,23.08
2016-06-01,23.678,24.196,24.743,23.419
2016-06-02,24.096,24.375,24.952,23.837
2016-06-03,24.375,24.116,24.694,23.967
2016-06-06,24.415,23.588,24.455,22.981
2016-06-07,23.588,23.499,23.688,23.2
2016-06-08,23.519,23.3,23.598,22.911
2016-06-13,23.2,22.204,23.837,22.204
2016-06-14,22.184,22.603,22.603,21.199
2016-06-15,21.975,23.25,23.558,21.975
2016-06-16,23.001,22.174,23.469,22.005
2016-06-17,22.294,22.095,22.493,21.886
2016-06-20,22.005,22.025,22.752,21.876
2016-06-21,22.214,22.025,22.463,21.806
2016-06-22,22.085,22.403,22.453,21.916
2016-06-23,22.603,22.682,23.29,22.413
2016-06-24,22.603,22.553,22.871,21.477
2016-06-27,22.154,23.21,23.24,21.876
2016-06-28,22.971,23.22,23.529,22.503
2016-06-29,23.35,23.68,24.129,23.211
2016-06-30,23.859,23.43,24.169,23.29
2016-07-01,23.191,23.28,23.81,23.191
2016-07-04,23.121,23.4,23.61,22.911
2016-07-05,23.54,22.472,23.54,22.272
2016-07-06,22.192,22.462,22.761,22.182
2016-07-07,22.282,22.092,22.392,21.913
2016-07-08,22.092,22.122,22.332,21.973
2016-07-11,22.043,22.033,22.262,22.003
2016-07-12,21.973,21.863,22.142,21.364
2016-07-13,21.843,21.933,22.003,21.573
2016-07-14,21.933,21.563,21.953,21.404
2016-07-15,21.503,21.603,21.743,21.344
2016-07-18,21.563,22.142,22.232,21.414
2016-07-19,22.202,22.122,22.212,21.823
2016-07-20,22.112,21.843,22.182,21.793
2016-07-21,21.943,22.132,22.432,21.943
2016-07-22,22.132,21.753,22.142,21.643
2016-07-25,21.753,21.034,21.753,21.004
2016-07-26,21.034,21.364,21.483,21.034
2016-07-27,21.424,20.535,21.454,20.006
2016-07-28,20.535,20.535,20.635,19.926
2016-07-29,20.555,20.954,21.074,20.266
2016-08-01,20.954,20.405,21.084,20.365
2016-08-02,20.186,20.605,20.675,20.186
2016-08-03,20.565,20.445,20.625,20.365
2016-08-04,20.495,20.675,20.775,20.385
2016-08-05,20.755,20.705,20.795,20.575
2016-08-08,20.765,21.034,21.084,20.445
2016-08-09,21.034,21.324,21.493,20.894
2016-08-10,21.384,21.084,21.463,21.014
2016-08-11,20.984,20.815,21.414,20.815
2016-08-12,20.775,20.725,20.904,20.365
2016-08-15,20.725,20.944,21.064,20.295
2016-08-16,20.894,20.745,20.914,20.705
2016-08-17,20.745,20.655,20.904,20.605
2016-08-18,20.655,20.146,20.735,20.046
2016-08-19,20.136,20.385,20.445,19.976
2016-08-22,20.216,20.305,20.655,20.206
2016-08-23,20.146,19.996,20.395,19.966
2016-08-24,20.006,20.166,20.325,20.006
2016-08-25,20.066,20.445,20.585,19.966
2016-08-26,20.535,20.146,20.535,20.126
2016-08-29,20.096,20.126,20.196,19.966
2016-08-30,20.126,20.176,20.385,20.066
2016-08-31,20.166,19.257,20.176,19.068
2016-09-01,19.267,19.127,19.337,19.088
2016-09-02,19.167,18.908,19.187,18.688
2016-09-05,18.918,18.998,19.088,18.828
2016-09-06,18.978,19.317,19.387,18.818
2016-09-07,19.387,19.117,19.407,19.088
2016-09-08,19.028,19.826,19.846,19.028
2016-09-09,20.076,21.813,21.813,20.076
2016-09-12,21.364,21.284,21.364,20.655
2016-09-13,21.284,21.084,21.743,20.825
2016-09-14,20.725,20.605,20.914,20.236
2016-09-19,20.685,20.924,20.924,20.535
2016-09-20,20.964,20.645,21.104,20.515
2016-09-21,20.545,20.715,20.765,20.266
2016-09-22,20.765,20.415,20.944,20.365
2016-09-23,20.266,20.395,20.735,20.266
2016-09-26,20.445,19.237,20.465,19.227
2016-09-27,19.028,19.357,19.407,18.998
2016-09-28,19.267,19.217,19.337,19.117
2016-09-29,19.187,19.227,19.337,19.187
2016-09-30,19.427,19.457,19.527,19.157
2016-10-10,19.746,20.216,20.266,19.527
2016-10-11,20.415,20.036,20.415,19.976
2016-10-12,19.966,20.146,20.206,19.866
2016-10-13,20.066,19.946,20.146,19.876
2016-10-14,20.016,20.325,20.465,19.956
2016-10-17,20.276,20.016,20.276,19.866
2016-10-18,19.996,20.735,20.964,19.976
2016-10-19,20.775,20.695,21.184,20.575
2016-10-20,20.575,20.755,21.144,20.565
2016-10-21,20.785,21.294,21.344,20.635
2016-10-24,21.314,21.463,21.963,21.314
2016-10-25,21.463,21.414,21.863,21.374
2016-10-26,21.414,21.354,21.463,20.964
2016-10-27,21.184,21.004,21.294,20.865
2016-10-28,21.064,20.695,21.124,20.645
2016-10-31,20.665,20.535,20.695,20.375
2016-11-01,20.555,20.884,20.964,20.555
2016-11-02,20.775,20.495,20.924,20.455
2016-11-03,20.465,20.815,21.174,20.395
2016-11-04,20.775,20.695,21.014,20.445
2016-11-07,20.685,20.735,20.944,20.495
2016-11-08,20.785,20.924,20.934,20.535
2016-11-09,20.855,20.815,21.154,20.455
2016-11-10,20.875,20.974,21.024,20.795
2016-11-11,20.974,21.503,21.503,20.795
2016-11-14,21.364,21.793,22.162,21.294
2016-11-15,21.943,21.683,22.092,21.374
2016-11-16,21.883,21.294,21.883,21.294
2016-11-17,21.294,21.304,21.454,21.074
2016-11-18,21.454,21.563,21.643,21.174
2016-11-21,21.923,22.472,23.55,21.873
2016-11-22,22.661,22.871,23.161,22.651
2016-11-23,22.861,22.761,23.43,22.572
2016-11-24,22.761,22.562,22.871,22.292
2016-11-25,22.781,22.681,22.781,21.973
2016-11-28,22.781,22.761,22.941,22.342
2016-11-29,22.861,22.402,22.931,22.322
2016-11-30,22.212,21.873,22.302,21.783
2016-12-01,21.903,21.863,22.062,21.523
2016-12-02,21.813,21.753,21.983,21.523
2016-12-05,21.753,21.803,22.142,21.513
2016-12-06,21.793,21.743,21.973,21.563
2016-12-07,21.723,21.753,21.863,21.364
2016-12-08,21.863,21.424,21.863,21.144
2016-12-09,21.424,21.114,21.434,20.815
2016-12-12,20.964,20.375,21.064,19.766
2016-12-13,20.066,20.046,20.246,19.846
2016-12-14,19.936,19.946,20.166,19.866
2016-12-15,19.746,20.106,20.196,19.736
2016-12-16,20.106,20.176,20.236,19.976
2016-12-19,20.156,19.926,20.196,19.796
2016-12-20,19.946,20.006,20.066,19.706
2016-12-21,20.026,20.465,20.545,20.026
2016-12-22,20.405,20.365,20.465,20.176
2016-12-23,20.395,20.445,20.615,20.236
2016-12-26,20.445,20.465,20.465,19.966
2016-12-27,20.365,20.525,20.625,20.276
2016-12-28,20.525,20.545,20.665,20.365
2016-12-29,20.425,20.485,20.775,20.365
2016-12-30,20.385,20.685,20.855,20.375
2017-01-03,20.705,20.865,20.875,20.475
2017-01-04,20.884,20.924,20.994,20.755
2017-01-05,20.865,20.665,20.964,20.495
2017-01-06,20.655,20.565,20.745,20.475
2017-01-09,20.565,20.545,20.615,20.325
2017-01-10,20.425,20.535,20.615,20.266
2017-01-11,20.415,20.375,20.565,20.266
2017-01-12,20.355,20.375,20.455,20.126
2017-01-13,20.266,19.966,20.345,19.956
2017-01-16,19.886,19.207,19.886,18.768
2017-01-17,19.207,19.427,19.647,18.868
2017-01-18,19.407,19.117,19.407,19.058
2017-01-19,19.117,19.237,19.467,18.998
2017-01-20,19.117,19.417,19.597,19.068
2017-01-23,19.377,19.617,19.647,19.377
2017-01-24,19.477,19.377,19.617,19.297
2017-01-25,19.307,19.287,19.527,19.247
2017-01-26,19.297,19.776,19.806,19.297
2017-02-03,19.746,19.617,19.776,19.397
2017-02-06,19.617,19.557,19.627,19.417
2017-02-07,19.477,19.207,19.527,18.998
2017-02-08,19.108,19.108,19.187,18.858
2017-02-09,19.108,19.317,19.337,19.028
2017-02-10,19.347,19.297,19.487,19.247
2017-02-13,19.297,19.477,19.607,18.928
2017-02-14,19.477,19.956,20.056,19.377
2017-02-15,20.016,19.716,20.076,19.597
2017-02-16,19.716,19.726,19.836,19.547
2017-02-17,19.726,19.407,19.726,19.327
2017-02-20,19.377,19.277,19.457,19.018
2017-02-21,19.267,19.347,19.367,19.117
2017-02-22,19.337,19.207,19.337,19.058
2017-02-23,19.157,19.078,19.207,18.888
2017-02-24,19.078,19.177,19.207,19.068
2017-02-27,19.177,19.317,19.397,19.048
2017-02-28,19.247,19.317,19.337,19.117
2017-03-01,19.317,19.217,19.317,19.187
2017-03-02,19.217,19.147,19.297,19.088
2017-03-03,19.068,19.177,19.257,19.058
2017-03-06,19.237,19.417,19.507,19.127
2017-03-07,19.487,19.437,19.597,19.367
2017-03-08,19.467,19.457,19.587,19.327
2017-03-09,19.487,19.357,19.487,19.117
2017-03-10,19.347,19.207,19.387,19.187
2017-03-13,19.217,19.167,19.267,18.918
2017-03-14,19.127,19.018,19.237,18.968
2017-03-15,18.978,19.317,19.537,18.978
2017-03-16,19.247,19.547,19.617,19.207
2017-03-17,19.537,19.437,19.856,19.387
2017-03-20,19.427,19.467,19.467,19.137
2017-03-21,19.307,19.567,19.607,19.267
2017-03-22,19.507,19.367,19.587,19.277
2017-03-23,19.327,19.487,19.557,19.187
2017-03-24,19.517,19.677,19.886,19.267
2017-03-27,19.647,19.367,19.657,19.367
2017-03-28,19.327,19.327,19.347,19.058
2017-03-29,19.217,19.117,19.317,19.028
2017-03-30,19.098,19.117,19.407,19.038
2017-03-31,19.237,19.167,19.287,18.988
2017-04-05,19.726,19.417,19.746,19.347
2017-04-06,19.437,21.364,21.364,19.347
2017-04-07,22.162,22.112,22.921,21.114
2017-04-10,21.683,22.212,22.911,21.503
2017-04-11,22.412,21.983,23.26,21.414
2017-04-12,21.264,20.246,21.364,20.186
2017-04-13,20.276,20.954,21.953,20.276
2017-04-14,20.964,21.473,21.653,20.545
2017-04-17,21.024,20.605,21.244,20.475
2017-04-18,20.954,20.825,22.661,20.775
2017-04-19,21.114,20.655,21.364,20.276
2017-04-20,20.745,19.846,20.745,19.467
2017-04-21,19.667,19.517,19.756,19.167
2017-04-24,19.467,18.568,19.467,18.548
2017-04-25,18.479,18.618,19.058,18.469
2017-04-26,18.568,18.309,18.588,17.67
2017-04-27,17.969,17.89,18.109,17.181
2017-04-28,17.93,18.039,18.329,17.83
2017-05-02,17.969,18.668,19.028,17.75
2017-05-03,18.958,18.718,19.167,18.509
2017-05-04,18.469,18.688,19.247,18.159
2017-05-05,18.998,18.718,19.327,18.678
2017-05-08,18.618,17.58,18.738,17.57
2017-05-09,17.62,17.65,17.66,17.211
2017-05-10,17.72,16.472,17.81,16.412
2017-05-11,16.312,16.742,16.752,15.963
2017-05-12,16.682,16.901,17.231,16.652
2017-05-15,16.911,16.841,17.061,16.672
2017-05-16,16.971,17.49,17.57,16.652
2017-05-17,17.38,17.43,17.65,17.221
2017-05-18,17.47,17.47,18.069,17.351
2017-05-19,17.241,17.251,17.78,17.121
2017-05-22,17.3,17.37,17.7,17.16
2017-05-23,17.0,15.88,17.0,15.8
2017-05-24,15.8,15.61,16.05,15.01
2017-05-25,15.5,15.66,15.85,15.08
2017-05-26,15.66,15.87,16.23,15.51
2017-05-31,15.97,15.66,16.29,15.41
2017-06-01,15.5,14.63,15.73,14.55
2017-06-02,14.63,14.93,15.03,13.91
2017-06-05,14.95,14.82,15.09,14.76
2017-06-06,14.82,15.48,15.48,14.54
2017-06-07,15.5,15.98,16.1,15.49
2017-06-08,15.72,16.26,16.68,15.72
2017-06-09,16.08,16.01,16.29,15.8
2017-06-12,16.0,15.54,16.0,15.41
2017-06-13,15.7,15.75,15.94,15.52
2017-06-14,15.75,15.59,15.87,15.52
2017-06-15,15.55,15.85,16.05,15.5
2017-06-16,15.89,15.97,15.97,15.76
2017-06-19,15.98,15.97,16.11,15.88
2017-06-20,16.06,16.43,16.67,15.9
2017-06-21,16.32,16.05,16.38,15.96
2017-06-22,16.13,15.4,16.14,15.25
2017-06-23,15.4,15.24,15.4,14.93
2017-06-26,15.27,15.79,16.59,15.27
2017-06-27,15.9,15.6,15.9,15.52
2017-06-28,15.6,15.64,15.84,15.5
2017-06-29,15.85,16.03,16.25,15.82
2017-06-30,15.87,16.0,16.15,15.73
2017-07-03,15.98,16.13,16.18,15.85
2017-07-04,16.1,16.29,16.58,16.0
2017-07-05,16.26,16.27,16.34,16.08
2017-07-06,16.28,15.89,16.43,15.75
2017-07-07,15.89,15.86,15.98,15.75
2017-07-10,15.86,15.52,15.9,15.51
2017-07-11,15.52,15.47,15.77,15.4
2017-07-12,15.48,15.01,15.52,14.82
2017-07-13,15.04,14.98,15.15,14.84
2017-07-14,14.98,14.71,14.99,14.7
2017-07-17,14.99,13.51,15.06,13.49
2017-07-18,13.4,13.61,13.68,13.05
2017-07-19,13.47,13.7,13.71,13.36
2017-07-20,13.68,13.73,14.3,13.68
2017-07-21,13.8,14.1,14.15,13.7
2017-07-24,14.07,14.12,14.28,14.0
2017-07-25,14.22,13.83,14.22,13.83
2017-07-26,13.85,14.0,14.33,13.76
2017-07-27,14.09,14.52,14.74,14.0
2017-07-28,14.58,14.26,14.66,14.25
2017-07-31,14.24,14.12,14.4,13.91
2017-08-01,14.03,14.18,14.31,13.95
2017-08-02,14.18,14.13,14.45,14.11
2017-08-03,14.15,14.15,14.4,14.08
2017-08-04,14.1,14.14,14.39,13.93
2017-08-07,14.1,14.16,14.24,14.0
2017-08-08,13.77,13.22,13.86,13.08
2017-08-09,13.17,13.15,13.28,13.08
2017-08-10,13.11,12.9,13.2,12.88
2017-08-11,12.87,12.88,13.08,12.72
2017-08-14,12.87,13.19,13.5,12.87
2017-08-15,13.27,13.35,13.45,13.19
2017-08-16,13.34,13.49,13.52,13.1
2017-08-17,13.41,13.56,13.63,13.33
2017-08-18,13.48,13.47,13.68,13.4
2017-08-21,13.6,13.48,13.6,13.38
2017-08-22,13.5,13.35,13.56,13.31
2017-08-23,13.35,13.63,13.68,13.32
2017-08-24,13.53,13.33,13.65,13.25
2017-08-25,13.39,13.39,13.44,13.28
2017-08-28,13.4,13.61,13.64,13.37
2017-08-29,13.53,13.36,13.53,13.29
2017-08-30,13.35,13.39,13.49,13.34
2017-08-31,13.31,13.12,13.42,12.98
2017-09-01,13.08,13.22,13.22,13.02
2017-09-04,13.2,13.6,13.77,13.07
2017-09-05,13.55,13.69,13.79,13.49
2017-09-06,13.7,13.79,13.89,13.58
2017-09-07,13.88,13.78,13.92,13.62
2017-09-08,13.76,13.73,13.87,13.64
2017-09-11,13.75,13.76,13.77,13.61
2017-09-12,13.77,13.59,13.84,13.53
2017-09-13,13.58,13.69,13.71,13.56
2017-09-14,13.69,13.85,14.12,13.66
2017-09-15,13.82,13.68,13.92,13.66
2017-09-18,13.67,13.79,13.79,13.6
2017-09-19,13.74,13.94,14.25,13.74
2017-09-20,13.9,13.92,13.95,13.75
2017-09-21,13.92,13.81,14.1,13.81
2017-09-22,13.76,13.7,13.78,13.5
2017-09-25,13.65,13.19,13.76,13.15
2017-09-26,13.14,13.22,13.34,13.13
2017-09-27,13.23,13.15,13.43,13.13
2017-09-28,13.17,12.99,13.17,12.92
2017-09-29,13.02,13.08,13.11,12.96
2017-10-09,13.16,13.25,13.29,13.15
2017-10-10,13.26,13.65,13.67,13.18
2017-10-11,13.65,13.57,13.8,13.45
2017-10-12,13.51,13.61,13.64,13.44
2017-10-13,14.45,14.06,14.52,13.95
2017-10-16,13.81,13.59,13.95,13.55
2017-10-17,13.58,13.34,13.6,13.12
2017-10-18,13.35,13.15,13.43,13.13
2017-10-19,13.16,13.32,13.48,13.05
2017-10-20,13.36,13.36,13.39,13.21
2017-10-23,13.32,13.34,13.36,13.26
2017-10-24,13.38,13.17,13.38,13.05
2017-10-25,13.1,13.23,13.24,13.1
2017-10-26,13.15,13.79,13.89,13.08
2017-10-27,13.76,13.6,13.84,13.53
2017-10-30,13.58,13.33,13.6,12.8
2017-10-31,13.22,13.29,13.38,13.21
2017-11-01,13.23,13.86,13.94,13.21
2017-11-02,13.8,13.62,13.81,13.51
2017-11-03,13.6,13.8,13.83,13.49
2017-11-06,13.8,14.02,14.05,13.72
2017-11-07,14.03,13.67,14.04,13.65
2017-11-08,13.69,13.62,13.8,13.56
2017-11-09,13.58,13.94,13.98,13.51
2017-11-10,13.91,13.82,14.06,13.79
2017-11-13,13.72,13.69,13.98,13.66
2017-11-14,13.69,13.21,13.75,13.2
2017-11-15,13.22,13.06,13.31,13.01
2017-11-16,13.0,13.15,13.2,13.0
2017-11-17,13.15,12.41,13.18,12.01
2017-11-20,12.4,12.2,12.4,12.01
2017-11-21,12.2,12.03,12.24,12.01
2017-11-22,11.99,12.14,12.25,11.99
2017-11-23,12.1,11.69,12.2,11.69
2017-11-24,11.6,11.66,11.83,11.5
2017-11-27,11.66,11.58,11.82,11.55
2017-11-28,11.56,11.67,11.7,11.51
2017-11-29,11.65,11.31,11.7,11.21
2017-11-30,11.24,11.2,11.37,11.18
2017-12-01,11.19,11.33,11.33,11.17
2017-12-04,11.33,10.88,11.33,10.86
2017-12-05,10.88,10.21,10.92,10.17
2017-12-06,10.21,10.44,10.49,10.08
2017-12-07,10.35,10.68,10.75,10.35
2017-12-08,10.73,10.97,11.25,10.65
2017-12-11,10.87,10.99,11.1,10.87
2017-12-12,10.91,10.72,11.06,10.7
2017-12-13,10.85,10.76,10.93,10.69
2017-12-14,10.75,10.73,10.86,10.52
2017-12-15,10.71,10.84,10.86,10.65
2017-12-18,10.81,10.51,10.84,10.4
2017-12-19,10.56,10.74,10.79,10.5
2017-12-20,10.73,10.62,10.84,10.56
2017-12-21,10.47,10.49,10.66,10.3
2017-12-22,10.47,10.37,10.57,10.33
2017-12-25,10.45,10.22,10.45,10.15
2017-12-26,10.27,10.33,10.33,10.1
2017-12-27,10.25,10.35,10.39,10.24
2017-12-28,10.35,10.29,10.44,10.23
2017-12-29,10.24,10.36,10.4,10.22
2018-01-02,10.42,10.48,10.53,10.34
2018-01-03,10.47,10.9,11.0,10.47
2018-01-04,11.04,11.1,11.34,10.9
2018-01-05,11.0,11.19,11.23,10.87
2018-01-08,11.07,11.12,11.2,10.96
2018-01-09,11.15,11.24,11.3,11.06
2018-01-10,11.24,11.04,11.24,11.04
2018-01-11,11.08,11.13,11.19,10.85
2018-01-12,11.06,11.0,11.22,10.96
2018-01-15,10.97,10.85,11.02,10.73
2018-01-16,10.8,10.85,10.88,10.66
2018-01-17,10.68,10.99,11.06,10.46
2018-01-18,10.92,11.3,11.3,10.85
2018-01-19,11.22,11.29,11.35,11.18
2018-01-22,11.31,11.31,11.56,11.15
2018-01-23,11.36,11.24,11.55,11.15
2018-01-24,11.18,11.13,11.26,11.0
2018-01-25,11.1,11.07,11.29,11.01
2018-01-26,11.0,10.91,11.05,10.91
2018-01-29,10.85,10.81,11.05,10.71
2018-01-30,10.76,10.81,10.88,10.73
2018-01-31,10.86,10.22,10.86,10.14
2018-02-01,10.21,9.63,10.27,9.62
2018-02-02,9.61,9.4,9.71,9.3
2018-02-05,9.18,9.35,9.46,9.18
2018-02-06,9.18,8.76,9.29,8.71
2018-02-07,8.95,8.86,9.05,8.41
2018-02-08,8.81,9.35,9.63,8.6
2018-02-09,9.19,8.96,9.32,8.9
2018-02-12,9.13,9.35,9.58,9.02
2018-02-13,9.35,9.66,9.76,9.35
2018-02-14,9.66,9.73,9.88,9.42
2018-02-22,9.84,10.16,10.23,9.73
2018-02-23,10.19,10.36,10.48,10.05
2018-02-26,10.35,10.47,10.62,10.1
2018-02-27,10.47,10.32,10.54,10.28
2018-02-28,10.3,10.23,10.46,10.15
2018-03-01,10.09,10.22,10.32,10.0
2018-03-02,10.09,10.19,10.4,10.09
2018-03-05,10.3,10.59,10.61,10.12
2018-03-06,10.61,10.51,10.67,10.36
2018-03-07,10.43,10.2,10.5,10.2
2018-03-08,10.13,10.28,10.34,10.13
2018-03-09,10.28,10.42,10.45,10.17
2018-03-12,10.46,10.52,10.62,10.38
2018-03-13,10.58,10.41,10.58,10.31
2018-03-14,10.39,10.03,10.41,10.02
2018-03-15,9.97,9.93,10.02,9.78
2018-03-16,9.87,9.81,10.02,9.79
2018-03-19,9.78,9.89,9.97,9.75
2018-03-20,9.8,9.93,9.94,9.76
2018-03-21,9.95,9.81,10.07,9.78
2018-03-22,9.8,9.82,9.9,9.66
2018-03-23,9.7,9.04,9.7,8.93
2018-03-26,8.78,9.14,9.16,8.78
2018-03-27,9.25,9.44,9.52,9.15
2018-03-28,9.39,9.59,9.98,9.31
2018-03-29,9.45,9.79,9.88,9.45
2018-03-30,9.82,10.0,10.05,9.81
2018-04-02,9.96,10.22,10.41,9.94
2018-04-03,10.01,10.01,10.19,9.86
2018-04-04,10.16,9.84,10.18,9.76
2018-04-09,9.84,9.86,10.02,9.72
2018-04-10,9.78,9.54,9.83,9.5
2018-04-11,9.75,10.49,10.49,9.75
2018-04-12,10.48,9.96,10.48,9.96
2018-04-13,10.06,9.63,10.08,9.61
2018-04-16,9.53,9.27,9.57,9.23
2018-04-17,9.3,9.09,9.41,9.06
2018-04-18,9.18,9.25,9.28,8.99
2018-04-19,9.3,9.24,9.35,9.21
2018-04-20,9.19,8.97,9.23,8.95
2018-04-23,8.98,9.03,9.08,8.88
2018-04-24,9.08,9.23,9.27,9.08
2018-04-25,9.24,9.35,9.4,9.18
2018-04-26,9.4,9.23,9.4,9.1
2018-04-27,9.23,9.27,9.38,9.22
2018-05-02,9.27,8.97,9.35,8.82
2018-05-03,8.97,8.94,9.04,8.79
2018-05-04,9.0,8.94,9.03,8.88
2018-05-07,8.88,9.06,9.08,8.86
2018-05-08,9.05,8.98,9.08,8.92
2018-05-09,8.99,8.93,9.0,8.87
2018-05-10,8.98,9.05,9.05,8.91
2018-05-11,9.07,8.96,9.22,8.93
2018-05-14,8.88,8.69,8.95,8.67
2018-05-15,8.65,8.76,8.77,8.64
2018-05-16,8.76,8.68,8.76,8.65
2018-05-17,8.62,8.67,8.72,8.62
2018-05-18,8.62,8.7,8.72,8.6
2018-05-21,8.72,8.83,8.9,8.71
2018-05-22,8.8,8.81,8.85,8.73
2018-05-23,8.78,8.53,8.8,8.51
2018-05-24,8.51,8.44,8.59,8.42
2018-05-25,8.41,8.32,8.44,8.23
