date,open,close,high,low
2016-01-07,13.122,13.122,13.943,13.122
2016-01-08,12.002,11.808,12.445,11.808
2016-01-11,11.021,10.628,11.201,10.628
2016-01-12,9.881,9.568,10.026,9.568
2016-01-13,9.632,8.916,9.852,8.846
2016-01-14,8.841,9.354,9.458,8.413
2016-01-15,9.11,9.219,9.847,9.06
2016-01-18,8.931,9.568,9.881,8.931
2016-01-19,9.568,10.076,10.205,9.359
2016-01-20,10.066,9.891,10.14,9.662
2016-01-21,9.732,9.349,10.2,9.349
2016-01-22,9.583,9.687,9.812,9.11
2016-01-26,8.955,8.717,9.289,8.717
2016-01-27,8.214,7.905,8.398,7.845
2016-01-28,7.691,7.84,8.249,7.676
2016-01-29,7.467,8.079,8.239,7.218
2016-02-01,7.965,7.731,7.99,7.507
2016-02-02,7.781,8.194,8.358,7.676
2016-02-03,8.015,8.174,8.249,7.865
2016-02-04,8.214,8.697,8.856,8.214
2016-02-05,8.811,8.418,8.811,8.388
2016-02-15,7.975,8.413,8.468,7.935
2016-02-16,8.473,9.135,9.254,8.473
2016-02-17,8.96,9.075,9.17,8.866
2016-02-18,9.075,9.14,9.399,8.975
2016-02-19,9.06,9.384,9.483,9.005
2016-02-22,9.433,9.652,9.702,9.389
2016-02-23,9.747,9.384,9.747,9.09
2016-02-24,9.299,9.727,9.856,9.1
2016-02-25,9.613,8.756,9.702,8.756
2016-02-26,8.667,8.383,8.841,8.104
2016-02-29,8.338,7.547,8.413,7.547
2016-03-01,7.517,7.666,7.87,7.248
2016-03-02,7.641,8.074,8.109,7.616
2016-03-03,8.025,8.03,8.303,7.97
2016-03-04,8.03,7.353,8.064,7.228
2016-03-07,7.472,7.651,7.691,7.437
2016-03-08,7.711,7.9,7.91,7.024
2016-03-09,7.666,7.691,8.01,7.572
2016-03-10,7.776,7.552,7.84,7.477
2016-03-11,7.462,7.636,7.716,7.367
2016-03-14,7.666,7.995,8.139,7.666
2016-03-15,8.025,7.935,8.139,7.905
2016-03-16,8.144,7.93,8.358,7.84
2016-03-17,7.895,8.478,8.612,7.895
2016-03-18,8.512,8.96,9.324,8.463
2016-03-21,9.035,9.095,9.135,8.841
2016-03-22,8.99,9.1,9.244,8.936
2016-03-23,9.025,9.403,9.702,9.025
2016-03-24,9.309,9.234,9.747,9.165
2016-03-25,9.05,9.259,9.483,9.04
2016-03-28,9.284,9.11,9.593,9.015
2016-03-29,9.085,8.851,9.16,8.567
2016-03-30,8.866,9.637,9.642,8.866
2016-03-31,9.667,9.533,9.842,9.473
2016-04-01,9.518,9.438,9.518,9.05
2016-04-05,9.339,9.856,9.856,9.339
2016-04-06,9.951,10.081,10.344,9.896
2016-04-07,10.081,9.807,10.165,9.762
2016-04-08,9.667,10.125,10.25,9.608
2016-04-11,10.295,10.613,10.996,10.21
2016-04-12,10.653,10.882,11.126,10.379
2016-04-13,10.882,10.777,10.986,10.683
2016-04-14,10.887,10.902,11.126,10.782
2016-04-15,10.947,10.548,10.952,10.434
2016-04-18,10.434,10.374,10.743,10.155
2016-04-19,10.354,10.27,10.533,10.14
2016-04-20,10.265,9.463,10.399,9.244
2016-04-21,9.483,9.219,9.667,9.184
2016-04-22,9.259,9.578,9.642,9.214
2016-04-25,9.458,9.558,9.628,9.329
2016-04-26,9.493,9.941,9.941,9.493
2016-04-27,10.056,9.797,10.13,9.667
2016-04-28,9.852,9.707,9.861,9.309
2016-04-29,9.637,9.702,9.807,9.618
2016-05-03,9.702,10.309,10.394,9.647
2016-05-04,10.25,10.354,10.553,10.175
2016-06-08,10.16,9.956,10.344,9.563
2016-06-13,9.588,8.96,9.752,8.96
2016-06-14,8.831,9.06,9.16,8.736
2016-06-15,8.911,9.478,9.672,8.791
2016-06-16,9.568,10.424,10.424,9.473
2016-06-17,10.947,11.25,11.464,10.862
2016-06-20,11.101,11.649,12.166,10.957
2016-06-21,11.619,11.659,11.932,11.35
2016-06-22,11.469,12.141,12.221,11.35
2016-06-23,11.947,11.554,12.027,11.449
2016-06-24,11.594,11.858,12.221,11.056
2016-06-27,11.748,12.326,12.435,11.698
2016-06-28,12.276,12.097,12.569,11.952
2016-06-29,12.291,11.982,12.291,11.902
2016-06-30,11.997,12.062,12.435,11.888
2016-07-01,11.987,11.644,12.141,11.549
2016-07-04,11.718,12.246,12.375,11.668
2016-07-05,12.246,12.639,12.639,11.957
2016-07-06,12.644,12.574,13.042,12.385
2016-07-07,12.659,13.222,13.386,12.47
2016-07-08,13.047,12.883,13.321,12.883
2016-07-11,12.883,12.331,12.928,12.296
2016-07-12,12.186,12.281,12.425,11.897
2016-07-13,12.291,12.465,12.619,12.216
2016-07-14,12.495,12.316,12.535,12.196
2016-07-15,12.206,11.823,12.321,11.823
2016-07-18,11.917,13.008,13.008,11.609
2016-07-19,12.843,13.087,13.117,12.634
2016-07-20,13.067,13.361,14.128,12.833
2016-07-21,13.157,13.047,13.675,13.022
2016-07-22,12.898,12.694,13.003,12.694
2016-07-25,12.659,12.983,13.032,12.395
2016-07-26,12.813,12.958,13.067,12.813
2016-07-27,13.032,11.748,13.092,11.738
2016-07-28,11.843,12.032,12.146,11.703
2016-07-29,12.032,12.042,12.186,11.798
2016-08-01,11.952,11.614,12.017,11.454
2016-08-02,11.698,11.778,11.897,11.619
2016-08-03,11.748,11.624,11.828,11.509
2016-08-04,11.564,11.718,11.748,11.559
2016-08-05,11.718,12.321,12.545,11.634
2016-08-08,12.146,12.321,12.903,12.146
2016-08-09,12.46,12.694,12.694,12.291
2016-08-10,12.699,12.739,13.222,12.545
2016-08-11,12.694,12.425,12.813,12.296
2016-08-12,12.306,12.574,12.629,12.306
2016-08-15,12.679,13.69,13.834,12.654
2016-08-16,13.5,13.451,13.729,13.366
2016-08-17,13.441,13.097,13.63,13.067
2016-08-18,13.142,13.137,13.242,12.818
2016-08-19,13.147,13.122,13.421,13.057
2016-08-22,12.993,12.669,13.137,12.629
2016-08-23,12.654,12.734,12.918,12.505
2016-08-24,12.774,13.172,13.331,12.774
2016-08-25,13.172,13.137,13.316,12.803
2016-08-26,12.928,12.709,13.018,12.699
2016-08-29,12.764,12.45,12.784,12.4
2016-08-30,12.44,12.46,12.594,12.425
2016-08-31,12.505,12.48,12.54,12.201
2016-09-01,12.45,12.47,12.56,12.405
2016-09-02,12.39,12.405,12.545,12.226
2016-09-05,12.345,12.39,12.609,12.316
2016-09-06,12.405,12.973,12.993,12.375
2016-09-07,12.893,12.883,13.142,12.868
2016-09-08,12.853,13.003,13.082,12.853
2016-09-09,13.032,13.192,13.366,12.943
2016-09-12,12.918,12.495,12.948,12.45
2016-09-13,12.634,12.42,12.694,12.097
2016-09-14,12.495,13.665,13.665,12.365
2016-09-19,13.789,13.983,14.177,13.242
2016-09-20,13.879,13.789,13.889,13.59
2016-09-21,13.724,14.018,14.377,13.66
2016-09-22,13.938,13.943,14.182,13.784
2016-09-23,13.864,13.565,13.914,13.495
2016-09-26,13.615,13.057,13.66,13.047
2016-09-27,13.192,13.162,13.426,12.694
2016-09-28,13.142,12.908,13.142,12.843
2016-09-29,12.903,13.212,13.326,12.818
2016-09-30,13.192,13.222,13.306,12.983
2016-10-10,13.331,13.789,13.884,13.167
2016-10-11,13.789,14.068,14.212,13.714
2016-10-12,14.038,13.948,14.063,13.824
2016-10-13,13.899,13.814,14.078,13.665
2016-10-14,13.874,13.889,14.411,13.859
2016-10-17,13.729,13.759,13.889,13.49
2016-10-18,13.685,14.79,15.014,13.545
2016-10-19,14.849,14.685,14.884,14.411
2016-10-20,14.615,14.844,15.422,14.526
2016-10-21,14.705,14.73,15.049,14.227
2016-10-24,14.685,15.153,15.158,14.486
2016-10-25,15.113,15.009,15.581,14.844
2016-10-26,14.934,14.506,15.009,14.446
2016-10-27,14.546,14.715,15.059,14.436
2016-10-28,14.66,15.213,15.551,14.66
2016-10-31,15.068,15.631,15.631,14.685
2016-11-01,15.581,15.646,16.104,15.377
2016-11-02,15.442,16.114,16.612,15.347
2016-11-03,15.935,16.114,16.393,15.885
2016-11-04,15.96,16.91,17.04,15.96
2016-11-07,17.174,17.328,18.015,16.925
2016-11-08,17.323,17.194,17.538,16.776
2016-11-09,17.194,18.01,18.354,16.95
2016-11-10,18.254,19.364,19.808,17.826
2016-11-11,19.295,18.991,20.111,18.956
2016-11-14,18.663,18.339,18.916,17.702
2016-11-15,18.339,18.419,18.692,18.05
2016-11-16,18.409,18.229,18.663,18.06
2016-11-17,18.234,17.473,18.409,17.453
2016-11-18,17.786,19.165,19.165,17.672
2016-11-21,19.24,18.837,19.588,18.717
2016-11-22,18.722,18.847,19.374,18.648
2016-11-23,18.882,18.185,19.091,17.981
2016-11-24,18.165,19.359,20.002,18.02
2016-11-25,19.15,19.887,19.912,18.872
2016-11-28,20.076,18.613,20.136,18.613
2016-11-29,18.12,18.1,18.812,18.02
2016-11-30,18.09,18.374,18.618,18.02
2016-12-01,18.339,18.344,18.732,18.279
2016-12-02,18.334,18.244,18.553,17.876
2016-12-05,18.294,17.657,18.294,17.523
2016-12-06,17.846,16.975,18.07,16.925
2016-12-07,17.02,17.433,17.672,16.826
2016-12-08,17.418,17.144,17.597,17.03
2016-12-09,17.224,17.01,17.493,16.925
2016-12-12,17.095,15.561,17.323,15.307
2016-12-13,15.641,15.497,15.83,14.934
2016-12-14,15.531,15.437,15.805,15.263
2016-12-15,15.507,15.85,16.228,15.302
2016-12-16,15.855,15.775,15.989,15.631
2016-12-19,15.78,15.287,15.915,15.218
2016-12-20,15.382,16.816,16.816,15.188
2016-12-21,16.776,16.861,17.174,16.432
2016-12-22,16.771,16.228,16.776,16.228
2016-12-23,16.228,15.681,16.308,15.571
2016-12-26,15.681,16.034,16.368,15.193
2016-12-27,16.054,16.179,16.771,15.96
2016-12-28,16.248,16.139,16.676,16.079
2016-12-29,16.029,16.442,16.925,15.93
2016-12-30,16.502,16.338,16.572,16.069
2017-01-03,16.348,16.9,17.06,16.348
2017-01-04,17.373,17.458,17.567,17.164
2017-01-05,17.458,17.403,17.523,17.07
2017-01-06,17.398,17.801,18.289,17.124
2017-01-09,17.772,19.18,19.584,17.722
2017-01-10,19.18,18.966,19.404,18.817
2017-01-11,18.966,17.921,19.155,17.811
2017-01-12,18.025,17.672,18.767,17.672
2017-01-13,17.767,16.627,17.916,16.427
2017-01-16,16.676,16.099,17.323,14.964
2017-01-17,16.517,16.836,17.319,15.93
2017-01-18,16.457,15.945,16.836,15.87
2017-01-19,16.109,15.641,16.179,15.596
2017-01-20,15.521,15.84,16.422,15.521
2017-01-23,15.84,16.179,16.422,15.84
2017-01-24,16.019,16.164,16.303,15.969
2017-01-25,16.164,17.124,17.343,16.004
2017-01-26,17.124,17.378,17.423,16.985
2017-02-03,17.383,17.323,17.796,17.224
2017-02-06,17.398,17.458,17.473,17.03
2017-02-07,17.433,17.612,17.667,17.328
2017-02-08,17.548,17.627,17.652,17.199
2017-02-09,17.647,17.488,18.125,17.353
2017-02-10,17.214,16.452,17.353,16.333
2017-02-13,16.417,16.522,16.826,16.079
2017-02-14,16.437,16.467,16.721,16.303
2017-02-15,16.527,16.582,17.015,16.432
2017-02-16,16.557,16.612,16.751,16.417
2017-02-17,16.612,16.711,16.751,16.408
2017-02-20,16.642,16.119,16.676,16.009
2017-02-21,16.273,16.318,16.417,16.129
2017-02-22,16.333,16.9,17.219,16.238
2017-02-23,16.9,16.721,16.95,16.577
2017-02-24,16.721,16.741,16.866,16.617
2017-02-27,16.681,16.751,16.91,16.671
2017-02-28,16.811,16.875,17.005,16.706
2017-03-01,16.801,16.198,16.875,16.034
2017-03-02,16.089,15.94,16.213,15.87
2017-03-03,15.88,16.099,16.313,15.651
2017-03-06,16.034,16.203,16.258,16.034
2017-03-07,16.228,16.248,16.422,16.169
2017-03-08,16.179,15.875,16.293,15.785
2017-03-09,15.79,15.671,15.955,15.581
2017-03-10,15.726,15.82,16.014,15.626
2017-03-13,15.78,15.775,15.875,15.601
2017-03-14,15.775,15.845,15.989,15.716
2017-03-15,15.845,15.895,15.989,15.755
2017-03-16,15.974,16.408,16.517,15.83
2017-03-17,16.467,16.602,17.045,16.298
2017-03-20,16.467,16.373,16.681,16.283
2017-03-21,16.373,16.452,16.502,16.253
2017-03-22,16.353,16.263,16.467,15.979
2017-03-23,16.318,16.413,16.622,16.179
2017-03-24,16.452,16.417,16.522,16.228
2017-03-27,16.527,16.054,16.527,16.004
2017-03-28,16.119,16.069,16.119,15.93
2017-03-29,16.069,15.745,16.104,15.731
2017-03-30,15.75,14.859,15.845,14.825
2017-03-31,14.312,13.884,14.312,13.441
2017-04-05,13.884,14.093,14.217,13.341
2017-04-06,14.088,14.028,14.162,13.943
2017-04-07,13.938,13.874,14.073,13.62
2017-04-10,13.436,12.878,13.69,12.784
2017-04-11,12.953,13.426,13.436,12.883
2017-04-12,13.48,13.471,13.829,13.361
2017-04-13,13.242,13.207,13.719,12.978
2017-04-14,13.202,13.326,13.56,13.152
2017-04-17,13.242,12.769,13.242,12.46
2017-04-18,12.674,12.291,12.833,12.196
2017-04-19,12.35,12.405,12.415,12.077
2017-04-20,12.405,11.589,12.495,11.31
2017-04-21,11.703,11.4,11.733,11.3
2017-04-24,11.479,11.061,11.479,10.758
2017-04-25,11.066,11.335,11.439,11.066
2017-04-26,11.345,11.42,11.708,11.3
2017-04-27,11.499,11.883,11.892,11.151
2017-04-28,11.683,11.888,12.186,11.683
2017-05-02,11.912,11.654,11.972,11.649
2017-05-03,11.778,11.504,11.778,11.4
2017-05-04,11.619,11.569,11.639,11.43
2017-05-05,11.624,11.947,12.077,11.479
2017-05-08,11.907,11.425,11.907,11.28
2017-05-09,11.38,11.4,11.4,11.011
2017-05-10,11.41,11.11,11.76,11.1
2017-05-11,10.82,10.4,11.11,10.0
2017-05-12,10.33,10.65,11.3,10.13
2017-05-15,10.65,10.18,10.75,10.16
2017-05-16,10.08,10.43,10.47,9.7
2017-05-17,10.2,10.48,10.77,10.15
2017-05-18,10.3,10.08,10.61,10.02
2017-05-19,10.19,10.1,10.47,10.01
2017-05-22,10.11,11.11,11.11,10.11
2017-05-23,11.08,10.02,11.2,10.0
2017-05-24,10.05,9.67,10.05,9.32
2017-05-25,9.75,9.94,10.2,9.67
2017-05-26,10.47,10.93,10.93,10.1
2017-05-31,10.99,11.9,12.02,10.9
2017-06-01,11.51,11.11,11.64,11.01
2017-06-02,11.16,11.21,11.43,10.3
2017-06-05,11.14,11.66,11.68,10.85
2017-06-06,11.47,11.3,11.59,11.12
2017-06-07,11.26,11.67,11.79,11.06
2017-06-08,11.6,11.52,12.28,11.5
2017-06-09,11.52,11.28,11.66,11.13
2017-06-12,11.27,10.88,11.29,10.81
2017-06-13,10.92,11.18,11.28,10.86
2017-06-14,11.25,11.18,11.58,11.18
2017-06-15,11.08,11.81,12.0,11.01
2017-06-16,11.74,11.59,11.8,11.42
2017-06-19,11.58,11.63,11.8,11.46
2017-06-20,11.65,11.75,11.91,11.53
2017-06-21,11.66,11.38,11.68,11.2
2017-06-22,11.32,10.81,11.4,10.75
2017-06-23,10.87,10.84,10.95,10.35
2017-06-26,11.8,11.92,11.92,11.8
2017-06-27,12.59,12.75,13.02,12.29
2017-06-28,12.62,12.2,12.64,12.04
2017-06-29,12.35,12.03,12.38,11.97
2017-06-30,11.81,11.86,11.95,11.76
2017-07-03,11.75,11.96,11.97,11.7
2017-07-04,11.91,11.73,11.94,11.7
2017-07-05,11.66,11.84,11.84,11.5
2017-07-06,11.85,12.09,12.39,11.66
2017-07-07,11.93,11.79,11.94,11.74
2017-07-10,11.65,11.35,11.69,11.3
2017-07-11,11.16,10.92,11.34,10.83
2017-07-12,11.1,10.94,11.18,10.66
2017-07-13,10.99,10.8,10.99,10.7
2017-07-14,10.82,10.62,10.88,10.58
2017-07-17,10.4,9.91,10.45,9.68
2017-07-18,9.73,10.04,10.18,9.73
2017-07-19,10.04,10.33,10.36,9.97
2017-07-20,10.25,10.12,10.41,10.12
2017-07-21,10.04,10.02,10.2,9.98
2017-07-24,10.03,10.04,10.18,9.82
2017-07-25,10.02,10.17,10.17,9.95
2017-07-26,10.17,10.35,10.42,10.05
2017-07-27,10.26,10.53,10.7,10.13
2017-07-28,10.53,10.36,10.6,10.3
2017-07-31,10.28,10.37,10.47,10.25
2017-08-01,10.3,10.4,10.48,10.25
2017-08-02,10.41,10.41,10.8,10.34
2017-08-03,10.37,10.49,10.84,10.35
2017-08-04,10.49,10.25,10.54,10.25
2017-08-07,10.3,10.3,10.44,10.23
2017-08-08,10.31,10.33,10.39,10.21
2017-08-09,10.35,10.21,10.35,10.18
2017-08-10,10.21,10.23,10.33,10.0
2017-08-11,10.18,10.21,10.44,10.11
2017-08-14,10.22,10.5,10.54,10.21
2017-08-15,10.49,10.72,10.88,10.48
2017-08-16,10.68,10.7,10.77,10.58
2017-08-17,10.72,10.79,10.95,10.64
2017-08-18,10.7,10.63,10.73,10.57
2017-08-21,10.63,10.74,10.74,10.55
2017-08-22,10.74,10.41,10.74,10.36
2017-08-23,10.44,10.37,10.53,10.3
2017-08-24,10.32,10.2,10.4,10.18
2017-08-25,10.2,10.28,10.37,10.2
2017-08-28,10.28,10.68,11.0,10.27
2017-08-29,10.58,10.44,10.61,10.43
2017-08-30,10.45,10.38,10.57,10.35
2017-08-31,10.37,10.68,10.93,10.32
2017-09-01,10.59,10.62,10.74,10.5
2017-09-04,10.6,10.67,10.73,10.52
2017-09-05,10.67,10.55,10.71,10.5
2017-09-06,10.55,10.55,10.62,10.46
2017-09-07,10.55,10.62,10.87,10.55
2017-09-08,10.67,10.44,10.68,10.35
2017-09-11,10.44,11.48,11.48,10.44
2017-09-12,12.18,11.7,12.52,11.66
2017-09-13,11.25,11.39,11.44,11.03
2017-09-14,11.15,11.08,11.51,10.96
2017-09-15,11.08,10.91,11.1,10.81
2017-09-18,10.87,11.04,11.06,10.82
2017-09-19,11.08,10.87,11.08,10.75
2017-09-20,10.82,10.91,10.94,10.79
2017-09-21,10.92,10.83,11.06,10.82
2017-09-22,10.77,10.56,10.8,10.48
2017-09-25,10.54,10.23,10.6,10.2
2017-09-26,10.25,10.16,10.3,10.03
2017-09-27,10.21,10.27,10.32,10.11
2017-09-28,10.26,10.19,10.36,10.19
2017-09-29,10.23,10.4,10.45,10.2
2017-10-09,10.46,10.5,10.58,10.4
2017-10-10,10.46,10.55,10.56,10.36
2017-10-11,10.54,10.41,10.55,10.39
2017-10-12,10.47,10.27,10.47,10.12
2017-10-13,11.3,10.72,11.3,10.58
2017-10-16,10.5,9.98,10.5,9.8
2017-10-17,9.9,9.92,10.03,9.86
2017-10-18,9.9,9.8,10.09,9.76
2017-10-19,9.9,9.83,10.26,9.82
2017-10-20,9.77,9.86,9.89,9.69
2017-10-23,9.87,9.99,10.85,9.8
2017-10-24,9.99,9.79,10.07,9.71
2017-10-25,9.85,9.86,9.9,9.76
2017-10-26,9.86,9.87,9.96,9.82
2017-10-27,9.93,9.72,9.93,9.71
2017-10-30,9.76,8.99,9.76,8.95
2017-10-31,8.96,9.06,9.07,8.91
2017-11-01,9.06,9.01,9.12,9.0
2017-11-02,9.04,8.59,9.06,8.51
2017-11-03,8.59,8.3,8.68,8.24
2017-11-06,8.34,8.37,8.39,8.15
2017-11-07,8.38,8.4,8.44,8.25
2017-11-08,8.39,8.41,8.52,8.35
2017-11-09,8.5,8.5,8.58,8.39
2017-11-10,8.53,8.48,8.56,8.38
2017-11-13,8.47,8.44,8.51,8.4
2017-11-14,8.47,8.24,8.5,8.15
2017-11-15,8.2,8.17,8.28,8.09
2017-11-16,8.18,8.34,8.99,8.12
2017-11-17,8.33,7.81,8.33,7.76
2017-11-20,7.75,7.65,7.79,7.51
2017-11-21,7.69,7.68,7.73,7.57
2017-11-22,7.72,7.62,7.75,7.51
2017-11-23,7.67,7.5,7.69,7.5
2017-11-24,7.5,7.46,7.53,7.4
2017-11-27,7.46,7.41,7.52,7.4
2017-11-28,7.4,7.56,7.59,7.4
2017-11-29,7.58,7.49,7.59,7.4
2017-11-30,7.5,7.42,7.5,7.41
2017-12-01,7.46,7.57,7.59,7.38
2017-12-04,7.56,7.29,7.57,7.26
2017-12-05,7.28,6.94,7.33,6.89
2017-12-06,6.99,7.03,7.05,6.71
2017-12-07,6.91,7.02,7.08,6.9
2017-12-08,7.02,7.1,7.25,6.99
2017-12-11,7.13,7.2,7.22,7.1
2017-12-12,7.2,6.98,7.25,6.95
2017-12-13,6.98,7.13,7.16,6.97
2017-12-14,7.11,7.18,7.19,7.03
2017-12-15,7.12,7.17,7.2,7.07
2017-12-18,7.2,7.09,7.2,7.02
2017-12-19,7.1,7.12,7.17,7.03
2017-12-20,7.11,6.96,7.23,6.93
2017-12-21,6.94,6.93,6.99,6.78
2017-12-22,6.93,6.86,6.98,6.81
2017-12-25,6.87,6.69,6.89,6.6
2017-12-26,6.7,6.85,6.85,6.6
2017-12-27,6.84,6.84,6.91,6.78
2017-12-28,6.88,6.86,6.98,6.84
2017-12-29,6.9,6.93,6.95,6.75
2018-01-02,6.92,6.94,6.97,6.84
2018-01-03,6.97,7.12,7.19,6.94
2018-01-04,7.06,7.07,7.13,7.05
2018-01-05,7.05,7.12,7.15,7.02
2018-01-08,7.12,7.08,7.12,7.05
2018-01-09,7.11,7.08,7.12,7.02
2018-01-10,7.09,6.87,7.09,6.81
2018-01-11,6.81,6.98,7.0,6.8
2018-01-12,6.96,6.87,7.0,6.85
2018-01-15,6.88,6.62,6.88,6.6
2018-01-16,6.6,6.69,6.71,6.57
2018-01-17,6.69,6.7,6.71,6.49
2018-01-18,6.7,6.72,6.75,6.62
2018-01-19,6.74,6.74,6.76,6.65
2018-01-22,6.71,6.77,6.81,6.56
2018-01-23,6.73,6.8,6.82,6.72
2018-01-24,6.75,6.88,6.91,6.73
2018-01-25,6.87,6.83,6.98,6.83
2018-01-26,6.84,6.78,6.88,6.75
2018-01-29,6.77,6.63,6.85,6.61
2018-01-30,6.69,6.63,6.69,6.59
2018-01-31,6.6,6.2,6.6,6.15
2018-02-01,6.2,5.75,6.24,5.74
2018-02-02,5.67,5.62,5.74,5.52
2018-02-05,5.74,5.78,5.98,5.74
2018-02-06,5.4,5.21,5.53,5.2
2018-02-07,5.28,5.31,5.39,5.11
2018-02-08,5.26,5.46,5.47,5.25
2018-02-09,5.22,5.26,5.37,5.16
2018-02-12,5.26,5.46,5.48,5.26
2018-02-13,5.48,5.52,5.72,5.43
2018-02-14,5.5,5.69,6.01,5.48
2018-02-22,5.65,5.71,5.73,5.63
2018-02-23,5.72,5.75,5.88,5.67
2018-02-26,5.79,5.85,5.87,5.75
2018-02-27,6.1,5.84,6.12,5.83
2018-02-28,5.89,5.82,5.91,5.59
2018-03-01,5.79,5.99,6.12,5.73
2018-03-02,5.93,5.93,6.03,5.92
2018-03-05,5.92,5.88,5.93,5.84
2018-03-06,5.9,6.0,6.03,5.9
2018-03-07,6.02,5.89,6.02,5.87
2018-03-08,5.84,6.05,6.08,5.84
2018-03-09,6.05,6.22,6.39,6.03
2018-03-12,6.16,6.32,6.37,6.16
2018-03-13,6.32,6.36,6.4,6.23
2018-03-14,6.29,6.28,6.59,6.25
2018-03-15,6.19,6.12,6.2,5.89
2018-03-16,6.08,6.02,6.14,6.02
2018-03-19,6.03,6.06,6.14,5.96
2018-03-20,6.0,6.26,6.38,5.97
2018-03-21,6.25,6.21,6.33,6.15
2018-03-22,6.18,6.25,6.28,6.11
2018-03-23,6.0,5.63,6.07,5.63
2018-03-26,5.56,5.66,5.68,5.28
2018-03-27,5.74,5.85,5.88,5.69
2018-03-28,5.76,6.03,6.09,5.76
2018-03-29,6.05,6.09,6.13,5.9
2018-03-30,6.09,6.22,6.36,6.09
2018-04-02,6.22,6.22,6.35,6.1
2018-04-03,6.18,6.28,6.36,6.1
2018-04-04,6.27,6.13,6.35,6.12
2018-04-09,6.04,6.31,6.34,5.91
2018-04-10,6.21,6.19,6.27,6.07
2018-04-11,6.19,6.28,6.3,6.14
2018-04-12,6.23,6.27,6.41,6.21
2018-04-13,6.3,6.28,6.38,6.21
2018-04-16,6.33,6.16,6.35,6.05
2018-04-17,6.19,5.85,6.22,5.72
2018-04-18,5.88,5.93,5.96,5.7
2018-04-19,5.9,5.96,6.06,5.86
2018-04-20,5.88,5.72,6.0,5.67
2018-04-23,5.7,5.62,5.79,5.58
2018-04-24,5.5,5.78,5.8,5.5
2018-04-25,5.74,5.78,5.81,5.66
2018-04-26,5.74,5.53,5.79,5.51
2018-04-27,5.53,5.54,5.71,5.53
2018-05-02,5.63,5.47,5.63,5.42
2018-05-03,5.47,5.55,5.56,5.34
2018-05-04,5.49,5.55,5.56,5.48
2018-05-07,5.58,5.67,5.68,5.54
2018-05-08,5.67,5.81,5.85,5.65
2018-05-09,5.8,5.88,5.99,5.76
2018-05-10,5.87,6.01,6.09,5.83
2018-05-11,6.0,5.89,6.01,5.83
2018-05-14,5.89,5.78,5.92,5.71
2018-05-15,5.79,5.98,5.99,5.73
2018-05-16,5.92,5.94,5.97,5.88
2018-05-17,5.85,6.02,6.06,5.85
2018-05-18,5.96,6.04,6.09,5.95
2018-05-21,6.14,6.04,6.18,6.02
2018-05-22,6.02,6.12,6.13,6.02
2018-05-23,6.11,6.13,6.2,6.06
2018-05-24,6.13,6.14,6.15,6.07
2018-05-25,6.15,5.92,6.15,5.92
