date,open,close,high,low
2016-01-04,17.007,15.136,17.152,15.136
2016-01-05,13.62,14.381,14.901,13.62
2016-01-06,14.371,14.841,14.841,14.016
2016-01-07,14.401,13.355,14.411,13.355
2016-01-08,13.781,12.875,14.081,12.065
2016-01-11,12.335,11.59,12.64,11.59
2016-01-12,11.049,10.614,11.5,10.429
2016-01-13,10.659,9.894,10.959,9.854
2016-01-14,9.504,10.729,10.884,9.104
2016-01-15,10.604,10.049,10.844,9.929
2016-01-18,9.604,10.559,10.904,9.509
2016-01-19,10.559,11.21,11.255,10.454
2016-01-20,11.104,10.959,11.355,10.894
2016-01-21,10.769,10.349,11.255,10.334
2016-01-22,10.504,10.489,10.744,9.904
2016-01-25,10.744,10.549,10.929,10.304
2016-01-26,10.284,9.494,10.469,9.494
2016-01-27,9.494,9.339,9.589,8.553
2016-01-28,9.134,8.568,9.214,8.503
2016-01-29,8.453,8.999,9.204,8.403
2016-02-01,8.999,8.849,9.004,8.553
2016-02-02,8.849,9.294,9.414,8.849
2016-02-03,9.184,9.314,9.399,9.009
2016-02-04,9.334,9.634,9.789,9.334
2016-02-05,9.649,9.679,9.719,9.454
2016-02-15,9.309,9.719,9.904,9.054
2016-02-16,9.859,10.179,10.259,9.794
2016-02-17,10.154,10.429,10.504,9.914
2016-02-18,10.504,10.124,10.604,10.119
2016-02-19,10.014,10.544,10.654,9.949
2016-02-22,10.544,11.205,11.6,10.514
2016-02-23,11.094,11.285,11.54,10.904
2016-02-24,11.645,11.2,11.645,10.829
2016-02-25,11.004,10.079,11.009,10.079
2016-02-26,9.979,9.594,10.079,9.129
2016-02-29,9.354,8.634,9.454,8.634
2016-03-01,8.689,8.819,9.009,8.208
2016-03-02,8.779,9.359,9.444,8.779
2016-03-03,9.474,9.294,9.739,9.294
2016-03-04,9.289,8.644,9.289,8.423
2016-03-07,8.749,8.804,9.149,8.618
2016-03-08,8.659,8.854,9.039,8.063
2016-03-09,8.654,8.588,8.929,8.433
2016-03-10,8.744,8.654,8.924,8.588
2016-03-11,8.473,8.553,8.679,8.328
2016-03-14,8.709,9.039,9.204,8.709
2016-03-15,9.139,9.094,9.454,9.064
2016-03-16,9.244,8.999,9.354,8.864
2016-03-17,9.079,9.564,9.649,8.984
2016-03-18,9.699,10.024,10.144,9.514
2016-03-21,10.469,10.254,10.469,9.939
2016-03-22,10.089,10.149,10.429,9.959
2016-03-23,10.444,11.165,11.165,10.334
2016-03-24,11.905,12.28,12.28,11.655
2016-03-25,12.35,11.59,12.495,11.455
2016-03-28,11.655,11.089,11.84,10.954
2016-03-29,11.155,11.255,11.375,10.759
2016-03-30,11.225,11.645,11.75,11.104
2016-03-31,11.685,11.32,11.875,11.2
2016-04-01,11.255,11.044,11.345,10.814
2016-04-05,11.009,11.42,11.43,10.859
2016-04-06,11.36,11.615,12.375,11.275
2016-04-07,11.595,11.34,11.79,11.16
2016-04-08,11.13,10.929,11.24,10.754
2016-04-11,11.114,11.245,11.495,11.094
2016-04-12,11.265,11.104,11.33,10.854
2016-04-13,11.2,11.26,11.755,11.2
2016-04-14,11.31,11.505,11.585,11.27
2016-04-15,11.695,11.33,11.7,11.205
2016-04-18,11.28,10.979,11.28,10.879
2016-04-19,11.28,11.16,11.55,11.069
2016-04-20,11.255,10.344,11.4,10.179
2016-04-21,10.329,9.879,10.449,9.859
2016-04-22,9.824,10.059,10.179,9.659
2016-04-25,9.959,9.914,9.969,9.694
2016-04-26,9.979,10.224,10.279,9.904
2016-04-27,10.329,10.264,10.569,10.154
2016-04-28,10.354,10.359,10.469,9.944
2016-04-29,10.364,10.384,10.464,10.274
2016-05-03,10.379,10.944,10.994,10.204
2016-05-04,10.884,10.794,10.994,10.744
2016-05-05,10.784,10.904,10.934,10.724
2016-05-06,11.014,11.019,11.38,10.734
2016-05-09,10.804,10.184,10.879,10.139
2016-05-10,10.154,10.189,10.554,10.129
2016-05-11,10.234,9.729,10.379,9.684
2016-05-12,9.259,9.659,9.729,9.034
2016-05-13,9.484,9.459,9.739,9.434
2016-05-16,9.344,9.659,9.684,9.254
2016-05-17,9.779,9.814,9.919,9.554
2016-05-18,9.684,9.304,9.684,9.184
2016-05-19,9.354,9.434,9.654,9.349
2016-05-20,9.349,9.659,9.659,9.269
2016-05-23,9.749,9.884,9.929,9.664
2016-05-24,9.834,9.749,9.834,9.479
2016-05-25,9.804,9.734,9.879,9.679
2016-05-26,9.739,9.564,9.854,9.204
2016-05-27,9.439,9.519,9.604,9.409
2016-05-30,9.419,9.359,9.494,9.109
2016-05-31,9.204,9.804,9.844,9.204
2016-06-01,9.804,10.139,10.339,9.704
2016-06-02,10.029,10.834,10.864,10.029
2016-06-03,10.519,10.729,10.934,10.519
2016-06-06,10.944,10.879,11.34,10.764
2016-06-07,10.879,10.939,10.984,10.649
2016-06-08,10.924,10.854,10.959,10.614
2016-06-13,10.684,9.769,10.724,9.769
2016-06-14,9.609,9.554,9.774,9.404
2016-06-15,9.429,10.079,10.254,9.384
2016-06-16,10.309,10.204,10.499,10.054
2016-06-17,10.154,10.399,10.454,10.109
2016-06-20,10.654,10.874,11.119,10.584
2016-06-21,10.794,10.369,10.954,10.244
2016-06-22,10.459,11.079,11.275,10.399
2016-06-23,11.094,10.879,11.094,10.704
2016-06-24,10.85,10.49,10.99,10.0
2016-06-27,10.4,11.54,11.54,10.4
2016-06-28,11.64,11.61,12.08,11.51
2016-06-29,11.51,11.9,12.3,11.35
2016-06-30,11.69,11.67,11.95,11.56
2016-07-01,11.69,11.59,11.93,11.42
2016-07-04,11.45,11.79,11.85,11.42
2016-07-05,11.75,11.87,11.98,11.59
2016-07-06,11.87,11.76,11.87,11.57
2016-07-07,11.83,11.67,11.83,11.41
2016-07-08,11.63,11.6,11.77,11.45
2016-07-11,12.76,12.76,12.76,12.76
2016-07-12,14.04,14.04,14.04,14.04
2016-07-13,15.4,15.44,15.44,14.75
2016-07-14,16.8,16.98,16.98,16.51
2016-07-21,17.49,17.65,18.29,17.2
2016-07-22,17.73,17.35,18.12,17.26
2016-07-25,16.51,16.0,16.67,15.62
2016-07-26,15.98,15.92,16.15,15.63
2016-07-27,15.9,14.76,16.11,14.41
2016-07-28,14.95,15.22,15.98,14.72
2016-07-29,15.0,14.88,15.18,14.42
2016-08-01,14.88,14.18,14.88,13.69
2016-08-02,14.1,14.34,14.44,13.94
2016-08-03,14.07,14.87,15.15,14.0
2016-08-04,14.68,14.75,15.34,14.45
2016-08-05,14.58,15.49,15.85,14.33
2016-08-08,15.15,15.21,15.31,14.8
2016-08-09,15.29,15.77,16.67,15.07
2016-08-10,15.65,16.46,17.35,15.65
2016-08-11,16.12,16.6,16.87,15.92
2016-08-12,16.37,16.2,16.57,15.68
2016-08-15,16.0,16.71,16.99,15.71
2016-08-16,16.87,16.18,16.93,16.1
2016-08-17,16.01,17.08,17.8,15.98
2016-08-18,17.34,18.79,18.79,17.14
2016-08-19,19.0,19.1,19.76,18.46
2016-08-22,18.3,17.19,18.48,17.19
2016-08-23,16.68,16.85,17.39,16.23
2016-08-24,16.97,17.27,17.68,16.61
2016-08-25,16.95,16.68,16.98,16.4
2016-08-26,16.69,16.45,16.97,16.4
2016-08-29,16.43,16.05,16.44,15.85
2016-08-30,16.16,16.47,16.65,16.06
2016-08-31,16.34,16.62,16.68,15.85
2016-09-01,16.49,16.6,17.05,16.38
2016-09-02,16.37,16.77,16.85,16.31
2016-09-05,16.88,17.56,17.8,16.63
2016-09-06,17.4,17.29,17.49,16.9
2016-09-07,17.2,17.02,17.55,17.02
2016-09-08,17.5,17.18,18.15,17.08
2016-09-09,16.8,16.17,16.88,16.1
2016-09-12,15.55,15.32,15.77,15.26
2016-09-13,15.51,15.64,15.7,15.32
2016-09-14,15.42,15.4,15.75,15.39
2016-09-19,15.43,15.72,15.8,15.43
2016-09-20,15.71,15.41,15.72,15.35
2016-09-21,15.48,15.65,15.85,15.39
2016-09-22,15.75,15.64,15.99,15.62
2016-09-23,15.77,15.86,15.98,15.61
2016-09-26,15.7,15.77,16.26,15.37
2016-09-27,15.59,15.9,15.98,15.59
2016-09-28,15.95,15.76,15.95,15.72
2016-09-29,15.99,15.45,16.0,15.45
2016-09-30,15.2,14.48,15.26,14.4
2016-10-10,14.68,15.02,15.12,14.51
2016-10-11,15.0,15.65,15.69,14.9
2016-10-12,15.6,15.75,15.92,15.47
2016-10-13,15.67,15.67,15.87,15.5
2016-10-14,15.55,15.26,15.56,15.2
2017-03-01,13.73,13.73,13.73,13.73
2017-03-02,12.36,12.78,13.73,12.36
2017-03-03,12.1,11.8,12.25,11.7
2017-03-06,11.8,11.9,12.07,11.8
2017-03-07,11.9,12.05,12.25,11.51
2017-03-08,11.95,12.03,12.1,11.83
2017-03-09,12.04,11.88,12.12,11.84
2017-03-10,11.84,11.97,12.14,11.73
2017-03-13,11.95,11.94,12.04,11.78
2017-03-14,11.91,11.75,11.94,11.71
2017-03-15,11.69,11.54,11.76,11.46
2017-03-16,11.55,11.64,11.73,11.54
2017-03-17,11.64,12.8,12.8,11.64
2017-03-20,12.56,12.35,12.56,12.2
2017-03-21,12.3,12.2,12.34,12.04
2017-03-22,12.17,12.05,12.19,11.8
2017-03-23,12.08,12.16,12.56,11.9
2017-03-24,12.02,11.92,12.05,11.79
2017-03-27,11.86,11.91,12.05,11.76
2017-03-28,11.91,11.97,12.1,11.85
2017-03-29,11.98,11.55,12.05,11.55
2017-03-30,11.45,10.75,11.45,10.71
2017-03-31,10.71,10.82,10.94,10.71
2017-04-05,10.82,11.02,11.07,10.73
2017-04-06,11.0,10.97,11.1,10.91
2017-04-07,11.02,10.8,11.02,10.79
2017-04-10,10.48,10.17,10.58,10.05
2017-04-11,10.28,10.2,10.35,9.91
2017-04-12,10.07,9.98,10.19,9.97
2017-04-13,10.0,9.94,10.09,9.93
2017-04-14,9.97,9.58,10.0,9.56
2017-04-17,9.61,9.11,9.62,9.04
2017-04-18,9.14,8.75,9.23,8.71
2017-04-19,8.75,8.99,9.09,8.75
2017-04-20,8.96,8.76,9.04,8.6
2017-04-21,8.8,8.52,8.83,8.47
2017-04-24,8.53,8.18,8.58,8.1
2017-04-25,8.25,8.27,8.42,8.19
2017-04-26,8.33,8.3,8.44,8.26
2017-04-27,8.35,8.65,9.0,8.33
2017-04-28,8.58,8.66,8.74,8.42
2017-05-02,8.59,8.6,8.74,8.51
2017-05-03,8.51,8.76,9.18,8.49
2017-05-04,8.65,8.65,8.86,8.63
2017-05-05,8.65,8.28,8.65,8.28
2017-05-08,8.2,8.32,8.74,7.92
2017-05-09,8.2,8.78,8.87,8.13
2017-05-10,8.79,8.55,8.95,8.5
2017-05-11,8.3,8.41,8.48,7.95
2017-05-12,8.46,8.3,8.57,8.28
2017-05-15,8.35,8.1,8.46,8.08
2017-05-16,8.11,8.91,8.91,8.02
2017-05-17,8.92,8.71,8.95,8.67
2017-05-18,8.6,8.64,8.89,8.57
2017-05-19,8.66,8.7,8.85,8.63
2017-05-22,8.66,8.24,8.8,8.19
2017-05-23,8.17,7.67,8.29,7.64
2017-05-24,7.6,7.64,7.74,7.2
2017-05-25,7.62,7.82,7.93,7.45
2017-05-26,7.76,7.69,7.84,7.63
2017-05-31,7.86,7.65,7.9,7.63
2017-06-01,7.6,7.14,7.64,7.09
2017-06-02,7.05,7.3,7.4,7.0
2017-06-05,7.3,7.39,7.49,7.3
2017-06-06,7.38,7.61,7.78,7.32
2017-06-07,7.53,7.86,7.99,7.51
2017-06-08,7.81,7.78,7.88,7.71
2017-06-09,7.8,7.88,8.16,7.58
2017-06-12,7.61,7.62,7.74,7.5
2017-06-13,7.57,7.77,7.83,7.57
2017-06-14,7.73,7.98,8.19,7.73
2017-06-15,7.98,8.3,8.5,7.95
2017-06-16,8.27,8.12,8.38,8.08
2017-06-19,8.12,8.45,8.55,8.06
2017-06-20,8.36,8.32,8.48,8.27
2017-06-21,8.35,8.26,8.39,8.08
2017-06-22,8.22,8.07,8.76,8.04
2017-06-23,7.98,7.98,8.06,7.71
2017-06-26,7.97,8.22,8.42,7.91
2017-06-27,8.23,8.6,8.71,8.22
2017-06-28,8.51,8.4,8.57,8.34
2017-06-29,8.42,8.5,8.64,8.36
2017-06-30,8.46,8.62,8.66,8.32
2017-07-03,8.58,8.6,8.65,8.48
2017-07-04,8.56,8.46,8.58,8.4
2017-07-05,8.41,8.5,8.53,8.37
2017-07-06,8.47,8.37,8.52,8.28
2017-07-07,8.36,8.71,8.9,8.31
2017-07-10,8.55,8.45,8.59,8.36
2017-07-11,8.35,8.16,8.45,8.15
2017-07-12,8.13,8.02,8.22,7.8
2017-07-13,8.01,7.99,8.07,7.93
2017-07-14,7.81,7.71,7.91,7.69
2017-07-17,7.62,6.97,7.71,6.97
2017-07-18,6.87,7.05,7.07,6.67
2017-07-19,6.99,7.06,7.12,6.86
2017-07-20,7.0,7.0,7.18,6.97
2017-07-21,7.07,7.04,7.23,7.02
2017-07-24,6.98,6.97,7.0,6.85
2017-07-25,6.94,7.03,7.1,6.92
2017-07-26,7.01,6.91,7.05,6.86
2017-07-27,6.92,7.17,7.29,6.88
2017-07-28,7.2,7.15,7.25,7.11
2017-07-31,7.14,7.12,7.19,7.05
2017-08-01,7.16,7.16,7.2,7.07
2017-08-02,7.15,6.96,7.17,6.94
2017-08-03,6.99,7.11,7.18,6.93
2017-08-04,7.15,7.05,7.15,7.04
2017-08-07,7.05,7.09,7.15,7.03
2017-08-08,7.08,7.14,7.18,6.97
2017-08-09,7.12,7.05,7.14,7.01
2017-08-10,7.03,6.92,7.08,6.85
2017-08-11,6.86,6.83,6.98,6.81
2017-08-14,6.84,7.11,7.16,6.83
2017-08-15,7.1,7.15,7.2,7.05
2017-08-16,7.13,7.4,7.4,7.11
2017-08-17,7.31,7.53,7.9,7.25
2017-08-18,7.42,7.38,7.46,7.35
2017-08-21,7.39,7.39,7.44,7.28
2017-08-22,7.33,7.31,7.43,7.28
2017-08-23,7.41,7.5,7.99,7.39
2017-08-24,7.36,7.27,7.38,7.24
2017-08-25,7.24,7.42,7.48,7.24
2017-08-28,7.58,8.16,8.16,7.57
2017-08-29,8.16,8.04,8.36,7.91
2017-08-30,8.0,8.12,8.34,7.92
2017-08-31,8.0,8.2,8.32,7.98
2017-09-01,8.15,8.3,8.38,8.02
2017-09-04,8.35,8.57,8.88,8.23
2017-09-05,8.57,8.39,8.57,8.31
2017-09-06,8.28,8.29,8.34,8.12
2017-09-07,8.31,8.06,8.36,8.05
2017-09-08,8.02,8.13,8.15,8.0
2017-09-11,8.1,8.1,8.25,8.05
2017-09-12,8.13,8.45,8.5,8.04
2017-09-13,8.46,8.75,8.9,8.4
2017-09-14,8.5,8.52,8.69,8.44
2017-09-15,8.51,8.28,8.59,8.22
2017-09-18,8.21,8.28,8.33,8.12
2017-09-19,8.28,8.13,8.28,8.09
2017-09-20,8.22,8.94,8.94,8.21
2017-09-21,9.55,9.33,9.6,9.15
2017-09-22,9.32,9.2,9.43,8.96
2017-09-25,9.08,8.66,9.2,8.61
2017-09-26,8.59,8.42,8.65,8.23
2017-09-27,8.43,8.54,8.8,8.35
2017-09-28,8.4,8.45,8.65,8.36
2017-09-29,8.48,8.71,8.72,8.42
2017-10-09,8.8,8.59,8.83,8.47
2017-10-10,8.58,9.05,9.19,8.57
2017-10-11,8.89,8.91,9.04,8.72
2017-10-12,8.84,8.77,9.06,8.66
2017-10-13,8.71,8.05,8.86,8.04
2017-10-16,7.93,7.77,8.08,7.65
2017-10-17,7.74,7.75,7.87,7.64
2017-10-18,7.74,7.45,7.77,7.43
2017-10-19,7.46,7.3,7.53,7.22
2017-10-20,7.3,7.43,7.45,7.25
2017-10-23,7.46,7.49,7.5,7.37
2017-10-24,7.51,7.45,7.52,7.28
2017-10-25,7.39,7.5,7.56,7.35
2017-10-26,7.5,7.44,7.51,7.39
2017-10-27,7.4,7.36,7.48,7.31
2017-10-30,7.36,6.94,7.38,6.66
2017-10-31,6.87,7.0,7.03,6.87
2017-11-01,7.04,6.95,7.13,6.93
2017-11-02,6.95,6.99,7.16,6.77
2017-11-03,7.02,6.99,7.24,6.91
2017-11-06,6.94,6.99,7.02,6.84
2017-11-07,7.0,6.98,7.01,6.9
2017-11-08,7.0,7.32,7.47,6.96
2017-11-09,7.25,7.27,7.31,7.15
2017-11-10,7.22,7.18,7.3,7.16
2017-11-13,7.35,7.17,7.38,7.17
2017-11-14,7.2,7.08,7.23,7.02
2017-11-15,7.07,6.95,7.08,6.94
2017-11-16,7.03,7.06,7.2,6.96
2017-11-17,7.04,6.54,7.04,6.53
2017-11-20,6.5,6.48,6.53,6.18
2017-11-21,6.45,6.38,6.54,6.34
2017-11-22,6.4,6.41,6.44,6.31
2017-11-23,6.4,6.2,6.44,6.2
2017-11-24,6.19,6.2,6.27,6.13
2017-11-27,6.16,6.22,6.32,6.15
2017-11-28,6.26,6.34,6.37,6.23
2017-11-29,6.31,6.26,6.34,6.16
2017-11-30,6.25,6.26,6.38,6.23
2017-12-01,6.29,6.39,6.44,6.25
2017-12-04,6.37,6.2,6.4,6.2
2017-12-05,6.22,5.91,6.25,5.75
2017-12-06,5.85,6.01,6.03,5.83
2017-12-07,6.01,6.17,6.38,5.98
2017-12-08,6.13,6.63,6.79,6.13
2017-12-11,6.54,6.65,6.76,6.5
2017-12-12,6.64,6.7,6.98,6.55
2017-12-13,6.91,6.67,6.91,6.52
2017-12-14,6.61,6.57,6.64,6.45
2017-12-15,6.52,6.54,6.63,6.45
2017-12-18,6.53,6.35,6.53,6.2
2017-12-19,6.32,6.38,6.45,6.32
2017-12-20,6.4,6.16,6.42,6.15
2017-12-21,6.13,6.18,6.22,5.97
2017-12-22,6.15,6.09,6.21,6.07
2017-12-25,6.1,5.98,6.1,5.95
2017-12-26,5.99,6.1,6.12,5.89
2017-12-27,6.09,6.03,6.13,6.02
2017-12-28,6.03,6.1,6.17,5.91
2017-12-29,6.09,6.17,6.19,6.05
2018-01-02,6.17,6.17,6.23,6.14
2018-01-03,6.16,6.31,6.4,6.16
2018-01-04,6.31,6.29,6.35,6.23
2018-01-05,6.29,6.34,6.37,6.25
2018-01-08,6.32,6.2,6.32,6.16
2018-01-09,6.18,6.16,6.23,6.13
2018-01-10,6.2,6.05,6.2,6.02
2018-01-11,6.06,6.17,6.22,5.99
2018-01-12,6.14,6.08,6.21,6.06
2018-01-15,6.04,5.92,6.1,5.87
2018-01-16,5.9,5.9,5.97,5.87
2018-01-17,5.9,6.03,6.09,5.78
2018-01-18,6.03,5.98,6.06,5.96
2018-01-19,5.98,5.95,6.09,5.93
2018-01-22,5.88,6.02,6.09,5.8
2018-01-23,6.01,6.0,6.08,5.96
2018-01-24,6.0,6.08,6.11,5.98
2018-01-25,6.05,6.03,6.18,6.03
2018-01-26,6.01,5.96,6.08,5.96
2018-01-29,5.9,5.84,5.98,5.8
2018-01-30,5.6,5.32,5.7,5.3
2018-01-31,5.28,5.0,5.29,5.0
2018-02-01,5.02,4.6,5.02,4.58
2018-02-02,4.58,4.62,4.69,4.4
2018-02-05,4.56,4.54,4.66,4.46
2018-02-06,4.46,4.17,4.53,4.1
2018-02-07,4.29,4.22,4.32,4.14
2018-02-08,4.22,4.4,4.5,4.22
2018-02-09,4.3,4.42,4.75,4.25
2018-02-12,4.41,4.5,4.58,4.4
2018-02-13,4.5,4.4,4.56,4.39
2018-02-14,4.38,4.4,4.41,4.29
2018-02-22,4.43,4.47,4.51,4.41
2018-02-23,4.47,4.51,4.59,4.44
2018-02-26,4.52,4.66,4.71,4.5
2018-02-27,4.64,4.68,4.83,4.61
2018-02-28,4.6,4.65,4.73,4.55
2018-03-01,4.6,4.85,4.99,4.58
2018-03-02,4.81,4.81,4.92,4.76
2018-03-05,4.83,4.82,4.84,4.74
2018-03-06,4.83,4.9,4.99,4.8
2018-03-07,4.86,4.79,4.9,4.78
2018-03-08,4.78,4.86,4.88,4.76
2018-03-09,4.86,5.03,5.09,4.85
2018-03-12,5.12,5.53,5.53,5.03
2018-03-13,5.6,5.41,5.85,5.41
2018-03-14,5.38,5.32,5.54,5.31
2018-03-15,5.26,5.17,5.33,5.05
2018-03-16,5.14,5.16,5.27,5.14
2018-03-19,5.15,5.2,5.29,5.12
2018-03-20,5.11,5.19,5.22,5.06
2018-03-21,5.21,5.16,5.37,5.15
2018-03-22,5.19,5.08,5.25,5.08
2018-03-23,4.88,4.59,5.02,4.57
2018-03-26,4.5,4.65,4.68,4.21
2018-03-27,4.69,4.84,4.96,4.66
2018-03-28,4.78,4.84,4.89,4.72
2018-03-29,4.88,4.9,4.95,4.82
2018-03-30,5.0,5.04,5.08,4.96
2018-04-02,5.0,5.12,5.26,4.98
2018-04-03,5.05,5.0,5.08,4.95
2018-04-04,5.02,4.93,5.12,4.92
2018-04-09,4.9,4.98,5.02,4.76
2018-04-10,5.17,5.48,5.48,5.16
2018-04-11,5.55,5.28,5.76,5.27
2018-04-12,5.25,5.34,5.62,5.17
2018-04-13,5.27,5.15,5.39,5.15
2018-04-16,5.16,5.15,5.24,5.02
2018-04-17,5.16,5.07,5.27,5.04
2018-04-18,5.09,5.22,5.25,4.9
2018-04-19,5.18,5.25,5.33,5.15
2018-04-20,5.22,5.07,5.27,5.04
2018-04-23,5.03,4.89,5.14,4.8
2018-04-24,4.85,5.1,5.13,4.83
2018-04-25,5.05,5.48,5.61,5.02
2018-04-26,5.38,5.23,5.45,5.23
2018-04-27,5.29,5.32,5.47,5.26
2018-05-02,5.29,5.85,5.85,5.29
2018-05-03,5.92,6.44,6.44,5.72
2018-05-04,6.62,6.51,7.08,6.48
2018-05-07,6.15,6.61,6.84,5.95
2018-05-08,6.41,6.35,6.56,6.31
2018-05-09,6.28,6.34,6.45,6.15
2018-05-10,6.26,6.29,6.39,6.2
2018-05-11,6.38,6.54,6.8,6.32
2018-05-14,6.33,6.03,6.38,6.0
2018-05-15,5.9,6.12,6.18,5.9
2018-05-16,6.05,5.92,6.22,5.88
2018-05-17,5.99,6.07,6.22,5.99
2018-05-18,6.01,6.05,6.09,5.9
2018-05-21,6.1,6.15,6.18,6.05
2018-05-22,6.08,6.32,6.55,6.07
2018-05-23,6.23,6.27,6.45,6.23
2018-05-24,6.33,6.18,6.42,6.13
2018-05-25,6.22,5.92,6.22,5.92
