date,open,close,high,low
2016-01-04,19.229,17.498,19.423,17.498
2016-01-05,16.153,15.747,17.179,15.747
2016-01-06,16.057,17.324,17.324,16.057
2016-01-07,17.333,15.592,17.333,15.592
2016-01-08,15.96,16.666,17.101,14.896
2016-01-11,15.96,15.805,17.198,15.554
2016-01-12,15.911,16.637,16.985,15.766
2016-01-13,16.637,15.08,16.782,14.993
2016-01-14,14.625,15.941,16.24,13.977
2016-01-15,15.534,14.886,15.902,14.799
2016-01-18,14.915,15.109,15.554,14.509
2016-01-19,15.196,16.211,16.492,14.886
2016-01-20,16.047,15.834,16.289,15.573
2016-01-21,15.631,14.896,16.124,14.818
2016-01-22,15.167,15.621,15.621,15.002
2016-01-25,15.863,16.211,16.531,15.621
2016-01-26,16.589,15.602,17.004,15.447
2016-01-27,15.602,15.051,15.853,14.045
2016-01-28,14.847,13.735,15.186,13.542
2016-01-29,13.735,14.441,14.741,13.426
2016-02-01,14.509,14.306,14.78,13.89
2016-02-02,14.403,14.847,15.167,14.286
2016-02-03,14.702,14.857,14.993,14.335
2016-02-04,15.051,15.263,15.573,14.877
2016-02-05,15.418,14.993,15.757,14.799
2016-02-15,14.025,15.196,15.37,14.025
2016-02-16,15.476,16.298,16.414,15.476
2016-02-17,16.298,16.124,16.347,15.612
2016-02-18,16.211,15.766,16.308,15.457
2016-02-19,15.583,15.844,15.95,15.583
2016-02-22,16.134,16.018,16.153,15.824
2016-02-23,15.931,15.689,16.018,15.496
2016-02-24,15.476,15.418,15.708,14.993
2016-02-25,15.563,15.65,16.25,15.283
2016-02-26,16.057,15.379,16.395,14.364
2016-02-29,14.654,13.842,15.109,13.842
2016-03-01,13.542,13.58,13.832,12.468
2016-03-02,13.135,14.016,14.161,13.135
2016-03-03,13.977,14.644,14.847,13.842
2016-03-04,14.519,13.851,14.606,13.6
2016-03-07,14.025,14.702,14.847,14.025
2016-03-08,14.673,14.644,14.751,14.025
2016-03-09,14.316,14.306,14.625,14.132
2016-03-10,14.296,14.093,14.664,14.045
2016-03-11,13.967,14.383,14.509,13.871
2016-03-14,14.538,14.954,15.621,14.441
2016-03-15,15.138,15.167,15.554,14.944
2016-03-16,15.544,15.205,15.65,14.722
2016-03-17,15.205,15.65,15.815,15.205
2016-03-18,15.583,16.202,16.385,15.457
2016-03-21,16.453,16.637,16.908,16.037
2016-03-22,16.376,16.221,16.443,15.95
2016-03-23,16.153,16.105,16.211,15.795
2016-03-24,16.018,16.008,16.095,15.631
2016-03-25,15.989,16.134,16.182,15.844
2016-03-28,16.26,15.863,16.434,15.631
2016-03-29,15.747,15.573,15.853,14.993
2016-03-30,15.747,15.97,15.979,15.457
2016-03-31,16.057,15.815,16.414,15.737
2016-04-01,15.66,15.786,15.853,15.254
2016-04-05,15.766,16.347,16.424,15.544
2016-04-06,16.337,16.502,16.637,16.057
2016-04-07,16.502,16.153,16.772,16.153
2016-04-08,15.882,16.395,16.414,15.882
2016-04-11,16.579,17.004,17.198,16.26
2016-04-12,16.927,16.463,16.937,16.231
2016-04-13,16.589,16.83,17.362,16.482
2016-04-14,16.927,16.869,17.111,16.618
2016-04-15,16.888,16.569,16.985,16.443
2016-04-18,16.356,16.028,16.511,15.824
2016-04-19,16.066,16.018,16.25,15.96
2016-04-20,16.018,14.867,16.24,14.412
2016-04-21,14.993,14.596,15.089,14.557
2016-04-22,14.596,14.993,15.031,14.509
2016-04-25,14.896,15.273,15.409,14.596
2016-04-26,15.254,15.96,16.047,15.089
2016-04-27,15.911,15.844,16.124,15.766
2016-04-28,15.699,15.824,15.95,15.505
2016-04-29,15.65,15.815,15.902,15.554
2016-05-03,15.766,16.318,16.337,15.631
2016-05-04,16.105,16.801,16.927,16.028
2016-05-05,16.347,16.318,16.608,16.144
2016-05-06,16.192,15.399,16.366,15.283
2016-05-09,15.341,14.983,15.457,14.702
2016-05-10,14.944,15.109,15.321,14.944
2016-05-11,15.089,15.089,15.302,14.944
2016-05-12,14.915,14.993,14.993,14.519
2016-05-13,14.654,15.07,15.263,14.654
2016-05-16,14.915,15.254,15.273,14.828
2016-05-17,15.35,15.147,15.35,14.944
2016-05-18,15.215,14.47,15.215,14.441
2016-05-19,14.606,14.896,15.089,14.509
2016-05-20,14.973,15.37,15.399,14.77
2016-05-23,15.399,15.379,15.447,15.167
2016-05-24,15.359,14.979,15.418,14.803
2016-05-25,15.096,14.686,15.301,14.5
2016-05-26,14.725,14.842,14.92,14.305
2016-05-27,14.842,14.803,15.008,14.656
2016-05-30,14.881,14.656,14.891,14.578
2016-05-31,14.647,15.223,15.262,14.647
2016-06-01,15.223,15.574,15.76,15.164
2016-06-02,15.447,15.506,15.691,15.291
2016-06-03,15.496,15.701,15.867,15.34
2016-06-06,15.721,15.574,15.926,15.34
2016-06-07,15.535,15.428,15.535,15.223
2016-06-08,15.418,15.477,15.574,14.969
2016-06-13,15.037,14.549,15.262,14.549
2016-06-14,14.549,14.256,14.783,14.158
2016-06-15,14.188,14.715,14.822,14.051
2016-06-16,14.647,14.559,14.764,14.412
2016-06-17,14.627,14.725,14.93,14.5
2016-06-20,14.725,15.037,15.164,14.471
2016-06-21,15.135,14.793,15.272,14.735
2016-06-22,14.793,15.125,15.223,14.793
2016-06-23,14.959,15.047,15.203,14.861
2016-06-24,15.106,14.822,15.193,14.451
2016-06-27,14.754,15.203,15.232,14.647
2016-06-28,15.086,15.594,15.691,15.067
2016-06-29,15.535,15.672,15.711,15.135
2016-06-30,15.672,15.672,15.77,15.486
2016-07-01,15.672,15.701,15.906,15.535
2016-07-04,15.584,16.014,16.102,15.496
2016-07-05,15.945,16.971,17.332,15.838
2016-07-06,16.941,17.927,17.947,16.932
2016-07-07,17.869,17.781,17.986,17.449
2016-07-08,17.771,18.093,18.611,17.332
2016-07-11,18.172,17.879,18.543,17.537
2016-07-12,17.722,17.801,17.84,17.361
2016-07-13,17.82,18.308,19.089,17.752
2016-07-14,18.142,17.761,18.367,17.605
2016-07-15,17.937,17.478,17.937,17.439
2016-07-18,17.478,17.41,17.859,17.263
2016-07-19,17.361,17.439,17.576,17.088
2016-07-20,17.498,17.703,17.761,17.381
2016-07-21,17.625,17.263,17.752,17.107
2016-07-22,17.215,17.263,17.361,17.0
2016-07-25,17.273,16.961,17.342,16.756
2016-07-26,17.137,17.088,17.224,16.941
2016-07-27,17.185,17.449,17.996,16.697
2016-07-28,17.146,17.439,17.527,15.926
2016-07-29,17.381,16.961,17.429,16.639
2016-08-01,17.058,16.268,17.058,15.896
2016-08-02,16.346,16.287,16.385,16.15
2016-08-03,16.404,15.955,16.453,15.789
2016-08-04,15.896,16.121,16.268,15.887
2016-08-05,16.18,15.965,16.248,15.916
2016-08-08,15.965,16.131,16.141,15.662
2016-08-09,16.15,16.228,16.355,16.111
2016-08-10,16.248,16.033,16.307,15.994
2016-08-11,16.033,15.633,16.033,15.574
2016-08-12,15.564,15.857,15.896,15.486
2016-08-15,15.818,16.316,16.355,15.77
2016-08-16,16.336,16.697,16.785,16.336
2016-08-17,16.639,16.57,16.697,16.365
2016-08-18,16.6,16.531,16.629,16.365
2016-08-19,16.463,16.775,16.951,16.463
2016-08-22,16.59,16.453,16.824,16.199
2016-08-23,16.473,16.287,16.746,16.209
2016-08-24,16.316,16.697,16.746,16.268
2016-08-25,16.609,17.088,17.185,16.414
2016-08-26,17.107,16.941,17.576,16.863
2016-08-29,16.932,17.381,17.761,16.932
2016-08-30,17.381,17.439,17.547,17.107
2016-08-31,17.556,17.693,17.849,17.283
2016-09-01,17.693,17.137,17.771,16.961
2016-09-02,17.01,17.888,18.152,17.01
2016-09-05,17.879,18.074,18.347,17.84
2016-09-06,18.133,18.425,18.552,17.81
2016-09-07,18.435,17.908,18.533,17.82
2016-09-08,17.81,17.83,18.181,17.771
2016-09-09,17.83,17.4,17.986,17.381
2016-09-12,17.107,17.381,17.488,16.844
2016-09-13,17.351,17.215,17.4,17.068
2016-09-14,17.224,17.752,17.957,17.185
2016-09-19,17.674,17.703,18.181,17.625
2016-09-20,17.635,17.566,17.752,17.4
2016-09-21,17.566,17.254,17.664,17.244
2016-09-22,17.4,18.474,18.484,17.332
2016-09-23,18.552,18.748,19.373,18.474
2016-09-26,18.65,18.367,19.724,18.201
2016-09-27,18.455,19.128,19.304,18.455
2016-09-28,18.953,18.797,19.91,18.738
2016-09-29,18.992,19.48,19.705,18.767
2016-09-30,19.334,19.382,19.48,19.148
2016-10-10,19.392,19.334,19.802,18.797
2016-10-11,19.236,20.29,20.339,19.021
2016-10-12,20.124,20.408,20.603,20.046
2016-10-13,20.456,20.212,20.652,19.939
2016-10-14,20.242,19.968,20.3,19.617
2016-10-17,20.164,19.919,20.173,19.529
2016-10-18,19.832,19.919,20.105,19.753
2016-10-19,19.919,20.388,20.769,19.89
2016-10-20,20.388,19.802,20.447,19.783
2016-10-21,19.949,19.88,19.968,19.246
2016-10-24,19.646,19.851,20.134,19.343
2016-10-25,19.851,19.519,19.958,19.285
2016-10-26,19.519,19.675,19.802,19.363
2016-10-27,19.529,19.148,19.685,18.972
2016-10-28,19.216,19.451,19.48,18.992
2016-10-31,19.285,19.138,19.412,18.992
2016-11-01,19.089,19.783,19.88,19.089
2016-11-02,19.812,19.734,20.115,19.646
2016-11-03,19.636,19.431,19.792,19.334
2016-11-04,19.48,18.552,19.48,18.435
2016-11-07,18.552,18.552,18.923,18.455
2016-11-08,18.621,18.767,18.933,18.562
2016-11-09,18.816,18.826,18.992,18.386
2016-11-10,18.855,18.64,18.982,18.504
2016-11-11,18.611,18.621,18.699,18.455
2016-11-14,18.65,18.435,18.767,18.211
2016-11-15,18.435,18.845,18.865,18.367
2016-11-16,18.826,18.923,18.992,18.777
2016-11-17,18.875,18.513,18.933,18.513
2016-11-18,18.611,18.718,18.767,18.435
2016-11-21,18.65,19.431,20.593,18.455
2016-11-22,19.314,19.216,19.402,19.021
2016-11-23,19.187,18.66,19.285,18.504
2016-11-24,18.64,18.181,18.64,18.103
2016-11-25,18.191,18.191,18.357,17.996
2016-11-28,18.299,17.976,18.318,17.957
2016-11-29,18.064,17.84,18.123,17.771
2016-11-30,17.947,18.015,18.045,17.732
2016-12-01,17.996,17.83,18.23,17.722
2016-12-02,17.947,17.674,17.947,17.586
2016-12-05,17.566,17.82,17.937,17.39
2016-12-06,17.879,17.674,17.996,17.625
2016-12-07,17.693,17.918,17.937,17.683
2016-12-08,17.918,17.859,17.996,17.752
2016-12-09,17.781,17.84,17.967,17.771
2016-12-12,17.869,17.058,17.908,17.058
2016-12-13,16.99,16.922,17.263,16.59
2016-12-14,16.883,16.629,17.068,16.502
2016-12-15,16.59,17.01,17.39,16.521
2016-12-16,17.078,17.01,17.176,16.98
2016-12-19,16.951,16.932,17.166,16.814
2016-12-20,16.932,17.058,17.185,16.902
2016-12-21,17.068,17.566,17.722,17.068
2016-12-22,17.527,17.469,17.761,17.273
2016-12-23,17.39,16.99,17.469,16.98
2016-12-26,16.941,17.234,17.273,16.805
2016-12-27,17.234,17.117,17.342,17.097
2016-12-28,17.137,16.912,17.283,16.502
2016-12-29,16.912,16.873,17.039,16.766
2016-12-30,17.029,16.785,17.029,16.6
2017-01-03,16.961,16.922,16.98,16.697
2017-01-04,16.971,17.244,17.332,16.814
2017-01-05,17.254,17.176,17.342,17.049
2017-01-06,17.176,16.892,17.176,16.795
2017-01-09,16.98,16.99,17.029,16.785
2017-01-10,17.039,17.039,17.156,16.951
2017-01-11,17.0,17.01,17.146,16.922
2017-01-12,16.971,16.873,17.078,16.756
2017-01-13,16.707,16.434,16.912,16.111
2017-01-16,16.404,15.916,16.453,15.633
2017-01-17,16.014,16.316,16.375,15.76
2017-01-18,16.248,16.521,16.766,16.248
2017-01-19,16.551,16.307,16.59,16.121
2017-01-20,16.16,17.019,17.156,16.141
2017-01-23,17.029,16.932,17.195,16.883
2017-01-24,16.795,15.682,16.795,15.545
2017-01-25,15.74,15.604,15.75,15.525
2017-01-26,15.701,15.652,15.721,15.535
2017-02-03,15.672,15.525,15.691,15.457
2017-02-06,15.574,15.623,15.73,15.457
2017-02-07,15.623,15.613,15.877,15.516
2017-02-08,15.613,15.857,15.867,15.604
2017-02-09,15.818,16.033,16.082,15.809
2017-02-10,16.023,15.848,16.072,15.779
2017-02-13,15.887,15.867,15.926,15.75
2017-02-14,15.906,15.887,15.975,15.76
2017-02-15,15.936,15.828,16.033,15.77
2017-02-16,16.219,16.189,16.795,16.072
2017-02-17,16.072,16.141,16.404,16.033
2017-02-20,16.707,16.404,16.795,16.131
2017-02-21,16.209,16.424,16.473,16.111
2017-02-22,16.394,16.248,16.453,16.17
2017-02-23,16.297,16.248,16.307,16.072
2017-02-24,16.248,16.307,16.355,16.082
2017-02-27,16.307,16.062,16.346,16.023
2017-02-28,16.092,16.072,16.17,16.004
2017-03-01,16.072,16.023,16.102,15.994
2017-03-02,16.023,15.75,16.092,15.711
2017-03-03,15.76,15.809,15.887,15.672
2017-03-06,15.867,15.975,16.004,15.818
2017-03-07,15.994,15.994,16.014,15.838
2017-03-08,16.023,15.867,16.062,15.828
2017-03-09,15.838,15.936,15.965,15.779
2017-03-10,15.955,15.74,15.965,15.73
2017-03-13,15.74,15.789,15.789,15.545
2017-03-14,15.789,15.857,16.004,15.779
2017-03-15,15.818,15.848,15.936,15.75
2017-03-16,15.965,15.896,15.965,15.799
2017-03-17,15.896,15.74,15.994,15.721
2017-03-20,15.721,15.789,15.857,15.672
2017-03-21,15.799,15.711,15.857,15.672
2017-03-22,15.672,15.428,15.721,15.379
2017-03-23,15.457,15.535,15.672,15.438
2017-03-24,15.545,15.496,15.594,15.447
2017-03-27,15.525,15.613,15.672,15.486
2017-03-28,15.633,15.613,15.74,15.564
2017-03-29,15.711,15.301,15.711,15.135
2017-03-30,15.262,14.891,15.369,14.813
2017-03-31,14.891,14.979,15.057,14.861
2017-04-05,14.998,15.682,15.975,14.998
2017-04-06,15.604,15.428,15.604,15.32
2017-04-07,15.418,15.418,15.467,15.232
2017-04-10,15.525,15.34,15.525,15.32
2017-04-11,15.398,15.506,15.525,15.232
2017-04-12,15.555,15.359,15.555,15.34
2017-04-13,15.428,15.408,15.486,15.359
2017-04-14,15.359,15.008,15.418,14.988
2017-04-17,15.008,15.018,15.223,14.94
2017-04-18,15.027,15.203,15.418,15.027
2017-04-19,15.203,15.057,15.203,14.979
2017-04-20,15.057,14.842,15.086,14.725
2017-04-21,14.861,15.086,15.389,14.861
2017-04-24,15.154,14.627,15.154,14.363
2017-04-25,14.647,14.412,14.666,14.334
2017-04-26,14.422,14.559,14.578,14.158
2017-04-27,14.559,14.422,14.578,14.168
2017-04-28,14.49,14.695,14.735,14.451
2017-05-02,14.647,14.559,14.764,14.529
2017-05-03,14.569,14.432,14.627,14.363
2017-05-04,14.432,14.1,14.432,13.983
2017-05-05,14.061,13.709,14.061,13.67
2017-05-08,13.768,13.68,13.865,13.553
2017-05-09,13.748,13.963,14.197,13.621
2017-05-10,13.983,13.865,14.11,13.856
2017-05-11,13.826,13.748,13.895,13.377
2017-05-12,13.768,13.573,13.768,13.446
2017-05-15,13.582,13.563,13.68,13.533
2017-05-16,13.573,13.826,13.846,13.153
2017-05-17,13.758,13.787,13.963,13.719
2017-05-18,13.768,13.66,13.826,13.602
2017-05-19,13.768,13.885,14.061,13.748
2017-05-22,13.885,13.807,14.178,13.778
2017-05-23,13.836,13.328,13.895,13.328
2017-05-24,13.299,13.719,13.778,13.182
2017-05-25,13.759,13.996,14.006,13.591
2017-05-26,14.006,14.163,14.282,13.956
2017-05-31,14.282,14.114,14.41,13.996
2017-06-01,13.996,14.085,14.193,13.996
2017-06-02,14.163,13.936,14.163,13.601
2017-06-05,13.996,13.927,14.203,13.897
2017-06-06,14.065,14.509,14.509,13.936
2017-06-07,14.42,14.588,14.657,14.341
2017-06-08,14.529,14.43,14.637,14.351
2017-06-09,14.46,14.489,14.746,14.282
2017-06-12,14.568,14.292,14.568,14.242
2017-06-13,14.252,14.331,14.41,14.203
2017-06-14,14.312,14.312,14.42,14.262
2017-06-15,14.312,14.341,14.509,14.272
2017-06-16,14.361,14.252,14.371,14.233
2017-06-19,14.292,14.519,14.529,14.233
2017-06-20,14.558,14.282,14.578,14.272
2017-06-21,14.282,14.233,14.391,14.173
2017-06-22,14.242,13.818,14.282,13.818
2017-06-23,13.986,13.897,13.986,13.749
2017-06-26,13.936,14.183,14.242,13.877
2017-06-27,14.183,14.055,14.262,14.006
2017-06-28,14.104,14.094,14.292,14.015
2017-06-29,14.065,14.045,14.154,14.045
2017-06-30,14.045,14.055,14.104,13.828
2017-07-03,14.055,14.144,14.144,14.015
2017-07-04,14.144,14.075,14.154,13.956
2017-07-05,14.085,14.144,14.183,14.045
2017-07-06,14.173,14.144,14.173,14.045
2017-07-07,14.045,14.124,14.134,14.035
2017-07-10,14.124,13.542,14.134,13.473
2017-07-11,13.552,13.423,13.631,13.423
2017-07-12,13.443,13.512,13.621,13.374
2017-07-13,13.561,13.413,13.571,13.384
2017-07-14,13.404,13.384,13.502,13.364
2017-07-17,13.354,12.041,13.404,12.041
2017-07-18,12.091,11.992,12.209,11.745
2017-07-19,11.982,11.933,11.982,11.755
2017-07-20,11.933,12.111,12.189,11.903
2017-07-21,12.061,12.13,12.288,12.061
2017-07-24,12.13,12.249,12.278,11.893
2017-07-25,12.16,12.101,12.249,12.051
2017-07-26,12.071,11.893,12.13,11.854
2017-07-27,11.893,12.417,12.515,11.874
2017-07-28,12.436,12.249,12.486,12.199
2017-07-31,12.318,12.535,12.604,12.209
2017-08-01,12.614,12.426,12.614,12.328
2017-08-02,12.426,12.16,12.466,12.13
2017-08-03,12.189,12.328,12.525,12.16
2017-08-04,12.268,12.18,12.328,12.15
2017-08-07,12.199,12.209,12.584,12.15
2017-08-08,12.328,12.713,12.752,12.17
2017-08-09,12.683,12.693,12.821,12.466
2017-08-10,12.614,12.634,12.703,12.338
2017-08-11,12.525,12.584,12.653,12.407
2017-08-14,12.604,12.88,12.92,12.505
2017-08-15,12.89,12.91,12.93,12.792
2017-08-16,12.93,13.305,13.453,12.851
2017-08-17,13.315,13.236,13.423,13.186
2017-08-18,13.275,13.255,13.275,13.127
2017-08-21,13.226,13.522,13.601,13.186
2017-08-22,13.571,13.581,13.798,13.404
2017-08-23,13.522,13.255,13.621,13.255
2017-08-24,13.305,13.246,13.571,13.226
2017-08-25,13.285,13.581,13.788,13.255
2017-08-28,13.66,13.601,13.798,13.552
2017-08-29,13.65,13.433,13.67,13.394
2017-08-30,13.404,13.384,13.492,13.315
2017-08-31,13.453,13.611,13.611,13.315
2017-09-01,13.571,13.423,13.571,13.325
2017-09-04,13.384,13.364,13.502,13.295
2017-09-05,13.364,13.354,13.433,13.285
2017-09-06,13.354,13.275,13.354,13.127
2017-09-07,13.275,13.295,13.522,13.206
2017-09-08,13.305,13.216,13.404,13.117
2017-09-11,13.216,13.394,13.394,13.127
2017-09-12,13.354,13.443,13.463,13.186
2017-09-13,13.394,13.522,13.69,13.384
2017-09-14,13.532,13.552,13.64,13.413
2017-09-15,13.423,13.522,13.611,13.334
2017-09-18,13.463,13.719,13.739,13.453
2017-09-19,13.719,13.552,13.719,13.492
2017-09-20,13.561,13.621,13.64,13.482
2017-09-21,13.67,13.453,13.858,13.423
2017-09-22,13.433,13.463,13.542,13.334
2017-09-25,13.473,13.325,13.621,13.325
2017-09-26,13.325,13.413,13.463,13.157
2017-09-27,13.374,13.492,13.492,13.305
2017-09-28,13.423,13.334,13.492,13.325
2017-09-29,13.404,13.364,13.413,13.315
2017-10-09,13.443,13.581,13.601,13.423
2017-10-10,13.512,13.788,13.848,13.482
2017-10-11,13.867,13.631,13.867,13.552
2017-10-12,13.571,13.512,13.66,13.394
2017-10-13,13.522,13.423,13.601,13.384
2017-10-16,13.423,12.88,13.453,12.88
2017-10-17,12.89,12.821,12.94,12.742
2017-10-18,12.811,12.555,12.88,12.555
2017-10-19,12.555,12.417,12.683,12.397
2017-10-20,12.417,12.436,12.545,12.397
2017-10-23,12.495,12.634,12.644,12.436
2017-10-24,12.614,12.555,12.644,12.436
2017-10-25,12.535,12.683,12.762,12.486
2017-10-26,12.693,12.831,12.9,12.693
2017-10-27,12.821,12.752,12.93,12.722
2017-10-30,12.782,12.15,12.782,12.12
2017-10-31,12.15,12.288,12.308,12.12
2017-11-01,12.308,12.407,12.476,12.219
2017-11-02,12.367,11.982,12.387,11.844
2017-11-03,12.061,12.012,12.12,11.864
2017-11-06,12.081,11.982,12.111,11.933
2017-11-07,12.012,12.022,12.041,11.923
2017-11-08,12.002,12.081,12.16,11.923
2017-11-09,12.091,11.893,12.12,11.834
2017-11-10,11.864,12.071,12.13,11.844
2017-11-13,12.051,12.071,12.12,11.962
2017-11-14,12.071,11.903,12.071,11.874
2017-11-15,11.943,11.982,12.012,11.874
2017-11-16,11.962,12.041,12.18,11.893
2017-11-17,12.012,11.479,12.12,11.42
2017-11-20,11.548,11.489,11.558,11.252
2017-11-21,11.489,11.489,11.568,11.42
2017-11-22,11.499,12.13,12.436,11.291
2017-11-23,12.239,11.676,12.239,11.578
2017-11-24,11.637,11.479,11.676,11.439
2017-11-27,11.449,11.193,11.548,11.183
2017-11-28,11.173,11.351,11.37,11.173
2017-11-29,11.281,11.301,11.38,11.262
2017-11-30,11.291,11.262,11.37,11.262
2017-12-01,11.262,11.39,11.489,11.242
2017-12-04,11.351,11.449,11.647,11.301
2017-12-05,11.449,11.212,11.528,11.133
2017-12-06,11.301,11.568,11.568,11.232
2017-12-07,11.568,11.508,11.716,11.508
2017-12-08,11.479,12.022,12.022,11.479
2017-12-11,11.992,11.874,11.992,11.844
2017-12-12,11.874,11.765,11.903,11.765
2017-12-13,11.735,11.943,11.962,11.726
2017-12-14,11.972,11.913,11.972,11.647
2017-12-15,11.943,11.775,11.943,11.716
2017-12-18,11.775,11.627,11.814,11.627
2017-12-19,11.657,11.647,11.735,11.578
2017-12-20,11.696,11.37,11.696,11.36
2017-12-21,11.37,11.459,11.597,11.311
2017-12-22,11.41,11.42,11.597,11.41
2017-12-25,11.42,11.183,11.499,11.163
2017-12-26,11.202,11.43,11.489,11.163
2017-12-27,11.449,11.617,11.666,11.449
2017-12-28,11.716,11.676,11.755,11.568
2017-12-29,11.657,11.775,11.785,11.597
2018-01-02,11.775,11.765,11.844,11.676
2018-01-03,11.706,11.785,11.814,11.686
2018-01-04,11.785,11.755,11.893,11.745
2018-01-05,11.765,11.745,11.874,11.706
2018-01-08,11.745,11.834,11.834,11.726
2018-01-09,11.844,11.992,12.091,11.795
2018-01-10,11.962,11.943,12.041,11.775
2018-01-11,11.844,11.943,12.002,11.795
2018-01-12,11.943,11.785,11.943,11.597
2018-01-15,11.745,11.39,11.814,11.232
2018-01-16,11.351,11.39,11.479,11.341
2018-01-17,11.38,11.439,11.518,11.311
2018-01-18,11.479,11.479,11.528,11.4
2018-01-19,11.518,11.37,11.607,11.37
2018-01-22,11.36,11.587,11.587,11.341
2018-01-23,11.617,11.489,11.647,11.479
2018-01-24,11.459,11.597,11.597,11.39
2018-01-25,11.597,11.637,11.726,11.528
2018-01-26,11.597,11.499,11.627,11.489
2018-01-29,11.607,11.38,11.607,11.38
2018-01-30,11.38,11.439,11.469,11.351
2018-01-31,11.321,10.294,11.321,10.294
2018-02-01,10.294,9.722,10.502,9.722
2018-02-02,9.732,9.87,9.959,9.367
2018-02-05,9.85,9.505,9.85,9.377
2018-02-06,9.386,9.15,9.475,9.13
2018-02-07,9.288,9.021,9.396,8.932
2018-02-08,8.992,9.465,9.653,8.992
2018-02-09,9.268,9.436,9.544,9.11
2018-02-12,9.436,9.673,9.791,9.386
2018-02-13,9.633,9.643,9.781,9.594
2018-02-14,9.702,9.663,9.722,9.584
2018-02-22,9.673,9.673,9.801,9.574
2018-02-23,9.633,9.564,9.732,9.525
2018-02-26,9.564,9.771,9.801,9.554
2018-02-27,9.771,9.9,9.91,9.771
2018-02-28,9.84,10.008,10.008,9.722
2018-03-01,9.89,10.008,10.087,9.87
2018-03-02,9.969,9.91,10.028,9.85
2018-03-05,9.91,9.89,9.979,9.86
2018-03-06,9.86,9.979,10.018,9.86
2018-03-07,9.979,9.88,10.018,9.84
2018-03-08,9.88,10.156,10.225,9.85
2018-03-09,10.137,10.443,10.492,10.028
2018-03-12,10.423,10.472,10.61,10.334
2018-03-13,10.512,10.413,10.512,10.294
2018-03-14,10.324,10.314,10.413,10.275
2018-03-15,10.314,10.472,10.472,10.146
2018-03-16,10.413,10.334,10.462,10.294
2018-03-19,10.304,10.729,10.758,10.225
2018-03-20,10.561,10.63,10.748,10.551
2018-03-21,10.6,10.452,10.778,10.443
2018-03-22,10.462,10.373,10.462,10.294
2018-03-23,10.166,10.245,10.275,9.86
2018-03-26,10.067,10.581,10.63,9.88
2018-03-27,10.561,10.808,11.143,10.472
2018-03-28,10.66,10.946,10.946,10.581
2018-03-29,10.956,10.975,11.104,10.837
2018-03-30,10.946,11.084,11.114,10.748
2018-04-02,11.104,10.897,11.124,10.867
2018-04-03,10.827,10.768,10.837,10.591
2018-04-04,10.808,10.877,11.045,10.729
2018-04-09,10.837,10.768,10.837,10.581
2018-04-10,10.768,10.689,10.827,10.472
2018-04-11,10.699,10.709,10.778,10.63
2018-04-12,10.699,10.6,10.699,10.521
2018-04-13,10.6,10.719,10.818,10.571
2018-04-16,10.689,10.758,10.916,10.521
2018-04-17,10.758,10.551,10.936,10.551
2018-04-18,10.591,10.571,10.689,10.255
2018-04-19,10.472,10.541,10.64,10.472
2018-04-20,10.581,10.383,10.64,10.097
2018-04-23,10.413,10.206,10.512,9.979
2018-04-24,10.225,10.818,11.222,10.225
2018-04-25,10.561,11.153,11.212,10.521
2018-04-26,11.153,11.232,11.528,10.966
2018-04-27,11.242,11.676,11.686,11.084
2018-05-02,11.726,11.775,12.022,11.469
2018-05-03,11.666,11.726,11.884,11.499
2018-05-04,11.676,11.597,11.814,11.499
2018-05-07,11.548,11.676,11.893,11.538
2018-05-08,11.666,12.012,12.071,11.597
2018-05-09,11.962,11.972,11.982,11.765
2018-05-10,11.962,11.884,11.962,11.696
2018-05-11,11.775,11.301,11.805,11.202
2018-05-14,11.36,11.41,11.469,11.222
2018-05-15,11.351,11.499,11.538,11.262
2018-05-16,11.449,11.518,11.735,11.4
2018-05-17,11.459,11.43,11.686,11.36
2018-05-18,11.39,11.686,11.834,11.39
2018-05-21,11.706,11.686,11.814,11.597
2018-05-22,11.686,11.41,11.686,11.301
2018-05-23,11.4,11.24,11.54,11.13
2018-05-24,11.3,11.4,11.43,11.21
2018-05-25,11.42,11.2,11.44,11.17
