date,open,close,high,low
2016-01-04,11.22,10.09,11.23,10.09
2016-01-05,9.3,9.31,9.84,9.08
2016-01-06,9.45,9.64,9.71,9.3
2016-01-07,9.37,8.68,9.46,8.68
2016-01-08,8.95,8.58,9.03,8.0
2016-01-11,8.47,7.72,8.47,7.72
2016-01-12,7.72,7.85,7.96,7.33
2016-01-13,7.93,7.44,7.95,7.4
2016-01-14,7.1,7.83,7.88,7.03
2016-01-15,7.75,7.37,7.81,7.22
2016-01-18,7.35,7.81,7.91,7.16
2016-01-19,7.71,8.12,8.23,7.59
2016-01-20,8.02,8.45,8.93,7.98
2016-01-21,8.2,7.77,8.51,7.74
2016-01-22,7.94,8.04,8.1,7.78
2016-01-25,8.14,8.12,8.31,8.0
2016-01-26,8.08,7.31,8.08,7.31
2016-01-27,7.31,7.06,7.4,6.6
2016-01-28,6.9,6.53,7.05,6.45
2016-01-29,6.54,6.89,7.01,6.5
2016-02-01,6.92,6.96,7.09,6.74
2016-02-02,6.98,7.26,7.35,6.98
2016-02-03,7.14,7.25,7.38,7.01
2016-02-04,7.28,7.36,7.45,7.26
2016-02-05,7.35,7.19,7.43,7.15
2016-02-15,6.8,7.06,7.13,6.8
2016-02-16,7.14,7.52,7.64,7.14
2016-02-17,7.48,7.87,7.97,7.4
2016-02-18,7.87,7.72,7.98,7.66
2016-02-19,7.67,7.84,7.92,7.64
2016-02-22,7.95,7.98,8.1,7.87
2016-02-23,7.99,7.86,8.06,7.75
2016-02-24,7.85,7.92,7.93,7.58
2016-02-25,7.86,7.13,8.04,7.13
2016-02-26,7.17,7.1,7.31,6.92
2016-02-29,7.0,6.4,7.06,6.39
2016-03-01,6.46,6.71,6.83,6.3
2016-03-02,6.69,7.06,7.11,6.61
2016-03-03,7.0,7.05,7.32,6.97
2016-03-04,7.09,6.74,7.23,6.6
2016-03-07,6.86,6.92,7.07,6.83
2016-03-08,6.86,7.06,7.06,6.5
2016-03-09,6.89,6.82,7.05,6.75
2016-03-10,6.85,6.68,6.9,6.65
2016-03-11,6.65,6.73,6.78,6.54
2016-03-14,6.87,7.0,7.14,6.82
2016-03-15,6.99,6.89,7.08,6.85
2016-03-16,7.09,6.8,7.11,6.8
2016-03-17,6.87,7.05,7.09,6.83
2016-03-18,7.1,7.4,7.5,7.04
2016-04-05,7.7,7.85,8.06,7.52
2016-04-06,7.68,7.74,7.9,7.64
2016-04-07,7.78,7.54,7.86,7.54
2016-04-08,7.46,7.42,7.49,7.29
2016-04-11,7.35,7.6,7.63,7.35
2016-04-12,7.54,7.7,7.74,7.45
2016-04-13,7.82,7.79,7.99,7.75
2016-04-14,7.84,8.16,8.18,7.7
2016-04-15,8.05,8.06,8.18,7.97
2016-04-18,8.0,7.84,8.0,7.81
2016-04-19,7.94,7.85,7.95,7.72
2016-04-20,7.87,7.2,7.92,7.09
2016-04-21,7.14,7.02,7.27,7.0
2016-04-22,6.95,7.19,7.19,6.9
2016-04-25,7.49,7.49,7.77,7.46
2016-04-26,7.3,7.45,7.51,7.27
2016-04-27,7.4,7.39,7.48,7.35
2016-04-28,7.38,7.3,7.4,7.15
2016-04-29,7.32,7.23,7.34,7.21
2016-05-03,7.24,7.55,7.55,7.2
2016-05-04,7.55,7.51,7.64,7.46
2016-05-05,7.52,7.58,7.58,7.4
2016-05-06,7.52,7.11,7.61,7.11
2016-05-09,7.05,6.79,7.08,6.78
2016-05-10,6.77,6.79,6.85,6.76
2016-05-11,6.83,6.74,6.95,6.73
2016-05-12,6.65,6.6,6.66,6.43
2016-05-13,6.58,6.6,6.75,6.57
2016-05-16,6.61,6.73,6.76,6.56
2016-05-17,6.73,6.99,7.05,6.73
2016-05-18,6.87,6.65,6.88,6.59
2016-05-19,6.67,6.68,6.82,6.65
2016-05-20,6.65,6.82,6.9,6.61
2016-05-23,6.77,6.87,6.93,6.77
2016-05-24,6.84,6.67,6.87,6.67
2016-05-25,6.76,6.68,6.84,6.67
2016-05-26,6.67,6.71,6.76,6.5
2016-05-27,6.69,6.65,6.71,6.61
2016-05-30,6.66,6.6,6.68,6.54
2016-05-31,6.61,6.95,6.95,6.61
2016-06-01,6.99,6.91,7.04,6.88
2016-06-02,6.9,7.03,7.08,6.88
2016-06-03,7.03,7.06,7.14,7.01
2016-06-06,7.07,7.05,7.12,6.92
2016-06-07,6.97,7.26,7.28,6.88
2016-06-08,7.29,7.55,7.86,7.26
2016-06-28,8.21,7.9,8.21,7.6
2016-06-29,7.79,7.64,7.88,7.6
2016-06-30,7.6,7.54,7.71,7.42
2016-07-01,7.59,7.52,7.7,7.51
2016-07-04,7.5,7.61,7.65,7.46
2016-07-05,7.62,7.68,7.7,7.5
2016-07-06,7.6,7.68,7.75,7.6
2016-07-07,7.66,7.6,7.68,7.54
2016-07-08,7.64,7.66,7.75,7.55
2016-07-11,7.63,7.55,7.69,7.55
2016-07-12,7.57,7.56,7.59,7.27
2016-07-13,7.58,7.62,7.66,7.54
2016-07-14,7.56,7.63,7.74,7.56
2016-07-15,7.71,7.58,7.71,7.55
2016-07-18,7.59,7.58,7.65,7.56
2016-07-19,7.57,7.61,7.63,7.52
2016-07-20,7.6,7.72,7.8,7.59
2016-07-21,7.73,7.85,7.94,7.68
2016-07-22,7.82,7.69,7.92,7.67
2016-07-25,7.64,7.7,7.84,7.61
2016-07-26,7.7,8.1,8.1,7.67
2016-07-27,8.11,8.13,8.5,7.8
2016-07-28,7.93,7.88,8.09,7.74
2016-07-29,7.93,7.66,7.96,7.53
2016-08-01,7.66,7.46,7.66,7.33
2016-08-02,7.43,7.61,7.71,7.43
2016-08-03,7.65,7.6,7.72,7.56
2016-08-04,7.64,7.6,7.64,7.49
2016-08-05,7.61,7.6,7.76,7.55
2016-08-08,7.62,7.7,7.76,7.56
2016-08-09,7.7,7.85,7.88,7.6
2016-08-10,7.8,7.79,7.93,7.79
2016-08-11,7.79,7.96,8.18,7.77
2016-08-12,7.91,8.06,8.1,7.81
2016-08-15,8.06,8.14,8.2,7.95
2016-08-16,8.07,8.14,8.29,8.07
2016-08-17,8.11,8.0,8.22,7.95
2016-08-18,7.96,7.98,8.03,7.9
2016-08-19,8.0,7.94,8.03,7.9
2016-08-22,7.94,7.73,7.96,7.73
2016-08-23,7.73,7.74,7.82,7.69
2016-08-24,7.74,7.78,7.84,7.74
2016-08-25,7.78,7.66,7.78,7.58
2016-08-26,7.7,7.78,7.85,7.7
2016-08-29,7.79,8.56,8.56,7.78
2016-08-30,8.71,8.93,9.25,8.65
2016-08-31,8.85,9.34,9.69,8.7
2016-09-01,9.16,9.13,9.59,9.02
2016-09-02,9.07,9.28,9.42,9.0
2016-09-05,9.2,9.26,9.66,9.05
2016-09-06,9.16,10.19,10.19,9.02
2016-09-07,10.2,10.8,11.21,10.03
2016-09-08,10.63,10.43,10.76,10.22
2016-09-09,10.43,10.05,10.53,9.88
2016-09-12,9.82,9.98,10.36,9.77
2016-09-13,10.04,9.8,10.15,9.57
2016-09-14,9.69,9.58,9.88,9.55
2016-09-19,9.77,9.61,9.78,9.53
2016-09-20,9.71,9.69,10.19,9.66
2016-09-21,9.55,9.46,9.55,9.35
2016-09-22,9.55,9.71,9.73,9.46
2016-09-23,9.7,9.95,10.18,9.66
2016-09-26,9.85,9.74,10.23,9.57
2016-09-27,9.59,9.41,9.6,9.12
2016-09-28,9.35,9.19,9.35,9.13
2016-09-29,9.23,9.25,9.35,9.16
2016-09-30,9.18,8.93,9.24,8.88
2016-10-10,9.01,9.53,9.55,8.97
2016-10-11,9.48,9.64,9.77,9.38
2016-10-12,9.48,9.65,9.72,9.39
2016-10-13,9.71,9.7,9.99,9.68
2016-10-14,9.68,9.59,9.83,9.53
2016-10-17,9.4,9.16,9.4,9.05
2016-10-18,9.1,9.28,9.3,9.06
2016-10-19,9.28,9.17,9.3,9.13
2016-10-20,9.18,9.31,9.49,9.1
2016-10-21,9.3,9.12,9.3,8.99
2016-10-24,9.12,9.11,9.26,9.0
2016-10-25,9.1,9.18,9.31,9.06
2016-10-26,9.14,9.0,9.15,8.95
2016-10-27,9.02,9.06,9.1,8.86
2016-10-28,9.0,8.78,9.02,8.76
2016-10-31,8.7,8.53,8.7,8.45
2016-11-01,8.56,8.77,8.85,8.53
2016-11-02,8.68,8.53,8.71,8.51
2016-11-03,8.5,8.58,8.77,8.45
2016-11-04,8.6,8.65,8.77,8.54
2016-11-07,8.72,8.7,8.86,8.65
2016-11-08,8.72,8.69,8.76,8.63
2016-11-09,8.66,8.45,8.71,8.38
2016-11-10,8.54,8.59,8.68,8.53
2016-11-11,8.55,8.6,8.62,8.42
2016-11-14,8.55,8.68,8.69,8.55
2016-11-15,8.67,8.85,8.85,8.61
2016-11-16,8.82,8.83,9.03,8.8
2016-11-17,8.79,8.67,8.8,8.57
2016-11-18,8.59,8.62,8.73,8.58
2016-11-21,8.58,8.54,8.62,8.5
2016-11-22,8.56,8.74,8.75,8.51
2016-11-23,8.73,8.55,8.76,8.51
2016-11-24,8.55,8.51,8.66,8.48
2016-11-25,8.52,8.37,8.59,8.11
2016-11-28,8.45,8.33,8.45,8.3
2016-11-29,8.33,8.13,8.37,8.08
2016-11-30,8.1,8.19,8.3,8.1
2016-12-01,8.19,8.14,8.23,8.11
2016-12-02,8.15,7.83,8.19,7.81
2016-12-05,7.76,7.85,7.94,7.67
2016-12-06,7.86,7.88,7.92,7.85
2016-12-07,7.9,8.05,8.06,7.82
2016-12-08,8.05,7.9,8.08,7.87
2016-12-09,7.85,7.88,7.98,7.84
2016-12-12,7.92,7.13,7.92,7.1
2016-12-13,7.1,7.16,7.27,7.02
2016-12-14,7.2,7.12,7.28,7.11
2016-12-15,7.09,7.23,7.3,7.07
2016-12-16,7.28,7.4,7.5,7.26
2016-12-19,7.38,7.48,7.57,7.38
2016-12-20,7.52,7.51,7.54,7.39
2016-12-21,7.53,7.54,7.66,7.51
2016-12-22,7.57,7.56,7.59,7.41
2016-12-23,7.53,7.5,7.57,7.41
2016-12-26,7.47,7.6,7.6,7.34
2016-12-27,7.63,7.53,7.75,7.51
2016-12-28,7.53,7.57,7.66,7.42
2016-12-29,7.54,7.42,7.59,7.4
2016-12-30,7.37,7.38,7.48,7.36
2017-01-03,7.4,7.51,7.52,7.4
2017-01-04,7.55,7.8,7.89,7.55
2017-01-05,7.8,7.76,7.91,7.7
2017-01-06,7.77,8.54,8.54,7.71
2017-01-09,8.55,8.76,8.8,8.33
2017-01-10,8.69,8.55,8.82,8.53
2017-01-11,8.55,8.58,8.97,8.45
2017-01-12,8.57,8.39,8.65,8.33
2017-01-13,8.48,8.26,8.52,8.1
2017-01-16,8.31,8.09,8.48,7.61
2017-01-17,8.19,8.61,8.77,8.03
2017-01-18,8.61,8.27,8.61,8.25
2017-01-19,8.27,8.74,8.88,8.15
2017-01-20,8.65,8.79,8.87,8.58
2017-01-23,8.84,8.68,8.9,8.62
2017-01-24,8.7,8.4,8.72,8.33
2017-01-25,8.4,8.43,8.52,8.33
2017-01-26,8.46,8.69,8.88,8.4
2017-02-03,8.23,8.27,8.59,8.21
2017-02-06,8.29,8.37,8.44,8.05
2017-02-07,8.35,8.35,8.43,8.26
2017-02-08,8.35,8.9,9.05,8.26
2017-02-09,8.86,8.91,9.38,8.81
2017-02-10,8.98,8.95,9.11,8.76
2017-02-13,8.94,9.14,9.25,8.82
2017-02-14,9.15,9.03,9.44,9.03
2017-02-15,9.0,8.83,9.15,8.73
2017-02-16,8.72,9.04,9.1,8.72
2017-02-17,9.0,8.79,9.12,8.78
2017-02-20,8.8,8.94,8.99,8.74
2017-02-21,8.9,8.9,9.01,8.86
2017-02-22,8.89,9.09,9.09,8.81
2017-02-23,9.12,8.95,9.14,8.88
2017-02-24,8.88,9.0,9.02,8.82
2017-02-27,9.09,9.22,9.43,9.03
2017-02-28,9.26,9.3,9.37,9.12
2017-03-01,9.15,9.13,9.24,9.05
2017-03-02,9.13,9.27,9.36,9.05
2017-03-03,9.2,9.31,9.46,9.14
2017-03-06,9.4,9.31,9.4,9.19
2017-03-07,9.34,9.22,9.34,9.11
2017-03-08,9.16,9.35,9.35,9.13
2017-03-09,9.4,9.03,9.49,9.03
2017-03-10,8.93,8.99,9.09,8.88
2017-03-13,8.94,9.0,9.0,8.75
2017-03-14,8.97,9.13,9.23,8.96
2017-03-15,9.07,9.17,9.22,9.06
2017-03-16,9.17,9.28,9.32,9.1
2017-03-17,9.29,9.08,9.33,9.04
2017-03-20,9.07,8.93,9.14,8.8
2017-03-21,8.86,8.9,8.96,8.77
2017-03-22,8.82,8.76,8.9,8.64
2017-03-23,8.7,8.82,8.86,8.59
2017-03-24,8.74,8.88,8.93,8.63
2017-03-27,8.88,8.97,9.0,8.8
2017-03-28,8.9,8.97,9.04,8.9
2017-03-29,8.97,8.82,9.01,8.79
2017-03-30,8.8,8.32,8.82,8.27
2017-03-31,8.33,8.15,8.39,8.15
2017-04-05,8.13,8.35,8.39,8.1
2017-04-06,8.33,8.35,8.4,8.31
2017-04-07,8.36,8.71,8.85,8.32
2017-04-10,8.72,8.76,8.96,8.67
2017-04-11,8.64,8.58,8.73,8.4
2017-04-12,8.52,8.38,8.63,8.3
2017-04-13,8.39,8.54,8.78,8.34
2017-04-14,8.48,8.35,8.52,8.25
2017-04-17,8.38,8.1,8.38,8.02
2017-04-18,8.15,8.91,8.91,8.08
2017-04-19,9.0,9.06,9.27,8.73
2017-04-20,8.96,8.88,9.1,8.73
2017-04-21,8.88,9.35,9.77,8.8
2017-04-24,9.09,9.16,9.46,8.96
2017-04-25,9.08,8.97,9.17,8.83
2017-04-26,8.95,9.4,9.4,8.93
2017-04-27,9.26,9.7,9.85,9.24
2017-04-28,9.59,9.55,9.66,9.45
2017-05-02,9.5,9.6,9.6,9.26
2017-05-03,9.46,9.1,9.51,9.1
2017-05-04,9.05,9.2,9.47,9.02
2017-05-05,9.15,9.31,9.54,9.11
2017-05-08,9.2,8.91,9.47,8.9
2017-05-09,8.89,8.44,8.9,8.33
2017-05-10,8.45,8.06,8.59,8.0
2017-05-11,7.99,7.89,7.99,7.42
2017-07-12,7.41,8.01,8.14,7.41
2017-07-13,7.95,7.83,8.15,7.81
2017-07-14,7.89,7.9,8.05,7.81
2017-07-17,7.85,7.11,7.85,7.11
2017-07-18,7.11,7.15,7.24,6.7
2017-07-19,7.07,7.13,7.16,6.94
2017-07-20,7.14,7.12,7.3,7.1
2017-07-21,7.05,7.16,7.26,7.0
2017-07-24,7.21,7.75,7.84,7.16
2017-07-25,7.71,7.67,7.77,7.52
2017-07-26,7.56,7.75,7.83,7.45
2017-07-27,7.62,7.74,7.88,7.6
2017-07-28,7.77,7.53,7.82,7.52
2017-07-31,7.5,7.38,7.5,7.3
2017-08-01,7.43,7.42,7.48,7.35
2017-08-02,7.4,7.3,7.41,7.24
2017-08-03,7.38,7.38,7.48,7.27
2017-08-04,7.37,7.24,7.38,7.24
2017-08-07,7.24,7.28,7.34,7.2
2017-08-08,7.27,7.24,7.34,7.19
2017-08-09,7.24,7.2,7.3,7.15
2017-08-10,7.17,7.07,7.23,7.03
2017-08-11,7.01,7.1,7.11,6.95
2017-08-14,7.1,7.29,7.32,7.06
2017-08-15,7.3,7.28,7.31,7.15
2017-08-16,7.26,7.31,7.35,7.22
2017-08-17,7.27,7.32,7.34,7.25
2017-08-18,7.28,7.24,7.34,7.22
2017-08-21,7.25,7.21,7.26,7.15
2017-08-22,7.21,7.11,7.21,7.09
2017-08-23,7.1,7.24,7.34,7.08
2017-08-24,7.24,7.44,7.78,7.21
2017-08-25,7.44,7.42,7.44,7.29
2017-08-28,7.38,7.45,7.63,7.34
2017-08-29,7.47,7.34,7.54,7.34
2017-08-30,7.32,7.33,7.4,7.3
2017-08-31,7.3,7.25,7.35,7.22
2017-09-01,7.26,7.29,7.33,7.24
2017-09-04,7.31,7.42,7.45,7.25
2017-09-05,7.4,7.36,7.44,7.33
2017-09-06,7.35,7.33,7.36,7.25
2017-09-07,7.32,7.27,7.37,7.25
2017-09-08,7.26,7.23,7.3,7.15
2017-09-11,7.13,7.07,7.16,6.94
2017-09-12,6.99,7.04,7.09,6.93
2017-09-13,7.05,6.88,7.05,6.85
2017-09-14,6.85,6.87,6.92,6.74
2017-09-15,6.79,6.78,6.91,6.73
2017-09-18,6.75,6.91,6.91,6.75
2017-09-19,6.93,6.92,6.93,6.86
2017-09-20,6.87,6.9,6.91,6.78
2017-09-21,6.89,6.89,6.89,6.74
2017-09-22,6.83,6.73,6.84,6.57
2018-01-30,6.06,6.06,6.06,6.06
2018-01-31,5.45,5.45,5.45,5.45
2018-02-01,4.91,4.91,4.91,4.91
2018-02-02,4.42,4.42,4.42,4.42
2018-02-05,3.98,3.98,4.37,3.98
2018-02-06,3.75,3.82,3.96,3.63
2018-02-07,3.86,3.99,4.18,3.81
2018-02-08,3.88,4.14,4.21,3.83
2018-02-09,4.0,3.91,4.14,3.83
2018-02-12,3.93,4.02,4.08,3.9
2018-02-13,4.02,3.88,4.04,3.86
2018-02-14,3.87,3.88,3.9,3.81
2018-02-22,3.92,3.98,4.0,3.87
2018-02-23,3.95,4.0,4.08,3.93
2018-02-26,4.06,4.1,4.14,3.98
2018-02-27,4.13,4.51,4.51,4.08
2018-02-28,4.5,4.63,4.88,4.39
2018-03-01,4.47,4.68,4.69,4.43
2018-03-02,4.58,4.53,4.7,4.52
2018-03-05,4.48,4.51,4.59,4.43
2018-03-06,4.51,4.51,4.54,4.45
2018-03-07,4.49,4.4,4.52,4.39
2018-03-08,4.39,4.48,4.53,4.35
2018-03-09,4.43,4.61,4.66,4.4
2018-03-12,4.58,4.95,5.06,4.54
2018-03-13,4.85,4.85,5.07,4.72
2018-03-14,4.81,4.7,4.91,4.66
2018-03-15,4.64,4.61,4.69,4.47
2018-03-16,4.6,4.53,4.64,4.53
2018-03-19,4.51,4.59,4.71,4.49
2018-03-20,4.53,4.61,4.62,4.43
2018-03-21,4.67,4.52,4.71,4.5
2018-03-22,4.53,4.47,4.57,4.46
2018-03-23,4.36,4.02,4.36,4.02
2018-03-26,3.96,4.05,4.07,3.75
2018-03-27,4.07,4.24,4.35,4.07
2018-03-28,4.15,4.23,4.39,4.15
2018-03-29,4.23,4.27,4.34,4.2
2018-03-30,4.27,4.38,4.45,4.27
2018-04-02,4.36,4.35,4.44,4.31
2018-04-03,4.29,4.25,4.36,4.18
2018-04-04,4.26,4.18,4.32,4.15
2018-04-09,4.11,4.15,4.2,4.09
2018-04-10,4.13,4.05,4.14,3.96
2018-04-11,4.08,4.03,4.09,4.03
2018-04-12,4.04,3.99,4.14,3.99
2018-04-13,4.37,4.39,4.39,4.21
2018-04-16,4.39,4.48,4.52,4.26
2018-04-17,4.4,4.23,4.43,4.2
2018-04-18,4.23,4.17,4.28,4.04
2018-04-19,4.15,4.22,4.32,4.12
2018-04-20,4.26,4.09,4.28,4.09
2018-04-23,4.23,4.23,4.38,4.17
2018-04-24,4.17,4.26,4.3,4.15
2018-04-25,4.2,4.18,4.23,4.15
2018-04-26,4.2,4.08,4.22,4.07
2018-04-27,4.1,4.1,4.13,4.05
2018-05-02,4.1,3.98,4.11,3.93
2018-05-03,3.95,3.99,4.0,3.89
2018-05-04,4.0,3.98,4.07,3.98
2018-05-07,3.96,4.04,4.06,3.96
2018-05-08,4.04,4.1,4.13,4.02
2018-05-09,4.07,4.1,4.18,4.04
2018-05-10,4.1,4.13,4.13,4.06
2018-05-11,4.15,4.03,4.15,3.99
2018-05-14,4.03,3.99,4.05,3.97
2018-05-15,3.99,4.07,4.1,3.99
2018-05-16,4.06,4.04,4.06,4.02
2018-05-17,4.04,4.04,4.06,4.0
2018-05-18,4.04,4.04,4.06,4.0
2018-05-21,4.12,4.09,4.15,4.07
2018-05-22,4.11,4.1,4.11,4.05
2018-05-23,4.08,4.0,4.09,3.99
2018-05-24,4.0,3.97,4.02,3.97
2018-05-25,3.98,3.88,3.98,3.88
