date,open,close,high,low
2016-01-04,17.767,16.209,17.992,16.202
2016-01-05,14.982,15.314,16.242,14.684
2016-01-06,15.48,15.433,16.176,15.115
2016-01-07,14.916,13.889,14.916,13.889
2016-01-08,13.988,13.272,14.187,12.596
2016-01-11,12.656,11.946,12.96,11.946
2016-01-12,11.601,11.661,12.066,10.992
2016-01-13,11.661,10.726,11.9,10.726
2016-01-14,10.276,11.8,11.8,10.262
2016-01-15,12.463,12.377,12.921,11.92
2016-01-18,12.085,13.617,13.617,12.085
2016-01-19,13.332,14.512,14.784,13.1
2016-01-20,14.286,14.041,14.777,13.696
2016-01-21,13.71,12.828,14.26,12.801
2016-01-22,13.093,14.114,14.114,12.835
2016-01-25,14.386,14.658,15.102,14.194
2016-01-26,14.459,13.478,14.585,13.272
2016-01-27,13.617,14.823,14.823,12.848
2016-01-28,14.339,13.338,14.552,13.338
2016-01-29,13.033,13.657,14.121,12.019
2016-02-01,13.325,12.556,13.584,12.291
2016-02-02,12.596,12.994,13.272,12.344
2016-02-03,12.596,13.458,13.842,12.264
2016-02-04,13.458,13.802,14.24,13.325
2016-02-05,13.789,13.126,14.041,13.113
2016-02-15,12.298,13.113,13.378,12.264
2016-02-16,13.272,13.981,14.339,13.259
2016-02-17,14.001,14.366,14.578,13.716
2016-02-18,14.452,14.074,14.472,13.955
2016-02-19,14.074,15.089,15.48,13.988
2016-02-22,14.876,15.592,15.844,14.837
2016-02-23,15.374,15.34,15.579,14.969
2016-02-24,15.48,15.201,15.751,14.817
2016-02-25,15.38,14.114,15.877,13.789
2016-02-26,14.452,14.392,15.035,14.008
2016-02-29,14.101,12.954,14.107,12.954
2016-03-01,12.463,12.689,13.179,11.661
2016-03-02,12.689,13.219,13.378,12.198
2016-03-03,13.206,13.279,13.909,13.0
2016-03-04,13.027,11.953,13.159,11.953
2016-03-07,11.94,12.165,12.53,11.94
2016-03-08,12.185,12.284,12.331,11.277
2016-03-09,12.092,11.913,12.443,11.741
2016-03-10,11.946,11.535,12.099,11.535
2016-03-11,11.297,11.655,11.754,11.277
2016-03-14,11.867,12.755,12.821,11.867
2016-03-15,12.583,12.437,12.881,12.424
2016-03-16,12.583,12.205,12.728,12.039
2016-03-17,12.357,12.861,12.907,12.331
2016-03-18,13.193,14.147,14.147,13.193
2016-03-21,15.5,15.022,15.546,14.591
2016-03-22,14.757,15.911,16.507,14.585
2016-03-23,15.798,16.587,16.706,15.281
2016-03-24,16.143,16.242,17.866,15.911
2016-03-25,16.116,15.745,16.759,15.712
2016-03-28,16.076,15.785,16.275,15.586
2016-03-29,15.778,15.181,15.904,14.969
2016-03-30,15.486,16.302,16.441,15.281
2016-03-31,16.302,15.964,16.554,15.778
2016-04-01,15.844,15.433,15.858,15.142
2016-04-05,15.811,16.978,16.978,15.811
2016-04-06,17.104,17.422,17.674,16.514
2016-04-07,17.495,17.137,18.675,16.779
2016-04-08,16.905,18.854,18.854,16.574
2016-04-11,18.688,20.737,20.737,18.562
2016-04-12,21.433,20.061,21.778,19.239
2016-04-13,19.961,22.069,22.069,19.656
2016-04-14,21.877,21.678,22.739,21.426
2016-04-15,21.685,21.36,22.003,20.889
2016-04-18,20.956,20.942,21.34,20.22
2016-04-19,21.154,21.347,22.043,21.028
2016-04-20,21.347,19.795,21.678,19.258
2016-04-21,20.008,19.026,20.392,18.894
2016-04-22,19.49,20.339,20.75,19.093
2016-04-25,19.941,20.657,22.003,19.424
2016-04-26,20.14,22.726,22.726,20.14
2016-04-27,23.203,23.733,23.733,22.407
2016-04-28,23.402,23.455,23.998,22.924
2016-04-29,23.534,23.004,23.853,22.938
2016-05-03,22.772,24.86,25.258,22.242
2016-05-04,24.462,24.038,26.504,23.866
2016-05-05,23.806,23.906,24.197,23.481
2016-05-06,24.33,23.667,25.145,23.342
2016-05-09,22.673,21.811,23.07,21.413
2016-05-10,22.169,22.096,22.931,21.963
2016-05-11,22.341,21.506,22.673,21.201
2016-05-12,20.551,22.593,22.785,20.551
2016-05-13,22.54,22.553,23.534,22.328
2016-05-16,22.275,23.541,23.541,22.01
2016-05-17,23.329,23.011,24.462,22.911
2016-05-18,22.109,21.479,22.434,21.015
2016-05-19,21.877,21.314,22.208,21.214
2016-05-20,20.883,20.856,21.512,20.153
2016-05-23,20.883,22.056,22.056,20.77
2016-05-24,21.877,21.585,22.46,21.221
2016-05-25,21.864,21.188,22.202,20.962
2016-05-26,20.889,21.28,21.347,20.226
2016-05-27,21.234,20.697,21.38,20.631
2016-05-30,20.511,20.551,21.081,20.167
2016-05-31,20.551,21.771,21.778,20.551
2016-06-01,21.811,21.89,22.606,21.678
2016-06-02,21.877,21.976,22.275,21.539
2016-06-03,22.01,22.639,22.779,21.546
2016-06-06,22.5,23.203,23.402,22.275
2016-06-07,23.15,22.772,23.263,22.467
2016-06-08,22.772,22.447,22.991,22.016
2016-06-13,21.725,20.2,21.87,20.2
2016-06-14,19.557,19.51,20.511,19.285
2016-06-15,19.225,21.234,21.38,19.146
2016-06-16,21.188,22.175,23.004,21.168
2016-06-17,22.182,21.797,23.335,21.36
2016-06-20,22.202,21.247,22.248,20.896
2016-06-21,21.599,20.631,21.725,20.2
2016-06-22,20.419,22.692,22.692,20.326
2016-06-23,22.871,22.924,23.534,22.248
2016-06-24,22.805,24.224,25.092,22.281
2016-06-27,23.68,24.356,24.628,23.316
2016-06-28,24.104,24.33,26.014,23.866
2016-06-29,24.104,23.687,24.124,23.541
2016-06-30,23.468,23.402,24.356,22.938
2016-07-01,23.203,23.766,24.051,22.792
2016-07-04,23.534,23.74,24.065,23.123
2016-07-05,23.9,23.68,24.584,23.268
2016-07-06,23.68,24.551,24.598,23.188
2016-07-07,24.398,24.937,25.641,23.853
2016-07-08,25.183,24.265,25.395,24.265
2016-07-11,23.733,22.976,23.993,22.936
2016-07-12,22.736,22.902,23.108,21.872
2016-07-13,22.936,22.656,23.049,22.49
2016-07-14,22.537,22.656,23.188,22.49
2016-07-15,21.938,21.107,22.271,20.662
2016-07-18,20.928,20.755,21.101,20.21
2016-07-19,20.941,20.935,21.114,20.469
2016-07-20,21.141,21.48,22.171,20.941
2016-07-21,21.34,21.194,21.473,21.008
2016-07-22,21.081,21.194,21.473,20.848
2016-07-25,20.988,20.602,21.274,20.549
2016-07-26,20.642,20.815,21.041,20.516
2016-07-27,20.848,19.02,20.974,18.947
2016-07-28,19.027,18.295,19.246,17.418
2016-07-29,18.202,17.93,18.289,17.75
2016-08-01,17.797,17.311,17.797,16.959
2016-08-02,17.311,17.877,18.083,17.285
2016-08-03,17.916,17.943,18.216,17.744
2016-08-04,18.016,18.116,18.255,17.936
2016-08-05,18.122,17.624,18.216,17.611
2016-08-08,17.65,17.83,18.029,17.624
2016-08-09,17.823,18.216,18.242,17.684
2016-08-10,18.269,18.375,18.947,18.189
2016-08-11,18.335,17.803,18.375,17.803
2016-08-12,17.883,18.009,18.049,17.75
2016-08-15,18.182,18.435,18.614,17.823
2016-08-16,18.448,18.481,18.827,18.435
2016-08-17,18.481,18.355,18.614,18.216
2016-08-18,18.315,18.548,18.747,18.116
2016-08-19,18.488,18.508,18.721,18.415
2016-08-22,18.721,17.764,18.734,17.737
2016-08-23,17.883,17.75,17.916,17.564
2016-08-24,17.81,17.95,18.282,17.81
2016-08-25,17.617,17.744,17.75,17.405
2016-08-26,17.81,17.89,18.029,17.757
2016-08-29,17.817,17.717,17.883,17.631
2016-08-30,17.817,17.757,17.976,17.684
2016-08-31,18.056,18.083,18.807,17.99
2016-09-01,17.843,17.71,18.016,17.69
2016-09-02,17.604,17.65,17.803,17.424
2016-09-05,17.637,17.564,17.85,17.518
2016-09-06,17.657,17.85,17.87,17.418
2016-09-07,17.85,17.883,18.329,17.744
2016-09-08,17.65,17.764,17.99,17.65
2016-09-09,17.77,17.85,18.063,17.724
2016-09-12,17.378,16.793,17.464,16.78
2016-09-13,17.019,16.514,17.152,16.434
2016-09-14,16.361,16.613,16.899,16.234
2016-09-19,16.613,16.853,16.952,16.607
2016-09-20,16.999,16.72,16.999,16.687
2016-09-21,16.726,16.753,16.933,16.693
2016-09-22,16.886,16.819,17.079,16.793
2016-09-23,16.986,16.687,16.986,16.667
2016-09-26,16.62,16.102,16.673,16.095
2016-09-27,16.055,16.467,16.487,16.055
2016-09-28,16.627,16.301,16.627,16.221
2016-09-29,16.301,16.441,16.547,16.288
2016-09-30,16.454,16.593,16.68,16.421
2016-10-10,16.7,17.139,17.238,16.633
2016-10-11,17.218,17.019,17.411,16.952
2016-10-12,16.913,17.119,17.205,16.899
2016-10-13,17.132,17.085,17.351,16.986
2016-10-14,17.026,16.899,17.145,16.76
2016-10-17,16.913,16.952,17.218,16.853
2016-10-18,16.879,17.65,17.81,16.879
2016-10-19,17.604,17.358,17.604,17.285
2016-10-20,17.331,17.285,17.537,17.225
2016-10-21,17.291,17.052,17.418,16.819
2016-10-24,17.152,17.119,17.252,16.919
2016-10-25,17.152,17.265,17.278,17.026
2016-10-26,17.205,17.185,17.418,17.026
2016-10-27,17.252,17.112,17.252,17.019
2016-10-28,16.893,16.913,17.252,16.893
2016-10-31,16.826,16.979,17.112,16.72
2016-11-01,16.979,17.444,17.444,16.966
2016-11-02,17.385,17.398,17.604,17.272
2016-11-03,17.418,17.81,17.903,17.298
2016-11-04,17.684,18.229,18.468,17.65
2016-11-07,17.95,17.95,18.229,17.817
2016-11-08,18.016,18.016,18.462,18.003
2016-11-09,17.896,17.458,18.056,17.331
2016-11-10,17.617,17.697,17.837,17.617
2016-11-11,17.717,17.783,17.81,17.444
2016-11-14,17.863,17.877,18.202,17.664
2016-11-15,17.95,18.076,18.083,17.75
2016-11-16,18.103,18.648,18.847,18.076
2016-11-17,18.349,18.468,18.614,18.216
2016-11-18,18.475,18.481,18.814,18.329
2016-11-21,18.355,18.874,18.934,18.076
2016-11-22,18.88,18.814,18.987,18.581
2016-11-23,18.814,18.422,18.953,18.335
2016-11-24,18.488,18.129,18.575,18.083
2016-11-25,18.229,17.943,18.229,17.617
2016-11-28,18.009,17.963,18.083,17.817
2016-11-29,17.95,17.524,17.956,17.524
2016-11-30,17.498,17.684,17.803,17.471
2016-12-01,17.83,17.418,17.903,17.358
2016-12-02,17.484,16.633,17.584,16.627
2016-12-05,16.354,16.72,17.019,16.354
2016-12-06,16.899,16.873,17.046,16.733
2016-12-07,16.959,17.099,17.145,16.786
2016-12-08,17.052,16.859,17.178,16.833
2016-12-09,16.753,16.687,16.952,16.52
2016-12-12,16.687,15.038,16.826,15.025
2016-12-13,15.184,14.845,15.264,14.453
2016-12-14,14.845,14.852,15.084,14.652
2016-12-15,14.659,15.124,15.257,14.659
2016-12-16,15.091,15.277,15.377,15.091
2016-12-19,15.344,15.144,15.47,15.111
2016-12-20,15.144,15.31,15.397,15.025
2016-12-21,15.403,15.47,15.59,15.33
2016-12-22,15.41,15.875,15.955,15.138
2016-12-23,15.756,15.384,15.756,15.297
2016-12-26,15.284,15.503,15.689,14.759
2016-12-27,15.503,15.616,15.656,15.364
2016-12-28,15.616,15.477,15.623,15.39
2016-12-29,15.357,15.497,15.623,15.357
2016-12-30,15.556,15.55,15.643,15.39
2017-01-03,15.663,16.201,16.593,15.556
2017-01-04,16.301,16.653,16.819,16.068
2017-01-05,16.653,16.401,16.72,16.401
2017-01-06,16.401,16.195,16.554,16.115
2017-01-09,16.088,16.441,16.48,16.088
2017-01-10,16.274,16.075,16.52,16.062
2017-01-11,16.075,16.221,16.467,16.022
2017-01-12,16.221,15.822,16.341,15.762
2017-01-13,15.822,15.031,15.988,14.898
2017-01-16,14.838,14.253,15.157,13.529
2017-01-17,14.267,14.539,14.626,13.595
2017-01-18,14.553,14.127,14.592,14.061
2017-01-19,13.961,13.868,14.094,13.695
2017-01-20,13.761,14.28,14.36,13.755
2017-01-23,14.22,14.3,14.592,14.167
2017-01-24,14.32,14.34,14.406,14.1
2017-01-25,14.326,14.393,14.44,14.167
2017-01-26,14.38,14.539,14.599,14.326
2017-02-03,14.699,14.426,14.812,14.36
2017-02-06,14.459,14.612,14.685,14.326
2017-02-07,14.626,14.513,14.719,14.433
2017-02-08,14.533,14.626,14.646,14.194
2017-02-09,14.626,14.725,14.865,14.566
2017-02-10,14.825,14.812,14.951,14.745
2017-02-13,14.705,14.978,15.018,14.586
2017-02-14,14.971,14.805,15.051,14.626
2017-02-15,14.732,14.639,14.918,14.626
2017-02-16,14.646,14.572,14.785,14.533
2017-02-17,14.586,16.028,16.028,14.586
2017-02-20,15.955,15.583,15.955,15.264
2017-02-21,15.616,16.175,16.607,15.357
2017-02-22,16.022,16.062,16.328,15.822
2017-02-23,15.915,15.982,16.121,15.723
2017-02-24,15.716,15.895,15.955,15.716
2017-02-27,15.902,15.929,16.281,15.816
2017-02-28,15.922,15.796,16.062,15.689
2017-03-01,15.802,15.57,15.849,15.53
2017-03-02,15.57,15.782,15.782,15.457
2017-03-03,15.756,16.148,16.52,15.563
2017-03-06,16.381,16.274,16.806,16.121
2017-03-07,16.115,16.554,16.713,16.048
2017-03-08,16.593,16.328,16.819,16.254
2017-03-09,16.128,15.969,16.288,15.842
2017-03-10,15.856,15.895,16.102,15.856
2017-03-13,15.889,15.995,16.068,15.55
2017-03-14,15.995,15.709,16.035,15.683
2017-03-15,15.636,15.776,15.809,15.556
2017-03-16,15.802,15.869,15.962,15.723
2017-03-17,15.869,15.829,16.281,15.822
2017-03-20,15.696,15.789,15.809,15.516
2017-03-21,15.782,15.809,15.935,15.669
2017-03-22,15.696,15.184,15.769,15.151
2017-03-23,15.104,15.031,15.35,14.765
2017-03-24,15.078,15.264,15.271,14.812
2017-03-27,15.204,15.118,15.244,15.011
2017-03-28,15.091,15.111,15.204,14.958
2017-03-29,15.078,14.798,15.217,14.692
2017-03-30,14.692,14.127,14.878,13.961
2017-03-31,14.147,14.426,14.513,14.147
2017-04-05,14.426,14.945,14.991,14.426
2017-04-06,14.991,14.892,15.211,14.885
2017-04-07,14.892,15.224,15.636,14.699
2017-04-10,15.078,14.852,15.277,14.646
2017-04-11,14.858,15.044,15.058,14.765
2017-04-12,15.044,14.666,15.044,14.632
2017-04-13,14.685,14.672,14.945,14.646
2017-04-14,14.825,14.386,14.825,14.307
2017-04-17,14.307,14.054,14.433,13.967
2017-04-18,14.253,13.682,14.253,13.575
2017-04-19,13.628,13.442,13.815,13.21
2017-04-20,13.522,13.283,13.615,13.223
2017-04-21,13.436,13.243,13.436,13.163
2017-04-24,13.243,12.305,13.363,12.232
2017-04-25,12.399,12.412,12.551,12.299
2017-04-26,12.438,12.585,12.618,12.345
2017-04-27,12.611,12.824,12.831,12.312
2017-04-28,12.804,12.897,12.93,12.691
2017-05-02,12.897,13.03,13.163,12.771
2017-05-03,13.196,12.817,13.196,12.784
2017-05-04,12.904,12.904,13.156,12.771
2017-05-05,12.984,12.698,13.097,12.698
2017-05-08,12.824,12.458,12.864,12.458
2017-05-09,12.465,12.664,12.684,12.266
2017-05-10,12.551,12.571,12.824,12.551
2017-05-11,12.545,12.525,12.578,11.966
2017-05-12,12.545,12.305,12.618,12.246
2017-05-15,12.352,12.133,12.472,12.133
2017-05-16,12.099,12.359,12.385,11.554
2017-05-17,12.352,12.631,12.764,12.299
2017-05-18,12.598,12.684,12.837,12.399
2017-05-19,12.532,12.684,12.804,12.532
2017-05-22,12.897,12.438,12.897,12.286
2017-05-23,12.565,11.568,12.611,11.501
2017-05-24,11.488,11.701,11.833,11.242
2017-05-25,11.7,11.6,11.95,11.0
2017-05-26,11.58,11.55,11.68,11.43
2017-05-31,11.72,11.59,11.95,11.54
2017-06-01,11.55,10.56,11.58,10.43
2017-06-02,10.54,10.68,10.72,9.94
2017-06-05,10.68,10.85,10.97,10.61
2017-06-06,10.8,10.84,10.97,10.72
2017-06-07,10.84,11.32,11.38,10.76
2017-06-08,11.42,11.26,11.52,11.12
2017-06-09,11.11,11.19,11.35,11.03
2017-06-12,11.05,10.5,11.16,10.46
2017-06-13,10.51,11.55,11.55,10.5
2017-06-14,11.8,11.87,12.48,11.71
2017-06-15,11.87,12.11,12.31,11.71
2017-06-16,11.98,12.26,12.64,11.72
2017-06-19,12.0,12.41,12.58,11.9
2017-06-20,12.2,13.2,13.65,12.2
2017-06-21,12.95,13.05,13.25,12.7
2017-06-22,12.87,12.76,13.35,12.71
2017-06-23,12.68,12.68,12.8,12.3
2017-06-26,12.6,12.73,12.85,12.44
2017-06-27,12.6,12.39,12.77,12.31
2017-06-28,12.4,12.56,12.65,12.33
2017-06-29,12.66,12.33,12.66,12.32
2017-06-30,12.27,12.46,12.56,12.22
2017-07-03,12.46,12.99,13.09,12.33
2017-07-04,12.9,12.65,13.12,12.61
2017-07-05,12.65,12.87,12.9,12.46
2017-07-06,12.85,13.32,13.32,12.68
2017-07-07,13.19,13.74,13.84,13.16
2017-07-10,13.76,13.39,13.76,13.3
2017-07-11,13.37,12.89,13.56,12.85
2017-07-12,12.73,13.22,13.26,12.32
2017-07-13,13.0,12.81,13.16,12.8
2017-07-14,12.45,12.52,12.78,12.35
2017-07-17,12.37,11.27,12.49,11.27
2017-07-18,10.93,11.08,11.33,10.6
2017-07-19,11.06,11.21,11.37,10.72
2017-07-20,11.17,10.9,11.49,10.81
2017-07-21,10.82,10.82,11.04,10.75
2017-07-24,10.78,11.31,11.48,10.6
2017-07-25,11.26,11.23,11.31,11.04
2017-07-26,11.18,11.37,11.67,11.08
2017-07-27,11.27,11.82,12.1,11.19
2017-07-28,11.77,11.85,11.98,11.67
2017-07-31,11.7,11.67,11.82,11.6
2017-08-01,11.63,11.91,12.17,11.53
2017-08-02,11.81,11.9,12.47,11.81
2017-08-03,11.93,11.89,12.14,11.6
2017-08-04,11.82,11.47,11.9,11.2
2017-08-07,11.27,11.39,11.59,11.27
2017-08-08,11.41,11.43,11.56,11.27
2017-08-09,11.42,11.31,11.57,11.29
2017-08-10,11.3,11.32,11.55,11.01
2017-08-11,11.21,11.17,11.56,11.06
2017-08-14,11.18,11.45,11.53,11.18
2017-08-15,11.49,11.68,11.8,11.44
2017-08-16,11.68,11.75,11.8,11.5
2017-08-17,11.63,11.75,11.86,11.63
2017-08-18,11.68,11.55,11.7,11.53
2017-08-21,11.68,12.71,12.71,11.67
2017-08-22,13.4,12.99,13.65,12.88
2017-08-23,13.2,13.94,14.1,13.03
2017-08-24,13.4,13.11,13.53,12.98
2017-08-25,12.97,13.23,13.28,12.75
2017-08-28,13.05,13.25,13.48,12.95
2017-08-29,13.05,13.13,13.3,13.0
2017-08-30,13.01,13.01,13.23,12.93
2017-08-31,12.92,13.45,13.66,12.88
2017-09-01,13.38,13.32,13.44,13.1
2017-09-04,13.33,13.45,13.45,13.05
2017-09-05,13.4,13.72,13.9,13.37
2017-09-06,13.65,13.8,13.98,13.39
2017-09-07,13.94,13.29,14.34,13.25
2017-09-08,13.28,13.8,13.82,13.06
2017-09-11,15.18,15.18,15.18,15.18
2017-09-12,16.7,16.7,16.7,16.7
2017-09-13,17.0,17.84,18.28,16.8
2017-09-14,17.6,18.29,19.24,17.2
2017-09-15,17.6,17.55,18.18,17.33
2017-09-18,17.31,17.9,18.22,17.28
2017-09-19,17.8,18.38,18.53,17.3
2017-09-20,18.13,18.8,18.88,17.6
2017-09-21,18.95,17.52,19.8,17.33
2017-09-22,17.01,16.4,17.22,16.2
2017-09-25,16.46,15.86,16.55,15.82
2017-09-26,16.0,16.1,16.17,15.8
2017-09-27,16.06,16.58,16.66,15.92
2017-09-28,16.5,16.23,16.78,16.22
2017-09-29,16.11,16.74,16.95,16.11
2017-10-09,16.64,17.41,17.65,16.64
2017-10-10,17.14,17.22,17.55,16.91
2017-10-11,17.02,15.59,17.17,15.5
2017-10-12,15.77,15.21,15.77,15.03
2017-10-13,15.3,15.48,15.6,15.05
2017-10-16,15.34,14.87,15.39,14.73
2017-10-17,14.93,14.93,15.13,14.8
2017-10-18,14.92,14.39,15.08,14.31
2017-10-19,14.37,14.4,14.59,14.25
2017-10-20,14.54,14.76,14.77,14.33
2017-10-23,14.76,14.76,14.89,14.59
2017-10-24,14.65,14.52,14.76,14.32
2017-10-25,14.76,14.96,14.98,14.63
2017-10-26,15.1,15.01,15.47,14.95
2017-10-27,14.86,14.82,15.06,14.53
2017-10-30,14.68,13.56,14.75,13.51
2017-10-31,13.56,13.72,13.78,13.16
2017-11-01,13.65,13.74,14.0,13.54
2017-11-02,13.69,13.17,13.69,13.09
2017-11-03,13.25,13.22,13.34,13.0
2017-11-06,13.3,13.34,13.36,13.01
2017-11-07,13.33,13.32,13.36,13.06
2017-11-08,13.32,13.7,13.74,13.2
2017-11-09,13.83,13.61,13.88,13.52
2017-11-10,13.61,13.8,13.82,13.61
2017-11-13,13.8,14.18,14.47,13.6
2017-11-14,14.0,13.8,14.28,13.66
2017-11-15,13.69,13.27,13.8,13.26
2017-11-16,13.32,13.37,13.55,13.21
2017-11-17,13.36,12.13,13.36,12.09
2017-11-20,11.91,12.25,12.33,11.86
2017-11-21,12.2,12.16,12.42,12.08
2017-11-22,12.2,12.21,12.28,12.02
2017-11-23,12.22,11.58,12.23,11.58
2017-11-24,11.58,11.65,11.73,11.5
2017-11-27,11.75,11.6,11.78,11.5
2017-11-28,11.61,11.9,12.3,11.48
2017-11-29,11.8,11.83,11.87,11.55
2017-11-30,11.88,11.96,12.26,11.62
2017-12-01,11.69,12.15,12.2,11.69
2017-12-04,12.21,11.82,12.21,11.71
2017-12-05,11.75,11.0,11.86,10.73
2017-12-06,11.11,11.26,11.28,10.81
2017-12-07,11.24,11.21,11.37,11.13
2017-12-08,11.32,11.45,11.58,11.26
2017-12-11,11.35,11.7,11.82,11.35
2017-12-12,11.66,11.59,11.8,11.51
2017-12-13,11.53,11.57,11.78,11.43
2017-12-14,11.5,11.5,11.62,11.44
2017-12-15,11.59,11.71,11.72,11.41
2017-12-18,11.69,11.82,12.34,11.48
2017-12-19,11.71,11.76,11.99,11.71
2017-12-20,11.65,11.63,11.96,11.5
2017-12-21,11.63,11.58,11.65,11.36
2017-12-22,11.52,11.58,11.79,11.52
2017-12-25,11.59,11.09,11.59,11.02
2017-12-26,11.16,11.26,11.32,11.02
2017-12-27,11.32,12.13,12.34,11.25
2017-12-28,11.9,11.92,12.25,11.8
2017-12-29,11.9,11.76,11.9,11.71
2018-01-02,11.79,11.9,11.95,11.78
2018-01-03,11.86,12.05,12.12,11.78
2018-01-04,12.19,11.89,12.28,11.85
2018-01-05,11.85,12.05,12.15,11.72
2018-01-08,11.99,12.12,12.14,11.81
2018-01-09,12.1,11.98,12.17,11.93
2018-01-10,12.0,11.6,12.0,11.51
2018-01-11,11.52,11.69,11.83,11.36
2018-01-12,11.6,11.72,11.97,11.45
2018-01-15,11.6,11.05,11.67,11.02
2018-01-16,10.91,11.1,11.19,10.91
2018-01-17,11.15,11.1,11.19,10.8
2018-01-18,11.1,11.16,11.35,11.03
2018-01-19,11.11,11.01,11.2,10.98
2018-01-22,11.03,11.21,11.25,10.8
2018-01-23,11.22,11.08,11.28,11.02
2018-01-24,11.08,11.23,11.25,10.91
2018-01-25,11.22,11.1,11.42,11.09
2018-01-26,10.91,10.7,10.97,10.61
2018-01-29,10.63,10.39,10.81,10.35
2018-01-30,10.43,10.24,10.46,10.21
2018-01-31,10.24,9.62,10.24,9.5
2018-02-01,9.62,9.15,9.7,9.08
2018-02-02,9.2,9.1,9.27,8.73
2018-02-05,9.09,9.16,9.19,8.86
2018-02-06,9.0,8.35,9.4,8.35
2018-02-07,8.51,8.45,8.8,8.16
2018-02-08,8.45,8.61,8.65,8.32
2018-02-09,8.41,8.12,8.44,8.05
2018-02-12,8.24,8.44,8.5,8.15
2018-02-13,8.58,8.39,8.65,8.35
2018-02-14,8.75,9.23,9.23,8.75
2018-02-22,10.15,10.15,10.15,10.15
2018-02-23,10.5,10.25,10.5,9.91
2018-02-26,10.01,10.49,10.72,9.93
2018-02-27,10.2,10.38,10.85,10.18
2018-02-28,10.26,10.36,10.4,9.95
2018-03-01,10.26,10.58,10.77,10.2
2018-03-02,10.72,10.75,11.5,10.58
2018-03-05,10.58,10.66,10.75,10.37
2018-03-06,10.55,10.67,11.12,10.42
2018-03-07,10.53,10.5,10.76,10.43
2018-03-08,10.5,10.4,10.5,10.25
2018-03-09,10.58,10.92,11.31,10.58
2018-03-12,10.71,11.49,11.49,10.71
2018-03-13,11.3,11.15,11.36,11.09
2018-03-14,11.18,11.17,11.88,11.05
2018-03-15,10.85,11.02,11.13,10.73
2018-03-16,10.98,10.87,11.05,10.79
2018-03-19,10.95,10.92,10.96,10.7
2018-03-20,10.74,10.64,10.9,10.4
2018-03-21,10.63,10.21,10.72,10.21
2018-03-22,10.15,10.15,10.35,10.15
2018-03-23,9.68,9.22,9.87,9.14
2018-03-26,9.12,9.39,9.44,8.8
2018-03-27,9.5,9.93,10.33,9.5
2018-03-28,9.7,9.89,10.2,9.51
2018-03-29,9.9,9.98,10.13,9.85
2018-03-30,10.15,10.14,10.19,9.96
2018-04-02,10.14,10.17,10.37,10.08
2018-04-03,9.95,9.92,9.95,9.71
2018-04-04,9.92,9.61,10.05,9.61
2018-04-09,9.48,9.86,9.96,9.45
2018-04-10,9.94,10.04,10.2,9.8
2018-04-11,10.08,9.92,10.12,9.86
2018-04-12,10.01,9.94,10.09,9.9
2018-04-13,9.96,10.52,10.88,9.92
2018-04-16,10.37,10.23,10.37,10.08
2018-04-17,10.23,9.59,10.29,9.52
2018-04-18,9.6,9.82,9.86,9.32
2018-04-19,9.6,9.71,9.89,9.6
2018-04-20,9.68,9.49,9.82,9.42
2018-04-23,9.55,9.46,9.66,9.3
2018-04-24,9.45,9.75,9.75,9.41
2018-04-25,9.68,9.76,9.84,9.66
2018-04-26,9.79,9.33,9.79,9.33
2018-04-27,9.34,9.36,9.5,9.3
2018-05-02,9.36,9.19,9.54,9.16
2018-05-03,9.24,9.41,9.42,8.88
2018-05-04,9.41,9.27,9.45,9.26
2018-05-07,9.39,9.53,9.59,9.29
2018-05-08,9.53,9.7,9.75,9.45
2018-05-09,9.65,10.06,10.37,9.54
2018-05-10,9.93,10.02,10.18,9.84
2018-05-11,10.0,10.09,10.35,9.96
2018-05-14,9.96,10.29,10.55,9.95
2018-05-15,10.0,10.1,10.13,9.8
2018-05-16,10.0,9.85,10.07,9.8
2018-05-17,9.77,9.85,9.97,9.76
2018-05-18,9.81,9.83,9.9,9.69
2018-05-21,9.97,10.05,10.06,9.86
2018-05-22,10.05,9.97,10.05,9.8
2018-05-23,10.0,9.77,10.01,9.76
2018-05-24,9.77,9.7,9.86,9.69
2018-05-25,9.77,9.34,9.77,9.34
