date,open,close,high,low
2016-01-04,13.94,12.652,13.969,12.652
2016-01-05,12.004,12.081,12.681,11.694
2016-01-06,12.246,12.439,12.565,12.033
2016-01-07,12.197,11.229,12.236,11.2
2016-01-08,11.568,11.152,11.752,10.164
2016-01-11,10.997,10.038,10.997,10.038
2016-01-12,10.038,10.019,10.242,9.642
2016-01-13,10.116,9.642,10.203,9.642
2016-01-14,9.245,10.097,10.193,9.196
2016-01-15,9.903,9.535,10.116,9.487
2016-01-18,9.429,10.116,10.493,9.245
2016-01-19,10.116,10.774,10.9,10.067
2016-01-20,10.455,10.455,10.755,10.368
2016-01-21,10.261,11.161,11.5,10.193
2016-01-22,11.316,11.413,11.597,10.542
2016-01-25,11.326,11.607,11.965,11.278
2016-01-26,11.278,10.445,11.616,10.445
2016-01-27,10.455,10.358,10.648,9.583
2016-01-28,10.174,9.806,10.377,9.729
2016-01-29,9.893,10.687,10.784,9.68
2016-02-01,10.6,11.113,11.432,10.6
2016-02-02,11.016,11.471,11.907,11.016
2016-02-03,11.423,11.616,11.781,11.248
2016-02-04,11.587,11.81,12.1,11.539
2016-02-05,11.81,11.539,11.907,11.529
2016-02-15,11.045,11.955,12.081,11.016
2016-02-16,11.926,12.701,12.826,11.907
2016-02-17,12.701,12.671,12.923,12.226
2016-02-18,12.633,12.594,12.865,12.323
2016-02-19,12.488,12.381,12.662,12.197
2016-02-22,12.507,12.633,12.826,12.362
2016-02-23,12.691,13.059,13.059,12.526
2016-02-24,13.126,12.488,13.126,12.052
2016-02-25,12.4,11.239,12.429,11.239
2016-02-26,11.258,10.745,11.52,10.455
2016-02-29,10.716,9.7,10.745,9.671
2016-03-01,9.748,10.019,10.116,9.603
2016-03-02,10.019,10.542,10.629,9.913
2016-03-03,10.551,10.542,11.113,10.464
2016-03-04,10.532,9.913,10.59,9.69
2016-03-07,10.067,10.174,10.406,10.067
2016-03-08,10.067,10.377,10.406,9.68
2016-03-09,10.164,10.435,10.532,9.971
2016-03-10,10.368,10.067,10.542,10.067
2016-03-11,10.048,10.116,10.28,9.913
2016-03-14,10.309,10.59,10.832,10.145
2016-03-15,10.61,10.213,10.687,10.213
2016-03-16,10.542,10.242,10.581,10.048
2016-03-17,10.251,10.745,10.871,10.251
2016-03-18,10.794,11.394,11.49,10.726
2016-03-21,11.394,12.062,12.246,11.394
2016-03-22,11.945,11.829,12.168,11.694
2016-03-23,11.723,11.945,12.11,11.713
2016-03-24,11.81,11.674,11.945,11.616
2016-03-25,11.568,11.539,11.791,11.336
2016-03-28,11.539,11.529,12.023,11.374
2016-03-29,11.713,11.732,12.12,11.52
2016-03-30,11.926,12.323,12.439,11.616
2016-03-31,12.275,12.304,12.797,12.197
2016-04-01,12.246,11.994,12.294,11.723
2016-04-05,11.994,12.333,12.546,11.771
2016-04-06,12.207,12.255,12.391,12.091
2016-04-07,12.255,11.732,12.371,11.713
2016-04-08,11.626,11.52,11.674,11.345
2016-04-11,11.762,11.781,11.916,11.694
2016-04-12,11.81,11.636,11.81,11.461
2016-04-13,11.791,11.8,11.955,11.694
2016-04-14,11.868,11.916,11.955,11.713
2016-04-15,11.994,11.849,12.004,11.791
2016-04-18,11.732,11.568,11.732,11.442
2016-04-19,11.549,11.568,11.732,11.423
2016-04-20,11.539,10.764,11.665,10.551
2016-04-21,10.803,10.561,10.968,10.561
2016-04-22,10.474,10.726,10.745,10.358
2016-04-25,10.716,10.91,10.977,10.648
2016-04-26,10.939,11.374,11.394,10.939
2016-04-27,11.228,11.072,11.306,11.013
2016-05-06,11.179,10.622,11.511,10.554
2016-05-09,10.281,9.939,10.447,9.88
2016-05-10,9.91,9.919,10.095,9.861
2016-05-11,10.037,9.861,10.154,9.793
2016-05-12,9.763,9.724,9.763,9.47
2016-05-13,9.744,9.529,9.851,9.451
2016-05-16,9.382,9.675,9.714,9.382
2016-05-17,9.724,9.744,9.822,9.451
2016-05-18,9.617,9.334,9.656,9.197
2016-05-19,9.363,9.49,9.656,9.197
2016-05-20,9.373,9.597,9.597,9.295
2016-05-23,9.597,9.802,9.802,9.588
2016-05-24,9.793,9.656,9.793,9.597
2016-05-25,9.754,9.588,9.812,9.558
2016-05-26,9.627,9.744,9.763,9.461
2016-05-27,9.763,9.754,9.9,9.714
2016-05-30,9.754,9.841,9.949,9.568
2016-05-31,9.9,10.32,10.349,9.822
2016-06-01,10.32,10.261,10.398,10.193
2016-06-02,10.173,10.271,10.33,10.154
2016-06-03,10.271,10.31,10.398,10.212
2016-06-06,10.31,10.183,10.398,10.105
2016-06-07,10.212,10.261,10.33,10.183
2016-06-08,10.261,10.271,10.3,10.105
2016-06-13,9.919,9.578,10.125,9.47
2016-06-14,9.529,9.539,9.666,9.382
2016-06-15,9.5,9.851,9.959,9.382
2016-06-16,9.812,9.646,9.919,9.607
2016-06-17,9.744,9.783,9.9,9.666
2016-06-20,9.783,9.861,9.861,9.597
2016-06-21,9.919,9.773,10.105,9.705
2016-06-22,9.773,10.125,10.144,9.695
2016-06-23,10.115,10.125,10.222,9.89
2016-06-24,10.056,9.929,10.193,9.588
2016-06-27,9.773,10.281,10.3,9.773
2016-06-28,10.242,10.759,10.876,10.164
2016-06-29,10.788,10.622,10.788,10.544
2016-06-30,10.759,10.574,10.886,10.564
2016-07-01,10.642,10.574,10.769,10.525
2016-07-04,10.456,10.749,10.886,10.417
2016-07-05,10.798,10.661,10.827,10.544
2016-07-06,10.574,10.622,10.691,10.564
2016-07-07,10.593,10.603,10.652,10.447
2016-07-08,10.554,10.837,10.974,10.544
2016-07-11,10.788,10.564,10.935,10.554
2016-07-12,10.535,10.574,10.613,10.056
2016-07-13,10.574,10.701,10.769,10.505
2016-07-14,10.593,10.603,10.691,10.505
2016-07-15,10.603,10.681,10.788,10.574
2016-07-18,10.554,10.681,10.798,10.33
2016-07-19,10.681,11.072,11.081,10.613
2016-07-20,11.081,10.925,11.12,10.886
2016-07-21,10.974,10.984,11.159,10.925
2016-07-22,11.423,10.847,11.423,10.818
2016-07-25,10.759,10.769,10.935,10.642
2016-07-26,10.74,10.886,10.906,10.71
2016-07-27,10.925,10.261,11.062,10.164
2016-07-28,10.261,10.193,10.388,9.978
2016-07-29,10.33,10.076,10.33,10.007
2016-08-01,9.968,9.822,10.085,9.666
2016-08-02,9.959,9.89,9.959,9.754
2016-08-03,9.89,9.949,9.959,9.802
2016-08-04,9.939,10.085,10.134,9.919
2016-08-05,10.125,10.076,10.125,10.046
2016-08-08,9.959,10.154,10.164,9.959
2016-08-09,10.134,10.212,10.242,10.105
2016-08-10,10.183,10.154,10.242,10.105
2016-08-11,10.115,9.929,10.164,9.929
2016-08-12,9.88,10.056,10.066,9.88
2016-08-15,10.046,10.251,10.369,9.89
2016-08-16,10.3,10.261,10.378,10.251
2016-08-17,10.203,10.29,10.339,10.203
2016-08-18,10.31,10.261,10.32,10.154
2016-08-19,10.251,10.261,10.281,10.134
2016-08-22,10.261,10.095,10.388,10.066
2016-08-23,10.232,10.222,10.29,9.959
2016-08-24,10.232,10.251,10.349,10.164
2016-08-25,10.232,9.871,10.232,9.763
2016-08-26,9.88,9.9,10.017,9.871
2016-08-29,9.91,9.939,9.988,9.871
2016-08-30,9.929,9.929,10.007,9.89
2016-08-31,9.968,9.89,9.988,9.822
2016-09-01,9.91,9.861,9.939,9.861
2016-09-02,9.832,9.793,9.91,9.754
2016-09-05,9.871,9.832,9.919,9.763
2016-09-06,9.832,10.046,10.046,9.724
2016-09-07,10.056,9.988,10.115,9.978
2016-09-08,10.017,10.134,10.212,9.988
2016-09-09,10.134,10.144,10.369,10.056
2016-09-12,9.949,9.783,9.949,9.734
2016-09-13,9.812,9.636,9.851,9.568
2016-09-14,9.617,9.617,9.675,9.539
2016-09-19,9.666,9.705,9.763,9.627
2016-09-20,9.763,9.666,9.763,9.636
2016-09-21,9.695,9.705,9.754,9.627
2016-09-22,9.734,9.744,9.783,9.695
2016-09-23,9.744,9.675,9.793,9.666
2016-09-26,9.666,9.49,9.714,9.451
2016-09-27,9.539,9.529,9.578,9.363
2016-09-28,9.539,9.47,9.568,9.402
2016-09-29,9.49,9.529,9.588,9.47
2016-09-30,9.529,9.568,9.568,9.5
2016-10-10,9.578,9.861,9.959,9.578
2016-10-11,9.871,9.861,9.91,9.754
2016-10-12,9.832,9.871,9.88,9.783
2016-10-13,9.861,9.832,9.9,9.812
2016-10-14,9.822,9.812,9.822,9.685
2016-10-17,9.812,9.734,9.812,9.656
2016-10-18,9.734,9.861,9.919,9.666
2016-10-19,9.832,9.754,9.89,9.724
2016-10-20,9.783,9.812,9.832,9.724
2016-10-21,9.812,9.754,9.851,9.666
2016-10-24,9.841,9.812,9.9,9.734
2016-10-25,9.793,9.832,9.851,9.773
2016-10-26,9.802,9.949,9.968,9.793
2016-10-27,9.939,9.88,9.949,9.832
2016-10-28,9.812,9.666,9.89,9.666
2016-10-31,9.636,9.617,9.646,9.539
2016-11-01,9.597,9.714,9.744,9.578
2016-11-02,9.705,9.539,9.705,9.539
2016-11-03,9.519,9.666,9.734,9.519
2016-11-04,9.685,9.666,9.744,9.578
2016-11-07,9.685,9.734,9.744,9.627
2017-03-21,10.71,10.71,10.71,10.29
2017-03-22,10.74,10.505,10.915,10.359
2017-03-23,10.378,10.281,10.593,9.978
2017-03-24,10.232,10.134,10.388,10.056
2017-03-27,10.066,10.007,10.222,9.91
2017-03-28,9.871,9.929,10.007,9.871
2017-03-29,9.91,9.49,9.968,9.461
2017-03-30,9.461,9.041,9.48,9.041
2017-03-31,9.011,8.806,9.129,8.719
2017-04-05,8.914,9.148,9.197,8.846
2017-04-06,9.099,10.066,10.066,9.09
2017-04-07,10.066,10.115,10.33,9.763
2017-04-10,9.841,10.3,10.525,9.763
2017-04-11,10.154,10.056,10.476,9.988
2017-04-12,9.871,9.217,9.89,9.09
2017-04-13,9.187,9.539,10.085,9.187
2017-04-14,9.48,9.558,9.714,9.285
2017-04-17,9.49,9.246,9.539,9.177
2017-04-18,9.422,9.236,9.617,9.207
2017-04-19,9.295,8.914,9.295,8.787
2017-04-20,8.885,8.68,8.982,8.484
2017-04-21,8.738,8.504,8.738,8.475
2017-04-24,8.504,7.986,8.533,7.986
2017-04-25,8.055,8.162,8.299,7.996
2017-04-26,8.104,8.055,8.104,7.869
2017-04-27,8.055,8.123,8.143,7.713
2017-04-28,8.055,8.123,8.201,8.016
2017-05-02,8.064,8.26,8.396,8.006
2017-05-03,8.279,8.299,8.445,8.211
2017-05-04,8.328,8.523,8.904,8.25
2017-05-05,8.553,8.533,8.748,8.445
2017-05-08,8.426,8.094,8.504,8.094
2017-05-09,7.967,7.957,8.035,7.811
2017-05-10,7.986,7.733,8.123,7.713
2017-05-11,7.742,7.811,7.811,7.449
2017-05-12,7.742,7.859,7.918,7.664
2017-05-15,7.83,7.938,7.977,7.83
2017-05-16,7.938,8.223,8.233,7.77
2017-05-17,8.144,8.213,8.331,8.115
2017-05-18,9.039,9.039,9.039,9.039
2017-05-19,9.521,9.364,9.807,9.207
2017-05-22,9.236,8.607,9.718,8.449
2017-05-23,7.898,7.77,8.174,7.751
2017-05-24,7.633,7.879,7.918,7.338
2017-05-25,7.967,8.036,8.085,7.77
2017-05-26,7.987,8.243,8.331,7.889
2017-05-31,8.262,7.957,8.41,7.957
2017-06-01,7.879,7.692,7.908,7.387
2017-06-02,7.554,7.79,7.889,7.505
2017-06-05,7.859,7.8,7.967,7.77
2017-06-06,7.761,7.79,7.82,7.662
2017-06-07,7.8,8.066,8.115,7.761
2017-06-08,8.036,8.016,8.193,7.938
2017-06-09,7.967,7.908,8.016,7.79
2017-06-12,7.898,7.613,7.898,7.603
2017-06-13,7.682,7.78,7.849,7.613
2017-06-14,7.81,7.879,7.879,7.662
2017-06-15,7.918,7.928,8.026,7.869
2017-06-16,7.879,7.82,7.948,7.81
2017-06-19,7.82,7.859,7.908,7.8
2017-06-20,7.859,7.928,8.115,7.82
2017-06-21,7.908,7.889,7.987,7.81
2017-06-22,7.869,7.593,7.879,7.574
2017-06-23,7.643,7.564,7.652,7.416
2017-06-26,7.584,7.672,7.751,7.525
2017-06-27,7.652,7.643,7.711,7.633
2017-06-28,7.623,7.505,7.623,7.475
2017-06-29,7.485,7.495,7.574,7.475
2017-06-30,7.475,7.456,7.475,7.387
2017-07-03,7.495,7.534,7.534,7.436
2017-07-04,7.544,7.485,7.554,7.475
2017-07-05,7.515,7.574,7.584,7.466
2017-07-06,7.584,7.534,7.613,7.495
2017-07-07,7.534,7.505,7.534,7.436
2017-07-10,7.515,7.397,7.515,7.357
2017-07-11,7.426,7.357,7.446,7.348
2017-07-12,7.338,7.298,7.387,7.151
2017-07-20,7.377,7.367,7.692,7.367
2017-07-21,7.092,7.121,7.269,7.062
2017-07-24,7.082,6.934,7.092,6.846
2017-07-25,6.895,6.875,6.974,6.856
2017-07-26,6.875,6.748,6.934,6.698
2017-07-27,6.767,6.954,6.984,6.738
2017-07-28,6.944,6.856,7.043,6.856
2017-07-31,6.875,6.866,6.954,6.846
2017-08-01,6.934,6.915,6.934,6.856
2017-08-02,6.915,6.875,6.944,6.866
2017-08-03,6.905,6.954,7.013,6.856
2017-08-04,6.944,6.866,6.954,6.866
2017-08-07,6.856,6.885,6.925,6.846
2017-08-08,6.905,7.033,7.033,6.885
2017-08-09,6.984,6.993,7.052,6.974
2017-08-10,7.013,6.885,7.013,6.807
2017-08-11,6.836,6.738,6.866,6.689
2017-08-14,6.738,6.944,6.964,6.738
2017-08-15,6.954,7.21,7.23,6.934
2017-08-16,7.17,7.17,7.318,7.111
2017-08-17,7.092,7.19,7.239,7.092
2017-08-18,7.141,7.072,7.19,7.052
2017-08-21,7.151,7.269,7.308,7.092
2017-08-22,7.279,7.318,7.466,7.22
2017-08-23,7.259,7.161,7.308,7.131
2017-08-24,7.18,7.052,7.22,7.043
2017-08-25,7.043,7.111,7.18,7.033
2017-08-28,7.121,7.19,7.249,7.121
2017-08-29,7.18,7.161,7.22,7.121
2017-08-30,7.161,7.141,7.2,7.102
2017-08-31,7.131,7.141,7.18,7.092
2017-09-01,7.161,7.2,7.21,7.102
2017-09-04,7.18,7.239,7.279,7.161
2017-09-05,7.239,7.269,7.269,7.17
2017-09-06,7.328,7.318,7.328,7.19
2017-09-07,7.298,7.22,7.357,7.2
2017-09-08,7.259,7.239,7.289,7.161
2017-09-11,7.23,7.338,7.338,7.2
2017-09-12,7.338,7.22,7.377,7.2
2017-09-13,7.21,7.23,7.259,7.2
2017-09-14,7.23,7.21,7.259,7.161
2017-09-15,7.19,7.131,7.21,7.102
2017-09-18,7.092,7.17,7.19,7.072
2017-09-19,7.18,7.151,7.23,7.141
2017-09-20,7.131,7.2,7.21,7.082
2017-09-21,7.18,7.092,7.23,7.092
2017-09-22,7.102,7.082,7.151,7.033
2017-09-25,7.092,6.925,7.092,6.895
2017-09-26,6.915,6.925,6.974,6.885
2017-09-27,6.934,6.974,7.003,6.925
2017-09-28,6.964,6.915,7.003,6.915
2017-09-29,6.925,7.013,7.043,6.925
2017-10-09,7.043,7.082,7.19,7.043
2017-10-10,7.082,7.298,7.328,7.082
2017-10-11,7.298,7.259,7.328,7.2
2017-10-12,7.249,7.22,7.269,7.131
2017-10-13,7.249,7.259,7.289,7.21
2017-10-16,7.249,6.974,7.249,6.964
2017-10-17,6.915,6.984,7.033,6.915
2017-10-18,6.993,6.954,7.111,6.925
2017-10-19,6.974,6.875,7.003,6.787
2017-10-20,6.807,6.934,6.964,6.807
2017-10-23,6.934,7.023,7.052,6.905
2017-10-24,6.993,6.964,7.013,6.875
2017-10-25,6.925,6.934,6.984,6.885
2017-10-26,6.944,7.131,7.22,6.905
2017-10-27,7.072,6.866,7.072,6.866
2017-10-30,6.816,6.452,6.856,6.393
2017-10-31,6.452,6.492,6.511,6.423
2017-11-01,6.492,6.462,6.541,6.423
2017-11-02,6.443,6.275,6.462,6.236
2017-11-03,6.295,6.207,6.295,6.157
2017-11-06,6.187,6.216,6.275,6.157
2017-11-07,6.226,6.266,6.266,6.187
2017-11-08,6.256,6.334,6.334,6.236
2017-11-09,6.325,6.374,6.374,6.275
2017-11-10,6.344,6.305,6.364,6.285
2017-11-13,6.256,6.157,6.295,6.138
2017-11-14,6.167,6.098,6.216,6.049
2017-11-15,6.118,6.079,6.157,6.069
2017-11-16,6.098,6.079,6.138,6.049
2017-11-17,6.079,5.744,6.108,5.715
2017-11-20,5.754,5.675,5.803,5.597
2017-11-21,5.675,5.616,5.734,5.587
2017-11-22,5.616,5.646,5.675,5.557
2017-11-23,5.616,5.508,5.656,5.508
2017-11-24,5.469,5.538,5.557,5.449
2017-11-27,5.567,5.528,5.636,5.508
2017-11-28,5.557,5.607,5.636,5.528
2017-11-29,5.607,5.548,5.616,5.489
2017-11-30,5.548,5.597,5.616,5.528
2017-12-01,5.597,5.656,5.666,5.567
2017-12-04,5.646,5.508,5.656,5.498
2017-12-05,5.489,5.233,5.567,5.115
2017-12-06,5.262,5.361,5.361,5.203
2017-12-07,5.351,5.311,5.41,5.302
2017-12-08,5.311,5.43,5.449,5.311
2017-12-11,5.439,5.498,5.577,5.43
2017-12-12,5.489,5.39,5.489,5.361
2017-12-13,5.39,5.439,5.439,5.341
2017-12-14,5.449,5.43,5.459,5.38
2017-12-15,5.43,5.469,5.498,5.311
2017-12-18,5.498,5.341,5.498,5.311
2017-12-19,5.39,5.43,5.43,5.361
2017-12-20,5.42,5.341,5.439,5.302
2017-12-21,5.361,5.302,5.361,5.223
2017-12-22,5.292,5.262,5.331,5.243
2017-12-25,5.262,5.193,5.302,5.174
2017-12-26,5.184,5.252,5.272,5.174
2017-12-27,5.262,5.193,5.292,5.193
2017-12-28,5.213,5.262,5.331,5.174
2017-12-29,5.213,5.321,5.331,5.213
2018-01-02,5.341,5.351,5.371,5.272
2018-01-03,5.351,5.675,5.725,5.311
2018-01-04,5.528,5.528,5.607,5.479
2018-01-05,5.489,5.518,5.548,5.449
2018-01-08,5.508,5.459,5.518,5.42
2018-01-09,5.469,5.439,5.489,5.42
2018-01-10,5.43,5.4,5.459,5.341
2018-01-11,5.371,5.498,5.518,5.361
2018-01-12,5.489,5.449,5.538,5.43
2018-01-15,5.43,5.262,5.469,5.223
2018-01-16,5.262,5.243,5.331,5.213
2018-01-17,5.262,5.282,5.292,5.164
2018-01-18,5.243,5.252,5.311,5.243
2018-01-19,5.272,5.272,5.331,5.252
2018-01-22,5.262,5.331,5.361,5.213
2018-01-23,5.321,5.311,5.361,5.282
2018-01-24,5.311,5.41,5.42,5.272
2018-01-25,5.41,5.38,5.469,5.361
2018-01-26,5.361,5.39,5.43,5.351
2018-01-29,5.42,5.302,5.42,5.292
2018-01-30,5.311,5.262,5.331,5.252
2018-01-31,5.223,5.046,5.252,5.026
2018-02-01,5.046,4.79,5.095,4.771
2018-02-02,4.761,4.78,4.8,4.593
2018-02-05,4.672,4.751,4.81,4.662
2018-02-06,4.721,4.407,4.721,4.387
2018-02-07,4.456,4.387,4.505,4.269
2018-02-08,4.416,4.534,4.613,4.397
2018-02-09,4.466,4.564,4.682,4.377
2018-02-12,4.515,4.603,4.662,4.505
2018-02-13,4.603,4.564,4.643,4.525
2018-02-14,4.603,4.603,4.623,4.534
2018-02-22,4.633,4.643,4.682,4.613
2018-02-23,4.633,4.682,4.702,4.603
2018-02-26,4.692,4.771,4.81,4.682
2018-02-27,4.859,4.81,4.908,4.8
2018-02-28,4.82,4.948,4.977,4.751
2018-03-01,4.889,5.115,5.115,4.879
2018-03-02,5.095,4.977,5.134,4.977
2018-03-05,4.977,5.016,5.026,4.948
2018-03-06,4.987,5.046,5.075,4.987
2018-03-07,5.046,5.026,5.095,4.997
2018-03-08,5.016,5.056,5.085,4.977
2018-03-09,5.085,5.213,5.282,5.056
2018-03-12,5.252,5.292,5.38,5.223
2018-03-13,5.272,5.321,5.459,5.223
2018-03-14,5.292,5.193,5.321,5.164
2018-03-15,5.134,5.115,5.193,5.026
2018-03-16,5.134,5.105,5.174,5.066
2018-03-19,5.105,5.164,5.203,5.085
2018-03-20,5.144,5.213,5.223,5.105
2018-03-21,5.223,5.193,5.371,5.164
2018-03-22,5.184,5.164,5.213,5.105
2018-03-23,5.036,4.751,5.066,4.711
2018-03-26,4.711,4.83,4.839,4.554
2018-03-27,4.898,5.311,5.311,4.869
2018-03-28,5.144,5.193,5.361,5.144
2018-03-29,5.233,5.262,5.282,5.125
2018-03-30,5.361,5.41,5.459,5.243
2018-04-02,5.42,5.479,5.646,5.41
2018-04-03,5.351,5.41,5.41,5.213
2018-04-04,5.508,5.311,5.626,5.262
2018-04-09,5.39,5.479,5.548,5.213
2018-04-10,5.43,5.498,5.518,5.282
2018-04-11,5.508,5.646,5.892,5.43
2018-04-12,5.577,5.538,5.725,5.518
2018-04-13,5.577,5.557,5.636,5.479
2018-04-16,5.508,5.616,5.656,5.479
2018-04-17,5.616,5.233,5.626,5.193
2018-04-18,5.292,5.675,5.685,5.154
2018-04-19,5.607,5.636,5.764,5.587
2018-04-20,5.616,5.705,6.03,5.557
2018-04-23,5.774,5.833,5.892,5.616
2018-04-24,5.784,6.098,6.157,5.784
2018-04-25,6.157,6.02,6.177,5.951
2018-04-26,5.99,5.852,6.03,5.813
2018-04-27,5.882,5.892,5.951,5.803
2018-05-02,5.911,6.049,6.049,5.862
2018-05-03,6.02,6.01,6.049,5.823
2018-05-04,6.01,5.88,6.02,5.85
2018-05-07,5.9,6.08,6.08,5.85
2018-05-08,6.07,5.99,6.11,5.96
2018-05-09,5.98,5.9,5.98,5.85
2018-05-10,5.89,5.92,5.95,5.82
2018-05-11,5.92,6.18,6.26,5.91
2018-05-14,6.14,6.0,6.14,5.94
2018-05-15,5.98,6.08,6.1,5.92
2018-05-16,6.03,5.92,6.05,5.92
2018-05-17,5.9,5.78,5.97,5.78
2018-05-18,5.77,5.81,5.83,5.67
2018-05-21,5.81,5.86,5.9,5.78
2018-05-22,5.88,5.81,5.89,5.7
2018-05-23,5.79,5.59,5.82,5.59
2018-05-24,5.64,5.71,5.74,5.59
2018-05-25,5.7,5.59,5.72,5.57
