date,open,close,high,low
2016-03-25,9.04,9.04,9.04,9.04
2016-03-28,8.5,8.61,8.88,8.34
2016-03-29,8.37,8.15,8.44,8.1
2016-03-30,8.2,8.42,8.45,8.16
2016-03-31,8.43,8.34,8.47,8.28
2016-04-01,8.4,8.24,8.4,8.14
2016-04-05,8.29,8.48,8.48,8.21
2016-04-06,8.42,8.54,8.56,8.37
2016-04-07,8.54,8.36,8.55,8.35
2016-04-08,8.29,8.21,8.29,8.1
2016-04-11,8.25,8.37,8.41,8.25
2016-04-12,8.39,8.37,8.42,8.24
2016-04-13,8.38,8.44,8.52,8.38
2016-04-14,8.46,8.52,8.53,8.36
2016-04-15,8.48,8.76,8.86,8.43
2016-04-18,8.65,8.61,8.69,8.46
2016-04-19,8.63,8.63,8.7,8.51
2016-04-20,8.65,8.1,8.68,7.78
2016-04-21,8.09,7.96,8.16,7.91
2016-04-22,7.91,8.06,8.07,7.91
2016-04-25,8.02,8.08,8.17,7.92
2016-04-26,8.1,8.25,8.25,8.08
2016-04-27,8.25,8.33,8.44,8.17
2016-04-28,8.3,8.26,8.39,8.07
2016-04-29,8.17,8.25,8.34,8.16
2016-05-03,8.27,8.5,8.52,8.21
2016-05-04,8.49,8.45,8.66,8.4
2016-05-05,8.4,8.59,8.64,8.36
2016-05-06,8.62,8.29,8.62,8.14
2016-05-09,8.19,8.05,8.22,7.98
2016-05-10,7.98,7.98,8.09,7.88
2016-05-11,8.02,7.65,8.04,7.62
2016-05-12,7.5,7.36,7.51,7.22
2016-05-13,7.35,7.47,7.49,7.29
2016-05-16,7.42,7.69,7.7,7.37
2016-05-17,7.64,7.58,7.72,7.51
2016-05-18,7.58,7.38,7.58,7.23
2016-05-19,7.44,7.38,7.58,7.36
2016-05-20,7.37,7.44,7.44,7.24
2016-05-23,7.5,7.8,7.82,7.45
2016-05-24,7.81,7.84,7.91,7.7
2016-05-25,7.84,7.91,8.02,7.84
2016-05-26,7.96,7.95,8.0,7.51
2016-05-27,8.0,7.96,8.02,7.75
2016-05-30,7.9,7.87,7.98,7.8
2016-05-31,7.85,8.09,8.1,7.83
2016-06-01,8.12,8.02,8.12,7.98
2016-06-02,8.07,8.03,8.08,7.96
2016-06-03,8.04,8.02,8.06,7.9
2016-06-06,8.02,8.15,8.29,7.98
2016-06-07,8.12,8.05,8.14,7.99
2016-06-08,8.04,8.05,8.08,7.97
2016-06-13,7.96,7.65,7.97,7.45
2016-06-14,7.58,7.56,7.67,7.47
2016-06-15,7.48,7.75,7.88,7.43
2016-06-16,7.74,7.73,7.81,7.7
2016-06-17,7.7,7.8,7.86,7.7
2016-06-20,7.82,7.7,7.83,7.62
2016-06-21,7.75,7.63,7.82,7.63
2016-06-22,7.63,7.75,7.78,7.6
2016-06-23,7.75,7.71,7.77,7.64
2016-06-24,7.69,7.55,7.76,7.3
2016-06-27,7.53,7.8,7.82,7.51
2016-06-28,7.77,7.89,7.89,7.7
2016-06-29,7.92,7.9,8.0,7.82
2016-06-30,7.9,8.04,8.05,7.88
2016-07-01,8.01,7.96,8.14,7.94
2016-07-04,7.88,8.1,8.12,7.88
2016-07-05,8.2,8.16,8.25,8.05
2016-07-06,8.19,8.25,8.3,8.1
2016-07-07,8.28,8.23,8.32,8.13
2016-07-08,8.23,8.25,8.33,8.2
2016-07-11,8.2,8.07,8.31,8.0
2016-07-12,8.06,8.09,8.15,7.93
2016-07-13,8.1,8.2,8.2,8.09
2016-07-14,8.23,8.39,8.53,8.18
2016-07-15,8.44,8.3,8.44,8.24
2016-07-18,8.39,8.4,8.55,8.35
2016-07-19,8.32,8.47,8.52,8.32
2016-07-20,8.47,8.55,8.73,8.43
2016-07-21,8.51,8.49,8.57,8.4
2016-07-22,8.45,8.25,8.47,8.22
2016-07-25,8.31,8.33,8.45,8.25
2016-07-26,8.28,8.41,8.42,8.28
2016-07-27,8.44,8.09,8.46,7.82
2016-07-28,7.97,7.96,8.14,7.84
2016-07-29,7.97,7.85,8.01,7.83
2016-08-01,7.85,7.65,7.85,7.53
2016-08-02,7.69,7.79,7.8,7.6
2016-08-03,7.78,7.76,7.81,7.69
2016-08-04,7.78,7.84,7.85,7.72
2016-08-05,7.84,7.77,7.87,7.74
2016-08-08,7.78,7.94,7.99,7.73
2016-08-09,7.92,7.99,8.07,7.9
2016-08-10,8.0,7.96,8.07,7.93
2016-08-11,7.99,7.87,8.0,7.86
2016-08-12,7.88,7.94,7.94,7.84
2016-08-15,7.95,8.1,8.18,7.87
2016-08-16,8.1,8.17,8.25,8.1
2016-08-17,8.17,8.18,8.22,8.11
2016-08-18,8.18,8.22,8.26,8.16
2016-08-19,8.18,8.23,8.25,8.15
2016-08-22,8.19,8.14,8.29,8.12
2016-08-23,8.14,8.18,8.22,8.1
2016-08-24,8.18,8.26,8.28,8.18
2016-08-25,8.21,8.22,8.24,8.08
2016-08-26,8.21,8.45,8.54,8.21
2016-08-29,8.39,8.8,8.94,8.39
2016-08-30,8.73,8.69,8.87,8.61
2016-08-31,8.72,8.7,8.79,8.62
2016-09-01,8.7,8.66,8.73,8.58
2016-09-02,8.65,8.64,8.73,8.53
2016-09-05,8.65,8.97,9.03,8.62
2016-09-06,8.98,9.14,9.19,8.86
2016-09-07,9.16,9.11,9.31,8.99
2016-09-08,9.18,9.3,9.51,9.11
2016-09-09,9.25,9.19,9.5,9.19
2016-09-13,10.11,10.11,10.11,10.0
2016-09-14,11.12,10.83,11.12,10.6
2016-09-19,10.6,10.46,10.78,10.35
2016-09-20,10.5,10.64,11.08,10.4
2016-09-21,10.62,11.1,11.3,10.52
2016-09-22,10.96,11.6,11.7,10.83
2016-09-23,11.49,11.22,11.61,11.2
2016-09-26,11.15,10.82,11.54,10.67
2016-09-27,10.88,11.0,11.1,10.71
2016-09-28,11.0,10.71,11.1,10.51
2016-09-29,10.78,10.85,11.05,10.63
2016-09-30,10.85,11.15,11.41,10.76
2016-10-10,11.3,11.23,11.43,11.0
2016-10-11,11.35,10.93,11.35,10.9
2016-10-12,10.8,10.94,11.04,10.66
2016-10-13,10.9,10.78,11.08,10.7
2016-10-14,10.9,10.86,11.2,10.67
2016-10-17,10.8,10.4,10.83,10.4
2016-10-18,10.48,10.52,10.59,10.35
2016-10-19,10.8,10.84,11.06,10.67
2016-10-20,10.74,10.73,10.84,10.59
2016-10-21,10.8,10.56,10.8,10.42
2016-10-24,10.49,10.88,11.15,10.48
2016-10-25,10.77,10.9,11.06,10.77
2016-10-26,10.95,11.33,11.68,10.89
2016-10-27,11.23,11.16,11.29,11.0
2016-10-28,11.16,10.83,11.24,10.8
2016-10-31,10.69,10.6,10.79,10.45
2016-11-01,10.65,11.14,11.15,10.55
2016-11-02,11.1,12.11,12.25,11.05
2016-11-03,11.95,11.89,12.36,11.7
2016-11-04,11.85,11.5,11.95,11.49
2016-11-07,11.64,11.7,11.78,11.43
2016-11-08,11.78,11.54,11.78,11.4
2016-11-09,11.56,11.6,11.69,11.11
2016-11-10,11.68,11.62,11.74,11.39
2016-11-11,11.55,11.59,11.65,11.48
2016-11-14,11.61,11.52,11.69,11.49
2016-11-15,11.47,11.56,11.56,11.32
2016-11-16,11.5,11.54,11.78,11.48
2016-11-17,11.5,11.49,11.58,11.38
2016-11-18,11.45,11.43,11.48,11.36
2016-11-21,11.38,11.39,11.51,11.34
2016-11-22,11.42,11.63,11.79,11.4
2016-11-23,11.73,11.84,12.25,11.61
2016-11-24,11.93,11.63,12.09,11.6
2016-11-25,11.55,11.88,12.05,11.46
2016-11-28,11.81,11.97,12.19,11.81
2016-11-29,11.95,11.59,11.97,11.56
2016-11-30,11.66,11.3,11.66,11.19
2016-12-01,11.35,11.42,11.51,11.26
2016-12-02,11.41,11.17,11.59,11.11
2016-12-05,10.93,11.2,11.28,10.93
2016-12-06,11.2,11.21,11.43,11.19
2016-12-07,11.3,11.31,11.31,11.12
2016-12-08,11.35,11.22,11.35,11.21
2016-12-09,11.24,11.2,11.35,11.16
2016-12-12,11.2,10.37,11.23,10.17
2016-12-13,10.36,10.57,10.58,10.22
2016-12-14,10.57,10.46,10.67,10.4
2016-12-15,10.43,10.47,10.67,10.36
2016-12-16,10.58,10.78,10.87,10.45
2016-12-19,10.68,10.65,10.86,10.58
2016-12-20,10.68,10.56,10.69,10.49
2016-12-21,10.68,10.65,10.76,10.56
2016-12-22,10.66,10.65,10.74,10.59
2016-12-23,10.75,10.42,10.89,10.3
2016-12-26,10.42,10.67,10.85,10.3
2016-12-27,10.68,10.88,11.02,10.67
2016-12-28,10.88,10.91,10.96,10.78
2016-12-29,10.65,10.9,10.97,10.65
2016-12-30,10.84,10.74,10.93,10.68
2017-01-03,10.79,10.98,10.99,10.71
2017-01-04,10.98,11.07,11.15,10.91
2017-01-05,11.08,11.08,11.39,11.01
2017-01-06,11.07,10.91,11.09,10.85
2017-01-09,10.9,11.02,11.08,10.71
2017-01-10,11.02,10.85,11.1,10.79
2017-01-11,10.83,10.82,10.94,10.74
2017-01-12,10.67,10.49,10.91,10.38
2017-01-13,10.49,10.33,10.5,9.97
2017-01-16,10.34,9.62,10.34,9.4
2017-01-17,9.62,9.66,9.78,9.38
2017-01-18,9.7,9.54,9.7,9.45
2017-01-19,9.47,9.45,9.6,9.43
2017-01-20,9.48,9.79,9.86,9.45
2017-01-23,9.76,9.97,10.06,9.71
2017-01-24,10.0,9.92,10.08,9.9
2017-01-25,9.98,9.95,10.08,9.91
2017-01-26,10.06,10.05,10.24,10.02
2017-02-03,10.16,9.74,10.16,9.65
2017-02-06,9.75,10.4,10.67,9.75
2017-02-07,10.48,10.3,10.6,10.14
2017-02-08,10.19,10.38,10.49,10.18
2017-02-09,10.45,10.37,10.5,10.31
2017-02-10,10.43,10.5,10.6,10.33
2017-02-13,10.35,10.41,10.48,10.24
2017-02-14,10.36,10.23,10.36,10.2
2017-02-15,10.3,10.01,10.35,10.0
2017-02-16,10.01,10.05,10.16,9.94
2017-02-17,10.03,10.03,10.18,9.88
2017-02-20,10.03,9.87,10.03,9.76
2017-02-21,9.89,9.99,10.02,9.82
2017-02-22,10.02,10.0,10.14,9.95
2017-02-23,10.07,9.99,10.08,9.94
2017-02-24,9.97,10.11,10.13,9.92
2017-02-27,10.09,10.16,10.37,10.04
2017-02-28,10.07,10.28,10.29,10.07
2017-03-01,10.28,10.12,10.39,10.11
2017-03-02,10.14,10.1,10.24,10.05
2017-03-03,10.02,10.14,10.18,9.95
2017-03-06,10.21,10.49,10.59,10.1
2017-03-07,10.53,10.41,10.58,10.4
2017-03-08,10.42,10.36,10.48,10.33
2017-03-09,10.29,10.28,10.47,10.21
2017-03-10,10.32,10.27,10.34,10.19
2017-03-13,10.27,10.36,10.4,10.04
2017-03-14,10.33,10.14,10.4,10.06
2017-03-15,10.15,10.03,10.19,10.01
2017-03-16,10.04,10.11,10.13,10.0
2017-03-17,10.11,10.0,10.13,9.95
2017-03-20,9.96,10.06,10.11,9.96
2017-03-21,10.06,10.06,10.11,10.01
2017-03-22,10.06,9.87,10.06,9.86
2017-03-23,9.88,9.89,10.01,9.83
2017-03-24,9.94,9.76,9.94,9.68
2017-03-27,9.75,9.66,9.85,9.59
2017-03-28,9.61,9.7,9.8,9.61
2017-03-29,9.69,9.57,9.73,9.55
2017-03-30,9.57,8.95,9.6,8.91
2017-03-31,9.03,9.0,9.1,8.93
2017-04-05,9.03,9.62,9.75,9.03
2017-04-06,9.63,9.7,9.81,9.46
2017-04-07,9.7,9.71,9.81,9.65
2017-04-10,9.73,9.54,9.8,9.38
2017-04-11,9.54,9.39,9.56,9.2
2017-04-12,9.4,9.23,9.45,9.18
2017-04-13,9.23,9.18,9.32,9.12
2017-04-14,9.2,9.19,9.26,9.04
2017-04-17,9.22,9.04,9.3,8.81
2017-04-18,9.06,8.92,9.12,8.85
2017-04-19,8.83,8.42,8.92,8.17
2017-04-20,8.31,8.07,8.43,8.01
2017-04-21,8.1,8.23,8.26,8.05
2017-04-24,8.11,8.12,8.4,7.84
2017-04-25,8.13,8.02,8.26,8.01
2017-04-26,8.03,8.06,8.15,8.0
2017-04-27,8.04,8.07,8.16,7.69
2017-04-28,8.09,8.15,8.15,8.0
2017-05-02,8.16,8.22,8.28,8.15
2017-05-03,8.18,8.47,8.49,8.18
2017-05-04,8.48,8.39,8.54,8.38
2017-05-05,8.39,8.37,8.52,8.08
2017-05-08,8.35,8.01,8.35,7.9
2017-05-09,8.0,8.18,8.29,7.92
2017-05-10,8.27,8.2,8.44,8.16
2017-05-11,8.11,8.19,8.24,7.96
2017-05-12,8.18,8.17,8.31,8.15
2017-05-15,8.19,8.24,8.34,8.19
2017-05-16,8.23,8.57,8.58,8.2
2017-05-17,8.51,8.53,8.58,8.41
2017-05-18,8.49,8.39,8.49,8.38
2017-05-19,8.33,8.4,8.5,8.33
2017-05-22,8.37,8.41,8.45,8.25
2017-05-23,8.39,8.33,8.43,8.06
2017-05-24,8.2,8.33,8.38,8.15
2017-05-25,8.31,8.5,8.62,8.26
2017-05-26,8.54,8.45,8.54,8.36
2017-05-31,8.6,8.29,8.61,8.16
2017-06-01,8.21,7.97,8.31,7.97
2017-06-02,7.93,8.07,8.13,7.8
2017-06-05,8.07,8.17,8.25,8.06
2017-06-06,8.19,8.18,8.2,8.09
2017-06-07,8.25,8.32,8.33,8.16
2017-06-08,8.31,8.19,8.37,8.15
2017-06-09,8.2,8.13,8.2,8.04
2017-06-12,8.12,7.92,8.12,7.9
2017-06-13,7.96,8.11,8.15,7.92
2017-06-14,8.12,8.1,8.17,8.02
2017-06-15,8.1,8.2,8.25,8.04
2017-06-16,8.21,8.13,8.23,8.08
2017-06-19,8.15,8.2,8.24,8.11
2017-06-20,8.26,8.17,8.26,8.15
2017-06-21,8.18,8.12,8.21,8.03
2017-06-22,8.15,7.95,8.15,7.94
2017-06-23,7.95,7.97,8.05,7.83
2017-06-26,8.02,8.01,8.04,7.92
2017-06-27,8.03,8.0,8.06,7.93
2017-06-28,8.06,8.13,8.23,7.91
2017-06-29,8.06,8.11,8.15,8.06
2017-06-30,8.11,8.12,8.17,8.0
2017-07-03,8.16,8.1,8.17,8.03
2017-07-04,8.1,8.07,8.14,8.04
2017-07-05,8.08,8.11,8.12,8.04
2017-07-06,8.11,8.1,8.15,8.05
2017-07-07,8.11,8.11,8.11,8.05
2017-07-10,8.11,8.03,8.12,8.01
2017-07-11,8.06,7.95,8.06,7.92
2017-07-12,7.92,7.84,7.96,7.72
2017-07-13,7.84,7.84,7.92,7.79
2017-07-14,7.95,7.91,7.97,7.86
2017-07-17,7.91,7.45,7.95,7.44
2017-07-18,7.4,7.69,7.77,7.38
2017-07-19,7.7,7.85,7.87,7.6
2017-07-20,8.13,8.64,8.64,8.1
2017-07-21,8.7,8.4,8.79,8.35
2017-07-24,8.34,8.4,8.43,8.22
2017-07-25,8.33,8.29,8.39,8.22
2017-07-26,8.31,8.45,8.45,8.18
2017-07-27,8.35,8.55,8.75,8.27
2017-07-28,8.49,8.43,8.53,8.39
2017-07-31,8.4,8.48,8.52,8.31
2017-08-01,8.48,8.58,8.63,8.34
2017-08-02,8.53,8.3,8.62,8.3
2017-08-03,8.28,8.33,8.49,8.24
2017-08-04,8.3,8.3,8.4,8.24
2017-08-07,8.32,8.38,8.5,8.3
2017-08-08,8.38,8.36,8.42,8.3
2017-08-09,8.32,8.39,8.41,8.32
2017-08-10,8.36,8.22,8.43,8.18
2017-08-11,8.16,7.99,8.16,7.96
2017-08-14,7.96,8.14,8.17,7.96
2017-08-15,8.13,8.16,8.21,8.1
2017-08-16,8.15,8.29,8.29,8.15
2017-08-17,8.27,8.36,8.39,8.24
2017-08-18,8.27,8.33,8.39,8.26
2017-08-21,8.31,8.42,8.42,8.3
2017-08-22,8.44,8.31,8.44,8.31
2017-08-23,8.28,8.41,8.43,8.28
2017-08-24,8.4,8.28,8.42,8.28
2017-08-25,8.26,8.4,8.4,8.21
2017-08-28,8.45,8.48,8.49,8.4
2017-08-29,8.48,8.44,8.55,8.4
2017-08-30,8.45,8.47,8.56,8.41
2017-08-31,8.45,8.75,8.78,8.45
2017-09-01,8.69,8.75,8.98,8.67
2017-09-04,8.8,9.02,9.29,8.75
2017-09-05,8.95,8.86,9.1,8.82
2017-09-06,8.86,8.94,8.94,8.85
2017-09-07,8.91,8.74,8.97,8.7
2017-09-08,8.69,8.81,8.82,8.69
2017-09-11,8.83,9.04,9.16,8.76
2017-09-12,8.97,9.0,9.15,8.93
2017-09-13,8.99,8.79,9.03,8.76
2017-09-14,8.79,8.77,8.88,8.72
2017-09-15,8.78,8.75,8.84,8.73
2017-09-18,8.8,8.86,8.86,8.7
2017-09-19,8.91,8.78,8.94,8.76
2017-09-20,8.84,8.83,8.85,8.73
2017-09-21,8.84,8.85,8.9,8.76
2017-09-22,8.78,8.62,8.81,8.56
2017-09-25,8.6,8.49,8.74,8.47
2017-09-26,8.49,8.51,8.58,8.47
2017-09-27,8.55,8.53,8.61,8.51
2017-09-28,8.52,8.46,8.58,8.43
2017-09-29,8.5,8.5,8.55,8.46
2017-10-09,8.63,8.58,8.66,8.48
2017-10-10,8.62,8.84,8.84,8.58
2017-10-11,8.88,8.85,8.91,8.74
2017-10-12,8.84,8.8,8.85,8.73
2017-10-13,8.77,8.9,8.91,8.76
2017-10-16,8.97,8.71,8.99,8.69
2017-10-17,8.65,8.74,8.76,8.55
2017-10-18,8.73,8.7,8.81,8.67
2017-10-19,8.61,8.45,8.7,8.45
2017-10-20,8.46,8.52,8.57,8.46
2017-10-23,8.54,8.61,8.65,8.47
2017-10-24,8.64,9.02,9.39,8.54
2017-10-25,8.99,8.98,9.01,8.84
2017-10-26,8.96,9.0,9.02,8.83
2017-10-27,8.93,8.82,8.99,8.76
2017-10-30,8.76,8.53,8.82,8.46
2017-10-31,8.47,8.55,8.64,8.47
2017-11-01,8.55,8.48,8.63,8.47
2017-11-02,8.46,8.22,8.5,8.19
2017-11-03,8.22,8.15,8.31,8.13
2017-11-06,8.16,8.24,8.28,8.12
2017-11-07,8.23,8.21,8.27,8.12
2017-11-08,8.2,8.29,8.33,8.2
2017-11-09,8.29,8.3,8.37,8.26
2017-11-10,8.28,8.31,8.36,8.23
2017-11-13,8.32,8.41,8.52,8.3
2017-11-14,8.26,8.36,8.46,8.26
2017-11-15,8.29,8.28,8.38,8.22
2017-11-30,8.66,8.77,9.11,8.6
2017-12-01,8.63,8.84,9.0,8.45
2017-12-04,8.7,8.62,8.77,8.54
2017-12-05,8.62,8.14,8.67,8.03
2017-12-06,8.14,8.28,8.41,8.03
2017-12-07,8.28,8.16,8.39,8.14
2017-12-08,8.16,8.19,8.24,8.11
2017-12-11,8.21,8.23,8.29,8.2
2017-12-12,8.2,8.12,8.24,8.1
2017-12-13,8.15,8.11,8.15,8.05
2017-12-14,8.09,8.17,8.19,8.09
2017-12-15,8.15,8.09,8.2,8.07
2017-12-18,8.07,8.17,8.19,8.07
2017-12-19,8.13,8.09,8.2,8.07
2017-12-20,8.11,7.93,8.17,7.91
2017-12-21,7.98,7.93,7.99,7.83
2017-12-22,7.99,7.89,7.99,7.83
2017-12-25,7.99,7.63,7.99,7.5
2017-12-26,7.66,7.72,7.78,7.55
2017-12-27,7.73,7.73,7.8,7.69
2017-12-28,7.65,7.76,7.82,7.6
2017-12-29,7.89,7.87,7.89,7.78
2018-01-02,7.92,7.95,7.98,7.85
2018-01-03,7.96,7.94,8.03,7.9
2018-01-04,7.92,8.09,8.12,7.92
2018-01-05,8.16,8.02,8.16,7.97
2018-01-08,8.05,7.94,8.09,7.88
2018-01-09,7.94,7.96,8.02,7.91
2018-01-10,7.89,7.8,7.95,7.75
2018-01-11,7.73,7.87,7.93,7.73
2018-01-12,7.83,7.86,7.97,7.81
2018-01-15,7.84,7.75,7.87,7.69
2018-01-16,7.85,8.0,8.03,7.75
2018-01-17,8.0,8.02,8.07,7.8
2018-01-18,8.0,7.99,8.06,7.94
2018-01-19,7.99,7.9,8.03,7.9
2018-01-22,7.9,8.02,8.04,7.83
2018-01-23,8.02,7.98,8.06,7.95
2018-01-24,7.98,8.08,8.12,7.96
2018-01-25,8.08,8.22,8.3,8.04
2018-01-26,8.24,8.15,8.25,8.08
2018-01-29,8.22,8.1,8.3,8.05
2018-01-30,8.07,8.02,8.1,8.0
2018-01-31,8.06,7.79,8.06,7.75
2018-02-01,7.74,7.65,7.94,7.63
2018-02-02,7.63,7.47,7.7,7.1
2018-02-05,7.49,7.42,7.49,7.3
2018-02-06,7.4,6.87,7.4,6.7
2018-02-07,7.0,6.98,7.18,6.86
2018-02-08,7.02,7.1,7.14,6.96
2018-02-09,6.89,6.88,7.0,6.8
2018-02-12,6.98,7.11,7.12,6.9
2018-02-13,7.14,7.13,7.2,7.07
2018-02-14,7.18,7.12,7.18,7.03
2018-02-22,7.23,7.21,7.23,7.12
2018-02-23,7.18,7.17,7.23,7.16
2018-02-26,7.21,7.32,7.38,7.21
2018-02-27,7.43,7.34,7.43,7.32
2018-02-28,7.4,7.37,7.42,7.2
2018-03-01,7.36,7.48,7.49,7.33
2018-03-02,7.46,7.38,7.46,7.35
2018-03-05,7.38,7.43,7.48,7.36
2018-03-06,7.43,7.4,7.46,7.34
2018-03-07,7.4,7.4,7.43,7.36
2018-03-08,7.35,7.41,7.41,7.27
2018-03-09,7.38,7.6,7.64,7.31
2018-03-12,7.64,7.65,7.67,7.57
2018-03-13,7.66,7.57,7.67,7.55
2018-03-14,7.56,7.54,7.65,7.53
2018-03-15,7.59,7.4,7.59,7.37
2018-03-16,7.44,7.43,7.46,7.38
2018-03-19,7.42,7.44,7.49,7.36
2018-03-20,7.41,7.43,7.47,7.15
2018-03-21,7.4,7.43,7.55,7.4
2018-03-22,7.43,7.51,7.58,7.42
2018-03-23,7.43,7.14,7.43,6.88
2018-03-26,6.98,7.32,7.33,6.91
2018-03-27,7.36,7.65,7.9,7.32
2018-03-28,7.67,7.63,7.71,7.51
2018-03-29,7.65,7.66,7.73,7.6
2018-03-30,7.76,7.68,7.76,7.61
2018-04-02,7.65,7.61,7.76,7.6
2018-04-03,7.57,7.51,7.57,7.47
2018-04-04,7.53,7.51,7.7,7.5
2018-04-09,8.26,8.26,8.26,8.26
2018-04-10,8.5,8.14,8.52,8.12
2018-04-11,8.32,8.95,8.95,8.17
2018-04-12,9.01,9.48,9.8,8.83
2018-04-13,9.47,9.5,10.25,9.45
2018-04-16,9.59,9.42,9.8,9.3
2018-04-17,9.51,9.57,10.0,9.42
2018-04-18,9.66,9.79,9.94,9.41
2018-04-19,9.78,10.5,10.77,9.77
2018-04-20,10.5,10.16,10.71,9.95
2018-04-23,10.2,10.02,10.37,9.82
2018-04-24,10.09,10.01,10.27,9.85
2018-04-25,10.0,10.15,10.37,9.97
2018-04-26,9.61,9.14,9.76,9.14
2018-04-27,8.99,9.06,9.24,8.93
2018-05-02,9.15,9.71,9.85,9.06
2018-05-03,9.63,9.91,10.19,9.63
2018-05-04,10.19,10.13,10.41,9.96
2018-05-07,10.29,10.3,10.71,10.22
2018-05-08,10.27,10.2,10.65,10.18
2018-05-09,10.32,11.22,11.22,10.24
2018-05-10,11.68,11.3,11.68,11.06
2018-05-11,11.3,11.43,11.46,11.09
2018-05-14,11.43,11.3,11.96,11.16
2018-05-15,11.15,11.7,11.88,11.08
2018-05-16,11.63,11.6,11.73,11.22
2018-05-17,11.59,12.43,12.76,11.46
2018-05-18,12.43,12.3,12.65,12.05
2018-05-21,12.47,12.68,13.25,12.18
2018-05-22,12.5,12.54,12.8,12.41
2018-05-23,12.55,12.62,13.06,12.38
2018-05-24,12.46,12.22,12.84,12.19
2018-05-25,12.22,11.64,12.38,11.33
