date,open,close,high,low
2016-01-04,21.484,19.624,21.693,19.624
2016-01-05,17.693,17.912,19.265,17.663
2016-01-06,18.161,18.658,18.758,17.723
2016-01-07,18.31,16.797,18.31,16.797
2016-01-08,17.414,16.429,17.594,15.215
2016-01-11,15.623,14.787,16.101,14.787
2016-01-12,14.529,15.285,15.424,14.041
2016-01-13,15.414,13.882,15.564,13.842
2016-01-14,13.036,15.275,15.275,12.996
2016-01-15,15.613,15.763,16.37,15.295
2016-01-18,15.444,16.569,17.136,15.285
2016-01-19,16.489,16.867,17.016,15.991
2016-01-20,16.579,16.618,17.156,16.32
2016-01-21,16.27,16.708,17.504,15.981
2016-01-22,17.026,16.688,17.106,15.952
2016-01-25,17.046,16.708,17.414,16.569
2016-01-26,16.419,15.036,16.608,15.036
2016-01-27,15.106,15.006,15.434,13.533
2016-01-28,14.578,13.961,14.907,13.703
2016-01-29,13.434,14.668,14.907,13.434
2016-02-01,14.668,14.141,14.728,13.633
2016-02-02,14.23,14.748,15.175,14.23
2016-02-03,14.529,14.827,15.046,14.33
2016-02-04,15.165,15.076,15.374,14.817
2016-02-05,15.086,14.439,15.175,14.409
2016-02-15,13.762,14.349,14.718,13.334
2016-02-16,14.548,15.066,15.275,14.539
2016-02-17,15.126,15.364,15.554,14.837
2016-02-18,15.623,15.076,15.703,14.986
2016-02-19,14.937,15.146,15.374,14.837
2016-02-22,15.474,15.345,15.573,15.136
2016-02-23,15.355,16.379,16.877,15.305
2016-02-24,16.171,16.041,16.21,15.573
2016-02-25,15.922,14.439,16.041,14.439
2016-02-26,14.33,13.872,14.618,13.374
2016-02-29,13.484,12.489,13.832,12.489
2016-03-01,12.439,12.698,12.817,11.444
2016-03-02,12.698,13.205,13.285,12.31
2016-03-03,12.936,12.976,13.733,12.936
2016-03-04,12.926,12.021,13.036,11.941
2016-03-07,12.021,12.29,12.708,12.021
2016-03-08,12.26,12.528,12.558,11.494
2016-03-09,12.14,12.538,13.135,12.031
2016-03-10,12.588,12.18,12.827,12.12
2016-03-11,11.941,12.101,12.379,11.742
2016-03-14,12.339,12.727,12.936,12.29
2016-03-15,12.618,12.369,12.787,12.24
2016-03-16,12.727,12.19,12.777,12.101
2016-03-17,12.24,12.857,12.917,12.13
2016-03-18,12.966,13.892,14.021,12.837
2016-03-21,14.28,14.519,14.598,13.902
2016-03-22,14.22,14.131,14.499,14.081
2016-03-23,14.071,14.359,14.369,14.031
2016-03-24,14.33,13.653,14.33,13.633
2016-03-25,13.603,13.932,14.081,13.603
2016-03-28,14.101,13.344,14.25,13.205
2016-03-29,13.295,12.926,13.434,12.837
2016-03-30,13.135,13.703,13.733,13.046
2016-03-31,13.832,13.504,13.981,13.464
2016-04-01,13.384,13.135,13.553,12.558
2016-04-05,13.185,14.021,14.131,13.046
2016-04-06,13.991,14.001,14.131,13.683
2016-04-07,14.131,13.404,14.17,13.205
2016-04-08,13.245,13.285,13.354,13.016
2016-04-11,13.424,14.618,14.618,13.344
2016-04-12,15.006,15.215,15.305,14.399
2016-04-13,15.016,15.335,15.802,14.827
2016-04-14,15.335,15.315,15.474,14.966
2016-04-15,15.305,15.126,15.554,14.986
2016-04-18,14.927,14.568,14.927,14.24
2016-04-19,14.608,14.718,14.837,14.429
2016-04-20,14.837,13.344,14.857,13.245
2016-04-21,13.235,13.046,13.533,13.016
2016-04-22,12.897,13.384,13.613,12.847
2016-04-25,13.275,13.116,13.275,12.926
2016-04-26,13.215,13.494,13.583,13.116
2016-04-27,13.494,13.285,13.563,13.235
2016-04-28,13.285,13.583,13.812,12.867
2016-04-29,13.434,13.384,13.593,13.354
2016-05-03,13.086,13.792,13.842,13.076
2016-05-04,13.802,13.633,13.862,13.593
2016-05-05,13.633,13.673,13.742,13.454
2016-05-06,13.673,12.797,13.832,12.747
2016-05-09,12.737,12.339,12.737,12.14
2016-05-10,12.3,12.369,12.489,12.15
2016-05-11,12.538,12.22,12.588,12.16
2016-05-12,11.951,12.15,12.27,11.852
2016-05-13,12.19,12.071,12.31,11.981
2016-05-16,12.041,12.27,12.31,12.001
2016-05-17,12.369,12.379,12.678,12.11
2016-05-18,12.24,11.882,12.27,11.782
2016-05-19,12.051,12.051,12.319,11.921
2016-05-20,11.951,12.25,12.28,11.951
2016-05-23,12.31,12.379,12.419,12.25
2016-05-24,12.409,12.15,12.409,12.071
2016-05-25,12.28,12.12,12.389,12.061
2016-05-26,11.991,12.23,12.319,11.752
2016-05-27,12.21,12.051,12.22,12.031
2016-05-30,12.12,12.817,13.116,12.071
2016-05-31,12.568,13.265,13.394,12.558
2016-06-01,13.185,13.106,13.583,13.086
2016-06-02,12.976,13.235,13.235,12.976
2016-06-03,13.185,13.125,13.315,13.036
2016-06-06,13.135,13.066,13.275,12.936
2016-06-07,13.036,13.235,13.245,12.936
2016-06-08,13.226,13.236,13.325,13.096
2016-06-13,13.046,12.069,13.046,12.069
2016-06-14,12.019,12.099,12.278,12.009
2016-06-15,11.969,12.497,12.667,11.889
2016-06-16,12.448,12.248,12.567,12.188
2016-06-17,12.288,13.475,13.475,12.288
2016-06-20,13.844,13.954,14.243,13.315
2016-06-21,13.874,13.565,13.914,13.325
2016-06-22,13.515,13.894,13.944,13.425
2016-06-23,13.764,13.495,13.964,13.365
2016-06-24,13.465,13.565,13.904,12.827
2016-06-27,13.265,14.043,14.043,13.196
2016-06-28,13.894,14.093,14.642,13.874
2016-06-29,14.133,13.924,14.263,13.784
2016-06-30,13.914,13.944,13.994,13.744
2016-07-01,13.994,13.744,14.223,13.674
2016-07-04,13.744,13.994,14.043,13.465
2016-07-05,14.014,13.924,14.133,13.734
2016-07-06,13.924,13.924,13.944,13.694
2016-07-07,13.914,14.363,14.422,13.804
2016-07-08,14.941,14.412,15.29,14.373
2016-07-11,14.253,13.944,14.562,13.924
2016-07-12,13.774,14.163,14.213,13.664
2016-07-13,14.153,14.293,14.442,14.023
2016-07-14,14.293,14.253,14.313,14.073
2016-07-15,14.253,14.063,14.343,14.033
2016-07-18,14.063,13.804,14.133,13.774
2016-07-19,13.864,14.004,14.004,13.764
2016-07-20,14.033,13.874,14.043,13.844
2016-07-21,13.844,13.834,13.984,13.814
2016-07-22,13.844,13.974,14.004,13.724
2016-07-25,13.914,13.784,13.944,13.744
2016-07-26,13.734,13.914,13.934,13.734
2016-07-27,13.944,13.056,13.954,12.847
2016-07-28,12.996,12.797,13.166,12.358
2016-07-29,12.777,12.567,12.837,12.478
2016-08-01,12.567,12.368,12.647,12.198
2016-08-02,12.468,12.547,12.567,12.358
2016-08-03,12.517,12.458,12.517,12.368
2016-08-04,12.547,12.587,12.647,12.408
2016-08-05,12.607,12.448,12.607,12.428
2016-08-08,12.448,12.617,12.647,12.248
2016-08-09,12.707,13.026,13.126,12.637
2016-08-10,13.066,12.817,13.136,12.797
2016-08-11,12.817,12.567,12.926,12.567
2016-08-12,12.547,12.687,12.727,12.448
2016-08-15,12.697,13.046,13.106,12.577
2016-08-16,13.106,13.066,13.156,13.006
2016-08-17,13.156,13.066,13.166,12.976
2016-08-18,13.016,13.046,13.066,12.916
2016-08-19,13.026,13.036,13.106,12.936
2016-08-22,13.036,12.767,13.056,12.707
2016-08-23,12.747,12.767,12.847,12.667
2016-08-24,12.777,12.906,12.996,12.737
2016-08-25,12.867,12.707,12.867,12.497
2016-08-26,12.727,12.817,13.006,12.727
2016-08-29,13.066,13.126,13.216,12.916
2016-08-30,13.086,13.116,13.206,13.046
2016-08-31,13.106,13.006,13.116,12.936
2016-09-01,12.966,12.896,13.086,12.896
2016-09-02,12.946,12.867,12.996,12.777
2016-09-05,12.727,13.116,13.295,12.727
2016-09-06,13.116,13.236,13.265,12.996
2016-09-07,13.255,13.475,13.714,13.196
2016-09-08,13.365,13.455,13.565,13.315
2016-09-09,13.385,13.126,13.545,13.116
2016-09-12,12.847,12.827,13.076,12.677
2016-09-13,12.847,12.956,13.016,12.777
2016-09-14,12.876,13.325,13.475,12.797
2016-09-19,13.365,13.525,13.644,13.315
2016-09-20,13.455,13.385,13.565,13.265
2016-09-21,13.355,13.565,13.625,13.325
2016-09-22,13.654,13.395,13.764,13.365
2016-09-23,13.375,13.236,13.485,13.196
2016-09-26,13.166,12.966,13.365,12.966
2016-09-27,12.986,13.166,13.166,12.886
2016-09-28,13.106,13.036,13.156,12.986
2016-09-29,13.036,13.106,13.226,13.036
2016-09-30,13.076,13.136,13.146,12.996
2016-10-10,13.146,13.485,13.495,13.076
2016-10-11,13.425,13.485,13.495,13.355
2016-10-12,13.315,13.425,13.445,13.315
2016-10-13,13.435,13.315,13.435,13.265
2016-10-14,13.315,13.246,13.315,13.106
2016-10-17,13.275,13.116,13.335,13.066
2016-10-18,13.026,13.285,13.325,13.026
2016-10-19,13.166,13.395,13.415,13.166
2016-10-20,13.405,13.365,13.505,13.305
2016-10-21,13.405,13.226,13.445,13.066
2016-10-24,13.166,13.265,13.325,13.106
2016-10-25,13.246,13.265,13.305,13.186
2016-10-26,13.285,13.196,13.355,13.116
2016-10-27,13.116,13.146,13.216,13.066
2016-10-28,13.146,12.906,13.216,12.906
2016-10-31,12.876,12.956,13.016,12.687
2016-11-01,12.966,13.126,13.166,12.926
2016-11-02,13.146,12.996,13.146,12.976
2016-11-03,12.896,12.996,13.166,12.896
2016-11-04,13.006,13.026,13.166,12.966
2016-11-07,13.056,12.896,13.086,12.867
2016-11-08,12.936,12.956,13.026,12.926
2016-11-09,12.936,12.757,13.026,12.637
2016-11-10,12.916,12.896,12.976,12.857
2016-11-11,12.896,12.996,13.046,12.787
2016-11-14,12.926,13.146,13.236,12.926
2016-11-15,13.186,13.246,13.295,13.016
2016-11-16,13.315,13.146,13.315,13.136
2016-11-17,13.126,13.076,13.126,12.996
2016-11-18,13.076,13.465,13.954,13.026
2016-11-21,13.335,13.335,13.455,13.176
2016-11-22,13.265,13.375,13.385,13.196
2016-11-23,13.385,13.216,13.405,13.166
2016-11-24,13.236,13.056,13.246,13.036
2016-11-25,13.076,13.156,13.166,12.847
2016-11-28,13.206,13.146,13.246,13.106
2016-11-29,13.126,12.956,13.126,12.936
2016-11-30,12.936,12.936,13.116,12.886
2016-12-01,12.966,12.946,13.036,12.886
2016-12-02,12.956,12.707,13.006,12.707
2016-12-05,12.637,12.727,12.807,12.597
2016-12-06,12.697,12.767,12.867,12.697
2016-12-07,12.787,12.857,12.886,12.707
2016-12-08,12.867,12.777,12.867,12.747
2016-12-09,12.787,12.717,12.827,12.657
2016-12-12,12.657,11.54,12.717,11.45
2016-12-13,11.54,11.49,11.57,11.241
2016-12-14,11.42,11.211,11.53,11.171
2016-12-15,11.171,11.291,11.47,11.131
2016-12-16,11.35,11.39,11.45,11.271
2016-12-19,11.35,11.321,11.51,11.241
2016-12-20,11.35,11.37,11.38,11.251
2016-12-21,11.42,11.5,11.5,11.35
2016-12-22,11.48,11.38,11.5,11.191
2016-12-23,11.36,11.261,11.42,11.261
2016-12-26,11.191,11.43,11.46,11.001
2016-12-27,11.37,11.41,11.5,11.37
2016-12-28,11.41,11.46,11.51,11.38
2016-12-29,11.48,11.45,11.59,11.41
2016-12-30,11.53,11.44,11.739,11.41
2017-01-03,11.41,11.54,11.62,11.41
2017-01-04,11.55,11.64,11.67,11.46
2017-01-05,11.65,11.59,11.71,11.58
2017-01-06,11.57,11.47,11.62,11.42
2017-01-09,11.47,11.52,11.62,11.39
2017-01-10,11.57,11.47,11.59,11.46
2017-01-11,11.47,11.311,11.51,11.291
2017-01-12,11.271,11.181,11.42,11.171
2017-01-13,11.131,10.932,11.221,10.932
2017-01-16,10.922,9.944,10.932,9.834
2017-01-17,9.924,10.323,10.553,9.785
2017-01-18,10.273,10.064,10.323,9.974
2017-01-19,9.984,10.114,10.223,9.924
2017-01-20,10.144,10.323,10.473,10.094
2017-01-23,10.373,10.393,10.523,10.283
2017-01-24,10.423,10.373,10.473,10.273
2017-01-25,10.373,10.403,10.453,10.273
2017-01-26,10.423,10.483,10.523,10.393
2017-02-03,10.503,10.323,10.503,10.263
2017-02-06,10.313,10.453,10.473,10.273
2017-02-07,10.433,10.383,10.523,10.313
2017-02-08,10.313,10.543,10.553,10.313
2017-02-09,10.503,10.662,10.702,10.493
2017-02-10,10.652,10.572,10.702,10.503
2017-02-13,10.572,10.722,10.772,10.533
2017-02-14,10.672,10.652,10.732,10.622
2017-02-15,10.662,10.413,10.722,10.343
2017-02-16,10.413,10.453,10.503,10.293
2017-02-17,10.413,10.273,10.553,10.253
2017-02-20,10.283,10.433,10.443,10.273
2017-02-21,10.433,10.592,10.632,10.393
2017-02-22,10.553,10.622,10.692,10.493
2017-02-23,10.712,10.862,11.191,10.702
2017-02-24,10.722,10.872,10.942,10.672
2017-02-27,10.912,10.702,10.912,10.632
2017-02-28,10.622,10.732,10.802,10.622
2017-03-01,10.642,11.809,11.809,10.582
2017-03-02,11.829,11.4,11.829,11.36
2017-03-03,11.37,11.859,12.178,11.191
2017-03-06,11.729,11.979,12.049,11.66
2017-03-07,11.879,11.749,11.979,11.72
2017-03-08,11.72,11.55,11.829,11.4
2017-03-09,11.54,11.46,11.65,11.39
2017-03-10,11.43,11.62,11.849,11.42
2017-03-13,11.71,11.799,12.089,11.53
2017-03-14,11.729,11.66,11.939,11.62
2017-03-15,12.348,12.827,12.827,12.348
2017-03-16,12.847,13.375,13.744,12.607
2017-03-17,13.066,12.817,13.246,12.657
2017-03-20,13.176,13.066,13.365,12.857
2017-03-21,12.847,12.767,12.956,12.567
2017-03-22,12.617,12.727,12.847,12.517
2017-03-23,12.737,12.707,12.827,12.318
2017-03-24,12.667,12.697,12.747,12.398
2017-03-27,12.697,12.996,13.216,12.577
2017-03-28,12.996,12.687,13.106,12.647
2017-03-29,12.667,12.168,12.667,12.168
2017-03-30,12.128,11.919,12.318,11.859
2017-03-31,11.869,12.118,12.208,11.789
2017-04-05,11.999,12.228,12.258,11.65
2017-04-06,12.148,12.458,12.468,12.148
2017-04-07,12.468,12.288,12.517,12.178
2017-04-10,12.138,11.53,12.168,11.53
2017-08-18,10.38,10.38,10.58,10.38
2017-08-21,9.98,10.16,10.31,9.88
2017-08-22,10.05,10.11,10.27,10.05
2017-08-23,10.1,10.08,10.17,9.99
2017-08-24,10.09,9.99,10.13,9.96
2017-08-25,9.97,10.06,10.09,9.94
2017-08-28,10.12,10.1,10.14,10.05
2017-08-29,10.07,10.0,10.09,9.99
2017-08-30,10.0,10.0,10.04,9.98
2017-08-31,10.04,10.25,10.6,10.0
2017-09-01,10.2,10.2,10.28,10.16
2017-09-04,10.15,10.29,10.49,10.1
2017-09-05,10.27,10.3,10.38,10.18
2017-09-06,10.27,10.29,10.3,10.19
2017-09-07,10.29,10.25,10.44,10.24
2017-09-08,10.29,10.4,10.55,10.22
2017-09-11,10.6,10.42,10.6,10.36
2017-09-12,10.4,10.27,10.42,10.25
2017-09-13,10.25,10.31,10.32,10.18
2017-09-14,10.29,10.44,10.56,10.2
2017-09-15,10.44,10.25,10.44,10.2
2017-09-18,10.26,10.21,10.27,10.17
2017-09-19,10.2,10.22,10.36,10.18
2017-09-20,10.28,10.31,10.32,10.2
2017-09-21,10.35,10.02,10.35,10.01
2017-09-22,10.03,10.08,10.09,9.95
2017-09-25,10.07,9.88,10.14,9.85
2017-09-26,9.83,9.88,9.95,9.79
2017-09-27,9.88,9.9,9.94,9.8
2017-09-28,9.91,9.6,9.91,9.55
2017-09-29,9.61,9.6,9.65,9.56
2017-10-09,9.67,9.89,9.93,9.65
2017-10-10,9.89,10.2,10.3,9.85
2017-10-11,10.23,10.02,10.26,10.0
2017-10-12,10.0,10.04,10.2,9.9
2017-10-13,9.97,10.09,10.1,9.94
2017-10-16,10.12,9.81,10.14,9.75
2017-10-17,9.82,9.78,9.86,9.71
2017-10-18,9.84,9.67,9.95,9.63
2017-10-19,9.63,9.54,9.7,9.52
2017-10-20,9.57,9.66,9.66,9.42
2017-10-23,9.66,9.65,9.73,9.58
2017-10-24,9.61,9.56,9.65,9.51
2017-10-25,9.6,9.66,9.66,9.52
2017-10-26,9.67,9.65,9.7,9.58
2017-10-27,9.65,9.53,9.67,9.51
2017-10-30,9.5,8.84,9.5,8.76
2017-10-31,8.74,8.86,8.88,8.74
2017-11-01,8.87,8.77,8.94,8.76
2017-11-02,8.8,9.23,9.58,8.73
2017-11-03,9.21,9.05,9.21,9.03
2017-11-06,9.0,9.0,9.07,8.9
2017-11-07,9.0,9.06,9.19,8.99
2017-11-08,9.06,8.99,9.1,8.93
2017-11-09,8.99,8.98,9.02,8.88
2017-11-10,8.95,8.94,8.97,8.85
2017-11-13,9.02,8.93,9.05,8.91
2017-11-14,8.98,8.94,9.14,8.9
2017-11-15,8.96,8.73,8.96,8.7
2017-11-16,8.72,8.72,8.81,8.69
2017-11-17,8.65,8.12,8.73,8.06
2017-11-20,8.02,7.86,8.08,7.5
2017-11-21,7.8,7.78,7.93,7.7
2017-11-22,7.93,8.02,8.36,7.8
2017-11-23,7.88,7.82,8.0,7.8
2017-11-24,7.86,7.8,7.95,7.76
2017-11-27,7.85,7.7,7.88,7.7
2017-11-28,7.62,7.77,7.79,7.61
2017-11-29,7.73,7.77,7.81,7.68
2017-11-30,7.78,7.88,7.95,7.75
2017-12-01,7.88,8.13,8.5,7.88
2017-12-04,8.13,8.1,8.36,8.03
2017-12-05,8.03,7.72,8.1,7.65
2017-12-06,7.71,7.82,7.82,7.67
2017-12-07,7.82,7.82,7.84,7.73
2017-12-08,7.88,7.85,7.9,7.81
2017-12-11,7.85,7.86,7.94,7.8
2017-12-12,7.86,7.75,7.89,7.7
2017-12-13,7.74,7.75,7.77,7.57
2017-12-14,7.75,7.72,7.79,7.69
2017-12-15,7.76,7.83,8.12,7.61
2017-12-18,7.76,7.65,7.81,7.62
2017-12-19,7.65,7.65,7.71,7.61
2017-12-20,7.65,7.55,7.69,7.5
2017-12-21,7.57,7.5,7.59,7.35
2017-12-22,7.45,7.52,7.73,7.45
2017-12-25,7.45,7.33,7.52,7.28
2017-12-26,7.39,7.27,7.39,7.18
2017-12-27,7.26,7.24,7.29,7.21
2017-12-28,7.25,7.24,7.3,7.2
2017-12-29,7.25,7.33,7.35,7.21
2018-01-02,7.34,7.34,7.37,7.27
2018-01-03,7.34,7.43,7.46,7.3
2018-01-04,7.43,7.42,7.47,7.39
2018-01-05,7.49,7.43,7.54,7.36
2018-01-08,7.41,7.37,7.42,7.31
2018-01-09,7.39,7.37,7.4,7.31
2018-01-10,7.35,7.23,7.38,7.18
2018-01-11,7.22,7.34,7.35,7.05
2018-01-12,7.33,7.21,7.34,7.2
2018-01-15,7.21,6.83,7.22,6.81
2018-01-16,6.81,6.76,6.88,6.7
2018-01-17,6.76,6.82,6.83,6.6
2018-01-18,6.78,6.73,6.83,6.7
2018-01-19,6.75,6.73,6.86,6.68
2018-01-22,6.7,6.84,7.13,6.57
2018-01-23,6.82,6.86,6.86,6.74
2018-01-24,6.82,6.93,6.97,6.78
2018-01-25,6.92,6.89,7.08,6.88
2018-01-26,6.9,6.93,6.96,6.83
2018-01-29,6.92,6.83,6.95,6.72
2018-01-30,6.78,6.74,6.85,6.71
2018-01-31,6.79,6.79,6.8,6.61
2018-02-01,6.78,6.26,6.81,6.22
2018-02-02,6.29,6.08,6.3,5.76
2018-02-05,6.03,5.95,6.03,5.86
2018-02-06,5.83,5.4,5.9,5.36
2018-02-07,5.45,5.47,5.61,5.22
2018-02-08,5.44,5.74,5.96,5.36
2018-02-09,6.1,6.31,6.31,5.7
2018-02-12,6.67,6.48,6.88,6.42
2018-02-13,6.36,6.06,6.55,6.03
2018-02-14,6.02,5.9,6.13,5.81
2018-02-22,5.88,5.93,6.05,5.88
2018-02-23,5.88,5.92,5.94,5.85
2018-02-26,5.93,6.12,6.15,5.92
2018-02-27,6.14,6.41,6.64,6.08
2018-02-28,6.42,6.6,6.61,6.24
2018-03-01,6.51,6.8,6.8,6.42
2018-03-02,6.67,6.81,6.87,6.55
2018-03-05,6.7,6.74,6.93,6.7
2018-03-06,6.77,6.73,6.81,6.66
2018-03-07,6.7,6.62,6.74,6.57
2018-03-08,6.6,6.75,6.93,6.57
2018-03-09,6.79,6.87,6.98,6.71
2018-03-12,6.89,7.31,7.36,6.89
2018-03-13,7.27,7.39,7.44,7.06
2018-03-14,7.35,7.63,7.75,7.25
2018-03-15,7.6,7.66,7.79,7.24
2018-03-16,7.6,7.58,7.79,7.52
2018-03-19,7.53,7.4,7.62,7.35
2018-03-20,7.27,7.6,7.62,7.26
2018-03-21,7.61,7.33,7.7,7.33
2018-03-22,7.23,7.25,7.4,7.21
2018-03-23,7.1,6.56,7.1,6.53
2018-03-26,6.47,6.78,6.8,6.22
2018-03-27,6.83,7.11,7.13,6.83
2018-03-28,6.95,7.46,7.77,6.93
2018-03-29,7.43,7.46,7.8,7.42
2018-03-30,7.58,7.56,7.65,7.46
2018-04-02,7.75,7.69,7.8,7.45
2018-04-03,7.6,7.54,7.6,7.34
2018-04-04,7.58,7.45,7.69,7.4
2018-04-09,7.41,7.78,7.78,7.35
2018-04-10,7.88,8.14,8.15,7.81
2018-04-11,8.15,8.05,8.19,7.95
2018-04-12,8.06,8.02,8.07,7.92
2018-04-13,8.02,7.99,8.29,7.97
2018-04-16,7.87,7.86,7.98,7.8
2018-04-17,7.93,7.46,7.99,7.42
2018-04-18,7.44,7.62,7.64,7.3
2018-04-19,7.65,7.62,7.75,7.55
2018-04-20,7.62,7.19,7.68,7.15
2018-04-23,7.08,7.22,7.33,7.08
2018-04-24,7.27,7.44,7.5,7.16
2018-04-25,7.35,7.52,7.58,7.35
2018-04-26,7.52,7.21,7.52,7.21
2018-04-27,7.26,7.32,7.39,7.21
2018-05-02,7.39,7.26,7.44,7.12
2018-05-03,7.26,7.42,7.42,7.09
2018-05-04,7.38,7.39,7.45,7.33
2018-05-07,7.45,8.13,8.13,7.4
2018-05-08,8.7,7.99,8.77,7.97
2018-05-09,7.85,7.96,8.09,7.75
2018-05-10,7.8,7.79,7.9,7.67
2018-05-11,7.73,7.94,8.04,7.7
2018-05-14,7.8,7.84,7.93,7.74
2018-05-15,7.84,7.93,7.99,7.78
2018-05-16,7.86,7.71,7.9,7.68
2018-05-17,7.72,7.49,7.72,7.48
2018-05-18,7.49,7.59,7.61,7.42
2018-05-21,7.58,7.72,7.76,7.58
2018-05-22,7.72,7.77,7.8,7.63
2018-05-23,7.75,7.57,7.86,7.57
2018-05-24,7.56,7.61,7.67,7.53
2018-05-25,7.64,7.33,7.64,7.31
