date,open,close,high,low
2016-01-04,14.515,13.228,15.064,13.208
2016-01-05,12.48,13.109,13.617,12.121
2016-01-06,13.099,13.538,13.547,12.58
2016-01-07,13.119,12.181,13.168,12.181
2016-01-08,12.47,11.602,12.63,11.053
2016-01-11,11.273,10.445,11.323,10.445
2016-01-12,10.126,9.926,10.475,9.687
2016-01-13,10.136,9.587,10.435,9.537
2016-01-14,8.988,9.986,10.076,8.759
2016-01-15,10.026,9.128,10.066,9.108
2016-01-18,8.779,9.378,9.617,8.579
2016-01-19,9.328,9.826,9.866,9.188
2016-01-20,9.777,9.836,10.136,9.647
2016-01-21,9.607,9.078,9.916,9.078
2016-01-22,9.308,9.368,9.417,8.889
2016-01-25,9.517,9.627,9.677,9.288
2016-01-26,9.417,8.669,9.527,8.669
2016-01-27,8.669,8.42,8.799,7.981
2016-01-28,8.3,7.662,8.36,7.662
2016-01-29,7.692,7.881,8.091,7.692
2016-02-01,7.841,7.622,7.921,7.392
2016-02-02,7.622,7.991,8.061,7.622
2016-02-03,7.841,8.131,8.21,7.781
2016-02-04,8.111,8.36,8.49,8.101
2016-02-05,8.29,8.33,8.579,8.24
2016-02-15,7.811,8.28,8.4,7.811
2016-02-16,8.38,8.659,8.709,8.37
2016-02-17,8.639,8.959,8.978,8.46
2016-02-18,8.988,8.759,9.038,8.709
2016-02-19,8.739,8.839,8.949,8.579
2016-02-22,8.949,8.899,8.978,8.759
2016-02-23,8.889,8.679,8.919,8.53
2016-02-24,8.978,8.879,9.467,8.679
2016-02-25,8.719,7.991,8.759,7.991
2016-02-26,8.031,7.682,8.041,7.472
2016-02-29,7.692,6.913,7.761,6.913
2016-03-01,6.943,7.053,7.173,6.524
2016-03-02,6.973,7.442,7.462,6.953
2016-03-03,7.382,7.362,7.642,7.322
2016-03-04,7.342,7.163,7.472,6.883
2016-03-07,7.263,7.392,7.552,7.173
2016-03-08,7.432,7.532,7.532,7.063
2016-03-09,7.382,7.572,7.682,7.273
2016-03-10,7.532,7.572,7.871,7.372
2016-03-11,7.432,7.452,7.602,7.352
2016-03-14,7.532,7.821,7.981,7.492
2016-03-15,7.781,7.721,7.881,7.632
2016-03-16,7.771,7.612,7.881,7.582
2016-03-17,7.682,7.921,7.991,7.562
2016-03-18,7.991,8.28,8.32,7.931
2016-03-21,8.37,8.559,8.629,8.28
2016-03-22,8.46,8.619,8.709,8.29
2016-03-23,8.54,8.53,8.719,8.44
2016-03-24,8.46,8.26,8.5,8.23
2016-03-25,8.21,8.39,8.47,8.19
2016-03-28,8.42,8.49,8.749,8.39
2016-03-29,8.49,8.23,8.54,8.16
2016-03-30,8.3,8.549,8.549,8.3
2016-03-31,8.569,8.639,8.739,8.18
2016-04-01,8.53,8.41,8.599,8.29
2016-04-05,8.46,8.759,8.779,8.38
2016-04-06,8.719,8.769,8.829,8.619
2016-04-07,8.719,8.919,9.118,8.5
2016-04-08,8.759,9.378,9.487,8.679
2016-04-13,9.457,9.747,10.166,9.138
2016-04-14,9.687,9.567,9.767,9.387
2016-04-15,9.577,9.467,9.657,9.378
2016-04-18,9.338,9.158,9.378,8.978
2016-04-19,9.228,9.318,9.358,9.028
2016-04-20,9.318,8.48,9.368,8.4
2016-04-21,8.47,8.33,8.719,8.28
2016-04-22,8.28,8.44,8.49,8.24
2016-04-25,8.38,8.46,8.5,8.2
2016-04-26,8.38,8.719,8.749,8.31
2016-04-27,8.719,8.569,8.779,8.549
2016-04-28,8.599,8.52,8.649,8.081
2016-04-29,8.43,8.36,8.52,8.28
2016-05-03,8.37,8.669,8.669,8.29
2016-05-04,8.609,8.769,8.839,8.579
2016-05-05,8.709,8.769,8.829,8.629
2016-05-06,8.769,8.269,8.869,8.249
2016-05-09,8.109,7.69,8.219,7.59
2016-05-10,7.73,7.79,7.88,7.56
2016-05-11,7.89,7.85,8.08,7.71
2016-05-12,7.69,7.64,7.69,7.4
2016-05-13,7.58,7.61,7.75,7.51
2016-05-16,7.64,7.92,7.92,7.52
2016-05-17,7.92,7.93,8.06,7.73
2016-05-18,7.84,7.63,7.91,7.54
2016-05-19,7.64,7.69,7.87,7.63
2016-05-20,7.71,7.87,7.87,7.61
2016-05-23,7.84,7.92,8.0,7.84
2016-05-24,7.9,7.81,7.96,7.62
2016-05-25,7.87,7.72,7.93,7.7
2016-05-26,7.75,7.74,7.78,7.52
2016-05-27,7.79,7.75,7.81,7.68
2016-05-30,7.69,8.0,8.05,7.59
2016-05-31,8.02,8.289,8.289,7.94
2016-06-01,8.289,8.189,8.359,8.129
2016-06-02,8.179,8.249,8.249,8.109
2016-06-03,8.239,8.209,8.279,8.139
2016-06-06,8.229,8.1,8.229,8.03
2016-06-07,8.1,8.149,8.189,8.01
2016-06-08,8.139,8.229,8.269,8.04
2016-06-13,8.119,7.71,8.189,7.63
2016-06-14,7.69,7.79,7.85,7.63
2016-06-15,7.69,8.109,8.149,7.69
2016-06-16,8.189,8.339,8.479,8.159
2016-06-17,8.269,8.289,8.479,8.199
2016-06-20,8.239,8.349,8.449,8.239
2016-06-21,8.399,8.179,8.449,8.09
2016-06-22,8.129,8.429,8.439,8.119
2016-06-23,8.429,8.639,8.779,8.399
2016-06-24,8.649,8.539,8.689,8.169
2016-06-27,8.509,8.829,8.839,8.509
2016-06-28,8.819,8.749,8.819,8.649
2016-06-29,8.759,8.859,8.888,8.699
2016-06-30,8.859,9.028,9.298,8.859
2016-07-01,9.028,8.888,9.198,8.869
2016-07-04,8.888,9.008,9.078,8.599
2016-07-05,8.988,8.988,9.038,8.938
2016-07-06,8.988,9.238,9.308,8.948
2016-07-07,9.238,9.198,9.258,9.028
2016-07-08,9.198,10.117,10.117,9.088
2016-07-11,10.117,9.967,10.566,9.787
2016-07-12,9.837,10.207,10.307,9.488
2016-07-13,10.097,10.177,10.307,10.047
2016-07-14,10.177,10.197,10.287,9.967
2016-07-15,9.997,10.027,10.087,9.178
2016-07-18,9.937,10.077,10.377,9.847
2016-07-19,10.037,10.067,10.157,9.897
2016-07-20,10.137,10.387,10.536,10.027
2016-07-21,10.287,10.407,10.536,10.197
2016-07-22,10.387,10.187,10.436,10.037
2016-07-25,10.137,9.977,10.277,9.827
2016-07-26,10.097,10.586,10.776,10.097
2016-07-27,10.516,9.847,10.536,9.657
2016-07-28,9.737,9.737,9.947,9.398
2016-07-29,9.707,9.797,10.017,9.618
2016-08-01,9.747,9.887,10.057,9.258
2016-08-02,9.937,9.997,10.077,9.837
2016-08-03,9.907,9.967,10.027,9.827
2016-08-04,9.917,9.847,9.977,9.757
2016-08-05,9.917,9.628,9.917,9.618
2016-08-08,9.498,9.697,9.727,9.408
2016-08-09,9.697,10.666,10.666,9.687
2016-08-10,10.636,10.556,10.906,10.506
2016-08-11,10.516,10.546,10.746,10.297
2016-08-12,10.486,10.327,10.606,10.147
2016-08-15,10.536,10.486,10.646,10.367
2016-08-16,10.426,10.436,10.676,10.297
2016-08-17,10.476,10.566,10.596,10.287
2016-08-18,10.496,10.536,10.636,10.377
2016-08-19,10.486,10.666,10.906,10.387
2016-08-22,10.666,10.726,10.786,10.307
2016-08-23,10.606,10.926,11.116,10.586
2016-08-24,10.966,11.445,11.545,10.756
2016-08-25,11.305,11.285,11.375,11.016
2016-08-26,11.385,11.066,11.635,11.036
2016-08-29,11.096,11.176,11.205,10.886
2016-08-30,11.176,10.996,11.265,10.946
2016-08-31,11.086,10.776,11.086,10.656
2016-09-01,10.806,10.986,11.235,10.636
2016-09-02,10.956,11.116,11.176,10.886
2016-09-05,11.166,11.185,11.335,10.986
2016-09-06,11.205,11.185,11.275,11.036
2016-09-07,11.225,11.185,11.405,11.096
2016-09-08,11.205,11.026,11.225,10.906
2016-09-09,11.016,11.305,11.435,10.946
2016-09-12,11.076,11.026,11.185,10.916
2016-09-13,11.096,10.946,11.136,10.736
2016-09-14,10.886,11.006,11.016,10.806
2016-09-19,11.036,11.425,11.535,11.036
2016-09-20,11.405,11.835,12.144,11.345
2016-09-21,11.785,11.845,12.044,11.735
2016-09-22,11.964,12.344,12.554,11.865
2016-09-23,12.274,12.204,12.454,11.935
2016-09-26,12.134,11.885,12.164,11.645
2016-09-27,11.775,11.865,11.974,11.675
2016-09-28,11.785,11.765,11.954,11.715
2016-09-29,11.785,11.685,11.915,11.645
2016-09-30,11.675,12.064,12.064,11.595
2016-10-10,12.084,12.164,12.244,11.994
2016-10-11,12.164,12.144,12.294,12.044
2016-10-12,12.164,12.454,12.664,12.034
2016-10-13,12.454,12.164,12.534,12.114
2016-10-14,12.124,12.254,12.344,11.785
2016-10-17,12.084,12.184,12.524,12.084
2016-10-18,12.094,12.284,12.324,12.084
2016-10-19,12.264,12.234,12.524,12.174
2016-10-20,12.214,12.374,12.484,12.094
2016-10-21,12.434,12.574,12.604,12.194
2016-10-24,12.564,12.783,12.863,12.414
2016-10-25,12.674,12.514,12.733,12.514
2016-10-26,12.534,12.464,12.574,12.324
2016-10-27,12.434,12.484,12.604,12.364
2016-10-28,12.484,12.184,12.514,12.104
2016-10-31,12.184,11.984,12.244,11.855
2016-11-01,11.615,12.004,12.264,11.096
2016-11-02,11.795,12.154,12.384,11.785
2016-11-03,12.184,12.454,12.853,12.124
2016-11-04,12.474,12.454,12.813,12.344
2016-11-07,12.494,13.003,13.063,12.434
2016-11-08,13.013,13.023,13.403,12.893
2016-11-09,12.953,14.321,14.321,12.344
2016-11-10,14.062,14.082,14.431,13.982
2016-11-11,13.942,14.182,14.761,13.942
2016-11-14,14.092,14.481,14.491,14.022
2016-11-15,14.411,14.461,14.731,14.152
2016-11-16,14.451,14.341,14.731,14.192
2016-11-17,14.341,14.212,14.431,14.022
2016-11-18,14.142,14.002,14.361,13.992
2016-11-21,13.892,13.962,14.232,13.712
2016-11-22,14.172,14.142,14.351,13.872
2016-11-23,14.052,14.142,14.232,14.052
2016-11-24,14.032,14.301,14.341,14.002
2016-11-25,14.222,14.481,14.831,12.983
2016-11-28,14.491,14.391,14.711,14.281
2016-11-29,14.341,13.343,14.501,13.143
2016-11-30,13.283,13.632,13.782,12.504
2016-12-01,13.582,13.832,13.832,13.433
2016-12-02,13.842,13.852,14.022,13.662
2016-12-05,13.732,12.464,13.772,12.464
2016-12-06,11.715,12.853,13.063,11.715
2016-12-07,12.674,12.843,13.043,12.494
2016-12-08,12.773,12.843,13.033,12.684
2016-12-09,12.853,12.624,12.943,12.494
2016-12-12,12.793,11.365,12.933,11.365
2016-12-13,10.227,11.685,12.184,10.227
2016-12-14,11.685,11.785,11.954,11.405
2016-12-15,11.655,11.695,11.885,11.485
2016-12-16,11.755,12.863,12.863,11.535
2016-12-19,12.813,14.152,14.152,12.813
2016-12-20,14.152,14.421,15.21,13.782
2016-12-21,14.381,14.431,14.581,13.862
2016-12-22,14.441,14.311,14.681,14.281
2016-12-23,14.112,14.082,14.311,13.732
2016-12-26,14.122,14.212,14.581,13.842
2016-12-27,14.082,14.411,14.451,14.052
2016-12-28,14.381,13.443,14.391,13.243
2016-12-29,13.013,13.273,13.552,12.763
2016-12-30,13.383,13.283,13.672,12.983
2017-01-03,13.173,12.793,13.632,12.634
2017-01-04,12.983,14.072,14.072,12.783
2017-01-05,14.152,14.082,14.222,13.712
2017-01-06,13.812,13.762,14.042,13.373
2017-01-09,13.882,13.862,14.032,13.542
2017-01-10,13.782,13.942,14.142,13.692
2017-01-11,13.832,13.712,14.022,13.443
2017-01-12,13.742,14.162,14.631,13.712
2017-01-13,13.882,13.752,14.301,13.682
2017-01-16,13.782,12.374,13.782,12.374
2017-01-17,12.084,12.863,13.073,12.034
2017-01-18,12.863,12.883,12.953,12.694
2017-01-19,12.853,12.873,13.063,12.684
2017-01-20,12.883,13.123,13.323,12.793
2017-01-23,13.273,13.003,13.333,12.963
2017-01-24,12.973,13.612,13.852,12.684
2017-01-25,13.483,13.622,13.982,13.283
2017-01-26,13.562,13.582,13.782,13.183
2017-02-03,13.483,13.483,13.692,13.403
2017-02-06,13.483,13.552,13.712,13.423
2017-02-07,13.433,13.522,13.662,13.343
2017-02-08,13.483,13.882,14.182,13.483
2017-02-09,13.862,13.932,14.162,13.702
2017-02-10,13.912,13.932,14.112,13.842
2017-02-13,13.952,14.122,14.661,13.952
2017-02-14,13.992,13.932,14.162,13.682
2017-02-15,13.942,13.952,14.232,13.782
2017-02-16,13.862,13.962,14.132,13.742
2017-02-17,14.082,13.822,14.082,13.742
2017-02-20,13.782,14.431,14.581,13.632
2017-02-21,14.441,15.879,15.879,14.391
2017-02-22,15.979,16.029,16.329,15.65
2017-02-23,15.979,15.51,16.818,15.28
2017-02-24,15.78,15.869,16.219,15.54
2017-02-27,15.7,15.75,16.229,15.6
2017-02-28,15.78,15.989,16.129,15.57
2017-03-01,15.989,16.019,16.129,15.809
2017-03-02,15.979,15.929,16.129,15.809
2017-03-03,15.859,15.78,15.939,15.55
2017-03-06,15.66,16.189,16.319,15.6
2017-03-07,16.209,16.229,16.628,16.109
2017-03-08,16.139,15.949,16.259,15.77
2017-03-09,15.929,17.547,17.547,15.929
2017-03-10,17.567,15.789,19.275,15.789
2017-03-13,15.879,16.658,17.078,15.879
2017-03-14,16.499,15.899,16.549,15.08
2017-03-15,15.72,15.27,15.829,15.27
2017-03-16,15.43,15.41,15.62,15.18
2017-03-17,15.39,15.43,15.63,15.29
2017-03-20,15.41,15.46,15.56,15.14
2017-03-21,15.36,15.869,16.029,15.36
2017-03-22,15.72,15.74,15.869,15.48
2017-03-23,15.889,15.76,16.379,15.68
2017-03-24,15.63,15.41,15.68,15.29
2017-03-27,15.58,15.53,15.62,15.28
2017-03-28,15.61,15.58,15.67,15.46
2017-03-29,15.62,15.849,15.949,15.47
2017-03-30,15.869,15.42,15.869,15.38
2017-03-31,15.63,15.46,15.66,15.39
2017-04-05,15.68,15.799,15.909,15.48
2017-04-06,15.969,16.119,16.329,15.789
2017-04-07,16.129,15.889,16.269,15.849
2017-04-10,15.889,15.22,15.999,15.13
2017-04-11,15.23,13.702,15.4,13.702
2017-04-12,12.334,12.334,12.334,12.334
2017-04-13,11.106,11.106,11.805,11.106
2017-04-14,10.586,10.237,10.786,10.117
2017-04-17,10.157,9.288,10.167,9.218
2017-04-18,9.358,9.398,9.707,9.288
2017-04-19,9.528,9.518,9.568,9.288
2017-04-20,9.568,9.078,9.578,8.898
2017-04-21,9.078,8.859,9.138,8.799
2017-04-24,8.809,8.219,8.829,8.189
2017-04-25,8.289,8.359,8.429,8.269
2017-04-26,8.339,8.479,8.709,8.289
2017-04-27,8.479,8.769,8.948,8.119
2017-04-28,8.719,8.869,8.978,8.679
2017-05-02,8.918,8.779,8.918,8.649
2017-05-03,8.739,9.058,9.098,8.729
2017-05-04,8.968,9.078,9.288,8.829
2017-05-05,9.138,8.888,9.268,8.888
2017-05-08,8.749,8.409,8.839,8.339
2017-05-09,8.289,8.579,8.639,8.259
2017-05-10,8.589,8.329,8.729,8.319
2017-05-11,8.199,8.379,8.419,8.02
2017-05-12,8.349,8.349,8.459,8.259
2017-05-15,8.369,8.229,8.439,8.219
2017-05-16,8.179,8.449,8.489,7.89
2017-05-17,8.419,8.709,8.739,8.419
2017-05-18,8.589,8.519,8.739,8.469
2017-05-19,8.479,8.469,8.639,8.419
2017-05-22,8.479,8.1,8.489,8.06
2017-05-23,8.0,7.57,8.1,7.5
2017-05-24,7.46,7.69,7.78,7.34
2017-05-25,7.66,7.79,7.86,7.5
2017-05-26,7.79,7.74,7.87,7.72
2017-05-31,7.86,7.67,7.93,7.67
2017-06-01,7.62,7.261,7.76,7.261
2017-06-02,7.291,7.43,7.51,7.091
2017-06-05,7.49,7.52,7.63,7.44
2017-06-06,7.52,7.7,7.91,7.45
2017-06-07,7.65,7.9,7.97,7.64
2017-06-08,7.9,7.8,7.96,7.75
2017-06-09,7.83,7.98,8.07,7.67
2017-06-12,7.9,7.69,7.9,7.66
2017-06-13,7.64,7.87,7.96,7.64
2017-06-14,7.86,8.1,8.25,7.85
2017-06-15,8.12,8.64,8.67,8.1
2017-06-16,8.6,8.37,8.62,8.36
2017-06-19,8.33,8.44,8.48,8.3
2017-06-20,8.45,8.32,8.54,8.32
2017-06-21,8.38,8.33,8.38,8.15
2017-06-22,8.32,8.05,8.38,8.03
2017-06-23,7.99,8.03,8.1,7.81
2017-06-26,8.04,8.2,8.24,8.01
2017-06-27,8.15,8.15,8.25,8.11
2017-06-28,8.09,8.07,8.18,8.01
2017-06-29,8.14,8.1,8.17,8.07
2017-06-30,8.08,8.22,8.27,8.01
2017-07-03,8.21,8.29,8.35,8.17
2017-07-04,8.3,8.22,8.33,8.14
2017-07-05,8.21,8.26,8.28,8.17
2017-07-06,8.26,8.25,8.33,8.19
2017-07-07,8.25,8.32,8.35,8.21
2017-07-10,8.29,8.43,8.48,8.27
2017-07-11,8.53,8.65,8.83,8.38
2017-07-12,8.6,8.45,8.62,8.2
2017-07-13,8.32,8.55,8.61,8.27
2017-07-14,8.56,8.33,8.56,8.29
2017-07-17,8.21,7.5,8.24,7.5
2017-07-18,7.38,7.53,7.65,7.26
2017-07-19,7.53,7.59,7.61,7.41
2017-07-20,7.59,7.59,7.75,7.52
2017-07-21,7.57,7.71,7.85,7.5
2017-07-24,7.65,7.82,7.86,7.6
2017-07-25,7.79,7.77,7.86,7.72
2017-07-26,7.77,7.81,7.97,7.71
2017-07-27,7.78,8.59,8.59,7.65
2017-07-28,9.05,9.45,9.45,9.05
2017-07-31,9.5,9.78,9.92,9.31
2017-08-01,9.66,9.61,9.78,9.36
2017-08-02,9.49,9.39,9.65,9.35
2017-08-03,9.22,9.3,9.65,9.04
2017-08-04,9.17,9.27,9.54,9.12
2017-08-07,9.2,9.64,9.77,9.2
2017-08-08,9.5,10.4,10.59,9.36
2017-08-09,10.16,10.06,10.47,10.02
2017-08-10,10.16,10.14,10.37,9.78
2017-08-11,10.0,9.96,10.35,9.85
2017-08-14,9.9,10.09,10.27,9.88
2017-08-15,10.08,9.99,10.16,9.85
2017-08-16,9.98,10.09,10.28,9.9
2017-08-17,10.0,9.99,10.08,9.92
2017-08-18,9.9,9.17,9.9,9.13
2017-08-21,9.23,9.27,9.37,9.19
2017-08-22,9.26,9.09,9.34,9.05
2017-08-23,9.09,9.15,9.23,9.09
2017-08-24,9.13,9.04,9.18,9.02
2017-08-25,9.09,9.17,9.19,9.03
2017-08-28,9.17,9.2,9.29,9.11
2017-08-29,9.25,8.87,9.25,8.83
2017-08-30,8.83,8.94,8.97,8.71
2017-08-31,8.95,8.91,9.0,8.88
2017-09-01,8.91,8.91,8.95,8.83
2017-09-04,8.95,9.18,9.22,8.89
2017-09-05,9.22,9.11,9.22,9.03
2017-09-06,9.08,9.0,9.08,8.91
2017-09-07,8.99,8.93,9.04,8.92
2017-09-08,8.93,8.82,8.97,8.8
2017-09-11,8.79,8.94,8.94,8.79
2017-09-12,8.95,8.82,8.99,8.8
2017-09-13,8.81,8.93,8.94,8.79
2017-09-14,8.94,9.09,9.24,8.88
2017-09-15,9.12,9.17,9.21,8.98
2017-09-18,9.13,9.19,9.25,9.09
2017-09-19,9.23,9.16,9.24,9.03
2017-09-20,9.11,9.14,9.16,9.05
2017-09-21,9.09,8.95,9.17,8.95
2017-09-22,8.93,8.52,8.93,8.46
2017-09-25,8.34,8.27,8.48,8.08
2017-09-26,8.21,8.34,8.37,8.21
2017-09-27,8.33,8.36,8.42,8.32
2017-09-28,8.35,8.15,8.43,8.13
2017-09-29,8.2,8.33,8.39,8.2
2017-10-09,8.46,8.62,8.77,8.38
2017-10-10,8.55,8.72,8.85,8.55
2017-10-11,8.74,8.68,8.77,8.6
2017-10-12,8.68,8.76,8.92,8.68
2017-10-13,8.71,8.64,8.71,8.53
2017-10-16,8.6,8.2,8.65,8.2
2017-10-17,8.24,8.29,8.32,8.18
2017-10-18,8.3,8.17,8.37,8.15
2017-10-19,8.17,8.02,8.21,7.86
2017-10-20,8.0,8.11,8.12,8.0
2017-10-23,8.11,8.16,8.16,8.08
2017-10-24,8.13,8.06,8.15,7.98
2017-10-25,8.07,8.37,8.62,8.01
2017-10-26,8.29,8.33,8.54,8.21
2017-10-27,8.3,8.32,8.49,8.26
2017-10-30,8.33,7.94,8.33,7.72
2017-10-31,7.91,8.08,8.18,7.91
2017-11-01,8.08,8.02,8.12,8.01
2017-11-02,8.02,7.78,8.08,7.78
2017-11-03,7.78,7.73,7.87,7.65
2017-11-06,7.79,7.83,7.84,7.71
2017-11-07,7.83,7.86,7.86,7.73
2017-11-08,7.84,7.86,7.97,7.81
2017-11-09,7.87,8.06,8.25,7.84
2017-11-10,8.0,7.94,8.03,7.92
2017-11-13,7.94,7.79,7.98,7.78
2017-11-14,7.75,7.77,7.82,7.66
2017-11-15,7.76,7.63,7.76,7.61
2017-11-16,7.58,7.58,7.67,7.55
2017-11-17,7.61,7.15,7.61,7.11
2017-11-20,7.09,7.22,7.29,7.01
2017-11-21,7.2,7.3,7.34,7.15
2017-11-22,7.28,7.31,7.39,7.23
2017-11-23,7.34,7.09,7.34,7.03
2017-11-24,7.06,7.06,7.15,7.04
2017-11-27,7.07,7.04,7.16,7.02
2017-11-28,7.06,7.05,7.09,6.9
2017-11-29,7.05,6.94,7.05,6.88
2017-11-30,6.93,6.78,6.93,6.78
2017-12-01,6.76,6.86,6.88,6.76
2017-12-04,6.83,6.81,6.87,6.76
2017-12-05,6.76,6.63,6.83,6.5
2017-12-06,6.52,6.68,6.7,6.51
2017-12-07,6.65,6.66,6.74,6.65
2017-12-08,6.66,7.02,7.09,6.66
2017-12-11,7.23,7.72,7.72,7.23
2017-12-12,7.68,7.41,7.75,7.41
2017-12-13,7.45,7.63,7.86,7.43
2017-12-14,7.56,7.63,7.79,7.53
2017-12-15,7.62,7.69,7.72,7.57
2017-12-18,7.72,7.5,7.77,7.35
2017-12-19,7.48,7.72,7.85,7.45
2017-12-20,7.77,7.61,7.83,7.6
2017-12-21,7.58,7.62,7.72,7.48
2017-12-22,7.59,7.45,7.62,7.41
2017-12-25,7.37,7.36,7.45,7.28
2017-12-26,7.36,7.34,7.36,7.17
2017-12-27,7.33,7.51,7.71,7.26
2017-12-28,7.43,7.4,7.49,7.36
2017-12-29,7.41,7.46,7.49,7.33
2018-01-02,7.44,7.53,7.65,7.4
2018-01-03,7.53,7.58,7.59,7.43
2018-01-04,7.58,7.43,7.61,7.43
2018-01-05,7.43,7.39,7.46,7.37
2018-01-08,7.37,7.26,7.37,7.11
2018-01-09,7.22,7.37,7.48,7.14
2018-01-10,7.35,7.25,7.41,7.21
2018-01-11,7.18,7.25,7.33,7.13
2018-01-12,7.24,7.24,7.35,7.18
2018-01-15,7.22,7.23,7.29,6.9
2018-01-16,7.24,7.29,7.34,7.14
2018-01-17,7.29,7.39,7.52,7.16
2018-01-18,7.44,7.21,7.48,7.13
2018-01-19,7.14,7.13,7.28,7.13
2018-01-22,7.05,7.13,7.19,6.99
2018-01-23,7.17,7.11,7.2,7.09
2018-01-24,7.11,7.16,7.18,7.0
2018-01-25,7.16,7.27,7.48,7.11
2018-01-26,7.22,7.24,7.29,7.15
2018-01-29,7.25,7.09,7.26,7.05
2018-01-30,7.08,7.11,7.15,7.03
2018-01-31,7.06,6.73,7.1,6.6
2018-02-01,6.73,6.25,6.82,6.18
2018-02-02,6.2,6.15,6.35,6.1
2018-02-05,6.05,6.14,6.22,6.0
2018-02-06,6.03,5.56,6.12,5.53
2018-02-07,5.68,5.71,5.8,5.49
2018-02-08,5.73,5.95,6.25,5.67
2018-02-09,5.68,5.64,5.82,5.55
2018-02-12,5.64,5.83,5.9,5.64
2018-02-13,5.83,5.8,5.9,5.79
2018-02-14,5.8,5.78,5.87,5.62
2018-02-22,5.79,5.87,5.95,5.79
2018-02-23,5.84,5.89,5.96,5.83
2018-02-26,5.93,6.03,6.08,5.88
2018-02-27,6.05,6.01,6.16,5.97
2018-02-28,5.97,6.01,6.1,5.86
2018-03-01,5.96,6.13,6.28,5.95
2018-03-02,6.07,6.03,6.16,6.01
2018-03-05,6.06,6.02,6.11,5.98
2018-03-06,6.04,6.11,6.11,6.0
2018-03-07,6.15,6.04,6.2,6.03
2018-03-08,6.07,6.14,6.16,6.02
2018-03-09,6.15,6.25,6.35,6.12
2018-03-12,6.28,6.4,6.43,6.28
2018-03-13,6.38,6.29,6.45,6.28
2018-03-14,6.27,6.13,6.34,6.1
2018-03-15,6.1,6.06,6.18,5.9
2018-03-16,6.05,6.11,6.16,6.02
2018-03-19,6.08,6.14,6.21,6.08
2018-03-20,6.08,6.11,6.12,5.97
2018-03-21,6.1,6.1,6.25,6.08
2018-03-22,6.06,6.09,6.15,6.02
2018-03-23,6.7,6.7,6.7,6.33
2018-03-26,6.97,6.44,6.97,6.32
2018-03-27,6.18,6.52,6.67,6.16
2018-03-28,6.36,6.27,6.44,6.25
2018-03-29,6.25,6.31,6.35,6.22
2018-03-30,6.31,6.33,6.35,6.24
2018-04-02,6.56,6.5,6.66,6.37
2018-04-03,6.37,6.38,6.68,6.28
2018-04-04,6.44,6.46,6.59,6.3
2018-04-09,6.37,6.44,6.58,6.35
2018-04-10,6.3,5.8,6.3,5.8
2018-04-11,5.74,5.8,5.87,5.69
2018-04-12,5.83,5.64,5.83,5.63
2018-04-13,5.66,5.66,5.75,5.61
2018-04-16,5.64,5.49,5.66,5.45
2018-04-17,5.52,5.55,5.6,5.47
2018-04-18,5.53,5.49,5.56,5.22
2018-04-19,5.45,5.4,5.51,5.36
2018-04-20,5.4,5.21,5.4,5.2
2018-04-23,5.16,5.11,5.28,5.02
2018-04-24,5.12,5.2,5.21,5.12
2018-04-25,5.16,5.17,5.2,5.15
2018-04-26,5.19,5.04,5.19,5.02
2018-04-27,5.08,5.15,5.18,5.04
2018-05-02,5.18,5.24,5.26,5.15
2018-05-03,5.24,5.29,5.29,5.12
2018-05-04,5.24,5.3,5.32,5.21
2018-05-07,5.3,5.38,5.41,5.27
2018-05-08,5.35,5.46,5.5,5.35
2018-05-09,5.44,5.44,5.48,5.42
2018-05-10,5.41,5.42,5.47,5.37
2018-05-11,5.42,5.44,5.58,5.4
2018-05-14,5.44,5.6,5.62,5.38
2018-05-15,5.65,5.63,5.65,5.46
2018-05-16,6.19,6.19,6.19,5.91
2018-05-17,6.81,6.23,6.81,6.21
2018-05-18,5.91,5.84,6.07,5.8
2018-05-21,5.65,5.74,5.78,5.58
2018-05-22,5.8,5.8,5.89,5.7
2018-05-23,5.67,5.59,5.71,5.57
2018-05-24,5.56,5.46,5.58,5.4
2018-05-25,5.48,5.33,5.49,5.32
