date,open,close,high,low
2016-04-05,16.841,16.841,16.841,16.841
2016-04-06,16.693,18.53,18.53,16.525
2016-04-07,18.293,18.727,20.031,18.204
2016-04-08,18.263,17.404,19.063,17.196
2016-04-11,17.769,19.142,19.142,17.285
2016-04-12,20.13,19.044,20.13,18.589
2016-04-13,19.063,19.103,19.409,18.678
2016-04-14,19.113,18.886,19.261,18.648
2016-04-15,18.767,18.639,19.281,18.53
2016-04-18,18.273,18.066,18.283,17.592
2016-04-19,18.155,18.323,18.866,18.155
2016-04-20,18.273,16.604,18.451,16.495
2016-04-21,16.614,15.656,16.683,15.438
2016-04-22,15.606,16.229,16.229,14.757
2016-04-25,16.426,15.824,16.426,15.458
2016-04-26,15.883,16.14,16.248,15.725
2016-04-27,16.14,16.238,16.772,16.061
2016-04-28,16.238,16.199,16.367,15.507
2016-04-29,15.962,16.001,16.347,15.883
2016-05-03,15.991,16.752,16.772,15.626
2016-05-04,16.643,17.522,18.372,16.515
2016-05-05,17.236,17.641,17.661,17.187
2016-05-06,17.522,16.031,17.74,16.001
2016-05-09,15.804,15.112,15.804,14.944
2016-05-10,15.102,15.182,15.804,15.033
2016-05-11,15.478,14.579,15.478,14.52
2016-05-12,14.105,14.895,15.112,13.927
2016-05-13,14.846,14.856,15.557,14.668
2016-05-16,14.619,15.231,15.31,14.569
2016-05-17,15.132,16.752,16.752,15.014
2016-05-18,16.762,16.742,17.256,16.12
2016-05-19,16.298,16.821,17.088,16.159
2016-05-20,16.495,16.93,17.256,16.11
2016-05-23,17.236,17.167,18.145,16.999
2016-05-24,16.792,16.683,16.999,16.298
2016-05-25,17.236,16.535,17.276,16.288
2016-05-26,16.554,16.475,16.673,15.685
2016-05-27,16.357,16.317,16.89,16.298
2016-05-30,16.475,17.068,17.424,16.268
2016-05-31,17.157,17.967,18.076,16.89
2016-06-01,17.937,18.876,19.755,17.799
2016-06-02,18.767,18.895,19.439,18.569
2016-06-03,18.846,18.609,19.784,18.569
2016-06-06,18.589,20.466,20.466,18.569
2016-06-07,20.841,22.51,22.51,20.742
2016-06-08,22.718,22.313,23.093,21.444
2016-06-13,21.533,21.73,24.298,21.444
2016-06-14,21.256,23.903,23.903,21.256
2016-06-15,25.588,26.293,26.293,25.588
2016-06-16,28.921,28.921,28.921,28.921
2016-06-17,31.817,30.627,31.817,29.714
2016-06-20,31.073,29.744,31.331,29.119
2016-06-21,29.942,27.87,30.349,27.175
2016-06-22,27.889,28.018,28.247,26.759
2016-06-23,27.751,27.265,28.018,26.6
2016-06-24,26.977,26.62,27.691,25.608
2016-06-27,26.66,27.731,28.564,26.402
2016-06-28,27.513,27.027,27.721,26.263
2016-06-29,27.294,27.354,28.752,26.898
2016-06-30,26.382,26.769,26.927,25.668
2016-07-01,26.789,26.769,27.156,26.293
2016-07-04,26.293,27.136,27.413,26.084
2016-07-05,27.453,27.77,28.842,27.156
2016-07-06,28.068,30.547,30.547,27.81
2016-07-07,31.4,28.415,31.4,28.316
2016-07-08,27.562,26.461,27.562,26.392
2016-07-11,26.61,24.894,26.779,24.845
2016-07-12,25.142,25.628,25.727,24.507
2016-07-13,25.708,25.162,25.717,24.795
2016-07-14,25.162,25.132,25.559,24.855
2016-07-15,25.093,24.855,25.36,24.517
2016-07-18,24.864,25.093,25.291,24.666
2016-07-19,25.103,24.934,25.172,24.706
2016-07-20,24.884,25.162,25.588,24.815
2016-07-21,25.172,24.359,25.212,24.299
2016-07-22,24.131,23.377,24.378,23.337
2016-07-25,23.139,22.673,23.218,22.435
2016-07-26,22.623,22.871,23.03,22.613
2016-07-27,22.881,21.036,23.079,20.887
2016-07-28,21.244,21.016,21.334,20.263
2016-07-29,20.927,20.887,21.115,20.51
2016-08-01,20.639,21.512,21.919,19.915
2016-08-02,21.234,22.861,23.307,21.234
2016-08-03,22.782,22.534,23.258,22.385
2016-08-04,22.891,23.208,23.506,22.038
2016-08-05,23.03,22.97,23.714,22.811
2016-08-08,22.802,22.722,22.901,22.127
2016-08-09,22.732,22.93,23.307,22.514
2016-08-10,23.307,23.069,24.19,23.03
2016-08-11,22.613,22.068,22.762,22.008
2016-08-12,22.395,22.395,22.762,22.097
2016-08-15,22.296,22.752,23.01,22.018
2016-08-16,22.861,23.506,23.833,22.583
2016-08-17,23.307,23.783,24.15,23.178
2016-08-18,23.783,23.397,24.091,23.258
2016-08-19,23.565,23.258,23.575,23.198
2016-08-22,23.109,22.712,23.764,22.712
2016-08-23,22.821,22.316,22.871,22.127
2016-08-24,22.286,22.554,22.712,22.206
2016-08-25,22.276,22.286,22.464,21.899
2016-08-26,22.335,22.425,22.702,22.296
2016-08-29,22.435,21.74,22.474,21.72
2016-08-30,21.839,21.76,22.216,21.74
2016-08-31,21.75,21.929,22.216,21.75
2016-09-01,21.82,21.869,22.187,21.73
2016-09-02,21.869,21.849,22.097,21.601
2016-09-05,21.849,21.978,22.276,21.83
2016-09-06,21.988,24.18,24.18,21.978
2016-09-07,25.39,24.19,25.45,24.111
2016-09-08,23.793,23.863,24.269,23.456
2016-09-09,24.24,26.253,26.253,23.902
2016-09-12,25.35,26.372,27.275,24.795
2016-09-13,26.074,25.767,26.402,25.469
2016-09-14,24.944,23.803,25.321,23.258
2016-09-19,24.041,23.962,24.15,23.426
2016-09-20,23.902,24.359,24.398,23.516
2016-09-21,24.031,23.188,24.041,23.188
2016-09-22,23.307,22.95,23.397,22.881
2016-09-23,23.079,22.811,23.168,22.811
2016-09-26,22.831,20.828,22.841,20.58
2016-09-27,20.679,20.868,21.076,20.153
2016-09-28,20.927,20.382,21.096,20.183
2016-09-29,20.153,19.846,20.282,19.747
2016-09-30,19.945,20.134,20.362,19.836
2016-10-10,20.332,20.778,21.006,20.144
2016-10-11,20.977,20.917,20.977,20.629
2016-10-12,20.848,20.907,20.977,20.649
2016-10-13,20.887,21.036,21.671,20.858
2016-10-14,21.046,21.096,21.215,20.55
2016-10-17,21.324,20.828,21.423,20.758
2016-10-18,20.828,22.911,22.911,20.828
2016-10-19,24.002,23.754,24.18,23.307
2016-10-20,23.684,23.625,23.773,23.089
2016-10-21,23.426,22.762,23.754,22.316
2016-10-24,22.494,22.841,23.119,22.494
2016-10-25,22.712,22.563,22.99,22.474
2016-10-26,22.494,21.998,22.802,21.73
2016-10-27,22.097,21.909,22.117,21.621
2016-10-28,22.008,21.205,22.068,21.125
2016-10-31,21.125,21.433,21.899,20.828
2016-11-01,21.324,21.73,21.998,21.324
2016-11-02,21.681,21.215,21.681,21.175
2016-11-03,20.947,21.324,21.998,20.947
2016-11-04,21.373,23.456,23.456,21.373
2016-11-07,23.823,22.831,24.646,22.762
2016-11-08,22.365,23.436,23.476,22.365
2016-11-09,23.327,22.226,23.357,21.968
2016-11-10,22.514,22.246,22.663,22.097
2016-11-11,22.236,22.028,22.286,21.651
2016-11-14,22.028,22.623,22.802,22.028
2016-11-15,22.673,22.712,22.811,22.216
2016-11-16,22.861,23.0,23.694,22.861
2016-11-17,22.623,22.226,22.811,22.058
2016-11-18,22.316,21.889,22.435,21.82
2016-11-21,21.81,22.078,22.167,21.621
2016-11-22,22.008,22.831,23.694,21.859
2016-11-23,23.129,22.197,23.526,22.167
2016-11-24,21.82,22.028,22.464,21.82
2016-11-25,22.028,22.415,22.484,21.423
2016-11-28,22.702,22.236,23.0,22.068
2016-11-29,21.919,21.73,22.226,21.72
2016-11-30,21.522,21.929,22.266,21.502
2016-12-01,21.929,21.691,22.117,21.631
2016-12-02,21.82,20.709,21.82,20.53
2016-12-05,20.431,20.739,21.125,20.332
2016-12-06,20.629,20.272,20.828,19.995
2016-12-07,19.985,19.172,20.024,18.814
2016-12-08,19.062,19.092,19.291,19.013
2016-12-09,19.181,19.062,19.281,18.963
2016-12-12,18.844,18.299,19.062,18.249
2016-12-13,18.15,18.497,18.537,17.932
2016-12-14,18.953,18.993,20.312,18.953
2016-12-15,18.348,19.053,19.221,18.348
2016-12-16,19.062,19.072,19.757,18.924
2016-12-19,19.132,18.636,19.132,18.467
2016-12-20,18.695,19.023,19.142,18.448
2016-12-21,18.963,19.043,19.191,18.854
2016-12-22,19.291,19.231,19.469,18.934
2016-12-23,19.043,18.596,19.241,18.537
2016-12-26,18.457,18.735,18.735,18.16
2016-12-27,18.606,18.586,18.745,18.527
2016-12-28,18.448,18.239,18.676,18.18
2016-12-29,18.239,18.071,18.388,18.051
2016-12-30,18.051,17.981,18.15,17.962
2017-01-03,18.011,18.16,18.239,18.011
2017-01-04,18.249,18.844,19.221,18.081
2017-01-05,18.646,18.467,18.814,18.467
2017-01-06,18.467,18.16,18.497,18.061
2017-01-09,18.11,18.219,18.418,18.021
2017-01-10,18.19,18.09,18.289,18.001
2017-01-11,18.081,17.466,18.1,17.466
2017-01-12,17.456,16.88,17.694,16.861
2017-01-13,16.96,16.028,17.059,15.968
2017-01-16,16.067,14.599,16.067,14.421
2017-01-17,14.679,14.976,15.115,13.915
2017-01-18,14.867,15.274,16.365,14.649
2017-01-19,15.175,14.976,15.274,14.847
2017-01-20,14.976,15.383,15.7,14.976
2017-01-23,15.462,15.423,15.561,15.264
2017-01-24,15.432,15.065,15.512,14.966
2017-01-25,14.927,15.165,15.294,14.927
2017-01-26,15.254,15.423,15.651,15.254
2017-02-03,15.492,15.373,15.512,15.254
2017-02-06,15.373,15.542,15.651,15.234
2017-02-07,15.482,15.492,15.69,15.353
2017-02-08,15.542,15.571,15.601,14.986
2017-02-09,15.621,15.889,16.107,15.472
2017-02-10,15.849,16.266,16.791,15.72
2017-02-13,16.246,16.117,16.285,15.849
2017-02-14,16.196,16.077,16.266,15.968
2017-02-15,16.156,15.73,16.156,15.68
2017-02-16,15.76,15.72,15.859,15.641
2017-02-17,15.67,15.304,15.78,15.175
2017-02-20,15.363,15.393,15.393,15.175
2017-02-21,15.452,15.7,15.819,15.403
2017-02-22,15.72,15.948,16.166,15.581
2017-02-23,15.869,16.018,16.206,15.67
2017-02-24,16.097,16.028,16.107,15.938
2017-02-27,16.097,15.958,16.236,15.849
2017-02-28,15.869,15.829,15.978,15.75
2017-03-01,16.018,16.266,17.009,15.869
2017-03-02,16.047,16.047,16.424,16.008
2017-03-03,16.067,16.672,16.861,15.918
2017-03-06,16.761,17.724,18.309,16.752
2017-03-07,17.505,17.287,17.634,17.198
2017-03-08,17.208,16.9,17.456,16.831
2017-03-09,16.91,17.069,17.198,16.573
2017-03-10,16.91,17.247,17.505,16.791
2017-03-13,17.069,17.178,17.644,16.871
2017-03-14,17.228,16.92,17.347,16.92
2017-03-15,16.861,16.752,17.0,16.633
2017-03-16,16.761,16.9,16.99,16.761
2017-03-17,16.9,16.504,17.148,16.464
2017-03-20,16.395,16.563,16.662,16.305
2017-03-21,16.563,16.414,16.662,16.385
2017-03-22,16.365,15.978,16.365,15.928
2017-03-23,15.968,16.047,16.266,15.859
2017-03-24,15.998,16.077,16.127,15.879
2017-03-27,16.028,16.266,16.315,16.028
2017-03-28,16.315,16.355,16.514,16.166
2017-03-29,16.355,15.819,16.454,15.819
2017-03-30,15.631,14.996,15.819,14.907
2017-03-31,14.996,15.075,15.254,14.996
2017-04-05,15.155,15.502,15.542,15.145
2017-04-06,15.542,15.413,15.77,15.393
2017-04-07,15.413,15.482,15.859,15.175
2017-04-10,15.363,15.016,15.363,14.927
2017-04-11,14.877,15.165,15.224,14.877
2017-04-12,15.145,15.006,15.175,14.956
2017-04-13,15.006,15.026,15.135,14.996
2017-04-14,14.996,14.589,15.006,14.58
2017-04-17,14.589,14.55,14.867,14.381
2017-04-18,14.56,14.252,14.718,14.143
2017-04-19,14.084,14.183,14.282,13.935
2017-04-20,14.272,13.984,14.332,13.915
2017-04-21,14.084,13.984,14.173,13.945
2017-04-24,13.984,14.213,14.371,13.419
2017-04-25,14.183,14.272,14.5,14.183
2017-04-26,14.094,14.619,14.778,14.094
2017-04-27,14.609,14.679,14.818,14.292
2017-04-28,14.58,15.075,15.175,14.49
2017-05-02,15.075,14.808,15.522,14.708
2017-05-03,14.818,14.421,14.818,14.421
2017-05-04,14.371,14.163,14.371,14.054
2017-05-05,14.094,14.044,14.272,14.044
2017-05-08,14.034,13.955,14.312,13.885
2017-05-09,13.975,14.153,14.213,13.915
2017-05-10,14.133,13.588,14.232,13.588
2017-05-11,13.389,12.735,13.677,12.229
2017-05-12,12.626,12.368,12.735,12.219
2017-05-15,12.378,12.358,12.556,12.338
2017-05-16,12.378,12.804,12.893,11.912
2017-05-17,12.804,12.735,12.973,12.626
2017-05-18,12.546,12.388,12.725,12.388
2017-05-19,12.398,12.745,13.489,12.398
2017-05-22,12.596,12.259,12.824,12.259
2017-05-23,12.249,11.981,12.655,11.951
2017-05-24,11.981,12.08,12.1,11.406
2017-05-25,12.08,12.16,12.249,11.812
2017-05-26,12.17,12.06,12.35,12.0
2017-05-31,12.25,12.06,12.26,12.03
2017-06-01,12.01,11.01,12.05,10.85
2017-06-02,11.05,11.19,11.5,10.85
2017-06-05,11.18,11.35,11.48,11.18
2017-06-06,11.27,11.48,11.59,11.25
2017-06-07,11.4,11.83,11.85,11.38
2017-06-08,11.8,11.77,11.89,11.63
2017-06-09,11.73,11.97,12.04,11.6
2017-06-12,11.8,11.32,11.85,11.31
2017-06-13,11.42,12.45,12.45,11.42
2017-06-14,13.7,13.7,13.7,13.7
2017-06-15,14.48,15.07,15.07,14.37
2017-06-16,15.0,15.46,15.77,14.63
2017-06-19,15.0,14.98,15.09,14.6
2017-06-20,14.9,15.03,15.69,14.82
2017-06-21,14.8,15.55,15.55,14.45
2017-06-22,15.08,14.54,15.36,14.54
2017-06-23,14.37,14.67,14.88,13.96
2017-06-26,14.57,14.98,15.18,14.13
2017-06-27,14.85,14.33,14.89,14.33
2017-06-28,14.38,14.82,15.44,14.15
2017-06-29,14.57,14.57,14.77,14.41
2017-06-30,14.46,14.84,15.15,14.1
2017-07-03,14.55,16.32,16.32,14.51
2017-07-04,16.0,15.82,16.62,15.81
2017-07-05,15.9,16.03,16.3,15.53
2017-07-06,16.03,16.15,17.24,15.86
2017-07-07,16.0,16.33,16.73,15.74
2017-07-10,16.06,15.64,16.24,15.56
2017-07-11,15.6,15.59,15.9,15.42
2017-07-12,15.67,16.4,16.4,15.42
2017-07-13,16.35,15.8,16.43,15.6
2017-07-14,15.65,15.72,16.07,15.42
2017-07-17,15.59,14.15,15.59,14.15
2017-07-18,13.7,13.61,13.85,12.82
2017-07-19,13.47,13.42,13.61,12.9
2017-07-20,13.52,13.69,14.08,13.45
2017-07-21,13.45,13.36,13.79,13.17
2017-07-24,13.29,13.18,13.46,13.03
2017-07-25,13.06,13.24,13.39,13.06
2017-07-26,13.38,13.49,13.8,12.96
2017-07-27,13.36,14.0,14.1,13.27
2017-07-28,13.86,13.84,14.14,13.75
2017-07-31,13.81,13.64,13.86,13.53
2017-08-01,13.71,14.03,14.21,13.6
2017-08-02,13.94,13.32,14.18,13.28
2017-08-03,13.2,13.23,13.47,12.92
2017-08-04,13.23,13.28,13.4,13.07
2017-08-07,13.4,13.97,14.5,13.4
2017-08-08,13.74,13.86,13.94,13.61
2017-08-09,13.95,14.07,14.1,13.8
2017-08-10,14.35,13.54,14.47,13.47
2017-08-11,13.16,13.35,13.74,13.1
2017-08-14,13.05,13.53,13.53,13.01
2017-08-15,13.5,13.36,13.53,13.24
2017-08-16,13.39,13.47,13.6,13.26
2017-08-17,13.47,13.61,13.61,13.3
2017-08-18,13.52,13.42,13.52,13.3
2017-08-21,13.5,13.58,13.58,13.36
2017-08-22,13.6,13.4,13.66,13.3
2017-08-23,13.49,13.45,13.54,13.36
2017-08-24,13.65,14.8,14.8,13.61
2017-08-25,15.2,14.48,15.28,14.39
2017-08-28,14.36,14.63,14.66,14.15
2017-08-29,14.48,14.37,14.61,14.31
2017-08-30,14.38,14.44,14.47,14.23
2017-08-31,14.5,14.4,14.54,14.26
2017-09-01,14.28,14.4,14.49,14.25
2017-09-04,14.4,14.87,15.12,14.26
2017-09-05,14.75,14.92,15.09,14.52
2017-09-06,14.79,15.29,16.41,14.61
2017-09-07,15.6,15.61,16.5,15.36
2017-09-08,15.4,15.49,16.06,15.21
2017-09-11,16.02,17.04,17.04,15.82
2017-09-12,18.38,17.9,18.74,17.6
2017-09-13,18.71,18.47,19.45,18.18
2017-09-14,17.9,17.95,18.59,17.68
2017-09-15,17.69,16.79,17.7,16.58
2017-09-18,16.74,16.89,17.08,16.65
2017-09-19,16.8,16.51,17.1,16.45
2017-09-20,16.34,16.75,16.85,16.21
2017-09-21,16.86,16.15,17.28,16.15
2017-09-22,16.1,16.28,16.5,15.93
2017-09-25,16.15,15.42,16.39,15.3
2017-09-26,15.55,15.72,15.87,15.4
2017-09-27,15.67,15.97,16.16,15.55
2017-09-28,15.85,15.46,15.96,15.4
2017-09-29,15.48,15.72,15.98,15.47
2017-10-09,15.9,16.22,16.23,15.55
2017-10-10,16.05,16.16,16.21,15.9
2017-10-11,16.1,15.55,16.16,15.52
2017-10-12,15.55,15.11,15.73,14.97
2017-10-13,15.19,15.39,15.6,15.18
2017-10-16,15.3,14.83,15.3,14.83
2017-10-17,14.83,14.98,15.07,14.8
2017-10-18,15.0,14.33,15.14,14.26
2017-10-19,14.4,14.5,14.59,13.82
2017-10-20,14.38,14.69,14.79,14.29
2017-10-23,14.68,14.7,14.82,14.52
2017-10-24,14.65,14.63,14.75,14.28
2017-10-25,14.76,14.79,14.98,14.64
2017-10-26,14.71,15.19,15.32,14.6
2017-10-27,15.04,14.73,15.15,14.72
2017-10-30,14.71,13.85,14.8,13.8
2017-10-31,13.97,14.06,14.1,13.88
2017-11-01,14.28,14.9,15.47,14.28
2017-11-02,14.64,14.46,14.79,14.46
2017-11-03,14.65,14.38,14.74,14.12
2017-11-06,14.5,14.69,14.71,14.21
2017-11-07,14.56,14.93,15.07,14.4
2017-11-08,14.98,15.13,15.48,14.85
2017-11-09,15.25,15.2,15.25,15.01
2017-11-10,15.12,15.08,15.3,15.01
2017-11-13,15.02,14.88,15.21,14.82
2017-11-14,14.88,15.42,15.44,14.77
2017-11-15,15.15,14.76,15.35,14.7
2017-11-16,14.76,14.19,14.83,14.15
2017-11-17,14.13,13.15,14.33,12.81
2017-11-20,13.01,13.43,13.5,12.81
2017-11-21,13.4,13.47,13.8,13.3
2017-11-22,13.59,13.47,13.78,13.3
2017-11-23,13.43,12.99,13.43,12.91
2017-11-24,12.91,13.07,13.26,12.9
2017-11-27,13.14,12.71,13.14,12.71
2017-11-28,12.76,12.94,13.02,12.71
2017-11-29,12.93,12.98,12.99,12.66
2017-11-30,12.86,12.87,13.12,12.8
2017-12-01,12.95,13.08,13.08,12.77
2017-12-04,13.0,13.04,13.17,12.95
2017-12-05,13.1,12.22,13.15,11.87
2017-12-06,12.07,12.38,12.39,12.0
2017-12-07,12.28,12.18,12.44,12.18
2017-12-08,12.18,12.35,12.43,12.15
2017-12-11,12.43,12.83,13.59,12.38
2017-12-12,12.74,12.84,13.04,12.71
2017-12-13,12.78,12.74,12.9,12.58
2017-12-14,12.77,12.57,12.81,12.51
2017-12-15,12.53,12.62,12.71,12.51
2017-12-18,12.66,12.72,12.97,12.57
2017-12-19,12.8,13.13,13.4,12.8
2017-12-20,13.0,12.93,13.12,12.76
2017-12-21,12.83,12.99,13.08,12.76
2017-12-22,13.02,12.96,13.3,12.89
2017-12-25,12.89,12.38,12.91,12.35
2017-12-26,12.34,12.53,12.67,12.23
2017-12-27,13.0,12.93,13.36,12.82
2017-12-28,12.85,13.04,13.38,12.7
2017-12-29,12.86,12.72,12.95,12.54
2018-01-02,12.64,12.84,12.89,12.6
2018-01-03,12.95,13.01,13.08,12.82
2018-01-04,12.95,12.91,13.05,12.85
2018-01-05,12.91,12.96,13.04,12.83
2018-01-08,12.96,12.93,13.08,12.81
2018-01-09,13.02,12.78,13.07,12.77
2018-01-10,12.8,12.45,12.8,12.33
2018-01-11,12.35,12.63,12.67,12.31
2018-01-12,12.57,12.52,12.65,12.33
2018-01-15,12.45,11.93,12.46,11.9
2018-01-16,11.83,12.04,12.07,11.83
2018-01-17,12.07,11.92,12.07,11.6
2018-01-18,11.98,11.98,12.07,11.88
2018-01-19,11.92,11.81,11.93,11.7
2018-01-22,11.72,11.82,11.97,11.37
2018-01-23,11.76,11.78,11.88,11.71
2018-01-24,11.78,11.94,11.98,11.55
2018-01-25,11.9,11.87,12.27,11.86
2018-01-26,11.9,12.0,12.05,11.75
2018-01-29,11.94,11.57,11.97,11.5
2018-01-30,11.57,11.61,11.68,11.51
2018-01-31,11.55,11.04,11.63,11.0
2018-02-01,11.04,9.99,11.13,9.96
2018-02-02,9.89,9.78,9.98,9.53
2018-02-05,9.35,9.67,9.75,9.21
2018-02-06,9.6,8.7,9.63,8.7
2018-02-07,8.9,8.82,9.05,8.46
2018-02-08,8.8,9.04,9.12,8.52
2018-02-09,8.83,8.7,8.98,8.55
2018-02-12,8.8,9.29,9.57,8.8
2018-02-13,9.23,9.08,9.35,9.08
2018-02-14,9.25,9.31,9.85,9.13
2018-02-22,9.33,9.47,9.57,9.25
2018-02-23,9.41,9.49,9.49,9.27
2018-02-26,9.49,9.64,9.69,9.36
2018-02-27,9.65,9.79,9.85,9.52
2018-02-28,9.67,9.7,9.84,9.52
2018-03-01,9.7,10.67,10.67,9.65
2018-03-02,10.88,10.49,11.0,10.4
2018-03-05,10.42,10.42,10.5,10.27
2018-03-06,10.4,10.51,10.96,10.4
2018-03-07,10.43,10.3,10.55,10.25
2018-03-08,10.28,10.39,10.55,10.25
2018-03-09,10.38,10.77,10.78,10.37
2018-03-12,10.76,11.11,11.21,10.75
2018-03-13,11.07,10.9,11.15,10.88
2018-03-14,10.95,10.85,11.32,10.82
2018-03-15,10.68,10.69,10.89,10.53
2018-03-16,10.76,10.6,10.88,10.6
2018-03-19,10.56,10.75,10.85,10.56
2018-03-20,10.61,10.7,10.75,10.55
2018-03-21,10.7,10.54,10.85,10.52
2018-03-22,10.57,10.55,10.7,10.46
2018-03-23,10.4,9.5,10.4,9.5
2018-03-26,9.17,9.74,9.84,8.88
2018-03-27,9.99,9.99,10.12,9.88
2018-03-28,9.81,9.87,10.07,9.8
2018-03-29,9.99,9.95,9.99,9.82
2018-03-30,10.04,10.17,10.31,10.0
2018-04-02,10.2,10.28,10.38,10.07
2018-04-03,10.1,10.0,10.15,9.93
2018-04-04,10.0,10.03,10.34,9.96
2018-04-09,10.0,9.93,10.04,9.81
2018-04-10,9.91,9.82,9.99,9.63
2018-04-11,9.83,10.24,10.69,9.83
2018-04-12,10.15,9.92,10.16,9.88
2018-04-13,9.87,9.88,10.05,9.87
2018-04-16,9.73,9.72,9.92,9.68
2018-04-17,9.82,9.42,9.87,9.4
2018-04-18,9.42,9.56,9.58,9.2
2018-04-19,9.56,9.59,9.69,9.43
2018-04-20,9.59,9.27,9.59,9.27
2018-04-23,9.27,9.29,9.41,9.15
2018-04-24,9.31,9.49,9.5,9.3
2018-04-25,9.48,9.5,9.55,9.39
2018-04-26,9.49,9.2,9.53,9.18
2018-04-27,9.2,9.26,9.35,9.19
2018-05-02,9.3,9.12,9.37,9.05
2018-05-03,9.14,9.24,9.24,8.9
2018-05-04,9.15,9.22,9.32,9.15
2018-05-07,9.2,9.43,9.51,9.17
2018-05-08,9.47,9.57,9.6,9.41
2018-05-09,9.57,9.86,10.35,9.47
2018-05-10,9.71,9.99,10.0,9.71
2018-05-11,9.98,10.04,10.29,9.88
2018-05-14,9.9,9.97,10.03,9.86
2018-05-15,9.97,10.09,10.25,9.93
2018-05-16,10.0,10.06,10.06,9.84
2018-05-17,10.05,10.24,10.32,9.93
2018-05-18,10.24,10.21,10.26,10.03
2018-05-21,10.46,10.2,10.46,10.11
2018-05-22,10.15,10.16,10.24,10.06
2018-05-23,10.09,10.16,10.24,10.04
2018-05-24,10.14,10.09,10.22,10.05
2018-05-25,10.15,9.74,10.15,9.74
