date,open,close,high,low
2016-01-04,10.677,9.621,10.717,9.621
2016-01-05,8.904,9.084,9.442,8.685
2016-01-06,9.143,9.382,9.422,9.123
2016-01-07,9.203,8.496,9.203,8.456
2016-01-08,8.695,8.685,8.845,8.048
2016-01-11,8.476,7.819,8.546,7.819
2016-01-12,7.849,7.719,7.958,7.52
2016-01-13,7.719,7.47,7.859,7.37
2016-01-14,7.261,7.629,7.799,7.072
2016-01-15,7.55,7.271,7.719,7.121
2016-01-18,7.022,7.361,7.49,6.912
2016-01-19,7.37,7.629,7.659,7.321
2016-01-20,7.53,7.56,7.759,7.42
2016-01-21,7.46,7.39,7.908,7.38
2016-01-22,7.51,7.52,7.56,7.141
2016-01-25,7.619,7.819,8.018,7.58
2016-01-26,7.639,7.042,7.709,7.042
2016-01-27,7.141,7.052,7.161,6.643
2016-01-28,6.902,6.653,7.002,6.574
2016-01-29,6.723,7.042,7.161,6.723
2016-03-28,7.749,7.749,7.749,7.749
2016-03-29,8.526,8.127,8.526,8.068
2016-03-30,8.068,8.237,8.257,7.829
2016-03-31,8.157,8.028,8.207,7.968
2016-04-01,7.998,7.938,8.068,7.779
2016-04-05,7.968,8.058,8.078,7.859
2016-04-06,7.998,8.108,8.157,7.978
2016-04-07,8.137,7.968,8.217,7.928
2016-04-08,7.938,7.819,7.938,7.679
2016-04-11,7.878,7.968,8.008,7.829
2016-04-12,7.968,8.028,8.048,7.819
2016-04-13,8.108,8.187,8.436,8.088
2016-04-14,8.197,8.257,8.267,8.117
2016-04-15,8.227,8.327,8.416,8.197
2016-04-18,8.187,8.038,8.197,7.968
2016-04-19,8.098,8.277,8.297,8.008
2016-04-20,8.337,7.868,8.357,7.6
2016-04-29,7.809,8.078,8.157,7.809
2016-05-03,7.968,8.217,8.227,7.948
2016-05-04,8.147,8.177,8.287,8.127
2016-05-05,8.177,8.217,8.237,8.098
2016-05-06,8.237,7.799,8.287,7.789
2016-05-09,7.759,7.251,7.759,7.201
2016-05-10,7.181,7.261,7.301,7.181
2016-05-11,7.301,7.241,7.37,7.171
2016-05-12,7.161,7.341,7.351,7.042
2016-05-13,7.261,7.161,7.331,7.072
2016-05-16,7.082,7.271,7.301,7.072
2016-05-17,7.311,7.42,7.53,7.271
2016-05-18,7.341,7.161,7.37,7.121
2016-05-19,7.151,7.181,7.291,7.121
2016-05-20,7.092,7.261,7.261,7.072
2016-05-23,7.221,7.351,7.38,7.221
2016-05-24,7.321,7.251,7.341,7.191
2016-05-25,7.291,7.231,7.361,7.201
2016-05-26,7.261,7.321,7.331,7.022
2016-05-27,7.271,7.281,7.341,7.231
2016-05-30,7.241,7.231,7.311,7.171
2016-05-31,7.211,7.51,7.56,7.211
2016-06-01,7.52,7.709,7.749,7.49
2016-06-02,7.719,7.739,7.829,7.53
2016-06-03,7.659,7.729,7.799,7.639
2016-06-06,7.739,7.799,7.819,7.659
2016-06-07,7.849,7.699,7.888,7.689
2016-06-08,7.769,7.888,8.078,7.719
2016-06-13,7.719,7.49,7.729,7.321
2016-06-14,7.46,7.4,7.47,7.321
2016-06-15,7.331,7.669,7.699,7.301
2016-06-16,7.6,7.56,7.649,7.52
2016-06-17,7.6,7.719,7.769,7.59
2016-06-20,7.729,7.669,7.759,7.56
2016-06-21,7.759,7.48,7.779,7.43
2016-06-22,7.5,7.649,7.689,7.45
2016-06-23,7.639,7.639,7.739,7.53
2016-06-24,7.649,7.47,7.729,7.311
2016-06-27,7.43,7.739,7.759,7.42
2016-06-28,7.709,7.809,7.809,7.639
2016-06-29,7.839,7.968,8.147,7.769
2016-06-30,7.958,7.928,7.998,7.859
2016-07-01,7.928,7.868,7.968,7.819
2016-07-04,7.769,8.058,8.098,7.749
2016-07-05,8.058,8.078,8.098,7.978
2016-07-06,8.038,8.058,8.117,7.938
2016-07-07,8.068,8.127,8.167,7.968
2016-07-08,8.098,8.058,8.137,7.988
2016-07-11,8.048,7.998,8.108,7.978
2016-07-12,7.978,8.366,8.795,7.878
2016-07-13,8.416,8.337,8.506,8.287
2016-07-14,8.297,8.456,8.685,8.197
2016-07-15,8.446,8.486,8.536,8.366
2016-07-18,8.436,8.217,8.466,8.217
2016-07-19,8.197,8.197,8.247,8.098
2016-07-20,8.207,8.177,8.287,8.157
2016-07-21,8.147,8.197,8.396,8.117
2016-07-22,8.187,8.167,8.257,8.157
2016-07-25,8.167,8.117,8.207,8.068
2016-07-26,8.108,8.187,8.197,8.078
2016-07-27,8.207,7.639,8.237,7.52
2016-07-28,7.639,7.5,7.669,7.46
2016-07-29,7.53,7.44,7.56,7.38
2016-08-01,7.311,7.321,7.41,7.181
2016-08-02,7.361,7.39,7.39,7.281
2016-08-03,7.39,7.41,7.45,7.331
2016-08-04,7.47,7.6,7.829,7.42
2016-08-05,7.52,7.51,7.58,7.47
2016-08-08,7.46,7.6,7.689,7.38
2016-08-09,7.57,7.669,7.719,7.56
2016-08-10,7.629,7.669,7.749,7.619
2016-08-11,7.629,7.55,7.659,7.52
2016-08-12,7.6,7.629,7.649,7.54
2016-08-15,7.619,7.769,7.829,7.619
2016-08-16,7.769,7.829,7.868,7.769
2016-08-17,7.819,7.878,7.898,7.759
2016-08-18,7.888,7.878,7.948,7.839
2016-08-19,7.918,7.888,8.028,7.859
2016-08-22,7.868,7.709,7.868,7.699
2016-08-23,7.739,7.749,7.809,7.679
2016-08-24,7.729,7.868,7.878,7.729
2016-08-25,7.799,7.729,7.849,7.679
2016-08-26,7.749,7.769,7.868,7.739
2016-08-29,7.779,7.829,7.878,7.749
2016-08-30,7.859,7.938,7.958,7.789
2016-08-31,7.938,7.908,7.988,7.849
2016-09-01,7.908,7.898,8.038,7.839
2016-09-02,7.928,7.998,8.028,7.699
2016-09-05,8.038,7.938,8.048,7.888
2016-09-06,7.998,8.048,8.058,7.878
2016-09-07,8.038,7.988,8.088,7.968
2016-09-08,7.988,8.098,8.137,7.968
2016-09-09,8.117,8.008,8.207,7.968
2016-09-12,7.849,7.629,7.849,7.629
2016-09-13,7.669,7.729,7.759,7.659
2016-09-14,7.689,7.769,7.819,7.629
2016-09-19,7.799,7.849,7.888,7.769
2016-09-20,7.839,7.878,7.908,7.819
2016-09-21,7.868,7.968,8.018,7.868
2016-09-22,7.988,7.978,8.028,7.938
2016-09-23,7.958,7.988,8.098,7.958
2016-09-26,7.978,7.819,8.038,7.779
2016-09-27,7.898,7.878,7.898,7.769
2016-09-28,7.849,7.859,7.898,7.769
2016-09-29,7.948,8.038,8.207,7.918
2016-09-30,7.978,8.078,8.127,7.918
2016-10-10,8.406,8.267,8.466,8.207
2016-10-11,8.317,9.094,9.094,8.297
2016-10-12,9.014,8.894,9.123,8.815
2016-10-13,8.815,8.855,8.884,8.755
2016-10-14,8.845,8.685,8.914,8.596
2016-10-17,8.705,8.615,8.765,8.476
2016-10-18,8.615,8.715,8.735,8.576
2016-10-19,8.735,8.745,8.914,8.665
2016-10-20,8.835,8.645,8.845,8.645
2016-10-21,8.576,8.476,8.606,8.347
2016-10-24,8.536,8.755,8.874,8.506
2016-10-25,8.705,8.596,8.785,8.566
2016-10-26,8.586,8.625,8.745,8.536
2016-10-27,8.596,8.665,8.685,8.536
2016-10-28,8.685,8.466,8.685,8.466
2016-10-31,8.406,8.347,8.446,8.257
2016-11-01,8.317,8.386,8.396,8.257
2016-11-02,8.337,8.247,8.396,8.237
2016-11-03,8.227,8.317,8.386,8.207
2016-11-04,8.317,8.357,8.426,8.287
2016-11-07,8.357,8.396,8.446,8.287
2016-11-08,8.426,8.526,8.665,8.426
2016-11-09,8.516,8.446,8.546,8.327
2016-11-10,8.506,8.775,8.864,8.506
2016-11-11,8.715,8.914,9.034,8.655
2016-11-14,8.765,8.825,9.024,8.715
2016-11-15,8.795,8.864,8.884,8.745
2016-11-16,8.964,8.855,9.084,8.835
2016-11-17,8.815,8.765,8.825,8.705
2016-11-18,8.735,8.715,8.815,8.715
2016-11-21,8.805,8.984,9.004,8.705
2016-11-22,9.183,9.353,9.432,9.094
2016-11-23,9.412,9.641,10.159,9.353
2016-11-24,9.611,9.641,9.92,9.392
2016-11-25,9.522,9.781,9.831,9.293
2016-11-28,9.761,9.661,9.761,9.313
2016-11-29,9.592,9.771,9.89,9.532
2016-11-30,9.572,9.462,9.731,9.313
2016-12-01,10.309,10.08,10.408,9.89
2016-12-02,9.95,9.711,10.349,9.592
2016-12-05,9.382,9.502,9.631,9.273
2016-12-06,9.472,10.149,10.448,9.472
2016-12-07,9.96,10.458,10.607,9.821
2016-12-08,10.458,10.259,10.737,10.189
2016-12-09,10.418,10.797,10.837,10.239
2016-12-12,10.946,11.145,11.872,10.946
2016-12-13,11.305,11.713,11.922,10.468
2016-12-14,11.554,11.135,11.872,11.076
2016-12-15,10.757,11.424,11.514,10.578
2016-12-16,11.255,11.056,11.354,10.956
2016-12-19,11.096,11.504,11.534,10.936
2016-12-20,11.315,11.066,11.454,11.016
2016-12-21,11.215,11.205,11.633,11.155
2016-12-22,11.056,10.876,11.135,10.707
2016-12-23,10.807,10.548,11.056,10.388
2016-12-26,10.588,10.358,10.607,9.94
2016-12-27,10.339,10.368,10.528,10.249
2016-12-28,10.428,10.309,10.797,10.179
2016-12-29,10.249,10.299,10.458,10.06
2016-12-30,10.349,10.299,10.428,10.119
2017-01-03,10.299,10.578,10.667,10.209
2017-01-04,10.508,11.165,11.524,10.458
2017-01-05,11.305,11.364,11.603,10.976
2017-01-06,11.474,11.265,11.504,11.125
2017-01-09,11.235,11.155,11.235,10.856
2017-01-10,11.006,10.787,11.185,10.767
2017-01-11,10.757,10.488,10.757,10.279
2017-01-12,10.448,10.458,10.617,10.259
2017-01-13,10.458,10.08,10.617,10.06
2017-01-16,10.03,9.811,10.209,9.362
2017-01-17,9.811,10.149,10.189,9.661
2017-01-18,10.149,9.99,10.358,9.93
2017-01-19,9.86,9.841,10.06,9.791
2017-01-20,9.88,9.96,10.04,9.811
2017-01-23,10.169,10.289,10.637,10.109
2017-01-24,10.219,10.378,10.498,10.08
2017-01-25,10.358,10.249,10.508,10.189
2017-01-26,10.269,10.139,10.309,9.97
2017-02-03,10.149,10.139,10.279,10.06
2017-02-06,10.139,10.368,10.438,10.1
2017-02-07,10.339,10.259,10.368,10.169
2017-02-08,10.209,10.119,10.209,9.831
2017-02-09,10.04,10.129,10.139,9.87
2017-02-10,10.06,10.0,10.189,9.93
2017-02-13,9.99,10.179,10.309,9.99
2017-02-14,10.189,10.1,10.209,10.02
2017-02-15,10.119,9.592,10.129,9.462
2017-02-16,9.572,9.641,9.701,9.482
2017-02-17,9.611,9.153,9.651,9.004
2017-02-20,9.153,9.163,9.253,9.074
2017-02-21,9.173,9.661,9.681,9.133
2017-02-22,9.611,9.681,9.91,9.602
2017-02-23,9.681,9.681,9.791,9.562
2017-02-24,9.681,9.87,10.08,9.681
2017-02-27,9.821,9.621,10.06,9.502
2017-02-28,9.582,9.681,9.87,9.572
2017-03-01,9.661,9.562,9.771,9.542
2017-03-02,9.621,9.492,9.661,9.412
2017-03-03,9.412,9.552,9.611,9.412
2017-03-06,9.542,9.621,9.771,9.542
2017-03-07,9.651,9.821,9.86,9.621
2017-03-08,9.841,9.9,10.02,9.671
2017-03-09,9.741,9.651,9.781,9.293
2017-03-10,9.611,9.402,9.801,9.362
2017-03-13,9.402,9.442,9.522,9.263
2017-03-14,9.412,9.412,9.482,9.392
2017-03-15,9.372,9.402,9.452,9.303
2017-03-16,9.452,9.552,9.621,9.452
2017-03-17,9.582,9.522,9.661,9.472
2017-03-20,9.432,9.661,9.661,9.432
2017-03-21,9.671,9.562,9.741,9.522
2017-03-22,9.562,9.741,9.821,9.562
2017-03-23,9.681,9.502,9.761,9.392
2017-03-24,9.502,9.163,9.522,8.845
2017-03-27,9.074,9.084,9.143,8.954
2017-03-28,9.064,9.074,9.133,8.994
2017-03-29,9.074,9.014,9.123,8.855
2017-03-30,8.984,9.024,9.113,8.864
2017-03-31,8.994,8.695,9.213,8.576
2017-04-05,8.576,8.765,8.864,8.576
2017-04-06,8.775,8.825,8.894,8.685
2017-04-07,8.825,9.213,9.382,8.765
2017-04-10,9.163,8.994,9.163,8.894
2017-04-11,9.173,9.133,9.223,8.994
2017-04-12,9.074,8.944,9.213,8.934
2017-04-13,8.974,9.313,9.313,8.825
2017-04-14,9.213,9.562,9.781,9.213
2017-04-17,9.482,9.392,9.611,9.113
2017-04-18,9.263,8.974,9.362,8.904
2017-04-19,8.924,8.376,9.004,8.088
2017-04-20,8.287,7.948,8.287,7.908
2017-04-21,7.928,7.968,8.018,7.888
2017-04-24,7.968,7.619,7.968,7.59
2017-04-25,7.669,7.361,7.729,7.361
2017-04-26,7.361,7.221,7.41,6.803
2017-04-27,7.161,7.271,7.311,6.982
2017-04-28,7.211,7.41,7.45,7.171
2017-05-02,7.41,7.43,7.49,7.301
2017-05-03,7.37,7.291,7.38,7.112
2017-05-04,7.231,7.291,7.46,7.171
2017-05-05,7.181,7.191,7.351,7.121
2017-05-08,7.201,7.032,7.261,7.032
2017-05-09,7.022,7.39,7.45,6.853
2017-05-10,7.37,7.201,7.4,7.171
2017-05-11,7.171,7.201,7.361,6.962
2017-05-12,7.181,7.121,7.261,7.022
2017-05-15,7.131,7.331,7.351,7.131
2017-05-16,7.281,7.42,7.44,7.281
2017-05-17,7.38,7.719,7.888,7.38
2017-05-18,7.58,8.117,8.167,7.57
2017-05-19,8.377,8.347,8.925,8.207
2017-05-22,8.247,7.748,8.247,7.678
2017-05-23,7.828,7.24,7.828,7.09
2017-05-24,7.06,7.27,7.429,6.891
2017-05-25,7.26,7.24,7.339,7.03
2017-05-26,7.17,7.28,7.409,7.08
2017-05-31,7.329,7.08,7.359,7.08
2017-06-01,7.02,6.611,7.09,6.611
2017-06-02,6.582,6.651,6.741,6.312
2017-06-05,6.651,6.721,6.921,6.621
2017-06-06,6.711,6.761,6.811,6.651
2017-06-07,6.781,6.931,6.961,6.721
2017-06-08,6.881,6.801,6.921,6.781
2017-06-09,6.781,6.751,6.831,6.691
2017-06-12,6.751,6.542,6.751,6.532
2017-06-13,6.582,6.711,6.761,6.512
2017-06-14,6.721,6.761,6.791,6.681
2017-06-15,6.721,6.851,6.901,6.661
2017-06-16,6.841,6.821,6.861,6.781
2017-06-19,6.801,6.921,6.921,6.801
2017-06-20,6.921,6.951,7.02,6.891
2017-06-21,6.961,6.961,6.99,6.831
2017-06-22,6.941,6.711,6.97,6.681
2017-06-23,6.631,6.721,6.731,6.562
2017-06-26,6.721,6.741,6.831,6.651
2017-06-27,6.731,6.901,6.941,6.731
2017-06-28,6.861,6.801,6.901,6.771
2017-06-29,6.871,6.861,6.931,6.781
2017-06-30,6.811,6.831,6.861,6.761
2017-07-03,6.861,6.921,6.951,6.861
2017-07-04,6.931,7.04,7.06,6.881
2017-07-05,7.01,7.05,7.07,6.961
2017-07-06,7.0,7.0,7.05,6.97
2017-07-07,7.0,7.01,7.04,6.961
2017-07-10,7.01,7.02,7.08,6.961
2017-07-11,7.02,6.901,7.02,6.871
2017-07-12,6.901,6.841,6.931,6.701
2017-07-13,6.861,6.841,6.881,6.801
2017-07-14,6.871,6.791,6.911,6.781
2017-07-17,6.791,6.113,6.801,6.113
2017-07-18,6.113,6.023,6.133,5.814
2017-07-19,5.993,6.043,6.053,5.913
2017-11-13,6.651,6.651,6.651,6.651
2017-11-14,6.651,6.233,6.751,6.163
2017-11-15,6.183,6.332,6.412,6.063
2017-11-16,6.252,6.143,6.352,6.133
2017-11-17,6.223,5.923,6.322,5.903
2017-11-20,5.834,5.794,5.884,5.505
2017-11-21,5.744,5.824,5.903,5.684
2017-11-22,5.834,5.923,5.963,5.754
2017-11-23,6.053,5.973,6.332,5.933
2017-11-24,5.804,5.854,5.903,5.734
2017-11-27,5.794,5.864,5.973,5.794
2017-11-28,5.814,5.913,5.933,5.804
2017-11-29,5.923,5.854,5.933,5.774
2017-11-30,5.854,5.744,5.854,5.714
2017-12-01,5.754,5.834,5.844,5.724
2017-12-04,5.854,5.754,5.963,5.734
2017-12-05,5.684,5.405,5.734,5.295
2017-12-06,5.385,5.554,5.654,5.305
2017-12-07,5.544,5.564,5.664,5.485
2017-12-08,5.574,5.624,5.724,5.535
2017-12-11,5.644,5.614,5.674,5.574
2017-12-12,5.624,5.654,5.714,5.584
2017-12-13,5.614,5.744,5.774,5.594
2017-12-14,5.714,5.804,5.814,5.704
2017-12-15,5.784,5.963,5.993,5.734
2017-12-18,5.933,6.043,6.113,5.903
2017-12-19,6.033,6.133,6.153,5.973
2017-12-20,6.093,6.053,6.233,6.013
2017-12-21,6.133,6.352,6.532,6.093
2017-12-22,6.282,6.512,6.552,6.282
2017-12-25,6.472,6.223,6.482,6.133
2017-12-26,6.223,6.193,6.282,6.123
2017-12-27,6.262,6.641,6.811,6.262
2017-12-28,6.382,6.322,6.562,6.312
2017-12-29,6.292,6.352,6.472,6.292
2018-01-02,6.332,6.542,6.801,6.332
2018-01-03,6.552,6.592,6.641,6.432
2018-01-04,6.691,6.781,7.04,6.691
2018-01-05,6.781,6.911,6.99,6.671
2018-01-08,6.881,6.811,7.1,6.711
2018-01-09,6.841,7.0,7.28,6.831
2018-01-10,7.13,7.21,7.27,6.99
2018-01-11,7.11,7.13,7.2,6.99
2018-01-12,7.18,6.921,7.18,6.921
2018-01-15,6.911,7.02,7.13,6.592
2018-01-16,6.921,6.811,7.13,6.761
2018-01-17,6.811,6.741,6.851,6.651
2018-01-18,6.681,6.801,6.961,6.671
2018-01-19,6.791,6.911,6.911,6.701
2018-01-22,6.98,6.881,7.2,6.881
2018-01-23,6.921,6.921,7.05,6.791
2018-01-24,6.98,7.12,7.2,6.861
2018-01-25,7.28,7.13,7.649,7.13
2018-01-26,7.06,7.31,7.359,7.01
2018-01-29,7.27,7.459,7.609,7.27
2018-01-30,7.369,7.28,7.509,7.16
2018-01-31,7.14,7.15,7.349,7.05
2018-02-01,7.14,6.602,7.26,6.592
2018-02-02,6.432,6.831,6.951,6.432
2018-02-05,6.851,6.781,6.98,6.691
2018-02-06,6.322,6.342,6.951,6.322
2018-02-07,6.532,6.332,6.582,6.003
2018-02-08,6.213,6.203,6.392,6.203
2018-02-09,6.033,5.694,6.043,5.624
2018-02-12,5.834,5.834,5.874,5.704
2018-02-13,5.923,5.963,6.272,5.824
2018-02-14,5.933,6.053,6.173,5.933
2018-02-22,6.153,6.183,6.213,6.073
2018-02-23,6.243,6.233,6.332,6.153
2018-02-26,6.292,6.322,6.342,6.213
2018-02-27,6.322,6.292,6.362,6.262
2018-02-28,6.292,6.272,6.322,6.123
2018-03-01,6.183,6.422,6.432,6.133
2018-03-02,6.372,6.342,6.462,6.282
2018-03-05,6.322,6.332,6.382,6.292
2018-03-06,6.372,6.462,6.552,6.362
2018-03-07,6.452,6.532,6.552,6.402
2018-03-08,6.492,6.512,6.582,6.462
2018-03-09,6.492,6.582,6.621,6.462
2018-03-12,6.631,6.691,6.821,6.621
2018-03-13,6.671,6.592,6.691,6.582
2018-03-14,6.592,6.681,6.871,6.412
2018-03-15,6.611,6.502,6.611,6.382
2018-03-16,6.492,6.651,6.671,6.392
2018-03-19,6.631,6.661,6.751,6.582
2018-03-20,6.611,6.671,6.701,6.472
2018-03-21,6.731,6.542,6.831,6.522
2018-03-22,6.611,6.552,6.781,6.542
2018-03-23,6.272,6.143,6.532,6.033
2018-03-26,6.123,6.382,6.452,6.123
2018-03-27,6.382,6.442,6.522,6.362
2018-03-28,6.372,6.402,6.522,6.282
2018-03-29,6.412,6.502,6.512,6.372
2018-03-30,6.542,6.691,6.701,6.472
2018-04-02,6.801,6.841,6.871,6.691
2018-04-03,6.721,6.931,7.28,6.621
2018-04-04,6.921,6.781,7.07,6.751
2018-04-09,6.781,6.99,7.02,6.711
2018-04-10,7.01,7.11,7.18,6.861
2018-04-11,7.3,7.09,7.479,7.06
2018-04-12,7.06,7.0,7.16,6.941
2018-04-13,6.961,6.881,7.06,6.861
2018-04-16,6.98,6.98,7.12,6.891
2018-04-17,6.911,6.761,6.99,6.721
2018-04-18,6.751,7.03,7.08,6.641
2018-04-19,7.08,7.17,7.329,7.04
2018-04-20,7.08,6.881,7.16,6.801
2018-04-23,6.751,6.791,6.911,6.671
2018-04-24,6.841,6.931,6.951,6.811
2018-04-25,6.871,6.801,6.911,6.721
2018-04-26,6.811,6.651,6.841,6.631
2018-04-27,6.721,6.661,6.741,6.502
2018-05-02,6.621,6.681,6.741,6.602
2018-05-03,6.681,6.98,6.98,6.641
2018-05-04,7.02,6.951,7.06,6.891
2018-05-07,6.951,7.18,7.31,6.941
2018-05-08,7.21,7.24,7.25,7.11
2018-05-09,7.27,7.22,7.5,7.21
2018-05-10,7.47,7.94,7.94,7.47
2018-05-11,7.7,7.86,7.98,7.66
2018-05-14,7.7,7.77,7.82,7.59
2018-05-15,7.78,7.8,7.95,7.71
2018-05-16,7.72,7.66,7.97,7.63
2018-05-17,7.77,7.9,8.11,7.67
2018-05-18,7.97,8.69,8.69,7.97
2018-05-21,9.0,8.8,9.27,8.54
2018-05-22,9.08,9.1,9.56,8.8
2018-05-23,8.67,8.56,8.9,8.5
2018-05-24,8.43,8.47,8.68,8.36
2018-05-25,8.57,8.13,8.66,8.11
