date,open,close,high,low
2016-01-04,8.617,7.93,8.617,7.93
2016-01-05,7.292,7.262,7.711,7.133
2016-01-06,7.362,7.372,7.402,7.113
2016-01-07,7.173,6.635,7.183,6.635
2016-01-08,6.675,6.366,6.824,5.997
2016-01-11,6.167,5.728,6.216,5.728
2016-01-12,5.728,5.728,5.808,5.509
2016-01-13,5.768,5.459,5.818,5.439
2016-01-14,5.2,5.678,5.728,5.18
2016-01-15,5.589,5.31,5.668,5.24
2016-01-18,5.18,5.469,5.609,5.111
2016-01-19,5.459,5.768,5.838,5.399
2016-01-20,5.758,5.878,5.967,5.678
2016-01-21,5.748,5.529,6.037,5.529
2016-01-22,5.619,5.639,5.678,5.33
2016-01-25,5.668,5.728,5.798,5.619
2016-01-26,5.629,5.16,5.658,5.16
2016-01-27,5.16,5.061,5.23,4.702
2016-01-28,5.001,4.752,5.111,4.682
2016-01-29,4.762,5.001,5.061,4.742
2016-02-01,4.891,4.812,4.961,4.682
2016-02-02,4.832,5.051,5.071,4.782
2016-02-03,4.981,5.051,5.101,4.862
2016-02-04,5.051,5.2,5.23,5.011
2016-02-05,5.19,5.041,5.26,5.041
2016-02-15,4.832,4.981,5.071,4.762
2016-02-16,4.991,5.479,5.479,4.991
2016-02-17,5.529,5.589,5.619,5.32
2016-02-18,5.529,5.489,5.629,5.459
2016-02-19,5.419,5.499,5.579,5.419
2016-02-22,5.389,5.908,5.977,5.071
2016-02-23,5.668,5.579,5.818,5.519
2016-02-24,5.439,5.489,5.559,5.26
2016-02-25,5.449,4.941,5.589,4.941
2016-02-26,4.951,4.862,5.041,4.712
2016-02-29,4.792,4.373,4.812,4.373
2016-03-01,4.363,4.463,4.503,4.244
2016-03-02,4.433,4.822,4.901,4.413
2016-03-03,4.762,4.822,4.971,4.742
2016-03-04,4.782,4.463,4.822,4.403
2016-03-07,4.583,4.911,4.911,4.583
2016-03-08,5.121,5.33,5.399,4.881
2016-03-09,4.981,4.961,5.111,4.881
2016-03-10,4.981,4.772,5.041,4.732
2016-03-11,4.652,4.752,4.792,4.602
2016-03-14,4.832,4.991,5.091,4.822
2016-03-15,4.941,5.031,5.071,4.832
2016-03-16,5.051,4.921,5.111,4.901
2016-03-17,4.991,5.18,5.22,4.951
2016-03-18,5.22,5.429,5.529,5.14
2016-03-21,5.509,5.599,5.668,5.38
2016-03-22,5.409,5.429,5.519,5.37
2016-03-23,5.35,5.519,5.559,5.29
2016-03-24,5.499,5.25,5.499,5.23
2016-03-25,5.17,5.3,5.34,5.15
2016-03-28,5.33,5.32,5.479,5.28
2016-03-29,5.27,5.18,5.34,5.111
2016-03-30,5.22,5.389,5.429,5.21
2016-03-31,5.37,5.29,5.449,5.26
2016-04-01,5.25,5.21,5.27,5.121
2016-04-05,5.22,5.409,5.449,5.16
2016-04-06,5.38,5.399,5.439,5.31
2016-04-07,5.419,5.439,5.609,5.419
2016-04-08,5.33,5.36,5.38,5.26
2016-04-11,5.459,5.509,5.539,5.409
2016-04-12,5.499,5.499,5.609,5.34
2016-04-13,5.529,5.888,6.047,5.519
2016-04-14,5.778,5.858,5.898,5.688
2016-04-15,5.788,5.818,5.858,5.748
2016-04-18,5.778,5.658,5.778,5.619
2016-04-19,5.738,5.758,5.818,5.629
2016-04-20,5.828,5.36,5.828,5.2
2016-04-21,5.399,5.898,5.898,5.35
2016-04-22,5.917,6.127,6.326,5.858
2016-04-25,6.007,5.987,6.077,5.838
2016-04-26,5.858,5.818,5.917,5.649
2016-04-27,5.798,6.306,6.396,5.758
2016-04-28,6.196,6.276,6.396,5.977
2016-04-29,6.157,6.097,6.286,6.097
2016-05-03,6.117,6.455,6.515,6.027
2016-05-04,6.426,6.625,7.053,6.356
2016-05-05,6.585,6.814,6.934,6.525
2016-05-06,6.734,6.376,6.794,6.306
2016-05-09,6.286,6.545,6.545,6.027
2016-05-10,6.426,6.346,6.595,6.276
2016-05-11,6.326,6.326,6.505,6.176
2016-05-12,6.167,6.266,6.356,6.017
2016-05-13,6.196,6.157,6.386,6.087
2016-05-16,6.127,6.306,6.306,5.997
2016-05-17,6.286,6.565,6.675,6.286
2016-05-18,6.455,6.296,6.635,6.127
2016-05-19,6.276,6.176,6.495,6.107
2016-05-20,6.087,6.176,6.226,6.027
2016-05-23,6.157,6.256,6.306,6.137
2016-05-24,6.226,6.037,6.326,6.027
2016-05-25,6.097,6.067,6.226,6.047
2016-05-26,6.057,5.937,6.137,5.758
2016-05-27,5.927,5.778,5.927,5.768
2016-05-30,5.728,5.629,5.798,5.629
2016-05-31,5.599,5.858,5.868,5.579
2016-06-01,5.848,5.808,5.917,5.788
2016-06-02,5.778,6.007,6.077,5.698
2016-06-03,5.957,5.878,6.007,5.838
2016-06-06,5.888,5.927,6.007,5.848
2016-06-07,5.947,5.858,5.987,5.828
2016-06-08,5.818,5.678,5.838,5.649
2016-06-13,5.579,5.18,5.589,5.15
2016-06-14,5.121,5.121,5.18,5.041
2016-06-15,5.061,5.33,5.399,5.041
2016-06-16,5.28,5.25,5.389,5.21
2016-06-17,5.24,5.26,5.34,5.23
2016-06-20,5.28,5.2,5.32,5.14
2016-06-21,5.23,5.14,5.33,5.111
2016-06-22,5.13,5.2,5.21,5.101
2016-06-23,5.18,5.19,5.24,5.16
2016-06-24,5.21,5.111,5.24,4.981
2016-06-27,5.041,5.2,5.2,5.041
2016-06-28,5.17,5.27,5.27,5.14
2016-06-29,5.29,5.33,5.409,5.28
2016-06-30,5.3,5.28,5.38,5.23
2016-07-01,5.28,5.25,5.3,5.23
2016-07-04,5.21,5.439,5.469,5.17
2016-07-05,5.409,5.419,5.449,5.36
2016-07-06,5.38,5.459,5.479,5.34
2016-07-07,5.459,5.38,5.459,5.32
2016-07-08,5.38,5.35,5.399,5.32
2016-07-11,5.23,5.13,5.27,5.101
2016-07-12,5.061,4.911,5.061,4.642
2016-07-13,4.852,4.881,4.911,4.752
2016-07-14,4.871,4.871,4.911,4.802
2016-07-15,4.862,4.941,4.971,4.842
2016-07-18,4.921,4.852,4.931,4.822
2016-07-19,4.881,4.891,4.891,4.822
2016-07-20,4.881,4.862,4.911,4.852
2016-07-21,4.862,4.901,4.931,4.842
2016-07-22,4.901,4.862,4.901,4.832
2016-07-25,4.911,5.35,5.35,4.911
2016-07-26,5.399,5.32,5.559,5.29
2016-07-27,5.23,4.991,5.27,4.852
2016-07-28,4.971,5.31,5.36,4.931
2016-07-29,5.23,5.17,5.24,5.101
2016-08-01,5.001,4.812,5.011,4.652
2016-08-02,4.782,4.822,4.842,4.732
2016-08-03,4.802,4.832,4.891,4.742
2016-08-04,4.822,4.832,4.862,4.782
2016-08-05,4.822,4.782,4.842,4.782
2016-08-08,4.782,4.842,4.862,4.732
2016-08-09,4.852,4.941,5.051,4.822
2016-08-10,4.941,4.941,5.011,4.921
2016-08-11,4.911,4.862,4.941,4.842
2016-08-12,4.881,4.931,4.941,4.871
2016-08-15,4.951,5.071,5.13,4.931
2016-08-16,5.081,5.051,5.091,5.001
2016-08-17,5.061,5.071,5.121,5.031
2016-08-18,5.061,5.111,5.16,5.051
2016-08-19,5.13,5.081,5.15,5.061
2016-08-22,5.101,4.981,5.111,4.971
2016-08-23,4.981,5.14,5.18,4.971
2016-08-24,5.121,5.101,5.2,5.091
2016-08-25,5.101,5.041,5.101,4.921
2016-08-26,5.041,5.041,5.101,5.011
2016-08-29,5.071,5.2,5.2,5.061
2016-08-30,5.2,5.13,5.26,5.121
2016-08-31,5.121,5.101,5.15,5.051
2016-09-01,5.101,5.051,5.121,5.051
2016-09-02,5.041,5.14,5.17,5.021
2016-09-05,5.13,5.081,5.14,5.061
2016-09-06,5.081,5.14,5.16,5.031
2016-09-07,5.14,5.121,5.21,5.071
2016-09-08,5.111,5.21,5.23,5.101
2016-09-09,5.19,5.14,5.23,5.14
2016-09-12,5.061,4.931,5.071,4.832
2016-09-13,4.941,5.011,5.051,4.931
2016-09-14,5.001,4.941,5.011,4.921
2016-09-19,4.951,4.981,5.021,4.951
2016-09-20,4.981,5.031,5.091,4.931
2016-09-21,5.021,5.031,5.051,4.981
2016-09-22,5.051,5.021,5.071,5.001
2016-09-23,5.031,4.961,5.031,4.951
2016-09-26,4.951,4.862,4.971,4.862
2016-09-27,4.871,4.921,4.931,4.842
2016-09-28,4.911,4.911,4.931,4.881
2016-09-29,4.911,4.911,4.951,4.911
2016-09-30,4.911,5.111,5.21,4.891
2016-10-10,5.101,5.24,5.3,5.081
2016-10-11,5.24,5.22,5.24,5.14
2016-10-12,5.18,5.25,5.37,5.18
2016-10-13,5.26,5.23,5.28,5.21
2016-10-14,5.22,5.18,5.22,5.14
2016-10-17,5.18,5.13,5.21,5.101
2016-10-18,5.121,5.2,5.2,5.101
2016-10-19,5.22,5.14,5.22,5.13
2016-10-20,5.16,5.22,5.29,5.16
2016-10-21,5.19,5.14,5.21,5.081
2016-10-24,5.13,5.17,5.19,5.111
2016-10-25,5.15,5.19,5.2,5.14
2016-10-26,5.18,5.27,5.31,5.16
2016-10-27,5.24,5.24,5.25,5.2
2016-10-28,5.23,5.19,5.31,5.19
2016-10-31,5.19,5.121,5.19,5.101
2016-11-01,5.13,5.17,5.18,5.121
2016-11-02,5.15,5.101,5.16,5.101
2016-11-03,5.091,5.26,5.31,5.061
2016-11-04,5.25,5.23,5.3,5.18
2016-11-07,5.27,5.23,5.27,5.18
2016-11-08,5.23,5.28,5.31,5.2
2016-11-09,5.27,5.37,5.429,5.24
2016-11-10,5.399,5.419,5.439,5.36
2016-11-11,5.429,5.649,5.848,5.35
2016-11-14,5.539,5.599,5.668,5.499
2016-11-15,5.569,5.649,5.828,5.559
2016-11-16,5.678,5.798,5.908,5.658
2016-11-17,5.728,5.688,5.768,5.589
2016-11-18,5.658,5.549,5.668,5.489
2016-11-21,5.529,5.619,5.658,5.499
2016-11-22,5.698,5.728,5.768,5.629
2016-11-23,5.708,5.758,5.917,5.678
2016-11-24,5.728,5.758,5.838,5.629
2016-11-25,5.708,5.748,5.748,5.529
2016-11-28,5.698,5.808,5.848,5.649
2016-11-29,5.758,5.917,6.037,5.728
2016-11-30,5.798,5.649,5.858,5.599
2016-12-01,5.768,5.688,5.858,5.649
2016-12-02,5.639,5.38,5.678,5.34
2016-12-05,5.31,5.35,5.489,5.29
2016-12-06,5.36,5.34,5.419,5.33
2016-12-07,5.33,5.429,5.459,5.32
2016-12-08,5.429,5.509,5.569,5.419
2016-12-09,5.519,5.519,5.569,5.479
2016-12-12,5.589,5.21,5.589,5.17
2016-12-13,5.21,5.28,5.31,5.091
2016-12-14,5.23,5.28,5.36,5.19
2016-12-15,5.25,5.37,5.449,5.23
2016-12-16,5.389,5.459,5.489,5.33
2016-12-19,5.419,5.429,5.519,5.37
2016-12-20,5.469,5.529,5.579,5.399
2016-12-21,5.529,5.549,5.609,5.469
2016-12-22,5.519,5.499,5.519,5.409
2016-12-23,5.529,5.459,5.579,5.429
2016-12-26,5.429,5.399,5.429,5.2
2016-12-27,5.409,5.619,5.649,5.389
2016-12-28,5.748,6.176,6.176,5.708
2016-12-29,6.147,5.977,6.147,5.888
2016-12-30,5.908,5.947,6.037,5.858
2017-01-03,6.087,5.838,6.167,5.738
2017-01-04,5.788,5.898,5.927,5.728
2017-01-05,5.848,5.768,5.878,5.758
2017-01-06,5.778,5.708,5.898,5.708
2017-01-09,5.649,5.579,5.658,5.499
2017-01-10,5.559,5.579,5.629,5.519
2017-01-11,5.549,5.738,5.778,5.529
2017-01-12,5.698,5.559,5.728,5.529
2017-01-13,5.529,5.31,5.589,5.26
2017-01-16,5.22,5.061,5.29,4.842
2017-01-17,4.981,5.13,5.16,4.891
2017-01-18,5.121,5.031,5.121,5.011
2017-01-19,5.011,5.031,5.061,4.991
2017-01-20,5.031,5.111,5.17,5.001
2017-01-23,5.121,5.14,5.18,5.091
2017-01-24,5.13,5.14,5.22,5.071
2017-01-25,5.091,5.121,5.15,5.081
2017-01-26,5.14,5.23,5.24,5.13
2017-02-03,5.22,5.15,5.22,5.111
2017-02-06,5.13,5.19,5.2,5.13
2017-02-07,5.18,5.17,5.19,5.13
2017-02-08,5.14,5.26,5.29,5.13
2017-02-09,5.27,5.399,5.509,5.23
2017-02-10,5.38,5.569,5.649,5.3
2017-02-13,6.057,6.127,6.127,6.057
2017-02-14,6.077,5.878,6.077,5.788
2017-02-15,5.768,5.678,5.888,5.658
2017-02-16,5.678,6.196,6.246,5.668
2017-02-17,6.057,5.858,6.127,5.828
2017-02-20,5.808,5.917,6.027,5.808
2017-02-21,5.917,6.107,6.196,5.808
2017-02-22,6.057,6.306,6.635,6.027
2017-02-23,6.246,6.077,6.296,6.037
2017-02-24,6.027,6.127,6.147,6.007
2017-02-27,6.176,6.137,6.226,6.047
2017-02-28,6.137,5.987,6.137,5.967
2017-03-01,5.957,6.077,6.216,5.937
2017-03-02,6.027,5.888,6.077,5.848
2017-03-03,5.828,5.788,5.888,5.738
2017-03-06,5.758,5.858,5.888,5.758
2017-03-07,5.848,5.878,5.908,5.798
2017-03-08,5.848,5.898,6.057,5.808
2017-03-09,5.818,5.788,5.858,5.768
2017-03-10,5.768,5.748,5.818,5.748
2017-03-13,5.748,5.788,5.808,5.649
2017-03-14,5.808,5.748,5.828,5.738
2017-03-15,5.748,5.758,5.818,5.698
2017-03-16,5.768,5.848,5.868,5.768
2017-03-17,5.848,5.728,5.878,5.718
2017-03-20,5.728,5.758,5.758,5.688
2017-03-21,5.698,5.688,5.738,5.678
2017-03-22,5.658,5.798,5.848,5.619
2017-03-23,5.758,5.858,5.967,5.748
2017-03-24,5.878,6.047,6.077,5.778
2017-03-27,5.997,5.947,6.107,5.947
2017-03-28,5.937,5.987,6.067,5.927
2017-03-29,5.987,6.167,6.585,5.947
2017-03-30,6.107,5.917,6.246,5.898
2017-03-31,5.927,5.778,6.057,5.718
2017-04-05,5.878,6.186,6.256,5.828
2017-04-06,6.256,6.236,6.256,6.097
2017-04-07,6.157,6.117,6.226,6.097
2017-04-10,6.097,6.276,6.436,6.087
2017-04-11,6.246,6.416,6.575,6.206
2017-04-12,6.296,6.057,6.336,5.987
2017-04-13,6.057,6.226,6.226,6.027
2017-04-14,6.176,6.097,6.336,6.027
2017-04-17,6.077,5.908,6.077,5.858
2017-04-18,5.917,5.828,5.947,5.828
2017-04-19,5.798,5.728,5.848,5.629
2017-04-20,5.728,5.539,5.778,5.399
2017-04-21,5.569,5.469,5.609,5.449
2017-04-24,5.489,5.419,5.499,5.19
2017-04-25,5.409,5.549,5.668,5.38
2017-04-26,5.549,5.569,5.668,5.529
2017-04-27,5.569,5.748,5.818,5.489
2017-04-28,5.718,5.758,5.838,5.698
2017-05-02,5.748,5.698,5.798,5.678
2017-05-03,5.718,5.619,5.758,5.529
2017-05-04,5.559,5.768,5.818,5.529
2017-05-05,5.728,5.639,5.818,5.639
2017-05-08,5.629,5.459,5.629,5.449
2017-05-09,5.529,5.738,5.748,5.469
2017-05-10,5.718,5.38,5.758,5.38
2017-05-11,5.28,5.34,5.399,5.061
2017-05-12,5.3,5.26,5.389,5.17
2017-05-15,5.28,5.26,5.36,5.22
2017-05-16,5.26,5.38,5.399,5.111
2017-05-17,5.34,5.37,5.479,5.34
2017-05-18,5.28,5.29,5.439,5.25
2017-05-19,5.29,5.639,5.818,5.26
2017-05-22,5.579,5.449,5.658,5.439
2017-05-23,5.449,5.23,5.489,5.22
2017-05-24,5.23,5.499,5.629,5.13
2017-05-25,5.469,5.599,5.658,5.439
2017-05-26,5.569,5.559,5.619,5.489
2017-05-31,5.629,5.509,5.658,5.499
2017-06-01,5.489,5.31,5.658,5.28
2017-06-02,5.26,5.539,5.589,5.121
2017-06-05,5.539,5.559,5.629,5.499
2017-06-06,5.529,5.449,5.559,5.33
2017-06-07,5.449,5.569,5.599,5.419
2017-06-08,5.569,5.579,5.698,5.549
2017-06-09,5.589,5.678,5.728,5.439
2017-06-12,5.639,5.519,5.639,5.519
2017-06-13,5.509,5.589,5.658,5.479
2017-06-14,5.579,5.559,5.589,5.499
2017-06-15,5.559,5.579,5.658,5.549
2017-06-16,5.569,5.449,5.589,5.419
2017-06-19,5.439,5.389,5.469,5.33
2017-06-20,5.399,5.36,5.469,5.35
2017-06-21,5.38,5.36,5.429,5.31
2017-06-22,5.38,5.28,5.419,5.27
2017-06-23,5.31,5.27,5.32,5.17
2017-06-26,5.26,5.31,5.32,5.24
2017-06-27,5.31,5.36,5.429,5.29
2017-06-28,5.34,5.3,5.36,5.29
2017-06-29,5.34,5.29,5.36,5.27
2017-06-30,5.28,5.23,5.28,5.19
2017-07-03,5.24,5.26,5.26,5.18
2017-07-04,5.27,5.3,5.36,5.24
2017-07-05,5.29,5.29,5.32,5.24
2017-07-06,5.29,5.25,5.32,5.22
2017-07-07,5.25,5.26,5.26,5.21
2017-07-10,5.25,5.06,5.25,5.0
2017-07-11,5.03,4.88,5.04,4.88
2017-07-12,4.85,4.76,4.9,4.66
2017-07-13,4.76,4.93,5.01,4.72
2017-07-14,4.9,4.8,4.9,4.77
2017-07-17,4.75,4.39,4.77,4.39
2017-07-18,4.33,4.44,4.47,4.33
2017-07-19,4.44,4.61,4.61,4.37
2017-07-20,4.6,4.58,4.61,4.52
2017-07-21,4.5,4.62,4.7,4.5
2017-07-24,4.58,4.59,4.62,4.53
2017-07-25,4.67,4.77,4.81,4.63
2017-07-26,4.82,4.8,4.88,4.71
2017-07-27,4.82,4.84,4.88,4.75
2017-07-28,4.78,4.73,4.8,4.69
2017-07-31,4.77,4.81,4.83,4.72
2017-08-01,4.82,4.78,4.85,4.75
2017-08-02,4.73,4.69,4.77,4.68
2017-08-03,4.67,4.72,4.86,4.64
2017-08-04,4.71,4.68,4.76,4.67
2017-08-07,4.68,4.72,4.73,4.66
2017-08-08,4.71,4.71,4.75,4.66
2017-08-09,4.75,4.78,4.88,4.74
2017-08-10,4.75,4.7,4.81,4.68
2017-08-11,4.64,4.54,4.67,4.54
2017-08-14,4.56,4.64,4.64,4.56
2017-08-15,4.64,4.64,4.67,4.62
2017-08-16,4.64,4.7,4.73,4.64
2017-08-17,4.7,4.72,4.73,4.67
2017-08-18,4.71,4.75,4.81,4.67
2017-08-21,4.74,4.73,4.74,4.69
2017-08-22,4.72,4.65,4.73,4.65
2017-08-23,4.68,4.66,4.69,4.63
2017-08-24,4.65,4.61,4.67,4.6
2017-08-25,4.6,4.66,4.68,4.6
2017-08-28,4.65,4.7,4.73,4.64
2017-08-29,4.71,4.67,4.76,4.66
2017-08-30,4.67,4.65,4.69,4.65
2017-08-31,4.65,4.66,4.7,4.63
2017-09-01,4.66,4.7,4.72,4.64
2017-09-04,4.67,4.69,4.72,4.65
2017-09-05,4.68,4.72,4.74,4.68
2017-09-06,4.69,4.72,4.72,4.66
2017-09-07,4.71,4.73,4.76,4.7
2017-09-08,4.76,4.71,4.8,4.7
2017-09-11,4.69,4.73,4.74,4.69
2017-09-12,4.73,4.66,4.73,4.64
2017-09-13,4.65,4.67,4.67,4.62
2017-09-14,4.65,4.64,4.67,4.63
2017-09-15,4.65,4.63,4.67,4.61
2017-09-18,4.63,4.66,4.67,4.62
2017-09-19,4.65,4.64,4.67,4.63
2017-09-20,4.64,4.66,4.67,4.63
2017-09-21,4.66,4.61,4.67,4.61
2017-09-22,4.61,4.63,4.69,4.56
2017-09-25,4.61,4.5,4.62,4.48
2017-09-26,4.49,4.47,4.52,4.44
2017-09-27,4.46,4.5,4.51,4.46
2017-09-28,4.51,4.45,4.51,4.45
2017-09-29,4.45,4.48,4.49,4.45
2017-10-09,4.5,4.52,4.54,4.5
2017-10-10,4.52,4.59,4.6,4.49
2017-10-11,4.58,4.58,4.62,4.56
2017-10-12,4.58,4.54,4.59,4.51
2017-10-13,4.54,4.58,4.62,4.52
2017-10-16,4.58,4.48,4.58,4.47
2017-10-17,4.47,4.49,4.53,4.46
2017-10-18,4.52,4.5,4.56,4.46
2017-10-19,4.47,4.42,4.5,4.4
2017-10-20,4.41,4.44,4.45,4.39
2017-10-23,4.44,4.46,4.46,4.43
2017-10-24,4.46,4.42,4.46,4.39
2017-10-25,4.43,4.44,4.44,4.41
2017-10-26,4.44,4.44,4.45,4.41
2017-10-27,4.45,4.45,4.48,4.43
2017-10-30,4.42,4.29,4.45,4.26
2017-10-31,4.29,4.3,4.32,4.27
2017-11-01,4.29,4.27,4.31,4.26
2017-11-02,4.27,4.13,4.27,4.13
2017-11-03,4.14,4.04,4.15,4.02
2017-11-06,4.05,4.13,4.15,4.0
2017-11-07,4.13,4.13,4.14,4.09
2017-11-08,4.13,4.13,4.17,4.11
2017-11-09,4.13,4.12,4.14,4.1
2017-11-10,4.12,4.13,4.15,4.1
2017-11-13,4.13,4.11,4.22,4.11
2017-11-14,4.09,4.08,4.12,4.06
2017-11-15,4.08,4.08,4.11,4.06
2017-11-16,4.07,4.06,4.09,4.06
2017-11-17,4.05,3.97,4.07,3.66
2017-11-20,3.95,3.91,3.95,3.66
2017-11-21,3.88,3.81,3.91,3.79
2017-11-22,3.81,3.86,3.86,3.74
2017-11-23,3.83,3.79,3.86,3.79
2017-11-24,3.76,3.82,3.88,3.76
2017-11-27,3.83,3.82,3.86,3.8
2017-11-28,3.83,3.89,3.9,3.8
2017-11-29,3.89,3.91,3.92,3.86
2017-11-30,3.9,3.92,3.95,3.88
2017-12-01,3.9,3.94,3.95,3.88
2017-12-04,3.97,3.94,4.02,3.94
2017-12-05,3.94,3.84,3.96,3.83
2017-12-06,3.82,3.89,3.9,3.8
2017-12-07,3.87,3.92,3.95,3.86
2017-12-08,3.92,3.95,3.99,3.9
2017-12-11,3.97,3.94,3.97,3.92
2017-12-12,3.95,3.87,3.95,3.87
2017-12-13,3.89,3.92,3.92,3.85
2017-12-14,3.93,3.97,4.08,3.91
2017-12-15,3.95,3.99,4.02,3.94
2017-12-18,3.99,3.93,4.01,3.93
2017-12-19,3.93,3.98,3.98,3.93
2017-12-20,3.97,3.94,3.98,3.93
2017-12-21,3.92,3.88,3.94,3.85
2017-12-22,3.88,3.83,3.89,3.81
2017-12-25,3.83,3.86,3.86,3.75
2017-12-26,3.84,3.8,3.86,3.77
2017-12-27,3.78,3.71,3.81,3.69
2017-12-28,3.71,3.71,3.74,3.69
2017-12-29,3.72,3.71,3.74,3.68
2018-01-02,3.71,3.75,3.75,3.71
2018-01-03,3.73,3.79,3.81,3.73
2018-01-04,3.78,3.84,3.87,3.77
2018-01-05,3.83,3.83,3.85,3.8
2018-01-08,3.83,3.81,3.85,3.79
2018-01-09,3.81,3.78,3.82,3.78
2018-01-10,3.8,3.77,3.81,3.75
2018-01-11,3.76,3.8,3.81,3.75
2018-01-12,3.78,3.77,3.82,3.75
2018-01-15,3.78,3.66,3.78,3.64
2018-01-16,3.65,3.69,3.71,3.59
2018-01-17,3.65,3.68,3.72,3.63
2018-01-18,3.68,3.67,3.72,3.67
2018-01-19,3.67,3.68,3.72,3.67
2018-01-22,3.69,3.7,3.72,3.62
2018-01-23,3.7,3.69,3.71,3.67
2018-01-24,3.69,3.74,3.75,3.64
2018-01-25,3.74,3.96,4.1,3.73
2018-01-26,3.85,3.85,3.92,3.82
2018-01-29,3.86,3.78,3.89,3.77
2018-01-30,3.75,3.8,3.84,3.75
2018-01-31,3.77,3.72,3.79,3.65
2018-02-01,3.7,3.44,3.71,3.4
2018-02-02,3.41,3.39,3.48,3.3
2018-02-05,3.31,3.36,3.42,3.3
2018-02-06,3.31,3.16,3.34,3.16
2018-02-07,3.22,3.23,3.26,3.11
2018-02-08,3.22,3.35,3.42,3.22
2018-02-09,3.28,3.23,3.31,3.2
2018-02-12,3.27,3.32,3.38,3.27
2018-02-13,3.55,3.38,3.65,3.37
2018-02-14,3.35,3.34,3.36,3.28
2018-02-22,3.37,3.37,3.41,3.34
2018-02-23,3.37,3.36,3.4,3.34
2018-02-26,3.38,3.42,3.43,3.37
2018-02-27,3.41,3.4,3.43,3.39
2018-02-28,3.38,3.39,3.42,3.34
2018-03-01,3.38,3.46,3.46,3.36
2018-03-02,3.42,3.41,3.46,3.4
2018-03-05,3.4,3.43,3.43,3.4
2018-03-06,3.43,3.43,3.45,3.39
2018-03-07,3.44,3.41,3.45,3.4
2018-03-08,3.41,3.43,3.44,3.39
2018-03-09,3.42,3.49,3.5,3.42
2018-03-12,3.5,3.56,3.57,3.47
2018-03-13,3.57,3.53,3.58,3.51
2018-03-14,3.5,3.48,3.55,3.47
2018-03-15,3.47,3.43,3.49,3.39
2018-03-16,3.43,3.43,3.48,3.42
2018-03-19,3.43,3.48,3.54,3.43
2018-03-20,3.46,3.49,3.51,3.42
2018-03-21,3.51,3.47,3.57,3.47
2018-03-22,3.46,3.48,3.52,3.46
2018-03-23,3.44,3.31,3.46,3.21
2018-03-26,3.28,3.35,3.35,3.2
2018-03-27,3.37,3.42,3.47,3.36
2018-03-28,3.39,3.39,3.43,3.36
2018-03-29,3.39,3.46,3.48,3.39
2018-03-30,3.47,3.47,3.55,3.44
2018-04-02,3.47,3.42,3.5,3.42
2018-04-03,3.37,3.38,3.42,3.36
2018-04-04,3.38,3.35,3.43,3.35
2018-04-09,3.34,3.37,3.4,3.3
2018-04-10,3.31,3.36,3.38,3.31
2018-04-11,3.37,3.36,3.4,3.33
2018-04-12,3.35,3.32,3.38,3.32
2018-04-13,3.35,3.28,3.35,3.27
2018-04-16,3.28,3.2,3.29,3.18
2018-04-17,3.22,3.12,3.22,3.12
2018-04-18,3.13,3.15,3.16,3.09
2018-04-19,3.15,3.15,3.18,3.12
2018-04-20,3.15,3.05,3.15,3.05
2018-04-23,3.04,3.03,3.08,3.01
2018-04-24,3.03,3.09,3.11,3.03
2018-04-25,3.07,3.1,3.12,3.06
2018-04-26,3.11,3.04,3.12,3.03
2018-05-02,3.06,2.98,3.06,2.97
2018-05-03,2.98,3.01,3.02,2.91
2018-05-04,3.0,2.96,3.01,2.95
2018-05-07,2.97,3.02,3.03,2.96
2018-05-08,3.01,3.05,3.06,3.01
2018-05-09,3.07,3.05,3.07,3.03
2018-05-10,3.06,3.08,3.08,3.04
2018-05-11,3.08,3.03,3.09,3.03
2018-05-14,3.03,2.96,3.04,2.94
2018-05-15,2.97,3.01,3.02,2.93
2018-05-16,3.0,2.98,3.01,2.97
2018-05-17,2.97,2.96,2.98,2.95
2018-05-18,3.08,3.26,3.26,3.06
2018-05-21,3.4,3.59,3.59,3.33
2018-05-22,3.84,3.49,3.84,3.47
2018-05-23,3.38,3.31,3.41,3.31
2018-05-24,3.32,3.38,3.45,3.28
2018-05-25,3.37,3.26,3.37,3.26
