date,open,close,high,low
2016-01-04,19.048,17.345,19.187,17.345
2016-01-05,15.921,15.911,16.768,15.613
2016-01-06,16.121,16.389,16.519,15.822
2016-01-07,16.121,14.746,16.121,14.746
2016-01-08,15.035,14.209,15.284,13.372
2016-01-11,13.691,12.785,13.771,12.785
2016-01-12,12.606,12.775,13.133,12.068
2016-01-13,12.845,12.038,13.094,11.958
2016-01-14,11.69,12.695,12.894,11.351
2016-01-15,12.526,11.869,12.665,11.7
2016-01-18,11.481,12.407,12.645,11.481
2016-01-19,12.297,13.133,13.173,12.178
2016-01-20,13.004,12.994,13.522,12.805
2016-01-21,12.785,12.645,13.82,12.645
2016-01-22,13.044,12.944,13.143,12.287
2016-01-25,13.133,13.133,13.333,12.944
2016-01-26,12.924,11.819,12.924,11.819
2016-01-27,11.859,11.6,11.869,10.843
2016-01-28,11.252,10.604,11.55,10.555
2016-01-29,10.485,11.182,11.401,10.415
2016-02-01,11.072,11.55,11.729,10.973
2016-02-02,11.64,12.128,12.247,11.52
2016-02-03,11.909,12.227,12.347,11.63
2016-02-04,12.247,12.456,12.616,12.148
2016-02-05,12.566,12.148,12.645,12.078
2016-02-15,11.49,12.436,12.825,11.451
2016-02-16,12.207,13.123,13.143,12.207
2016-02-17,12.954,13.183,13.243,12.745
2016-02-18,13.223,13.173,13.621,12.914
2016-02-19,13.064,13.183,13.323,12.914
2016-02-22,13.502,13.402,13.502,13.153
2016-02-23,13.442,13.801,14.428,13.392
2016-02-24,13.92,13.462,13.92,12.944
2016-02-25,13.293,12.118,13.352,12.118
2016-02-26,12.118,11.829,12.247,11.451
2016-02-29,11.789,10.644,11.789,10.644
2016-03-01,10.754,11.331,11.331,10.455
2016-03-02,11.232,11.809,11.899,11.082
2016-03-03,11.749,11.62,12.028,11.61
2016-03-04,11.68,10.813,11.759,10.734
2016-03-07,10.943,11.122,11.411,10.863
2016-03-08,11.122,11.391,11.401,10.136
2016-03-09,11.052,10.953,11.311,10.784
2016-03-10,11.152,11.112,11.819,11.052
2016-03-11,10.744,10.903,10.973,10.574
2016-03-14,11.162,11.49,11.769,11.142
2016-03-15,11.52,11.291,11.62,11.252
2016-03-16,11.65,11.57,11.849,11.252
2016-03-17,11.7,12.217,12.416,11.5
2016-03-18,12.237,12.725,12.884,12.217
2016-03-21,12.934,13.273,13.502,12.835
2016-03-22,13.044,13.004,13.352,12.954
2016-03-23,13.034,13.223,13.342,12.974
2016-03-24,13.044,12.924,13.542,12.875
2016-03-25,12.924,13.392,13.462,12.795
2016-03-28,13.542,12.994,13.701,12.894
2016-03-29,12.865,12.466,12.934,12.297
2016-03-30,12.695,13.143,13.163,12.645
2016-03-31,13.223,14.458,14.458,13.223
2016-04-01,14.438,13.92,14.488,13.572
2016-04-05,13.84,14.756,14.786,13.591
2016-04-06,14.458,14.458,14.677,14.209
2016-04-07,14.527,13.82,14.577,13.751
2016-04-08,13.581,13.522,13.711,13.243
2016-04-11,13.591,13.94,14.119,13.591
2016-04-12,13.89,13.651,13.91,13.342
2016-04-13,13.801,14.03,14.209,13.721
2016-04-14,14.049,14.209,14.219,13.94
2016-04-15,14.209,14.348,14.567,14.089
2016-04-18,14.139,13.82,14.149,13.691
2016-04-19,13.92,13.85,14.03,13.691
2016-04-20,13.89,12.815,13.93,12.506
2016-04-21,12.795,12.446,12.875,12.446
2016-04-22,12.337,12.596,12.626,12.257
2016-04-25,12.556,12.516,12.616,12.118
2016-04-26,12.407,12.805,12.845,12.397
2016-04-27,12.944,14.089,14.089,12.914
2016-04-28,14.418,14.189,14.577,13.791
2016-04-29,14.02,13.751,14.239,13.751
2016-05-03,13.85,14.139,14.229,13.671
2016-05-04,14.099,14.139,14.488,13.99
2016-05-05,13.99,14.199,14.318,13.83
2016-05-06,14.139,12.865,14.219,12.855
2016-05-09,12.655,12.148,12.685,11.958
2016-05-10,12.138,12.178,12.387,12.088
2016-05-11,12.227,11.829,12.327,11.799
2016-05-12,11.57,11.66,11.7,11.162
2016-05-13,11.67,11.451,11.929,11.451
2016-05-16,11.431,11.879,11.909,11.351
2016-05-17,11.998,11.978,12.227,11.769
2016-05-18,11.849,11.331,11.849,11.102
2016-05-19,11.401,11.5,11.909,11.311
2016-05-20,11.431,11.829,11.829,11.052
2016-05-23,11.839,12.048,12.118,11.759
2016-05-24,11.909,12.128,12.207,11.819
2016-05-25,12.148,11.949,12.327,11.929
2016-05-26,12.038,12.466,12.496,11.949
2016-05-27,12.347,12.227,12.397,12.118
2016-05-30,12.058,12.018,12.297,11.849
2016-05-31,11.998,12.745,12.825,11.998
2016-06-01,12.735,13.024,13.243,12.675
2016-06-02,13.014,13.562,13.641,12.894
2016-06-03,13.532,13.323,13.532,13.253
2016-06-06,13.273,13.572,13.731,13.273
2016-06-07,13.482,13.94,14.089,13.372
2016-06-08,15.334,15.334,15.334,15.334
2016-06-13,15.812,15.105,16.798,15.105
2016-06-14,14.448,14.249,14.736,13.791
2016-06-15,14.139,15.234,15.483,13.99
2016-06-16,14.926,15.931,16.18,14.786
2016-06-17,15.931,15.374,15.941,15.165
2016-06-20,15.214,15.633,15.762,14.746
2016-06-21,15.732,14.657,15.921,14.567
2016-06-22,14.886,15.543,15.543,14.707
2016-06-23,16.18,16.081,17.096,15.991
2016-06-24,15.981,16.559,17.066,15.095
2016-06-27,16.16,16.898,17.107,16.02
2016-06-28,16.658,16.738,16.878,16.389
2016-06-29,16.768,16.299,16.778,16.209
2016-06-30,16.429,16.399,16.648,16.09
2016-07-01,16.489,17.057,17.107,16.15
2016-07-04,16.838,16.788,17.027,16.638
2016-07-05,16.808,16.479,16.948,16.379
2016-07-06,16.549,16.439,16.778,16.179
2016-07-07,16.359,16.209,16.359,15.92
2016-07-08,16.259,16.249,16.469,16.1
2016-07-11,16.449,15.471,16.449,15.352
2016-07-12,15.541,15.601,15.731,14.963
2016-07-13,15.741,15.651,15.89,15.441
2016-07-14,15.661,15.85,15.9,15.461
2016-07-15,15.9,15.282,15.9,15.262
2016-07-18,15.292,15.481,15.621,15.122
2016-07-19,15.551,16.1,16.11,15.461
2016-07-20,16.04,15.691,16.06,15.671
2016-07-21,15.741,15.531,15.85,15.441
2016-07-22,15.631,15.521,16.09,15.521
2016-07-25,15.411,15.222,15.691,15.162
2016-07-26,15.332,15.591,15.631,15.222
2016-07-27,15.691,14.454,15.721,14.165
2016-07-28,14.414,14.574,14.653,13.865
2016-07-29,14.564,14.125,14.564,13.776
2016-08-01,14.145,14.175,14.324,13.466
2016-08-02,14.165,14.274,14.354,14.025
2016-08-03,14.264,14.224,14.414,13.995
2016-08-04,14.165,14.404,14.424,14.065
2016-08-05,14.344,14.095,14.424,14.065
2016-08-08,14.065,14.244,14.264,13.795
2016-08-09,14.244,14.484,14.524,14.214
2016-08-10,14.564,14.354,14.564,14.314
2016-08-11,14.165,14.105,14.394,14.065
2016-08-12,14.085,14.294,14.394,13.965
2016-08-15,14.564,14.693,14.843,14.274
2016-08-16,14.703,14.713,14.923,14.613
2016-08-17,14.653,14.803,14.923,14.593
2016-08-18,14.713,15.162,15.172,14.713
2016-08-19,15.521,15.501,15.9,15.292
2016-08-22,15.421,15.052,15.421,14.713
2016-08-23,14.873,14.903,15.202,14.823
2016-08-24,14.992,14.963,15.142,14.853
2016-08-25,14.823,14.643,14.863,14.424
2016-08-26,14.713,14.673,14.923,14.633
2016-08-29,14.683,14.683,14.853,14.593
2016-08-30,14.753,14.713,14.823,14.613
2016-08-31,14.823,14.564,14.823,14.504
2016-09-01,14.574,14.623,14.873,14.534
2016-09-02,14.743,14.603,14.743,14.534
2016-09-05,14.603,14.773,14.803,14.593
2016-09-06,14.803,15.062,15.062,14.414
2016-09-07,15.012,14.973,15.222,14.873
2016-09-08,14.973,15.092,15.232,14.943
2016-09-09,15.092,14.743,15.172,14.743
2016-09-12,14.593,13.975,14.593,13.945
2016-09-13,14.254,13.975,14.314,13.845
2016-09-14,13.945,13.875,14.115,13.686
2016-09-19,14.005,14.414,14.524,13.945
2016-09-20,14.344,14.244,14.444,14.055
2016-09-21,14.155,14.424,14.464,14.155
2016-09-22,14.554,14.474,14.763,14.434
2016-09-23,14.554,14.534,14.713,14.404
2016-09-26,14.464,14.194,14.663,14.115
2016-09-27,14.155,14.384,14.394,14.135
2016-09-28,14.494,14.544,14.593,14.384
2016-09-29,14.484,14.583,14.733,14.484
2016-09-30,14.583,14.753,14.763,14.583
2016-10-10,14.893,15.102,15.132,14.833
2016-10-11,15.112,15.092,15.202,14.943
2016-10-12,15.132,15.192,15.302,15.082
2016-10-13,15.312,15.122,15.312,15.102
2016-10-14,15.152,15.052,15.152,14.813
2016-10-17,15.162,14.723,15.252,14.643
2016-10-18,14.663,15.142,15.212,14.574
2016-10-19,15.192,15.202,15.84,15.162
2016-10-20,15.342,15.062,15.451,14.983
2016-10-21,15.112,14.983,15.222,14.813
2016-10-24,14.983,15.102,15.222,14.863
2016-10-25,15.092,15.212,15.232,15.032
2016-10-26,15.162,15.012,15.302,14.903
2016-10-27,15.012,15.152,15.262,14.933
2016-10-28,15.212,15.022,15.212,14.943
2016-10-31,14.963,15.072,15.122,14.753
2016-11-01,15.122,15.651,15.661,15.012
2016-11-02,15.531,15.362,15.551,15.302
2016-11-03,15.352,15.411,15.731,15.222
2016-11-04,15.491,15.99,16.04,15.431
2016-11-07,15.96,15.761,15.96,15.631
2016-11-08,15.84,15.651,15.86,15.581
2016-11-09,15.661,15.352,15.751,14.963
2016-11-10,15.401,15.571,15.641,15.252
2016-11-11,15.571,15.521,15.621,15.332
2016-11-14,15.471,15.741,15.81,15.391
2016-11-15,15.731,15.88,15.88,15.521
2016-11-16,15.88,16.15,16.189,15.81
2016-11-17,16.1,15.781,16.1,15.641
2016-11-18,15.79,15.751,16.0,15.671
2016-11-21,15.751,15.96,15.99,15.571
2016-11-22,15.87,15.91,15.95,15.711
2016-11-23,15.96,15.781,16.13,15.761
2016-11-24,15.85,15.521,15.85,15.411
2016-11-25,15.531,15.431,15.601,15.052
2016-11-28,15.441,15.352,15.591,15.332
2016-11-29,15.362,15.002,15.411,14.992
2016-11-30,14.963,14.823,15.182,14.743
2016-12-01,14.833,14.873,15.032,14.763
2016-12-02,14.883,14.324,14.923,14.314
2016-12-05,14.244,14.703,14.853,14.015
2016-12-06,14.743,14.554,14.843,14.464
2016-12-07,14.474,14.893,15.002,14.474
2016-12-08,14.983,14.783,15.352,14.783
2016-12-09,14.663,15.192,15.262,14.613
2016-12-12,15.082,13.825,15.082,13.746
2016-12-13,13.726,13.696,13.925,13.386
2016-12-14,13.636,13.486,13.815,13.446
2016-12-15,13.486,13.746,13.835,13.217
2016-12-16,13.626,13.925,14.045,13.626
2016-12-19,14.025,13.985,14.055,13.815
2016-12-20,13.985,14.085,14.204,13.925
2016-12-21,14.125,14.125,14.284,14.015
2016-12-22,14.214,14.414,14.434,13.776
2016-12-23,14.185,13.875,14.214,13.865
2016-12-26,13.815,14.015,14.065,13.546
2016-12-27,14.015,13.985,14.204,13.925
2016-12-28,13.965,14.095,14.115,13.915
2016-12-29,14.075,14.434,14.943,13.995
2016-12-30,14.284,14.254,14.504,14.135
2017-01-03,14.224,14.424,14.474,14.224
2017-01-04,14.713,14.544,14.713,14.344
2017-01-05,14.753,14.733,14.833,14.524
2017-01-06,14.683,14.723,14.793,14.414
2017-01-09,14.663,14.434,14.803,14.234
2017-01-10,14.324,14.224,14.464,14.145
2017-01-11,14.274,14.185,14.334,14.065
2017-01-12,14.165,13.666,14.234,13.666
2017-01-13,13.696,13.367,13.825,13.357
2017-01-16,13.396,12.449,13.396,12.09
2017-01-17,12.519,12.608,12.768,12.15
2017-01-18,12.579,12.489,12.628,12.429
2017-01-19,12.439,12.369,12.549,12.199
2017-01-20,12.449,12.768,12.938,12.449
2017-01-23,12.658,12.928,13.057,12.658
2017-01-24,12.938,12.778,13.027,12.698
2017-01-25,12.788,12.868,13.007,12.718
2017-01-26,12.878,13.017,13.067,12.878
2017-02-03,13.047,13.177,13.267,12.858
2017-02-06,13.167,13.436,13.446,13.087
2017-02-07,13.446,13.586,13.736,13.317
2017-02-08,13.616,13.646,13.706,13.386
2017-02-09,13.626,13.616,13.736,13.516
2017-02-10,13.696,13.706,13.766,13.576
2017-02-13,13.706,13.656,13.706,13.386
2017-02-14,13.746,13.416,13.746,13.317
2017-02-15,13.466,13.317,13.566,13.297
2017-02-16,13.396,13.406,13.506,13.317
2017-02-17,13.436,13.167,13.536,13.137
2017-02-20,13.167,13.486,13.516,13.117
2017-02-21,13.526,13.636,13.855,13.526
2017-02-22,13.636,13.576,13.795,13.496
2017-02-23,13.656,13.566,13.656,13.426
2017-02-24,13.576,13.656,13.716,13.506
2017-02-27,13.706,13.536,13.756,13.466
2017-02-28,13.596,13.586,13.656,13.516
2017-03-01,13.636,13.656,13.786,13.546
2017-03-02,13.696,13.746,13.855,13.636
2017-03-03,13.756,13.865,13.865,13.546
2017-03-06,13.865,14.175,14.204,13.825
2017-03-07,14.304,14.105,14.324,14.015
2017-03-08,14.135,13.925,14.185,13.875
2017-03-09,13.875,14.085,14.125,13.825
2017-03-10,14.045,13.766,14.045,13.766
2017-03-13,13.756,13.895,13.935,13.686
2017-03-14,13.795,15.282,15.282,13.776
2017-03-15,15.302,15.172,15.471,14.723
2017-03-16,15.012,15.162,15.322,14.883
2017-03-17,15.112,14.983,15.451,14.933
2017-03-20,14.763,14.753,14.973,14.514
2017-03-21,14.633,14.713,14.863,14.564
2017-03-22,14.574,14.384,14.683,14.264
2017-03-23,14.364,14.434,14.494,14.115
2017-03-24,14.464,14.115,14.464,14.065
2017-03-27,14.115,14.274,14.574,14.045
2017-03-28,14.264,13.995,14.294,13.815
2017-03-29,14.145,13.676,14.145,13.666
2017-03-30,13.616,13.007,13.746,12.938
2017-03-31,13.027,13.097,13.257,12.978
2017-04-05,13.097,13.476,13.516,12.997
2017-04-06,13.357,13.347,13.466,13.257
2017-04-07,13.337,13.247,13.426,13.227
2017-04-10,13.287,12.878,13.337,12.838
2017-04-11,12.848,13.167,13.167,12.748
2017-04-12,13.077,13.097,13.217,12.997
2017-04-13,13.007,13.097,13.267,13.007
2017-04-14,13.077,12.938,13.107,12.798
2017-04-17,12.848,12.409,12.868,12.279
2017-04-18,12.549,12.239,12.549,12.219
2017-04-19,12.229,12.229,12.289,11.85
2017-04-20,12.229,12.269,12.369,12.17
2017-04-21,12.199,11.95,12.269,11.85
2017-04-24,11.85,11.451,11.94,11.401
2017-04-25,11.481,11.551,11.671,11.481
2017-04-26,11.621,11.711,11.791,11.461
2017-04-27,11.621,11.97,12.02,11.411
2017-04-28,11.82,12.05,12.13,11.81
2017-05-02,11.97,12.11,12.329,11.97
2017-05-03,12.11,12.05,12.199,12.0
2017-05-04,12.14,12.1,12.249,11.98
2017-05-05,12.03,11.681,12.14,11.621
2017-05-08,11.661,11.631,11.86,11.531
2017-05-09,11.631,11.87,11.92,11.481
2017-05-10,11.92,11.521,12.0,11.521
2017-05-11,11.521,11.421,11.621,11.072
2017-05-12,11.372,11.262,11.451,11.102
2017-05-15,11.302,11.382,11.451,11.282
2017-05-16,11.382,11.86,11.9,11.192
2017-05-17,11.81,11.88,11.95,11.731
2017-05-18,11.731,11.88,11.99,11.651
2017-05-19,11.87,11.721,11.94,11.671
2017-05-22,11.681,11.561,11.92,11.481
2017-05-23,11.551,10.923,11.561,10.923
2017-05-24,10.873,11.082,11.142,10.603
2017-05-25,11.082,11.062,11.172,10.753
2017-05-26,11.072,10.953,11.072,10.863
2017-05-31,11.172,10.863,11.192,10.793
2017-06-01,10.823,10.384,10.853,10.175
2017-06-02,10.254,10.514,10.653,10.185
2017-06-05,10.544,10.584,10.653,10.504
2017-06-06,10.534,10.673,10.803,10.514
2017-06-07,10.584,10.863,10.933,10.474
2017-06-08,10.823,10.673,10.903,10.643
2017-06-09,10.633,10.833,10.833,10.404
2017-06-12,10.693,10.274,10.753,10.254
2017-06-13,10.244,10.494,10.613,10.204
2017-06-14,10.524,10.623,10.723,10.454
2017-06-15,10.613,10.853,11.142,10.564
2017-06-16,10.813,10.823,10.923,10.793
2017-06-19,10.783,11.042,11.062,10.783
2017-06-20,11.032,10.933,11.212,10.923
2017-06-21,11.062,11.012,11.072,10.833
2017-06-22,11.491,12.11,12.11,11.491
2017-06-23,12.469,12.728,12.828,12.279
2017-06-26,12.419,12.359,12.459,12.17
2017-06-27,12.379,12.0,12.379,11.91
2017-06-28,11.9,11.92,11.92,11.581
2017-06-29,11.81,11.83,12.219,11.751
2017-06-30,11.671,11.601,11.691,11.411
2017-07-03,11.581,11.721,11.8,11.551
2017-07-04,11.8,11.611,11.9,11.571
2017-07-05,11.581,12.11,12.469,11.561
2017-07-06,12.31,12.07,12.43,11.8
2017-07-07,11.9,12.38,12.44,11.78
2017-07-10,12.19,12.19,12.33,12.02
2017-07-11,12.07,11.77,12.18,11.75
2017-07-12,11.6,11.75,11.89,11.42
2017-07-13,11.49,11.54,11.73,11.49
2017-07-14,11.58,11.1,11.65,11.09
2017-07-17,11.02,10.09,11.16,10.0
2017-07-18,10.06,10.2,10.34,10.0
2017-07-19,10.2,10.21,10.28,10.03
2017-07-20,10.18,10.25,10.44,10.18
2017-07-21,10.4,10.3,10.64,10.27
2017-07-24,10.2,10.22,10.27,10.02
2017-07-25,10.2,10.2,10.3,10.12
2017-07-26,10.24,10.15,10.28,10.06
2017-07-27,10.15,10.53,10.6,10.07
2017-07-28,10.44,10.35,10.54,10.34
2017-07-31,10.27,10.44,10.5,10.27
2017-08-01,10.44,10.51,10.54,10.34
2017-08-02,10.65,10.25,10.66,10.24
2017-08-03,10.2,10.45,10.51,10.16
2017-08-04,10.42,10.37,10.52,10.35
2017-08-07,10.35,10.44,10.52,10.35
2017-08-08,10.42,10.56,10.56,10.31
2017-08-09,10.49,10.68,10.68,10.46
2017-08-10,10.68,10.41,10.68,10.23
2017-08-11,10.32,10.31,10.44,10.28
2017-08-14,10.29,10.69,10.8,10.29
2017-08-15,10.7,10.65,10.7,10.56
2017-08-16,10.67,10.91,10.97,10.62
2017-08-17,10.88,11.09,11.4,10.79
2017-08-18,10.95,10.95,11.14,10.85
2017-08-21,10.94,11.07,11.1,10.93
2017-08-22,11.07,10.98,11.1,10.82
2017-08-23,11.0,10.92,11.19,10.85
2017-08-24,10.8,10.75,10.9,10.63
2017-08-25,10.71,10.97,10.97,10.67
2017-08-28,11.04,11.08,11.18,10.92
2017-08-29,11.01,10.89,11.14,10.88
2017-08-30,10.89,10.9,11.0,10.84
2017-08-31,10.9,11.12,11.15,10.88
2017-09-01,11.19,11.29,11.39,10.96
2017-09-04,11.44,11.32,11.6,11.22
2017-09-05,11.22,11.25,11.48,11.21
2017-09-06,11.2,11.46,11.46,11.17
2017-09-07,11.4,11.25,11.52,11.25
2017-09-08,11.25,11.41,11.43,11.2
2017-09-11,11.4,11.51,11.53,11.3
2017-09-12,11.49,11.28,11.52,11.2
2017-09-13,11.23,11.35,11.35,11.2
2017-09-14,11.31,11.37,11.5,11.25
2017-09-15,11.35,11.26,11.35,11.19
2017-09-18,11.28,11.34,11.35,11.2
2017-09-19,11.41,11.26,11.54,11.23
2017-09-20,11.21,11.39,11.4,11.16
2017-09-21,11.38,11.18,11.48,11.18
2017-09-22,11.16,11.12,11.22,11.0
2017-09-25,11.2,11.13,11.44,11.08
2017-09-26,11.18,10.8,11.18,10.67
2017-09-27,10.79,10.94,10.94,10.78
2017-09-28,10.86,10.91,11.03,10.85
2017-09-29,10.88,11.05,11.08,10.88
2017-10-09,11.15,11.68,11.7,11.1
2017-10-10,12.3,12.85,12.85,12.11
2017-10-11,13.44,12.3,13.44,12.3
2017-10-12,12.08,12.21,12.48,12.08
2017-10-13,12.11,12.01,12.23,11.91
2017-10-16,12.26,11.84,12.38,11.84
2017-10-17,11.74,11.87,11.96,11.59
2017-10-18,11.95,11.66,11.96,11.56
2017-10-19,11.66,11.78,12.46,11.52
2017-10-20,11.7,11.93,11.94,11.46
2017-10-23,12.1,11.94,12.1,11.85
2017-10-24,11.84,11.73,11.94,11.5
2017-10-25,11.72,11.82,11.86,11.62
2017-10-26,11.8,11.74,11.8,11.65
2017-10-27,11.71,11.8,11.94,11.7
2017-10-30,11.8,11.21,11.86,11.21
2017-10-31,11.21,11.41,11.41,11.21
2017-11-01,11.42,11.38,11.5,11.36
2017-11-02,11.35,11.48,11.56,11.3
2017-11-03,11.51,11.15,11.56,11.02
2017-11-06,11.13,11.39,11.4,11.08
2017-11-07,11.39,11.5,11.54,11.31
2017-11-08,11.43,11.49,11.58,11.39
2017-11-09,11.43,11.65,11.66,11.4
2017-11-10,11.74,11.72,11.9,11.65
2017-11-13,11.68,11.92,12.0,11.63
2017-11-14,11.83,11.52,11.9,11.51
2017-11-15,11.46,11.23,11.52,11.21
2017-11-16,11.24,11.26,11.45,11.23
2017-11-17,11.28,11.13,11.49,11.0
2017-11-20,11.0,10.81,11.0,10.39
2017-11-21,10.75,10.71,10.84,10.5
2017-11-22,10.73,10.63,10.76,10.06
2017-11-23,10.6,10.4,10.69,10.4
2017-11-24,10.68,10.45,10.68,10.4
2017-11-27,10.52,10.38,10.58,10.35
2017-11-28,10.48,10.7,10.7,10.38
2017-11-29,10.64,10.58,10.69,10.47
2017-11-30,10.57,10.6,10.68,10.5
2017-12-01,10.52,10.77,10.84,10.52
2017-12-04,10.76,10.53,10.83,10.51
2017-12-05,10.49,10.05,10.56,9.99
2017-12-06,10.05,10.35,10.43,10.0
2017-12-07,10.3,10.32,10.44,10.27
2017-12-08,10.38,10.47,10.52,10.3
2017-12-11,10.47,10.6,10.64,10.43
2017-12-12,10.66,10.37,10.66,10.36
2017-12-26,9.58,10.01,10.08,9.58
2017-12-27,9.88,9.95,10.17,9.88
2017-12-28,9.97,9.94,10.02,9.88
2017-12-29,9.91,10.04,10.07,9.91
2018-01-02,10.12,10.21,10.21,9.99
2018-01-03,10.21,10.28,10.29,10.12
2018-01-04,10.19,10.24,10.27,10.16
2018-01-05,10.28,10.33,10.49,10.25
2018-01-08,10.31,10.32,10.45,10.22
2018-01-09,10.35,10.13,10.35,10.08
2018-01-10,10.12,10.0,10.18,9.86
2018-01-11,10.21,10.65,11.0,10.2
2018-01-12,10.43,10.45,10.5,10.36
2018-01-15,10.45,10.11,10.45,10.0
2018-01-16,10.19,10.22,10.31,10.09
2018-01-17,10.26,10.13,10.26,9.91
2018-01-18,10.15,10.09,10.16,10.04
2018-01-19,10.13,10.05,10.14,10.03
2018-01-22,10.01,10.27,10.47,9.89
2018-01-23,10.4,10.56,10.79,10.32
2018-01-24,10.43,10.49,10.6,10.1
2018-01-25,10.4,10.37,10.67,10.37
2018-01-26,10.38,10.28,10.45,10.28
2018-01-29,10.28,10.08,10.34,10.06
2018-01-30,10.08,10.12,10.15,10.01
2018-01-31,10.1,9.73,10.11,9.7
2018-02-01,9.72,9.43,9.85,9.32
2018-02-02,9.43,9.27,9.58,9.1
2018-02-05,9.28,9.01,9.28,8.73
2018-02-06,8.85,8.2,8.88,8.17
2018-02-07,8.49,8.37,8.57,8.12
2018-02-08,8.4,8.61,8.68,8.25
2018-02-09,8.3,8.33,8.46,8.15
2018-02-12,8.35,8.58,8.68,8.33
2018-02-13,8.6,8.52,8.69,8.51
2018-02-14,8.57,8.54,8.62,8.45
2018-02-22,8.62,8.67,8.75,8.55
2018-02-23,8.64,8.71,8.76,8.6
2018-02-26,8.79,8.99,9.09,8.71
2018-02-27,9.0,8.98,9.17,8.93
2018-02-28,8.94,9.1,9.15,8.82
2018-03-01,9.02,9.39,9.43,9.0
2018-03-02,9.37,9.43,10.05,9.32
2018-03-05,9.37,9.63,9.68,9.37
2018-03-06,9.66,9.57,9.69,9.5
2018-03-07,9.52,9.47,9.61,9.28
2018-03-08,9.42,9.58,9.8,9.36
2018-03-09,9.57,9.85,9.89,9.52
2018-03-12,9.92,10.84,10.84,9.89
2018-03-13,11.4,10.9,11.4,10.85
2018-03-14,10.4,10.39,10.7,10.35
2018-03-15,10.3,10.2,10.34,10.02
2018-03-16,10.2,10.31,10.57,10.18
2018-03-19,10.4,10.34,10.44,10.12
2018-03-20,10.15,10.24,10.25,9.99
2018-03-21,10.26,10.07,10.44,10.03
2018-03-22,10.05,10.08,10.15,9.91
2018-03-23,9.81,9.07,9.81,9.07
2018-03-26,8.88,9.32,9.32,8.58
2018-03-27,9.55,9.68,9.95,9.41
2018-03-28,9.45,10.22,10.22,9.42
2018-03-29,10.04,10.06,10.23,9.94
2018-03-30,10.09,10.29,10.41,9.98
2018-04-02,10.33,10.45,11.25,10.23
2018-04-03,10.26,10.31,10.33,10.07
2018-04-04,10.4,10.0,10.49,9.95
2018-04-09,9.91,10.02,10.18,9.79
2018-04-10,10.02,9.88,10.15,9.73
2018-04-11,9.9,10.16,10.25,9.9
2018-04-12,10.18,9.95,10.18,9.92
2018-04-13,10.01,10.0,10.12,9.96
2018-04-16,10.02,10.09,10.18,9.96
2018-04-17,10.08,9.75,10.27,9.75
2018-04-18,9.78,9.95,9.99,9.36
2018-04-19,9.85,10.12,10.13,9.85
2018-04-20,10.12,9.45,10.12,9.45
2018-04-23,9.45,9.52,9.62,9.35
2018-04-24,9.55,9.83,9.89,9.55
2018-04-25,9.82,10.02,10.05,9.72
2018-04-26,9.98,9.81,10.1,9.79
2018-04-27,9.85,9.79,10.0,9.62
2018-05-02,9.78,9.57,9.86,9.52
2018-05-03,9.5,9.77,9.77,9.32
2018-05-04,9.61,9.9,9.94,9.61
2018-05-07,9.75,10.2,10.25,9.75
2018-05-08,10.2,10.18,10.29,10.07
2018-05-09,10.17,10.31,10.32,10.12
2018-05-10,10.35,10.21,10.44,10.1
2018-05-11,10.21,10.09,10.21,9.96
2018-05-14,9.99,9.94,10.14,9.86
2018-05-15,9.96,10.15,10.15,9.94
2018-05-16,10.11,9.92,10.18,9.91
2018-05-17,9.95,9.97,10.03,9.92
2018-05-18,9.97,9.99,10.02,9.84
2018-05-21,10.02,10.23,10.25,10.0
2018-05-22,10.2,10.37,10.38,10.13
2018-05-23,10.32,10.12,10.32,10.12
2018-05-24,10.03,9.9,10.12,9.88
2018-05-25,9.87,9.57,9.98,9.5
