date,open,close,high,low
2016-01-04,17.52,15.976,17.599,15.976
2016-01-05,14.442,15.036,15.63,14.382
2016-01-06,15.323,15.511,15.57,14.848
2016-01-07,15.145,13.957,15.145,13.957
2016-01-08,14.323,13.808,14.65,12.62
2016-01-11,13.541,12.432,13.739,12.432
2016-01-12,12.67,12.422,12.67,11.878
2016-01-13,12.551,12.126,12.591,11.928
2016-01-14,11.68,12.878,13.333,11.452
2016-01-15,12.719,12.096,13.046,11.987
2016-01-18,12.126,12.858,13.264,11.957
2016-01-19,12.719,13.313,13.313,12.521
2016-01-20,13.165,12.927,13.294,12.878
2016-01-21,12.818,12.512,13.313,12.393
2016-01-22,12.769,12.937,13.096,12.353
2016-01-25,13.195,13.323,13.343,12.947
2016-01-26,12.967,11.987,13.294,11.987
2016-01-27,12.254,12.175,12.343,11.076
2016-01-28,11.888,11.591,12.175,11.482
2016-01-29,11.581,12.63,12.749,11.581
2016-02-01,12.868,13.066,13.195,12.551
2016-02-02,12.868,13.858,13.957,12.868
2016-02-03,13.581,14.075,14.194,13.472
2016-02-04,14.056,14.541,14.679,13.947
2016-02-05,14.659,14.689,15.145,14.303
2016-02-15,13.927,14.363,14.719,13.759
2016-02-16,14.452,14.897,15.145,14.452
2016-02-17,15.006,14.818,15.006,14.372
2016-02-18,14.927,14.65,14.937,14.452
2016-02-19,14.452,15.135,15.145,14.363
2016-02-22,15.432,15.194,15.521,14.927
2016-02-23,15.125,15.145,15.521,14.947
2016-02-24,15.135,14.729,15.145,14.303
2016-02-25,14.65,13.254,14.749,13.254
2016-02-26,13.343,13.224,13.59,12.749
2016-02-29,13.115,12.076,13.115,11.928
2016-03-01,12.225,12.472,12.729,11.928
2016-03-02,12.482,13.234,13.244,12.432
2016-03-03,13.195,13.353,13.561,13.066
2016-03-04,13.254,12.987,13.402,12.472
2016-03-07,13.056,13.422,13.729,13.056
2016-03-08,13.363,13.709,13.828,12.591
2016-03-09,13.214,13.165,13.66,13.066
2016-03-10,13.373,12.769,13.551,12.442
2016-03-11,12.67,12.749,12.957,12.571
2016-03-14,12.917,13.224,13.541,12.917
2016-03-15,13.195,12.907,13.224,12.759
2016-03-16,13.333,13.016,13.343,12.759
2016-03-17,13.016,13.541,13.62,12.907
2016-03-18,13.541,14.204,14.323,13.482
2016-03-21,14.412,14.452,14.62,14.105
2016-03-22,14.372,14.63,15.055,14.165
2016-03-23,14.442,14.58,14.709,14.214
2016-03-24,14.402,13.917,14.531,13.907
2016-03-25,13.897,14.333,14.343,13.897
2016-03-28,14.452,14.174,14.739,14.066
2016-03-29,14.056,14.036,14.363,13.858
2016-03-30,14.105,15.441,15.441,14.075
2016-03-31,15.788,15.877,16.115,15.491
2016-04-01,15.729,16.53,17.174,15.451
2016-04-05,16.214,16.51,16.926,16.134
2016-04-06,16.352,16.669,17.233,16.105
2016-04-07,16.689,15.857,16.827,15.827
2016-04-08,15.857,16.124,16.194,15.649
2016-08-24,17.743,17.743,17.743,17.743
2016-08-25,18.546,19.231,19.519,18.169
2016-08-26,18.675,18.159,19.201,18.159
2016-08-29,17.862,16.969,17.872,16.522
2016-08-30,16.939,16.909,17.187,16.691
2016-08-31,16.909,16.711,17.147,16.274
2016-09-01,16.492,16.562,16.969,16.482
2016-09-02,16.373,16.254,16.651,16.195
2016-09-05,16.363,16.373,16.651,16.274
2016-09-06,16.373,16.75,16.77,16.294
2016-09-07,16.721,16.959,17.266,16.631
2016-09-08,17.068,17.127,17.177,16.869
2016-09-09,17.217,16.82,17.415,16.78
2016-09-12,16.076,15.996,16.284,15.897
2016-09-13,16.016,15.996,16.244,15.907
2016-09-14,15.778,15.808,15.996,15.629
2016-09-19,15.837,16.046,16.145,15.798
2016-09-20,15.986,15.927,16.125,15.847
2016-09-21,16.076,15.976,16.076,15.877
2016-09-22,16.026,16.085,16.264,16.026
2016-09-23,16.175,16.304,16.522,16.056
2016-09-26,16.224,16.592,16.909,16.224
2016-09-27,16.592,17.078,17.147,16.403
2016-09-28,16.929,16.81,17.197,16.8
2016-09-29,16.78,17.018,17.187,16.74
2016-09-30,17.068,17.108,17.137,16.889
2016-10-10,17.157,17.187,17.405,16.959
2016-10-11,17.286,17.108,17.336,17.028
2016-10-12,17.108,16.949,17.117,16.82
2016-10-13,16.869,16.78,16.939,16.701
2016-10-14,16.78,16.859,16.899,16.641
2016-10-17,16.869,16.73,17.108,16.681
2016-10-18,16.85,16.84,16.969,16.621
2016-10-19,16.78,16.979,17.237,16.78
2016-10-20,16.869,16.82,16.969,16.76
2016-10-21,16.81,16.671,16.81,16.532
2016-10-24,16.651,16.681,17.048,16.651
2016-10-25,16.681,16.899,16.949,16.681
2016-10-26,16.939,18.04,18.447,16.85
2016-10-27,17.862,18.06,18.308,17.733
2016-10-28,17.822,18.487,18.695,17.822
2016-10-31,18.378,18.427,18.775,18.159
2016-11-01,18.378,18.398,18.497,18.259
2016-11-02,18.259,19.33,19.38,18.259
2016-11-03,19.35,19.628,20.124,19.142
2016-11-04,19.598,19.35,19.598,19.251
2016-11-07,19.648,19.459,20.015,19.38
2016-11-08,19.4,19.152,19.549,18.904
2016-11-09,19.162,19.003,19.35,18.874
2016-11-10,19.102,19.37,19.648,19.072
2016-11-11,19.37,18.755,19.618,18.705
2016-11-14,18.814,18.933,19.142,18.685
2016-11-15,18.884,19.737,19.817,18.884
2016-11-16,19.737,19.301,20.085,19.281
2016-11-17,19.082,19.658,19.717,19.082
2016-11-18,19.727,19.747,20.094,19.41
2016-11-21,19.707,20.551,20.73,19.648
2016-11-22,20.442,20.581,20.67,20.094
2016-11-23,20.581,20.343,20.739,20.194
2016-11-24,20.263,20.243,21.226,20.174
2016-11-25,20.045,20.134,20.541,19.648
2016-11-28,20.055,19.827,20.412,19.658
2016-11-29,19.846,19.995,20.432,19.707
2016-11-30,20.005,19.896,20.194,19.251
2016-12-01,19.886,19.618,19.985,19.35
2016-12-02,19.618,18.904,19.638,18.874
2016-12-05,18.854,18.854,19.052,18.576
2016-12-06,19.033,19.172,19.231,18.854
2016-12-07,19.162,19.499,19.568,18.983
2016-12-08,19.648,19.37,19.648,19.231
2016-12-09,19.35,18.834,19.43,18.804
2016-12-12,18.834,16.969,19.152,16.949
2016-12-13,16.423,16.721,17.108,16.423
2016-12-14,16.81,16.453,16.949,16.453
2016-12-15,16.453,16.472,16.84,16.373
2016-12-16,16.472,16.522,16.869,16.353
2016-12-19,16.522,16.224,16.8,16.115
2016-12-20,16.284,16.482,16.592,16.095
2016-12-21,16.621,16.631,16.75,16.383
2016-12-22,16.641,16.453,16.74,16.393
2016-12-23,16.274,16.175,16.482,16.125
2016-12-26,16.066,16.234,16.254,15.55
2016-12-27,16.125,16.472,16.671,16.056
2016-12-28,16.492,16.463,16.631,16.373
2016-12-29,16.463,16.304,16.601,16.304
2016-12-30,16.294,16.383,16.522,16.234
2017-01-03,16.572,16.869,17.018,16.423
2017-01-04,16.879,17.157,17.316,16.879
2017-01-05,17.217,17.058,17.336,16.979
2017-01-06,17.157,16.969,17.167,16.77
2017-01-09,16.77,16.859,17.038,16.681
2017-01-10,17.008,16.443,17.008,16.383
2017-01-11,16.403,16.691,16.711,16.383
2017-01-12,16.671,16.532,16.84,16.353
2017-01-13,16.542,16.453,16.621,16.403
2017-01-16,16.205,14.934,16.353,14.805
2017-01-17,14.924,15.123,15.262,13.555
2017-01-18,14.766,14.776,14.984,14.736
2017-01-19,14.845,14.587,14.845,14.488
2017-01-20,14.587,14.954,15.083,14.587
2017-01-23,14.835,15.331,15.381,14.835
2017-01-24,15.331,15.361,15.54,15.063
2017-01-25,15.182,15.361,15.46,15.123
2017-01-26,15.361,15.56,15.56,15.212
2017-02-03,15.56,15.51,15.877,15.331
2017-02-06,15.579,15.51,15.579,15.182
2017-02-07,15.52,15.371,15.55,15.282
2017-02-08,15.48,15.569,15.619,15.321
2017-02-09,15.569,15.679,15.818,15.47
2017-02-10,15.689,15.728,15.778,15.599
2017-02-13,15.569,16.542,17.296,15.56
2017-02-14,16.423,16.085,16.522,16.026
2017-02-15,15.808,15.897,16.254,15.808
2017-02-16,16.244,15.937,16.244,15.887
2017-02-17,15.956,15.49,16.056,15.47
2017-02-20,15.45,15.56,15.629,15.381
2017-02-21,15.679,15.788,16.016,15.569
2017-02-22,15.877,15.857,16.125,15.798
2017-02-23,15.827,16.056,16.066,15.758
2017-02-24,16.135,16.016,16.175,15.976
2017-02-27,16.095,15.579,16.095,15.55
2017-02-28,15.5,15.698,15.768,15.47
2017-03-01,15.778,15.649,15.927,15.599
2017-03-02,15.53,16.026,16.026,15.53
2017-03-03,15.976,15.927,16.165,15.589
2017-03-06,15.857,16.125,16.254,15.847
2017-03-07,16.264,16.701,17.465,16.085
2017-03-08,16.75,16.284,16.859,16.274
2017-03-09,16.105,16.224,16.651,16.095
2017-03-10,16.244,16.066,16.244,15.976
2017-03-13,16.085,16.125,16.443,15.877
2017-03-14,16.125,16.145,16.393,16.056
2017-03-15,16.036,15.877,16.095,15.708
2017-03-16,15.927,16.195,16.195,15.778
2017-03-17,16.224,16.046,16.482,16.026
2017-03-20,15.996,16.135,16.205,15.947
2017-03-21,16.076,16.254,16.304,15.986
2017-03-22,16.125,16.244,16.274,16.026
2017-03-23,16.244,16.314,16.522,16.046
2017-03-24,16.393,16.85,16.869,16.373
2017-03-27,17.038,16.641,17.038,16.631
2017-03-28,16.691,16.413,16.82,16.403
2017-03-29,16.463,16.244,16.592,16.244
2017-03-30,16.234,15.56,16.334,15.49
2017-03-31,15.639,15.123,15.778,14.984
2017-04-05,15.401,15.51,15.589,15.272
2017-04-06,15.411,15.649,15.748,15.411
2017-04-07,15.649,15.202,15.689,15.163
2017-04-10,15.163,14.339,15.163,14.2
2017-04-11,14.339,14.22,14.498,13.496
2017-04-12,14.22,14.577,14.756,14.19
2017-04-13,14.696,14.577,14.696,14.329
2017-04-14,14.587,14.329,14.736,14.22
2017-04-17,14.587,14.021,14.587,13.744
2017-04-18,14.031,13.515,14.031,13.476
2017-04-19,13.515,13.198,13.585,12.801
2017-04-20,13.297,12.9,13.446,12.801
2017-04-21,12.999,12.851,13.138,12.781
2017-04-24,12.851,12.295,12.9,12.086
2017-04-25,12.295,12.404,12.493,12.146
2017-04-26,12.444,12.305,12.444,12.255
2017-04-27,12.166,12.404,12.563,11.908
2017-04-28,12.493,12.513,12.612,12.275
2017-05-02,12.503,12.583,12.652,12.444
2017-05-03,12.583,12.464,12.672,12.305
2017-05-04,12.464,12.206,12.473,11.967
2017-05-05,12.156,12.454,12.652,12.077
2017-05-08,12.503,12.206,12.672,12.186
2017-05-09,12.106,12.335,12.374,12.067
2017-05-10,12.285,12.057,12.473,11.908
2017-05-11,12.096,12.106,12.116,11.66
2017-05-12,12.116,12.136,12.156,11.67
2017-05-15,12.602,12.136,12.602,12.007
2017-05-16,12.146,12.553,12.553,12.067
2017-05-17,12.454,13.128,13.476,12.434
2017-05-18,12.851,12.652,13.099,12.612
2017-05-19,12.602,12.712,12.811,12.523
2017-05-22,12.563,12.156,12.741,12.007
2017-05-23,12.166,12.027,12.176,11.432
2017-05-24,12.027,11.928,12.136,11.61
2017-05-25,12.067,11.987,12.077,11.66
2017-05-26,11.898,11.848,12.007,11.759
2017-05-31,12.047,11.838,12.067,11.441
2017-06-01,11.65,11.789,11.789,11.441
2017-06-02,11.61,11.789,11.789,11.283
2017-06-05,11.759,12.156,12.176,11.729
2017-06-06,12.106,13.376,13.376,11.908
2017-06-07,12.999,13.446,13.615,12.801
2017-06-08,13.099,12.999,13.247,12.96
2017-06-09,12.999,12.86,13.148,12.583
2017-06-12,12.722,12.851,12.86,12.612
2017-06-13,12.751,12.821,12.999,12.652
2017-06-14,12.781,12.791,12.94,12.672
2017-06-15,12.771,12.751,12.91,12.622
2017-06-16,12.741,12.523,12.751,12.513
2017-06-19,12.503,12.543,12.652,12.315
2017-06-20,12.533,12.434,12.622,12.384
2017-06-21,12.493,12.682,12.722,12.394
2017-06-22,12.692,12.186,12.88,12.136
2017-06-23,12.067,11.759,12.067,11.441
2017-06-26,11.61,11.809,12.047,11.511
2017-06-27,11.779,11.699,11.868,11.62
2017-06-28,11.699,11.501,11.699,11.441
2017-06-29,11.481,11.59,11.739,11.481
2017-06-30,11.521,11.799,11.848,11.521
2017-07-03,11.918,11.948,12.027,11.819
2017-07-04,12.106,11.987,12.186,11.819
2017-07-05,11.908,12.067,12.096,11.908
2017-07-06,12.077,11.918,12.186,11.888
2017-07-07,11.918,11.809,11.967,11.699
2017-07-10,11.739,11.709,11.789,11.61
2017-07-11,11.709,11.541,11.779,11.491
2017-07-12,11.491,11.67,11.67,11.422
2017-07-13,11.67,11.561,11.69,11.501
2017-07-14,11.561,11.332,11.561,11.312
2017-07-17,11.144,10.201,11.154,10.201
2017-07-18,10.042,10.022,10.211,9.804
2017-07-19,9.953,10.142,10.142,9.953
2017-07-20,10.181,10.013,10.419,10.013
2017-07-21,10.042,10.062,10.251,9.923
2017-07-24,10.132,10.231,10.261,10.102
2017-07-25,10.32,10.211,10.37,10.132
2017-07-26,10.161,10.211,10.31,10.151
2017-07-27,10.211,10.58,10.6,10.111
2017-07-28,10.53,10.361,10.56,10.361
2017-07-31,10.351,10.301,10.42,10.201
2017-08-01,10.4,10.361,10.42,10.211
2017-08-02,10.361,10.111,10.361,10.082
2017-08-03,10.131,10.171,10.321,9.992
2017-08-04,10.271,10.111,10.271,10.092
2017-08-07,9.912,10.141,10.201,9.912
2017-08-08,10.141,10.361,10.37,10.072
2017-08-09,10.361,10.719,10.809,10.261
2017-08-10,10.56,11.556,11.795,10.53
2017-08-11,11.277,11.307,12.582,10.988
2017-08-14,11.337,11.357,11.755,11.237
2017-08-15,11.606,11.038,11.606,11.038
2017-08-16,11.128,11.018,11.138,10.809
2017-08-17,11.028,11.217,11.397,10.869
2017-08-18,11.157,10.958,11.157,10.958
2017-08-21,11.008,11.088,11.128,10.978
2017-08-22,11.098,10.889,11.118,10.809
2017-08-23,10.889,10.898,10.948,10.779
2017-08-24,10.819,10.769,10.928,10.769
2017-08-25,10.759,10.898,10.938,10.749
2017-08-28,10.859,11.028,11.157,10.859
2017-08-29,11.128,10.819,11.128,10.769
2017-08-30,10.819,10.809,10.918,10.759
2017-08-31,10.809,10.779,10.879,10.669
2017-09-01,10.928,10.928,10.938,10.779
2017-09-04,10.958,11.456,11.835,10.958
2017-09-05,11.407,11.476,11.636,11.407
2017-09-06,11.476,11.556,11.576,11.257
2017-09-07,11.695,11.287,11.695,11.287
2017-09-08,11.397,11.367,11.417,11.197
2017-09-11,11.337,11.526,11.616,11.277
2017-09-12,11.606,11.436,11.656,11.377
2017-09-13,11.436,11.327,11.536,11.197
2017-09-14,11.347,11.088,11.407,11.088
2017-09-15,11.088,11.207,11.357,11.088
2017-09-18,11.058,11.267,11.297,11.058
2017-09-19,11.327,11.436,11.526,11.157
2017-09-20,11.407,11.576,11.616,11.237
2017-09-21,11.556,11.377,11.656,11.367
2017-09-22,11.357,11.217,11.367,11.118
2017-09-25,11.187,11.108,11.237,11.068
2017-09-26,10.938,11.108,11.128,10.918
2017-09-27,11.038,11.118,11.177,10.998
2017-09-28,11.058,11.108,11.257,11.008
2017-09-29,11.128,11.676,11.685,11.058
2017-10-09,11.735,11.685,12.074,11.506
2017-10-10,11.616,11.875,11.915,11.556
2017-10-11,11.755,12.144,12.213,11.755
2017-10-12,12.054,11.935,12.154,11.825
2017-10-13,11.935,11.865,11.935,11.695
2017-10-16,11.885,11.307,11.944,11.307
2017-10-17,11.506,11.337,11.506,11.177
2017-10-18,11.337,11.506,11.715,11.257
2017-10-19,11.506,12.253,12.662,11.397
2017-10-20,11.954,12.263,12.313,11.935
2017-10-23,12.223,12.303,12.303,12.004
2017-10-24,12.333,12.054,12.433,11.765
2017-10-25,12.004,11.935,12.104,11.755
2017-10-26,11.855,11.815,11.954,11.735
2017-10-27,11.755,11.755,11.925,11.586
2017-10-30,11.725,10.58,11.725,10.58
2017-10-31,10.41,10.44,10.57,10.161
2017-11-01,10.45,10.261,10.52,10.231
2017-11-02,10.301,10.022,10.301,10.022
2017-11-03,10.042,10.161,10.181,9.872
2017-11-06,10.141,10.261,10.311,9.843
2017-11-07,10.211,10.221,10.301,10.131
2017-11-08,10.281,10.231,10.38,10.191
2017-11-09,10.231,10.331,10.351,10.161
2017-11-10,10.271,10.331,10.52,10.211
2017-11-13,10.37,10.151,10.37,10.151
2017-11-14,10.151,10.022,10.341,9.982
2017-11-15,10.082,9.952,10.102,9.892
2017-11-16,9.952,9.942,10.072,9.942
2017-11-17,9.862,9.115,10.022,8.976
2017-11-20,9.105,9.315,9.564,8.767
2017-11-21,9.175,9.354,9.464,9.175
2017-11-22,9.354,9.155,9.414,9.145
2017-11-23,9.145,8.826,9.255,8.767
2017-11-24,8.826,8.836,8.946,8.806
2017-11-27,8.916,9.056,9.185,8.896
2017-11-28,9.075,9.354,9.364,9.026
2017-11-29,9.414,9.155,9.414,9.085
2017-11-30,9.105,9.056,9.205,8.976
2017-12-01,9.075,9.155,9.165,8.986
2017-12-04,9.155,9.016,9.155,8.956
2017-12-05,9.016,8.518,9.105,8.239
2017-12-06,8.468,8.388,8.468,8.239
2017-12-07,8.388,8.278,8.448,8.269
2017-12-08,8.348,8.318,8.478,8.259
2017-12-11,8.418,8.637,9.135,8.408
2017-12-12,8.627,8.448,8.627,8.418
2017-12-13,8.537,8.478,8.537,8.328
2017-12-14,8.567,8.408,8.567,8.348
2017-12-15,8.478,8.348,8.478,8.308
2017-12-18,8.468,8.298,8.468,8.129
2017-12-19,8.298,8.398,8.408,8.179
2017-12-20,8.398,8.259,8.408,8.169
2017-12-21,8.169,8.189,8.259,8.129
2017-12-22,8.169,8.079,8.199,8.079
2017-12-25,8.189,7.87,8.189,7.87
