date,open,close,high,low
2016-01-04,12.348,11.129,12.348,11.129
2016-01-05,10.589,10.749,11.129,10.39
2016-01-06,10.856,11.129,11.269,10.849
2016-01-07,10.909,10.023,10.909,10.017
2016-01-08,10.323,9.95,10.443,9.457
2016-01-11,9.664,9.064,9.89,9.011
2016-01-12,9.138,9.97,9.97,9.004
2016-01-13,9.97,9.477,9.99,8.998
2016-01-14,9.224,10.423,10.423,9.131
2016-01-15,10.456,10.456,10.623,10.13
2016-01-18,10.103,10.656,10.989,9.99
2016-01-19,10.51,10.789,10.909,10.323
2016-01-20,10.789,10.41,10.789,10.29
2016-01-21,10.097,9.797,10.556,9.79
2016-01-22,10.01,10.15,10.21,9.664
2016-01-25,10.256,10.023,10.39,9.937
2016-01-26,9.917,9.024,9.917,9.024
2016-01-27,9.038,9.371,9.59,8.605
2016-01-28,9.191,9.151,9.644,9.138
2016-01-29,9.164,9.697,9.963,9.064
2016-02-01,9.59,9.877,10.177,9.524
2016-02-02,9.923,10.27,10.376,9.844
2016-02-03,10.11,10.43,11.049,9.89
2016-02-04,10.483,10.463,10.569,10.296
2016-02-05,10.43,10.123,10.53,10.023
2016-02-15,9.724,9.883,10.017,9.664
2016-02-16,10.057,10.51,10.563,9.99
2016-02-17,10.503,10.616,10.623,10.256
2016-02-18,10.696,10.45,10.776,10.41
2016-02-19,10.39,10.616,10.723,10.35
2016-02-22,10.776,10.876,11.022,10.623
2016-02-23,10.909,10.583,10.909,10.356
2016-02-24,10.483,10.463,10.643,10.137
2016-02-25,10.503,11.335,11.509,10.39
2016-02-26,10.949,11.808,12.241,10.396
2016-02-29,11.322,10.629,11.482,10.629
2016-03-01,10.456,9.977,10.523,9.564
2016-03-02,9.857,10.49,10.649,9.684
2016-03-03,10.39,10.809,11.295,10.13
2016-03-04,10.656,9.744,10.789,9.73
2016-03-07,9.81,9.857,10.143,9.71
2016-03-08,9.784,9.657,9.824,9.024
2016-03-09,9.331,9.377,9.644,9.251
2016-03-10,9.377,9.171,9.531,9.131
2016-03-11,9.058,9.204,9.291,8.998
2016-03-14,9.424,9.544,9.69,9.344
2016-03-15,9.511,9.577,9.957,9.497
2016-03-16,9.724,9.351,9.844,9.291
2016-03-17,9.357,9.73,9.757,9.357
2016-03-18,9.737,10.07,10.17,9.71
2016-03-21,10.223,10.303,10.316,10.01
2016-03-22,10.223,10.283,10.323,10.083
2016-03-23,10.23,10.416,10.443,10.137
2016-03-24,10.376,10.057,10.376,10.057
2016-03-25,10.017,10.003,10.19,9.89
2016-03-28,10.057,9.923,10.296,9.91
2016-03-29,9.93,9.557,9.99,9.444
2016-03-30,9.657,9.89,9.957,9.657
2016-03-31,9.923,9.923,10.117,9.87
2016-04-01,9.93,10.37,10.37,9.844
2016-04-05,10.41,10.636,10.636,10.223
2016-04-06,10.516,10.476,10.583,10.323
2016-04-07,10.49,10.556,10.689,10.25
2016-04-08,10.39,10.31,10.443,10.057
2016-04-11,10.41,10.629,10.669,10.376
2016-04-12,10.643,10.776,10.889,10.33
2016-04-13,10.776,10.736,11.062,10.709
2016-04-14,10.803,10.776,10.849,10.556
2016-04-15,10.836,10.656,10.836,10.596
2016-04-18,10.589,10.47,10.589,10.35
2016-04-19,10.47,10.543,10.629,10.39
2016-04-20,10.623,9.797,10.649,9.624
2016-04-21,9.69,9.511,9.83,9.464
2016-04-22,9.524,9.644,9.684,9.457
2016-04-25,9.624,9.59,9.624,9.384
2016-04-26,9.59,9.757,9.77,9.491
2016-04-27,9.757,9.57,9.797,9.537
2016-04-28,9.61,9.577,9.644,9.344
2016-04-29,9.517,9.577,9.697,9.504
2016-05-03,9.664,9.923,9.923,9.61
2016-05-04,9.857,9.857,9.963,9.81
2016-05-05,9.804,9.977,10.03,9.797
2016-05-06,9.977,9.737,10.143,9.637
2016-05-09,9.737,9.384,9.744,9.331
2016-05-10,9.431,9.444,9.491,9.364
2016-05-11,9.604,9.437,9.63,9.424
2016-05-12,9.257,9.344,9.424,9.071
2016-05-13,9.257,9.277,9.431,9.204
2016-05-16,9.357,9.431,9.484,9.224
2016-05-17,9.457,9.477,9.557,9.377
2016-05-18,9.424,9.004,9.424,8.858
2016-05-19,9.031,9.004,9.224,8.984
2016-05-20,8.991,9.078,9.084,8.891
2016-05-23,9.111,9.158,9.224,9.084
2016-05-24,9.158,9.058,9.158,9.024
2016-05-25,9.111,9.031,9.231,8.971
2016-05-26,8.991,9.031,9.078,8.771
2016-05-27,9.131,9.038,9.131,8.984
2016-05-30,8.964,8.991,9.098,8.805
2016-05-31,9.004,9.437,9.451,9.004
2016-06-01,9.511,9.444,9.557,9.404
2016-06-02,9.417,9.511,9.61,9.351
2016-06-03,9.444,9.517,9.59,9.431
2016-06-06,9.557,9.464,9.57,9.424
2016-06-07,9.464,9.524,9.557,9.417
2016-06-08,9.497,9.531,9.577,9.397
2016-06-13,9.391,9.124,9.497,9.124
2016-06-14,9.091,9.717,9.724,8.991
2016-06-15,9.584,10.177,10.316,9.517
2016-06-16,10.003,9.937,10.656,9.877
2016-06-17,10.003,10.057,10.27,9.983
2016-06-20,10.03,10.223,10.356,9.824
2016-06-21,10.256,10.137,10.456,10.09
2016-06-22,10.15,10.29,10.49,10.01
2016-06-23,10.243,9.983,10.323,9.937
2016-06-24,9.943,9.75,10.143,9.251
2016-06-27,9.657,10.057,10.11,9.644
2016-06-28,9.977,10.19,10.29,9.857
2016-06-29,10.243,10.163,10.316,10.057
2016-06-30,10.19,10.203,10.283,10.077
2016-07-01,10.203,10.23,10.31,10.11
2016-07-04,10.223,10.549,10.763,10.223
2016-07-05,10.589,10.443,10.589,10.33
2016-07-06,10.423,10.463,10.683,10.356
2016-07-07,10.463,10.623,10.636,10.17
2016-07-08,10.563,10.43,10.563,10.39
2016-07-11,10.49,10.383,10.656,10.356
2016-07-12,10.336,10.35,10.423,9.99
2016-07-13,10.37,10.503,10.629,10.343
2016-07-14,10.643,10.53,10.756,10.456
2016-07-15,10.516,10.756,10.789,10.463
2016-07-18,10.856,10.743,11.062,10.729
2016-07-19,10.549,10.609,10.769,10.443
2016-07-20,10.623,10.49,10.643,10.49
2016-07-21,10.516,10.563,10.709,10.516
2016-07-22,10.569,10.33,10.569,10.296
2016-07-25,10.316,10.51,10.623,10.316
2016-07-26,10.49,10.689,10.716,10.49
2016-07-27,10.922,10.523,10.976,10.19
2016-07-28,10.37,11.209,11.315,10.323
2016-07-29,11.076,10.996,11.182,10.809
2016-08-01,10.929,10.882,10.969,10.476
2016-08-02,10.896,11.169,11.176,10.769
2016-08-03,11.249,11.002,11.282,10.956
2016-08-04,10.856,10.889,10.936,10.703
2016-08-05,10.889,10.676,10.896,10.596
2016-08-08,10.623,10.823,10.856,10.569
2016-08-09,10.849,10.962,11.096,10.823
2016-08-10,11.042,10.696,11.056,10.689
2016-08-11,10.709,10.776,10.896,10.436
2016-08-12,10.763,10.843,10.896,10.723
2016-08-15,10.909,11.069,11.142,10.669
2016-08-16,11.102,10.962,11.189,10.922
2016-08-17,10.922,11.422,11.429,10.856
2016-08-18,11.375,11.522,11.622,11.202
2016-08-19,11.475,11.502,11.642,11.229
2016-08-22,11.429,11.315,11.722,11.249
2016-08-23,11.329,11.622,11.622,11.229
2016-08-24,11.588,11.622,11.802,11.535
2016-08-25,11.648,11.662,11.668,11.375
2016-08-26,11.708,11.988,12.155,11.622
2016-08-29,12.195,12.461,12.987,11.928
2016-08-30,12.401,12.381,12.601,12.175
2016-09-05,12.181,12.021,12.754,11.862
2016-09-06,12.021,12.987,12.987,11.921
2016-09-07,12.987,12.774,13.586,12.654
2016-09-08,12.727,12.761,12.841,12.388
2016-09-09,12.874,12.887,13.247,12.681
2016-09-12,12.508,13.087,13.353,12.188
2016-09-13,13.087,13.027,13.753,12.92
2016-09-14,12.887,12.501,12.974,12.308
2016-09-19,12.401,12.567,12.801,12.401
2016-09-20,12.514,12.494,12.807,12.361
2016-09-21,12.428,12.454,12.587,12.274
2016-09-22,12.621,12.454,12.761,12.421
2016-09-23,12.494,12.075,12.667,12.015
2016-09-26,12.021,12.001,12.175,11.901
2016-09-27,12.088,11.981,12.088,11.489
2016-09-28,11.915,11.815,11.968,11.742
2016-09-29,11.782,12.068,12.068,11.782
2016-09-30,12.048,12.521,12.594,11.868
2016-10-10,12.554,12.647,12.761,12.394
2016-10-11,12.587,12.481,12.634,12.461
2016-10-12,12.587,12.554,12.674,12.408
2016-10-13,12.621,12.601,12.761,12.468
2016-10-14,12.601,12.594,12.794,12.401
2016-10-17,12.634,12.321,12.841,12.028
2016-10-18,12.354,12.408,12.481,12.241
2016-10-19,12.441,11.995,12.454,11.988
2016-10-20,11.955,12.061,12.148,11.855
2016-10-21,12.055,11.788,12.161,11.708
2016-10-24,11.788,11.988,12.081,11.788
2016-10-25,12.008,12.035,12.108,11.948
2016-10-26,12.028,11.955,12.121,11.828
2016-10-27,12.021,12.028,12.075,11.915
2016-10-28,11.961,11.908,12.168,11.901
2016-10-31,11.822,11.622,11.822,11.588
2016-11-01,11.628,11.948,11.961,11.509
2016-11-02,11.888,11.822,11.935,11.668
2016-11-03,11.755,12.001,12.148,11.695
2016-11-04,12.028,12.035,12.148,11.908
2016-11-07,11.988,11.975,12.101,11.935
2016-11-08,12.008,11.908,12.081,11.848
2016-11-09,11.908,11.682,11.935,11.562
2016-11-10,11.968,12.155,12.288,11.862
2016-11-11,12.161,12.248,12.434,12.161
2016-11-14,12.281,12.228,12.401,12.141
2016-11-15,12.228,12.281,12.334,12.141
2016-11-16,12.328,12.541,12.767,12.288
2016-11-17,12.494,12.474,12.641,12.368
2016-11-18,12.474,12.234,12.554,12.221
2016-11-21,12.254,12.254,12.294,12.108
2016-11-22,12.214,12.374,12.374,12.155
2016-11-23,12.361,12.321,12.547,12.221
2016-11-24,12.268,11.975,12.374,11.968
2016-11-25,11.988,12.095,12.108,11.775
2016-11-28,12.055,11.981,12.155,11.941
2016-11-29,11.921,11.862,12.095,11.855
2016-11-30,11.842,11.762,11.995,11.715
2016-12-01,11.788,11.748,11.848,11.675
2016-12-02,11.815,11.522,11.815,11.522
2016-12-05,11.522,11.655,11.941,11.509
2016-12-06,11.742,11.688,11.795,11.628
2016-12-07,11.688,11.722,11.768,11.655
2016-12-08,11.762,11.595,11.762,11.588
2016-12-09,11.602,11.608,11.722,11.588
2016-12-12,11.648,10.809,11.648,10.809
2016-12-13,10.723,10.922,11.109,10.643
2016-12-14,10.856,10.703,10.916,10.683
2016-12-15,10.703,10.796,10.976,10.676
2016-12-16,10.783,10.956,11.022,10.776
2016-12-19,10.956,10.922,11.042,10.869
2016-12-20,10.922,10.969,11.009,10.869
2016-12-21,10.969,11.056,11.082,10.962
2016-12-22,11.089,11.016,11.096,10.902
2016-12-23,10.942,10.922,11.042,10.856
2016-12-26,10.989,11.442,11.482,10.869
2016-12-27,11.495,11.462,11.642,11.369
2016-12-28,11.489,11.322,11.522,11.282
2016-12-29,11.302,11.176,11.389,11.122
2016-12-30,11.242,11.322,11.455,10.989
2017-01-03,11.289,11.222,11.389,11.149
2017-01-04,11.169,11.382,11.462,11.069
2017-01-05,11.349,11.442,11.655,11.289
2017-01-06,11.442,11.489,11.602,11.369
2017-01-09,11.395,11.382,11.482,11.156
2017-01-10,11.369,11.156,11.375,11.142
2017-01-11,11.136,10.922,11.202,10.849
2017-01-12,10.882,10.843,10.962,10.796
2017-01-13,10.876,10.669,10.936,10.643
2017-01-16,10.669,10.19,10.716,9.61
2017-01-17,10.117,10.197,10.316,9.777
2017-01-18,10.057,10.09,10.19,10.057
2017-01-19,9.804,10.097,10.243,9.804
2017-01-20,10.09,10.416,10.696,10.03
2017-01-23,10.483,10.456,10.563,10.356
2017-01-24,10.47,10.503,10.609,10.356
2017-01-25,10.536,10.663,10.763,10.45
2017-01-26,10.663,10.616,10.729,10.536
2017-02-03,10.596,10.643,10.689,10.523
2017-02-06,10.609,10.663,10.756,10.536
2017-02-07,10.663,10.523,10.689,10.47
2017-02-08,10.463,10.836,10.889,10.463
2017-02-09,10.889,11.176,11.242,10.756
2017-02-10,11.162,11.042,11.162,10.969
2017-02-13,11.042,11.016,11.096,10.929
2017-02-14,11.029,11.049,11.116,11.022
2017-02-15,10.982,10.929,11.242,10.889
2017-02-16,10.929,10.882,11.022,10.763
2017-02-17,10.889,10.776,10.949,10.723
2017-02-20,10.889,11.016,11.022,10.836
2017-02-21,10.989,11.116,11.129,10.976
2017-02-22,11.102,11.149,11.235,11.069
2017-02-23,11.129,11.109,11.189,11.042
2017-02-24,11.142,11.109,11.156,11.056
2017-02-27,11.122,11.142,11.309,11.102
2017-02-28,11.129,11.042,11.202,10.982
2017-03-01,11.116,11.275,11.382,11.109
2017-03-02,11.289,11.202,11.349,11.182
2017-03-03,11.202,11.349,11.349,11.056
2017-03-06,11.362,11.442,11.502,11.322
2017-03-07,11.442,11.409,11.502,11.355
2017-03-08,11.409,11.322,11.429,11.202
2017-03-09,11.369,11.189,11.369,11.142
2017-03-10,11.189,11.129,11.229,11.042
2017-03-13,11.156,11.182,11.202,10.996
2017-03-14,11.149,11.116,11.215,11.109
2017-03-15,11.109,11.176,11.196,11.049
2017-03-16,11.202,11.335,11.375,11.162
2017-03-17,11.329,11.215,11.655,11.169
2017-03-20,11.162,11.215,11.295,11.109
2017-03-21,11.189,11.222,11.289,11.162
2017-03-22,11.202,11.149,11.202,11.036
2017-03-23,11.109,11.102,11.196,11.009
2017-03-24,11.136,11.222,11.222,11.056
2017-03-27,11.269,11.302,11.415,11.235
2017-03-28,11.302,11.229,11.322,11.176
2017-03-29,11.255,11.002,11.255,10.989
2017-03-30,11.016,10.922,11.089,10.796
2017-03-31,10.922,11.122,11.142,10.789
2017-04-05,11.295,11.375,11.462,11.156
2017-04-06,11.329,11.329,11.482,11.322
2017-04-07,11.455,12.061,12.388,11.315
2017-04-10,12.141,12.035,12.361,11.855
2017-04-11,11.955,12.068,12.288,11.768
2017-04-12,11.988,11.688,12.041,11.655
2017-04-13,11.642,12.421,12.861,11.635
2017-04-14,12.401,12.008,12.401,11.955
2017-04-17,11.988,12.035,12.321,11.881
2017-04-18,12.035,11.722,12.188,11.688
2017-04-19,11.675,11.875,11.875,11.409
2017-04-20,11.908,11.815,12.095,11.662
2017-04-21,11.728,11.735,12.055,11.688
2017-04-24,11.722,11.222,11.782,11.209
2017-04-25,11.242,11.109,11.322,10.989
2017-04-26,11.315,11.442,11.502,11.196
2017-04-27,11.362,11.788,12.001,11.329
2017-04-28,11.775,11.862,11.961,11.695
2017-05-02,11.888,11.881,11.975,11.782
2017-05-03,11.895,11.615,11.941,11.582
2017-05-04,11.529,11.822,11.955,11.362
2017-05-05,11.762,11.588,11.908,11.588
2017-05-08,11.455,10.929,11.582,10.909
2017-05-09,10.723,10.709,10.916,10.543
2017-05-10,10.783,10.256,10.896,10.256
2017-05-11,10.256,10.157,10.31,9.724
2017-05-12,10.103,10.15,10.23,10.037
2017-05-15,10.236,10.057,10.256,10.043
2017-05-16,10.117,10.543,10.589,9.99
2017-05-17,10.543,10.583,10.776,10.47
2017-05-18,10.49,10.656,10.783,10.436
2017-05-19,10.656,10.643,10.889,10.523
2017-05-22,10.656,10.27,10.656,10.263
2017-05-23,10.27,10.103,10.456,10.05
2017-05-24,10.057,10.376,10.376,9.997
2017-05-25,10.33,10.436,10.47,10.057
2017-05-26,10.436,10.47,10.543,10.343
2017-05-31,10.623,10.476,10.636,10.396
2017-06-01,10.45,10.077,10.45,10.063
2017-06-02,10.117,10.256,10.283,9.93
2017-06-05,10.256,10.656,10.656,10.216
2017-06-06,10.656,10.609,10.709,10.53
2017-06-07,10.47,10.656,10.743,10.47
2017-06-08,10.649,10.616,10.656,10.536
2017-06-09,10.616,10.843,10.856,10.476
2017-06-12,10.716,10.589,10.729,10.543
2017-06-13,10.643,10.663,10.703,10.563
2017-06-14,10.623,10.556,10.636,10.51
2017-06-15,10.53,10.689,10.989,10.523
2017-06-16,10.703,10.623,10.749,10.603
2017-06-19,10.589,10.569,10.603,10.45
2017-06-20,10.549,10.569,10.623,10.543
2017-06-21,10.623,10.569,10.623,10.476
2017-06-22,10.556,10.163,10.589,10.063
2017-06-23,10.05,10.256,10.263,10.05
2017-06-26,10.29,10.243,10.296,10.117
2017-06-27,10.276,10.157,10.31,10.137
2017-06-28,10.123,10.003,10.177,9.997
2017-06-29,10.023,10.05,10.117,10.023
2017-06-30,10.077,10.117,10.17,10.023
2017-07-03,10.177,10.276,10.296,10.143
2017-07-04,10.263,10.183,10.29,10.163
2017-07-05,10.157,10.236,10.25,10.143
2017-07-06,10.23,10.203,10.29,10.163
2017-07-07,10.19,10.23,10.25,10.177
2017-07-10,10.216,10.103,10.223,10.063
2017-07-11,10.063,10.03,10.157,10.017
2017-07-12,10.077,10.157,10.177,9.997
2017-07-13,10.123,10.17,10.21,10.123
2017-07-14,10.01,10.06,10.19,9.98
2017-07-17,9.91,9.05,9.97,9.05
2017-07-18,9.0,8.98,9.11,8.67
2017-07-19,8.91,8.89,8.98,8.71
2017-07-20,8.88,8.71,8.98,8.71
2017-07-21,8.72,8.78,8.88,8.64
2017-07-24,8.84,8.85,8.88,8.76
2017-07-25,8.85,8.78,8.87,8.75
2017-07-26,8.76,8.57,8.82,8.5
2017-07-27,8.6,9.2,9.36,8.5
2017-07-28,9.07,8.97,9.15,8.95
2017-07-31,8.97,8.96,9.07,8.85
2017-08-01,8.95,8.84,8.98,8.76
2017-08-02,8.86,8.71,9.03,8.66
2017-08-03,8.69,8.88,9.05,8.65
2017-08-04,8.85,8.8,8.93,8.78
2017-08-07,8.84,8.94,9.04,8.82
2017-08-08,8.99,8.98,9.03,8.85
2017-08-09,8.97,9.14,9.22,8.91
2017-08-10,9.16,9.02,9.2,8.9
2017-08-11,8.96,8.87,9.03,8.86
2017-08-14,8.87,9.13,9.19,8.87
2017-08-15,9.12,9.16,9.16,9.04
2017-08-16,9.18,9.3,9.36,9.09
2017-08-17,9.25,9.3,9.33,9.21
2017-08-18,9.21,9.24,9.4,9.21
2017-08-21,9.24,9.27,9.31,9.2
2017-08-22,9.26,9.17,9.29,9.1
2017-08-23,9.17,9.47,9.63,9.11
2017-08-24,9.47,10.04,10.08,9.45
2017-08-25,9.86,9.86,10.04,9.69
2017-08-28,9.87,9.9,10.01,9.77
2017-08-29,9.93,9.74,9.93,9.7
2017-08-30,9.76,9.68,9.83,9.65
2017-08-31,9.64,9.68,9.73,9.59
2017-09-01,9.66,9.84,9.85,9.66
2017-09-04,9.79,9.92,10.03,9.72
2017-09-05,9.98,9.92,10.09,9.85
2017-09-06,9.88,9.8,9.92,9.69
2017-09-07,9.8,9.74,9.9,9.71
2017-09-08,9.76,9.84,9.84,9.7
2017-09-11,9.79,9.83,9.89,9.77
2017-09-12,9.85,9.66,9.92,9.65
2017-09-13,9.66,9.64,9.7,9.58
2017-09-14,9.63,9.59,9.67,9.55
2017-09-15,9.56,9.63,9.71,9.53
2017-09-18,9.64,9.55,9.64,9.51
2017-09-19,9.59,9.97,9.97,9.53
2017-09-20,10.03,10.38,10.49,9.81
2017-09-21,10.21,10.02,10.26,9.96
2017-09-22,9.99,9.99,10.16,9.91
2017-09-25,9.92,9.76,10.02,9.71
2017-09-26,9.77,9.82,9.94,9.72
2017-09-27,9.8,9.86,9.9,9.76
2017-09-28,9.86,9.52,9.86,9.52
2017-09-29,9.54,9.6,9.66,9.52
2017-10-09,9.67,9.75,9.85,9.61
2017-10-10,9.76,10.0,10.04,9.7
2017-10-11,10.0,10.21,10.56,9.92
2017-10-12,10.12,10.03,10.29,9.92
2017-10-13,10.0,11.03,11.03,9.99
2017-10-16,11.1,10.63,11.19,10.57
2017-10-17,10.58,10.48,10.63,10.34
2017-10-18,10.45,10.45,10.89,10.41
2017-10-19,10.36,10.55,10.65,10.31
2017-10-20,10.49,10.54,10.62,10.35
2017-10-23,10.54,10.86,10.98,10.48
2017-10-24,10.78,10.53,10.82,10.43
2017-10-25,10.59,10.63,10.93,10.56
2017-10-26,10.53,10.55,10.59,10.36
2017-10-27,10.45,10.18,10.5,10.18
2017-10-30,10.17,9.93,10.27,9.82
2017-10-31,9.99,10.09,10.12,9.89
2017-11-01,10.08,9.93,10.09,9.91
2017-11-02,9.91,9.66,9.98,9.65
2017-11-03,9.62,9.4,9.7,9.3
2017-11-06,9.5,9.51,9.57,9.38
2017-11-07,9.55,9.48,9.59,9.38
2017-11-08,9.46,9.55,9.63,9.42
2017-11-09,9.53,9.56,9.57,9.44
2017-11-10,9.56,9.48,9.58,9.41
2017-11-13,9.5,9.31,9.5,9.31
2017-11-14,9.31,9.35,9.55,9.3
2017-11-15,9.35,9.1,9.38,9.07
2017-11-16,9.06,9.06,9.18,9.03
2017-11-17,9.08,8.78,9.14,8.75
2017-11-20,8.77,8.95,8.95,8.7
2017-11-21,8.97,8.9,9.06,8.83
2017-11-22,9.03,8.93,9.04,8.82
2017-11-23,8.94,8.73,8.97,8.71
2017-11-24,8.73,8.75,8.82,8.7
2017-11-27,8.76,8.73,8.86,8.69
2017-11-28,8.71,8.94,8.98,8.7
2017-11-29,9.04,8.98,9.04,8.82
2017-11-30,8.94,8.91,9.0,8.87
2017-12-01,8.89,8.97,9.02,8.87
2017-12-04,8.93,8.71,8.97,8.7
2017-12-05,8.7,8.51,8.78,8.5
2017-12-06,8.51,8.6,8.6,8.38
2017-12-07,8.58,8.59,8.69,8.51
2017-12-08,8.6,8.66,8.73,8.55
2017-12-11,8.61,8.73,8.76,8.61
2017-12-12,8.73,8.76,8.84,8.65
2017-12-13,8.79,8.95,8.98,8.74
2017-12-14,8.92,8.87,8.93,8.81
2017-12-15,8.85,8.67,8.87,8.67
2017-12-18,8.66,8.59,8.75,8.55
2017-12-19,8.64,8.7,8.75,8.6
2017-12-20,8.68,8.56,8.68,8.53
2017-12-21,8.56,8.83,8.85,8.55
2017-12-22,8.86,8.89,8.95,8.8
2017-12-25,8.88,8.75,8.92,8.73
2017-12-26,8.73,9.11,9.11,8.69
2017-12-27,9.1,9.07,9.28,8.96
2017-12-28,9.04,8.94,9.1,8.92
2017-12-29,8.99,9.06,9.15,8.99
2018-01-02,9.2,9.28,9.35,9.16
2018-01-03,9.34,9.32,9.39,9.24
2018-01-04,9.32,9.29,9.33,9.21
2018-01-05,9.29,9.16,9.31,9.12
2018-01-08,9.2,9.18,9.26,9.1
2018-01-09,9.21,9.41,9.45,9.16
2018-01-10,9.38,9.18,9.4,9.17
2018-01-11,9.18,9.23,9.28,9.11
2018-01-12,9.24,9.12,9.24,9.1
2018-01-15,9.11,8.79,9.11,8.73
2018-01-16,8.79,8.79,8.85,8.7
2018-01-17,8.8,9.01,9.12,8.71
2018-01-18,9.02,8.99,9.05,8.9
2018-01-19,8.98,8.89,9.01,8.86
2018-01-22,8.89,9.1,9.17,8.88
2018-01-23,9.07,9.01,9.15,8.99
2018-01-24,9.02,9.23,9.26,8.91
2018-01-25,9.18,9.15,9.33,9.15
2018-01-26,9.25,9.23,9.32,9.19
2018-01-29,9.22,9.27,9.34,9.16
2018-01-30,9.27,9.15,9.29,9.13
2018-01-31,9.09,8.92,9.23,8.92
2018-02-01,8.99,8.72,9.06,8.72
2018-02-02,8.75,8.75,8.87,8.66
2018-02-05,8.66,8.7,8.81,8.66
2018-02-06,8.52,8.14,8.62,8.14
2018-02-07,8.41,8.26,8.41,8.05
2018-02-08,8.27,8.35,8.38,8.2
2018-02-09,8.21,8.14,8.4,8.07
2018-02-12,8.17,8.36,8.4,8.17
2018-02-13,8.43,8.33,8.44,8.31
2018-02-14,8.35,8.37,8.38,8.3
2018-02-22,8.46,8.46,8.51,8.38
2018-02-23,8.46,8.49,8.57,8.42
2018-02-26,8.55,8.7,8.73,8.46
2018-02-27,8.66,8.69,8.88,8.64
2018-02-28,8.6,7.89,8.85,7.89
2018-03-01,7.83,7.97,8.02,7.78
2018-03-02,7.91,7.93,8.04,7.9
2018-03-05,7.95,7.92,7.95,7.82
2018-03-06,7.95,7.96,7.96,7.86
2018-03-07,7.95,7.88,7.97,7.83
2018-03-08,7.88,8.09,8.12,7.85
2018-03-09,8.07,8.26,8.28,7.99
2018-03-12,8.29,8.32,8.41,8.26
2018-03-13,8.31,8.27,8.38,8.27
2018-03-14,8.23,8.15,8.29,8.13
2018-03-15,8.13,8.05,8.15,7.97
2018-03-16,8.07,7.99,8.08,7.99
2018-03-19,7.97,8.19,8.27,7.92
2018-03-20,8.16,8.09,8.16,7.96
2018-03-21,8.09,8.12,8.35,8.09
2018-03-22,8.1,8.04,8.2,8.0
2018-03-23,7.88,7.56,7.9,7.44
2018-03-26,7.46,7.61,7.63,7.26
2018-03-27,7.75,7.74,7.8,7.68
2018-03-28,7.64,7.7,7.85,7.6
2018-03-29,7.74,7.76,7.78,7.65
2018-03-30,7.75,7.82,7.83,7.72
2018-04-02,7.84,7.76,7.84,7.75
2018-04-03,7.66,7.62,7.72,7.52
2018-04-04,7.65,7.43,7.67,7.41
2018-04-09,7.37,7.41,7.47,7.3
2018-04-10,7.45,7.48,7.48,7.37
2018-04-11,7.49,7.52,7.61,7.49
2018-04-12,7.52,7.43,7.53,7.41
2018-04-13,7.43,7.44,7.53,7.41
2018-04-16,7.47,7.39,7.49,7.34
2018-04-17,7.45,7.23,7.45,7.23
2018-04-18,7.25,7.22,7.3,7.05
2018-04-19,7.24,7.28,7.35,7.17
2018-04-20,7.27,7.06,7.27,7.05
2018-04-23,7.01,6.94,7.13,6.88
2018-04-24,6.93,7.09,7.15,6.93
2018-04-25,7.05,7.21,7.22,7.0
2018-04-26,7.26,7.01,7.26,7.0
2018-04-27,7.05,7.07,7.11,6.98
2018-05-02,7.04,7.0,7.1,6.97
2018-05-03,6.97,7.0,7.01,6.8
2018-05-04,6.99,6.91,7.0,6.91
2018-05-07,6.9,7.01,7.02,6.88
2018-05-08,7.04,7.12,7.19,7.04
2018-05-09,7.15,7.2,7.2,7.11
2018-05-10,7.2,7.18,7.25,7.13
2018-05-11,7.21,7.07,7.22,7.03
2018-05-14,7.03,7.05,7.1,7.0
2018-05-15,7.07,7.13,7.15,6.99
2018-05-16,7.08,7.05,7.12,7.02
2018-05-17,7.05,7.09,7.09,7.01
2018-05-18,7.11,7.18,7.19,7.04
2018-05-21,7.37,7.21,7.44,7.19
2018-05-22,7.21,7.31,7.36,7.18
2018-05-23,7.25,7.13,7.28,7.08
2018-05-24,7.15,7.06,7.16,7.05
2018-05-25,7.05,6.89,7.09,6.86
