date,open,close,high,low
2016-01-04,30.484,28.072,30.882,28.072
2016-01-05,25.262,25.262,28.231,25.262
2016-01-06,25.514,25.62,26.077,23.778
2016-01-07,24.851,23.056,24.851,23.056
2016-01-08,23.427,21.81,23.725,20.875
2016-01-11,20.942,19.881,22.346,19.881
2016-01-12,20.332,20.584,21.538,20.08
2016-01-13,20.955,18.536,21.16,18.523
2016-01-14,17.157,20.391,20.391,17.098
2016-01-15,20.067,20.0,21.538,19.656
2016-01-18,19.258,21.737,22.002,19.225
2016-01-19,22.002,23.009,23.91,21.458
2016-01-20,23.062,23.188,24.255,22.068
2016-01-21,23.089,20.915,23.128,20.869
2016-01-22,21.511,21.949,21.949,19.981
2016-01-25,22.532,22.015,22.93,21.717
2016-01-26,21.803,19.815,21.869,19.815
2016-01-27,19.928,19.881,20.272,18.019
2016-01-28,19.205,17.959,19.709,17.893
2016-01-29,17.946,19.033,19.656,17.111
2016-02-01,19.086,18.728,19.841,18.026
2016-02-02,18.589,20.133,20.504,18.589
2016-02-03,19.908,21.333,21.538,19.749
2016-02-04,21.154,23.466,23.466,21.127
2016-02-05,23.93,22.983,24.507,22.181
2016-02-15,22.532,23.387,24.242,22.254
2016-02-16,23.427,24.089,24.255,23.4
2016-02-17,24.016,23.592,24.255,22.824
2016-02-18,23.778,22.578,23.97,22.399
2016-02-19,22.386,22.797,23.195,22.32
2016-02-22,23.195,23.261,23.559,22.452
2016-02-23,23.268,21.107,23.274,20.935
2016-02-24,21.061,20.312,21.074,19.391
2016-02-25,19.961,18.284,20.703,18.284
2016-02-26,18.483,18.264,18.808,17.217
2016-09-22,20.09,20.09,20.09,19.917
2016-09-23,20.05,18.543,20.123,18.29
2016-09-26,17.992,16.69,18.217,16.69
2016-09-27,16.372,16.89,16.976,16.146
2016-09-28,16.89,16.252,16.89,15.954
2016-09-29,16.378,16.538,16.69,16.279
2016-09-30,16.332,16.398,16.73,16.272
2016-10-10,16.598,17.188,17.434,16.458
2016-10-11,17.188,17.474,17.759,17.062
2016-10-12,17.408,17.195,17.408,16.983
2016-10-13,17.328,17.461,17.487,17.082
2016-10-14,17.427,17.281,17.587,17.069
2016-10-17,17.315,17.149,17.388,17.076
2016-10-18,17.082,17.421,17.447,17.022
2016-10-19,17.527,17.208,17.593,17.135
2016-10-20,17.095,17.401,17.52,17.082
2016-10-21,17.447,18.264,18.868,17.381
2016-10-24,18.191,18.158,18.244,17.812
2016-10-25,18.144,18.324,18.695,17.978
2016-10-26,18.144,17.826,18.324,17.726
2016-10-27,17.726,17.534,17.819,17.408
2016-10-28,17.573,16.843,17.647,16.83
2016-10-31,16.744,17.036,17.036,16.432
2016-11-01,17.016,17.122,17.142,16.903
2016-11-02,17.115,16.631,17.115,16.604
2016-11-03,16.598,16.71,16.923,16.465
2016-11-04,16.71,17.208,17.381,16.664
2016-11-07,17.228,16.883,17.235,16.856
2016-11-08,16.989,16.969,17.182,16.797
2016-11-09,16.896,16.531,17.248,16.272
2016-11-10,16.637,16.657,16.764,16.525
2016-11-11,16.657,16.704,16.744,16.471
2016-11-14,16.764,16.916,17.169,16.684
2016-11-15,17.115,17.056,17.115,16.75
2016-11-16,17.155,17.593,18.589,17.135
2016-11-17,17.427,17.255,17.62,17.208
2016-11-18,17.275,17.341,17.454,17.202
2016-11-21,17.713,17.633,18.364,17.534
2016-11-22,17.461,17.826,17.839,17.381
2016-11-23,17.952,17.447,18.158,17.427
2016-11-24,17.348,17.248,17.52,17.142
2016-11-25,17.149,17.115,17.248,16.664
2016-11-28,17.321,16.983,17.328,16.963
2016-11-29,16.963,16.717,17.056,16.704
2016-11-30,16.591,16.823,17.049,16.591
2016-12-01,16.757,16.717,16.883,16.657
2016-12-02,16.717,16.173,16.89,16.173
2016-12-05,15.887,15.934,16.193,15.748
2016-12-06,16.08,15.954,16.126,15.821
2016-12-07,16.491,16.624,17.208,16.332
2016-12-08,16.551,16.053,16.551,16.04
2016-12-09,15.947,15.071,16.0,15.057
2016-12-12,14.931,13.564,14.931,13.564
2016-12-13,13.278,13.325,13.497,12.82
2016-12-14,13.311,13.291,13.61,12.813
2016-12-15,13.351,13.59,13.776,13.351
2016-12-16,13.597,13.67,13.776,13.431
2016-12-19,13.67,13.444,13.67,13.351
2016-12-20,13.391,13.477,13.597,13.384
2016-12-21,13.484,13.676,13.776,13.484
2016-12-22,13.61,13.53,13.696,13.484
2016-12-23,13.504,13.683,14.214,13.477
2016-12-26,13.55,14.095,14.134,13.477
2016-12-27,14.022,14.022,14.373,13.942
2016-12-28,14.075,13.431,14.108,13.404
2016-12-29,13.404,13.371,13.577,13.291
2016-12-30,13.431,13.457,13.537,13.344
2017-01-03,13.457,13.198,13.457,13.132
2017-01-04,13.198,13.477,13.67,12.939
2017-01-05,13.384,13.603,13.676,13.384
2017-01-06,13.617,13.245,13.623,13.178
2017-01-09,13.344,13.378,13.391,13.145
2017-01-10,13.311,13.537,13.803,13.232
2017-01-11,13.577,13.69,13.769,13.285
2017-01-12,13.643,13.597,13.862,13.564
2017-01-13,13.471,12.754,13.477,12.621
2017-01-16,12.548,11.671,12.681,11.479
2017-01-17,11.671,12.017,12.203,11.273
2017-01-18,11.884,11.851,12.003,11.638
2017-01-19,11.791,11.884,12.056,11.565
2017-01-20,11.93,12.242,12.322,11.811
2017-01-23,12.189,12.229,12.382,12.163
2017-01-24,12.302,11.944,12.302,11.917
2017-01-25,12.063,12.076,12.143,11.95
2017-01-26,12.103,12.063,12.149,11.99
2017-02-03,12.076,11.93,12.123,11.851
2017-02-06,11.93,12.143,12.256,11.93
2017-02-07,12.156,11.917,12.156,11.831
2017-02-08,11.97,12.163,12.163,11.738
2017-02-09,12.209,12.282,12.402,12.096
2017-02-10,12.309,12.063,12.309,12.05
2017-02-13,11.983,12.282,12.528,11.93
2017-02-14,12.236,12.242,12.309,12.143
2017-02-15,12.163,11.99,12.282,11.957
2017-02-16,11.917,12.003,12.103,11.871
2017-02-17,11.97,12.322,12.388,11.97
2017-02-20,12.382,13.079,13.557,12.355
2017-02-21,12.893,13.251,13.358,12.747
2017-02-22,13.145,13.225,13.57,13.079
2017-02-23,13.192,13.464,13.464,13.039
2017-02-24,13.524,14.281,14.586,13.517
2017-02-27,14.427,15.376,15.708,14.427
2017-02-28,14.925,15.17,15.27,14.533
2017-03-01,14.944,15.183,15.894,14.925
2017-03-02,15.183,16.212,16.491,15.037
2017-03-03,16.053,17.261,17.673,15.801
2017-03-06,17.242,17.255,17.408,16.744
2017-03-07,17.135,17.912,18.244,17.009
2017-03-08,17.613,16.923,18.125,16.81
2017-03-09,16.797,17.062,17.388,16.518
2017-03-10,16.797,16.664,17.095,16.332
2017-03-13,16.531,17.779,17.826,16.385
2017-03-14,17.666,17.208,17.726,17.069
2017-03-15,17.062,16.936,17.733,16.651
2017-03-16,17.268,17.261,17.706,16.896
2017-03-17,17.049,17.759,18.091,17.029
2017-03-20,17.627,17.593,18.456,17.301
2017-03-21,17.461,17.095,17.846,16.896
2017-03-22,16.896,17.315,17.567,16.896
2017-03-23,17.261,16.471,17.361,16.365
2017-03-24,16.332,15.98,16.518,15.721
2017-03-27,15.954,16.432,16.478,15.774
2017-03-28,16.272,16.153,16.578,16.139
2017-03-29,16.1,16.239,16.578,16.04
2017-03-30,16.272,15.33,16.438,15.303
2017-03-31,15.323,15.721,15.768,15.19
2017-04-05,15.681,17.122,17.255,15.602
2017-04-06,17.275,17.308,17.447,16.896
2017-04-07,17.228,16.916,17.434,16.876
2017-04-10,17.129,16.199,17.354,16.053
2017-04-11,15.96,16.007,16.159,15.323
2017-04-12,15.874,15.462,16.365,15.422
2017-04-13,15.409,15.489,15.721,15.336
2017-04-14,15.482,13.942,15.555,13.942
2017-04-17,13.351,12.82,13.803,12.548
2017-04-18,12.7,12.601,13.006,12.435
2017-04-19,12.78,12.946,12.979,12.515
2017-04-20,12.933,13.046,13.258,12.747
2017-04-21,13.119,12.714,13.198,12.667
2017-04-24,12.534,12.269,12.661,11.658
2017-04-25,12.395,12.661,12.939,12.349
2017-04-26,12.833,12.747,13.052,12.7
2017-04-27,12.634,14.022,14.022,12.355
2017-04-28,13.942,14.208,14.506,13.849
2017-05-02,14.247,14.36,14.453,13.969
2017-05-03,14.373,14.672,14.812,14.081
2017-05-04,14.606,14.141,14.911,14.141
2017-05-05,13.895,13.809,14.3,13.809
2017-05-08,13.676,13.955,14.672,13.61
2017-05-09,13.723,14.367,14.453,13.703
2017-05-10,14.274,13.325,14.52,13.145
2017-05-11,13.212,13.198,13.251,12.681
2017-05-12,13.145,12.906,13.251,12.647
2017-05-15,12.92,12.687,13.105,12.687
2017-05-16,12.568,13.955,13.955,12.216
2017-05-17,14.32,14.46,14.739,14.141
2017-05-18,14.274,14.705,15.004,14.201
2017-05-19,14.712,14.566,14.871,14.373
2017-05-22,14.407,14.274,14.978,14.221
2017-05-23,14.281,13.311,14.433,12.946
2017-05-24,12.88,14.334,14.646,12.88
2017-05-25,14.373,14.088,14.493,13.278
2017-05-26,13.882,13.51,14.061,13.51
2017-05-31,13.756,14.201,14.566,13.55
2017-06-01,13.915,13.278,14.108,13.278
2017-06-02,13.132,13.683,13.856,12.833
2017-06-05,13.829,14.088,14.373,13.623
2017-06-06,13.995,14.307,14.686,13.902
2017-06-07,14.221,15.27,15.383,14.128
2017-06-08,15.004,15.09,15.243,14.911
2017-06-09,15.064,15.456,15.588,14.958
2017-06-12,15.27,14.832,15.303,14.745
2017-06-13,14.858,15.064,15.422,14.858
2017-06-14,14.938,15.31,15.403,14.765
2017-06-15,15.429,15.449,16.153,15.416
2017-06-16,15.422,15.741,15.9,15.144
2017-06-19,15.801,15.854,16.053,15.476
2017-06-20,15.774,15.323,16.0,15.27
2017-06-21,15.363,15.323,15.369,14.951
2017-06-22,15.223,14.931,15.456,14.931
2017-06-23,14.871,15.144,15.177,14.539
2017-06-26,14.075,13.63,14.075,13.63
2017-06-27,12.614,13.006,13.311,12.501
2017-06-28,12.9,12.893,13.172,12.7
2017-06-29,12.906,12.554,13.032,12.521
2017-06-30,12.481,12.647,12.714,12.369
2017-07-03,12.627,13.032,13.145,12.548
2017-07-04,12.999,13.046,13.119,12.86
2017-07-05,12.993,12.966,13.012,12.807
2017-07-06,13.477,13.603,13.982,13.451
2017-07-07,13.544,13.789,13.842,13.464
2017-07-10,13.431,13.159,13.577,13.152
2017-07-11,13.086,12.833,13.444,12.82
2017-07-12,12.86,13.278,13.278,12.568
2017-07-13,13.311,13.119,13.318,13.012
2017-07-14,12.78,12.88,13.066,12.621
2017-07-17,12.747,11.744,12.873,11.744
2017-07-18,11.685,12.09,12.203,11.632
2017-07-19,11.95,11.92,12.09,11.71
2017-07-20,11.9,12.11,12.49,11.89
2017-07-21,12.06,12.1,12.22,11.91
2017-07-24,12.03,12.18,12.19,11.74
2017-07-25,12.26,12.43,12.58,12.18
2017-07-26,12.44,12.18,12.56,12.12
2017-07-27,12.18,13.4,13.4,12.02
2017-07-28,13.5,13.45,13.65,13.2
2017-07-31,13.32,13.51,13.65,13.16
2017-08-01,13.5,13.79,14.12,13.4
2017-08-02,13.75,13.53,13.99,13.33
2017-08-03,13.51,14.25,14.42,13.5
2017-08-04,14.37,13.64,14.37,13.61
2017-08-07,13.55,13.48,13.82,13.36
2017-08-08,13.42,13.75,13.76,13.03
2017-08-09,13.55,13.33,13.68,13.31
2017-08-10,13.4,13.17,13.52,13.0
2017-08-11,13.05,13.08,13.44,12.91
2017-08-14,13.01,13.53,13.57,13.01
2017-08-15,13.59,13.51,13.59,13.31
2017-08-16,13.45,13.91,14.05,13.41
2017-08-17,13.88,14.33,14.56,13.76
2017-08-18,14.15,14.03,14.29,13.85
2017-08-21,14.17,14.15,14.27,13.99
2017-08-22,14.09,13.68,14.1,13.66
2017-08-23,13.6,13.6,13.76,13.58
2017-08-24,13.6,13.51,13.83,13.43
2017-08-25,13.47,13.99,14.09,13.45
2017-08-28,13.93,13.91,14.32,13.86
2017-08-29,13.78,13.7,13.98,13.62
2017-08-30,13.68,13.66,13.75,13.5
2017-08-31,13.64,13.63,13.78,13.58
2017-09-01,13.61,13.93,13.95,13.54
2017-09-04,13.93,13.93,14.15,13.78
2017-09-05,13.94,13.8,14.07,13.78
2017-09-06,13.74,13.65,13.75,13.5
2017-09-07,13.57,13.64,13.93,13.57
2017-09-08,13.62,13.18,13.71,13.1
2017-09-11,13.05,13.16,13.28,13.03
2017-09-12,13.16,12.79,13.23,12.71
2017-09-13,12.74,12.86,12.89,12.69
2017-09-14,12.86,12.8,12.88,12.67
2017-09-15,12.75,13.03,13.13,12.71
2017-09-18,12.93,13.11,13.19,12.93
2017-09-19,13.1,12.82,13.1,12.75
2017-09-20,12.83,12.91,12.98,12.77
2017-09-21,12.88,13.51,14.04,12.82
2017-09-22,13.38,13.92,14.18,13.11
2017-09-25,13.7,13.46,14.22,13.41
2017-09-26,13.41,13.76,13.8,13.14
2017-09-27,13.63,14.18,14.44,13.56
2017-09-28,14.07,14.6,14.65,13.94
2017-09-29,14.48,14.49,15.08,14.34
2017-10-09,14.6,14.38,14.99,14.36
2017-10-10,14.28,14.37,14.37,14.02
2017-10-11,14.26,13.8,14.32,13.75
2017-10-12,13.81,14.15,14.35,13.81
2017-10-13,14.03,14.27,14.28,13.83
2017-10-16,14.02,13.4,14.09,13.4
2017-10-17,13.31,13.35,13.5,13.25
2017-10-18,13.4,12.92,13.58,12.87
2017-10-19,12.91,12.7,13.04,12.51
2017-10-20,12.64,12.81,12.84,12.63
2017-10-23,12.82,12.99,13.03,12.78
2017-10-24,12.99,12.78,13.0,12.59
2017-10-25,12.73,12.91,12.94,12.7
2017-10-26,12.9,13.06,13.15,12.87
2017-10-27,13.06,12.82,13.14,12.8
2017-10-30,12.66,11.98,12.75,11.71
2017-10-31,11.97,12.02,12.09,11.88
2017-11-01,12.0,11.82,12.07,11.77
2017-11-02,11.72,11.42,11.81,11.41
2017-11-03,11.48,10.92,11.54,10.73
2017-11-06,10.87,11.03,11.12,10.87
2017-11-07,11.04,11.03,11.1,10.78
2017-11-08,10.99,10.94,11.19,10.92
2017-11-09,10.98,11.2,11.2,10.9
2017-11-10,11.15,11.26,11.29,10.99
2017-11-13,11.2,11.01,11.25,11.0
2017-11-14,11.05,10.78,11.08,10.7
2017-11-15,10.77,11.35,11.78,10.72
2017-11-16,11.29,11.24,11.51,11.14
2017-11-17,11.18,10.31,11.23,10.13
2017-11-20,10.19,9.96,10.19,9.3
2017-11-21,9.95,9.84,10.11,9.72
2017-11-22,9.85,9.78,10.03,9.71
2017-11-23,9.77,9.62,9.97,9.61
2017-11-24,9.61,9.7,9.85,9.52
2017-11-27,9.69,9.42,9.69,9.35
2017-11-28,9.44,9.65,9.7,9.42
2017-11-29,9.68,9.49,9.68,9.3
2017-11-30,9.42,9.42,9.54,9.36
2017-12-01,9.45,9.65,9.79,9.4
2017-12-04,9.59,9.36,9.65,9.34
2017-12-05,9.39,8.71,9.46,8.43
2017-12-06,8.67,8.84,8.87,8.5
2017-12-07,8.8,8.89,9.04,8.77
2017-12-08,8.92,9.09,9.19,8.86
2017-12-11,9.15,9.22,9.38,9.1
2017-12-12,9.2,9.04,9.29,9.04
2017-12-13,8.98,9.09,9.1,8.97
2017-12-14,9.11,8.97,9.11,8.94
2017-12-15,8.97,9.05,9.11,8.93
2017-12-18,9.15,8.93,9.15,8.9
2017-12-19,8.93,9.1,9.1,8.93
2017-12-20,9.1,8.74,9.11,8.7
2017-12-21,8.75,8.78,8.82,8.56
2017-12-22,8.78,8.58,8.82,8.54
2017-12-25,8.62,8.29,8.64,8.2
2017-12-26,8.32,8.4,8.45,8.28
2017-12-27,8.45,8.58,8.88,8.35
2017-12-28,8.59,8.39,8.63,8.38
2017-12-29,8.36,8.74,8.75,8.36
2018-01-02,8.98,8.69,8.98,8.58
2018-01-03,8.66,8.94,9.01,8.59
2018-01-04,8.93,8.86,8.98,8.83
2018-01-05,8.87,8.77,8.99,8.71
2018-01-08,8.72,8.64,8.75,8.5
2018-01-09,8.67,8.69,8.83,8.56
2018-01-10,8.69,8.52,8.72,8.38
2018-01-11,8.45,8.8,8.87,8.42
2018-01-12,8.91,8.64,8.91,8.63
2018-01-15,8.65,8.29,8.65,8.26
2018-01-16,8.34,8.34,8.38,8.21
2018-01-17,8.3,7.9,8.3,7.51
2018-01-18,7.84,7.73,7.93,7.72
2018-01-19,7.68,7.8,7.98,7.65
2018-01-22,7.8,7.86,7.96,7.55
2018-01-23,7.9,7.89,8.1,7.8
2018-01-24,7.88,8.22,8.22,7.76
2018-01-25,8.18,8.13,8.41,8.1
2018-01-26,8.08,8.15,8.28,8.05
2018-01-29,8.17,8.0,8.21,7.94
2018-01-30,8.03,7.86,8.08,7.85
2018-01-31,7.4,7.44,7.48,7.07
2018-02-01,7.39,7.43,7.45,7.2
2018-02-02,7.4,7.41,7.41,7.23
2018-02-05,7.38,7.4,7.4,7.25
2018-02-06,7.37,7.4,7.4,7.23
2018-02-07,7.46,7.43,7.69,7.24
2018-02-08,7.44,7.79,8.17,7.37
2018-02-09,7.59,7.56,7.73,7.42
2018-02-12,7.55,7.58,7.69,7.47
2018-02-13,7.56,7.37,7.57,7.33
2018-02-14,7.37,7.41,7.45,7.19
2018-02-22,7.41,7.48,7.54,7.38
2018-02-23,7.48,7.5,7.52,7.37
2018-02-26,7.54,7.59,7.71,7.48
2018-02-27,7.49,7.44,7.5,7.32
2018-02-28,7.36,7.6,7.71,7.31
2018-03-01,7.53,7.76,8.2,7.48
2018-03-02,7.77,7.8,7.96,7.72
2018-03-05,7.83,7.75,7.86,7.56
2018-03-06,7.77,8.53,8.53,7.71
2018-03-07,8.56,8.69,8.92,8.5
2018-03-08,8.55,8.9,8.9,8.47
2018-03-09,8.8,9.05,9.09,8.73
2018-03-12,9.1,9.12,9.88,9.07
2018-03-13,9.1,8.88,9.13,8.82
2018-03-14,8.77,8.66,8.82,8.64
2018-03-15,8.64,8.55,8.74,8.35
2018-03-16,8.57,8.5,8.78,8.5
2018-03-19,8.57,8.62,8.74,8.4
2018-03-20,8.42,8.5,8.53,8.23
2018-03-21,8.56,8.32,8.7,8.3
2018-03-22,8.3,8.45,8.55,8.24
2018-03-23,8.1,7.61,8.19,7.61
2018-03-26,7.38,7.69,7.72,7.1
2018-03-27,7.75,7.94,8.0,7.72
2018-03-28,7.77,7.88,8.23,7.72
2018-03-29,7.95,8.03,8.14,7.9
2018-03-30,8.01,8.25,8.32,7.93
2018-04-02,8.22,8.24,8.44,8.15
2018-04-03,8.03,7.89,8.13,7.83
2018-04-04,8.0,7.65,8.05,7.6
2018-04-09,7.61,7.66,7.82,7.44
2018-04-10,7.66,7.72,7.8,7.53
2018-04-11,7.76,7.8,7.86,7.65
2018-04-12,7.73,8.0,8.48,7.69
2018-04-13,7.98,8.41,8.58,7.92
2018-04-16,8.35,8.48,8.59,8.08
2018-04-17,8.48,8.3,8.58,8.22
2018-04-18,8.31,8.71,8.71,7.95
2018-04-19,8.61,8.45,8.78,8.45
2018-04-20,8.5,8.14,8.58,8.1
2018-04-23,8.09,8.29,8.46,8.0
2018-04-24,8.3,8.51,8.55,8.17
2018-04-25,8.45,8.64,8.65,8.43
2018-04-26,8.58,8.24,8.62,8.23
2018-04-27,8.26,8.33,8.47,8.25
2018-05-02,8.35,7.5,8.41,7.5
2018-05-03,7.36,7.64,7.71,7.21
2018-05-04,7.74,7.46,7.74,7.43
2018-05-07,7.49,7.59,7.67,7.35
2018-05-08,7.63,7.66,7.66,7.52
2018-05-09,7.68,7.76,7.85,7.64
2018-05-10,7.72,7.78,7.83,7.7
2018-05-11,7.79,7.5,7.79,7.5
2018-05-14,7.51,7.41,7.65,7.41
2018-05-15,7.41,7.49,7.49,7.26
2018-05-16,7.45,7.37,7.45,7.31
2018-05-17,7.4,7.22,7.43,7.21
2018-05-18,7.26,7.31,7.33,7.21
2018-05-21,7.39,7.47,7.5,7.36
2018-05-22,7.51,7.6,7.64,7.46
2018-05-23,7.55,7.4,7.59,7.4
2018-05-24,7.43,7.36,7.48,7.35
2018-05-25,7.36,7.43,7.57,7.35
