date,open,close,high,low
2016-06-06,36.968,36.968,38.777,36.968
2016-06-07,36.528,37.348,37.967,36.308
2016-06-08,36.978,35.759,37.208,35.589
2016-06-13,35.379,32.181,35.379,32.181
2016-06-14,31.681,31.631,32.081,30.412
2016-06-15,31.181,32.84,33.16,30.882
2016-06-16,33.28,34.06,34.629,33.17
2016-06-17,34.06,33.78,34.569,33.5
2016-06-20,33.8,33.55,34.13,32.481
2016-06-21,33.94,32.78,34.08,32.58
2016-06-22,32.6,33.46,33.48,32.481
2016-06-23,33.56,34.02,34.629,33.44
2016-06-24,33.78,33.38,34.12,31.991
2016-06-27,33.67,34.869,35.099,33.49
2016-06-28,34.859,35.938,36.328,34.319
2016-06-29,36.178,35.759,36.358,35.519
2016-06-30,35.749,35.779,36.178,35.479
2016-07-01,35.968,35.439,36.138,35.389
2016-07-04,34.979,35.958,36.128,34.779
2016-07-05,36.318,36.838,36.938,36.288
2016-07-06,36.438,36.188,36.938,35.679
2016-07-07,36.188,35.539,36.308,35.079
2016-07-08,35.779,35.539,35.928,35.239
2016-07-11,35.609,34.849,35.799,34.799
2016-07-12,34.809,35.139,35.159,32.98
2016-07-13,35.129,35.629,35.938,34.889
2016-07-14,35.629,36.078,36.258,35.579
2016-07-15,35.839,35.319,36.078,35.139
2016-07-18,35.319,35.089,35.879,34.979
2016-07-19,34.859,34.899,34.969,34.01
2016-07-20,34.679,34.809,35.179,34.679
2016-07-21,34.759,34.789,35.259,34.679
2016-07-22,34.14,34.279,34.679,34.13
2016-07-25,34.459,36.938,37.707,34.279
2016-07-26,35.978,37.178,37.677,35.908
2016-07-27,36.758,36.908,38.177,35.079
2016-07-28,36.908,40.596,40.596,36.898
2016-07-29,39.976,39.137,40.276,37.977
2016-08-01,38.457,35.219,38.467,35.219
2016-08-02,34.479,35.259,35.339,34.0
2016-08-03,34.999,34.279,34.999,33.68
2016-08-04,34.19,34.629,35.179,34.16
2016-08-05,34.489,33.04,34.769,32.98
2016-08-08,32.88,33.48,33.57,31.701
2016-08-09,33.18,33.66,33.72,33.09
2016-08-10,33.8,34.06,34.19,33.1
2016-08-11,34.13,32.64,34.13,32.64
2016-08-12,32.431,32.93,32.97,32.331
2016-08-15,32.98,33.68,34.1,32.441
2016-08-16,33.7,33.79,34.14,33.66
2016-08-17,33.84,34.08,34.659,33.43
2016-08-18,33.84,33.99,34.339,33.64
2016-08-19,34.04,35.269,35.479,33.79
2016-08-22,35.019,33.57,35.928,33.48
2016-08-23,32.99,32.63,33.13,31.991
2016-08-24,32.64,32.65,32.92,32.281
2016-08-25,32.331,32.78,32.78,31.781
2016-08-26,32.63,32.72,33.4,32.62
2016-08-29,32.111,32.381,32.71,32.111
2016-08-30,32.381,32.97,33.14,32.381
2016-08-31,32.85,33.21,33.31,32.431
2016-09-01,33.42,32.381,33.67,32.381
2016-09-02,32.281,32.73,32.81,32.191
2016-09-05,32.86,32.57,32.93,32.431
2016-09-06,32.75,32.99,33.06,32.061
2016-09-07,33.08,32.77,33.53,32.69
2016-09-08,32.8,33.55,33.57,32.69
2016-09-09,33.46,33.61,34.249,33.02
2016-09-12,32.96,32.291,33.58,32.291
2016-09-13,32.561,32.481,32.82,32.311
2016-09-14,32.381,31.841,32.391,31.791
2016-09-19,31.791,32.231,32.281,31.791
2016-09-20,32.261,32.481,32.541,32.041
2016-09-21,32.281,32.531,32.561,31.981
2016-09-22,32.72,32.431,32.82,32.391
2016-09-23,32.561,32.201,32.62,32.201
2016-09-26,32.281,31.151,32.311,31.141
2016-09-27,31.141,31.641,31.771,31.071
2016-09-28,31.541,31.381,31.811,31.281
2016-09-29,31.581,31.431,31.761,31.381
2016-09-30,31.581,31.691,31.731,31.251
2016-10-10,31.721,32.69,32.8,31.721
2016-10-11,32.69,32.73,32.92,32.541
2016-10-12,32.66,33.02,33.36,32.481
2016-10-13,33.02,32.8,33.08,32.68
2016-10-14,32.58,32.63,32.84,32.281
2016-10-17,32.8,31.891,32.97,31.891
2016-10-18,31.861,32.71,32.78,31.781
2016-10-19,32.81,32.62,32.93,32.491
2016-10-20,32.71,33.13,33.43,32.57
2016-10-21,33.13,32.78,33.13,32.461
2016-10-24,32.78,32.97,33.27,32.431
2016-10-25,32.82,32.93,33.11,32.79
2016-10-26,32.97,34.2,35.129,32.96
2016-10-27,33.92,33.66,34.05,33.53
2016-10-28,33.75,33.4,33.96,33.16
2016-10-31,33.28,32.83,33.28,32.551
2016-11-01,32.85,33.83,34.309,32.78
2016-11-02,33.62,33.37,35.179,33.29
2016-11-03,33.41,33.39,33.88,33.01
2016-11-04,33.35,33.47,33.74,33.18
2016-11-07,33.58,33.18,33.65,33.16
2016-11-08,33.28,33.18,33.58,32.98
2016-11-09,33.18,32.471,33.47,32.231
2016-11-10,32.74,32.9,32.97,32.63
2016-11-11,32.8,33.26,33.43,32.8
2016-11-14,33.31,33.75,33.95,33.29
2016-11-15,33.88,34.02,34.18,33.41
2016-11-16,34.08,33.78,34.849,33.74
2016-11-17,33.98,33.95,34.259,33.48
2016-11-18,33.86,33.8,34.13,33.53
2016-11-21,33.76,34.15,34.249,33.58
2016-11-22,34.06,34.709,34.939,34.06
2016-11-23,34.749,34.06,34.939,34.02
2016-11-24,33.88,33.42,34.279,33.4
2016-11-25,33.42,34.539,34.679,32.69
2016-11-28,34.379,34.569,34.809,34.249
2016-11-29,34.659,33.71,34.669,33.66
2016-11-30,33.68,35.449,35.559,33.68
2016-12-01,35.289,35.169,35.349,34.709
2016-12-02,34.989,33.74,35.099,33.63
2016-12-05,33.3,33.52,34.03,32.87
2016-12-06,33.69,33.07,33.86,32.98
2016-12-07,33.1,33.31,33.35,32.76
2016-12-08,33.47,32.531,33.51,32.481
2016-12-09,32.431,32.271,32.76,32.131
2016-12-12,32.271,29.043,32.471,29.043
2016-12-13,28.883,28.373,28.883,27.484
2016-12-14,28.553,27.663,28.573,27.583
2016-12-15,27.444,28.773,29.033,27.444
2016-12-16,28.593,30.172,30.282,28.483
2016-12-19,30.382,29.163,30.382,28.933
2016-12-20,29.163,30.052,30.272,29.163
2016-12-21,30.052,30.182,30.482,29.792
2016-12-22,30.182,29.972,31.521,29.682
2016-12-23,29.972,31.011,31.981,29.972
2016-12-26,31.281,29.542,31.281,27.913
2016-12-27,29.482,29.642,30.232,29.013
2016-12-28,29.432,28.933,29.622,28.873
2016-12-29,28.933,29.023,29.442,28.683
2016-12-30,29.013,29.063,29.532,28.683
2017-01-03,29.242,29.742,29.942,28.993
2017-01-04,29.782,30.022,30.062,29.572
2017-01-05,30.132,30.182,30.532,29.802
2017-01-06,28.983,29.712,30.532,28.983
2017-01-09,29.682,30.082,30.182,29.332
2017-01-10,30.082,29.982,30.442,29.742
2017-01-11,29.792,30.262,30.462,29.642
2017-01-12,30.062,29.382,30.562,29.262
2017-01-13,29.392,28.603,29.572,28.503
2017-01-16,28.513,26.284,28.983,25.745
2017-01-17,26.264,26.184,26.584,24.186
2017-01-18,25.785,25.165,25.845,24.895
2017-01-19,25.185,25.005,25.185,24.305
2017-01-20,25.085,25.485,25.984,24.795
2017-01-23,25.745,26.054,26.164,25.485
2017-01-24,26.364,25.665,26.364,25.565
2017-01-25,25.755,25.954,26.254,25.205
2017-01-26,25.895,26.194,26.634,25.755
2017-02-03,26.204,26.154,26.624,25.815
2017-02-06,25.904,26.834,26.964,25.885
2017-02-07,26.754,27.244,27.963,26.604
2017-02-08,27.054,27.164,27.284,26.494
2017-02-09,27.034,27.424,27.663,26.914
2017-02-10,27.314,27.224,27.573,26.884
2017-02-13,27.134,27.424,27.873,26.874
2017-02-14,27.204,27.114,27.514,27.034
2017-02-15,27.224,26.624,27.464,26.514
2017-02-16,26.384,26.334,26.874,26.044
2017-02-17,26.334,26.464,26.964,25.994
2017-02-20,26.564,26.564,26.664,25.994
2017-02-21,26.544,27.284,27.474,26.044
2017-02-22,27.933,28.123,29.862,27.933
2017-02-23,28.433,28.233,28.463,27.713
2017-02-24,27.963,28.213,28.373,27.853
2017-02-27,28.383,28.233,29.282,28.053
2017-02-28,28.393,27.953,28.423,27.663
2017-03-01,27.983,27.803,27.983,27.484
2017-03-02,27.833,27.623,27.943,27.603
2017-03-03,27.474,27.843,27.943,27.134
2017-03-06,27.983,28.663,28.773,27.653
2017-03-07,28.633,28.543,28.773,28.243
2017-03-08,28.863,28.263,28.863,28.103
2017-03-09,28.203,27.813,28.463,27.733
2017-03-10,27.813,27.743,27.953,27.693
2017-03-13,27.793,28.193,28.193,27.464
2017-03-14,28.183,27.993,28.303,27.903
2017-03-15,27.963,27.723,27.973,27.593
2017-03-16,27.983,28.313,28.383,27.783
2017-03-17,28.433,27.783,28.703,27.703
2017-03-20,27.484,27.933,28.113,27.484
2017-03-21,27.933,27.993,28.083,27.713
2017-03-22,27.983,27.683,28.273,27.564
2017-03-23,27.683,27.833,27.923,26.794
2017-03-24,27.873,27.873,27.903,27.164
2017-03-27,27.933,27.583,28.163,27.583
2017-03-28,27.394,27.593,27.833,27.394
2017-03-29,27.673,26.474,27.723,26.234
2017-03-30,25.984,25.435,26.824,25.415
2017-03-31,25.455,25.435,25.875,25.315
2017-04-05,25.305,26.164,26.174,25.305
2017-04-06,26.104,26.174,26.474,26.004
2017-04-07,26.084,26.064,26.344,26.014
2017-04-10,26.064,25.605,26.424,25.485
2017-04-11,25.605,25.885,25.944,25.335
2017-04-12,25.885,24.895,25.885,24.755
2017-04-13,24.845,25.235,25.924,24.835
2017-04-14,25.235,24.985,25.415,24.585
2017-04-17,24.875,22.986,24.875,22.567
2017-04-18,22.976,22.387,23.186,22.137
2017-04-19,22.277,21.717,22.287,21.207
2017-04-20,21.687,21.457,21.927,21.147
2017-04-21,21.587,21.577,21.857,21.267
2017-04-24,21.377,20.128,21.377,20.128
2017-04-25,20.298,20.578,20.818,20.288
2017-04-26,20.588,20.608,20.788,20.388
2017-04-27,20.668,21.217,21.367,20.058
2017-04-28,21.187,21.407,21.507,21.017
2017-05-02,21.377,21.467,21.807,21.327
2017-05-03,21.397,21.397,21.727,21.227
2017-05-04,21.397,21.617,21.987,21.237
2017-05-05,21.387,20.858,21.557,20.788
2017-05-08,20.638,20.818,21.267,20.598
2017-05-09,20.828,21.157,21.317,20.688
2017-05-10,21.207,20.598,21.477,20.538
2017-05-11,20.188,19.978,20.458,19.089
2017-05-12,19.938,19.358,19.938,19.119
2017-05-15,19.408,19.298,19.758,19.219
2017-05-16,19.368,20.188,20.208,18.999
2017-05-17,20.038,20.378,20.468,20.038
2017-05-18,20.378,20.568,20.768,20.168
2017-05-19,20.488,20.408,20.608,20.188
2017-05-22,20.208,19.468,20.428,19.308
2017-05-23,19.498,18.379,19.608,18.249
2017-05-24,18.389,18.789,18.859,18.079
2017-05-25,18.789,18.899,19.179,17.909
2017-05-26,18.859,18.909,18.989,18.709
2017-05-31,19.149,18.669,19.408,18.589
2017-06-01,18.589,17.29,18.589,17.2
2017-06-02,17.24,17.699,17.789,16.49
2017-06-05,17.589,17.769,18.049,17.5
2017-06-06,17.799,18.079,18.159,17.639
2017-06-07,18.019,18.589,18.749,17.989
2017-06-08,18.519,18.319,18.929,18.219
2017-06-09,18.239,18.889,18.889,17.999
2017-06-12,18.569,18.039,18.589,17.899
2017-06-13,17.889,18.409,18.619,17.829
2017-06-14,18.439,18.799,19.099,18.419
2017-06-15,18.849,19.288,19.638,18.779
2017-06-16,19.328,19.209,19.688,19.139
2017-06-19,19.388,19.478,19.528,19.169
2017-06-20,19.478,19.149,19.798,19.019
2017-06-21,19.169,19.278,19.518,19.069
2017-06-22,19.258,18.339,19.368,18.339
2017-06-23,18.329,18.419,18.439,17.739
2017-06-26,18.399,18.769,18.839,18.229
2017-06-27,18.779,18.689,19.039,18.559
2017-06-28,18.519,18.339,18.679,18.199
2017-06-29,18.359,18.539,18.759,18.359
2017-06-30,18.469,18.599,18.799,18.259
2017-07-03,18.579,18.939,18.999,18.489
2017-07-04,18.979,19.089,19.268,18.739
2017-07-05,19.099,19.109,19.179,18.889
2017-07-06,19.109,19.278,19.548,19.049
2017-07-07,19.268,19.278,19.328,19.039
2017-07-10,19.039,18.879,19.199,18.799
2017-07-11,18.889,18.289,19.169,18.289
2017-07-12,18.199,18.539,18.589,17.819
2017-07-13,18.429,18.349,18.519,18.199
2017-07-14,18.419,18.159,18.519,18.089
2017-07-17,18.04,16.34,18.09,16.34
2017-07-18,16.4,16.49,16.75,15.96
2017-07-19,16.49,16.53,16.59,16.09
2017-07-20,16.54,16.41,16.95,16.41
2017-07-21,16.31,16.38,16.76,16.25
2017-07-24,16.38,16.58,16.6,16.16
2017-07-25,16.52,16.65,16.67,16.36
2017-07-26,16.69,16.63,16.69,16.5
2017-07-27,16.43,17.49,17.7,16.39
2017-07-28,17.4,17.12,17.48,17.12
2017-07-31,17.17,17.13,17.31,17.1
2017-08-01,17.15,17.2,17.26,17.04
2017-08-02,17.2,16.98,17.25,16.87
2017-08-03,16.93,17.17,17.4,16.8
2017-08-04,17.18,17.06,17.28,17.03
2017-08-07,17.06,17.13,17.36,17.03
2017-08-08,17.13,17.32,17.35,16.72
2017-08-09,17.25,17.1,17.33,17.02
2017-08-10,17.09,16.75,17.18,16.71
2017-08-11,16.58,16.58,16.88,16.51
2017-08-14,16.6,17.24,17.24,16.55
2017-08-15,17.24,17.3,17.36,17.16
2017-08-16,17.23,17.75,17.84,17.1
2017-08-17,17.65,17.95,18.3,17.58
2017-08-18,17.77,17.69,17.88,17.5
2017-08-21,17.72,17.77,17.85,17.53
2017-08-22,17.77,17.61,17.91,17.55
2017-08-23,17.5,17.6,17.67,17.38
2017-08-24,17.6,17.42,17.63,17.3
2017-08-25,17.38,17.74,17.8,17.38
2017-08-28,17.73,18.2,18.29,17.71
2017-08-29,18.08,18.18,18.49,17.99
2017-08-30,18.19,18.09,18.34,18.02
2017-08-31,18.12,18.48,18.62,18.05
2017-09-01,18.49,18.84,19.5,18.05
2017-09-04,18.85,20.72,20.72,18.75
2017-09-05,20.85,21.29,21.78,20.35
2017-09-06,20.88,21.73,21.98,20.56
2017-09-07,21.62,21.13,21.85,20.97
2017-09-08,21.0,20.99,21.45,20.48
2017-09-11,20.94,20.93,21.12,20.75
2017-09-12,20.83,21.6,21.71,20.51
2017-09-13,21.21,21.16,21.49,20.81
2017-09-14,21.12,20.4,21.12,20.22
2017-09-15,20.42,20.24,20.43,20.06
2017-09-18,20.19,20.58,20.71,20.0
2017-09-19,20.55,20.28,20.84,20.21
2017-09-20,20.22,21.33,21.41,20.22
2017-09-21,21.17,21.8,23.11,21.16
2017-09-22,21.77,22.18,22.24,21.1
2017-09-25,22.0,20.86,22.29,20.6
2017-09-26,21.0,20.28,21.0,19.9
2017-09-27,20.19,20.43,20.61,20.16
2017-09-28,20.55,19.89,20.55,19.6
2017-09-29,19.79,20.28,20.49,19.71
2017-10-09,20.57,20.66,20.83,20.37
2017-10-10,20.66,21.37,21.58,20.45
2017-10-11,21.37,20.63,21.85,20.63
2017-10-12,20.71,20.87,20.99,20.38
2017-10-13,20.77,20.81,20.9,20.55
2017-10-16,21.0,20.25,21.46,20.2
2017-10-17,20.0,19.69,20.18,19.53
2017-10-18,19.75,19.71,20.35,19.7
2017-10-19,19.75,19.17,20.0,19.11
2017-10-20,19.14,19.42,19.46,18.81
2017-10-23,19.38,19.55,19.74,19.3
2017-10-24,19.56,19.14,19.6,18.82
2017-10-25,19.1,19.45,19.46,19.08
2017-10-26,19.4,19.7,19.97,19.25
2017-10-27,19.75,19.5,19.83,19.36
2017-10-30,19.4,17.93,19.58,17.92
2017-10-31,18.02,18.2,18.28,17.9
2017-11-01,18.31,18.14,18.43,18.12
2017-11-02,18.28,18.16,18.28,17.7
2017-11-03,18.0,19.98,19.98,18.0
2017-11-06,20.1,20.58,20.95,19.99
2017-11-07,20.31,20.55,20.56,19.78
2017-11-08,20.57,20.26,20.78,20.12
2017-11-09,20.3,21.33,21.87,20.04
2017-11-10,21.0,21.1,21.39,20.8
2017-11-13,21.04,21.64,22.0,20.33
2017-11-14,21.65,20.73,21.68,20.68
2017-11-15,20.64,21.51,22.8,20.53
2017-11-16,21.8,21.2,22.65,21.1
2017-11-17,20.8,22.7,23.32,20.1
2017-11-20,22.32,22.68,23.36,21.88
2017-11-21,22.2,23.82,24.35,22.2
2017-11-22,23.44,23.99,24.0,23.04
2017-11-23,23.41,21.59,23.88,21.59
2017-11-24,21.6,20.79,21.97,20.56
2017-11-27,20.86,19.5,21.0,19.35
2017-11-28,19.47,20.16,20.2,19.36
2017-11-29,20.01,19.85,20.44,19.64
2017-11-30,19.88,20.09,20.35,19.51
2017-12-01,20.01,20.78,20.97,19.81
2017-12-04,20.66,20.73,20.98,20.2
2017-12-05,20.49,18.9,20.76,18.66
2017-12-06,18.73,19.62,19.66,18.37
2017-12-07,19.4,19.54,19.79,19.35
2017-12-08,19.4,19.97,20.11,19.4
2017-12-11,20.0,20.02,20.27,19.83
2017-12-12,20.02,19.6,20.39,19.52
2017-12-13,19.61,20.18,20.29,19.55
2017-12-14,20.51,21.37,22.2,20.51
2017-12-15,21.54,21.74,21.84,21.12
2017-12-18,21.7,21.38,21.7,20.88
2017-12-19,21.3,21.43,21.74,21.15
2017-12-20,21.28,20.87,21.49,20.63
2017-12-21,20.87,20.69,20.89,19.57
2017-12-22,20.47,19.93,20.69,19.9
2017-12-25,19.75,19.4,20.08,19.15
2017-12-26,19.43,20.11,20.11,19.43
2017-12-27,19.95,19.7,20.0,19.53
2017-12-28,19.66,20.17,20.22,19.5
2017-12-29,20.01,20.15,20.38,20.0
2018-01-02,20.17,20.17,20.27,19.6
2018-01-03,20.03,20.75,20.75,19.81
2018-01-04,20.6,20.63,20.75,20.33
2018-01-05,20.6,19.95,20.76,19.88
2018-01-08,19.88,19.27,19.88,19.14
2018-01-09,19.25,19.37,19.55,19.13
2018-01-10,19.37,18.94,19.37,18.58
2018-01-11,18.84,19.23,19.44,18.63
2018-01-12,19.05,19.16,19.7,19.05
2018-01-15,19.16,17.91,19.3,17.87
2018-01-16,17.96,17.94,18.21,17.92
2018-01-17,17.91,18.12,18.13,16.9
2018-01-18,17.99,17.78,18.1,17.59
2018-01-19,17.73,17.15,17.88,17.15
2018-01-22,17.04,17.4,17.44,16.45
2018-01-23,17.3,17.41,17.5,17.15
2018-01-24,17.4,17.84,17.98,17.3
2018-01-25,17.92,17.75,18.36,17.66
2018-01-26,17.61,17.68,17.88,17.55
2018-01-29,17.64,17.0,17.73,16.93
2018-01-30,17.08,17.06,17.18,16.82
2018-01-31,15.35,15.35,15.74,15.35
2018-02-01,13.82,13.82,14.39,13.82
2018-02-02,12.51,12.77,13.29,12.51
2018-02-05,12.4,12.51,12.94,12.16
2018-02-06,12.15,11.42,12.59,11.4
2018-02-07,11.75,11.72,11.83,11.11
2018-02-08,11.63,12.28,12.57,11.63
2018-02-09,11.99,12.11,12.2,11.69
2018-02-12,12.33,12.29,12.54,12.21
2018-02-13,12.45,12.2,12.45,12.02
2018-02-14,12.07,11.94,12.29,11.7
2018-02-22,11.95,12.29,12.35,11.88
2018-02-23,12.25,12.35,12.55,12.21
2018-02-26,12.36,12.83,12.89,12.27
2018-02-27,12.8,13.07,13.75,12.72
2018-02-28,12.99,13.08,13.19,12.68
2018-03-01,12.85,13.52,13.65,12.84
2018-03-02,13.35,13.25,13.65,13.12
2018-03-05,13.3,13.6,13.68,13.03
2018-03-06,13.48,13.64,14.06,13.31
2018-03-07,13.63,13.39,13.63,13.26
2018-03-08,13.38,13.8,13.86,13.32
2018-03-09,13.85,14.5,14.6,13.62
2018-03-12,14.41,14.75,14.85,14.32
2018-03-13,14.68,14.47,14.8,14.35
2018-03-14,14.42,14.3,14.54,14.17
2018-03-15,14.13,13.86,14.16,13.42
2018-03-16,13.8,13.7,14.03,13.7
2018-03-19,13.7,14.07,14.18,13.61
2018-03-20,13.83,14.17,14.26,13.7
2018-03-21,14.17,14.19,14.35,14.09
2018-03-22,14.17,14.04,14.28,13.85
2018-03-23,13.4,12.64,13.69,12.64
2018-03-26,12.04,12.65,12.67,11.8
2018-03-27,12.7,13.1,13.13,12.66
2018-03-28,12.84,13.1,13.31,12.81
2018-03-29,13.15,14.41,14.41,13.15
2018-03-30,15.04,14.63,15.3,14.4
2018-04-02,14.66,14.43,14.8,14.31
2018-04-03,14.17,14.24,14.38,14.0
2018-04-04,14.42,13.7,14.54,13.64
2018-04-09,13.69,14.0,14.0,13.12
2018-04-10,13.96,14.28,14.49,13.96
2018-04-11,14.4,14.69,15.5,14.21
2018-04-12,14.44,14.5,14.99,14.33
2018-04-13,14.57,14.54,14.75,14.45
2018-04-16,14.42,14.07,14.45,14.02
2018-04-17,14.16,13.34,14.38,13.3
2018-04-18,13.43,13.72,13.93,13.1
2018-04-19,13.7,14.51,14.99,13.6
2018-04-20,14.33,14.1,14.51,14.01
2018-04-23,14.14,13.97,14.88,13.6
2018-04-24,13.83,14.7,14.7,13.72
2018-04-25,14.51,15.08,15.29,14.51
2018-04-26,14.94,14.69,15.06,14.55
2018-04-27,14.75,14.9,15.98,14.71
2018-05-02,14.98,14.58,15.0,14.08
2018-05-03,14.5,14.53,14.66,13.81
2018-05-04,14.61,15.98,15.98,14.52
2018-05-07,16.56,16.2,16.97,15.76
2018-05-08,15.76,15.88,16.15,15.76
2018-05-09,15.77,16.32,17.05,15.53
2018-05-10,16.54,16.92,17.35,16.3
2018-05-11,17.05,16.1,17.05,15.98
2018-05-14,15.9,15.78,16.15,15.58
2018-05-15,15.78,16.08,16.13,15.78
2018-05-16,15.93,15.49,15.94,15.49
2018-05-17,15.34,15.54,15.68,15.34
2018-05-18,15.44,15.88,15.92,15.4
2018-05-21,15.89,15.98,16.15,15.8
2018-05-22,16.01,15.84,16.01,15.51
2018-05-23,15.69,15.42,15.7,15.4
2018-05-24,15.44,15.57,15.86,15.32
2018-05-25,15.43,15.18,15.7,15.15
