date,open,close,high,low
2016-01-04,17.118,15.648,17.404,15.619
2016-01-05,14.898,15.796,16.23,14.8
2016-01-06,16.22,16.211,16.26,15.49
2016-01-07,16.003,14.731,16.003,14.602
2016-01-08,14.898,14.721,15.362,14.287
2016-01-11,14.366,13.251,14.385,13.251
2016-01-12,12.965,13.783,13.783,12.688
2016-01-13,13.616,13.418,13.971,13.399
2016-01-14,12.876,14.563,14.76,12.876
2016-01-15,14.415,14.306,14.691,13.616
2016-01-18,13.813,14.415,14.454,13.803
2016-01-19,14.405,14.602,14.76,13.961
2016-01-20,14.504,14.089,14.691,13.971
2016-01-21,13.853,13.024,14.168,13.024
2016-01-22,13.172,12.629,13.32,12.017
2016-01-25,12.678,12.501,12.994,12.382
2016-01-26,12.412,11.248,12.491,11.248
2016-01-27,11.268,10.853,11.366,10.123
2016-01-28,10.685,10.36,10.942,10.34
2016-01-29,10.31,10.922,11.1,10.31
2016-02-01,10.863,10.794,11.041,10.557
2016-02-02,10.893,11.416,11.485,10.853
2016-02-03,11.248,11.504,11.642,11.06
2016-02-04,11.544,11.8,11.919,11.297
2016-02-05,11.86,11.564,12.017,11.494
2016-02-15,11.346,11.761,11.85,11.001
2016-02-16,11.741,12.146,12.284,11.741
2016-02-17,12.155,12.264,12.323,11.958
2016-02-18,12.294,12.185,12.451,12.106
2016-02-19,12.067,12.382,12.422,12.057
2016-02-22,12.54,12.688,12.807,12.481
2016-02-23,12.797,12.767,12.817,12.432
2016-02-24,12.659,12.817,12.915,12.432
2016-02-25,12.826,11.534,12.836,11.534
2016-02-26,11.554,11.583,11.82,11.179
2016-02-29,11.366,10.458,11.544,10.429
2016-03-01,10.458,10.597,10.932,10.31
2016-03-02,10.725,11.228,11.386,10.656
2016-03-03,11.228,11.258,11.534,11.179
2016-03-04,11.139,10.656,11.514,10.567
2016-03-07,10.705,11.041,11.208,10.705
2016-03-08,11.05,11.386,11.425,10.261
2016-03-09,11.149,11.198,11.386,11.1
2016-03-10,11.287,10.972,11.445,10.952
2016-03-11,10.824,11.12,11.208,10.597
2016-03-14,11.179,11.494,11.781,11.179
2016-03-15,11.494,11.514,11.741,11.455
2016-03-16,11.79,11.623,11.938,11.376
2016-03-17,11.623,12.333,12.442,11.544
2016-03-18,12.254,12.747,12.807,12.254
2016-03-21,12.826,12.955,12.984,12.639
2016-03-22,12.807,12.747,12.935,12.678
2016-03-23,12.649,12.826,12.876,12.58
2016-03-24,12.797,12.599,12.965,12.59
2016-03-25,12.56,12.797,12.817,12.491
2016-03-28,12.728,12.708,13.132,12.639
2016-03-29,12.57,12.234,12.708,12.086
2016-03-30,12.511,13.073,13.122,12.323
2016-03-31,13.201,13.063,13.369,12.846
2016-04-01,12.945,12.974,13.043,12.659
2016-04-05,13.014,13.478,13.566,12.935
2016-04-06,13.369,13.586,13.744,13.369
2016-04-07,13.547,13.261,13.744,13.132
2016-04-08,13.053,13.103,13.261,12.895
2016-04-11,13.418,13.635,13.813,13.034
2016-04-12,13.665,13.872,13.882,13.517
2016-04-13,13.931,13.793,14.218,13.764
2016-04-14,13.902,14.178,14.405,13.724
2016-04-15,14.139,14.139,14.287,14.05
2016-04-18,14.109,13.892,14.109,13.645
2016-04-19,13.961,14.05,14.07,13.803
2016-04-20,14.01,13.201,14.099,12.895
2016-04-21,12.984,13.073,13.389,12.984
2016-04-22,13.053,13.113,13.221,12.856
2016-04-25,13.103,12.974,13.103,12.609
2016-04-26,12.876,13.3,13.32,12.876
2016-04-27,13.349,13.3,13.507,13.172
2016-04-28,13.349,13.28,13.458,12.876
2016-04-29,13.211,13.438,13.645,12.984
2016-05-03,13.369,13.912,13.961,13.221
2016-05-04,13.912,13.734,14.129,13.675
2016-05-05,13.635,13.991,14.04,13.635
2016-05-06,14.05,13.557,14.099,13.418
2016-05-09,13.182,13.754,14.06,13.182
2016-05-10,13.507,13.774,14.01,13.122
2016-05-11,13.764,14.07,14.079,13.28
2016-05-12,13.862,13.438,13.862,13.073
2016-05-13,13.172,13.339,13.606,13.014
2016-05-16,13.705,13.399,13.705,13.122
2016-05-17,13.339,13.409,13.557,13.122
2016-05-18,13.32,12.826,13.33,12.481
2016-05-19,12.807,12.826,13.122,12.56
2016-05-20,12.728,13.083,13.201,12.59
2016-05-23,13.083,14.395,14.395,13.083
2016-05-24,14.425,14.475,14.564,14.286
2016-05-25,14.455,14.386,14.693,14.187
2016-05-26,14.266,14.534,14.564,13.681
2016-05-27,14.386,14.217,14.643,14.098
2016-05-30,13.959,13.969,14.257,13.671
2016-05-31,14.009,14.405,15.03,13.949
2016-06-01,14.386,15.08,15.08,14.098
2016-06-02,14.882,15.199,15.328,14.683
2016-06-03,15.07,14.812,15.149,14.693
2016-06-06,14.733,14.782,14.921,14.594
2016-06-07,14.832,14.812,15.04,14.505
2016-06-08,14.772,15.011,15.13,14.634
2016-06-13,14.832,14.395,15.626,14.386
2016-06-14,14.078,14.058,14.346,13.681
2016-06-15,14.028,14.772,14.812,13.86
2016-06-16,14.574,14.554,14.822,14.386
2016-06-17,14.574,15.219,15.278,14.485
2016-06-20,15.09,15.12,15.259,14.733
2016-06-21,15.199,14.614,15.417,14.445
2016-06-22,14.495,15.001,15.07,14.435
2016-06-23,15.03,14.584,15.03,14.485
2016-06-24,14.733,14.286,14.733,13.889
2016-06-27,14.286,14.762,14.792,14.187
2016-06-28,14.634,14.931,15.05,14.634
2016-06-29,15.05,14.882,15.05,14.822
2016-06-30,14.961,15.268,15.368,14.882
2016-07-01,15.378,15.04,15.576,14.921
2016-07-04,14.882,15.259,15.487,14.882
2016-07-05,15.308,15.139,15.378,14.961
2016-07-06,15.139,15.189,15.417,15.09
2016-07-07,15.219,15.755,15.874,15.09
2016-07-08,15.655,15.507,15.804,15.497
2016-07-11,15.516,15.616,16.151,15.427
2016-07-12,15.765,15.774,15.774,15.358
2016-07-13,15.735,16.27,16.35,15.606
2016-07-14,16.251,16.32,16.419,15.953
2016-07-15,16.32,16.776,17.034,16.29
2016-07-18,16.677,16.876,17.253,16.469
2016-07-19,17.005,18.562,18.562,16.519
2016-07-20,18.582,19.544,20.408,18.175
2016-07-21,19.237,19.406,20.338,18.82
2016-07-22,19.068,18.81,19.227,18.661
2016-07-25,18.255,17.65,18.294,17.054
2016-07-26,17.729,18.404,18.612,17.56
2016-07-27,18.81,17.134,18.81,16.945
2016-07-28,17.332,18.85,18.85,17.213
2016-07-29,18.85,18.79,19.148,18.602
2016-08-01,18.85,18.751,19.247,17.937
2016-08-02,18.79,18.751,18.79,18.086
2016-08-03,18.503,18.275,18.731,18.255
2016-08-04,18.503,17.858,18.86,17.858
2016-08-05,17.798,17.263,18.027,17.203
2016-08-08,17.491,17.491,17.659,17.163
2016-08-09,17.659,17.769,17.967,17.61
2016-08-10,17.927,18.354,18.404,17.858
2016-08-11,18.354,18.354,19.048,18.076
2016-08-12,18.344,18.532,19.425,17.917
2016-08-15,18.374,18.919,19.237,18.364
2016-08-16,18.82,20.794,20.814,17.759
2016-08-17,19.048,18.711,19.842,18.711
2016-08-18,17.957,17.64,18.344,17.56
2016-08-19,17.61,17.64,17.848,17.56
2016-08-22,17.243,17.044,17.471,16.876
2016-08-23,17.015,16.965,17.173,16.876
2016-08-24,17.015,16.935,17.064,16.737
2016-08-25,17.005,18.632,18.632,16.965
2016-08-26,18.691,17.56,19.525,17.54
2016-08-29,17.193,17.838,18.404,17.034
2016-08-30,17.838,17.372,17.907,17.362
2016-08-31,17.392,17.64,17.739,17.114
2016-09-01,17.61,17.312,17.61,17.273
2016-09-02,17.213,17.233,17.342,16.995
2016-09-05,17.233,17.084,17.411,17.054
2016-09-06,17.034,17.441,17.62,17.034
2016-09-07,17.312,19.187,19.187,17.203
2016-09-08,19.207,20.417,21.082,19.029
2016-09-09,19.743,19.713,20.467,19.445
2016-09-12,19.346,20.755,21.687,19.257
2016-09-13,20.646,22.828,22.828,20.209
2016-09-14,22.511,22.223,23.711,22.045
2016-09-19,22.422,23.314,24.187,21.796
2016-09-20,23.275,23.086,24.009,22.322
2016-09-21,23.076,23.86,24.445,22.838
2016-09-22,23.642,25.467,25.993,23.642
2016-09-23,25.447,22.918,25.447,22.918
2016-09-26,20.834,20.626,21.429,20.626
2016-09-27,20.338,20.616,21.459,19.852
2016-09-28,20.556,19.892,20.576,19.644
2016-09-29,19.892,19.733,20.507,19.366
2016-09-30,19.832,19.654,20.021,19.525
2016-10-10,20.09,19.763,20.298,19.753
2016-10-11,19.723,19.763,19.852,19.574
2016-10-12,19.743,19.614,19.961,19.148
2016-10-13,19.534,19.435,19.683,19.346
2016-10-14,19.396,20.199,20.785,19.296
2016-10-17,19.941,19.564,20.021,19.475
2016-10-18,19.396,19.048,19.544,18.652
2016-10-19,19.108,19.554,19.723,18.949
2016-10-20,19.554,19.415,19.554,19.148
2016-10-21,19.465,19.723,19.971,19.267
2016-10-24,19.842,20.13,20.16,19.654
2016-10-25,20.04,20.259,20.328,19.743
2016-10-26,20.09,19.931,20.338,19.842
2016-10-27,19.852,19.475,19.892,19.406
2016-10-28,19.425,19.167,19.644,19.158
2016-10-31,19.167,18.314,19.167,18.165
2016-11-01,18.304,18.562,18.582,18.205
2016-11-02,18.523,17.977,18.542,17.848
2016-11-03,18.007,18.374,18.592,17.937
2016-11-04,18.324,18.175,18.453,18.136
2016-11-07,18.155,18.215,18.503,18.116
2016-11-08,18.364,18.443,18.503,18.225
2016-11-09,18.453,18.056,18.582,17.858
2016-11-10,18.245,18.433,18.463,18.086
2016-11-11,18.394,18.681,18.761,18.215
2016-11-14,18.671,18.711,18.959,18.483
2016-11-15,18.731,19.068,19.138,18.523
2016-11-16,19.078,18.87,19.286,18.85
2016-11-17,18.88,18.453,18.89,18.314
2016-11-18,18.453,18.453,18.79,18.384
2016-11-21,18.453,18.542,18.622,18.304
2016-11-22,19.118,20.398,20.398,19.118
2016-11-23,20.288,19.941,20.288,19.485
2016-11-24,19.683,20.09,20.308,19.544
2016-11-25,19.941,19.435,20.001,19.009
2016-11-28,19.227,18.86,19.435,18.86
2016-11-29,18.751,18.116,18.751,18.056
2016-11-30,18.056,18.155,18.334,17.858
2016-12-01,18.155,18.126,18.294,18.036
2016-12-02,18.126,17.084,18.175,16.925
2016-12-05,16.876,17.253,17.362,16.767
2016-12-06,17.332,17.223,17.332,17.163
2016-12-07,17.144,17.481,17.521,17.094
2016-12-08,17.411,17.322,17.56,17.263
2016-12-09,17.233,17.282,17.411,17.173
2016-12-12,17.282,15.556,17.352,15.556
2016-12-13,15.576,15.407,15.665,14.872
2016-12-14,15.358,15.189,15.487,15.12
2016-12-15,15.06,15.477,15.715,14.931
2016-12-16,15.477,15.913,16.241,15.328
2016-12-19,15.874,15.636,15.953,15.596
2016-12-20,15.665,16.102,16.251,15.665
2016-12-21,16.181,16.211,16.33,16.052
2016-12-22,16.261,16.171,16.36,15.884
2016-12-23,16.082,15.884,16.201,15.774
2016-12-26,15.913,16.201,16.241,15.655
2016-12-27,16.201,16.231,16.419,16.102
2016-12-28,16.667,16.062,16.667,16.013
2016-12-29,16.132,16.142,16.32,16.022
2016-12-30,16.132,16.092,16.221,16.022
2017-01-03,16.082,16.548,16.588,16.082
2017-01-04,16.598,16.657,16.747,16.439
2017-01-05,16.747,16.816,17.044,16.598
2017-01-06,16.697,16.409,16.747,16.399
2017-01-09,16.37,16.628,16.707,16.28
2017-01-10,16.687,16.469,16.816,16.37
2017-01-11,16.588,16.38,16.618,16.28
2017-01-12,16.3,16.132,16.499,16.132
2017-01-13,16.132,15.516,16.241,15.497
2017-01-16,15.209,14.604,15.457,14.048
2017-01-17,14.604,14.703,14.862,13.889
2017-01-18,14.693,14.286,14.703,14.247
2017-01-19,14.306,15.715,15.715,13.919
2017-01-20,15.784,15.695,16.251,15.477
2017-01-23,15.685,15.487,15.695,15.417
2017-01-24,15.417,15.358,15.665,15.338
2017-01-25,15.209,15.199,15.507,15.1
2017-01-26,15.249,15.308,15.417,15.001
2017-02-03,15.268,15.298,15.378,15.139
2017-02-06,15.328,15.546,15.556,15.199
2017-02-07,15.546,15.378,15.546,15.298
2017-02-08,15.378,15.626,15.675,15.06
2017-02-09,15.516,15.665,15.834,15.507
2017-02-10,15.774,15.467,15.844,15.447
2017-02-13,15.477,15.606,15.755,15.288
2017-02-14,15.616,15.477,15.626,15.427
2017-02-15,15.388,15.348,15.596,15.338
2017-02-16,15.358,15.556,15.576,15.338
2017-02-17,15.566,15.149,15.655,15.139
2017-02-20,15.139,15.338,15.338,15.09
2017-02-21,15.358,15.546,15.596,15.268
2017-02-22,15.645,15.774,15.774,15.487
2017-02-23,15.765,15.705,15.824,15.536
2017-02-24,15.705,15.834,16.032,15.487
2017-02-27,15.834,15.675,15.993,15.586
2017-02-28,15.705,15.784,15.854,15.675
2017-03-01,15.774,15.844,15.963,15.675
2017-03-02,15.874,15.636,15.903,15.616
2017-03-03,15.596,15.665,15.774,15.507
2017-03-06,15.725,15.973,15.973,15.675
2017-03-07,16.082,16.052,16.35,16.013
2017-03-08,15.973,16.042,16.171,15.884
2017-03-09,15.983,15.774,16.042,15.745
2017-03-10,15.685,15.675,15.893,15.626
2017-03-13,15.655,15.824,15.844,15.477
2017-03-14,15.755,15.814,15.953,15.755
2017-03-15,15.784,15.814,15.893,15.735
2017-03-16,15.854,16.013,16.052,15.765
2017-03-17,16.052,15.814,16.082,15.774
2017-03-20,15.755,16.042,16.042,15.745
2017-03-21,16.042,16.102,16.132,15.943
2017-03-22,16.042,15.913,16.062,15.725
2017-03-23,16.003,16.181,16.241,15.903
2017-03-24,16.211,16.191,16.251,16.022
2017-03-27,15.943,14.911,15.943,14.852
2017-03-28,14.882,14.921,15.011,14.792
2017-03-29,14.832,14.435,14.951,14.425
2017-03-30,14.495,13.78,14.505,13.78
2017-03-31,13.87,13.81,14.018,13.612
2017-04-05,13.889,14.118,14.167,13.691
2017-04-06,14.088,14.217,14.356,14.018
2017-04-07,14.266,14.167,14.366,14.167
2017-04-10,14.167,13.691,14.237,13.542
2017-04-11,13.721,13.8,13.87,13.393
2017-04-12,13.691,13.681,13.82,13.622
2017-04-13,13.641,13.721,13.82,13.641
2017-04-14,13.721,13.542,13.76,13.503
2017-04-17,13.622,13.126,13.622,13.046
2017-04-18,13.126,12.6,13.245,12.401
2017-04-19,12.689,12.352,12.689,12.163
2017-04-20,12.272,12.153,12.401,12.034
2017-04-21,12.183,12.173,12.342,12.133
2017-04-24,12.104,11.707,12.104,11.489
2017-04-25,11.637,11.836,11.955,11.637
2017-04-26,11.816,11.885,11.955,11.816
2017-04-27,11.875,12.183,12.252,11.608
2017-04-28,12.104,12.262,12.302,12.054
2017-05-02,12.292,12.342,12.391,12.163
2017-05-03,12.272,12.213,12.401,12.124
2017-05-04,12.203,12.143,12.362,12.064
2017-05-05,12.143,12.054,12.243,11.935
2017-05-08,11.965,11.657,12.024,11.608
2017-05-09,11.657,12.004,12.014,11.489
2017-05-10,12.034,11.786,12.203,11.766
2017-05-11,11.727,11.598,11.806,11.27
2017-05-12,11.548,11.627,11.776,11.419
2017-05-15,11.627,11.608,11.776,11.588
2017-05-16,11.637,11.856,11.866,11.34
2017-05-17,11.846,12.024,12.133,11.826
2017-05-18,11.995,12.064,12.262,11.846
2017-05-19,12.064,12.114,12.183,11.955
2017-05-22,12.034,11.568,12.104,11.489
2017-05-23,11.429,10.864,11.538,10.834
2017-05-24,10.645,11.181,11.28,10.596
2017-05-25,11.131,11.508,11.786,10.973
2017-05-26,11.479,11.3,11.637,11.151
2017-05-31,11.459,11.171,11.538,11.151
2017-06-01,11.062,10.635,11.161,10.625
2017-06-02,10.526,10.735,10.903,10.487
2017-06-05,10.764,10.943,10.973,10.764
2017-06-06,10.883,11.022,11.062,10.804
2017-06-07,11.022,11.3,11.36,11.022
2017-06-08,11.3,11.221,11.786,11.201
2017-06-09,11.231,11.3,11.409,11.112
2017-06-12,11.29,11.0,11.29,10.96
2017-06-13,10.98,11.47,11.88,10.97
2017-06-14,11.33,11.46,11.49,11.22
2017-06-15,11.44,11.68,11.83,11.37
2017-06-16,11.74,11.85,11.96,11.64
2017-06-19,11.81,11.84,11.89,11.7
2017-06-20,11.81,11.76,11.9,11.75
2017-06-21,11.73,11.68,11.85,11.61
2017-06-22,11.69,11.37,11.77,11.33
2017-06-23,11.59,11.55,11.59,11.33
2017-06-26,11.55,11.61,11.64,11.43
2017-06-27,11.61,11.58,11.72,11.5
2017-06-28,11.59,11.44,11.59,11.35
2017-06-29,11.38,11.5,11.59,11.38
2017-06-30,11.44,11.52,11.55,11.37
2017-07-03,11.52,11.67,11.67,11.44
2017-07-04,11.67,11.7,11.72,11.61
2017-07-05,11.71,11.83,11.85,11.59
2017-07-06,11.8,11.75,11.9,11.71
2017-07-07,11.85,11.77,11.85,11.7
2017-07-10,11.73,11.49,11.73,11.48
2017-07-11,11.4,11.2,11.48,11.17
2017-07-12,11.18,11.03,11.24,10.91
2017-07-13,11.04,11.02,11.16,10.98
2017-07-14,11.02,11.0,11.14,10.75
2017-07-17,10.93,10.1,10.93,9.9
2017-07-18,10.06,10.25,10.27,9.88
2017-07-19,10.22,10.3,10.33,10.01
2017-07-20,10.3,10.6,10.63,10.23
2017-07-21,10.52,10.6,10.63,10.48
2017-07-24,10.51,10.56,10.6,10.42
2017-07-25,10.51,10.53,10.62,10.45
2017-07-26,10.53,10.41,10.57,10.4
2017-07-27,10.4,10.85,10.88,10.4
2017-07-28,10.86,10.92,11.12,10.73
2017-07-31,10.87,10.8,10.89,10.64
2017-08-01,10.85,10.63,10.85,10.56
2017-08-02,10.6,10.43,10.63,10.41
2017-08-03,10.42,10.6,10.7,10.41
2017-08-04,10.59,10.51,10.64,10.46
2017-08-07,10.51,10.55,10.63,10.49
2017-08-08,10.63,10.65,10.67,10.51
2017-08-09,10.68,10.63,10.68,10.56
2017-08-10,10.64,10.48,10.65,10.45
2017-08-11,10.45,10.43,10.65,10.4
2017-08-14,10.39,10.6,10.64,10.38
2017-08-15,10.6,10.66,10.7,10.58
2017-08-16,10.7,10.8,10.92,10.61
2017-08-17,10.74,10.76,10.87,10.73
2017-08-18,10.76,10.62,10.84,10.59
2017-08-21,10.64,10.82,10.82,10.62
2017-08-22,10.82,10.7,10.84,10.64
2017-08-23,10.67,10.59,10.72,10.58
2017-08-24,10.6,10.46,10.65,10.41
2017-08-25,10.42,10.7,10.7,10.41
2017-08-28,11.19,11.2,11.44,11.18
2017-08-29,11.06,11.01,11.22,11.0
2017-08-30,10.96,10.87,11.0,10.85
2017-08-31,10.85,11.0,11.1,10.85
2017-09-01,11.01,10.95,11.04,10.85
2017-09-04,10.96,10.93,10.98,10.84
2017-09-05,10.92,11.0,11.01,10.9
2017-09-06,10.95,11.09,11.1,10.92
2017-09-07,11.15,10.94,11.15,10.91
2017-09-08,10.93,10.99,11.02,10.93
2017-09-11,10.91,11.22,11.23,10.91
2017-09-12,11.24,11.09,11.25,11.07
2017-09-13,11.06,11.19,11.22,11.06
2017-09-14,11.22,11.15,11.25,11.06
2017-09-15,11.06,11.03,11.13,10.94
2017-09-18,10.95,11.15,11.18,10.93
2017-09-19,11.07,11.24,11.24,11.07
2017-09-20,11.25,11.26,11.28,11.18
2017-09-21,11.35,11.2,11.35,11.18
2017-09-22,11.23,11.09,11.23,11.08
2017-09-25,11.05,10.86,11.09,10.84
2017-09-26,10.83,10.79,10.92,10.76
2017-09-27,10.81,10.94,10.95,10.79
2017-09-28,10.88,10.87,11.0,10.81
2017-09-29,10.89,10.99,11.0,10.81
2017-10-09,11.07,11.11,11.17,11.05
2017-10-10,11.13,11.27,11.27,11.07
2017-10-11,11.3,11.19,11.59,11.19
2017-10-12,11.19,11.2,11.26,11.13
2017-10-13,11.26,11.29,11.33,11.16
2017-10-16,11.15,10.78,11.2,10.73
2017-10-17,10.82,10.95,11.07,10.79
2017-10-18,10.94,10.62,10.98,10.62
2017-10-19,10.61,10.5,10.7,10.47
2017-10-20,10.56,10.72,10.73,10.53
2017-10-23,10.7,10.81,10.85,10.66
2017-10-24,10.85,10.7,10.85,10.67
2017-10-25,10.66,10.98,11.03,10.66
2017-10-26,11.02,10.92,11.02,10.85
2017-10-27,10.97,10.86,10.97,10.76
2017-10-30,10.71,10.43,10.83,10.37
2017-10-31,10.37,10.45,10.5,10.34
2017-11-01,10.49,10.37,10.49,10.35
2017-11-02,10.44,10.16,10.46,10.13
2017-11-03,10.17,10.65,10.73,9.99
2017-11-06,10.3,10.3,10.38,10.11
2017-11-07,10.28,10.25,10.3,10.17
2017-11-08,10.25,10.24,10.33,10.22
2017-11-09,10.23,10.28,10.3,10.21
2017-11-10,10.24,10.24,10.29,10.19
2017-11-13,10.25,10.23,10.27,10.18
2017-11-14,10.23,10.41,10.68,10.16
2017-11-15,10.32,10.19,10.32,10.18
2017-11-16,10.23,10.3,10.35,10.09
2017-11-17,10.23,9.86,10.27,9.8
2017-11-20,9.8,9.7,9.81,9.57
2017-11-21,9.7,9.64,9.75,9.58
2017-11-22,9.6,9.62,9.78,9.6
2017-11-23,9.67,9.53,9.67,9.5
2017-11-24,9.5,9.45,9.55,9.42
2017-11-27,9.39,9.22,9.47,9.2
2017-11-28,9.22,9.33,9.36,9.22
2017-11-29,9.39,9.16,9.39,9.08
2017-11-30,9.15,9.17,9.25,9.11
2017-12-01,9.12,9.28,9.32,9.12
2017-12-04,9.26,9.04,9.28,9.0
2017-12-05,9.09,8.75,9.09,8.54
2017-12-06,8.74,8.8,8.8,8.59
2017-12-07,8.8,8.72,8.85,8.66
2017-12-08,8.75,8.89,9.06,8.73
2017-12-11,8.8,8.89,8.94,8.8
2017-12-12,8.88,8.79,8.93,8.76
2017-12-13,8.93,8.85,8.93,8.8
2017-12-14,8.88,8.84,9.0,8.79
2017-12-15,8.88,9.0,9.05,8.8
2017-12-18,9.0,8.82,9.05,8.75
2017-12-19,8.77,8.89,8.95,8.77
2017-12-20,8.89,8.88,8.94,8.83
2017-12-21,8.84,8.79,8.85,8.72
2017-12-22,8.74,8.73,8.83,8.54
2017-12-25,8.63,8.42,8.7,8.34
2017-12-26,8.38,8.45,8.45,8.21
2017-12-27,8.45,8.47,8.52,8.43
2017-12-28,8.4,8.53,8.59,8.36
2017-12-29,8.6,8.9,9.02,8.25
2018-01-02,8.87,8.97,9.0,8.81
2018-01-03,9.0,8.98,9.06,8.95
2018-01-04,8.91,9.1,9.2,8.91
2018-01-05,9.07,8.98,9.13,8.96
2018-01-08,9.0,8.92,9.0,8.91
2018-01-09,8.97,8.82,9.02,8.38
2018-01-10,8.83,8.71,8.92,8.65
2018-01-11,8.8,8.93,8.95,8.71
2018-01-12,8.95,8.75,8.97,8.71
2018-01-15,8.74,8.52,8.81,8.52
2018-01-16,8.47,8.59,8.7,8.47
2018-01-17,8.56,8.59,8.64,8.49
2018-01-18,8.61,8.72,8.99,8.56
2018-01-19,8.7,8.69,8.92,8.63
2018-01-22,8.64,8.71,8.76,8.51
2018-01-23,8.75,8.73,8.9,8.71
2018-01-24,8.67,8.86,8.91,8.62
2018-01-25,8.75,8.69,8.87,8.69
2018-01-26,8.62,8.65,8.75,8.56
2018-01-29,8.65,8.61,8.71,8.6
2018-01-30,8.63,8.6,8.65,8.52
2018-01-31,8.6,8.26,8.6,8.23
2018-02-01,8.25,7.69,8.29,7.61
2018-02-02,7.74,7.41,7.74,7.07
2018-02-05,7.28,7.4,7.49,7.28
2018-02-06,7.41,6.99,7.41,6.97
2018-02-07,7.08,7.08,7.22,6.85
2018-02-08,7.08,7.2,7.26,7.08
2018-02-09,7.13,7.06,7.13,6.91
2018-02-12,7.1,7.31,7.32,7.1
2018-02-13,7.41,7.27,7.41,7.23
2018-02-14,7.26,7.3,7.33,7.11
2018-02-22,7.35,7.41,7.45,7.23
2018-02-23,7.42,7.51,7.51,7.4
2018-02-26,7.51,7.7,7.77,7.51
2018-02-27,7.78,7.73,7.9,7.61
2018-02-28,7.65,7.75,7.83,7.63
2018-03-01,7.64,7.76,7.88,7.64
2018-03-02,7.76,7.77,7.89,7.71
2018-03-05,7.74,7.8,7.85,7.74
2018-03-06,7.76,8.0,8.01,7.76
2018-03-07,7.98,7.85,8.05,7.85
2018-03-08,7.83,7.87,7.92,7.75
2018-03-09,7.91,7.99,8.06,7.82
2018-03-12,7.95,8.13,8.16,7.95
2018-03-13,8.15,8.07,8.17,8.03
2018-03-14,8.1,8.09,8.22,8.06
2018-03-15,8.12,7.89,8.12,7.87
2018-03-16,7.89,8.03,8.15,7.89
2018-03-19,7.96,8.04,8.15,7.96
2018-03-20,8.01,8.12,8.17,8.01
2018-03-21,8.16,8.07,8.38,8.05
2018-03-22,8.05,8.12,8.15,8.01
2018-03-23,8.02,7.34,8.03,7.34
2018-03-26,7.34,7.7,7.76,7.11
2018-03-27,7.71,7.9,8.02,7.69
2018-03-28,7.85,7.98,8.05,7.85
2018-03-29,8.07,8.06,8.13,7.95
2018-03-30,8.12,8.12,8.16,8.05
2018-04-02,8.12,8.14,8.25,8.07
2018-04-03,8.05,7.98,8.14,7.91
2018-04-04,7.9,7.84,8.08,7.82
2018-04-09,7.8,7.85,8.03,7.74
2018-04-10,7.81,7.88,7.92,7.77
2018-04-11,7.88,7.92,7.97,7.85
2018-04-12,7.9,7.77,7.95,7.74
2018-04-13,7.84,7.81,7.85,7.72
2018-04-16,7.85,7.65,7.85,7.56
2018-04-17,7.67,7.38,7.74,7.36
2018-04-18,7.41,7.46,7.54,7.22
2018-04-19,7.4,7.49,7.52,7.38
2018-04-20,7.42,7.26,7.5,7.2
2018-04-23,7.3,7.19,7.3,7.05
2018-04-24,7.22,7.39,7.44,7.15
2018-04-25,7.4,7.45,7.65,7.32
2018-04-26,7.41,7.28,7.44,7.22
2018-04-27,7.28,7.26,7.38,7.24
2018-05-02,7.2,7.27,7.31,7.11
2018-05-03,7.23,7.37,7.42,7.1
2018-05-04,7.3,7.4,7.46,7.25
2018-05-07,7.42,7.69,7.72,7.33
2018-05-08,7.71,7.91,7.96,7.62
2018-05-09,7.83,7.86,7.91,7.7
2018-05-10,7.81,8.06,8.06,7.74
2018-05-11,8.0,7.91,8.25,7.88
2018-05-14,7.93,7.9,8.15,7.81
2018-05-15,7.85,7.88,7.92,7.73
2018-05-16,7.83,7.81,7.9,7.81
2018-05-17,7.72,7.85,7.95,7.72
2018-05-18,7.82,7.82,7.95,7.81
2018-05-21,7.92,7.99,8.06,7.86
2018-05-22,7.98,8.06,8.06,7.95
2018-05-23,8.06,8.01,8.07,7.94
2018-05-24,7.96,7.93,8.03,7.9
2018-05-25,7.91,7.91,8.07,7.79
