date,open,close,high,low
2016-01-22,22.294,22.294,22.294,22.294
2016-01-25,20.063,20.063,20.063,20.063
2016-01-26,18.054,18.054,18.054,18.054
2016-01-27,16.249,16.249,16.249,16.249
2016-01-28,14.623,14.623,15.372,14.623
2016-01-29,13.398,14.474,14.826,13.398
2016-02-01,14.271,14.385,14.826,13.492
2016-02-02,14.43,15.823,15.823,14.43
2016-02-03,15.372,16.889,17.35,15.273
2016-02-04,17.008,17.058,17.598,16.567
2016-02-05,17.063,17.216,17.603,16.864
2016-02-15,15.644,17.519,17.851,15.644
2016-02-16,17.553,18.089,18.347,17.266
2016-02-17,18.094,18.064,18.823,17.544
2016-02-18,18.243,17.335,18.287,17.33
2016-02-19,17.494,17.553,18.149,17.241
2016-02-22,17.702,17.692,17.95,17.553
2016-02-23,17.727,17.32,18.044,16.914
2016-02-24,17.033,15.868,17.306,15.62
2016-02-25,15.793,14.286,15.863,14.281
2016-02-26,14.43,14.449,14.717,13.537
2016-02-29,14.38,13.438,14.841,13.016
2016-03-01,13.492,13.884,14.063,13.051
2016-03-02,13.76,14.628,14.925,13.735
2016-03-03,14.881,14.603,15.119,14.261
2016-03-04,14.474,13.145,14.489,13.145
2016-03-07,13.319,13.254,13.825,13.135
2016-03-08,13.116,12.992,13.368,12.124
2016-03-09,12.694,12.858,13.552,12.446
2016-03-10,12.813,12.278,13.091,12.258
2016-03-11,12.084,12.099,12.377,11.573
2016-03-14,12.312,13.309,13.309,12.312
2016-03-15,13.378,13.473,14.211,13.309
2016-03-16,13.795,13.844,14.167,13.487
2016-03-17,13.973,15.228,15.228,13.884
2016-03-18,15.654,15.724,16.393,15.649
2016-03-21,16.17,15.778,16.244,15.273
2016-03-22,15.6,15.263,15.6,15.213
2016-03-23,15.312,15.52,15.62,15.124
2016-03-24,15.273,14.673,15.273,14.668
2016-03-25,14.677,14.529,14.851,14.291
2016-03-28,14.906,14.469,14.906,14.306
2016-03-29,14.405,14.048,14.558,13.825
2016-03-30,14.231,14.886,14.901,14.231
2016-03-31,15.198,15.401,15.843,14.925
2016-04-01,15.52,15.044,15.57,14.782
2016-04-05,15.099,15.773,15.773,14.955
2016-04-06,15.62,15.555,16.001,15.213
2016-04-07,15.382,16.175,16.373,14.96
2016-04-08,15.768,15.481,16.016,15.183
2016-04-11,15.679,15.858,16.388,15.679
2016-04-12,15.803,15.322,16.091,15.223
2016-04-13,15.659,15.382,15.848,15.337
2016-04-14,15.501,15.699,15.868,15.401
2016-04-15,15.744,16.775,17.117,15.52
2016-04-18,16.75,17.221,17.578,16.368
2016-04-19,17.182,17.256,17.434,16.76
2016-04-20,17.355,16.393,17.99,15.773
2016-04-21,16.239,16.715,17.256,15.868
2016-04-22,16.448,18.387,18.387,16.314
2016-04-25,18.248,18.451,19.016,17.618
2016-04-26,18.456,18.272,18.535,17.727
2016-04-27,18.183,19.244,19.829,17.99
2016-04-28,18.882,18.768,19.225,17.851
2016-04-29,18.59,18.0,18.59,17.94
2016-05-03,18.01,18.441,18.595,17.479
2016-05-04,18.307,19.185,19.983,17.97
2016-05-05,18.848,18.788,19.448,18.639
2016-05-06,18.848,17.36,19.066,17.36
2016-08-12,18.204,16.274,18.204,15.877
2016-08-15,15.902,16.468,16.755,15.788
2016-08-16,16.497,16.433,16.721,16.274
2016-08-17,16.418,16.453,16.601,16.299
2016-08-18,16.468,16.115,16.562,15.937
2016-08-19,17.117,17.728,17.728,16.979
2016-08-22,18.854,18.482,19.499,18.303
2016-08-23,18.656,19.896,19.98,18.447
2016-08-24,19.449,19.425,20.834,19.251
2016-08-25,19.216,21.171,21.345,19.033
2016-08-26,20.888,21.727,22.967,20.839
2016-08-29,21.633,21.126,22.923,20.655
2016-08-30,21.285,20.342,21.538,19.946
2016-08-31,20.119,19.35,20.194,19.018
2016-09-01,19.301,18.998,19.529,18.958
2016-09-02,19.102,18.854,19.464,18.829
2016-09-05,18.631,19.003,19.246,18.189
2016-09-06,19.038,19.052,19.102,18.457
2016-09-07,19.211,18.874,19.573,18.854
2016-09-08,18.77,18.14,18.919,17.911
2016-09-09,18.115,17.544,18.274,17.544
2016-09-12,16.874,17.266,17.524,16.874
2016-09-13,17.44,17.971,18.11,17.415
2016-09-14,17.822,17.688,18.249,17.624
2016-09-19,17.862,17.713,18.011,17.514
2016-09-20,17.852,17.847,17.986,17.653
2016-09-21,17.911,17.673,18.045,17.589
2016-09-22,17.802,17.44,17.857,17.415
2016-09-23,17.539,16.671,17.544,16.646
2016-09-26,16.721,15.867,17.147,15.758
2016-09-27,15.689,15.927,16.066,15.431
2016-09-28,15.976,15.768,16.224,15.708
2016-09-29,15.778,15.589,15.966,15.579
2016-09-30,15.351,14.915,15.51,14.815
2016-10-10,14.994,16.403,16.403,14.994
2016-10-11,16.562,16.601,16.83,16.175
2016-10-12,16.363,16.909,17.246,16.324
2016-10-20,17.227,17.415,17.862,16.373
2016-10-21,16.959,16.433,17.048,16.274
2016-10-24,16.334,16.254,16.532,15.768
2016-10-25,16.274,17.127,17.862,16.205
2016-10-26,16.969,16.671,17.058,16.472
2016-10-27,16.472,16.859,17.346,16.423
2016-10-28,16.929,17.514,17.832,16.929
2016-10-31,17.217,18.358,18.358,17.137
2016-11-01,18.556,18.804,19.112,17.981
2016-11-02,18.457,18.13,18.507,18.08
2016-11-03,17.971,18.278,19.052,17.564
2016-11-04,18.011,17.276,18.189,17.246
2016-11-07,17.266,17.346,17.465,16.969
2016-11-08,17.366,17.108,17.534,17.078
2016-11-09,17.008,16.304,17.058,15.976
2016-11-10,16.472,16.453,16.8,16.334
2016-11-11,15.877,16.056,16.155,15.49
2016-11-14,15.778,15.857,16.105,15.708
2016-11-15,15.877,16.472,16.572,15.669
2016-11-16,16.472,17.088,17.356,16.383
2016-11-17,16.959,16.492,16.959,16.393
2016-11-18,16.472,16.601,17.038,16.393
2016-11-21,16.492,16.363,16.641,16.056
2016-11-22,16.304,16.512,16.522,16.135
2016-11-23,16.512,16.681,17.068,16.403
2016-11-24,16.78,17.326,17.514,16.681
2016-11-25,17.187,17.246,17.723,16.879
2016-11-28,17.108,17.762,17.822,17.108
2016-11-29,17.633,17.058,17.812,16.969
2016-11-30,16.77,16.314,16.969,16.056
2016-12-01,16.016,17.941,17.941,16.016
2016-12-02,18.477,17.971,18.735,17.385
2016-12-05,17.524,18.04,18.556,17.495
2016-12-06,18.011,18.348,18.656,17.475
2016-12-07,18.11,18.14,18.338,17.762
2016-12-08,18.14,17.743,18.14,17.375
2016-12-09,17.614,18.646,18.943,17.475
2016-12-12,18.507,16.82,18.745,16.78
2016-12-13,16.572,16.423,18.11,15.212
2016-12-14,16.532,15.698,16.532,15.391
2016-12-15,15.53,15.788,16.026,15.391
2016-12-16,15.659,15.282,15.659,15.202
2016-12-19,15.262,14.547,15.272,14.279
2016-12-20,14.547,14.299,14.736,14.111
2016-12-21,14.369,14.468,14.716,14.289
2016-12-22,14.389,14.607,14.766,14.19
2016-12-23,14.557,14.309,14.716,14.24
2016-12-26,14.2,14.15,14.25,13.704
2016-12-27,14.131,14.121,14.25,13.902
2016-12-28,13.982,13.476,14.111,13.456
2016-12-29,13.476,13.069,13.486,13.039
2016-12-30,13.049,12.87,13.158,12.731
2017-01-03,12.9,12.692,12.98,12.344
2017-01-04,12.702,13.545,13.883,12.563
2017-01-05,13.337,13.118,13.456,13.099
2017-01-06,13.049,12.811,13.347,12.781
2017-01-09,12.702,12.821,12.92,12.573
2017-01-10,12.801,12.692,12.999,12.612
2017-01-11,12.682,12.414,12.781,12.414
2017-01-12,12.404,12.394,12.563,12.305
2017-01-13,12.394,12.414,12.553,12.354
2017-01-16,12.503,11.451,12.573,11.174
2017-01-17,11.283,11.957,12.057,11.154
2017-01-18,11.838,12.136,12.275,11.64
2017-01-19,12.086,12.027,12.265,11.828
2017-01-20,11.977,12.563,12.781,11.977
2017-01-23,12.622,12.98,13.029,12.513
2017-01-24,12.89,12.622,12.93,12.553
2017-01-25,12.622,12.493,12.781,12.404
2017-01-26,12.503,12.583,12.602,12.315
2017-02-03,12.801,12.215,12.801,12.206
2017-02-06,12.215,12.553,12.553,12.196
2017-02-07,12.622,12.523,12.632,12.404
2017-02-08,12.553,12.593,12.662,12.285
2017-02-09,12.503,12.741,12.781,12.503
2017-02-10,12.702,12.583,12.88,12.563
2017-02-13,12.612,12.652,12.771,12.414
2017-02-14,12.712,12.553,12.791,12.533
2017-02-15,12.553,12.206,12.602,12.176
2017-02-16,12.186,12.086,12.206,11.977
2017-02-17,12.096,11.809,12.136,11.749
2017-02-20,11.809,11.957,12.007,11.729
2017-02-21,12.017,12.166,12.235,11.878
2017-02-22,12.136,11.987,12.166,11.898
2017-02-23,12.027,11.987,12.027,11.819
2017-02-24,11.957,12.414,12.503,11.908
2017-02-27,12.315,12.464,12.602,12.315
2017-02-28,12.503,12.464,12.573,12.295
2017-03-01,12.464,12.454,12.553,12.335
2017-03-02,12.305,12.057,12.364,12.007
2017-03-03,12.007,12.126,12.225,11.858
2017-03-06,12.156,12.394,12.394,12.017
2017-03-07,12.483,12.424,12.583,12.285
2017-03-08,12.424,12.077,12.434,12.057
2017-03-09,12.086,12.067,12.186,12.067
2017-03-10,12.096,11.977,12.146,11.977
2017-03-13,11.967,12.126,12.136,11.918
2017-03-14,12.146,12.007,12.166,11.987
2017-03-15,11.967,11.928,12.017,11.868
2017-03-16,11.938,12.057,12.077,11.938
2017-03-17,12.136,12.037,12.196,12.017
2017-03-20,11.987,12.007,12.057,11.898
2017-03-21,12.017,11.957,12.037,11.918
2017-03-22,11.888,11.62,11.888,11.59
2017-03-23,11.59,11.719,11.838,11.59
2017-03-24,11.65,11.66,11.759,11.58
2017-03-27,11.57,11.551,11.66,11.461
2017-03-28,11.541,11.59,11.64,11.501
2017-03-29,11.66,11.392,11.66,11.362
2017-03-30,11.392,11.243,11.432,11.154
2017-03-31,11.233,11.164,11.342,11.114
2017-04-05,11.164,11.461,11.461,11.134
2017-04-06,11.382,11.69,11.759,11.382
2017-04-07,11.62,11.501,11.729,11.471
2017-04-10,11.412,11.035,11.412,11.025
2017-04-11,11.064,11.084,11.104,10.856
2017-04-12,11.084,10.955,11.134,10.916
2017-04-13,10.935,10.925,11.035,10.916
2017-04-14,10.965,10.608,10.965,10.588
2017-04-17,10.529,10.697,10.717,10.171
2017-04-18,10.618,10.33,10.667,10.271
2017-04-19,10.261,10.151,10.35,9.983
2017-04-20,10.142,9.804,10.151,9.655
2017-04-21,9.774,9.725,9.844,9.586
2017-04-24,9.685,9.467,9.685,9.308
2017-04-25,9.417,9.427,9.556,9.387
2017-04-26,9.427,9.546,9.685,9.427
2017-04-27,9.566,9.774,9.804,9.318
2017-04-28,9.725,9.794,9.874,9.655
2017-05-02,9.735,9.774,9.854,9.735
2017-05-03,9.755,9.596,9.764,9.526
2017-05-04,9.556,9.546,9.695,9.457
2017-05-05,9.506,9.824,10.102,9.506
2017-05-08,9.715,9.784,10.032,9.675
2017-05-09,9.705,9.844,9.874,9.635
2017-05-10,9.854,9.477,9.893,9.427
2017-05-11,9.338,9.169,9.457,8.842
2017-05-12,9.149,9.08,9.169,8.961
2017-05-15,9.109,9.03,9.169,9.02
2017-05-16,9.02,9.209,9.229,8.762
2017-05-17,9.209,9.308,9.427,9.159
2017-05-18,9.189,9.219,9.407,9.179
2017-05-19,9.219,9.09,9.248,9.08
2017-05-22,9.109,8.842,9.139,8.782
2017-05-23,8.921,8.494,8.941,8.484
2017-05-24,8.494,8.534,8.613,8.236
2017-05-25,8.514,8.603,8.673,8.345
2017-05-26,8.613,8.593,8.673,8.534
2017-05-31,8.703,8.524,8.802,8.464
2017-06-01,8.445,8.097,8.514,8.097
2017-06-02,8.127,8.286,8.375,7.988
2017-06-05,8.296,8.415,8.474,8.246
2017-06-06,8.385,8.732,8.802,8.326
2017-06-07,8.593,8.851,8.901,8.593
2017-06-08,8.762,8.822,8.891,8.762
2017-06-09,8.792,8.812,8.861,8.593
2017-06-12,8.752,8.613,8.812,8.603
2017-06-13,8.564,8.822,8.901,8.544
2017-06-14,8.802,8.722,8.871,8.613
2017-06-15,8.693,9.596,9.596,8.683
2017-06-16,9.735,9.814,10.3,9.705
2017-06-19,9.705,9.685,9.824,9.546
2017-06-20,9.655,9.735,10.122,9.596
2017-06-21,9.804,9.626,9.903,9.427
2017-06-22,9.596,9.318,9.635,9.318
2017-06-23,9.278,9.447,9.457,9.129
2017-06-26,9.437,9.457,9.477,9.219
2017-06-27,9.487,9.338,9.556,9.308
2017-06-28,9.328,9.427,9.457,9.179
2017-06-29,9.427,9.407,9.526,9.367
2017-06-30,9.387,9.417,9.477,9.338
2017-07-03,9.358,9.606,9.626,9.328
2017-07-04,9.626,9.556,9.675,9.457
2017-07-05,9.576,9.616,9.675,9.467
2017-07-06,9.626,9.338,9.655,9.318
2017-07-07,9.367,9.298,9.417,9.258
2017-07-10,9.258,8.98,9.258,8.951
2017-07-11,8.96,8.871,9.05,8.861
2017-07-12,8.831,8.891,8.941,8.622
2017-07-13,8.761,8.542,8.761,8.393
2017-07-14,8.273,8.393,8.483,8.273
2017-07-17,8.333,7.557,8.333,7.557
2017-07-18,7.547,7.706,7.796,7.417
2017-07-19,7.726,7.726,7.756,7.587
2017-07-20,7.716,7.786,7.895,7.686
2017-07-21,7.786,7.766,7.845,7.736
2017-07-24,7.746,7.816,7.816,7.656
2017-07-25,7.816,8.164,8.483,7.756
2017-07-26,8.124,8.164,8.234,8.074
2017-07-27,8.134,8.702,8.781,8.054
2017-07-28,8.592,8.692,8.911,8.592
2017-07-31,8.612,8.741,8.901,8.473
2017-08-01,8.731,8.572,8.731,8.532
2017-08-02,8.572,8.592,8.642,8.473
2017-08-03,8.542,8.592,8.811,8.403
2017-08-04,8.612,8.502,8.642,8.483
2017-08-07,8.493,8.741,8.831,8.473
2017-08-08,8.722,8.821,8.821,8.552
2017-08-09,8.811,8.931,9.05,8.692
2017-08-10,8.861,8.692,9.02,8.642
2017-08-11,8.612,8.512,8.722,8.493
2017-08-14,8.483,8.831,8.911,8.483
2017-08-15,8.831,9.07,9.219,8.771
2017-08-16,9.06,9.09,9.259,8.921
2017-09-07,9.996,9.996,9.996,9.996
2017-09-08,10.991,10.991,10.991,10.991
2017-09-11,12.087,12.087,12.087,12.087
2017-09-12,12.843,11.748,12.843,11.668
2017-09-13,11.191,11.031,11.42,10.852
2017-09-14,11.111,11.23,11.43,10.972
2017-09-15,10.932,10.882,11.091,10.653
2017-09-18,10.772,10.812,10.991,10.713
2017-09-19,10.872,10.444,10.872,10.404
2017-09-20,10.494,10.543,10.623,10.384
2017-09-21,10.484,10.693,11.011,10.454
2017-09-22,10.533,10.573,10.942,10.454
2017-09-25,10.454,10.553,10.882,10.175
2017-09-26,10.454,11.101,11.131,10.364
2017-09-27,10.991,11.131,11.151,10.802
2017-09-28,11.051,10.653,11.051,10.573
2017-09-29,10.653,10.424,10.822,10.384
2017-10-09,10.454,10.563,10.593,10.394
2017-10-10,10.514,10.484,10.553,10.334
2017-10-11,10.454,10.832,10.832,10.374
2017-10-12,10.713,10.543,10.902,10.464
2017-10-13,10.484,10.533,10.663,10.404
2017-10-16,10.464,10.016,10.613,9.886
2017-10-17,9.946,9.886,10.095,9.837
2017-10-18,9.886,9.657,10.016,9.637
2017-10-19,9.697,9.807,9.866,9.548
2017-10-20,9.807,9.926,9.936,9.717
2017-10-23,9.876,9.946,10.135,9.876
2017-10-24,9.906,9.847,10.016,9.757
2017-10-25,9.847,9.856,9.906,9.767
2017-10-26,9.856,9.747,9.896,9.697
2017-10-27,9.747,9.647,9.777,9.608
2017-10-30,9.637,9.14,9.657,9.11
2017-10-31,9.209,9.319,9.359,9.16
2017-11-01,9.319,9.239,9.359,9.219
2017-11-02,9.289,9.08,9.299,8.98
2017-11-03,9.11,9.0,9.189,8.881
2017-11-06,8.921,9.14,9.14,8.901
2017-11-07,9.11,9.07,9.15,8.96
2017-11-08,9.07,9.15,9.249,9.0
2017-11-09,9.09,9.329,9.339,9.05
2017-11-10,9.269,9.249,9.488,9.239
2017-11-13,9.229,9.04,9.319,9.01
2017-11-14,9.04,8.851,9.1,8.731
2017-11-15,8.871,8.692,8.931,8.672
2017-11-16,8.642,8.632,8.781,8.632
2017-11-17,8.662,8.015,8.731,7.955
2017-11-20,8.054,8.134,8.194,7.895
2017-11-21,8.154,8.184,8.264,8.005
2017-11-22,8.194,8.234,8.283,8.114
2017-11-23,8.174,8.025,8.264,8.025
2017-11-24,7.995,8.164,8.214,7.985
2017-11-27,8.214,8.005,8.214,7.975
2017-11-28,8.094,7.965,8.094,7.845
2017-11-29,7.965,8.144,8.144,7.825
2017-11-30,7.975,7.975,8.094,7.955
2017-12-01,7.985,8.293,8.512,7.845
2017-12-04,8.194,8.373,8.463,8.134
2017-12-05,8.363,8.692,8.911,8.313
2017-12-06,8.562,8.692,8.911,8.552
2017-12-07,8.901,8.96,9.309,8.871
2017-12-08,8.841,8.811,8.941,8.741
2017-12-11,8.801,9.01,9.03,8.751
2017-12-12,9.05,8.771,9.05,8.741
2017-12-13,8.771,8.731,8.811,8.682
2017-12-14,8.741,8.582,8.801,8.552
2017-12-15,8.512,8.821,8.851,8.512
2017-12-18,8.821,8.642,8.871,8.602
2017-12-19,8.612,8.682,8.821,8.612
2017-12-20,8.672,8.582,8.811,8.582
2017-12-21,8.602,8.662,8.712,8.512
2017-12-22,8.682,8.363,8.741,8.353
2017-12-25,8.373,8.084,8.373,8.025
2017-12-26,8.064,8.074,8.134,7.985
2017-12-27,8.064,8.044,8.124,8.025
2017-12-28,8.054,8.064,8.283,8.015
2017-12-29,8.044,8.214,8.234,8.044
2018-01-02,8.164,8.174,8.293,8.084
2018-01-03,8.184,8.244,8.303,8.114
2018-01-04,8.244,8.104,8.264,8.054
2018-01-05,8.054,8.094,8.164,8.054
2018-01-08,8.064,7.945,8.124,7.875
2018-01-09,7.895,8.005,8.015,7.885
2018-01-10,7.995,7.945,8.074,7.925
2018-01-11,7.905,8.273,8.333,7.865
2018-01-12,8.184,8.094,8.333,8.074
2018-01-15,8.084,7.905,8.094,7.895
2018-01-16,7.855,7.925,7.965,7.855
2018-01-17,7.925,7.875,7.945,7.646
2018-01-18,7.865,7.766,7.905,7.746
2018-01-19,7.756,7.746,7.845,7.726
2018-01-22,7.736,7.865,7.895,7.447
2018-01-23,7.816,7.766,7.865,7.706
2018-01-24,7.766,8.015,8.035,7.676
2018-01-25,7.975,7.995,8.244,7.945
2018-01-26,7.995,7.945,8.064,7.905
2018-01-29,8.005,7.925,8.114,7.875
2018-01-30,7.895,7.786,7.965,7.776
2018-01-31,7.766,7.527,7.806,7.517
2018-02-01,7.537,7.208,7.636,7.188
2018-02-02,7.198,7.009,7.198,6.919
2018-02-05,6.949,6.88,6.949,6.82
2018-02-06,6.78,6.372,6.84,6.372
2018-02-07,6.442,6.491,6.661,6.362
2018-02-08,6.491,6.86,6.91,6.272
2018-02-09,6.671,6.71,6.8,6.541
2018-02-12,6.73,6.75,6.9,6.72
2018-02-13,6.76,6.72,6.85,6.671
2018-02-14,6.7,6.651,6.73,6.561
2018-02-22,6.671,6.77,6.82,6.641
2018-02-23,6.8,6.77,6.81,6.71
2018-02-26,6.87,6.919,6.929,6.78
2018-02-27,6.88,6.999,7.059,6.87
2018-02-28,6.979,7.148,7.198,6.87
2018-03-01,7.099,7.298,7.308,7.069
2018-03-02,7.238,7.129,7.427,7.129
2018-03-05,7.168,7.218,7.218,7.099
2018-03-06,7.258,7.258,7.387,7.188
2018-03-07,7.258,7.168,7.318,7.139
2018-03-08,7.168,7.208,7.238,7.119
2018-03-09,7.188,7.517,7.646,7.188
2018-03-12,7.537,7.776,7.905,7.517
2018-03-13,7.716,7.925,8.164,7.716
2018-03-14,7.865,7.796,8.064,7.776
2018-03-15,7.716,7.656,7.766,7.437
2018-03-16,7.646,7.507,7.696,7.487
2018-03-19,7.487,7.567,7.686,7.318
2018-03-20,7.527,7.447,7.577,7.387
2018-03-21,7.447,7.348,7.606,7.288
2018-03-22,7.328,7.338,7.457,7.288
2018-03-23,7.158,6.601,7.168,6.601
2018-03-26,6.471,6.621,6.621,6.193
2018-03-27,6.641,6.83,6.88,6.621
2018-03-28,6.7,6.86,7.069,6.631
2018-03-29,6.73,6.82,6.929,6.7
2018-03-30,6.83,7.009,7.029,6.81
2018-04-02,7.039,7.049,7.168,6.989
2018-04-03,6.91,6.87,6.939,6.75
2018-04-04,6.9,6.73,6.929,6.71
2018-04-09,6.671,6.78,6.87,6.581
2018-04-10,6.75,6.78,6.82,6.661
2018-04-11,6.79,6.79,6.9,6.75
2018-04-12,6.75,6.919,6.979,6.671
2018-04-13,6.919,6.681,6.969,6.601
2018-04-16,6.651,6.521,6.69,6.402
2018-04-17,6.541,6.352,6.611,6.322
2018-04-18,6.422,6.481,6.521,6.282
2018-04-19,6.432,6.442,6.511,6.402
2018-04-20,6.392,6.213,6.442,6.193
2018-04-23,6.233,6.233,6.292,6.123
2018-04-24,6.252,6.422,6.452,6.193
2018-04-25,6.362,6.511,6.531,6.332
2018-04-26,6.561,6.491,6.85,6.422
2018-04-27,6.452,6.71,6.77,6.452
2018-05-02,6.671,6.531,6.72,6.452
2018-05-03,6.541,6.77,6.78,6.223
2018-05-04,6.77,6.601,6.79,6.601
2018-05-07,6.7,6.73,6.77,6.631
2018-05-08,6.671,6.69,6.71,6.591
2018-05-09,6.72,6.84,6.999,6.69
2018-05-10,6.85,7.01,7.04,6.76
2018-05-11,6.98,7.08,7.28,6.93
2018-05-14,6.98,6.67,7.07,6.6
2018-05-15,6.64,6.77,6.82,6.58
2018-05-16,6.71,6.51,6.73,6.5
2018-05-17,6.52,6.53,6.58,6.42
2018-05-18,6.5,6.52,6.57,6.4
2018-05-21,6.51,6.64,6.68,6.51
2018-05-22,6.74,6.67,6.79,6.58
2018-05-23,6.62,6.45,6.62,6.45
2018-05-24,6.43,6.48,6.63,6.43
2018-05-25,6.48,6.41,6.56,6.39
