date,open,close,high,low
2016-01-04,8.882,8.048,9.036,8.048
2016-01-05,7.282,8.097,8.321,7.282
2016-01-06,8.057,8.246,8.336,7.933
2016-01-07,8.102,7.422,8.102,7.422
2016-01-08,8.157,7.735,8.157,6.681
2016-01-11,7.451,6.96,7.536,6.96
2016-01-12,6.642,6.85,7.064,6.359
2016-01-13,6.825,6.165,7.039,6.165
2016-01-14,5.549,6.408,6.706,5.549
2016-01-15,6.011,5.812,6.398,5.767
2016-01-18,5.653,5.897,6.13,5.613
2016-01-19,5.916,6.135,6.2,5.892
2016-01-20,6.15,6.07,6.304,5.976
2016-01-21,5.941,5.892,6.284,5.887
2016-01-22,6.085,6.016,6.085,5.718
2016-01-25,6.11,6.324,6.398,5.976
2016-01-26,6.21,5.693,6.259,5.693
2016-01-27,5.733,5.653,5.827,5.216
2016-01-28,5.564,5.276,5.598,5.226
2016-01-29,5.291,5.539,5.628,5.216
2016-02-01,5.519,5.549,5.752,5.464
2016-02-02,5.608,5.897,6.07,5.564
2016-02-03,5.767,6.021,6.046,5.762
2016-02-04,6.016,6.13,6.239,5.996
2016-02-05,6.254,5.926,6.279,5.902
2016-02-15,5.663,6.06,6.09,5.524
2016-02-16,6.095,6.359,6.433,6.031
2016-02-17,6.309,6.314,6.458,6.155
2016-02-18,6.334,6.269,6.403,6.259
2016-02-19,6.234,6.299,6.363,6.16
2016-02-22,6.388,6.408,6.423,6.284
2016-02-23,6.468,6.438,6.532,6.314
2016-02-24,6.408,6.398,6.488,6.205
2016-02-25,6.383,5.757,6.383,5.757
2016-02-26,5.772,5.613,5.862,5.544
2016-02-29,5.618,5.052,5.658,5.052
2016-03-01,5.057,5.181,5.266,4.868
2016-03-02,5.186,5.41,5.454,5.166
2016-03-03,5.44,5.41,5.579,5.405
2016-03-04,5.365,5.127,5.44,5.032
2016-03-07,5.211,5.315,5.4,5.146
2016-03-08,5.291,5.42,5.425,5.042
2016-03-09,5.281,5.295,5.4,5.226
2016-03-10,5.266,5.196,5.365,5.171
2016-03-11,5.132,5.241,5.276,5.077
2016-03-14,5.295,5.484,5.559,5.295
2016-03-15,5.489,5.519,5.589,5.464
2016-03-16,5.623,5.658,5.862,5.544
2016-03-17,5.703,5.916,5.921,5.613
2016-03-18,5.916,6.19,6.319,5.902
2016-03-21,6.349,6.378,6.458,6.219
2016-03-22,6.334,6.334,6.438,6.229
2016-03-23,6.334,6.398,6.413,6.239
2016-03-24,6.289,6.637,6.83,6.269
2016-03-25,6.637,6.557,6.741,6.398
2016-03-28,6.671,6.88,7.079,6.587
2016-03-29,6.885,7.153,7.228,6.647
2016-03-30,7.094,7.59,7.61,7.074
2016-03-31,7.541,7.65,8.062,7.511
2016-04-01,7.506,7.685,7.685,7.382
2016-04-05,7.605,7.72,7.769,7.556
2016-04-06,7.665,7.312,7.764,7.302
2016-04-07,7.436,7.253,7.446,7.203
2016-04-08,7.273,7.153,7.297,7.044
2016-04-11,7.367,7.675,7.834,7.253
2016-04-12,7.66,7.69,7.725,7.481
2016-04-13,7.66,7.963,8.048,7.635
2016-04-14,7.968,7.913,8.008,7.894
2016-04-15,7.943,7.814,7.943,7.73
2016-04-18,7.769,8.246,8.42,7.73
2016-04-19,8.147,8.301,8.346,8.097
2016-04-20,8.301,8.097,8.351,7.471
2016-04-21,7.948,7.7,7.988,7.531
2016-04-22,7.63,7.72,7.859,7.481
2016-04-25,7.64,7.779,7.794,7.491
2016-04-26,7.759,7.784,7.913,7.605
2016-04-27,7.794,7.749,7.804,7.65
2016-04-28,7.7,7.67,7.784,7.506
2016-04-29,7.675,8.023,8.033,7.521
2016-05-03,8.048,8.236,8.291,7.923
2016-05-04,8.231,8.261,8.405,8.152
2016-05-05,8.236,8.206,8.346,8.122
2016-05-06,8.211,7.65,8.375,7.625
2016-05-09,7.461,7.357,7.635,7.114
2016-05-10,7.357,6.994,7.491,6.955
2016-05-11,7.054,6.706,7.143,6.706
2016-05-12,6.532,6.746,6.83,6.294
2016-05-13,6.607,6.552,6.855,6.363
2016-05-16,6.547,6.806,6.88,6.458
2016-05-17,6.86,6.955,7.029,6.706
2016-05-18,6.875,6.572,6.875,6.483
2016-05-19,6.577,6.508,6.711,6.483
2016-05-20,6.408,6.592,6.602,6.259
2016-05-23,6.632,7.004,7.133,6.617
2016-05-24,6.989,7.004,7.004,6.83
2016-05-25,7.243,6.9,7.253,6.865
2016-05-26,6.9,7.039,7.079,6.468
2016-05-27,7.039,7.163,7.248,6.994
2016-05-30,7.094,7.178,7.337,6.905
2016-05-31,7.138,7.531,7.531,7.109
2016-06-01,7.531,7.471,7.615,7.407
2016-06-02,7.441,7.526,7.541,7.352
2016-06-03,7.516,7.531,7.595,7.451
2016-06-06,7.561,7.605,7.72,7.531
2016-06-07,7.576,7.536,7.64,7.387
2016-06-08,7.461,7.486,7.62,7.402
2016-06-13,7.302,7.526,7.695,7.213
2016-06-14,7.427,7.784,7.889,7.104
2016-06-15,7.65,8.092,8.236,7.615
2016-06-16,8.062,8.172,8.281,7.898
2016-06-17,8.122,7.988,8.286,7.844
2016-06-20,7.948,7.963,7.988,7.705
2016-06-21,8.013,7.759,8.291,7.65
2016-06-22,7.784,7.899,7.939,7.59
2016-06-23,7.859,8.003,8.083,7.814
2016-06-24,7.993,7.809,8.073,7.556
2016-06-27,7.735,8.172,8.182,7.71
2016-06-28,8.207,8.227,8.307,8.028
2016-06-29,8.307,8.391,8.481,8.148
2016-06-30,8.406,8.212,8.446,8.197
2016-07-01,8.212,8.167,8.441,8.083
2016-07-04,8.063,8.366,8.366,8.058
2016-07-05,8.272,8.337,8.351,8.172
2016-07-06,8.297,8.466,8.585,8.277
2016-07-07,8.451,8.804,8.854,8.411
2016-07-08,8.779,8.804,8.928,8.705
2016-07-11,8.764,9.252,9.684,8.764
2016-07-12,9.252,9.456,9.585,9.003
2016-07-13,9.361,9.282,9.416,9.088
2016-07-14,9.162,9.098,9.232,8.953
2016-07-15,9.028,9.301,9.386,9.028
2016-07-18,9.252,9.252,9.366,9.098
2016-07-19,9.252,9.202,9.277,9.038
2016-07-20,9.152,9.142,9.287,9.103
2016-07-21,9.053,8.794,9.187,8.789
2016-07-22,8.695,8.695,8.948,8.655
2016-07-25,8.65,9.306,9.351,8.65
2016-07-26,9.272,9.381,9.486,9.202
2016-07-27,9.451,8.953,9.525,8.705
2016-07-28,8.953,9.177,9.222,8.715
2016-07-29,9.093,8.734,9.192,8.734
2016-08-01,8.545,8.148,8.545,8.058
2016-08-02,8.232,8.257,8.297,8.123
2016-08-03,8.262,8.197,8.337,8.103
2016-08-04,8.232,8.481,8.496,8.162
2016-08-05,8.501,8.521,8.729,8.401
2016-08-08,8.421,8.705,8.774,8.346
2016-08-09,8.66,8.869,8.953,8.57
2016-08-10,8.854,8.854,9.048,8.754
2016-08-11,8.769,8.55,8.928,8.55
2016-08-12,8.555,8.506,8.565,8.356
2016-08-15,8.545,8.695,8.834,8.401
2016-08-16,8.804,8.774,8.998,8.615
2016-08-17,8.869,8.844,9.003,8.724
2016-08-18,8.854,8.894,8.943,8.794
2016-08-19,8.874,9.103,9.177,8.809
2016-08-22,9.103,8.476,9.103,8.451
2016-08-23,8.531,8.6,8.685,8.451
2016-08-24,8.645,8.486,8.695,8.421
2016-08-25,8.486,8.302,8.506,8.133
2016-08-26,8.292,8.456,8.55,8.282
2016-08-29,8.501,8.456,8.605,8.406
2016-08-30,8.456,8.237,8.6,8.237
2016-08-31,8.257,8.247,8.262,7.829
2016-09-01,8.202,8.192,8.317,8.078
2016-09-02,8.192,8.108,8.192,7.978
2016-09-05,8.103,8.053,8.207,7.958
2016-09-06,8.048,8.471,8.481,7.978
2016-09-07,8.386,8.7,8.7,8.386
2016-09-08,8.521,8.675,8.749,8.521
2016-09-09,8.7,8.506,8.824,8.456
2016-09-12,8.446,8.073,8.446,7.655
2016-09-13,8.108,8.088,8.237,8.008
2016-09-14,8.023,8.177,8.262,7.939
2016-09-19,8.123,8.242,8.346,8.123
2016-09-20,8.242,8.177,8.292,8.043
2016-09-21,8.202,8.148,8.262,8.108
2016-09-22,8.232,8.157,8.292,8.118
2016-09-23,8.157,8.148,8.237,8.063
2016-09-26,8.148,7.899,8.162,7.884
2016-09-27,7.909,7.998,8.038,7.814
2016-09-28,7.884,8.008,8.123,7.884
2016-09-29,8.008,8.063,8.152,7.929
2016-09-30,8.133,8.058,8.177,8.013
2016-10-10,8.157,8.297,8.297,8.068
2016-10-11,8.302,8.297,8.356,8.232
2016-10-12,8.277,8.272,8.332,8.212
2016-10-13,8.292,8.302,8.416,8.237
2016-10-14,8.292,8.162,8.297,8.083
2016-10-17,8.247,8.346,8.501,8.247
2016-10-18,8.346,8.396,8.441,8.207
2016-10-19,8.356,8.351,8.441,8.282
2016-10-20,8.337,8.451,8.471,8.312
2016-10-21,8.441,8.332,8.526,8.282
2016-10-24,8.366,8.337,8.401,8.292
2016-10-25,8.366,8.381,8.436,8.337
2016-10-26,8.401,8.307,8.421,8.222
2016-10-27,8.307,8.784,8.928,8.277
2016-10-28,8.814,8.456,8.829,8.406
2016-10-31,8.481,8.486,8.7,8.396
2016-11-01,8.466,8.565,8.62,8.466
2016-11-02,8.565,8.63,8.774,8.526
2016-11-03,8.605,8.754,8.874,8.57
2016-11-04,8.754,8.844,8.859,8.695
2016-11-07,8.794,8.769,8.899,8.739
2016-11-08,8.764,8.695,8.794,8.61
2016-11-09,8.754,8.685,8.839,8.545
2016-11-10,8.72,8.799,8.849,8.635
2016-11-11,8.774,8.814,8.829,8.65
2016-11-14,8.804,8.764,8.998,8.705
2016-11-15,8.734,8.744,8.844,8.66
2016-11-16,8.789,8.899,8.923,8.759
2016-11-17,8.899,8.894,9.132,8.834
2016-11-18,8.839,8.869,8.953,8.759
2016-11-21,8.869,9.038,9.058,8.774
2016-11-22,9.008,9.088,9.093,8.948
2016-11-23,9.078,8.904,9.192,8.824
2016-11-24,8.859,8.69,8.938,8.69
2016-11-25,8.685,8.625,8.794,8.511
2016-11-28,8.65,9.018,9.108,8.605
2016-11-29,8.953,8.918,9.083,8.894
2016-11-30,8.894,9.301,9.6,8.879
2016-12-01,9.297,9.227,9.381,9.048
2016-12-02,9.142,8.63,9.202,8.61
2016-12-05,8.605,8.356,8.62,8.257
2016-12-06,8.381,8.426,8.496,8.307
2016-12-07,8.381,8.461,8.481,8.252
2016-12-08,8.456,8.531,8.62,8.381
2016-12-09,8.501,8.496,8.685,8.476
2016-12-12,8.456,7.954,8.575,7.874
2016-12-13,7.949,7.869,8.008,7.561
2016-12-14,7.899,7.914,8.053,7.824
2016-12-15,7.899,7.919,8.038,7.834
2016-12-16,7.919,7.998,8.023,7.859
2016-12-19,7.958,7.889,7.958,7.809
2016-12-20,7.909,7.809,7.949,7.72
2016-12-21,7.799,7.804,7.869,7.735
2016-12-22,7.784,7.645,7.829,7.561
2016-12-23,7.635,7.645,7.76,7.635
2016-12-26,7.571,7.59,7.685,7.401
2016-12-27,7.635,7.774,7.794,7.58
2016-12-28,7.774,7.65,7.774,7.615
2016-12-29,7.65,7.799,7.839,7.585
2016-12-30,7.854,8.023,8.058,7.774
2017-01-03,8.008,8.068,8.202,7.914
2017-01-04,8.083,8.227,8.247,7.993
2017-01-05,8.172,8.595,8.685,8.073
2017-01-06,8.466,8.59,8.948,8.406
2017-01-09,8.555,8.461,8.575,8.332
2017-01-10,8.526,8.545,8.595,8.396
2017-01-11,8.535,8.307,8.535,8.207
2017-01-12,8.222,8.083,8.282,8.083
2017-01-13,8.093,7.69,8.133,7.69
2017-01-16,7.7,6.944,7.735,6.919
2017-01-17,6.944,6.959,7.043,6.407
2017-01-18,6.819,6.675,6.859,6.616
2017-01-19,6.7,6.814,6.884,6.596
2017-01-20,6.839,6.944,7.028,6.745
2017-01-23,6.949,6.859,7.093,6.834
2017-01-24,6.909,6.899,6.964,6.839
2017-01-25,6.899,6.964,7.003,6.839
2017-01-26,6.919,7.053,7.058,6.919
2017-02-03,7.073,7.118,7.192,6.964
2017-02-06,7.123,7.192,7.192,7.013
2017-02-07,7.143,7.078,7.173,7.013
2017-02-08,7.068,7.138,7.178,7.043
2017-02-09,7.118,7.252,7.322,7.118
2017-02-10,7.287,7.183,7.332,7.138
2017-02-13,7.222,7.327,7.327,7.128
2017-02-14,7.327,7.337,7.382,7.272
2017-02-15,7.352,7.217,7.441,7.192
2017-02-16,7.202,7.217,7.317,7.183
2017-02-17,7.212,7.013,7.312,6.989
2017-02-20,7.063,7.237,7.237,6.964
2017-02-21,7.247,7.401,7.6,7.247
2017-02-22,7.396,7.257,7.441,7.178
2017-02-23,7.257,7.242,7.282,7.183
2017-02-24,7.197,7.396,7.431,7.197
2017-02-27,7.401,7.307,7.421,7.272
2017-02-28,7.357,7.372,7.386,7.287
2017-03-01,7.372,7.386,7.466,7.332
2017-03-02,7.372,7.272,7.411,7.267
2017-03-03,7.272,7.317,7.347,7.192
2017-03-06,7.322,7.516,7.546,7.267
2017-03-07,7.501,7.541,7.585,7.471
2017-03-08,7.536,7.421,7.625,7.421
2017-03-09,7.421,7.471,7.546,7.267
2017-03-10,7.471,7.377,7.546,7.332
2017-03-13,7.332,7.411,7.436,7.212
2017-03-14,7.411,7.436,7.546,7.386
2017-03-15,7.461,7.416,7.511,7.367
2017-03-16,7.367,7.476,7.481,7.367
2017-03-17,7.471,7.491,7.635,7.441
2017-03-20,7.471,7.62,7.65,7.471
2017-03-21,7.64,7.571,7.7,7.516
2017-03-22,7.531,7.391,7.531,7.337
2017-03-23,7.377,7.486,7.506,7.312
2017-03-24,7.461,7.451,7.511,7.391
2017-03-27,7.436,7.426,7.496,7.382
2017-03-28,7.391,7.377,7.451,7.367
2017-03-29,7.327,6.879,7.327,6.854
2017-03-30,6.805,6.879,6.939,6.805
2017-03-31,6.909,6.675,6.949,6.541
2017-04-05,6.735,6.854,6.884,6.65
2017-04-06,6.864,6.894,6.914,6.814
2017-04-07,6.879,6.76,6.914,6.745
2017-04-10,6.75,6.735,6.884,6.72
2017-04-11,6.765,6.869,6.874,6.71
2017-04-12,6.859,6.69,6.859,6.645
2017-04-13,6.65,6.695,6.765,6.65
2017-04-14,6.675,6.496,6.695,6.466
2017-04-17,6.471,6.188,6.476,6.128
2017-04-18,6.193,6.039,6.312,5.994
2017-04-19,6.039,6.088,6.093,5.874
2017-04-20,6.029,5.894,6.063,5.82
2017-04-21,5.919,5.899,6.004,5.859
2017-04-24,5.899,5.939,6.048,5.76
2017-04-25,5.939,5.869,6.014,5.869
2017-04-26,5.919,5.999,5.999,5.874
2017-04-27,5.969,6.178,6.237,5.874
2017-04-28,6.158,6.218,6.307,6.083
2017-05-02,6.168,6.143,6.247,6.108
2017-05-03,6.148,6.168,6.223,6.088
2017-05-04,6.168,6.178,6.228,6.118
2017-05-05,6.178,5.999,6.178,5.959
2017-05-08,6.014,5.969,6.088,5.894
2017-05-09,5.969,6.083,6.088,5.914
2017-05-10,6.083,6.093,6.193,5.994
2017-05-11,5.984,6.083,6.103,5.81
2017-05-12,6.043,6.024,6.143,5.919
2017-05-15,6.034,6.034,6.093,5.999
2017-05-16,6.058,6.228,6.233,5.964
2017-05-17,6.218,6.203,6.282,6.183
2017-05-18,6.063,6.093,6.188,6.063
2017-05-19,6.098,6.083,6.123,6.019
2017-05-22,6.083,6.024,6.118,5.949
2017-05-23,5.974,5.496,5.994,5.471
2017-05-24,5.467,5.462,5.551,5.302
2017-05-25,5.481,5.521,5.541,5.312
2017-05-26,5.511,5.576,5.606,5.481
2017-05-31,5.671,5.611,5.795,5.611
2017-06-01,5.566,5.471,5.641,5.437
2017-06-02,5.461,5.586,5.641,5.387
2017-06-05,5.606,5.666,5.716,5.561
2017-06-06,5.676,5.686,5.711,5.626
2017-06-07,5.686,5.835,5.88,5.686
2017-06-08,5.83,5.83,5.865,5.795
2017-06-09,5.83,5.92,5.92,5.74
2017-06-12,5.88,5.75,5.885,5.706
2017-06-13,5.78,5.845,5.885,5.731
2017-06-14,5.82,5.88,5.895,5.795
2017-06-15,5.88,5.93,6.049,5.86
2017-06-16,5.94,5.98,6.0,5.9
2017-06-19,5.96,6.01,6.039,5.93
2017-06-20,6.02,5.99,6.089,5.975
2017-06-21,5.945,5.94,6.015,5.865
2017-06-22,5.95,5.875,5.97,5.835
2017-06-23,5.95,5.84,5.95,5.646
2017-06-26,5.83,5.955,5.965,5.805
2017-06-27,5.985,6.064,6.099,5.945
2017-06-28,6.054,6.239,6.428,6.024
2017-06-29,6.224,6.234,6.274,6.154
2017-06-30,6.234,6.368,6.403,6.154
2017-07-03,6.373,6.373,6.418,6.264
2017-07-04,6.353,6.373,6.413,6.304
2017-07-05,6.368,6.338,6.378,6.269
2017-07-06,6.363,6.338,6.438,6.184
2017-07-07,6.358,6.348,6.418,6.314
2017-07-10,6.363,6.443,6.538,6.348
2017-07-11,6.398,6.353,6.443,6.229
2017-07-12,6.333,6.314,6.343,6.229
2017-07-13,6.234,6.428,6.548,6.234
2017-07-14,6.478,6.338,6.493,6.318
2017-07-17,6.284,5.935,6.318,5.89
2017-07-18,5.905,6.059,6.124,5.905
2017-07-19,6.029,6.094,6.114,5.995
2017-07-20,6.099,6.184,6.309,6.054
2017-07-21,6.159,6.229,6.254,6.129
2017-07-24,6.189,6.294,6.299,6.154
2017-07-25,6.274,6.318,6.323,6.214
2017-07-26,6.328,6.368,6.438,6.264
2017-07-27,6.383,6.503,6.593,6.299
2017-07-28,6.483,6.388,6.498,6.383
2017-07-31,6.368,6.338,6.428,6.318
2017-08-01,6.338,6.314,6.378,6.264
2017-08-02,6.348,6.338,6.398,6.269
2017-08-03,6.318,6.343,6.398,6.309
2017-08-04,6.314,6.169,6.343,6.164
2017-08-07,6.159,6.214,6.279,6.159
2017-08-08,6.219,6.249,6.269,6.144
2017-08-09,6.244,6.259,6.289,6.204
2017-08-10,6.274,6.249,6.274,6.104
2017-08-11,6.214,6.024,6.224,6.01
2017-08-14,6.084,6.304,6.304,6.054
2017-08-15,6.314,6.388,6.398,6.289
2017-08-16,6.388,6.393,6.428,6.309
2017-08-17,6.368,6.478,6.478,6.353
2017-08-18,6.453,6.378,6.523,6.338
2017-08-21,6.408,6.373,6.438,6.328
2017-08-22,6.393,6.468,6.468,6.333
2017-08-23,6.493,6.353,6.508,6.318
2017-08-24,6.333,6.249,6.348,6.209
2017-08-25,6.239,6.284,6.314,6.194
2017-08-28,6.279,6.428,6.438,6.274
2017-08-29,6.428,6.348,6.463,6.348
2017-08-30,6.373,6.378,6.448,6.318
2017-08-31,6.413,6.393,6.413,6.328
2017-09-01,6.393,6.627,6.627,6.343
2017-09-04,6.617,6.642,6.647,6.523
2017-09-05,6.642,6.677,6.702,6.533
2017-09-06,6.667,6.637,6.667,6.538
2017-09-07,6.667,6.553,6.737,6.553
2017-09-08,6.543,6.598,6.642,6.528
2017-09-11,6.583,6.687,6.847,6.578
2017-09-12,6.672,6.598,6.762,6.588
2017-09-13,6.573,6.563,6.622,6.468
2017-09-14,6.533,6.627,6.712,6.533
2017-09-15,6.627,6.608,6.647,6.503
2017-09-18,6.627,6.737,6.802,6.593
2017-09-19,6.732,6.812,6.842,6.697
2017-09-20,6.812,6.832,6.951,6.732
2017-09-21,6.792,6.762,6.906,6.752
2017-09-22,6.742,6.652,6.762,6.627
2017-09-25,6.632,6.682,6.687,6.598
2017-09-26,6.702,6.727,6.757,6.563
2017-09-27,6.762,6.737,6.777,6.657
2017-09-28,6.797,6.827,6.926,6.603
2017-09-29,6.897,6.877,6.897,6.762
2017-10-09,6.921,7.056,7.061,6.827
2017-10-10,7.011,7.021,7.026,6.956
2017-10-11,6.986,6.877,7.016,6.837
2017-10-12,6.857,6.931,7.051,6.842
2017-10-13,6.926,6.996,7.001,6.882
2017-10-16,7.031,6.877,7.116,6.862
2017-10-17,6.877,6.911,7.021,6.877
2017-10-18,6.926,6.862,6.956,6.827
2017-10-19,6.862,6.747,6.966,6.727
2017-10-20,6.747,6.827,6.916,6.647
2017-10-23,6.931,6.892,6.931,6.787
2017-10-24,6.897,6.797,6.897,6.757
2017-10-25,6.847,6.877,6.911,6.782
2017-10-26,6.877,6.941,7.016,6.777
2017-10-27,6.971,6.911,6.971,6.867
2017-10-30,6.902,6.667,6.911,6.617
2017-10-31,6.647,6.732,6.782,6.608
2017-11-01,6.732,6.767,6.812,6.687
2017-11-02,6.727,6.702,6.797,6.682
2017-11-03,6.657,6.578,6.757,6.483
2017-11-06,6.533,6.548,6.622,6.488
2017-11-07,6.568,6.588,6.593,6.523
2017-11-08,6.608,6.767,6.837,6.548
2017-11-09,6.837,6.862,6.877,6.752
2017-11-10,6.862,6.971,7.016,6.807
2017-11-13,7.031,6.976,7.061,6.921
2017-11-14,6.981,7.27,7.34,6.941
2017-11-15,7.205,7.21,7.405,7.181
2017-11-16,7.225,7.445,7.524,7.21
2017-11-17,7.465,7.151,7.485,7.066
2017-11-20,7.166,7.25,7.33,6.717
2017-11-21,7.24,7.574,7.649,7.176
2017-11-22,7.674,7.549,7.739,7.41
2017-11-23,7.465,7.544,7.689,7.415
2017-11-24,7.524,7.823,7.923,7.46
2017-11-27,7.833,7.759,7.868,7.629
2017-11-28,7.724,7.998,8.038,7.589
2017-11-29,8.013,8.172,8.267,7.893
2017-11-30,8.147,8.008,8.232,7.903
2017-12-01,7.973,8.018,8.177,7.863
2017-12-04,7.983,8.112,8.242,7.973
2017-12-05,8.137,7.714,8.137,7.654
2017-12-06,7.759,7.923,8.018,7.679
2017-12-07,7.983,7.873,8.222,7.774
2017-12-08,7.923,8.107,8.197,7.774
2017-12-11,8.107,8.391,8.541,8.107
2017-12-12,8.302,8.312,8.426,8.267
2017-12-13,8.312,8.347,8.431,8.207
2017-12-14,8.347,8.342,8.441,8.097
2017-12-15,8.342,8.157,8.371,8.033
2017-12-18,8.197,8.252,8.327,8.082
2017-12-19,8.222,8.586,8.611,8.207
2017-12-20,8.616,8.94,9.074,8.586
2017-12-21,8.83,9.029,9.044,8.82
2017-12-22,9.039,9.124,9.179,8.895
2017-12-25,9.049,8.91,9.179,8.71
2017-12-26,8.775,8.88,8.935,8.651
2017-12-27,9.009,9.144,9.443,8.785
2017-12-28,9.074,9.209,9.333,9.004
2017-12-29,9.214,9.029,9.263,8.92
2018-01-02,9.049,9.149,9.253,8.905
2018-01-03,9.159,8.945,9.164,8.875
2018-01-04,8.994,8.835,9.074,8.765
2018-01-05,8.88,8.82,8.959,8.735
2018-01-08,8.805,8.636,8.85,7.973
2018-01-09,8.491,8.745,8.79,8.476
2018-01-10,8.695,8.695,8.785,8.611
2018-01-11,8.765,8.69,8.795,8.376
2018-01-12,8.601,8.745,8.785,8.546
2018-01-15,8.72,8.74,8.85,8.631
2018-01-16,8.74,8.616,8.82,8.576
2018-01-17,8.586,8.616,8.775,8.222
2018-01-18,8.621,8.541,8.631,8.371
2018-01-19,8.431,8.376,8.541,8.302
2018-01-22,8.431,8.461,8.601,8.317
2018-01-23,8.471,8.496,8.521,8.352
2018-01-24,8.471,9.094,9.244,8.376
2018-01-25,9.084,9.124,9.219,9.039
2018-01-26,9.104,8.935,9.144,8.895
2018-01-29,8.895,8.675,8.979,8.471
2018-01-30,8.7,8.636,8.795,8.511
2018-01-31,8.586,8.606,8.685,8.411
2018-02-01,8.546,8.073,8.601,7.744
2018-02-02,7.878,8.082,8.277,7.754
2018-02-05,8.117,8.117,8.347,7.878
2018-02-06,8.097,7.908,8.107,7.664
2018-02-07,7.978,7.938,8.077,7.664
2018-02-08,7.938,8.421,8.481,7.923
2018-02-09,8.421,7.873,8.421,7.649
2018-02-12,7.933,8.112,8.202,7.868
2018-02-13,8.102,7.878,8.142,7.783
2018-02-14,7.908,7.709,7.908,7.465
2018-02-22,7.918,7.779,7.918,7.719
2018-02-23,7.813,7.983,8.003,7.734
2018-02-26,8.082,8.058,8.132,7.833
2018-02-27,8.058,8.142,8.386,8.058
2018-02-28,8.077,8.202,8.312,8.013
2018-03-01,8.117,8.421,8.431,8.077
2018-03-02,8.292,8.626,8.845,8.292
2018-03-05,8.626,8.636,8.85,8.561
2018-03-06,8.656,8.71,8.785,8.601
2018-03-07,8.715,8.685,8.955,8.651
2018-03-08,8.695,8.611,8.81,8.486
2018-03-09,8.631,8.865,8.945,8.626
2018-03-12,8.895,9.204,9.368,8.895
2018-03-13,9.204,9.363,9.363,9.059
2018-03-14,9.209,8.974,9.293,8.969
2018-03-15,8.95,8.815,9.024,8.621
2018-03-16,8.815,8.665,8.87,8.571
2018-03-19,8.69,8.69,8.79,8.591
2018-03-20,8.621,8.715,8.75,8.401
2018-03-21,8.67,8.67,8.969,8.626
2018-03-22,8.596,8.451,8.795,8.396
2018-03-23,8.122,7.694,8.317,7.604
2018-03-26,7.574,7.808,7.808,7.475
2018-03-27,7.903,8.058,8.102,7.903
2018-03-28,7.948,7.903,8.038,7.883
2018-03-29,7.948,7.988,8.073,7.838
2018-03-30,8.023,8.227,8.252,7.993
2018-04-02,8.242,8.431,8.571,8.127
2018-04-03,8.262,8.287,8.451,8.187
2018-04-04,8.287,8.357,8.616,8.287
2018-04-09,8.247,8.7,8.705,8.227
2018-04-10,8.551,8.81,8.895,8.526
2018-04-11,8.865,8.9,8.994,8.735
2018-04-12,8.87,8.855,9.019,8.78
2018-04-13,8.945,8.945,9.064,8.85
2018-04-16,8.935,8.895,9.089,8.795
2018-04-17,8.91,8.75,9.014,8.621
2018-04-18,8.795,9.029,9.109,8.735
2018-04-19,9.029,8.885,9.119,8.84
2018-04-20,8.795,8.456,8.915,8.371
2018-04-23,8.511,8.571,8.74,8.406
2018-04-24,8.656,8.775,8.8,8.481
2018-04-25,8.83,8.989,9.059,8.74
2018-04-26,8.89,8.621,9.059,8.571
2018-04-27,8.596,8.222,8.72,8.028
2018-05-02,8.182,8.172,8.322,7.998
2018-05-03,8.063,8.172,8.207,7.798
2018-05-04,8.087,8.162,8.252,8.018
2018-05-07,8.167,8.521,8.596,8.137
2018-05-08,8.531,8.606,8.695,8.421
2018-05-09,8.71,8.94,9.019,8.71
2018-05-10,8.92,8.969,9.009,8.75
2018-05-11,8.964,8.83,9.034,8.78
2018-05-14,8.89,8.571,8.925,8.411
2018-05-15,8.54,9.15,9.43,8.5
2018-05-16,9.05,8.86,9.28,8.79
2018-05-17,8.95,9.12,9.65,8.95
2018-05-18,9.3,8.85,9.45,8.77
2018-05-21,8.99,8.84,9.06,8.69
2018-05-22,8.9,8.81,8.9,8.58
2018-05-23,8.75,8.88,8.98,8.61
2018-05-24,8.81,8.55,8.93,8.36
2018-05-25,8.54,8.54,8.77,8.41
