date,open,close,high,low
2016-01-04,44.961,40.648,44.961,40.648
2016-01-05,37.142,39.544,40.598,37.142
2016-01-06,39.663,40.44,40.712,38.722
2016-01-07,39.613,36.394,39.613,36.394
2016-01-08,37.078,35.157,37.078,33.23
2016-01-11,33.671,31.641,34.562,31.641
2016-01-12,32.062,31.933,32.294,30.245
2016-01-13,31.978,29.546,32.285,29.378
2016-01-14,27.729,30.7,31.928,27.259
2016-01-15,30.304,29.056,31.037,28.482
2016-01-18,27.482,30.007,30.636,27.041
2016-01-19,29.838,31.076,31.522,29.215
2016-01-20,30.71,31.443,32.384,30.69
2016-01-21,30.814,29.71,32.181,29.71
2016-01-22,30.264,31.2,31.235,28.967
2016-01-25,31.383,31.289,32.126,30.7
2016-01-26,30.452,28.16,30.948,28.16
2016-01-27,27.868,27.269,28.224,25.342
2016-01-28,26.491,25.862,27.333,25.753
2016-01-29,25.625,27.566,28.016,25.575
2016-02-01,27.269,27.808,28.195,26.853
2016-02-02,27.873,28.888,29.556,27.566
2016-02-03,28.521,28.586,28.818,27.685
2016-02-04,28.586,29.606,29.814,28.586
2016-02-05,29.606,28.719,29.739,28.719
2016-02-15,27.709,28.764,29.16,27.165
2016-02-16,29.066,30.304,30.428,28.823
2016-02-17,30.205,31.542,32.621,29.878
2016-02-18,31.854,31.527,32.483,31.294
2016-02-19,31.344,31.671,31.789,30.943
2016-02-22,32.087,34.151,34.656,31.448
2016-02-23,33.968,34.151,34.439,32.671
2016-02-24,33.78,33.582,34.29,32.463
2016-02-25,33.082,30.225,33.577,30.225
2016-02-26,30.7,29.655,30.759,28.977
2016-02-29,29.462,26.689,29.462,26.689
2016-03-01,24.783,27.521,28.041,24.783
2016-03-02,27.234,28.734,29.16,27.184
2016-03-03,28.724,28.69,29.71,28.69
2016-03-04,28.388,26.145,29.066,25.823
2016-03-07,26.739,26.729,27.581,26.343
2016-03-08,26.59,26.991,27.125,24.738
2016-03-09,26.15,26.13,26.981,25.947
2016-03-10,26.135,25.753,26.531,25.694
2016-03-11,25.689,25.986,26.244,25.253
2016-03-14,26.491,27.501,28.17,26.491
2016-03-15,27.432,27.234,27.828,27.041
2016-03-16,28.051,26.882,28.219,26.541
2016-03-17,27.333,28.407,28.472,26.793
2016-03-18,28.625,29.809,30.388,28.591
2016-03-21,30.651,30.859,30.948,30.007
2016-03-22,30.725,30.656,31.096,30.279
2016-03-23,30.353,30.948,31.052,30.205
2016-03-24,30.75,31.195,31.433,30.344
2016-03-25,30.948,30.715,31.096,30.22
2016-03-28,30.948,30.631,31.438,30.353
2016-03-29,30.621,29.071,30.621,28.917
2016-03-30,29.413,30.967,31.131,29.378
2016-03-31,31.443,32.809,34.062,31.393
2016-04-01,32.785,35.008,35.582,32.186
2016-04-05,35.152,36.454,37.038,35.117
2016-04-06,36.097,37.464,37.88,34.661
2016-04-07,37.261,38.771,41.074,36.924
2016-04-08,38.276,40.108,40.92,37.88
2016-04-11,39.663,40.108,41.48,39.123
2016-04-12,39.623,36.994,39.9,36.345
2016-04-13,37.36,37.003,38.222,36.989
2016-04-14,37.335,36.974,37.84,36.454
2016-04-15,37.276,37.286,38.128,37.008
2016-04-18,36.89,36.389,37.157,34.85
2016-04-19,37.132,36.642,37.355,36.147
2016-04-20,36.959,35.161,38.053,33.968
2016-04-21,35.454,34.414,36.29,34.315
2016-04-22,34.414,36.246,36.642,33.25
2016-04-25,35.652,38.187,38.202,34.919
2016-04-26,36.474,35.389,37.38,34.622
2016-04-27,35.439,34.221,35.627,34.191
2016-04-28,33.859,33.334,34.216,32.002
2016-04-29,33.077,33.082,33.656,32.795
2016-05-03,33.186,34.374,34.414,32.834
2016-05-04,34.513,34.538,35.231,34.364
2016-05-05,34.414,35.216,35.355,34.404
2016-05-06,35.256,32.983,36.013,32.859
2016-05-09,32.765,30.452,32.765,30.259
2016-05-10,30.7,30.72,31.195,30.556
2016-05-11,30.913,30.205,31.438,30.195
2016-05-12,29.7,30.19,30.205,28.502
2016-05-13,30.19,30.373,30.67,29.71
2016-05-16,30.398,31.418,31.423,29.858
2016-05-17,31.468,31.492,31.953,31.096
2016-05-18,31.438,29.71,31.438,29.512
2016-05-19,29.715,29.784,30.68,29.536
2016-05-20,29.512,30.452,30.651,28.719
2016-05-23,30.547,31.344,31.344,30.502
2016-05-24,31.17,30.477,31.507,30.368
2016-05-25,30.799,30.482,31.294,30.443
2016-05-26,30.7,33.176,33.324,30.284
2016-05-27,32.943,32.73,33.671,32.433
2016-05-30,32.433,32.032,32.809,31.695
2016-05-31,31.958,34.047,34.354,31.869
2016-06-01,34.046,34.932,35.31,33.359
2016-06-02,34.564,34.594,35.241,33.847
2016-06-03,34.743,34.285,34.823,33.897
2016-06-06,34.355,35.201,35.34,34.126
2016-06-07,35.042,34.743,35.32,34.395
2016-06-08,34.683,34.255,34.892,33.767
2016-06-13,33.638,30.831,33.648,30.831
2016-06-14,30.034,30.174,30.701,29.736
2016-06-15,29.865,31.418,31.757,29.746
2016-06-16,31.458,30.532,31.627,29.945
2016-06-17,30.741,31.159,31.388,30.661
2016-06-20,31.149,32.075,32.304,30.671
2016-06-21,32.294,32.105,32.941,32.075
2016-06-22,31.956,32.752,32.881,31.836
2016-06-23,32.951,32.443,33.309,31.906
2016-06-24,32.453,31.508,32.782,29.875
2016-06-27,30.97,32.473,32.603,30.97
2016-06-28,32.344,33.25,33.419,32.254
2016-06-29,33.349,32.891,33.439,32.652
2016-06-30,32.931,33.041,33.11,32.762
2016-07-01,32.951,33.001,33.648,32.782
2016-07-04,32.961,33.618,33.827,32.762
2016-07-05,33.817,33.807,33.976,33.26
2016-07-06,33.409,33.817,33.847,33.349
2016-07-07,33.907,34.753,35.091,33.608
2016-07-08,33.827,34.544,34.693,33.728
2016-07-11,34.305,35.181,35.639,34.235
2016-07-12,35.43,36.346,36.654,34.763
2016-07-13,36.336,36.027,36.784,35.539
2016-07-14,35.788,35.977,36.326,35.589
2016-07-15,35.977,35.768,36.127,35.052
2016-07-18,35.35,34.952,35.768,34.544
2016-07-19,34.862,35.191,35.191,34.544
2016-07-20,35.241,35.121,35.629,35.032
2016-07-21,35.042,34.952,35.47,34.733
2016-07-22,34.972,34.146,35.091,33.957
2016-07-25,34.176,34.086,34.733,33.996
2016-07-26,34.086,34.843,35.032,33.867
2016-07-27,35.131,31.448,35.151,31.408
2016-07-28,31.557,31.637,31.806,30.462
2016-07-29,31.617,31.219,31.786,30.871
2016-08-01,31.159,29.865,31.159,28.651
2016-08-02,30.044,30.572,30.661,29.915
2016-08-03,30.572,30.612,30.841,30.213
2016-08-04,30.661,31.09,31.637,30.661
2016-08-05,31.169,31.09,31.657,31.05
2016-08-08,31.219,31.846,31.956,30.9
2016-08-09,31.846,32.623,32.652,31.747
2016-08-10,32.652,32.244,32.732,32.165
2016-08-11,32.005,31.886,32.433,31.577
2016-08-12,31.856,32.254,32.433,31.458
2016-08-15,32.354,33.17,33.748,31.856
2016-08-16,33.349,33.21,33.678,32.891
2016-08-17,33.27,33.15,33.349,33.001
2016-08-18,33.061,33.14,33.329,32.752
2016-08-19,33.18,32.881,33.23,32.752
2016-08-22,32.891,32.682,33.1,32.135
2016-08-23,32.642,32.503,32.931,32.453
2016-08-24,32.832,32.911,33.13,32.503
2016-08-25,32.991,32.642,32.991,32.055
2016-08-26,32.533,32.772,33.031,32.463
2016-08-29,32.852,33.329,33.827,32.752
2016-08-30,33.329,33.23,33.499,33.041
2016-08-31,33.2,33.25,33.379,32.772
2016-09-01,33.26,33.359,33.648,33.081
2016-09-02,33.27,33.2,33.598,32.752
2016-09-05,33.25,33.379,33.927,33.25
2016-09-06,33.509,34.444,34.504,33.11
2016-09-07,34.245,34.395,35.34,34.086
2016-09-08,34.096,34.444,34.544,34.096
2016-09-09,34.355,34.166,34.594,33.847
2016-09-12,33.668,32.742,33.668,32.433
2016-09-13,32.742,33.2,33.27,32.742
2016-09-14,33.051,33.459,34.016,32.891
2016-09-19,33.359,34.663,34.813,33.359
2016-09-20,34.633,35.619,35.639,34.524
2016-09-21,35.619,35.241,36.007,35.241
2016-09-22,35.35,35.231,35.997,35.012
2016-09-23,35.44,35.211,35.719,35.181
2016-09-26,34.843,35.012,35.44,34.146
2016-09-27,34.833,34.872,35.042,34.156
2016-09-28,35.4,34.992,35.4,34.405
2016-09-29,34.942,35.241,35.33,34.753
2016-09-30,35.241,35.609,35.709,34.972
2016-10-10,35.619,36.535,36.674,35.619
2016-10-11,36.674,36.734,37.64,36.535
2016-10-12,36.794,37.182,37.491,36.505
2016-10-13,37.381,37.71,37.829,37.232
2016-10-14,37.68,37.082,37.68,36.505
2016-10-17,37.033,36.535,37.401,36.256
2016-10-18,36.435,37.282,37.331,36.336
2016-10-19,37.132,37.729,37.799,36.734
2016-10-20,37.829,38.187,38.317,37.411
2016-10-21,38.227,37.471,38.247,37.291
2016-10-24,37.61,37.749,38.008,36.834
2016-10-25,37.739,37.64,37.978,37.481
2016-10-26,37.66,37.182,37.978,36.873
2016-10-27,37.282,36.973,37.282,36.834
2016-10-28,37.033,36.535,37.182,36.037
2016-10-31,36.435,37.023,37.082,36.236
2016-11-01,37.202,37.71,37.799,36.943
2016-11-02,37.729,38.078,39.113,37.729
2016-11-03,38.088,39.382,40.995,37.69
2016-11-04,40.567,38.576,40.567,38.476
2016-11-07,38.874,39.531,39.78,38.665
2016-11-08,39.82,39.969,41.015,39.72
2016-11-09,39.969,39.273,40.427,37.829
2016-11-10,39.711,40.019,40.308,39.372
2016-11-11,40.019,42.11,42.309,39.601
2016-11-14,42.269,42.12,43.981,41.731
2016-11-15,42.807,42.428,42.946,41.423
2016-11-16,42.458,42.01,44.18,41.811
2016-11-17,41.911,40.995,41.911,40.567
2016-11-18,40.905,41.711,41.801,40.686
2016-11-21,41.313,40.915,41.562,39.92
2016-11-22,40.885,42.697,42.996,40.885
2016-11-23,42.807,42.189,43.304,41.821
2016-11-24,42.09,41.502,42.976,41.313
2016-11-25,41.672,40.318,41.771,38.765
2016-11-28,40.368,39.75,40.587,39.531
2016-11-29,39.75,38.725,39.76,38.725
2016-11-30,37.939,38.645,39.402,37.939
2016-12-01,38.426,38.277,38.805,37.879
2016-12-02,38.307,38.904,38.974,37.899
2016-12-05,38.904,38.227,38.904,37.859
2016-12-06,38.227,38.924,38.924,37.949
2016-12-07,38.924,39.024,39.472,38.655
2016-12-08,38.805,37.899,38.805,37.899
2016-12-09,37.879,37.321,38.028,36.356
2016-12-12,37.51,34.464,37.789,34.444
2016-12-13,34.464,35.42,35.987,33.847
2016-12-14,35.4,35.739,36.276,35.191
2016-12-15,36.336,36.236,37.272,35.34
2016-12-16,35.848,36.664,36.903,35.848
2016-12-19,36.804,37.072,37.301,36.366
2016-12-20,37.192,37.122,37.282,36.794
2016-12-21,37.212,37.461,37.799,37.212
2016-12-22,37.56,37.431,37.729,37.172
2016-12-23,37.063,36.953,37.58,36.724
2016-12-26,37.013,37.799,37.859,35.838
2016-12-27,37.331,37.889,38.128,37.331
2016-12-28,37.829,37.988,38.426,37.67
2016-12-29,38.327,38.038,38.367,37.67
2016-12-30,38.267,38.426,38.426,37.739
2017-01-03,38.416,38.844,39.412,38.048
2017-01-04,38.904,38.227,39.591,38.207
2017-01-05,38.177,38.227,38.576,37.939
2017-01-06,37.958,37.51,38.297,37.242
2017-01-09,37.391,36.435,37.53,36.137
2017-01-10,36.764,36.435,36.764,36.017
2017-01-11,36.535,35.38,36.575,35.32
2017-01-12,35.589,35.42,35.848,35.111
2017-01-13,35.689,33.887,35.689,33.658
2017-01-16,33.847,31.139,34.275,30.502
2017-01-17,31.259,32.035,32.603,30.861
2017-01-18,32.035,31.766,32.234,31.657
2017-01-19,31.836,31.458,32.005,30.871
2017-01-20,31.259,32.204,32.414,31.219
2017-01-23,32.264,32.802,33.12,32.204
2017-01-24,32.832,32.812,33.369,32.712
2017-01-25,32.832,32.842,33.051,32.553
2017-01-26,32.871,32.652,33.21,32.652
2017-02-03,33.081,32.832,33.081,29.387
2017-02-06,32.613,33.29,33.349,32.414
2017-02-07,33.25,33.011,33.548,32.941
2017-02-08,32.881,33.25,33.319,32.702
2017-02-09,33.15,33.628,33.797,33.15
2017-02-10,33.658,33.369,33.927,33.309
2017-02-13,33.369,33.419,33.728,32.792
2017-02-14,33.459,33.14,33.638,33.051
2017-02-15,32.981,32.812,33.389,32.782
2017-02-16,32.842,32.623,32.842,32.324
2017-02-17,32.672,32.214,33.041,32.175
2017-02-20,32.304,32.543,32.852,32.304
2017-02-21,32.722,33.339,33.728,32.722
2017-02-22,33.568,33.001,33.568,32.782
2017-02-23,33.051,33.17,33.2,32.652
2017-02-24,33.12,33.847,33.927,33.011
2017-02-27,33.907,33.449,34.315,33.23
2017-02-28,33.728,33.449,33.728,33.25
2017-03-01,33.449,33.548,33.718,33.359
2017-03-02,33.708,33.17,33.708,33.12
2017-03-03,33.17,33.608,33.688,33.17
2017-03-06,33.489,34.295,34.783,33.489
2017-03-07,34.076,34.186,34.305,33.847
2017-03-08,34.106,34.036,34.295,33.897
2017-03-09,34.046,33.797,34.225,33.628
2017-03-10,33.867,33.897,34.036,33.648
2017-03-13,33.847,33.867,33.947,33.429
2017-03-14,33.907,33.698,34.086,33.449
2017-03-15,33.748,33.24,33.748,33.21
2017-03-16,33.419,33.728,33.777,33.18
2017-03-17,33.757,33.718,34.225,33.588
2017-03-20,33.718,34.046,34.066,33.678
2017-03-21,34.046,33.827,34.146,33.648
2017-03-22,33.708,33.548,33.748,33.16
2017-03-23,33.349,33.051,33.668,31.836
2017-03-24,32.961,32.931,33.14,32.583
2017-03-27,32.911,32.662,33.12,32.503
2017-03-28,32.692,32.762,32.931,32.523
2017-03-29,32.662,31.826,32.961,31.776
2017-03-30,31.806,30.462,31.806,30.343
2017-03-31,30.373,30.532,30.721,30.323
2017-04-05,30.602,31.607,31.607,30.552
2017-04-06,31.518,31.856,32.354,31.368
2017-04-07,32.075,31.886,32.075,31.567
2017-04-10,31.846,30.353,31.856,30.094
2017-04-11,30.532,30.801,30.841,29.865
2017-04-12,30.661,29.815,30.691,29.716
2017-04-13,29.895,30.004,30.343,29.696
2017-04-14,29.915,29.377,30.114,29.089
2017-04-17,29.049,28.262,29.308,27.894
2017-04-18,28.302,27.366,28.461,27.078
2017-04-19,27.307,27.327,27.327,26.182
2017-04-20,27.068,26.042,27.127,25.664
2017-04-21,26.032,25.843,26.331,25.793
2017-04-24,25.883,24.101,25.943,24.091
2017-04-25,24.101,24.26,24.559,24.012
2017-04-26,24.31,24.469,24.579,24.201
2017-04-27,24.529,25.007,25.107,23.822
2017-04-28,24.987,25.435,25.515,24.888
2017-05-02,25.405,25.465,25.873,25.196
2017-05-03,25.485,25.375,25.634,25.136
2017-05-04,25.415,25.375,25.754,25.246
2017-05-05,25.375,24.469,25.415,24.42
2017-05-08,24.221,24.012,24.549,23.822
2017-05-09,24.041,24.599,24.629,23.753
2017-05-10,24.669,24.26,25.336,24.24
2017-05-11,23.992,23.892,24.26,23.066
2017-05-12,23.892,23.653,24.012,23.434
2017-05-15,23.703,24.012,24.191,23.703
2017-05-16,24.061,24.708,24.878,23.713
2017-05-17,24.708,24.858,25.097,24.519
2017-05-18,24.669,24.688,25.047,24.519
2017-05-19,24.499,24.549,24.987,24.37
2017-05-22,24.579,23.633,24.828,23.494
2017-05-23,23.633,22.05,23.633,21.732
2017-05-24,21.971,22.309,22.449,21.553
2017-05-25,22.309,22.508,22.697,21.642
2017-05-26,22.488,22.459,22.648,22.249
2017-05-31,22.767,22.259,23.066,22.259
2017-06-01,22.249,20.736,22.269,20.706
2017-06-02,20.557,21.284,21.513,20.308
2017-06-05,21.214,21.563,21.672,21.214
2017-06-06,21.543,21.652,21.742,21.324
2017-06-07,21.752,22.349,22.518,21.632
2017-06-08,22.34,22.3,22.77,22.1
2017-06-09,22.25,22.4,22.45,22.03
2017-06-12,22.24,21.3,22.5,21.3
2017-06-13,21.15,22.24,22.3,21.15
2017-06-14,22.09,22.5,22.59,22.02
2017-06-15,22.5,23.15,23.25,22.32
2017-06-16,23.09,22.98,23.3,22.81
2017-06-19,22.98,23.1,23.14,22.64
2017-06-20,23.21,23.23,23.3,23.09
2017-06-21,23.16,23.0,23.21,22.75
2017-06-22,23.04,22.2,23.15,22.2
2017-06-23,22.16,21.92,22.37,21.56
2017-06-26,21.92,22.26,22.43,21.77
2017-06-27,22.17,22.45,22.55,22.17
2017-06-28,22.34,21.9,22.44,21.84
2017-06-29,21.91,22.25,22.47,21.91
2017-06-30,22.18,22.56,22.71,22.06
2017-07-03,22.61,22.91,23.0,22.61
2017-07-04,22.98,22.94,23.33,22.71
2017-07-05,22.94,23.07,23.1,22.51
2017-07-06,22.93,22.88,23.09,22.75
2017-07-07,22.77,22.98,23.03,22.74
2017-07-10,22.9,22.8,23.14,22.65
2017-07-11,22.69,22.5,22.95,22.5
2017-07-12,22.49,22.27,22.5,21.82
2017-07-13,22.22,22.05,22.34,21.94
2017-07-14,22.05,21.89,22.14,21.69
2017-07-17,21.8,20.0,21.8,19.7
2017-07-18,19.73,20.06,20.24,19.5
2017-07-19,19.93,20.15,20.16,19.85
2017-07-20,19.96,20.2,20.5,19.96
2017-07-21,20.03,19.98,20.35,19.9
2017-07-24,19.96,20.15,20.21,19.66
2017-07-25,20.12,20.23,20.28,20.01
2017-07-26,20.2,20.12,20.32,20.1
2017-07-27,20.11,20.9,21.1,20.02
2017-07-28,20.9,20.51,21.14,20.42
2017-07-31,20.4,20.55,20.75,20.34
2017-08-01,20.65,20.69,20.7,20.45
2017-08-02,20.66,20.3,20.66,20.21
2017-08-03,20.27,20.91,21.9,20.15
2017-08-04,21.0,20.6,21.07,20.6
2017-08-07,20.5,20.69,20.96,20.41
2017-08-08,20.78,21.08,21.15,20.42
2017-08-09,21.07,21.07,21.17,20.9
2017-08-10,21.0,20.8,21.17,20.62
2017-08-11,20.77,20.81,21.95,20.63
2017-08-14,20.71,21.29,21.32,20.65
2017-08-15,21.39,21.3,21.47,21.13
2017-08-16,21.21,21.56,21.77,21.21
2017-08-17,21.56,21.78,21.9,21.45
2017-08-18,21.6,21.54,21.8,21.36
2017-08-21,21.78,21.74,21.8,21.54
2017-08-22,21.73,21.52,21.75,21.41
2017-08-23,21.45,21.44,21.6,21.31
2017-08-24,21.27,21.17,21.58,21.08
2017-08-25,21.06,21.42,21.45,21.06
2017-08-28,21.54,22.0,22.0,21.42
2017-08-29,22.1,22.23,22.36,22.0
2017-08-30,22.23,22.12,22.26,22.01
2017-08-31,22.12,22.55,22.64,22.1
2017-09-01,22.47,22.69,22.8,22.39
2017-09-04,22.69,22.67,22.96,22.51
2017-09-05,22.66,22.6,22.76,22.5
2017-09-06,22.5,22.67,22.72,22.3
2017-09-07,22.56,22.73,22.83,22.56
2017-09-08,22.73,22.74,22.87,22.53
2017-09-11,22.63,22.93,22.99,22.63
2017-09-12,23.07,22.2,23.09,22.1
2017-09-13,22.07,22.44,22.48,22.06
2017-09-14,22.29,22.5,22.78,22.29
2017-09-15,22.39,22.32,22.5,22.06
2017-09-18,22.2,22.42,22.45,22.06
2017-09-19,22.41,22.5,22.57,22.32
2017-09-20,22.37,22.64,22.65,22.3
2017-09-21,22.69,22.49,22.69,22.36
2017-09-22,24.26,24.74,24.74,24.26
2017-09-25,25.0,24.67,26.35,24.52
2017-09-26,24.03,23.12,24.1,22.63
2017-09-27,23.3,23.7,23.85,23.01
2017-09-28,23.35,22.88,23.63,22.88
2017-09-29,22.91,22.99,23.1,22.7
2017-10-09,23.19,23.06,23.2,22.78
2017-10-10,23.02,23.93,23.97,23.0
2017-10-11,23.97,23.6,24.2,23.42
2017-10-12,23.57,23.7,23.93,23.45
2017-10-13,23.69,23.82,24.07,23.6
2017-10-16,23.7,22.93,23.7,22.75
2017-10-17,22.77,22.93,23.2,22.71
2017-10-18,22.97,22.17,23.02,22.02
2017-10-19,22.16,21.62,22.36,21.59
2017-10-20,21.55,21.99,22.05,21.55
2017-10-23,22.06,22.49,22.57,21.8
2017-10-24,22.54,23.42,23.55,22.35
2017-10-25,23.38,23.8,23.9,23.06
2017-10-26,23.75,23.6,24.0,23.42
2017-10-27,23.52,23.34,23.89,23.13
2017-10-30,23.2,23.25,23.99,23.03
2017-10-31,23.3,23.73,23.8,23.3
2017-11-01,23.7,24.27,24.35,23.63
2017-11-02,24.12,23.95,24.72,23.66
2017-11-03,23.76,23.79,23.95,23.5
2017-11-06,23.79,24.0,24.5,23.79
2017-11-07,23.82,23.99,24.24,23.82
2017-11-08,23.99,24.41,24.49,23.83
2017-11-09,24.45,25.71,25.96,24.11
2017-11-10,25.74,26.27,26.34,25.4
2017-11-13,26.27,25.7,26.31,25.7
2017-11-14,25.72,26.07,26.99,25.72
2017-11-15,26.2,25.56,26.2,25.24
2017-11-16,25.39,25.3,25.76,25.26
2017-11-17,25.26,24.5,25.44,24.26
2017-11-20,24.26,24.31,24.5,23.34
2017-11-21,24.35,24.23,24.4,23.7
2017-11-22,24.18,23.52,24.45,23.47
2017-11-23,23.77,23.24,23.83,23.2
2017-11-24,23.16,23.43,23.89,22.66
2017-11-27,23.62,23.12,23.62,23.1
2017-11-28,23.02,23.29,23.43,22.94
2017-11-29,23.25,23.45,23.48,23.19
2017-11-30,23.45,23.81,23.81,23.35
2017-12-01,23.62,24.54,24.74,23.62
2017-12-04,24.33,24.0,24.76,23.95
2017-12-05,24.11,23.06,24.12,22.91
2017-12-06,22.77,23.34,23.35,22.77
2017-12-07,23.31,23.21,23.55,23.17
2017-12-08,23.21,23.74,23.74,23.18
2017-12-11,23.75,23.66,23.96,23.62
2017-12-12,23.76,23.37,23.96,23.23
2017-12-13,23.14,23.19,23.37,23.0
2017-12-14,23.19,22.93,23.25,22.88
2017-12-15,22.9,22.71,23.11,22.51
2017-12-18,22.9,23.12,23.15,22.53
2017-12-19,23.02,23.35,23.65,22.7
2017-12-20,23.37,23.16,23.6,22.9
2017-12-21,23.2,22.88,23.2,22.7
2017-12-22,22.87,22.89,22.93,22.7
2017-12-25,23.07,22.39,23.07,22.0
2017-12-26,22.21,22.32,22.36,22.0
2017-12-27,22.15,22.0,22.3,21.82
2017-12-28,21.83,22.93,22.98,21.82
2017-12-29,22.81,23.13,23.2,22.53
2018-01-02,22.83,23.53,23.6,22.83
2018-01-03,23.49,23.59,24.0,23.2
2018-01-04,23.5,23.81,24.06,23.37
2018-01-05,23.81,24.54,24.58,23.7
2018-01-08,24.3,24.43,24.75,24.07
2018-01-09,24.57,23.88,24.79,23.83
2018-01-10,23.88,23.84,24.0,23.32
2018-01-11,23.5,23.73,23.91,23.48
2018-01-12,23.55,23.8,23.8,23.38
2018-01-15,23.7,23.8,23.85,23.05
2018-01-16,23.79,23.46,23.9,23.31
2018-01-17,23.38,23.08,23.5,23.08
2018-01-18,22.95,23.5,23.65,22.86
2018-01-19,23.61,23.8,24.0,23.48
2018-01-22,23.9,23.79,23.92,23.5
2018-01-23,23.8,24.35,24.75,23.41
2018-01-24,24.32,24.38,24.58,23.85
2018-01-25,24.29,23.12,24.29,23.12
2018-01-26,22.89,22.86,23.0,22.0
2018-01-29,22.5,22.07,22.5,22.03
2018-01-30,22.27,22.16,22.27,21.99
2018-01-31,22.03,21.67,22.13,21.12
2018-02-01,21.45,19.5,21.65,19.5
2018-02-02,19.3,17.78,19.3,17.55
2018-02-05,17.38,17.3,17.61,17.02
2018-02-06,17.15,15.57,17.15,15.57
2018-02-07,15.8,15.77,16.15,15.13
2018-02-08,15.77,16.08,16.19,15.5
2018-02-09,16.14,16.33,17.12,16.14
2018-02-12,15.88,16.45,16.64,15.69
2018-02-13,16.38,16.13,16.55,16.13
2018-02-14,16.24,15.93,16.31,15.91
2018-02-22,16.05,15.95,16.3,15.89
2018-02-23,15.95,16.13,16.13,15.85
2018-02-26,16.12,16.62,16.66,16.12
2018-02-27,16.62,16.78,16.95,16.53
2018-02-28,16.71,16.82,16.94,16.43
2018-03-01,16.77,17.29,17.3,16.63
2018-03-02,17.18,16.93,17.37,16.92
2018-03-05,17.03,17.05,17.07,16.75
2018-03-06,17.11,17.34,17.42,17.01
2018-03-07,17.33,17.21,17.33,17.06
2018-03-08,17.27,17.4,17.45,17.09
2018-03-09,17.47,17.83,17.93,17.37
2018-03-12,17.89,18.11,18.26,17.85
2018-03-13,18.1,18.17,18.43,17.99
2018-03-14,17.93,18.17,18.48,17.93
2018-03-15,18.15,17.46,18.16,16.37
2018-03-16,17.45,17.77,17.88,17.25
2018-03-19,18.9,18.32,19.21,18.2
2018-03-20,18.0,17.84,18.08,17.51
2018-03-21,17.8,17.89,18.1,17.69
2018-03-22,17.65,17.88,18.0,17.63
2018-03-23,17.58,16.28,17.58,16.1
2018-03-26,15.9,16.4,16.49,15.69
2018-03-27,16.5,16.84,16.97,16.5
2018-03-28,16.65,17.14,17.27,16.53
2018-03-29,17.16,17.65,17.65,17.16
2018-03-30,17.69,17.92,17.96,17.69
2018-04-02,17.98,17.81,18.1,17.73
2018-04-03,17.54,17.67,17.82,17.4
2018-04-04,17.82,17.8,18.2,17.6
2018-04-09,17.63,17.72,17.89,17.61
2018-04-10,17.56,17.48,17.73,16.91
2018-04-11,17.5,18.23,18.5,17.34
2018-04-12,18.04,17.9,18.98,17.8
2018-04-13,17.82,17.55,17.97,17.5
2018-04-16,17.31,17.18,17.58,16.92
2018-04-17,17.18,16.58,17.47,16.54
2018-04-18,16.66,17.01,17.02,16.3
2018-04-19,16.93,16.86,17.1,16.82
2018-04-20,16.77,16.19,16.92,16.13
2018-04-23,16.2,16.12,16.35,15.86
2018-04-24,16.2,16.56,16.58,16.07
2018-04-25,16.55,16.8,16.85,16.41
2018-04-26,16.87,16.28,16.88,16.1
2018-04-27,16.28,16.46,16.55,16.28
2018-05-02,16.54,16.0,16.65,15.9
2018-05-03,16.07,16.41,16.43,15.85
2018-05-04,16.2,16.57,16.6,16.2
2018-05-07,16.55,16.91,16.98,16.55
2018-05-08,16.91,17.0,17.08,16.74
2018-05-09,17.01,17.28,17.33,16.93
2018-05-10,17.26,17.4,17.56,17.16
2018-05-11,17.27,17.06,17.49,16.96
2018-05-14,17.05,16.88,17.16,16.76
2018-05-15,16.99,17.34,17.38,16.91
2018-05-16,17.34,17.26,17.43,17.2
2018-05-17,17.28,17.42,17.49,17.27
2018-05-18,17.42,17.46,17.51,17.25
2018-05-21,17.57,17.67,17.77,17.56
2018-05-22,17.73,17.69,17.76,17.45
2018-05-23,17.72,17.55,17.85,17.45
2018-05-24,17.65,17.67,17.73,17.46
2018-05-25,17.67,17.5,17.78,17.42
