date,open,close,high,low
2016-01-04,12.142,10.927,12.142,10.927
2016-01-05,10.281,10.514,11.191,10.022
2016-01-06,10.524,11.022,11.062,10.524
2016-01-07,10.703,9.922,10.808,9.922
2016-01-08,10.3,9.649,10.415,9.211
2016-01-11,9.36,8.683,9.693,8.683
2016-01-12,8.753,9.081,9.216,8.414
2016-01-13,9.061,8.803,9.345,8.743
2016-01-14,8.544,9.305,9.44,8.464
2016-01-15,9.255,8.698,9.435,8.519
2016-01-18,8.315,8.932,9.186,8.215
2016-01-19,8.937,9.181,9.236,8.688
2016-01-20,9.131,8.907,9.221,8.783
2016-01-21,9.081,8.917,9.619,8.907
2016-01-22,8.808,9.26,9.305,8.564
2016-01-25,9.33,9.236,9.4,9.126
2016-01-26,9.111,8.31,9.111,8.31
2016-01-27,8.285,8.484,8.534,7.673
2016-01-28,8.41,7.992,8.449,7.977
2016-01-29,7.962,8.41,8.514,7.962
2016-02-01,8.385,8.26,8.534,8.186
2016-02-02,8.265,8.519,8.693,8.265
2016-02-03,8.992,8.942,9.106,8.718
2016-02-04,8.902,9.061,9.146,8.852
2016-02-05,9.032,8.932,9.041,8.857
2016-02-15,8.469,9.226,9.395,8.469
2016-02-16,9.28,9.614,9.708,9.221
2016-02-17,9.579,9.634,9.649,9.345
2016-02-18,9.778,9.778,10.076,9.673
2016-03-08,9.106,9.151,9.315,8.803
2016-03-09,8.509,8.604,9.051,8.464
2016-03-10,8.633,8.459,8.758,8.414
2016-03-11,8.459,8.31,8.459,8.245
2016-03-14,8.429,8.643,8.788,8.419
2016-03-15,8.604,8.439,8.658,8.375
2016-03-16,8.604,8.27,8.683,8.245
2016-03-17,8.295,8.599,8.623,8.295
2016-03-18,8.609,8.937,9.032,8.609
2016-03-21,9.101,9.176,9.186,8.907
2016-03-22,9.051,9.111,9.245,8.987
2016-03-23,9.022,9.295,9.315,9.007
2016-03-24,9.25,9.33,9.619,9.146
2016-03-25,9.405,9.255,9.454,9.116
2016-03-28,9.33,9.037,9.385,9.007
2016-03-29,9.046,8.683,9.081,8.559
2016-03-30,8.773,9.141,9.141,8.758
2016-03-31,9.25,9.166,9.39,9.096
2016-04-01,9.181,8.982,9.221,8.768
2016-04-05,9.046,9.584,9.668,9.022
2016-04-06,9.554,9.808,9.823,9.43
2016-04-07,10.072,9.514,10.072,9.509
2016-04-08,9.405,9.36,9.45,9.236
2016-07-29,9.9,9.54,10.2,9.291
2016-08-01,9.281,8.761,9.281,8.621
2016-08-02,8.591,8.751,8.881,8.581
2016-08-03,8.691,8.591,8.771,8.542
2016-08-04,8.551,8.821,8.941,8.551
2016-08-05,8.771,8.621,8.841,8.591
2016-08-08,8.482,8.551,8.581,8.212
2016-08-09,8.522,8.611,8.671,8.492
2016-08-10,8.651,9.201,9.471,8.651
2016-08-11,9.091,8.991,9.261,8.961
2016-08-12,8.961,9.041,9.111,8.901
2016-08-15,9.041,9.161,9.251,8.861
2016-08-16,9.191,9.161,9.311,9.151
2016-08-17,9.161,9.151,9.261,9.051
2016-08-18,9.181,9.231,9.381,9.121
2016-08-19,9.281,9.131,9.291,9.091
2016-08-22,9.161,9.341,9.501,9.041
2016-08-23,9.291,9.391,9.531,9.291
2016-08-24,9.371,9.451,9.61,9.341
2016-08-25,9.381,9.261,9.381,9.101
2016-08-26,9.241,9.471,9.56,9.181
2016-08-29,9.521,9.84,10.24,9.491
2016-08-30,9.85,9.73,9.93,9.66
2016-08-31,9.64,9.94,10.13,9.64
2016-09-01,9.99,9.96,10.12,9.86
2016-09-02,10.02,9.59,10.02,9.531
2016-09-05,9.66,9.74,9.91,9.54
2016-09-06,9.74,10.43,10.43,9.501
2016-09-07,10.4,10.779,11.389,10.3
2016-09-08,10.749,11.199,11.289,10.53
2016-09-09,11.089,10.829,11.169,10.789
2016-09-12,10.54,10.35,10.769,10.33
2016-09-13,10.49,10.49,10.769,10.37
2016-09-14,10.42,10.51,10.559,10.29
2016-09-19,10.54,10.51,10.719,10.42
2016-09-20,10.569,10.49,10.769,10.39
2016-09-21,10.41,10.31,10.47,10.19
2016-09-22,10.38,10.41,10.46,10.29
2016-09-23,10.43,10.27,10.53,10.25
2016-09-26,10.21,9.69,10.26,9.69
2016-09-27,9.67,9.75,9.75,9.431
2016-09-28,9.71,9.56,9.74,9.491
2016-09-29,9.57,9.6,9.67,9.57
2016-09-30,9.62,9.71,9.71,9.58
2016-10-10,9.77,9.95,9.98,9.76
2016-10-11,9.9,10.12,10.21,9.9
2016-10-12,10.09,10.04,10.09,9.95
2016-10-13,10.09,10.09,10.2,10.04
2016-10-14,10.0,9.93,10.1,9.84
2016-10-17,9.95,9.71,9.98,9.66
2016-10-26,10.48,10.22,10.48,10.04
2016-10-27,10.14,10.09,10.19,9.98
2016-10-28,10.09,9.69,10.14,9.65
2016-10-31,9.65,9.65,9.81,9.521
2016-11-01,9.69,9.75,9.86,9.66
2016-11-02,9.7,9.62,9.82,9.59
2016-11-03,9.531,9.95,10.01,9.531
2016-11-04,10.04,10.669,10.939,9.99
2016-11-07,10.719,10.47,11.099,10.4
2016-11-08,10.48,10.54,10.759,10.32
2016-11-09,10.589,10.22,10.589,10.09
2016-11-10,10.29,10.4,10.43,10.22
2016-11-11,10.41,10.37,10.42,10.26
2016-11-14,10.4,10.34,10.4,10.28
2016-11-15,10.34,10.46,10.46,10.26
2016-11-16,10.47,10.579,10.749,10.42
2016-11-17,10.53,10.36,10.589,10.28
2016-11-18,10.36,10.25,10.43,10.22
2016-11-21,10.25,10.05,10.33,9.99
2016-11-22,10.1,10.18,10.19,9.96
2016-11-23,10.19,10.04,10.24,10.03
2016-11-24,10.1,9.97,10.11,9.81
2016-11-25,10.07,10.34,10.35,9.94
2016-11-28,10.34,10.28,10.49,10.21
2016-11-29,10.17,10.01,10.26,10.0
2016-11-30,10.03,10.07,10.23,9.88
2016-12-01,10.01,10.07,10.13,9.99
2016-12-02,10.07,9.62,10.07,9.59
2016-12-05,9.58,9.321,9.81,9.271
2016-12-06,9.371,9.371,9.461,9.311
2016-12-07,9.361,9.441,9.451,9.231
2016-12-08,9.431,9.461,9.491,9.351
2016-12-09,9.441,9.351,9.471,9.291
2016-12-12,9.371,8.751,9.371,8.651
2016-12-13,8.791,8.941,9.071,8.791
2016-12-14,8.941,8.901,9.111,8.871
2016-12-15,8.821,9.011,9.071,8.821
2016-12-16,8.971,9.151,9.221,8.971
2016-12-19,9.301,9.301,9.481,9.241
2016-12-20,9.241,9.311,9.341,9.121
2016-12-21,9.311,9.341,9.371,9.271
2016-12-22,9.441,9.251,9.461,9.231
2016-12-23,9.211,9.151,9.251,9.121
2016-12-26,9.141,9.321,9.331,9.001
2016-12-27,9.341,9.421,9.55,9.321
2016-12-28,9.451,9.221,9.451,9.221
2016-12-29,9.281,9.341,9.491,9.221
2016-12-30,9.351,9.391,9.441,9.321
2017-01-03,9.421,9.57,9.62,9.421
2017-01-04,9.521,9.63,9.72,9.521
2017-01-05,9.65,9.55,9.65,9.54
2017-01-06,9.501,9.75,9.96,9.501
2017-01-09,9.76,9.78,9.87,9.62
2017-01-10,9.75,9.72,9.82,9.7
2017-01-11,9.72,9.6,9.9,9.6
2017-01-12,9.6,9.61,9.71,9.57
2017-01-13,9.64,9.151,9.64,9.071
2017-01-16,9.151,8.861,9.211,8.442
2017-01-17,8.861,8.971,9.071,8.801
2017-01-18,8.961,8.991,9.141,8.961
2017-01-19,9.061,8.981,9.061,8.901
2017-01-20,9.011,9.161,9.251,8.951
2017-01-23,9.131,9.241,9.321,9.131
2017-01-24,9.271,9.151,9.291,9.131
2017-01-25,9.251,9.131,9.261,9.081
2017-01-26,9.151,9.201,9.231,9.141
2017-02-03,9.261,9.151,9.281,9.101
2017-02-06,9.181,9.281,9.311,9.101
2017-02-07,9.271,9.111,9.281,9.091
2017-02-08,9.141,9.131,9.141,9.001
2017-02-09,9.151,9.381,9.521,9.111
2017-02-10,9.341,9.291,9.401,9.261
2017-02-13,9.241,9.291,9.331,9.221
2017-02-14,9.291,9.091,9.311,9.051
2017-02-15,9.111,9.061,9.201,9.001
2017-02-16,9.021,9.091,9.111,9.001
2017-02-17,9.101,8.921,9.101,8.821
2017-02-20,8.891,8.931,8.961,8.801
2017-02-21,8.931,9.011,9.041,8.901
2017-02-22,9.051,9.041,9.081,8.981
2017-02-23,9.071,8.981,9.071,8.921
2017-02-24,8.991,8.981,8.991,8.881
2017-02-27,8.941,9.051,9.171,8.941
2017-02-28,9.011,9.081,9.221,9.011
2017-03-01,9.131,9.121,9.241,9.081
2017-03-02,9.131,9.051,9.201,9.041
2017-03-03,9.051,9.191,9.191,8.931
2017-03-06,9.171,9.301,9.321,9.141
2017-03-07,9.321,9.281,9.401,9.201
2017-03-08,9.271,9.281,9.361,9.201
2017-03-09,9.251,9.051,9.261,9.021
2017-03-10,9.041,9.051,9.101,9.001
2017-03-13,9.031,9.111,9.191,8.991
2017-03-14,9.121,9.041,9.171,9.011
2017-03-15,9.041,9.331,9.351,8.971
2017-03-16,9.321,9.301,9.331,9.231
2017-03-17,9.291,9.251,9.471,9.211
2017-03-20,9.251,9.381,9.411,9.151
2017-03-21,9.341,9.391,9.431,9.311
2017-03-22,9.331,9.251,9.331,9.221
2017-03-23,9.241,9.361,9.371,9.181
2017-03-24,9.371,9.57,9.61,9.281
2017-03-27,9.56,9.98,10.14,9.521
2017-03-28,9.99,9.95,10.12,9.85
2017-03-29,9.98,10.22,10.579,9.86
2017-03-30,10.21,10.18,10.33,10.01
2017-03-31,10.17,10.21,10.29,10.01
2017-04-05,11.229,10.629,11.229,10.49
2017-04-06,10.699,10.639,11.169,10.549
2017-04-07,10.579,11.708,11.708,10.34
2017-04-10,12.228,12.088,12.607,11.688
2017-04-11,11.988,12.308,12.867,11.838
2017-04-12,11.938,11.139,11.938,11.079
2017-04-13,11.089,11.499,12.088,10.999
2017-04-14,11.588,11.189,11.608,11.049
2017-04-17,11.049,10.809,11.179,10.589
2017-04-18,10.909,10.839,11.269,10.809
2017-04-19,10.829,11.319,11.339,10.699
2017-04-20,11.209,10.729,11.469,10.609
2017-04-21,10.589,10.22,10.609,10.18
2017-04-24,10.17,10.17,10.48,10.01
2017-04-25,10.21,10.03,10.46,9.84
2017-04-26,10.0,10.32,10.36,9.92
2017-04-27,10.19,10.51,10.739,9.99
2017-04-28,10.3,11.069,11.558,10.2
2017-05-02,11.049,11.159,11.179,10.739
2017-05-03,11.149,10.49,11.149,10.49
2017-05-04,10.49,10.709,11.289,10.36
2017-05-05,10.599,11.179,11.289,10.599
2017-05-08,11.019,10.12,11.239,10.09
2017-05-09,9.97,10.19,10.38,9.9
2017-05-10,10.24,9.59,10.24,9.59
2017-05-11,9.6,9.98,10.04,9.521
2017-05-12,10.01,10.53,10.849,9.99
2017-05-15,10.49,10.34,10.819,10.16
2017-05-16,10.29,11.379,11.379,10.2
2017-05-17,11.888,11.289,12.118,11.289
2017-05-18,11.119,11.029,11.788,10.909
2017-05-19,11.019,11.189,11.259,10.649
2017-05-22,11.029,10.929,11.209,10.759
2017-05-23,10.819,10.35,10.909,10.22
2017-05-24,10.39,11.099,11.289,10.22
2017-05-25,10.939,11.279,11.359,10.669
2017-05-26,11.139,10.959,11.678,10.889
2017-05-31,11.019,10.639,11.259,10.639
2017-06-01,10.52,10.26,10.849,10.24
2017-06-02,10.19,10.53,10.639,9.99
2017-06-05,10.49,10.809,11.239,10.42
2017-06-06,10.659,10.569,10.849,10.35
2017-06-07,10.569,11.099,11.189,10.52
2017-06-08,10.989,11.239,11.548,10.919
2017-06-09,11.219,11.299,11.389,10.849
2017-06-12,11.139,10.899,11.199,10.849
2017-06-13,10.809,11.429,11.459,10.809
2017-06-14,11.299,11.239,11.359,11.019
2017-06-15,11.179,11.309,11.399,11.069
2017-06-16,11.259,10.929,11.429,10.899
2017-06-19,10.799,10.649,10.829,10.5
2017-06-20,10.679,10.749,10.879,10.569
2017-06-21,10.729,10.759,10.789,10.589
2017-06-22,10.729,10.53,10.759,10.4
2017-06-23,10.42,10.27,10.43,10.01
2017-06-26,10.24,10.38,10.41,10.14
2017-06-27,10.39,10.29,10.44,10.26
2017-06-28,10.27,10.15,10.27,10.04
2017-06-29,10.15,10.18,10.26,10.11
2017-06-30,10.18,10.1,10.25,10.1
2017-07-03,10.08,10.35,10.42,10.08
2017-07-04,10.3,10.26,10.38,10.23
2017-07-05,10.24,10.28,10.36,10.2
2017-07-06,10.22,10.03,10.33,10.02
2017-07-07,10.04,9.53,10.07,9.48
2017-07-10,9.52,9.32,9.52,9.2
2017-07-11,9.33,9.34,9.48,9.25
2017-07-12,9.31,9.2,9.35,8.81
2017-07-13,9.18,8.98,9.18,8.93
2017-07-14,8.93,8.67,8.99,8.66
2017-07-17,8.67,7.8,8.74,7.8
2017-07-18,7.7,7.84,7.94,7.49
2017-07-19,7.84,7.87,7.91,7.75
2017-07-20,7.87,7.95,8.07,7.86
2017-07-21,8.0,8.03,8.18,7.98
2017-07-24,8.0,8.08,8.15,7.92
2017-07-25,8.09,7.91,8.12,7.84
2017-07-26,7.97,8.12,8.25,7.91
2017-07-27,8.08,8.38,8.41,7.89
2017-07-28,8.49,8.38,8.59,8.36
2017-07-31,8.29,8.2,8.29,8.11
2017-08-01,8.16,8.29,8.4,8.12
2017-08-02,8.24,8.17,8.34,8.12
2017-08-03,8.17,8.19,8.33,8.1
2017-08-04,8.23,7.99,8.23,7.99
2017-08-07,7.97,8.06,8.14,7.95
2017-08-08,8.08,8.05,8.14,8.03
2017-08-09,8.03,8.08,8.13,8.02
2017-08-10,8.11,7.98,8.11,7.93
2017-08-11,7.95,7.84,7.99,7.8
2017-08-14,7.9,8.23,8.38,7.85
2017-08-15,8.38,8.17,8.38,8.13
2017-08-16,8.21,8.24,8.32,8.12
2017-08-17,8.22,8.34,8.34,8.15
2017-08-18,8.31,8.37,8.49,8.25
2017-08-21,8.35,8.39,8.4,8.29
2017-08-22,8.35,8.2,8.4,8.18
2017-08-23,8.24,8.37,8.48,8.21
2017-08-24,8.32,8.32,8.51,8.28
2017-08-25,8.28,8.33,8.35,8.22
2017-08-28,8.25,8.43,8.44,8.22
2017-08-29,8.35,8.33,8.45,8.32
2017-08-30,8.33,8.34,8.39,8.27
2017-08-31,8.39,8.3,8.42,8.28
2017-09-01,8.29,8.35,8.38,8.26
2017-09-04,8.37,8.39,8.45,8.29
2017-09-05,8.4,8.37,8.42,8.32
2017-09-06,8.34,8.31,8.35,8.25
2017-09-07,8.31,8.3,8.46,8.28
2017-09-08,8.28,8.24,8.33,8.2
2017-09-11,8.21,8.23,8.28,8.19
2017-09-12,8.21,8.05,8.24,8.04
2017-09-13,8.05,8.09,8.09,7.96
2017-09-14,8.1,8.12,8.17,8.05
2017-09-15,8.11,7.92,8.12,7.86
2017-09-18,7.88,7.95,7.96,7.85
2017-09-19,8.08,8.4,8.5,8.08
2017-09-20,8.28,8.9,9.03,8.26
2017-09-21,8.81,8.67,8.99,8.59
2017-09-22,8.6,8.49,8.75,8.47
2017-09-25,8.5,8.43,8.54,8.35
2017-09-26,8.43,8.4,8.49,8.31
2017-09-27,8.41,8.46,8.46,8.32
2017-09-28,8.43,8.14,8.44,8.08
2017-09-29,8.1,8.2,8.2,8.09
2017-10-09,8.29,8.3,8.36,8.22
2017-10-10,8.32,8.36,8.36,8.23
2017-10-11,8.36,8.32,8.36,8.27
2017-10-12,8.28,8.43,8.43,8.27
2017-10-13,8.4,8.72,8.86,8.32
2017-10-16,8.65,8.27,8.65,8.2
2017-10-17,8.18,8.22,8.29,8.15
2017-10-18,8.22,8.13,8.43,8.1
2017-10-19,8.1,7.91,8.12,7.9
2017-10-20,7.88,7.98,7.99,7.87
2017-10-23,7.98,8.08,8.16,7.95
2017-10-24,8.03,8.0,8.07,7.88
2017-10-25,7.98,8.15,8.2,7.97
2017-10-26,8.15,8.09,8.16,8.05
2017-10-27,8.08,8.01,8.11,8.0
2017-10-30,8.0,7.63,8.04,7.61
2017-10-31,7.63,7.68,7.68,7.58
2017-11-01,7.69,7.6,7.72,7.59
2017-11-02,7.58,7.44,7.6,7.42
2017-11-03,7.42,7.23,7.5,7.1
2017-11-06,7.22,7.19,7.26,6.96
2017-11-07,7.16,7.17,7.21,7.12
2017-11-08,7.17,7.27,7.28,7.0
2017-11-09,7.21,7.23,7.27,7.16
2017-11-10,7.17,7.1,7.24,7.07
2017-11-13,7.1,6.73,7.1,6.72
2017-11-14,6.74,6.82,6.87,6.74
2017-11-15,6.86,6.71,6.86,6.61
2017-11-16,6.68,6.66,6.78,6.65
2017-11-17,6.66,6.3,6.68,6.23
2017-11-20,6.22,6.29,6.32,6.11
2017-11-21,6.28,6.23,6.33,6.21
2017-11-22,6.23,6.22,6.26,6.15
2017-11-23,6.22,6.05,6.22,6.04
2017-11-24,6.03,6.06,6.09,6.01
2017-11-27,6.07,6.2,6.21,6.04
2017-11-28,6.15,6.27,6.28,6.15
2017-11-29,6.27,6.28,6.34,6.2
2017-11-30,6.26,6.26,6.28,6.21
2017-12-01,6.21,6.3,6.33,6.21
2017-12-04,6.25,6.48,6.68,6.25
2017-12-05,6.42,6.43,6.56,6.35
2017-12-06,6.4,6.53,6.53,6.39
2017-12-07,6.54,6.5,6.54,6.44
2017-12-08,6.47,6.53,6.64,6.45
2017-12-11,6.55,6.59,6.63,6.55
2017-12-12,6.6,6.6,6.64,6.58
2017-12-13,6.61,6.92,7.06,6.6
2017-12-14,6.88,7.17,7.17,6.86
2017-12-15,7.18,7.17,7.2,7.05
2017-12-18,7.13,7.17,7.36,7.04
2017-12-19,7.14,7.1,7.18,7.03
2017-12-20,7.1,6.85,7.13,6.8
2017-12-21,6.91,6.83,7.06,6.76
2017-12-22,6.92,6.94,7.1,6.75
2017-12-25,6.9,6.62,6.96,6.6
2017-12-26,6.67,6.71,6.78,6.51
2017-12-27,6.7,6.8,6.95,6.67
2017-12-28,6.77,6.53,6.79,6.47
2017-12-29,6.54,6.58,6.62,6.45
2018-01-02,6.63,6.67,6.71,6.6
2018-01-03,6.67,6.97,7.02,6.62
2018-01-04,6.94,6.82,6.99,6.82
2018-01-05,6.82,6.82,6.89,6.71
2018-01-08,6.76,6.72,6.81,6.65
2018-01-09,6.66,6.63,6.69,6.6
2018-01-10,6.66,6.54,6.66,6.46
2018-01-11,6.49,6.57,6.61,6.47
2018-01-12,6.56,6.44,6.58,6.42
2018-01-15,6.44,6.16,6.46,6.1
2018-01-16,6.17,6.17,6.22,6.08
2018-01-17,6.15,6.18,6.24,6.13
2018-01-18,6.23,6.15,6.24,6.11
2018-01-19,6.16,6.13,6.19,6.12
2018-01-22,6.14,6.22,6.23,6.06
2018-01-23,6.22,6.18,6.25,6.15
2018-01-24,6.19,6.22,6.28,6.12
2018-01-25,6.23,6.25,6.34,6.21
2018-01-26,6.25,6.23,6.28,6.21
2018-01-29,6.24,6.18,6.34,6.17
2018-01-30,6.17,6.13,6.19,6.07
2018-01-31,6.18,6.07,6.19,5.98
2018-02-01,6.06,5.65,6.09,5.61
2018-02-02,5.7,5.69,5.71,5.48
2018-02-05,5.57,5.55,5.67,5.54
2018-02-06,5.52,5.37,5.62,5.37
2018-02-07,5.5,5.41,5.51,5.3
2018-02-08,5.39,5.55,5.56,5.38
2018-02-09,5.45,5.3,5.47,5.25
2018-02-12,5.36,5.44,5.47,5.36
2018-02-13,5.46,5.39,5.52,5.37
2018-02-14,5.38,5.41,5.44,5.37
2018-02-22,5.45,5.52,5.54,5.43
2018-02-23,5.55,5.6,5.73,5.52
2018-02-26,5.6,5.69,5.72,5.56
2018-02-27,5.69,5.73,5.83,5.67
2018-02-28,5.74,5.77,5.83,5.66
2018-03-01,5.71,5.86,5.86,5.71
2018-03-02,5.8,5.75,5.89,5.75
2018-03-05,5.75,5.8,5.82,5.71
2018-03-06,5.8,5.86,5.89,5.77
2018-03-07,5.85,5.75,5.85,5.74
2018-03-08,5.74,5.9,5.98,5.73
2018-03-09,5.91,5.98,6.01,5.84
2018-03-12,6.01,6.02,6.09,5.98
2018-03-13,6.02,5.96,6.02,5.94
2018-03-14,5.92,5.87,5.97,5.85
2018-03-15,5.8,5.91,5.95,5.76
2018-03-16,5.89,5.84,5.92,5.84
2018-03-19,5.81,5.85,5.94,5.81
2018-03-20,5.8,5.83,5.86,5.73
2018-03-21,5.85,5.79,5.96,5.77
2018-03-22,5.75,5.76,5.83,5.7
2018-03-23,5.65,5.28,5.65,5.23
2018-03-26,5.19,5.38,5.38,5.16
2018-03-27,5.45,5.54,5.56,5.4
2018-03-28,5.48,5.75,5.82,5.39
2018-03-29,5.69,5.69,5.75,5.62
2018-03-30,5.68,5.86,5.94,5.68
2018-04-02,5.82,5.98,6.08,5.82
2018-04-03,5.94,5.89,6.04,5.83
2018-04-04,5.92,5.85,6.01,5.82
2018-04-09,5.83,5.85,5.92,5.72
2018-04-10,5.77,5.81,5.87,5.67
2018-04-11,5.83,5.72,5.84,5.72
2018-04-12,5.73,5.62,5.73,5.6
2018-04-13,5.65,5.62,5.73,5.61
2018-04-16,5.6,5.46,5.63,5.45
2018-04-17,5.52,5.39,5.54,5.35
2018-04-18,5.4,5.36,5.46,5.22
2018-04-19,5.38,5.49,5.51,5.35
2018-04-20,5.46,5.32,5.56,5.32
2018-04-23,5.37,5.29,5.39,5.21
2018-04-24,5.31,5.41,5.42,5.24
2018-04-25,5.36,5.32,5.36,5.23
2018-04-26,5.3,5.09,5.3,5.08
2018-04-27,5.12,5.17,5.17,5.09
2018-05-02,5.18,5.13,5.18,5.05
2018-05-03,5.13,5.2,5.21,4.99
2018-05-04,5.15,5.25,5.28,5.15
2018-05-07,5.25,5.38,5.42,5.25
2018-05-08,5.44,5.45,5.53,5.4
2018-05-09,5.45,5.45,5.48,5.39
2018-05-10,5.47,5.47,5.5,5.41
2018-05-11,5.43,5.33,5.5,5.31
2018-05-14,5.38,5.2,5.38,5.14
2018-05-15,5.2,5.25,5.27,5.16
2018-05-16,5.23,5.25,5.29,5.2
2018-05-17,5.28,5.49,5.5,5.26
2018-05-18,5.49,5.48,5.54,5.41
2018-05-21,5.58,5.48,5.62,5.46
2018-05-22,5.47,5.53,5.56,5.4
2018-05-23,5.49,5.39,5.5,5.37
2018-05-24,5.4,5.33,5.41,5.3
2018-05-25,5.31,5.19,5.34,5.14
