date,open,close,high,low
2016-01-04,8.27,7.482,8.287,7.482
2016-01-05,6.846,6.808,7.399,6.731
2016-01-06,6.857,7.054,7.153,6.846
2016-01-07,6.978,6.545,6.978,6.348
2016-01-08,6.627,6.512,6.846,5.893
2016-01-11,6.331,6.288,6.337,5.86
2016-01-12,6.123,6.359,6.485,5.97
2016-01-13,6.359,5.942,6.403,5.915
2016-01-14,5.723,6.167,6.255,5.532
2016-01-15,6.112,5.767,6.233,5.63
2016-01-18,5.745,6.205,6.288,5.586
2016-01-19,6.134,6.512,6.55,6.107
2016-01-20,6.419,6.408,6.556,6.244
2016-01-21,6.216,6.386,7.021,6.216
2016-01-22,6.353,6.759,6.857,6.353
2016-01-25,6.791,6.868,6.983,6.676
2016-01-26,6.852,6.183,6.852,6.183
2016-01-27,6.244,5.565,6.298,5.565
2016-01-28,5.291,5.022,5.422,5.006
2016-01-29,4.918,5.126,5.247,4.716
2016-02-01,5.159,5.115,5.203,5.011
2016-02-02,5.17,5.411,5.45,5.137
2016-02-03,5.324,5.499,5.565,5.269
2016-02-04,5.586,5.586,5.751,5.493
2016-02-05,5.614,5.915,6.145,5.537
2016-02-15,5.833,6.101,6.107,5.641
2016-02-16,6.09,6.255,6.381,6.09
2016-02-17,6.249,6.162,6.249,6.09
2016-02-18,6.167,6.068,6.249,5.959
2016-02-19,6.09,6.173,6.194,6.025
2016-02-22,6.298,6.288,6.375,6.167
2016-02-23,6.167,6.085,6.348,6.03
2016-02-24,6.112,5.888,6.145,5.723
2016-02-25,5.948,5.302,5.959,5.302
2016-02-26,5.367,5.477,5.619,5.307
2016-02-29,5.532,5.094,5.532,4.984
2016-03-01,5.006,5.181,5.324,4.995
2016-03-02,5.181,5.482,5.597,5.148
2016-03-03,5.477,5.51,5.641,5.455
2016-03-04,5.477,5.159,5.548,5.094
2016-03-07,5.258,5.274,5.466,5.159
2016-03-08,5.274,5.356,5.395,5.039
2016-03-09,5.258,5.241,5.373,5.203
2016-03-10,5.252,5.203,5.389,5.203
2016-03-11,5.176,5.225,5.302,5.044
2016-03-14,5.285,5.411,5.504,5.285
2016-03-15,5.384,5.34,5.455,5.318
2016-03-16,5.444,5.411,5.515,5.302
2016-03-17,5.373,5.592,5.641,5.373
2016-03-18,5.592,5.871,5.959,5.526
2016-03-21,5.877,5.997,5.997,5.838
2016-03-22,5.937,6.014,6.107,5.888
2016-03-23,6.008,6.019,6.096,5.899
2016-03-24,6.025,5.882,6.025,5.86
2016-03-25,5.811,5.877,5.959,5.789
2016-03-28,5.926,5.97,6.096,5.871
2016-03-29,5.91,5.806,5.97,5.663
2016-03-30,5.844,5.97,5.997,5.795
2016-03-31,5.975,6.567,6.567,5.975
2016-04-01,6.507,6.326,6.545,6.2
2016-04-05,6.403,6.479,6.518,6.277
2016-04-06,6.403,6.353,6.446,6.266
2016-04-07,6.403,6.183,6.43,6.183
2016-04-08,6.167,6.173,6.222,6.063
2016-04-11,6.26,6.326,6.386,6.222
2016-04-12,6.255,6.255,6.381,6.2
2016-04-13,6.255,6.397,6.501,6.255
2016-04-14,6.381,6.452,6.556,6.342
2016-04-15,6.452,6.665,6.764,6.452
2016-04-18,6.545,6.496,6.616,6.414
2016-04-19,6.507,6.386,6.6,6.326
2016-04-20,6.419,6.025,6.485,5.838
2016-04-21,6.03,5.97,6.058,5.926
2016-04-22,5.948,6.058,6.085,5.921
2016-04-25,6.058,5.784,6.058,5.477
2016-04-26,5.685,5.778,5.8,5.608
2016-04-27,5.778,5.855,6.036,5.751
2016-04-28,5.882,6.003,6.074,5.543
2016-04-29,5.926,5.959,6.09,5.888
2016-05-03,5.97,6.26,6.282,5.921
2016-05-04,6.189,6.2,6.266,6.145
2016-05-05,6.189,6.386,6.479,6.107
2016-05-06,6.353,6.09,6.408,6.036
2016-05-09,5.992,5.866,6.014,5.811
2016-05-10,5.833,5.789,5.964,5.762
2016-05-11,5.855,5.8,5.888,5.778
2016-05-12,5.658,5.778,5.849,5.63
2016-05-13,5.74,5.685,5.86,5.652
2016-05-16,5.68,5.86,5.86,5.581
2016-05-17,5.86,5.86,5.953,5.817
2016-05-18,5.811,5.702,5.882,5.608
2016-05-19,5.641,5.751,5.86,5.641
2016-05-20,5.674,5.8,5.8,5.641
2016-05-23,5.806,6.129,6.145,5.806
2016-05-24,6.063,6.107,6.227,5.959
2016-05-25,6.112,6.014,6.162,5.97
2016-05-26,6.025,6.03,6.052,5.751
2016-05-27,5.932,6.014,6.074,5.932
2016-05-30,6.008,5.948,6.063,5.789
2016-05-31,5.964,6.194,6.309,5.942
2016-06-01,6.244,6.178,6.244,6.145
2016-06-02,6.14,6.216,6.216,6.112
2016-06-03,6.194,6.26,6.277,6.156
2016-06-06,6.271,6.194,6.271,6.14
2016-06-07,6.205,6.189,6.222,6.112
2016-06-08,6.189,6.205,6.255,6.101
2016-06-13,6.172,5.831,6.172,5.831
2016-06-14,5.826,5.831,5.98,5.749
2016-06-15,5.842,6.018,6.09,5.809
2016-06-16,6.046,6.024,6.128,5.969
2016-06-17,6.035,6.062,6.183,6.024
2016-06-20,6.046,6.238,6.238,6.013
2016-06-21,6.293,6.084,6.293,6.046
2016-06-22,6.084,6.244,6.255,6.013
2016-06-23,6.2,6.189,6.293,6.134
2016-06-24,6.183,6.81,6.81,5.908
2016-06-27,7.145,7.491,7.491,7.145
2016-06-28,7.629,7.409,7.761,7.293
2016-06-29,7.409,7.337,7.436,7.189
2016-06-30,7.326,7.238,7.398,7.134
2016-07-01,7.26,7.09,7.288,6.991
2016-07-04,7.041,7.112,7.195,7.008
2016-07-05,7.14,7.129,7.227,7.074
2016-07-06,7.151,7.167,7.293,7.101
2016-07-07,7.145,7.002,7.167,6.898
2016-07-08,6.986,7.024,7.079,6.98
2016-07-11,7.013,6.936,7.096,6.931
2016-07-12,6.925,6.991,6.997,6.815
2016-07-13,7.002,7.03,7.079,6.931
2016-07-14,6.997,7.019,7.079,6.964
2016-07-15,7.019,7.134,7.156,6.997
2016-07-18,7.101,7.118,7.216,7.046
2016-07-19,7.173,7.118,7.195,7.046
2016-07-20,7.134,6.909,7.151,6.909
2016-07-21,6.898,6.931,6.997,6.87
2016-07-22,6.931,6.7,6.969,6.683
2016-07-25,6.711,6.694,6.777,6.656
2016-07-26,6.7,6.81,6.815,6.7
2016-07-27,6.81,6.518,6.909,6.436
2016-07-28,6.529,6.656,6.678,6.431
2016-07-29,6.639,6.936,6.958,6.579
2016-08-01,6.892,7.118,7.145,6.744
2016-08-02,7.09,7.09,7.101,6.969
2016-08-03,7.096,7.096,7.195,7.008
2016-08-04,7.041,7.233,7.293,6.98
2016-08-05,7.2,7.074,7.271,7.035
2016-08-08,7.035,7.079,7.233,6.997
2016-08-09,7.09,7.162,7.178,7.052
2016-08-10,7.195,7.074,7.222,7.03
2016-08-11,7.063,7.008,7.145,6.854
2016-08-12,6.997,6.964,7.024,6.848
2016-08-15,7.002,7.101,7.101,6.876
2016-08-16,7.096,7.057,7.145,7.024
2016-08-17,7.09,7.096,7.14,7.041
2016-08-18,7.255,7.079,7.31,7.074
2016-08-19,7.041,7.42,7.42,7.019
2016-08-22,7.42,7.233,7.486,7.216
2016-08-23,7.2,7.244,7.332,7.151
2016-08-24,7.244,7.195,7.282,7.189
2016-08-25,7.216,7.37,7.37,7.041
2016-08-26,7.376,7.48,7.568,7.332
2016-08-29,7.414,7.623,7.695,7.414
2016-08-30,7.667,7.618,7.722,7.502
2016-08-31,7.612,7.656,7.739,7.541
2016-09-01,7.656,7.563,7.722,7.535
2016-09-02,7.53,7.557,7.689,7.519
2016-09-05,7.607,7.601,7.651,7.491
2016-09-06,7.601,7.618,7.651,7.491
2016-09-07,7.59,7.557,7.673,7.535
2016-09-08,7.585,7.689,7.689,7.535
2016-09-09,7.684,7.739,8.052,7.684
2016-09-12,7.612,7.475,7.827,7.475
2016-09-13,7.546,7.623,7.623,7.425
2016-09-14,7.623,7.623,7.673,7.535
2016-09-19,7.667,7.958,8.008,7.667
2016-09-20,7.92,8.101,8.118,7.887
2016-09-21,8.101,8.013,8.145,7.925
2016-09-22,8.096,7.969,8.101,7.958
2016-09-23,8.024,7.958,8.085,7.893
2016-09-26,7.964,7.816,8.085,7.816
2016-09-27,7.794,7.832,7.876,7.64
2016-09-28,7.832,7.997,8.024,7.75
2016-09-29,7.986,7.942,8.074,7.931
2016-09-30,7.92,7.991,8.228,7.904
2016-10-10,8.107,8.057,8.134,7.893
2016-10-11,8.079,8.283,8.294,8.002
2016-10-12,8.195,8.629,8.662,8.162
2016-10-13,8.629,8.541,8.739,8.486
2016-10-14,8.574,8.387,8.574,8.189
2016-10-17,8.371,8.464,8.591,8.299
2016-10-18,8.409,8.613,8.695,8.404
2016-10-19,8.607,8.492,8.678,8.492
2016-10-20,8.492,8.464,8.552,8.365
2016-10-21,8.464,8.36,8.574,8.338
2016-10-24,8.327,8.481,8.618,8.288
2016-10-25,8.431,8.525,8.563,8.382
2016-10-26,8.525,8.547,8.585,8.486
2016-10-27,8.475,8.448,8.569,8.393
2016-10-28,8.492,8.294,8.519,8.294
2016-10-31,8.404,8.228,8.404,8.09
2016-11-01,8.288,8.299,8.382,8.244
2016-11-02,8.371,8.294,8.475,8.294
2016-11-03,8.382,8.47,8.497,8.25
2016-11-04,8.475,8.481,8.607,8.354
2016-11-07,8.409,8.739,8.86,8.382
2016-11-08,8.717,9.613,9.613,8.645
2016-11-09,9.893,10.322,10.553,9.723
2016-11-10,10.085,10.129,10.388,10.003
2016-11-11,10.014,9.904,10.047,9.789
2016-11-14,9.866,9.789,10.102,9.728
2016-11-15,9.734,9.981,10.058,9.734
2016-11-16,9.97,10.245,10.305,9.932
2016-11-17,10.157,10.179,10.382,10.031
2016-11-18,10.009,10.294,10.388,9.91
2016-11-21,10.278,10.267,10.619,10.184
2016-11-22,10.19,10.085,10.201,9.838
2016-11-23,10.025,10.091,10.223,9.954
2016-11-24,10.168,10.08,10.168,9.965
2016-11-25,10.003,10.333,10.542,9.899
2016-11-28,10.437,10.113,10.525,10.102
2016-11-29,10.003,10.767,10.772,9.91
2016-11-30,10.663,10.822,11.053,10.503
2016-12-01,10.772,10.987,11.014,10.564
2016-12-02,10.882,10.564,11.102,9.976
2016-12-05,9.992,9.893,10.443,9.657
2016-12-06,9.987,9.893,10.162,9.618
2016-12-07,9.866,9.937,10.009,9.745
2016-12-08,9.992,10.932,10.932,9.926
2016-12-09,11.086,10.981,11.207,10.558
2016-12-12,10.987,10.173,11.141,9.948
2016-12-13,10.069,10.327,10.575,10.02
2016-12-14,10.333,10.058,10.492,9.728
2016-12-15,10.003,9.965,10.168,9.662
2016-12-16,9.965,9.844,10.02,9.728
2016-12-19,9.827,9.976,9.981,9.563
2016-12-20,10.025,9.613,10.025,9.613
2016-12-21,9.613,10.003,10.003,9.426
2016-12-22,10.042,10.498,10.685,9.948
2016-12-23,10.525,10.564,10.663,10.36
2016-12-26,10.756,10.36,11.091,10.173
2016-12-27,10.157,9.965,10.547,9.893
2016-12-28,9.987,9.618,9.987,9.618
2016-12-29,9.618,9.596,9.822,9.453
2016-12-30,9.525,9.651,9.756,9.294
2017-01-03,9.668,9.58,9.717,9.525
2017-01-04,9.635,9.646,9.86,9.618
2017-01-05,9.646,9.47,9.761,9.47
2017-01-06,9.514,9.486,9.668,9.382
2017-01-09,9.431,9.508,9.596,9.431
2017-01-10,9.481,9.448,9.563,9.404
2017-01-11,9.409,9.102,9.519,8.503
2017-01-12,9.08,9.102,9.409,9.08
2017-01-13,9.124,8.805,9.124,8.728
2017-01-16,8.805,8.623,8.887,8.519
2017-01-17,8.678,8.717,8.827,8.415
2017-01-18,8.684,8.689,8.772,8.574
2017-01-19,8.585,8.667,8.733,8.541
2017-01-20,8.678,9.113,9.195,8.64
2017-01-23,9.014,9.349,9.536,8.964
2017-01-24,9.234,9.234,9.387,9.228
2017-01-25,9.426,9.146,9.426,9.146
2017-01-26,9.272,9.294,9.338,9.179
2017-02-03,9.305,9.311,9.365,9.223
2017-02-06,9.245,9.398,9.409,9.239
2017-02-07,9.398,9.591,9.701,9.354
2017-02-08,9.662,9.805,9.926,9.541
2017-02-09,9.794,9.833,9.91,9.679
2017-02-10,9.772,9.772,9.866,9.679
2017-02-13,9.728,10.069,10.157,9.728
2017-02-14,10.168,10.107,10.19,9.948
2017-02-15,10.107,9.904,10.223,9.899
2017-02-16,9.904,9.937,9.959,9.783
2017-02-17,10.036,10.003,10.195,9.783
2017-02-20,10.074,9.987,10.08,9.893
2017-02-21,9.992,10.14,10.162,9.992
2017-02-22,10.151,10.212,10.443,10.146
2017-02-23,10.239,10.031,10.267,10.014
2017-02-24,10.025,9.706,10.025,9.69
2017-02-27,9.712,9.234,9.789,9.041
2017-02-28,9.239,9.151,9.272,9.014
2017-03-01,9.151,9.701,9.778,9.151
2017-03-02,9.646,9.327,9.673,9.289
2017-03-03,9.343,9.371,9.448,9.289
2017-03-06,9.36,9.371,9.437,9.272
2017-03-07,9.343,9.3,9.393,9.267
2017-03-08,9.305,9.322,9.365,9.289
2017-03-09,9.322,9.338,9.393,9.234
2017-03-10,9.376,9.261,9.376,9.234
2017-03-13,9.261,9.245,9.278,9.118
2017-03-14,9.245,9.245,9.343,9.184
2017-06-30,8.318,8.318,8.318,8.318
2017-07-03,7.612,8.395,8.798,7.612
2017-07-04,8.274,8.853,8.98,8.197
2017-07-05,8.809,8.908,8.969,8.66
2017-07-06,9.079,9.394,9.443,8.886
2017-07-07,9.317,9.399,9.482,9.223
2017-07-10,9.399,9.741,9.874,9.399
2017-07-11,9.758,9.807,10.028,9.637
2017-07-12,9.807,9.929,10.017,9.807
2017-07-13,9.863,9.791,10.012,9.692
2017-07-14,9.763,9.614,9.923,9.477
2017-07-17,9.758,9.3,9.763,9.118
2017-07-18,9.3,9.609,9.703,9.3
2017-07-19,9.692,9.901,9.978,9.609
2017-07-20,9.901,10.045,10.127,9.885
2017-07-21,10.045,10.072,10.205,9.934
2017-07-24,10.078,10.034,10.188,9.868
2017-07-25,10.028,9.923,10.1,9.835
2017-07-26,9.824,10.05,10.1,9.824
2017-07-27,10.089,10.017,10.089,9.984
2017-07-28,10.028,9.984,10.122,9.945
2017-07-31,9.929,10.111,10.161,9.874
2017-08-01,10.138,10.216,10.304,10.039
2017-08-02,10.183,10.894,10.993,10.183
2017-08-03,10.839,11.021,11.087,10.674
2017-08-04,11.071,10.988,11.247,10.872
2017-08-07,10.999,10.944,11.065,10.845
2017-08-08,10.916,10.982,11.142,10.376
2017-08-09,10.982,11.032,11.137,10.9
2017-08-10,11.004,11.06,11.098,10.927
2017-08-11,11.109,10.867,11.109,10.811
2017-08-14,10.861,11.098,11.198,10.861
2017-08-15,11.142,10.955,11.192,10.922
2017-08-16,11.065,10.96,11.065,10.867
2017-08-17,10.96,11.004,11.027,10.927
2017-08-18,10.894,10.955,11.032,10.894
2017-08-21,10.977,11.611,11.722,10.845
2017-08-22,11.584,11.512,11.688,11.357
2017-08-23,11.512,11.512,11.584,11.369
2017-08-24,11.512,11.484,11.567,11.391
2017-08-25,11.517,11.302,11.517,11.016
2017-08-28,11.302,11.192,11.418,11.186
2017-08-29,11.159,11.231,11.324,11.159
2017-08-30,11.291,11.148,11.308,11.12
2017-08-31,11.198,11.148,11.335,11.12
2017-09-01,11.153,11.109,11.291,11.038
2017-09-04,11.076,11.06,11.082,10.922
2017-09-05,11.082,11.17,11.302,10.944
2017-09-06,11.198,11.242,11.324,11.06
2017-09-07,11.242,11.28,11.324,11.093
2017-09-08,11.17,11.291,11.352,11.17
2017-09-11,11.302,11.578,11.611,11.209
2017-09-12,11.633,11.462,11.633,11.424
2017-09-13,11.462,11.495,11.578,11.335
2017-09-14,11.495,11.435,11.556,11.357
2017-09-15,11.369,11.501,11.517,11.313
2017-09-18,11.534,11.727,11.887,11.484
2017-09-19,11.705,12.207,12.301,11.705
2017-09-20,12.301,12.207,12.725,12.086
2017-09-21,12.279,12.35,12.461,12.279
2017-09-22,12.356,12.207,12.461,12.19
2017-09-25,12.207,12.13,12.604,12.124
2017-09-26,12.1,12.3,12.66,11.84
2017-09-27,12.3,12.74,12.77,12.26
2017-09-28,12.74,12.78,12.93,12.66
2017-09-29,12.9,12.8,12.94,12.66
2017-10-09,12.82,12.7,12.98,12.68
2017-10-10,12.75,12.61,12.78,12.42
2017-10-11,12.61,12.59,12.7,12.46
2017-10-12,12.78,13.19,13.22,12.63
2017-10-13,13.13,13.2,13.36,13.09
2017-10-16,13.28,13.19,13.36,12.9
2017-10-17,13.55,13.11,13.55,13.02
2017-10-18,12.85,12.81,13.16,12.69
2017-10-19,12.68,12.35,12.89,11.86
2017-10-20,12.2,12.16,12.45,11.98
2017-10-23,12.5,12.44,12.88,12.24
2017-10-24,12.66,12.5,12.74,12.41
2017-10-25,12.26,12.4,12.69,12.26
2017-10-26,12.46,12.78,13.0,12.3
2017-10-27,12.75,12.8,12.96,12.55
2017-10-30,12.74,12.83,12.9,12.35
2017-10-31,12.85,12.87,12.92,12.62
2017-11-01,12.87,13.28,13.3,12.78
2017-11-02,13.15,12.86,13.22,12.73
2017-11-03,12.82,12.69,12.86,12.4
2017-11-06,12.5,12.52,12.7,12.42
2017-11-07,12.5,12.81,12.85,12.4
2017-11-08,12.75,12.67,12.79,12.52
2017-11-09,12.58,12.54,12.62,12.32
2017-11-10,12.41,12.52,12.66,12.38
2017-11-13,12.53,12.09,12.65,12.09
2017-11-14,12.09,12.39,12.41,12.08
2017-11-15,12.43,12.4,12.44,12.03
2017-11-16,12.24,12.1,12.29,11.98
2017-11-17,12.11,11.95,12.15,11.9
2017-11-20,12.0,12.32,12.32,11.96
2017-11-21,12.39,12.64,13.18,12.3
2017-11-22,12.8,12.57,12.8,12.2
2017-11-30,11.97,12.13,12.6,11.31
2017-12-01,12.1,11.93,12.25,11.85
2017-12-04,12.0,12.08,12.2,11.94
2017-12-05,12.15,12.05,12.38,11.68
2017-12-06,11.9,12.0,12.08,11.78
2017-12-07,12.0,12.11,12.17,11.92
2017-12-08,12.11,12.03,12.17,11.96
2017-12-11,12.05,12.15,12.17,11.95
2017-12-12,12.29,11.88,12.29,11.81
2017-12-13,11.89,12.1,12.1,11.67
2017-12-14,11.92,12.13,12.18,11.92
2017-12-15,12.15,12.14,12.19,12.04
2017-12-18,12.13,12.19,12.21,12.1
2017-12-19,12.2,12.59,12.6,12.2
2017-12-20,12.6,12.5,12.74,12.5
2017-12-21,12.55,12.5,12.57,12.4
2017-12-22,12.5,12.6,12.77,12.5
2017-12-25,12.66,12.58,12.76,12.4
2017-12-26,12.58,12.31,12.58,12.28
2017-12-27,12.31,12.35,12.61,12.25
2017-12-28,12.3,12.12,12.43,12.11
2017-12-29,11.9,12.9,12.96,11.9
2018-01-02,12.99,12.94,13.25,12.8
2018-01-03,12.94,13.19,13.44,12.88
2018-01-04,13.47,13.54,13.67,13.2
2018-01-05,13.59,13.55,13.6,13.25
2018-01-08,13.87,13.49,13.87,12.7
2018-01-09,13.35,13.05,13.4,12.82
2018-01-10,12.9,12.79,13.04,12.5
2018-01-11,12.75,12.6,12.83,12.41
2018-01-12,12.48,13.1,13.14,12.48
2018-01-15,13.1,12.35,13.1,12.23
2018-01-16,12.41,12.06,12.5,12.0
2018-01-17,12.06,11.35,12.16,11.1
2018-01-18,11.45,11.74,11.74,11.3
2018-01-19,11.7,11.58,11.74,11.31
2018-01-22,11.49,11.51,11.65,11.16
2018-01-23,11.52,11.45,11.58,11.23
2018-01-24,11.35,11.26,11.48,11.14
2018-01-25,11.25,11.01,11.32,11.01
2018-01-26,11.01,9.91,11.01,9.91
2018-01-29,9.33,9.0,9.33,8.92
2018-01-30,8.99,8.41,8.99,8.27
2018-01-31,8.37,8.23,8.47,8.01
2018-02-01,8.11,7.86,8.25,7.75
2018-02-02,7.93,7.93,8.12,7.69
2018-02-05,7.8,8.08,8.14,7.79
2018-02-06,7.9,7.27,8.07,7.27
2018-02-07,7.47,7.36,7.69,6.8
2018-02-08,7.28,7.6,7.67,7.26
2018-02-09,7.38,7.4,7.56,7.2
2018-02-12,7.49,7.59,7.71,7.43
2018-02-13,7.64,7.74,7.91,7.64
2018-02-14,7.7,7.7,7.78,7.59
2018-02-22,7.71,7.87,7.9,7.71
2018-02-23,7.93,7.76,7.93,7.67
2018-02-26,7.83,8.0,8.18,7.7
2018-02-27,8.01,7.96,8.18,7.92
2018-02-28,7.93,7.96,7.98,7.79
2018-03-01,7.81,8.15,8.27,7.81
2018-03-02,8.08,8.05,8.26,8.02
2018-03-05,8.15,8.14,8.19,7.96
2018-03-06,8.14,8.22,8.26,8.07
2018-03-07,8.25,8.11,8.25,8.07
2018-03-08,8.09,8.08,8.11,8.03
2018-03-09,8.09,8.27,8.4,8.07
2018-03-12,8.37,8.45,8.51,8.31
2018-03-13,8.46,8.3,8.57,8.3
2018-03-14,8.3,8.19,8.37,8.14
2018-03-15,8.15,8.11,8.22,7.92
2018-03-16,8.05,8.01,8.15,7.98
2018-03-19,8.0,7.88,8.07,7.87
2018-03-20,7.79,7.93,8.0,7.75
2018-03-21,7.9,7.81,8.02,7.8
2018-03-22,7.8,7.59,7.9,7.57
2018-03-23,7.15,6.87,7.35,6.83
2018-03-26,6.8,6.98,7.01,6.62
2018-03-27,7.07,7.35,7.35,7.04
2018-03-28,7.18,7.17,7.38,7.15
2018-03-29,7.22,7.31,7.37,7.16
2018-03-30,7.34,7.38,7.44,7.29
2018-04-02,7.48,7.46,7.75,7.41
2018-04-03,7.3,7.43,7.45,7.25
2018-04-04,7.48,7.4,7.68,7.38
2018-04-09,7.3,7.38,7.47,7.29
2018-04-10,7.39,7.54,7.59,7.39
2018-04-11,7.59,7.61,7.69,7.57
2018-04-12,7.61,7.5,7.65,7.5
2018-04-13,7.58,7.5,7.6,7.43
2018-04-16,7.43,7.44,7.58,7.4
2018-04-17,7.46,7.21,7.53,7.17
2018-04-18,7.25,7.2,7.33,7.01
2018-04-19,7.14,7.43,7.46,7.14
2018-04-20,7.41,7.14,7.45,7.08
2018-04-23,7.04,6.94,7.2,6.9
2018-04-24,6.91,7.15,7.15,6.91
2018-04-25,7.1,7.18,7.2,7.04
2018-04-26,7.25,6.97,7.26,6.87
2018-04-27,7.07,6.88,7.08,6.75
2018-05-02,6.94,6.81,7.05,6.75
2018-05-03,6.84,6.89,7.05,6.62
2018-05-04,6.89,6.87,6.97,6.81
2018-05-07,6.88,7.0,7.01,6.85
2018-05-08,7.12,6.99,7.12,6.94
2018-05-09,6.96,6.91,7.0,6.85
2018-05-10,6.93,7.18,7.18,6.89
2018-05-11,7.16,7.23,7.28,7.07
2018-05-14,7.19,7.29,7.34,7.13
2018-05-15,7.52,7.39,7.77,7.34
2018-05-16,7.22,7.2,7.31,7.17
2018-05-17,7.2,7.17,7.24,7.09
2018-05-18,7.18,7.2,7.24,7.11
2018-05-21,7.25,7.24,7.34,7.21
2018-05-22,7.27,7.22,7.27,7.11
2018-05-23,7.2,7.1,7.26,7.07
2018-05-24,7.1,7.02,7.15,7.0
2018-05-25,7.05,6.92,7.05,6.92
