date,open,close,high,low
2016-01-04,13.684,12.232,13.883,12.232
2016-01-05,11.314,11.007,11.875,11.007
2016-01-06,10.957,10.957,11.255,10.189
2016-01-07,10.66,9.862,10.66,9.862
2016-01-08,9.966,9.376,10.164,8.875
2016-01-11,9.009,8.439,9.272,8.439
2016-01-12,8.379,8.468,8.657,8.107
2016-01-13,8.617,7.621,8.721,7.621
2016-01-14,7.338,8.384,8.384,7.288
2016-01-15,8.384,8.126,8.657,7.933
2016-01-18,8.097,8.394,8.627,7.938
2016-01-19,8.419,8.726,8.85,8.191
2016-01-20,8.677,8.548,8.9,8.439
2016-01-21,8.305,7.973,8.825,7.928
2016-01-22,8.092,8.176,8.23,7.794
2016-01-25,8.23,8.295,8.518,8.166
2016-01-26,8.191,7.467,8.191,7.467
2016-01-27,7.467,7.606,7.67,6.798
2016-01-28,7.388,6.922,7.512,6.857
2016-01-29,6.941,7.616,7.616,6.941
2016-02-01,7.68,7.631,7.769,7.343
2016-02-02,7.635,7.973,8.131,7.586
2016-02-03,7.913,8.057,8.176,7.685
2016-02-04,8.156,8.181,8.33,8.047
2016-02-05,8.181,7.933,8.255,7.834
2016-02-15,7.715,7.898,8.002,7.695
2016-02-16,7.963,8.305,8.32,7.963
2016-02-17,8.325,8.622,8.647,8.181
2016-02-18,8.622,8.459,8.622,8.369
2016-02-19,8.419,8.627,8.84,8.33
2016-02-22,8.667,9.321,9.42,8.667
2016-02-23,9.197,9.054,9.262,8.83
2016-02-24,8.959,9.148,9.172,8.677
2016-02-25,9.073,8.235,9.143,8.235
2016-02-26,8.305,8.419,8.429,7.859
2016-02-29,8.414,7.586,8.414,7.576
2016-03-01,7.531,7.898,8.151,7.259
2016-03-02,7.824,8.28,8.409,7.759
2016-03-03,8.295,8.364,8.716,8.245
2016-03-04,8.359,8.364,8.617,8.047
2016-03-07,8.429,8.776,8.816,8.429
2016-03-08,8.731,9.073,9.197,8.478
2016-03-09,8.925,8.974,9.103,8.726
2016-03-10,8.974,8.553,9.068,8.429
2016-03-11,8.478,8.518,8.568,8.305
2016-03-14,8.553,8.875,9.039,8.553
2016-03-15,8.85,8.806,8.959,8.716
2016-03-16,9.034,8.865,9.088,8.692
2016-03-17,8.92,9.133,9.306,8.83
2016-03-18,9.168,9.569,9.668,9.073
2016-03-21,9.867,9.767,9.867,9.401
2016-03-22,9.629,9.817,9.991,9.539
2016-03-23,9.792,9.832,9.911,9.644
2016-03-24,9.758,9.807,10.015,9.584
2016-03-25,9.807,9.901,9.901,9.644
2016-03-28,10.025,10.209,10.65,10.01
2016-03-29,10.075,10.06,10.303,9.807
2016-03-30,10.149,10.66,10.749,10.149
2016-03-31,10.675,11.017,11.304,10.67
2016-04-01,10.833,11.399,11.547,10.833
2016-04-05,11.493,12.123,12.142,11.493
2016-04-06,12.048,12.266,12.435,11.899
2016-04-07,12.147,11.726,12.247,11.721
2016-04-08,11.751,12.47,12.494,11.21
2016-04-11,12.395,13.089,13.526,12.227
2016-04-12,13.387,13.089,13.749,12.98
2016-04-13,13.139,13.312,13.66,12.906
2016-04-14,13.397,13.283,13.684,13.04
2016-04-15,13.407,13.635,13.878,13.07
2016-04-18,13.422,13.828,14.031,13.228
2016-04-19,14.031,13.759,14.031,13.397
2016-04-20,13.734,13.248,13.868,12.544
2016-04-21,13.253,13.189,13.377,13.02
2016-04-22,13.144,13.149,13.312,12.891
2016-04-25,13.169,13.198,13.342,12.916
2016-04-26,13.312,13.511,13.784,13.184
2016-04-27,13.625,14.488,14.864,13.456
2016-04-28,14.24,14.527,14.626,14.155
2016-04-29,14.527,15.484,15.811,14.235
2016-05-03,15.37,15.673,15.866,15.122
2016-05-04,15.618,15.197,15.697,15.023
2016-05-05,15.251,14.874,15.266,14.517
2016-05-06,14.651,14.959,15.132,14.418
2016-05-09,14.527,13.873,14.859,13.506
2016-05-10,13.922,13.868,14.007,13.164
2016-05-11,13.754,13.139,13.967,13.07
2016-05-12,12.926,12.395,12.926,11.999
2016-05-13,12.47,13.546,13.55,12.395
2016-05-16,13.387,13.635,13.719,13.099
2016-05-17,13.605,14.126,14.512,13.342
2016-05-18,13.848,13.62,14.126,13.441
2016-05-19,13.62,13.645,14.007,13.595
2016-05-20,13.585,13.947,14.056,13.397
2016-05-23,14.136,14.294,14.369,13.947
2016-05-24,14.309,13.818,14.369,13.793
2016-05-25,13.972,13.823,14.155,13.387
2016-05-26,13.977,13.808,13.977,13.342
2016-05-27,13.823,13.764,13.912,13.536
2016-05-30,13.684,13.714,13.784,13.412
2016-05-31,13.684,14.215,14.309,13.62
2016-06-01,14.215,14.22,14.354,14.081
2016-06-02,14.18,14.339,14.473,14.086
2016-06-03,14.428,14.403,14.552,14.235
2016-06-06,14.527,14.502,14.567,14.056
2016-06-07,14.478,14.23,14.478,14.195
2016-06-08,14.284,14.294,14.463,14.16
2016-06-13,14.2,13.66,14.264,13.536
2016-06-14,13.64,13.486,13.818,13.288
2016-06-15,13.481,13.843,13.982,13.293
2016-06-16,13.774,13.808,13.962,13.724
2016-06-17,13.922,14.478,15.018,13.922
2016-06-20,14.577,15.266,15.35,14.502
2016-06-21,15.618,14.82,15.618,14.79
2016-06-22,14.79,14.949,15.416,14.432
2016-06-23,14.919,15.207,15.566,14.77
2016-06-24,15.207,14.839,15.367,13.984
2016-06-27,14.82,15.058,15.108,14.452
2016-06-28,15.038,15.009,15.207,14.81
2016-06-29,15.297,16.292,16.51,14.969
2016-06-30,16.262,16.958,17.266,15.794
2016-07-01,17.067,16.54,17.197,16.431
2016-07-04,16.55,16.779,17.415,16.311
2016-07-05,16.779,16.839,17.008,16.52
2016-07-06,16.64,16.302,16.839,15.963
2016-07-07,16.491,16.063,16.491,15.943
2016-07-08,16.212,17.614,17.674,16.212
2016-07-11,17.614,16.799,17.614,16.779
2016-07-12,16.63,16.53,17.157,15.993
2016-07-13,16.679,16.381,16.908,16.222
2016-07-14,16.262,16.411,16.65,16.113
2016-07-15,16.431,15.934,16.471,15.814
2016-07-18,14.581,14.342,15.416,14.342
2016-07-19,14.243,13.994,14.243,13.527
2016-07-20,13.924,14.094,14.203,13.875
2016-07-21,14.203,14.004,14.203,13.934
2016-07-22,14.024,13.775,14.024,13.726
2016-07-25,13.905,14.044,14.044,13.437
2016-07-26,14.064,14.014,14.094,13.915
2016-07-27,14.034,12.94,14.074,12.81
2016-07-28,13.169,13.358,13.517,12.81
2016-07-29,13.586,13.358,13.586,13.228
2016-08-01,13.387,12.94,13.457,12.85
2016-08-02,12.94,12.93,13.079,12.721
2016-08-03,12.93,12.91,13.009,12.801
2016-08-04,12.91,12.95,13.079,12.691
2016-08-05,12.92,12.691,12.93,12.681
2016-08-08,12.83,13.149,13.198,12.681
2016-08-09,13.358,13.139,13.358,13.049
2016-08-10,13.447,13.208,13.467,13.069
2016-08-11,13.079,12.751,13.149,12.751
2016-08-12,12.751,12.791,12.88,12.691
2016-08-15,12.82,12.91,13.029,12.751
2016-08-16,12.97,12.99,13.049,12.93
2016-08-17,12.94,12.97,13.019,12.85
2016-08-18,13.009,13.825,14.223,13.009
2016-08-19,13.626,14.442,14.7,13.447
2016-08-22,14.322,13.944,14.422,13.855
2016-08-23,13.964,14.312,14.621,13.825
2016-08-24,14.442,14.193,14.611,14.123
2016-08-25,13.974,13.895,14.123,13.626
2016-08-26,13.974,13.696,14.024,13.666
2016-08-29,13.696,13.606,13.815,13.487
2016-08-30,13.676,13.586,13.726,13.527
2016-08-31,13.626,13.427,13.626,13.178
2016-09-01,13.377,13.228,13.497,13.188
2016-09-02,13.308,13.447,13.537,13.178
2016-09-05,13.427,13.547,13.616,13.268
2016-09-06,13.437,13.566,13.626,13.328
2016-09-07,13.566,13.646,14.004,13.427
2016-09-08,13.646,13.477,13.805,13.377
2016-09-09,13.716,13.129,13.716,13.129
2016-09-12,12.771,12.283,12.87,12.273
2016-09-13,12.283,12.373,12.592,12.204
2016-09-14,12.313,12.393,12.512,12.263
2016-09-19,12.383,12.582,12.83,12.383
2016-09-20,12.582,12.472,12.82,12.413
2016-09-21,12.532,12.492,12.622,12.433
2016-09-22,12.592,12.532,12.721,12.482
2016-09-23,12.502,12.741,12.98,12.482
2016-09-26,12.631,12.393,12.791,12.353
2016-09-27,12.343,12.492,12.572,12.263
2016-09-28,12.393,12.433,12.602,12.373
2016-09-29,12.433,12.582,12.661,12.433
2016-09-30,12.582,12.781,12.781,12.542
2016-10-10,12.781,13.188,13.268,12.771
2016-10-11,13.188,13.218,13.288,13.049
2016-10-12,13.139,13.258,13.377,13.029
2016-10-13,13.149,13.029,13.288,13.029
2016-10-14,13.069,12.96,13.109,12.781
2016-10-17,12.96,12.94,13.159,12.86
2016-10-18,12.88,13.338,13.377,12.88
2016-10-19,13.348,13.218,13.387,13.159
2016-10-20,13.298,13.119,13.338,13.049
2016-10-21,13.139,12.93,13.208,12.81
2016-10-24,12.92,13.149,13.149,12.731
2016-10-25,13.029,12.87,13.029,12.761
2016-10-26,12.761,12.681,12.86,12.651
2016-10-27,12.761,12.582,12.761,12.572
2016-10-28,12.572,12.542,12.671,12.502
2016-10-31,12.582,12.373,12.592,12.293
2016-11-01,12.413,12.552,12.582,12.333
2016-11-02,12.542,12.343,12.542,12.313
2016-11-03,12.323,12.343,12.482,12.283
2016-11-04,12.512,12.244,12.572,12.234
2016-11-07,12.263,12.283,12.333,12.194
2016-11-08,12.353,12.403,12.452,12.303
2016-11-09,12.442,12.502,12.731,12.433
2016-11-10,12.661,12.542,12.691,12.462
2016-11-11,12.612,12.512,12.612,12.433
2016-11-14,12.502,12.582,12.671,12.462
2016-11-15,12.602,12.701,12.731,12.532
2016-11-16,12.781,12.97,13.328,12.761
2016-11-17,13.009,12.84,13.029,12.751
2016-11-18,12.87,12.681,12.88,12.651
2016-11-21,12.572,12.641,12.771,12.572
2016-11-22,12.582,12.761,12.761,12.582
2016-11-23,12.751,12.622,12.81,12.592
2016-11-24,12.512,12.452,12.651,12.442
2016-11-25,12.472,12.482,12.522,12.234
2016-11-28,12.542,12.452,12.562,12.413
2016-11-29,12.433,12.303,12.452,12.244
2016-11-30,12.244,12.333,12.472,12.234
2016-12-01,12.283,12.293,12.403,12.234
2016-12-02,12.244,12.055,12.323,12.005
2016-12-05,11.945,11.786,12.055,11.756
2016-12-06,11.886,11.905,12.045,11.866
2016-12-07,11.826,11.945,12.035,11.826
2016-12-08,11.945,11.846,12.055,11.836
2016-12-09,11.846,11.716,11.905,11.687
2016-12-12,11.736,10.742,11.796,10.692
2016-12-13,10.732,10.433,10.811,10.294
2016-12-14,10.443,10.244,10.453,10.145
2016-12-15,10.195,10.374,10.443,10.175
2016-12-16,10.354,10.503,10.563,10.354
2016-12-19,10.533,10.453,10.543,10.443
2016-12-20,10.453,10.742,10.821,10.453
2016-12-21,10.712,10.921,11.04,10.712
2016-12-22,10.931,10.762,11.02,10.742
2016-12-23,10.762,10.533,10.861,10.483
2016-12-26,10.533,10.692,10.712,10.264
2016-12-27,10.672,10.692,10.791,10.593
2016-12-28,10.742,10.642,10.811,10.632
2016-12-29,10.692,10.513,10.722,10.493
2016-12-30,10.573,10.841,10.921,10.553
2017-01-03,10.851,10.861,10.911,10.722
2017-01-04,10.772,10.98,11.02,10.732
2017-01-05,11.03,11.13,11.219,10.901
2017-01-06,11.169,10.97,11.179,10.911
2017-01-09,10.941,11.03,11.09,10.841
2017-01-10,11.03,10.921,11.06,10.901
2017-01-11,10.891,10.752,11.01,10.752
2017-01-12,10.742,10.593,10.891,10.593
2017-01-13,10.662,10.394,10.791,10.384
2017-01-16,10.294,10.115,10.423,9.548
2017-01-17,9.986,9.886,10.175,9.26
2017-01-18,9.757,9.638,9.906,9.568
2017-01-19,9.618,9.518,9.668,9.449
2017-01-20,9.558,9.777,9.827,9.469
2017-01-23,9.777,9.896,10.075,9.747
2017-01-24,9.847,9.797,9.916,9.717
2017-01-25,9.827,9.857,9.896,9.687
2017-01-26,9.817,10.006,10.016,9.817
2017-02-03,9.946,9.857,10.026,9.847
2017-02-06,9.857,9.996,10.016,9.827
2017-02-07,9.986,11.0,11.0,9.946
2017-02-08,11.289,11.716,12.084,11.02
2017-02-09,11.547,11.478,11.706,11.398
2017-02-10,11.458,11.04,11.458,11.04
2017-02-13,11.07,11.12,11.189,10.931
2017-02-14,11.169,11.11,11.289,11.02
2017-02-15,11.04,10.891,11.14,10.811
2017-02-16,10.931,11.0,11.02,10.742
2017-02-17,10.99,10.702,10.99,10.682
2017-02-20,10.702,10.821,10.851,10.602
2017-02-21,10.811,10.931,11.0,10.742
2017-02-22,10.931,10.98,11.03,10.742
2017-02-23,11.0,10.871,11.03,10.742
2017-02-24,10.931,11.04,11.04,10.791
2017-02-27,11.14,10.821,11.219,10.782
2017-02-28,10.772,10.702,10.871,10.642
2017-03-01,10.722,10.752,10.861,10.672
2017-03-02,10.762,10.453,10.791,10.443
2017-03-03,10.453,10.533,10.573,10.364
2017-03-06,10.473,10.652,10.692,10.473
2017-03-07,10.662,10.911,11.179,10.632
2017-03-08,10.861,10.811,10.941,10.752
2017-03-09,10.791,10.772,10.871,10.652
2017-03-10,10.742,10.652,10.831,10.622
2017-03-13,10.642,10.692,10.702,10.443
2017-03-14,10.692,10.622,10.791,10.602
2017-03-15,10.553,10.622,10.622,10.523
2017-03-16,10.612,10.762,10.791,10.602
2017-03-17,10.762,10.583,10.881,10.563
2017-03-20,10.622,11.02,11.04,10.583
2017-03-21,11.07,10.841,11.07,10.821
2017-03-22,10.791,10.523,10.811,10.493
2017-03-23,10.523,10.453,10.602,10.205
2017-03-24,10.453,10.404,10.503,10.304
2017-03-27,10.384,10.483,10.483,10.324
2017-03-28,10.483,10.533,10.722,10.483
2017-03-29,10.523,10.344,10.583,10.244
2017-03-30,10.344,9.946,10.394,9.866
2017-03-31,10.026,9.936,10.046,9.857
2017-04-05,9.956,10.215,10.274,9.936
2017-04-06,10.215,10.294,10.394,10.215
2017-04-07,10.294,10.234,10.294,10.145
2017-04-10,10.234,10.085,10.234,10.055
2017-04-11,10.075,10.165,10.175,9.966
2017-04-12,10.175,9.966,10.215,9.946
2017-04-13,9.866,9.966,10.105,9.866
2017-04-14,9.916,9.946,10.006,9.906
2017-04-17,9.896,9.936,10.006,9.896
2017-04-18,9.956,9.996,10.125,9.916
2017-04-19,9.896,9.638,9.936,9.419
2017-04-20,9.638,9.469,9.648,9.449
2017-04-21,9.489,9.429,9.518,9.379
2017-04-24,9.399,9.27,9.449,8.971
2017-04-25,9.21,9.27,9.349,9.17
2017-04-26,9.3,9.051,9.3,9.021
2017-04-27,9.001,9.409,9.479,8.762
2017-04-28,9.329,9.359,9.538,9.31
2017-05-02,9.359,9.528,9.598,9.28
2017-05-03,9.528,9.568,9.717,9.469
2017-05-04,9.568,9.479,9.648,9.399
2017-05-05,9.449,9.489,9.628,9.349
2017-05-08,9.449,9.369,9.489,9.31
2017-05-09,9.23,9.329,9.359,9.111
2017-05-10,9.359,9.051,9.518,9.031
2017-05-11,8.961,9.091,9.101,8.932
2017-05-12,9.091,9.001,9.101,8.932
2017-05-15,8.961,8.991,9.121,8.932
2017-05-16,8.951,9.21,9.21,8.852
2017-05-17,9.23,9.31,9.419,9.15
2017-05-18,9.29,9.28,9.399,9.16
2017-05-19,9.29,9.349,9.379,9.24
2017-05-22,9.399,9.091,9.409,9.071
2017-05-23,9.041,8.932,9.2,8.932
2017-05-24,8.961,9.2,9.2,8.862
2017-05-25,9.2,9.3,9.389,8.961
2017-05-26,9.29,9.2,9.319,9.19
2017-05-31,9.25,9.26,9.399,9.25
2017-06-01,9.15,9.031,9.2,9.001
2017-06-02,8.971,9.14,9.21,8.832
2017-06-05,9.17,9.13,9.329,9.111
2017-06-06,9.14,9.21,9.21,9.041
2017-06-07,9.18,9.349,9.409,9.18
2017-06-08,9.379,9.349,9.449,9.349
2017-06-09,9.349,9.379,9.409,9.27
2017-06-12,9.329,9.17,9.349,9.16
2017-06-13,9.25,9.34,9.4,9.18
2017-06-14,9.36,9.39,9.41,9.26
2017-06-15,9.38,9.49,9.61,9.31
2017-06-16,9.42,9.45,9.5,9.39
2017-06-19,9.6,9.45,9.6,9.41
2017-06-20,9.45,9.38,9.53,9.33
2017-06-21,9.45,9.4,9.45,9.31
2017-06-22,9.4,9.1,9.49,9.0
2017-06-23,9.09,9.06,9.15,8.9
2017-06-26,9.07,9.05,9.11,8.93
2017-06-27,9.09,8.88,9.1,8.81
2017-06-28,8.9,8.67,8.9,8.63
2017-06-29,8.65,8.75,8.79,8.65
2017-06-30,8.7,8.65,8.73,8.55
2017-07-03,8.68,8.87,8.88,8.66
2017-07-04,8.87,8.79,8.9,8.73
2017-07-05,8.73,8.75,8.81,8.69
2017-07-06,8.73,8.74,8.81,8.69
2017-07-07,8.72,8.83,8.83,8.7
2017-07-10,8.83,8.82,8.85,8.75
2017-07-11,8.82,8.96,8.99,8.8
2017-07-12,9.0,9.13,9.23,8.92
2017-07-13,9.13,9.09,9.2,9.0
2017-07-14,9.13,9.27,9.35,9.05
2017-07-17,9.25,9.22,9.5,8.85
2017-07-18,9.21,9.4,9.46,9.12
2017-07-19,9.35,9.39,9.5,9.21
2017-07-20,9.41,9.4,9.6,9.3
2017-07-21,9.36,9.28,9.47,9.15
2017-07-24,9.27,9.33,9.46,9.16
2017-07-25,9.35,8.98,9.37,8.97
2017-07-26,8.9,9.02,9.23,8.69
2017-07-27,9.02,9.45,9.45,8.77
2017-07-28,9.43,9.26,9.43,9.26
2017-07-31,9.19,9.13,9.25,9.1
2017-08-01,9.14,8.95,9.26,8.9
2017-08-02,8.91,8.8,8.99,8.74
2017-08-03,8.81,8.82,8.97,8.73
2017-08-04,8.88,8.74,8.88,8.74
2017-08-07,8.74,8.7,8.83,8.69
2017-08-08,8.71,8.83,8.85,8.7
2017-08-09,8.8,8.8,8.87,8.76
2017-08-10,8.84,8.68,8.86,8.66
2017-08-11,8.63,8.5,8.67,8.47
2017-08-14,8.48,8.68,8.7,8.47
2017-08-15,8.73,8.74,8.76,8.63
2017-08-16,8.75,8.8,8.86,8.7
2017-08-17,8.82,8.85,8.88,8.75
2017-08-18,8.8,8.73,8.85,8.72
2017-08-21,8.7,8.78,8.82,8.7
2017-08-22,8.78,8.66,8.8,8.64
2017-08-23,8.7,8.68,8.75,8.63
2017-08-24,8.68,8.61,8.72,8.6
2017-08-25,8.59,8.7,8.75,8.58
2017-08-28,8.71,8.8,8.83,8.69
2017-08-29,8.81,8.81,8.85,8.73
2017-08-30,8.81,8.81,8.83,8.76
2017-08-31,8.81,8.84,8.86,8.78
2017-09-01,8.84,8.87,8.88,8.8
2017-09-04,8.88,8.94,8.99,8.85
2017-09-05,8.96,8.82,8.97,8.81
2017-09-06,8.84,8.86,8.88,8.76
2017-09-07,8.83,8.89,8.94,8.81
2017-09-08,8.96,9.12,9.36,8.91
2017-09-11,9.0,9.04,9.12,8.96
2017-09-12,9.02,8.91,9.16,8.9
2017-09-13,8.91,8.96,8.97,8.85
2017-09-14,8.96,8.85,8.98,8.81
2017-09-15,8.85,8.87,8.92,8.83
2017-09-18,8.86,8.94,8.95,8.83
2017-09-19,8.96,8.91,8.96,8.89
2017-09-20,8.91,8.94,8.94,8.84
2017-09-21,8.94,9.06,9.07,8.89
2017-09-22,9.06,8.95,9.06,8.86
2017-09-25,8.95,8.64,8.96,8.6
2017-09-26,8.62,8.75,8.8,8.62
2017-09-27,8.88,8.7,8.88,8.69
2017-09-28,8.7,8.61,8.71,8.6
2017-09-29,8.63,8.66,8.72,8.6
2017-10-09,8.76,8.71,8.78,8.66
2017-10-10,8.69,8.86,8.88,8.68
2017-10-11,8.83,8.81,8.87,8.75
2017-10-12,8.76,8.73,8.81,8.67
2017-10-13,8.76,8.94,9.15,8.74
2017-10-16,8.9,8.65,8.93,8.59
2017-10-17,8.63,8.65,8.72,8.61
2017-10-18,8.69,8.6,8.75,8.55
2017-10-19,8.65,8.53,8.65,8.47
2017-10-20,8.54,8.58,8.61,8.49
2017-10-23,8.62,8.58,8.62,8.54
2017-10-24,8.58,8.56,8.59,8.52
2017-10-25,8.56,8.6,8.61,8.53
2017-10-26,8.58,8.62,8.64,8.54
2017-10-27,8.59,8.55,8.65,8.53
2017-10-30,8.53,8.07,8.56,8.04
2017-10-31,8.08,8.13,8.2,8.05
2017-11-01,8.13,7.99,8.17,7.99
2017-11-02,8.01,7.88,8.04,7.81
2017-11-03,7.88,7.89,8.06,7.78
2017-11-06,7.9,7.96,8.02,7.81
2017-11-07,7.96,8.04,8.1,7.95
2017-11-08,8.04,8.02,8.09,7.99
2017-11-09,8.03,8.03,8.04,7.93
2017-11-10,8.03,7.97,8.04,7.96
2017-11-13,7.98,7.91,8.02,7.9
2017-11-14,7.9,7.79,7.94,7.75
2017-11-15,7.78,8.15,8.35,7.76
2017-11-16,7.95,7.95,8.03,7.8
2017-11-17,7.96,7.49,7.96,7.48
2017-11-20,7.53,7.4,7.53,7.21
2017-11-21,7.39,7.27,7.44,7.25
2017-11-22,7.3,7.16,7.34,7.14
2017-11-23,7.16,7.1,7.21,7.07
2017-11-24,7.09,7.12,7.17,7.06
2017-11-27,7.11,7.07,7.18,7.07
2017-11-28,7.05,7.17,7.18,7.05
2017-11-29,7.14,7.17,7.2,7.08
2017-11-30,7.12,7.16,7.19,7.12
2017-12-01,7.13,7.29,7.31,7.13
2017-12-04,7.3,7.15,7.36,7.14
2017-12-05,7.22,6.94,7.22,6.85
2017-12-06,6.9,6.99,7.0,6.78
2017-12-07,6.99,6.94,7.0,6.92
2017-12-08,6.92,7.03,7.14,6.92
2017-12-11,7.06,7.09,7.14,7.05
2017-12-12,7.11,6.95,7.13,6.95
2017-12-13,6.95,6.98,7.02,6.92
2017-12-14,7.0,6.99,7.06,6.97
2017-12-15,6.99,7.06,7.07,6.98
2017-12-18,7.02,7.06,7.13,7.02
2017-12-19,7.04,7.11,7.15,7.03
2017-12-20,7.09,6.97,7.14,6.95
2017-12-21,6.93,6.88,6.97,6.82
2017-12-22,6.9,6.84,6.9,6.8
2017-12-25,6.81,6.6,6.85,6.6
2017-12-26,6.61,6.65,6.67,6.56
2017-12-27,6.67,6.56,6.68,6.56
2017-12-28,6.62,6.66,6.66,6.56
2017-12-29,6.67,6.73,6.76,6.63
2018-01-02,6.76,6.86,6.87,6.7
2018-01-03,6.81,6.86,6.88,6.81
2018-01-04,6.84,6.84,6.9,6.83
2018-01-05,6.83,6.86,6.9,6.82
2018-01-08,6.86,6.84,6.89,6.77
2018-01-09,6.85,6.8,6.85,6.76
2018-01-10,6.82,6.74,6.82,6.7
2018-01-11,6.74,6.94,7.1,6.71
2018-01-12,6.94,6.82,6.97,6.81
2018-01-15,6.78,6.59,6.83,6.59
2018-01-16,6.58,6.59,6.64,6.57
2018-01-17,6.61,6.63,6.65,6.48
2018-01-18,6.63,6.58,6.65,6.56
2018-01-19,6.57,6.56,6.63,6.55
2018-01-22,6.56,6.75,6.78,6.5
2018-01-23,6.78,7.43,7.43,6.73
2018-01-24,7.7,7.39,7.75,7.28
2018-01-25,7.23,7.21,7.4,7.18
2018-01-26,7.16,7.07,7.19,7.07
2018-01-29,7.03,7.07,7.14,7.0
2018-01-30,7.02,7.1,7.14,7.02
2018-01-31,7.07,6.9,7.07,6.85
2018-02-01,6.85,6.66,6.96,6.61
2018-02-02,6.58,6.71,6.75,6.58
2018-02-05,6.68,6.74,6.79,6.64
2018-02-06,6.62,6.13,6.7,6.07
2018-02-07,6.24,6.19,6.4,6.01
2018-02-08,6.19,6.25,6.32,6.17
2018-02-09,6.07,5.95,6.22,5.88
2018-02-12,6.05,6.07,6.13,5.96
2018-02-13,6.11,6.07,6.19,6.06
2018-02-14,6.09,6.1,6.1,6.01
2018-02-22,6.14,6.18,6.19,6.1
2018-02-23,6.25,6.3,6.47,6.14
2018-02-26,6.33,6.39,6.42,6.27
2018-02-27,6.37,6.39,6.46,6.33
2018-02-28,6.36,6.45,6.52,6.32
2018-03-30,7.1,7.1,7.1,7.1
2018-04-02,7.81,7.81,7.81,7.81
2018-04-03,8.59,8.59,8.59,8.59
2018-04-04,9.45,9.45,9.45,9.45
2018-04-09,9.79,8.7,9.87,8.7
2018-04-10,8.25,8.35,8.96,8.03
2018-04-11,8.21,8.14,8.36,8.02
2018-04-12,8.05,7.87,8.23,7.87
2018-04-13,7.92,7.69,8.07,7.69
2018-04-16,7.6,7.81,7.86,7.56
2018-04-17,7.95,7.45,7.98,7.39
2018-04-18,7.4,7.63,7.63,7.38
2018-04-19,7.65,7.43,7.65,7.4
2018-04-20,7.38,7.0,7.44,6.94
2018-04-23,7.03,7.21,7.25,7.0
2018-04-24,7.26,7.35,7.56,7.14
2018-04-25,7.2,7.44,7.5,7.18
2018-04-26,7.42,7.02,7.43,7.02
2018-04-27,7.1,7.1,7.19,7.01
2018-05-02,7.1,6.88,7.15,6.78
2018-05-03,6.85,7.15,7.15,6.81
2018-05-04,7.14,7.1,7.38,7.0
2018-05-07,7.12,7.21,7.24,7.02
2018-05-08,7.21,7.29,7.34,7.13
2018-05-09,7.24,7.3,7.43,7.23
2018-05-10,7.33,7.23,7.4,7.19
2018-05-11,7.22,6.98,7.22,6.9
2018-05-14,7.02,6.98,7.12,6.95
2018-05-15,6.97,7.08,7.08,6.91
2018-05-16,7.02,7.04,7.1,6.96
2018-05-17,7.0,6.85,7.05,6.82
2018-05-18,6.85,6.89,6.92,6.78
2018-05-21,6.9,6.96,7.0,6.9
2018-05-22,6.94,7.03,7.04,6.9
2018-05-23,7.01,6.93,7.07,6.91
2018-05-24,6.9,6.95,6.98,6.82
2018-05-25,6.93,6.81,6.96,6.8
