date,open,close,high,low
2016-01-04,27.966,25.471,28.839,25.471
2016-01-05,22.927,22.927,24.284,22.927
2016-01-06,23.501,25.222,25.222,23.002
2016-01-07,24.848,22.702,24.848,22.702
2016-01-08,23.411,22.702,24.149,20.956
2016-01-11,21.465,20.432,21.704,20.432
2016-01-12,20.432,19.255,20.512,18.716
2016-01-13,19.684,18.541,20.198,18.361
2016-01-14,17.987,19.659,20.103,17.518
2016-01-15,19.26,17.693,19.354,17.693
2016-01-18,16.865,18.137,18.86,16.79
2016-01-19,18.351,19.953,19.953,17.628
2016-01-20,20.422,20.756,21.455,20.272
2016-01-21,20.208,18.681,20.716,18.681
2016-01-22,18.661,19.279,19.709,18.571
2016-01-25,19.459,19.903,20.761,19.374
2016-01-26,19.06,17.912,19.289,17.912
2016-01-27,17.703,17.413,17.902,16.121
2016-02-02,17.214,18.361,18.81,16.266
2016-02-03,17.962,17.568,18.142,16.565
2016-02-04,17.463,18.142,19.125,17.463
2016-02-05,18.142,17.304,18.666,17.214
2016-02-15,16.465,16.745,17.104,15.966
2016-02-16,17.014,17.803,18.132,16.964
2016-02-17,18.062,18.965,19.14,17.478
2016-02-18,18.965,18.336,19.005,18.262
2016-02-19,18.052,18.681,19.21,18.052
2016-02-22,18.91,19.135,19.399,18.486
2016-02-23,19.21,18.376,19.334,18.002
2016-02-24,18.461,19.16,19.205,18.212
2016-02-25,19.205,17.244,19.359,17.244
2016-02-26,16.924,16.026,17.314,15.567
2016-02-29,15.752,14.425,15.752,14.425
2016-03-01,13.861,14.42,14.919,13.028
2016-03-02,13.981,14.929,15.103,13.726
2016-03-03,14.569,14.949,16.241,14.569
2016-03-04,14.594,13.452,14.944,13.452
2016-03-07,13.676,13.836,14.45,13.636
2016-03-08,13.542,13.801,13.911,12.484
2016-03-09,13.362,13.332,13.911,13.023
2016-03-10,13.397,13.147,13.691,13.058
2016-03-11,12.798,12.903,13.217,12.614
2016-03-14,13.272,13.666,14.12,13.147
2016-03-15,13.596,13.217,13.736,13.177
2016-03-16,13.611,13.567,13.806,13.008
2016-03-17,13.661,14.924,14.924,13.522
2016-03-18,15.857,16.416,16.416,15.323
2016-03-21,17.513,18.057,18.057,17.364
2016-03-22,17.877,18.676,19.863,17.378
2016-03-23,19.05,20.542,20.542,19.05
2016-03-24,21.355,20.831,22.143,20.247
2016-03-25,20.257,20.652,21.041,19.758
2016-03-28,20.507,19.918,21.106,19.709
2016-03-29,19.729,21.305,21.909,19.314
2016-03-30,21.285,23.436,23.436,20.971
2016-03-31,24.713,22.852,25.197,22.762
2016-04-01,22.393,23.281,24.149,22.288
2016-04-05,22.952,25.611,25.611,22.388
2016-04-06,26.01,25.616,26.439,24.997
2016-04-07,25.397,24.299,25.646,24.279
2016-04-08,23.655,25.042,25.886,23.65
2016-04-11,25.447,24.763,26.769,24.399
2016-04-12,24.334,23.451,24.748,22.862
2016-04-13,23.76,23.7,24.533,23.65
2016-04-14,23.7,24.668,25.342,23.241
2016-04-15,24.449,24.03,24.668,23.755
2016-04-18,23.351,23.9,23.9,22.952
2016-04-19,24.289,23.7,24.424,23.401
2016-04-20,23.795,24.499,25.202,22.503
2016-04-21,23.835,22.049,24.149,22.049
2016-04-22,20.851,21.739,22.428,20.816
2016-04-25,21.894,20.991,21.904,20.836
2016-04-26,21.205,21.934,21.934,20.981
2016-04-27,21.535,21.205,21.804,21.18
2016-04-28,21.141,22.802,23.301,20.981
2016-04-29,22.398,22.138,22.662,22.054
2016-05-03,22.054,22.957,23.69,22.034
2016-05-04,22.702,22.952,23.685,22.513
2016-05-05,22.707,22.882,23.286,22.553
2016-05-06,22.912,22.403,24.394,22.283
2016-05-09,21.704,20.592,21.874,20.163
2016-05-10,20.382,20.507,20.896,20.113
2016-05-11,20.796,19.634,20.886,19.634
2016-05-12,19.085,19.284,19.399,18.461
2016-05-13,19.569,19.434,20.287,19.16
2016-05-16,19.01,21.35,21.38,18.97
2016-05-17,20.956,22.852,23.486,20.766
2016-05-18,22.203,21.32,22.448,20.956
2016-05-19,21.123,21.852,23.42,21.123
2016-05-20,21.232,24.039,24.039,20.973
2016-05-23,24.778,26.446,26.446,23.969
2016-05-24,26.266,25.587,26.346,25.077
2016-05-25,26.066,25.147,26.965,24.728
2016-05-26,24.468,27.664,27.664,23.979
2016-05-27,27.944,26.865,28.373,26.845
2016-05-30,26.266,27.085,27.664,26.046
2016-05-31,27.215,28.543,29.362,26.765
2016-06-01,28.193,28.593,29.961,28.064
2016-06-02,28.014,28.363,29.292,27.884
2016-06-03,28.024,28.862,30.39,28.024
2016-06-06,28.763,28.203,29.052,27.964
2016-06-07,28.074,28.763,29.262,27.984
2016-06-08,28.523,27.964,28.663,27.964
2016-06-13,27.025,25.167,27.934,25.167
2016-06-14,24.478,25.127,25.567,24.478
2016-06-15,24.618,26.406,27.165,24.618
2016-06-16,26.196,26.266,26.665,25.836
2016-06-17,26.765,28.892,28.892,26.765
2016-06-20,29.462,29.302,29.851,27.564
2016-06-21,29.112,29.422,30.76,28.163
2016-06-22,28.972,30.281,30.94,28.862
2016-06-23,29.911,29.032,30.341,28.773
2016-06-24,28.962,28.613,29.602,26.765
2016-06-27,27.964,29.172,29.262,27.964
2016-06-28,28.962,29.132,29.462,28.313
2016-06-29,29.132,28.633,29.462,28.173
2016-06-30,28.643,29.422,30.63,28.643
2016-07-01,29.462,28.962,30.161,28.693
2016-07-04,28.463,29.212,30.161,28.263
2016-07-05,29.152,29.312,29.382,28.763
2016-07-06,29.162,30.84,31.938,28.992
2016-07-07,30.56,29.971,30.56,29.472
2016-07-08,29.861,29.621,30.251,29.522
2016-07-11,29.082,28.862,29.602,28.763
2016-07-12,29.052,28.902,29.432,27.265
2016-07-13,28.683,29.002,29.442,28.493
2016-07-14,28.962,28.962,29.212,28.563
2016-07-15,28.503,28.093,28.862,27.964
2016-07-18,27.844,27.344,27.844,27.275
2016-07-19,27.684,28.064,28.463,27.684
2016-07-20,28.263,27.734,28.323,27.574
2016-07-21,27.744,27.544,28.044,27.484
2016-07-22,27.524,27.384,27.784,27.305
2016-07-25,27.364,27.724,28.074,27.285
2016-07-26,27.864,28.123,28.433,27.774
2016-07-27,27.934,25.767,28.103,25.467
2016-07-28,26.026,25.127,26.216,24.049
2016-07-29,25.137,24.618,25.357,24.368
2016-08-01,24.628,24.648,24.858,23.529
2016-08-02,24.468,24.708,24.768,24.358
2016-08-03,24.668,24.548,24.718,24.298
2016-08-04,24.548,25.177,25.727,24.398
2016-08-05,24.868,24.778,25.667,24.648
2016-08-08,24.368,24.778,24.778,23.979
2016-08-09,24.558,24.968,25.097,24.558
2016-08-10,24.988,24.968,25.437,24.858
2016-08-11,24.668,24.778,25.267,24.668
2016-08-12,24.568,24.658,24.878,24.119
2016-08-15,24.668,26.236,26.965,24.488
2016-08-16,25.966,26.076,26.456,25.767
2016-08-17,26.096,25.816,26.516,25.767
2016-08-18,25.567,25.317,25.747,25.267
2016-08-19,25.277,25.467,26.266,25.077
2016-08-22,25.147,24.768,25.946,24.728
2016-08-23,24.488,24.768,24.918,24.418
2016-08-24,24.768,24.808,24.948,24.618
2016-08-25,24.568,24.388,24.568,24.069
2016-08-26,24.588,24.318,24.668,24.189
2016-08-29,24.538,24.169,24.538,24.099
2016-08-30,24.378,24.438,24.838,24.318
2016-08-31,24.448,24.338,24.518,23.989
2016-09-01,24.288,24.089,24.528,24.069
2016-09-02,24.019,23.779,24.358,23.579
2016-09-05,23.989,23.839,24.199,23.779
2016-09-06,23.969,24.878,25.757,23.11
2016-09-07,24.538,24.258,24.788,24.219
2016-09-08,24.458,25.267,26.466,24.268
2016-09-09,24.968,25.017,25.107,24.628
2016-09-12,24.418,23.579,24.698,23.569
2016-09-13,23.809,23.669,23.949,23.569
2016-09-14,23.669,24.059,24.678,23.479
2016-09-19,23.989,24.069,24.388,23.759
2016-09-20,23.879,23.779,24.049,23.689
2016-09-21,23.879,23.969,24.258,23.789
2016-09-22,24.199,23.919,24.318,23.919
2016-09-23,23.869,23.499,24.099,23.47
2016-09-26,23.509,23.26,24.089,22.97
2016-09-27,23.02,23.519,23.669,22.99
2016-09-28,23.42,23.16,23.46,23.07
2016-09-29,23.35,23.08,23.509,23.05
2016-09-30,23.17,23.21,23.24,23.06
2016-10-10,23.31,23.819,24.049,23.31
2016-10-11,23.849,23.659,23.859,23.47
2016-10-12,23.499,23.499,23.719,23.39
2016-10-13,23.559,23.949,24.468,23.37
2016-10-14,23.569,23.709,23.799,23.499
2016-10-17,23.759,23.29,23.819,23.18
2016-10-18,23.22,23.679,23.959,23.22
2016-10-19,23.669,23.599,23.949,23.47
2016-10-20,23.669,24.968,25.427,23.569
2016-10-21,24.568,24.169,24.638,23.929
2016-10-24,24.169,24.189,24.508,23.849
2016-10-25,24.199,24.288,24.848,24.019
2016-10-26,24.209,24.798,24.938,23.939
2016-10-27,24.698,26.016,27.275,24.468
2016-10-28,25.387,26.715,27.275,24.968
2016-10-31,26.266,26.456,26.655,25.826
2016-11-01,26.715,26.755,26.915,26.096
2016-11-02,26.555,25.806,26.555,25.767
2016-11-03,25.417,25.327,26.146,24.968
2016-11-04,25.547,25.417,26.186,25.307
2016-11-07,25.447,25.247,25.916,25.167
2016-11-08,25.557,26.226,26.585,25.307
2016-11-09,26.116,25.087,26.126,24.478
2016-11-10,25.367,25.267,25.567,25.107
2016-11-11,25.167,26.016,26.306,24.998
2016-11-14,26.665,27.824,28.623,26.166
2016-11-15,27.554,27.844,28.453,27.085
2016-11-16,27.844,26.565,28.263,26.555
2016-11-17,26.066,25.826,26.266,25.667
2016-11-18,25.727,25.607,26.436,25.527
2016-11-21,25.537,25.816,25.936,25.467
2016-11-22,25.697,26.585,26.945,25.367
2016-11-23,26.595,26.935,28.083,26.366
2016-11-24,26.745,26.286,26.835,25.727
2016-11-25,26.016,26.665,26.825,25.467
2016-11-28,26.675,26.176,26.845,26.146
2016-11-29,25.966,25.846,26.516,25.637
2016-11-30,25.747,26.356,26.965,25.577
2016-12-01,26.016,26.206,26.366,25.976
2016-12-02,26.266,26.296,27.464,26.126
2016-12-05,25.467,25.467,26.286,25.367
2016-12-06,25.557,24.828,25.896,24.788
2016-12-07,24.868,25.017,25.117,24.738
2016-12-08,25.087,24.229,25.207,24.209
2016-12-09,24.069,23.879,24.348,23.749
2016-12-12,23.749,21.572,23.899,21.492
2016-12-13,21.572,21.542,21.912,21.172
2016-12-14,21.652,21.672,22.111,21.572
2016-12-15,21.642,22.011,22.461,21.642
2016-12-16,22.011,22.671,23.47,21.772
2016-12-19,22.271,22.081,22.621,21.792
2016-12-20,22.221,22.261,22.431,21.981
2016-12-21,22.481,22.301,22.571,22.071
2016-12-22,22.301,22.151,22.471,22.021
2016-12-23,22.151,21.592,22.301,21.472
2016-12-26,21.522,21.472,21.542,20.773
2016-12-27,21.572,21.692,21.961,21.372
2016-12-28,21.852,21.772,22.071,21.672
2016-12-29,21.672,21.782,22.251,21.672
2016-12-30,21.672,21.792,21.932,21.592
2017-01-03,22.021,21.951,22.111,21.762
2017-01-04,21.832,22.191,22.241,21.782
2017-01-05,22.071,21.842,22.151,21.802
2017-01-06,21.971,21.083,21.971,21.033
2017-01-09,20.953,21.113,21.252,20.893
2017-01-10,21.192,20.953,21.372,20.933
2017-01-11,20.823,20.563,21.103,20.184
2017-01-12,20.643,20.274,20.743,20.224
2017-01-13,20.453,19.275,20.633,19.085
2017-01-16,19.225,17.777,19.275,17.347
2017-01-17,17.737,18.296,18.506,17.008
2017-01-18,18.027,18.047,18.726,17.487
2017-01-19,17.657,17.697,18.057,17.587
2017-01-20,17.747,18.047,18.676,17.557
2017-01-23,17.997,18.276,18.476,17.667
2017-01-24,17.977,17.807,18.326,17.777
2017-01-25,17.777,17.997,18.206,17.687
2017-01-26,18.057,18.366,18.416,17.997
2017-02-03,18.476,18.156,18.546,18.077
2017-02-06,18.226,18.426,18.526,18.146
2017-02-07,18.506,18.266,18.506,18.106
2017-02-08,18.166,18.606,18.616,18.166
2017-02-09,18.666,18.716,18.796,18.416
2017-02-10,18.796,18.556,19.085,18.496
2017-02-13,18.546,18.436,18.965,18.027
2017-02-14,18.396,18.985,19.634,18.326
2017-02-15,18.706,18.516,18.975,18.416
2017-02-16,18.606,18.526,18.636,18.386
2017-02-17,18.576,18.476,19.125,18.386
2017-02-20,18.526,18.466,18.536,18.027
2017-02-21,18.476,18.656,19.075,18.376
2017-02-22,18.536,18.706,18.836,18.376
2017-02-23,18.746,18.856,18.925,18.466
2017-02-24,18.875,18.915,19.335,18.736
2017-02-27,18.846,18.736,19.115,18.706
2017-02-28,18.706,18.726,18.915,18.526
2017-03-01,18.806,18.925,19.335,18.636
2017-03-02,18.975,18.586,19.025,18.576
2017-03-03,18.596,18.516,18.736,18.276
2017-03-06,18.606,18.905,18.955,18.556
2017-03-07,18.905,19.045,19.145,18.736
2017-03-08,19.195,18.766,19.195,18.656
2017-03-09,18.716,18.786,19.005,18.626
2017-03-10,18.696,18.596,18.915,18.566
2017-03-13,18.396,18.416,18.516,18.126
2017-03-14,18.476,18.296,18.546,18.296
2017-03-15,18.296,18.286,18.406,18.136
2017-03-16,18.276,18.356,18.426,18.256
2017-03-17,18.336,18.386,18.826,18.306
2017-03-20,18.286,18.286,18.406,18.126
2017-03-21,18.296,18.356,18.446,18.186
2017-03-22,18.216,17.737,18.226,17.727
2017-03-23,17.837,17.517,17.847,17.258
2017-03-24,17.477,17.667,17.667,17.268
2017-03-27,17.707,17.987,18.216,17.707
2017-03-28,17.817,17.647,17.947,17.647
2017-03-29,17.737,17.357,17.737,17.308
2017-03-30,17.278,16.479,17.487,16.439
2017-03-31,16.329,16.419,16.788,16.239
2017-04-05,17.817,18.057,18.057,16.968
2017-04-06,18.885,17.637,18.895,17.627
2017-04-07,17.617,17.477,17.827,17.058
2017-04-10,17.278,18.636,18.856,17.078
2017-04-11,18.376,19.834,20.503,18.236
2017-04-12,19.375,18.077,19.375,18.027
2017-04-13,18.077,19.215,19.724,18.077
2017-04-14,20.473,19.265,20.573,19.245
2017-04-17,18.276,18.176,18.636,17.337
2017-04-18,18.276,17.897,18.616,17.597
2017-04-19,17.787,17.068,17.917,16.828
2017-04-20,17.098,17.327,17.977,16.698
2017-04-21,17.028,16.509,17.238,16.419
2017-04-24,16.279,14.871,16.479,14.861
2017-04-25,14.981,15.02,15.48,14.791
2017-04-26,15.02,15.33,15.44,14.891
2017-04-27,15.24,15.27,15.43,14.661
2017-04-28,15.26,15.41,15.66,15.15
2017-05-02,15.68,15.73,16.079,15.63
2017-05-03,15.56,15.47,15.69,15.19
2017-05-04,15.29,15.899,16.439,15.16
2017-05-05,15.49,15.78,16.259,15.49
2017-05-08,15.66,15.33,16.159,15.26
2017-05-09,15.08,15.19,15.46,14.991
2017-05-10,15.37,14.581,15.46,14.581
2017-05-11,14.461,14.182,14.661,13.483
2017-05-12,14.152,14.192,14.491,13.992
2017-05-15,14.301,14.162,14.471,14.042
2017-05-16,14.162,14.961,14.961,13.782
2017-05-17,14.861,15.58,16.459,14.801
2017-05-18,15.27,15.33,15.56,15.09
2017-05-19,15.15,15.6,15.78,15.15
2017-05-22,15.48,15.04,15.79,15.02
2017-05-23,15.0,14.1,15.09,14.04
2017-05-24,14.1,14.5,14.5,13.77
2017-05-25,14.5,14.45,14.7,13.91
2017-05-26,14.43,14.78,14.94,14.33
2017-05-31,14.89,15.06,15.66,14.7
2017-06-01,15.02,14.13,15.02,14.13
2017-06-02,14.03,14.7,14.87,13.92
2017-06-05,14.74,14.85,15.2,14.69
2017-06-06,14.69,15.02,15.1,14.51
2017-06-07,14.95,15.28,15.35,14.91
2017-06-08,15.21,15.22,15.99,15.06
2017-06-09,15.12,15.07,15.28,14.81
2017-06-12,14.9,14.63,15.13,14.59
2017-06-13,14.6,14.92,15.05,14.5
2017-06-14,14.93,15.0,15.14,14.76
2017-06-15,14.98,15.29,15.46,14.89
2017-06-16,15.4,15.3,15.42,15.13
2017-06-19,15.31,15.28,15.4,15.1
2017-06-20,15.29,15.3,15.65,15.25
2017-06-21,15.37,15.2,15.44,15.05
2017-06-22,15.15,14.62,15.21,14.58
2017-06-23,14.5,14.58,14.73,14.38
2017-06-26,14.57,14.7,14.7,14.42
2017-06-27,14.7,14.62,14.89,14.57
2017-06-28,14.52,14.32,14.61,14.32
2017-06-29,14.6,14.36,14.65,14.33
2017-06-30,14.27,14.38,14.53,14.27
2017-07-03,14.5,14.5,14.6,14.38
2017-07-04,14.5,14.57,14.65,14.41
2017-07-05,14.55,14.89,15.2,14.53
2017-07-06,14.8,14.65,14.91,14.56
2017-07-07,14.52,14.6,14.75,14.52
2017-07-10,14.6,14.32,14.6,14.3
2017-07-11,14.3,14.22,14.42,14.2
2017-07-12,14.2,14.19,14.29,14.0
2017-07-13,14.25,14.14,14.26,14.1
2017-07-14,14.0,13.78,14.06,13.75
2017-07-17,13.77,12.4,13.77,12.4
2017-07-18,12.4,11.99,12.57,11.2
2017-07-19,11.77,11.83,11.9,11.5
2017-07-20,11.78,11.87,12.07,11.75
2017-07-21,11.89,11.64,12.0,11.64
2017-07-24,11.61,11.47,11.71,11.21
2017-07-25,11.47,11.58,11.85,11.47
2017-07-26,11.69,11.8,11.96,11.65
2017-07-27,11.74,12.53,12.78,11.5
2017-07-28,12.42,12.4,12.79,12.37
2017-07-31,12.49,12.26,12.49,12.11
2017-08-01,12.26,12.34,12.46,12.06
2017-08-02,12.32,12.17,12.48,12.1
2017-08-03,12.1,12.46,13.0,12.1
2017-08-04,12.35,12.2,12.47,12.19
2017-08-07,12.14,12.28,12.49,12.14
2017-08-08,12.37,12.54,12.66,12.3
2017-08-09,12.58,12.32,12.58,12.32
2017-08-10,12.35,12.47,12.9,12.3
2017-08-11,12.25,12.11,12.39,12.08
2017-08-14,12.22,12.6,12.81,12.2
2017-08-15,12.6,12.94,12.97,12.55
2017-08-16,12.87,13.13,13.39,12.66
2017-08-17,12.96,13.06,13.35,12.84
2017-08-18,12.91,13.36,14.0,12.91
2017-08-21,13.33,13.38,13.54,13.2
2017-08-22,13.2,13.01,13.32,13.0
2017-08-23,13.06,12.87,13.16,12.82
2017-08-24,12.85,12.93,13.15,12.81
2017-08-25,12.85,13.11,13.38,12.85
2017-08-28,13.07,13.22,13.32,13.04
2017-08-29,13.26,13.04,13.29,13.01
2017-08-30,13.03,13.09,13.39,13.01
2017-08-31,13.12,12.95,13.15,12.92
2017-09-01,13.0,13.3,13.37,12.94
2017-09-04,13.44,13.92,14.15,13.44
2017-09-05,13.71,13.62,13.79,13.52
2017-09-06,13.55,13.75,13.79,13.49
2017-09-07,13.74,13.48,13.95,13.4
2017-09-08,13.48,13.41,13.56,13.3
2017-09-11,13.36,13.43,13.55,13.3
2017-09-12,13.42,13.5,13.88,13.12
2017-09-13,13.5,13.34,13.5,13.27
2017-09-14,13.39,13.28,13.42,13.15
2017-09-15,13.27,13.15,13.32,13.14
2017-09-18,13.16,13.3,13.35,13.15
2017-09-19,13.32,13.29,13.4,13.14
2017-09-20,13.26,13.32,13.35,13.15
2017-09-21,13.29,13.11,13.39,13.1
2017-09-22,13.08,12.71,13.14,12.61
2017-09-25,12.62,12.55,12.78,12.5
2017-09-26,12.5,12.5,12.64,12.43
2017-09-27,12.52,12.54,12.64,12.51
2017-09-28,12.58,12.29,12.63,12.27
2017-09-29,12.39,12.53,12.54,12.24
2017-10-09,12.95,12.69,12.95,12.67
2017-10-10,12.71,12.8,12.83,12.61
2017-10-11,12.75,12.74,12.79,12.67
2017-10-30,12.0,11.47,12.12,11.47
2017-10-31,11.46,11.3,11.46,11.22
2017-11-01,11.31,11.35,11.52,11.31
2017-11-02,11.39,11.03,11.39,11.0
2017-11-03,11.13,10.5,11.17,10.35
2017-11-06,10.55,10.26,10.55,10.03
2017-11-07,10.27,10.34,10.38,10.23
2017-11-08,10.34,10.37,10.55,10.23
2017-11-09,10.41,10.56,10.59,10.3
2017-11-10,10.58,10.48,10.64,10.42
2017-11-13,10.36,10.32,10.54,10.21
2017-11-14,10.31,10.39,10.55,10.3
2017-11-15,10.47,10.71,11.25,10.39
2017-11-16,10.53,10.35,10.68,10.22
2017-11-17,10.42,9.57,10.42,9.45
2017-11-20,9.57,9.58,9.64,9.2
2017-11-21,9.63,9.63,9.74,9.47
2017-11-22,9.52,9.6,9.73,9.52
2017-11-23,9.63,9.44,9.85,9.38
2017-11-24,9.39,9.44,9.64,9.31
2017-11-27,9.49,9.44,9.62,9.32
2017-11-28,9.58,9.63,9.65,9.41
2017-11-29,9.68,9.52,9.7,9.41
2017-11-30,9.43,9.47,9.67,9.43
2017-12-01,9.55,9.62,9.68,9.45
2017-12-04,9.63,9.34,9.63,9.3
2017-12-05,9.21,8.5,9.37,8.41
2017-12-06,8.54,8.63,8.65,8.4
2017-12-07,8.62,8.75,8.91,8.56
2017-12-08,8.71,8.82,8.93,8.71
2017-12-11,8.88,9.03,9.09,8.87
2017-12-12,9.03,8.73,9.03,8.69
2017-12-13,8.79,8.76,8.79,8.66
2017-12-14,8.76,8.69,8.8,8.65
2017-12-15,8.61,8.79,8.79,8.61
2017-12-18,8.79,8.55,8.8,8.48
2017-12-19,8.6,9.41,9.41,8.56
2017-12-20,9.73,9.16,9.73,9.07
2017-12-21,9.2,9.09,9.2,8.96
2017-12-22,9.01,8.8,9.01,8.71
2017-12-25,8.7,8.62,8.8,8.52
2017-12-26,8.6,8.67,8.75,8.57
2017-12-27,8.66,8.55,8.72,8.52
2017-12-28,8.55,8.43,8.66,8.41
2017-12-29,8.52,8.58,8.68,8.46
2018-01-02,8.57,8.66,8.67,8.5
2018-01-03,8.67,8.89,8.97,8.58
2018-01-04,8.89,8.81,8.9,8.73
2018-01-05,8.98,8.78,9.14,8.78
2018-01-08,8.7,8.9,9.03,8.57
2018-01-23,9.79,9.79,9.79,9.79
2018-01-24,9.79,9.58,9.89,9.05
2018-01-25,9.46,9.32,9.85,9.32
2018-01-26,9.03,9.04,9.35,8.94
2018-01-29,8.99,8.63,9.04,8.57
2018-01-30,8.55,8.45,8.64,8.41
2018-01-31,7.66,7.61,7.95,7.61
2018-02-01,7.15,6.99,7.5,6.97
2018-02-02,6.9,6.8,6.93,6.66
2018-02-05,6.64,6.75,6.91,6.6
2018-02-06,6.65,6.41,6.86,6.3
2018-02-07,6.51,6.45,6.6,6.26
2018-02-08,6.4,6.88,7.1,6.4
2018-02-09,6.5,6.73,6.85,6.48
2018-02-12,6.81,6.85,6.95,6.74
2018-02-13,6.85,6.7,6.98,6.67
2018-02-14,6.7,6.64,6.8,6.58
2018-02-22,6.74,6.78,6.83,6.64
2018-02-23,6.88,6.97,7.4,6.85
2018-02-26,7.13,7.16,7.3,7.03
2018-02-27,7.3,7.34,7.55,7.14
2018-02-28,7.15,7.18,7.27,6.95
2018-03-01,7.32,7.41,7.6,7.24
2018-03-02,7.32,7.28,7.58,7.25
2018-03-05,7.28,7.23,7.34,7.14
2018-03-06,7.05,7.3,7.5,7.04
2018-03-07,7.25,7.18,7.33,7.16
2018-03-08,7.12,7.28,7.35,7.08
2018-03-09,7.35,7.55,7.68,7.32
2018-03-12,7.51,7.71,7.75,7.5
2018-03-13,7.71,8.07,8.4,7.6
2018-03-14,7.89,7.74,7.99,7.7
2018-03-15,7.68,7.65,7.83,7.54
2018-03-16,7.7,7.64,7.78,7.6
2018-03-19,7.62,7.74,7.99,7.58
2018-03-20,7.61,7.69,7.73,7.41
2018-03-21,7.72,7.7,7.95,7.59
2018-03-22,7.63,7.75,7.86,7.61
2018-03-23,7.52,7.23,7.61,7.04
2018-03-26,7.19,7.39,7.43,7.09
2018-03-27,7.46,7.69,7.95,7.45
2018-03-28,7.52,7.98,8.27,7.47
2018-03-29,7.96,8.01,8.09,7.82
2018-03-30,7.97,8.15,8.31,7.97
2018-04-02,8.16,8.18,8.26,8.05
2018-04-03,8.18,8.19,8.45,8.08
2018-04-04,8.16,7.89,8.19,7.86
2018-04-09,7.98,8.33,8.4,7.92
2018-04-10,8.26,8.2,8.47,8.03
2018-04-11,8.16,8.17,8.25,8.08
2018-04-12,8.17,8.99,8.99,8.15
2018-04-13,9.3,9.49,9.89,9.1
2018-04-16,8.92,8.54,9.11,8.54
2018-04-17,8.63,7.93,8.65,7.9
2018-04-18,7.98,8.03,8.11,7.55
2018-04-19,7.93,7.92,8.09,7.81
2018-04-20,7.83,7.37,8.03,7.35
2018-04-23,7.4,7.55,7.65,7.31
2018-04-24,7.43,7.68,7.7,7.43
2018-04-25,7.6,7.86,8.0,7.57
2018-04-26,7.8,7.59,7.85,7.57
2018-04-27,7.58,7.63,7.74,7.58
2018-05-02,7.77,7.59,7.83,7.46
2018-05-03,7.48,7.53,7.59,7.21
2018-05-04,7.54,7.43,7.56,7.43
2018-05-07,7.4,7.67,7.78,7.39
2018-05-08,7.6,7.68,7.74,7.55
2018-05-09,7.65,7.81,7.84,7.6
2018-05-10,7.8,7.83,7.9,7.75
2018-05-11,7.83,7.66,7.87,7.6
2018-05-14,7.65,7.48,7.79,7.48
2018-05-15,7.51,7.58,7.65,7.4
2018-05-16,7.59,7.54,7.65,7.52
2018-05-17,7.52,7.4,7.56,7.37
2018-05-18,7.33,7.44,7.48,7.32
2018-05-21,7.48,7.52,7.6,7.43
2018-05-22,7.65,8.27,8.27,7.61
2018-05-23,8.06,8.08,8.23,7.88
2018-05-24,7.99,8.14,8.2,7.96
2018-05-25,8.1,8.35,8.36,8.02
