date,open,close,high,low
2016-01-04,18.471,16.792,18.471,16.613
2016-06-07,15.14,15.041,15.588,15.041
2016-06-08,14.493,15.031,15.279,14.493
2016-06-13,14.931,15.578,16.354,14.752
2016-06-14,15.279,15.13,15.707,14.832
2016-06-15,14.841,15.359,15.698,14.742
2016-06-16,15.429,15.15,15.658,15.031
2016-06-17,15.23,15.23,15.807,15.041
2016-06-20,14.931,15.429,15.668,14.732
2016-06-21,15.469,15.409,15.797,15.319
2016-06-22,15.469,15.817,15.867,15.289
2016-06-23,16.126,15.926,16.444,15.877
2016-06-24,15.857,16.225,16.424,15.22
2016-06-27,16.096,16.972,17.32,15.956
2016-06-28,17.111,16.832,17.28,16.623
2016-06-29,16.872,16.822,17.111,16.504
2016-06-30,16.822,16.534,16.922,16.215
2016-07-01,16.504,16.394,16.802,16.394
2016-07-04,16.474,16.693,16.942,16.374
2016-07-05,16.713,16.374,16.782,16.255
2016-07-06,16.205,16.036,16.325,15.956
2016-07-07,16.036,15.946,16.225,15.737
2016-07-08,16.066,15.837,16.066,15.678
2016-07-11,15.916,15.916,16.225,15.877
2016-07-12,15.926,15.926,16.126,15.688
2016-07-13,15.996,16.016,16.096,15.787
2016-07-14,15.976,15.907,16.126,15.747
2016-07-15,15.847,15.538,15.986,15.429
2016-07-18,15.449,15.23,15.498,15.09
2016-07-19,15.22,15.389,15.399,15.19
2016-07-20,15.409,15.548,15.707,15.399
2016-07-21,15.578,15.668,15.847,15.528
2016-07-22,15.668,15.439,15.747,15.409
2016-07-25,15.459,15.807,15.887,15.389
2016-07-26,15.807,15.897,15.976,15.658
2016-07-27,15.827,15.12,15.946,14.941
2016-07-28,15.12,15.16,15.19,14.742
2016-07-29,15.15,15.031,15.15,14.941
2016-08-01,15.031,15.08,15.15,14.443
2016-08-02,15.06,15.08,15.13,14.871
2016-08-03,14.971,14.931,15.08,14.911
2016-08-04,14.931,14.951,15.06,14.802
2016-08-05,15.021,14.851,15.031,14.832
2016-08-08,14.861,14.931,15.001,14.822
2016-08-09,14.931,15.21,15.24,14.901
2016-08-10,15.11,15.19,15.279,15.05
2016-08-11,15.13,15.12,15.26,14.891
2016-08-12,15.1,15.06,15.1,14.891
2016-08-15,15.06,15.23,15.379,15.021
2016-08-16,15.319,15.24,15.329,15.18
2016-08-17,15.24,15.319,15.329,15.14
2016-08-18,15.289,15.727,15.807,15.26
2016-08-19,15.638,15.498,15.807,15.309
2016-08-22,15.498,15.289,15.717,15.15
2016-08-23,15.279,15.21,15.379,15.1
2016-08-24,15.21,15.359,15.459,15.13
2016-08-25,15.359,15.498,15.628,14.941
2016-08-26,15.409,15.618,15.678,15.359
2016-08-29,15.618,16.225,16.424,15.618
2016-08-30,16.126,16.225,16.802,16.126
2016-08-31,16.225,16.524,16.613,15.907
2016-09-01,16.494,16.275,16.822,16.255
2016-09-02,16.255,16.195,16.424,16.126
2016-09-05,16.374,16.086,16.394,16.016
2016-09-06,16.175,17.061,17.22,16.175
2016-09-07,16.932,16.812,17.3,16.802
2016-09-08,16.812,16.802,16.922,16.593
2016-09-09,16.902,16.902,17.081,16.683
2016-09-12,16.524,16.265,16.822,16.265
2016-09-13,16.374,16.623,16.703,16.374
2016-09-14,16.474,16.593,16.872,16.444
2016-09-19,16.733,17.22,17.509,16.733
2016-09-20,17.121,17.33,17.569,17.031
2016-09-21,17.23,17.718,17.838,17.23
2016-09-22,17.808,17.648,17.967,17.4
2016-09-23,17.668,17.848,17.977,17.469
2016-09-26,17.718,17.569,17.848,17.32
2016-09-27,17.519,17.619,17.668,17.23
2016-09-28,17.599,17.38,17.917,17.34
2016-09-29,17.4,17.738,17.858,17.4
2016-09-30,17.688,18.365,18.375,17.569
2016-10-10,18.564,18.495,18.714,18.176
2016-10-11,18.266,18.365,18.674,18.166
2016-10-12,18.355,18.564,18.614,18.106
2016-10-13,18.614,18.395,18.833,18.335
2016-10-14,18.445,18.315,18.465,18.126
2016-10-17,18.405,17.619,18.405,17.619
2016-10-18,17.599,17.768,17.848,17.29
2016-10-19,17.768,17.718,18.086,17.579
2016-10-20,17.838,17.718,18.106,17.668
2016-10-21,17.758,17.808,18.166,17.42
2016-10-24,17.907,18.156,18.305,17.728
2016-10-25,18.206,18.166,18.395,17.788
2016-10-26,18.216,17.808,18.216,17.788
2016-10-27,17.867,17.619,17.887,17.529
2016-10-28,17.718,17.678,17.808,17.609
2016-10-31,17.728,17.619,17.738,17.489
2016-11-01,17.599,17.648,17.848,17.42
2016-11-02,17.519,17.768,18.047,17.519
2016-11-03,17.678,17.867,18.017,17.668
2016-11-04,17.768,18.216,18.445,17.768
2016-11-07,18.216,18.156,18.415,18.047
2016-11-08,18.266,18.077,18.305,17.967
2016-11-09,18.077,17.828,18.146,17.439
2016-11-10,18.027,17.828,18.027,17.549
2016-11-11,17.788,18.206,18.216,17.658
2016-11-14,18.236,18.206,18.395,18.037
2016-11-15,18.425,18.823,19.072,18.096
2016-11-16,18.883,19.888,20.406,18.704
2016-11-17,19.629,19.908,20.585,19.629
2016-11-18,19.858,19.878,20.256,19.729
2016-11-21,19.759,19.809,20.157,19.759
2016-11-22,19.908,19.55,20.037,19.311
2016-11-23,19.58,20.107,20.107,19.331
2016-11-24,20.127,20.256,21.401,19.988
2016-11-25,20.187,20.067,20.645,19.709
2016-11-28,19.858,19.599,20.107,19.52
2016-11-29,19.619,19.42,20.008,19.41
2016-11-30,19.44,19.49,19.779,19.321
2016-12-01,19.49,18.843,19.659,18.843
2016-12-02,18.873,19.918,20.456,18.694
2016-12-05,19.679,19.719,19.868,19.41
2016-12-06,19.659,19.669,19.998,19.43
2016-12-07,19.709,20.097,20.346,19.52
2016-12-08,20.197,19.818,20.416,19.739
2016-12-09,19.709,19.59,19.938,19.42
2016-12-12,19.44,17.917,19.44,17.848
2016-12-13,18.106,17.917,18.305,17.698
2016-12-14,17.838,18.017,18.226,17.748
2016-12-15,17.917,18.027,18.415,17.828
2016-12-16,18.027,18.047,18.196,17.907
2016-12-19,18.206,17.927,18.375,17.619
2016-12-20,18.037,17.42,18.037,17.22
2016-12-21,17.38,17.658,17.738,17.38
2016-12-22,17.629,17.648,18.057,17.529
2016-12-23,17.728,17.569,17.728,16.912
2016-12-26,17.33,17.37,17.539,17.091
2016-12-27,17.449,17.42,17.569,17.38
2016-12-28,17.32,16.922,17.509,16.902
2016-12-29,16.922,17.131,17.24,16.792
2016-12-30,17.201,17.34,17.35,16.952
2017-01-03,17.33,17.4,17.549,17.191
2017-01-04,17.509,17.808,17.897,17.28
2017-01-05,17.778,18.365,18.574,17.599
2017-01-06,18.654,18.704,18.962,18.256
2017-01-09,18.415,18.923,19.052,18.415
2017-01-10,18.843,18.743,19.361,18.644
2017-01-11,18.793,18.395,18.823,18.067
2017-01-12,18.325,18.196,18.534,18.017
2017-01-13,18.305,18.365,18.913,18.116
2017-01-16,18.096,16.603,18.246,16.534
2017-01-17,16.613,17.071,17.111,16.454
2017-01-18,17.071,16.753,17.489,16.753
2017-01-19,16.613,16.325,17.091,16.175
2017-01-20,16.205,16.504,16.623,16.205
2017-01-23,16.603,16.464,16.703,16.245
2017-01-24,16.544,16.404,16.633,16.275
2017-01-25,16.394,16.494,16.902,16.235
2017-01-26,16.603,16.295,16.603,16.175
2017-02-03,16.374,16.205,16.444,16.135
2017-02-06,16.175,16.474,16.494,16.175
2017-02-07,16.404,16.613,16.623,16.325
2017-02-08,16.633,16.782,16.842,16.444
2017-02-09,16.723,16.882,16.902,16.683
2017-02-10,16.932,16.623,16.942,16.623
2017-02-13,16.623,16.922,17.021,16.275
2017-02-14,16.832,16.773,17.071,16.643
2017-02-15,16.782,16.643,16.922,16.524
2017-02-16,16.673,16.663,16.713,16.464
2017-02-17,16.593,16.474,16.693,16.424
2017-02-20,16.583,16.802,16.982,16.494
2017-02-21,16.952,16.992,17.051,16.763
2017-02-22,17.001,17.37,17.688,16.992
2017-02-23,17.27,17.539,17.688,17.24
2017-02-24,17.529,17.4,17.609,17.32
2017-02-27,17.32,17.37,17.559,16.982
2017-02-28,17.141,17.29,17.36,17.071
2017-03-01,17.27,17.37,17.529,17.131
2017-03-02,17.34,17.34,17.469,17.24
2017-03-03,17.27,17.121,17.41,17.021
2017-03-06,17.211,17.658,17.658,17.071
2017-03-07,17.728,17.619,18.007,17.499
2017-03-08,17.519,17.758,17.887,17.469
2017-03-09,17.599,18.086,18.196,17.42
2017-03-10,18.027,18.116,18.405,17.927
2017-03-13,18.027,17.927,18.355,17.798
2017-03-14,17.997,18.116,18.415,17.828
2017-03-15,18.146,17.917,18.146,17.917
2017-03-16,18.037,17.947,18.146,17.728
2017-03-17,17.917,17.818,18.236,17.758
2017-03-20,17.907,17.499,17.907,17.34
2017-03-21,17.499,17.27,17.718,17.161
2017-03-22,17.32,17.191,17.32,16.862
2017-03-23,17.171,17.031,17.27,16.723
2017-03-24,16.962,17.171,17.26,16.922
2017-03-27,17.181,17.011,17.29,16.922
2017-03-28,16.932,17.051,17.171,16.743
2017-03-29,16.942,16.942,17.121,16.792
2017-03-30,16.852,16.703,16.942,16.683
2017-03-31,16.603,17.161,17.24,16.603
2017-04-05,18.375,17.877,18.873,17.569
2017-04-06,17.539,17.977,18.305,17.529
2017-04-07,18.305,18.733,19.112,17.858
2017-04-10,18.714,19.102,19.679,18.435
2017-04-11,19.022,18.913,19.301,18.385
2017-04-12,18.514,19.191,19.59,18.514
2017-04-13,19.211,19.5,19.53,18.823
2017-04-14,19.351,18.823,19.52,18.554
2017-04-17,18.833,18.903,19.092,18.395
2017-04-18,18.913,19.211,19.57,18.724
2017-04-19,19.221,18.385,19.38,18.206
2017-04-20,18.564,18.007,18.773,17.798
2017-04-21,17.867,18.315,18.554,17.867
2017-04-24,18.286,17.867,18.345,17.788
2017-04-25,17.997,17.848,18.355,17.818
2017-04-26,17.917,18.365,18.435,17.818
2017-04-27,18.505,18.684,18.783,18.126
2017-04-28,18.704,18.893,19.171,18.524
2017-05-02,18.992,19.132,19.152,18.714
2017-05-03,18.982,19.062,19.271,18.982
2017-05-04,18.913,18.923,19.361,18.524
2017-05-05,18.733,18.514,19.102,18.415
2017-05-08,18.395,18.186,18.853,18.096
2017-05-09,18.086,17.718,18.305,17.559
2017-05-10,17.798,17.748,18.017,17.539
2017-05-11,17.798,18.156,18.266,17.35
2017-05-12,18.077,18.126,18.256,17.937
2017-05-15,18.027,18.116,18.475,17.917
2017-05-16,18.256,18.763,18.913,18.106
2017-05-17,18.913,18.883,19.361,18.783
2017-05-18,18.773,18.913,19.281,18.664
2017-05-19,18.913,19.062,19.171,18.783
2017-05-22,19.112,19.52,20.047,19.112
2017-05-23,19.211,19.739,19.828,18.714
2017-05-24,19.699,19.341,19.699,18.733
2017-05-25,18.913,18.266,19.092,17.619
2017-05-26,18.007,18.514,18.773,17.977
2017-05-31,18.714,18.514,18.883,18.216
2017-06-01,18.266,17.828,18.813,17.818
2017-06-02,17.469,17.32,17.838,16.066
2017-06-05,17.33,17.897,17.917,17.25
2017-06-06,18.096,18.246,18.325,17.828
2017-06-07,18.116,18.365,18.395,17.927
2017-06-08,18.375,17.818,18.375,17.798
2017-06-09,17.818,17.987,18.037,17.43
2017-06-12,17.818,17.33,18.057,17.29
2017-06-13,17.14,18.04,18.3,17.14
2017-06-14,17.92,17.95,18.18,17.82
2017-06-15,17.95,18.47,18.5,17.8
2017-06-16,18.47,18.41,18.75,18.38
2017-06-19,18.31,18.8,18.96,18.31
2017-06-20,19.0,18.79,19.06,18.61
2017-06-21,18.8,18.51,18.89,18.3
2017-06-22,18.5,17.89,18.63,17.86
2017-06-23,17.96,18.8,18.9,17.77
2017-06-26,18.88,18.8,19.0,18.63
2017-06-27,18.81,18.98,19.2,18.72
2017-06-28,18.94,18.68,18.94,18.43
2017-06-29,18.6,19.11,19.2,18.46
2017-06-30,18.96,19.17,19.2,18.66
2017-07-03,19.15,18.92,19.16,18.88
2017-07-04,18.93,19.07,19.16,18.85
2017-07-05,19.04,18.97,19.13,18.64
2017-07-06,18.93,18.84,19.05,18.61
2017-07-07,18.7,18.75,18.85,18.45
2017-07-10,18.79,18.05,18.87,17.95
2017-07-11,18.05,17.73,18.25,17.7
2017-07-12,17.75,18.08,18.18,17.49
2017-07-13,17.99,18.0,18.18,17.85
2017-07-14,18.02,18.08,18.12,17.75
2017-07-17,18.12,16.85,18.12,16.51
2017-07-18,16.78,16.9,17.08,16.53
2017-07-19,16.85,16.92,16.96,16.59
2017-07-20,16.9,16.81,17.3,16.81
2017-07-21,16.7,16.93,16.99,16.55
2017-07-24,16.98,16.92,17.02,16.82
2017-07-25,16.91,16.82,17.12,16.77
2017-07-26,16.83,16.4,16.9,16.29
2017-07-27,16.67,17.18,17.65,16.45
2017-07-28,17.2,17.28,17.66,17.1
2017-07-31,17.28,17.46,17.7,17.15
2017-08-01,17.47,17.67,17.96,17.47
2017-08-02,17.6,17.39,17.72,17.18
2017-08-03,17.39,17.27,17.57,16.95
2017-08-04,17.63,18.14,18.5,17.56
2017-08-07,18.39,18.7,19.08,18.28
2017-08-08,18.54,18.62,19.02,18.32
2017-08-09,18.6,18.38,18.65,18.28
2017-08-10,18.41,18.45,18.56,17.9
2017-08-11,18.64,18.2,18.97,18.2
2017-08-14,18.1,18.71,18.71,18.07
2017-08-15,18.68,18.78,18.89,18.56
2017-08-16,18.9,18.95,19.18,18.79
2017-08-17,18.87,18.66,18.94,18.61
2017-08-18,18.59,18.36,18.59,17.98
2017-08-21,18.34,18.69,18.77,18.17
2017-08-22,18.58,18.28,18.58,18.23
2017-08-23,18.28,18.3,18.77,18.23
2017-08-24,18.18,18.84,18.95,18.15
2017-08-25,18.84,18.77,19.06,18.44
2017-08-28,18.82,19.49,19.58,18.73
2017-08-29,19.51,19.33,19.85,19.18
2017-08-30,19.33,19.34,19.6,19.21
2017-08-31,19.39,19.56,19.75,19.2
2017-09-01,19.45,19.78,19.79,19.15
2017-09-04,20.1,19.44,20.1,19.32
2017-09-05,19.36,19.13,19.44,19.02
2017-09-06,19.08,19.41,19.45,19.07
2017-09-07,19.43,18.88,19.55,18.8
2017-09-08,18.9,19.21,19.27,18.83
2017-09-11,19.17,19.08,19.39,18.95
2017-09-12,19.08,18.78,19.17,18.61
2017-09-13,18.89,19.12,19.14,18.62
2017-09-14,19.39,19.93,20.49,19.38
2017-09-15,19.86,19.6,19.86,19.43
2017-09-18,19.61,19.56,19.8,19.21
2017-09-19,19.63,19.82,19.92,19.44
2017-09-20,19.8,19.64,19.89,19.4
2017-09-21,19.56,19.12,19.62,19.02
2017-09-22,19.03,19.17,19.29,18.9
2017-09-25,19.15,18.73,19.23,18.72
2017-09-26,18.78,18.88,18.97,18.65
2017-09-27,18.97,18.91,19.13,18.8
2017-09-28,18.95,18.76,19.04,18.65
2017-09-29,18.88,19.04,19.06,18.8
2017-10-09,19.2,19.58,19.66,19.05
2017-10-10,19.6,19.65,19.67,19.32
2017-10-11,20.01,19.77,20.15,19.68
2017-10-12,19.9,19.79,20.25,19.61
2017-10-13,19.89,20.59,20.8,19.78
2017-10-16,20.62,20.74,21.17,20.43
2017-10-17,20.56,20.58,20.94,20.31
2017-10-18,20.58,21.34,22.0,20.5
2017-10-19,21.56,21.48,21.93,21.03
2017-10-20,21.49,21.52,21.88,21.16
2017-10-23,21.38,21.95,22.1,21.2
2017-10-24,21.87,21.38,21.87,21.14
2017-10-25,21.49,21.21,21.86,21.11
2017-10-26,21.32,21.57,21.86,21.22
2017-10-27,21.32,20.9,21.53,20.61
2017-10-30,20.91,21.13,21.19,20.52
2017-10-31,21.18,21.03,21.2,20.78
2017-11-01,21.06,21.84,21.85,20.91
2017-11-02,21.7,21.96,22.35,21.47
2017-11-03,21.84,21.08,22.3,21.0
2017-11-06,20.88,21.31,21.44,20.66
2017-11-07,21.3,22.37,22.4,20.71
2017-11-08,22.45,22.45,22.74,22.02
2017-11-09,22.39,23.2,23.36,22.13
2017-11-10,22.96,23.0,23.67,22.9
2017-11-13,23.16,23.13,23.65,22.77
2017-11-14,22.9,23.51,23.66,22.45
2017-11-15,23.29,22.72,23.6,22.6
2017-11-16,22.83,22.33,22.96,22.23
2017-11-17,22.26,21.16,22.66,21.11
2017-11-20,21.19,21.42,21.68,20.92
2017-11-21,21.29,20.68,21.53,20.36
2017-11-22,20.76,20.5,21.05,20.22
2017-11-23,20.53,19.3,20.73,19.3
2017-11-24,19.29,19.04,19.45,19.0
2017-11-27,19.08,19.04,19.46,18.83
2017-11-28,19.2,19.69,19.73,19.02
2017-11-29,19.65,19.77,20.02,19.43
2017-11-30,19.68,19.59,19.9,19.5
2017-12-01,19.43,19.64,19.89,19.43
2017-12-04,19.73,17.68,19.95,17.68
2017-12-05,17.24,16.98,17.67,16.7
2017-12-06,16.9,17.2,17.29,16.57
2017-12-07,17.37,17.0,17.52,16.87
2017-12-08,17.17,17.3,17.55,16.85
2017-12-11,17.18,17.0,17.23,16.75
2017-12-12,16.94,16.39,17.1,16.26
2017-12-13,16.58,17.03,17.05,16.58
2017-12-14,17.12,17.89,17.93,16.93
2017-12-15,17.71,17.52,17.82,17.31
2017-12-18,17.79,17.77,18.35,17.69
2017-12-19,17.6,17.88,18.0,17.56
2017-12-20,17.79,17.72,18.39,17.68
2017-12-21,17.6,17.57,17.89,17.46
2017-12-22,17.6,17.99,18.17,17.4
2017-12-25,17.87,16.97,17.9,16.65
2017-12-26,16.73,17.2,17.26,16.61
2017-12-27,17.2,16.79,17.23,16.76
2017-12-28,16.7,16.96,17.23,16.62
2017-12-29,17.43,17.46,17.93,17.38
2018-01-02,17.49,17.86,18.15,17.47
2018-01-03,18.04,17.89,18.05,17.66
2018-01-04,17.87,17.61,18.05,17.47
2018-01-05,17.55,17.51,17.73,17.48
2018-01-08,17.47,17.28,17.53,17.0
2018-01-09,17.24,17.1,17.3,17.0
2018-01-10,17.13,16.95,17.22,16.73
2018-01-11,16.85,17.1,17.39,16.68
2018-01-12,16.95,16.6,17.03,16.6
2018-01-15,16.46,16.37,16.6,16.12
2018-01-16,16.27,16.28,16.3,15.4
2018-01-17,16.3,16.25,16.3,15.65
2018-01-18,16.13,16.09,16.25,16.01
2018-01-19,16.04,15.93,16.18,15.84
2018-01-22,15.72,16.04,16.22,15.56
2018-01-23,16.09,16.02,16.18,16.0
2018-01-24,15.96,16.57,16.65,15.86
2018-01-25,16.58,16.54,16.91,16.5
2018-01-26,16.48,16.46,16.72,16.44
2018-01-29,15.1,14.82,15.95,14.81
2018-01-30,14.68,15.37,15.79,14.53
2018-01-31,15.24,15.31,15.5,15.05
2018-02-01,15.42,15.73,16.2,14.98
2018-02-02,15.59,15.33,16.01,15.3
2018-02-05,15.28,14.92,15.28,14.75
2018-02-06,14.56,14.49,14.85,14.22
2018-02-07,14.84,14.49,14.84,13.8
2018-02-08,14.48,14.71,14.85,14.31
2018-02-09,14.33,14.37,14.38,13.82
2018-02-12,14.36,14.6,14.77,14.29
2018-02-13,14.7,14.55,14.83,14.53
2018-02-14,14.61,14.35,14.62,14.15
2018-02-22,14.48,14.66,14.68,14.38
2018-02-23,14.69,14.67,14.95,14.58
2018-02-26,14.84,15.15,15.36,14.6
2018-02-27,15.18,15.51,15.6,15.06
2018-02-28,15.42,15.53,15.74,15.41
2018-03-01,15.37,15.81,15.92,15.28
2018-03-02,15.82,15.47,15.87,15.4
2018-03-05,15.55,15.56,15.62,15.34
2018-03-06,15.56,15.68,15.73,15.46
2018-03-07,15.78,15.76,15.84,15.61
2018-03-08,15.72,16.25,16.29,15.64
2018-03-09,16.17,16.42,16.46,16.1
2018-03-12,16.44,16.47,16.78,16.29
2018-03-13,16.38,16.02,16.55,16.01
2018-03-14,16.1,16.05,16.36,16.02
2018-03-15,16.02,15.77,16.11,15.5
2018-03-16,15.74,15.58,15.86,15.52
2018-03-19,15.59,15.62,15.8,15.54
2018-03-20,15.38,15.61,15.64,15.3
2018-03-21,15.66,15.11,15.84,15.1
2018-03-22,15.2,15.0,15.27,14.97
2018-03-23,14.33,14.23,14.54,13.5
2018-03-26,13.88,14.14,14.26,13.69
2018-03-27,14.29,14.4,14.49,14.21
2018-03-28,14.22,14.41,14.64,14.14
2018-03-29,14.62,15.0,15.25,14.62
2018-03-30,15.04,15.2,15.34,14.81
2018-04-02,15.18,15.22,15.46,14.93
2018-04-03,15.05,15.47,15.68,15.05
2018-04-04,15.5,15.27,15.65,15.24
2018-04-09,15.08,15.12,15.25,14.97
2018-04-10,15.09,15.25,15.36,15.04
2018-04-11,15.3,15.22,15.41,15.18
2018-04-12,15.27,14.85,15.27,14.81
2018-04-13,14.91,14.95,15.16,14.91
2018-04-16,14.92,15.16,15.59,14.88
2018-04-17,15.18,14.01,15.25,13.98
2018-04-18,14.12,14.43,14.45,13.76
2018-04-19,14.38,14.48,14.6,14.26
2018-04-20,14.38,13.98,14.47,13.9
2018-04-23,14.04,13.43,14.07,13.32
2018-04-24,13.44,13.66,13.87,13.44
2018-04-25,13.62,13.7,13.83,13.6
2018-04-26,13.7,13.33,13.8,13.16
2018-04-27,13.37,12.99,13.44,12.77
2018-05-02,13.04,13.12,13.26,12.87
2018-05-03,13.1,13.29,13.33,12.83
2018-05-04,13.3,13.53,13.56,13.14
2018-05-07,13.57,13.53,13.63,13.45
2018-05-08,13.53,13.58,13.64,13.4
2018-05-09,13.55,13.62,13.77,13.44
2018-05-10,13.67,13.47,13.69,13.4
2018-05-11,13.5,13.2,13.51,13.12
2018-05-14,13.22,13.15,13.27,13.08
2018-05-15,13.12,13.22,13.22,12.89
2018-05-16,13.15,13.03,13.33,13.02
2018-05-17,13.04,13.09,13.17,12.99
2018-05-18,13.1,13.82,13.84,13.04
2018-05-21,14.33,14.02,14.63,13.95
2018-05-22,13.96,14.15,14.4,13.84
2018-05-23,14.13,14.19,14.33,13.9
2018-05-24,14.2,14.01,14.32,13.91
2018-05-25,14.08,13.61,14.12,13.58
