date,open,close,high,low
2016-03-22,5.591,6.71,6.71,5.591
2016-03-23,7.381,7.381,7.381,7.381
2016-03-24,8.119,8.119,8.119,8.119
2016-03-25,8.931,8.931,8.931,8.931
2016-03-28,9.823,9.823,9.823,9.823
2016-03-29,10.805,10.805,10.805,10.805
2016-03-30,11.886,11.886,11.886,11.886
2016-03-31,13.074,13.074,13.074,13.074
2016-04-01,14.381,14.381,14.381,14.381
2016-04-05,15.82,15.82,15.82,15.82
2016-04-06,17.403,17.403,17.403,17.403
2016-04-07,19.142,19.142,19.142,19.142
2016-04-08,21.056,21.056,21.056,21.056
2016-04-11,23.16,23.16,23.16,23.16
2016-04-12,25.476,25.476,25.476,25.476
2016-04-13,28.024,28.024,28.024,28.024
2016-04-14,30.827,30.827,30.827,30.827
2016-04-15,33.911,33.911,33.911,33.911
2016-04-18,37.303,37.303,37.303,37.303
2016-04-19,39.788,41.033,41.033,39.788
2016-04-20,44.725,42.419,45.135,41.753
2016-04-21,43.289,42.486,46.611,42.25
2016-04-22,41.127,41.748,43.485,40.036
2016-04-25,41.251,45.178,45.923,40.809
2016-04-26,44.358,43.885,45.103,42.819
2016-04-27,44.233,42.742,45.675,42.742
2016-04-28,42.742,45.053,45.841,41.5
2016-04-29,44.236,42.755,44.551,42.67
2016-05-03,42.879,44.81,45.227,42.506
2016-05-04,44.233,45.6,48.95,44.005
2016-05-05,45.053,48.644,49.174,44.855
2016-05-06,47.966,44.73,48.455,44.519
2016-05-09,43.948,44.532,45.667,43.488
2016-05-10,44.532,44.78,45.615,42.802
2016-05-11,44.954,41.748,44.954,41.748
2016-05-12,40.503,42.663,43.16,39.072
2016-05-13,42.091,42.019,43.339,41.644
2016-05-16,41.505,44.184,44.73,40.774
2016-05-17,43.885,43.861,45.501,43.239
2016-05-18,42.991,43.612,44.703,42.432
2016-05-19,44.204,47.973,47.973,43.736
2016-05-20,47.961,50.446,51.688,47.265
2016-05-23,50.197,54.173,55.242,49.949
2016-05-24,53.669,54.454,55.279,52.436
2016-05-25,55.167,53.224,57.076,53.179
2016-05-26,53.428,55.913,56.161,51.087
2016-05-27,56.26,52.448,57.236,52.01
2016-05-30,51.243,52.209,54.538,50.765
2016-05-31,51.89,57.43,57.43,51.666
2016-06-01,59.157,56.728,61.212,56.678
2016-06-02,55.762,57.803,59.167,55.747
2016-06-03,57.489,57.086,59.674,56.245
2016-06-06,56.23,55.742,57.733,54.229
2016-06-07,56.23,61.317,61.317,56.225
2016-06-08,60.719,58.545,60.719,57.683
2016-06-13,56.24,52.692,58.092,52.692
2016-06-14,52.144,51.95,52.756,50.785
2016-06-15,51.258,54.822,56.026,50.979
2016-06-16,55.27,55.792,57.236,54.747
2016-06-17,56.24,55.837,57.236,54.349
2016-06-20,56.146,57.435,58.316,53.777
2016-06-21,57.982,54.215,58.669,53.254
2016-06-22,53.254,54.2,54.493,52.134
2016-06-23,53.752,55.419,57.236,53.752
2016-06-24,55.344,54.085,56.031,50.706
2016-06-27,53.503,59.495,59.495,53.085
2016-06-28,59.555,61.914,64.472,59.177
2016-06-29,61.854,63.531,64.303,60.237
2016-06-30,60.62,58.082,61.212,57.236
2016-07-01,58.878,58.878,60.829,58.281
2016-07-04,57.888,58.714,59.216,56.743
2016-07-05,58.987,59.206,60.615,58.614
2016-07-06,58.724,63.656,65.129,56.638
2016-07-07,62.437,61.675,64.442,61.566
2016-07-08,61.516,60.844,62.994,60.719
2016-07-11,60.525,57.27,61.361,56.987
2016-07-12,57.435,57.186,57.713,53.951
2016-07-13,57.783,57.146,58.107,56.837
2016-07-14,57.335,57.808,57.967,56.738
2016-07-15,58.231,59.774,62.511,57.897
2016-07-18,59.789,58.231,59.789,57.674
2016-07-19,57.584,59.276,60.456,57.584
2016-07-20,60.023,60.272,61.71,59.719
2016-07-21,60.072,58.107,60.968,58.057
2016-07-22,58.131,55.837,58.156,55.543
2016-07-25,55.14,54.921,55.708,54.165
2016-07-26,54.996,55.299,56.165,54.896
2016-07-27,55.095,49.87,55.593,49.775
2016-07-28,49.899,48.939,50.362,46.809
2016-07-29,48.322,49.297,50.014,47.416
2016-08-01,48.123,47.152,48.277,45.888
2016-08-02,47.252,47.326,47.764,46.679
2016-08-03,47.232,48.262,48.765,46.933
2016-08-04,48.018,48.217,48.6,47.535
2016-08-05,48.133,46.883,48.77,46.759
2016-08-08,46.087,46.371,46.465,44.788
2016-08-09,46.291,47.819,48.277,46.226
2016-08-10,47.839,47.565,48.376,47.296
2016-08-11,47.182,45.888,47.56,45.878
2016-08-12,45.788,46.49,47.023,45.788
2016-08-15,46.61,49.322,49.671,46.351
2016-08-16,48.874,49.272,50.596,48.874
2016-08-17,49.148,50.327,51.014,49.028
2016-08-18,50.004,49.372,50.765,49.103
2016-08-19,49.123,49.282,50.268,48.974
2016-08-22,49.223,47.316,49.511,47.292
2016-08-23,47.829,47.172,48.257,46.644
2016-08-24,47.53,47.744,48.277,47.292
2016-08-25,47.282,47.54,47.7,45.793
2016-08-26,47.729,46.784,48.018,46.57
2016-08-29,46.426,48.675,49.402,46.037
2016-08-30,48.71,48.67,50.755,48.337
2016-08-31,48.431,49.372,49.795,47.839
2016-09-01,48.929,48.999,50.716,48.894
2016-09-02,48.765,47.983,49.511,47.58
2016-09-05,47.839,47.764,49.223,47.655
2016-09-06,47.829,48.775,49.068,46.873
2016-09-07,48.795,48.167,49.342,47.779
2016-09-08,47.839,48.222,48.69,47.72
2016-09-09,48.625,50.765,52.005,48.526
2016-09-12,49.526,48.232,50.084,48.033
2016-09-13,48.834,48.824,49.113,48.227
2016-09-14,48.352,47.968,48.526,47.336
2016-09-19,48.396,48.511,48.725,47.963
2016-09-20,48.426,48.725,50.656,48.282
2016-09-21,48.381,49.208,49.72,48.327
2016-09-22,49.427,48.869,49.989,48.591
2016-09-23,48.874,48.526,48.894,48.381
2016-09-26,48.376,46.535,48.551,46.296
2016-09-27,46.311,46.485,46.684,45.221
2016-09-28,46.485,45.729,46.485,45.54
2016-09-29,45.788,45.241,46.411,45.052
2016-09-30,45.241,45.475,45.788,45.092
2016-10-10,46.794,49.103,49.83,46.794
2016-10-11,49.023,49.123,49.461,48.307
2016-10-12,48.73,49.123,49.671,48.526
2016-10-13,49.272,48.222,49.272,48.028
2016-10-14,48.068,48.775,49.073,48.068
2016-10-17,48.421,47.988,49.218,47.929
2016-10-18,47.889,49.566,49.74,47.809
2016-10-19,49.725,49.257,51.159,49.083
2016-10-20,49.292,53.154,54.08,48.864
2016-10-21,52.308,52.139,52.756,50.94
2016-10-24,52.259,52.408,53.752,51.766
2016-10-25,52.109,52.771,53.498,52.015
2016-10-26,52.338,51.731,52.582,51.089
2016-10-27,51.746,51.816,52.408,51.268
2016-10-28,51.537,50.064,51.945,49.81
2016-10-31,49.68,50.76,51.159,49.272
2016-11-01,51.009,51.93,52.229,50.273
2016-11-02,51.522,50.532,51.975,50.517
2016-11-03,50.213,50.716,51.761,49.989
2016-11-04,50.765,52.408,53.0,50.566
2016-11-07,52.159,51.736,53.697,51.542
2016-11-08,51.233,50.885,52.199,50.407
2016-11-09,50.706,49.969,50.875,49.501
2016-11-10,50.268,50.711,51.437,50.074
2016-11-11,50.765,50.014,50.989,49.671
2016-11-14,49.77,50.392,50.88,49.755
2016-11-15,50.024,50.362,50.417,49.372
2016-11-16,50.382,49.909,51.383,49.755
2016-11-17,49.671,48.436,49.77,48.327
2016-11-18,48.531,48.929,49.322,48.526
2016-11-21,48.919,49.028,49.098,47.789
2016-11-22,49.023,49.875,49.919,48.775
2016-11-23,49.974,48.725,50.258,48.675
2016-11-24,48.277,48.073,48.725,47.879
2016-11-25,48.207,48.431,48.561,47.033
2016-11-28,48.386,47.361,48.506,47.361
2016-11-29,47.301,46.938,47.729,46.873
2016-11-30,46.973,47.496,47.506,46.774
2016-12-01,47.356,46.923,47.62,46.784
2016-12-02,46.759,45.724,47.207,45.589
2016-12-05,45.709,46.351,47.063,45.395
2016-12-06,46.072,46.197,46.679,45.903
2016-12-07,46.087,46.286,46.43,45.564
2016-12-08,46.351,45.838,46.5,45.798
2016-12-09,45.739,46.216,46.525,45.589
2016-12-12,46.241,43.798,47.515,42.315
2016-12-13,44.3,43.499,44.664,42.603
2016-12-14,43.295,41.921,43.295,41.882
2016-12-15,45.291,42.802,45.291,41.921
2016-12-16,42.792,42.852,43.24,42.578
2016-12-19,42.802,42.14,42.937,42.056
2016-12-20,42.145,42.384,42.693,42.145
2016-12-21,42.628,42.533,42.748,42.205
2016-12-22,42.529,41.289,42.638,41.085
2016-12-23,41.254,39.876,41.384,39.821
2016-12-26,39.816,39.791,39.816,38.462
2016-12-27,39.751,39.308,40.05,38.846
2016-12-28,39.129,39.03,39.527,38.9
2016-12-29,39.03,39.069,39.443,38.836
2016-12-30,39.069,38.238,39.279,38.238
2017-01-03,38.283,38.925,39.069,38.283
2017-01-04,38.925,40.408,40.707,38.577
2017-01-05,40.145,39.687,40.388,39.642
2017-01-06,39.687,40.005,41.11,39.667
2017-01-09,40.055,39.717,40.164,38.323
2017-01-10,38.821,40.876,41.508,38.821
2017-01-11,40.413,40.0,40.866,39.921
2017-01-12,40.115,39.084,40.304,39.069
2017-01-13,38.846,37.387,39.219,37.387
2017-01-16,37.328,34.058,37.328,33.65
2017-01-17,34.043,35.113,35.461,33.66
2017-01-18,34.834,34.217,34.874,34.142
2017-01-19,33.953,34.366,34.834,33.197
2017-01-20,34.232,34.839,35.317,34.132
2017-01-23,35.237,35.078,35.436,34.68
2017-01-24,35.073,34.65,35.123,34.496
2017-01-25,34.72,35.013,35.187,34.272
2017-01-26,34.346,35.113,35.471,33.779
2017-02-03,34.919,34.555,35.088,34.297
2017-02-06,34.476,35.625,35.66,34.476
2017-02-07,35.396,35.063,35.561,34.988
2017-02-08,34.939,35.382,35.471,34.854
2017-02-09,35.516,35.735,35.979,35.347
2017-02-10,35.785,34.74,35.884,34.74
2017-02-13,34.64,35.337,35.571,34.64
2017-02-14,35.615,35.481,36.083,35.396
2017-02-15,35.481,34.894,35.929,34.839
2017-02-16,34.894,34.67,35.327,34.59
2017-02-17,34.973,33.59,34.973,33.555
2017-02-20,33.421,34.092,34.292,33.421
2017-02-21,34.092,34.988,35.053,33.963
2017-02-22,35.048,35.82,36.457,35.048
2017-02-23,35.889,35.586,36.128,35.138
2017-02-24,35.536,36.262,36.825,35.536
2017-02-27,36.267,35.387,36.332,35.337
2017-02-28,35.337,35.287,35.486,34.625
2017-03-01,35.267,35.083,35.66,34.998
2017-03-02,35.182,35.536,35.884,34.924
2017-03-03,35.436,37.377,37.751,35.018
2017-03-06,37.178,38.547,39.717,37.054
2017-03-07,38.323,38.403,39.159,37.989
2017-03-08,38.418,38.617,38.96,38.144
2017-03-09,38.766,37.552,38.766,37.338
2017-03-10,37.576,38.303,38.592,37.238
2017-03-13,38.303,38.542,38.821,37.681
2017-03-14,38.646,38.378,39.612,38.238
2017-03-15,37.89,38.049,38.218,37.611
2017-03-16,38.049,38.691,38.905,38.049
2017-03-17,38.532,37.492,38.686,37.482
2017-03-20,37.482,37.407,37.721,37.128
2017-03-21,37.517,37.825,38.124,37.407
2017-03-22,37.756,37.935,38.024,37.079
2017-03-23,37.999,38.87,39.308,37.999
2017-03-24,38.821,38.542,38.87,38.179
2017-03-27,38.696,38.771,39.269,38.278
2017-03-28,38.686,37.975,38.87,37.93
2017-03-29,38.039,35.834,38.258,35.834
2017-03-30,35.839,34.949,36.024,34.64
2017-03-31,34.973,34.988,35.481,34.789
2017-04-05,35.113,36.063,36.083,34.939
2017-04-06,36.327,35.959,36.327,35.72
2017-04-07,35.884,36.387,36.83,35.735
2017-04-10,36.233,34.864,36.257,34.7
2017-04-11,34.904,35.372,35.491,34.441
2017-04-12,35.387,34.889,35.834,34.884
2017-04-13,34.844,35.227,35.685,34.819
2017-04-14,36.053,35.342,36.292,35.342
2017-04-17,34.839,34.491,34.839,33.386
2017-04-18,34.64,33.361,34.675,33.351
2017-04-19,33.361,33.694,33.789,33.301
2017-04-20,33.495,33.804,34.112,33.351
2017-04-21,33.844,33.849,34.132,33.804
2017-04-24,33.824,33.167,33.968,32.898
2017-04-25,33.172,33.928,34.401,33.172
2017-04-26,33.65,33.938,33.983,33.281
2017-04-27,33.988,34.929,35.063,33.346
2017-04-28,34.804,34.859,35.088,34.67
2017-05-02,34.645,34.819,35.421,34.64
2017-05-03,34.944,34.476,35.177,34.182
2017-05-04,34.501,34.471,34.675,33.953
2017-05-05,34.232,34.919,35.511,34.008
2017-05-08,34.839,33.679,34.839,33.57
2017-05-09,33.704,34.73,34.73,33.64
2017-05-10,34.854,34.097,35.053,34.092
2017-05-11,33.893,34.735,34.74,33.346
2017-05-12,34.814,34.904,35.088,34.481
2017-05-15,34.839,34.316,35.038,34.182
2017-05-16,34.302,35.063,35.063,33.694
2017-05-17,35.063,35.028,35.486,34.854
2017-05-18,34.59,34.725,35.058,34.501
2017-05-19,35.173,34.316,35.237,34.257
2017-05-22,34.391,33.739,35.038,33.595
2017-05-23,33.694,32.351,33.769,32.301
2017-05-24,32.102,31.45,32.102,29.877
2017-05-25,31.45,31.1,31.67,30.2
2017-05-26,31.15,31.15,31.53,30.64
2017-05-31,31.99,30.63,32.3,30.58
2017-06-01,30.32,27.88,30.48,27.58
2017-06-02,27.88,29.9,30.1,27.6
2017-06-05,29.89,30.03,30.32,29.45
2017-06-06,29.98,29.54,30.12,29.04
2017-06-07,29.6,30.7,30.8,29.36
2017-06-08,30.7,30.37,30.97,30.2
2017-06-09,30.52,30.51,30.57,29.72
2017-06-12,30.08,29.06,30.2,29.06
2017-06-13,29.25,30.1,30.52,29.08
2017-06-14,30.34,30.63,31.37,29.9
2017-06-15,30.39,31.78,31.83,30.25
2017-06-16,31.66,31.26,31.66,31.0
2017-06-19,31.05,31.38,31.49,30.85
2017-06-20,31.4,31.65,32.32,31.3
2017-06-21,31.6,30.9,31.81,30.5
2017-06-22,30.97,30.18,30.97,30.17
2017-06-23,29.95,29.23,30.19,28.5
2017-06-26,29.18,30.25,30.3,29.09
2017-06-27,30.25,30.0,30.59,29.8
2017-06-28,29.9,29.8,30.1,29.4
2017-06-29,29.62,29.75,30.14,29.62
2017-06-30,29.58,30.36,30.5,29.34
2017-07-03,29.27,29.72,29.77,28.69
2017-07-04,29.52,29.85,30.28,29.37
2017-07-05,29.87,30.31,30.31,29.65
2017-07-06,30.1,30.51,32.18,30.0
2017-07-07,30.64,30.77,31.0,30.28
2017-07-10,30.54,30.08,31.19,29.87
2017-07-11,29.82,29.39,30.0,29.0
2017-07-12,29.2,29.95,29.95,28.91
2017-07-13,29.2,27.22,29.2,27.01
2017-07-14,27.04,27.01,27.55,26.94
2017-07-17,26.87,24.32,26.96,24.31
2017-07-18,24.19,24.42,24.82,23.91
2017-07-19,24.36,24.42,24.5,24.04
2017-07-20,24.41,24.51,25.1,24.25
2017-07-21,24.77,24.6,24.97,24.36
2017-07-24,24.6,25.2,25.28,24.59
2017-07-25,25.08,25.05,25.33,24.91
2017-07-26,25.3,25.16,25.42,24.8
2017-07-27,25.07,25.94,26.3,24.8
2017-07-28,26.0,25.68,26.13,25.51
2017-07-31,25.77,25.56,25.79,25.42
2017-08-01,25.55,25.73,25.93,25.4
2017-08-02,25.85,25.07,25.85,25.0
2017-08-03,25.16,25.3,25.88,25.03
2017-08-04,25.5,24.79,25.5,24.78
2017-08-07,24.88,25.02,25.45,24.7
2017-08-08,25.2,25.24,25.44,24.88
2017-08-09,25.39,25.12,25.43,25.06
2017-08-10,25.12,24.76,25.28,24.61
2017-08-11,24.7,24.57,25.14,24.51
2017-08-14,24.62,25.79,25.86,24.62
2017-08-15,25.6,25.8,26.0,25.55
2017-08-16,25.97,26.17,26.24,25.61
2017-08-17,26.17,26.78,27.38,25.83
2017-08-18,26.3,26.28,26.78,26.23
2017-08-21,26.38,26.71,26.81,26.34
2017-08-22,26.3,26.18,26.75,26.1
2017-08-23,26.24,26.21,26.45,26.04
2017-08-24,26.1,25.81,26.37,25.81
2017-08-25,25.83,26.18,26.37,25.83
2017-08-28,26.2,26.63,26.98,26.0
2017-08-29,26.64,26.84,27.17,26.49
2017-08-30,26.87,26.66,26.97,26.38
2017-08-31,26.5,26.95,26.96,26.5
2017-09-01,26.9,27.05,27.1,26.58
2017-09-04,27.01,28.48,29.33,26.95
2017-09-05,28.21,28.39,28.86,27.98
2017-09-06,28.1,29.9,29.95,28.07
2017-09-07,30.03,29.21,30.95,29.16
2017-09-08,29.16,28.96,29.44,28.61
2017-09-11,29.65,31.86,31.86,29.65
2017-09-12,35.05,33.9,35.05,33.81
2017-09-13,34.39,33.93,35.13,33.28
2017-09-14,33.47,34.22,35.35,33.47
2017-09-15,33.83,32.94,34.1,32.41
2017-09-18,32.6,33.53,34.18,32.6
2017-09-19,33.25,33.19,33.5,32.71
2017-09-20,33.16,32.61,33.28,31.85
2017-09-21,32.34,31.7,32.86,31.6
2017-09-22,31.61,31.3,31.86,30.88
2017-09-25,31.28,30.65,31.58,30.63
2017-09-26,30.96,30.87,30.97,30.31
2017-09-27,30.9,31.9,32.5,30.53
2017-09-28,31.7,32.96,33.2,31.51
2017-09-29,32.96,32.75,33.29,32.5
2017-10-09,33.19,32.66,33.35,32.32
2017-10-10,32.55,31.52,32.57,31.0
2017-10-11,31.54,30.63,31.69,30.56
2017-10-12,31.0,31.1,31.56,30.64
2017-10-13,31.15,30.96,31.44,30.82
2017-10-16,30.44,27.93,30.45,27.86
2017-10-17,27.8,28.11,28.18,27.71
2017-10-18,28.12,27.34,28.37,27.17
2017-10-19,27.44,27.44,27.53,26.8
2017-10-20,27.4,28.03,28.17,27.21
2017-10-23,28.05,28.22,28.44,28.04
2017-10-24,28.05,27.28,28.05,26.91
2017-10-25,27.16,27.65,27.8,27.05
2017-10-26,27.66,27.37,27.66,27.1
2017-10-27,27.4,27.0,27.57,26.8
2017-10-30,27.0,25.91,27.0,25.8
2017-10-31,26.09,26.36,26.43,26.0
2017-11-01,26.8,27.24,28.66,26.76
2017-11-02,26.97,26.56,26.98,26.51
2017-11-03,26.6,26.79,26.93,26.44
2017-11-06,26.7,27.35,27.49,26.48
2017-11-07,27.47,27.62,27.62,27.0
2017-11-08,27.65,27.45,28.0,27.35
2017-11-09,27.58,27.35,27.59,27.07
2017-11-10,27.22,28.36,28.56,27.22
2017-11-13,28.16,28.37,28.54,28.15
2017-11-14,28.6,27.83,28.66,27.65
2017-11-15,27.64,26.9,27.75,26.86
2017-11-16,26.84,26.88,27.11,26.62
2017-11-17,26.78,25.0,26.99,24.71
2017-11-20,24.89,25.23,25.35,24.3
2017-11-21,25.19,24.87,25.48,24.73
2017-11-22,25.03,24.82,25.5,24.59
2017-11-23,24.7,24.12,25.12,24.12
2017-11-24,24.25,24.33,24.78,24.19
2017-11-27,24.49,24.39,25.0,24.09
2017-11-28,24.22,24.67,24.72,24.21
2017-11-29,24.75,24.33,24.8,23.88
2017-11-30,24.3,24.25,24.59,24.05
2017-12-01,24.15,24.53,24.57,24.11
2017-12-04,24.48,23.9,24.5,23.76
2017-12-05,23.89,22.61,24.0,22.25
2017-12-06,22.75,23.08,23.08,22.45
2017-12-07,23.08,23.06,23.26,22.85
2017-12-08,23.04,23.07,23.29,22.8
2017-12-11,23.39,23.21,23.43,22.92
2017-12-12,23.02,22.75,23.2,22.73
2017-12-13,22.59,22.84,22.97,22.55
2017-12-14,22.87,22.85,23.02,22.61
2017-12-15,22.95,23.08,23.08,22.77
2017-12-18,23.14,22.99,23.48,22.93
2017-12-19,22.99,22.99,23.19,22.86
2017-12-20,22.84,22.32,22.97,22.27
2017-12-21,22.32,21.75,22.38,21.42
2017-12-22,21.79,21.52,21.79,21.39
2017-12-25,21.43,20.78,21.52,20.74
2017-12-26,20.67,21.1,21.15,20.51
2017-12-27,21.21,21.7,21.85,21.11
2017-12-28,21.95,21.6,22.25,21.32
2017-12-29,21.38,21.6,22.0,21.3
2018-01-02,21.79,21.66,21.79,21.5
2018-01-03,21.66,22.2,22.22,21.55
2018-01-04,22.02,21.86,22.2,21.75
2018-01-05,21.61,21.8,21.96,21.61
2018-01-08,22.45,21.95,22.45,21.79
2018-01-09,21.95,21.36,22.0,21.35
2018-01-10,21.1,20.81,21.2,20.6
2018-01-11,20.79,21.1,21.17,20.4
2018-01-12,21.17,20.67,21.18,20.6
2018-01-15,20.76,19.91,20.84,19.87
2018-01-16,19.89,19.78,20.18,19.72
2018-01-17,19.81,20.08,20.2,19.25
2018-01-18,20.1,19.96,20.29,19.9
2018-01-19,19.98,19.75,20.19,19.68
2018-01-22,19.63,20.19,20.19,19.4
2018-01-23,20.22,19.85,20.28,19.72
2018-01-24,19.93,20.3,20.3,19.76
2018-01-25,20.33,20.3,20.9,20.28
2018-01-26,20.2,19.8,20.25,19.78
2018-01-29,19.71,19.59,19.98,19.43
2018-01-30,19.66,19.6,19.83,19.44
2018-01-31,19.38,18.31,19.38,17.83
2018-02-01,17.81,17.3,18.48,17.3
2018-02-02,17.2,16.63,17.2,16.38
2018-02-05,16.28,16.02,16.3,15.9
2018-02-06,15.63,16.66,17.62,15.63
2018-02-07,16.77,16.96,17.36,15.88
2018-02-08,16.71,16.7,16.99,16.4
2018-02-09,16.2,15.99,16.5,15.83
2018-02-12,16.24,16.74,17.11,16.16
2018-02-13,16.79,16.44,16.91,16.43
2018-02-14,16.5,16.48,16.6,16.3
2018-02-22,16.7,16.91,17.1,16.59
2018-02-23,16.99,16.71,16.99,16.64
2018-02-26,16.87,17.51,17.6,16.75
2018-02-27,17.52,17.4,17.86,17.32
2018-02-28,17.01,17.2,17.35,16.83
2018-03-01,17.08,17.8,17.82,17.01
2018-03-02,17.7,17.5,18.25,17.45
2018-03-05,17.62,17.92,17.98,17.43
2018-03-06,17.85,17.96,18.13,17.73
2018-03-07,17.92,17.59,18.03,17.55
2018-03-08,17.6,18.0,18.05,17.52
2018-03-09,17.99,18.68,18.83,17.92
2018-03-12,18.69,19.07,19.29,18.52
2018-03-13,19.07,18.87,19.58,18.75
2018-03-14,18.7,18.59,19.17,18.57
2018-03-15,18.56,18.0,18.62,17.67
2018-03-16,17.99,18.22,18.28,17.9
2018-03-19,18.21,19.22,19.98,17.88
2018-03-20,18.9,19.29,19.3,18.63
2018-03-21,19.29,18.88,19.5,18.72
2018-03-22,18.9,19.33,19.61,18.75
2018-03-23,18.8,17.4,18.89,17.4
2018-03-26,16.85,17.75,17.8,16.19
2018-03-27,17.75,18.18,18.6,17.75
2018-03-28,17.99,18.05,18.32,17.6
2018-03-29,18.22,19.15,19.86,18.09
2018-03-30,19.13,20.24,20.8,18.77
2018-04-02,20.0,20.11,20.75,19.81
2018-04-03,19.18,19.5,19.8,19.18
2018-04-04,19.61,18.8,19.74,18.8
2018-04-09,18.85,19.04,19.27,18.6
2018-04-10,17.47,17.14,17.84,17.14
2018-04-11,16.3,16.62,16.85,16.12
2018-04-12,16.46,16.42,16.75,16.33
2018-04-13,16.46,16.61,16.79,16.45
2018-04-16,16.77,16.3,16.77,16.24
2018-04-17,16.0,15.36,16.3,15.1
2018-04-18,15.43,15.21,15.49,14.7
2018-04-19,15.09,16.42,16.73,15.07
2018-04-20,16.0,16.23,17.8,15.6
2018-04-23,16.57,16.15,16.8,15.91
2018-04-24,16.6,16.35,16.6,16.01
2018-04-25,16.06,15.88,16.2,15.81
2018-04-26,15.79,15.3,15.99,15.21
2018-04-27,15.25,15.3,15.59,15.21
2018-05-02,15.32,14.83,15.45,14.79
2018-05-03,14.9,15.32,15.43,14.77
2018-05-04,15.25,15.3,15.61,15.16
2018-05-07,15.3,15.7,15.76,15.3
2018-05-08,15.8,17.22,17.27,15.79
2018-05-09,16.61,16.73,16.91,16.5
2018-05-10,16.73,16.64,16.87,16.43
2018-05-11,16.75,16.26,17.11,16.24
2018-05-14,16.2,16.1,16.38,16.01
2018-05-15,16.12,16.55,17.2,16.12
2018-05-16,16.5,16.63,16.77,16.35
2018-05-17,16.47,16.34,16.72,16.31
2018-05-18,16.38,16.6,16.61,16.25
2018-05-21,16.73,16.69,16.9,16.45
2018-05-22,16.74,16.61,16.78,16.36
2018-05-23,16.51,16.15,16.79,16.1
2018-05-24,16.07,16.04,16.44,15.93
2018-05-25,16.09,15.39,16.22,15.33
