date,open,close,high,low
2016-01-04,81.7,74.225,81.889,74.225
2016-01-05,68.497,68.199,74.225,66.909
2016-01-06,70.244,72.071,72.16,68.001
2016-01-07,70.711,64.864,70.711,64.864
2016-01-08,65.32,64.526,66.71,59.662
2016-01-11,61.548,58.074,62.332,58.074
2016-01-12,57.289,57.915,59.622,56.088
2016-01-13,58.649,53.408,59.533,53.209
2016-01-14,50.757,56.634,57.478,50.757
2016-01-15,55.622,55.483,58.937,54.48
2016-01-18,53.487,57.428,58.947,53.428
2016-01-19,57.21,60.218,60.367,56.585
2016-01-20,59.632,58.927,60.734,58.58
2016-01-21,57.776,57.657,62.044,57.577
2016-01-22,58.302,59.761,60.853,57.24
2016-01-25,60.754,58.977,61.23,57.667
2016-03-17,53.08,60.406,61.945,53.08
2016-03-18,58.173,61.032,62.829,57.081
2016-03-21,61.905,67.137,67.137,60.754
2016-03-22,65.598,64.516,66.909,64.407
2016-03-23,63.533,65.936,68.001,63.533
2016-03-24,65.032,63.385,66.204,63.335
2016-03-25,62.551,62.868,64.228,62.432
2016-03-28,63.434,60.555,64.725,60.168
2016-03-29,60.555,57.577,60.555,56.723
2016-03-30,58.183,61.032,61.151,56.585
2016-03-31,61.548,62.243,63.911,61.409
2016-04-01,61.568,61.26,63.335,60.198
2016-04-05,61.439,63.99,64.774,61.151
2016-04-06,64.02,64.606,66.412,63.385
2016-04-07,65.221,64.03,66.948,64.01
2016-04-08,62.541,61.836,63.464,61.052
2016-04-11,62.342,64.258,65.023,62.124
2016-04-12,63.335,61.359,64.447,60.605
2016-04-13,61.608,62.064,63.692,61.608
2016-04-14,62.888,64.913,65.023,62.789
2016-04-15,65.529,66.78,68.15,65.023
2016-04-18,66.512,63.831,66.591,63.037
2016-04-19,64.139,66.621,66.621,64.139
2016-04-20,66.809,59.96,67.087,59.96
2016-04-21,59.563,55.592,60.694,54.599
2016-04-22,55.383,57.339,57.567,55.383
2016-04-25,56.088,55.225,56.088,54.619
2016-04-26,55.592,56.098,56.098,54.996
2016-04-27,56.088,55.105,56.694,54.996
2016-04-28,55.195,55.393,55.751,52.117
2016-04-29,54.599,54.103,55.89,53.884
2016-05-03,54.599,56.882,57.15,54.103
2016-05-04,57.081,57.984,58.639,56.594
2016-05-05,57.577,58.57,59.275,56.992
2016-05-06,58.58,55.145,59.175,54.917
2016-05-09,54.272,52.326,54.272,52.117
2016-05-10,52.217,52.554,53.06,52.117
2016-05-11,52.723,50.291,53.209,50.231
2016-05-12,49.338,48.643,49.626,46.657
2016-05-13,48.405,48.236,49.407,47.422
2016-05-16,48.127,49.248,49.437,47.65
2016-05-17,50.102,49.933,51.105,48.643
2016-05-18,48.484,46.24,49.338,45.466
2016-05-19,46.548,50.867,50.867,46.24
2016-05-20,51.283,53.974,55.334,50.867
2016-05-23,53.507,53.855,55.086,53.011
2016-05-24,53.696,52.594,53.696,52.078
2016-05-25,52.773,53.1,55.066,52.773
2016-05-26,52.187,53.318,53.448,49.685
2016-05-27,53.309,54.688,55.88,52.316
2016-05-30,53.646,53.825,56.068,52.326
2016-05-31,53.577,59.205,59.205,53.12
2016-06-01,60.714,64.546,65.122,59.741
2016-06-02,65.032,70.999,70.999,65.013
2016-06-03,70.999,72.974,75.416,69.251
2016-06-06,71.972,72.478,76.181,70.482
2016-06-07,73.361,79.725,79.725,72.15
2016-06-08,80.29,77.431,82.147,76.141
2016-06-13,75.357,77.888,85.175,75.357
2016-06-14,78.504,77.233,82.832,71.972
2016-06-15,74.85,83.11,84.956,74.85
2016-06-16,81.72,77.709,82.881,77.134
2016-06-17,77.243,79.417,82.951,76.488
2016-06-20,79.417,87.359,87.359,77.451
2016-06-21,88.947,80.31,89.523,79.963
2016-06-22,79.0,80.419,80.419,76.488
2016-06-23,80.39,76.737,80.39,76.022
2016-06-24,76.24,79.179,81.69,72.974
2016-06-27,78.821,82.395,83.586,78.434
2016-06-28,82.056,80.923,83.647,79.262
2016-06-29,80.773,81.35,83.339,79.56
2016-06-30,80.366,75.254,80.903,74.438
2016-07-01,76.079,75.085,76.338,73.772
2016-07-04,74.597,77.551,78.904,74.09
2016-07-05,77.332,78.456,79.51,76.338
2016-07-06,78.367,76.547,79.272,76.338
2016-07-07,75.383,79.659,79.739,75.065
2016-07-08,79.461,78.834,80.634,77.969
2016-07-11,78.068,70.948,78.894,70.948
2016-07-12,69.625,70.44,70.908,66.035
2016-07-13,70.003,70.45,71.892,68.442
2016-07-14,69.615,70.033,72.042,69.516
2016-07-15,68.819,68.929,70.6,68.76
2016-07-18,69.168,69.884,70.898,67.795
2016-07-19,69.894,71.515,71.982,69.158
2016-07-20,71.306,70.222,71.435,70.023
2016-07-21,69.714,68.621,70.49,68.422
2016-07-22,68.74,68.183,69.913,67.626
2016-07-25,67.676,65.816,68.67,65.607
2016-07-26,64.454,65.587,65.587,63.35
2016-07-27,64.692,59.7,65.438,59.173
2016-07-28,59.173,59.968,60.466,57.681
2016-07-29,59.481,59.919,60.267,58.735
2016-08-01,59.441,59.919,60.366,57.194
2016-08-02,59.988,60.515,60.854,59.919
2016-08-03,60.545,59.511,60.585,59.242
2016-08-04,59.511,60.923,61.858,59.024
2016-08-05,60.943,61.579,63.946,60.476
2016-08-08,60.714,61.023,61.351,58.735
2016-08-09,59.67,61.659,61.858,59.501
2016-08-10,61.759,61.759,62.683,61.659
2016-08-11,61.162,60.366,61.629,59.879
2016-08-12,60.267,60.714,61.172,59.67
2016-08-15,60.515,66.572,66.771,60.118
2016-08-16,66.562,66.562,68.621,66.134
2016-08-17,66.373,66.83,67.278,65.687
2016-08-18,66.234,65.667,67.029,65.518
2016-08-19,65.528,66.323,67.626,65.239
2016-08-22,66.234,63.161,67.109,62.882
2016-08-23,62.654,63.399,64.344,62.654
2016-08-24,63.917,65.548,65.935,63.429
2016-08-25,63.917,63.847,64.145,61.709
2016-08-26,63.648,63.181,65.04,63.161
2016-08-29,63.191,62.375,64.056,62.166
2016-08-30,62.375,62.117,63.449,61.798
2016-08-31,62.117,60.913,62.315,60.128
2016-09-01,60.655,60.655,61.5,60.297
2016-09-02,60.665,58.974,60.824,58.218
2016-09-05,59.024,59.004,60.028,58.765
2016-09-06,59.66,61.56,62.534,58.745
2016-09-07,61.579,59.998,61.649,59.68
2016-09-08,59.65,59.561,60.446,59.173
2016-09-09,59.67,58.755,59.67,58.526
2016-09-12,57.731,56.08,57.979,55.99
2016-09-13,56.577,56.498,56.687,56.08
2016-09-14,56.169,57.084,57.472,55.782
2016-09-19,57.333,58.039,58.427,57.333
2016-09-20,57.94,56.965,58.079,56.856
2016-09-21,56.975,57.651,58.168,56.776
2016-09-22,58.278,57.731,58.596,57.681
2016-09-23,57.979,56.965,58.546,56.965
2016-09-26,56.687,56.935,58.506,56.498
2016-09-27,56.766,59.173,59.362,56.488
2016-09-28,58.676,58.874,59.352,58.676
2016-09-29,59.073,59.203,60.267,58.845
2016-09-30,58.884,59.73,59.869,58.874
2016-10-10,60.724,62.037,62.584,60.008
2016-10-11,62.286,61.47,62.594,61.162
2016-10-12,61.192,60.963,61.659,60.366
2016-10-13,61.152,61.41,61.838,60.565
2016-10-14,61.241,61.44,61.947,60.784
2016-10-17,61.947,61.818,64.145,61.54
2016-10-18,61.649,62.952,63.012,60.545
2016-10-19,63.578,63.429,65.518,63.041
2016-10-20,63.748,63.648,64.543,63.27
2016-10-21,63.29,63.648,64.145,61.281
2016-10-24,63.32,64.046,64.593,62.624
2016-10-25,64.046,63.976,65.279,63.936
2016-10-26,63.648,62.733,63.648,62.544
2016-10-27,62.882,63.31,63.748,62.554
2016-10-28,62.952,63.061,63.748,62.455
2016-10-31,62.654,65.935,66.293,62.355
2016-11-01,66.214,68.024,69.217,65.388
2016-11-02,67.566,67.825,68.382,66.641
2016-11-03,67.626,67.626,69.794,67.407
2016-11-04,67.129,68.253,68.989,66.741
2016-11-07,68.521,66.801,68.601,66.751
2016-11-08,67.139,67.358,67.875,66.612
2016-11-09,67.198,67.735,69.466,66.741
2016-11-10,68.233,69.307,70.112,68.233
2016-11-11,69.506,69.615,70.53,68.223
2016-11-14,69.605,71.385,72.42,69.516
2016-11-15,71.435,70.709,71.435,69.615
2016-11-16,71.107,68.621,73.593,68.621
2016-11-17,68.392,65.717,68.392,65.647
2016-11-18,65.239,67.089,67.497,65.17
2016-11-21,67.019,69.545,69.714,66.333
2016-11-22,70.003,70.112,70.908,69.028
2016-11-23,69.615,68.302,70.271,67.885
2016-11-24,68.123,66.721,69.526,66.462
2016-11-25,66.323,66.671,66.91,64.155
2016-11-28,66.522,65.17,66.612,65.11
2016-11-29,65.597,64.125,65.935,63.698
2016-11-30,64.036,65.11,65.717,63.767
2016-12-01,65.309,64.543,65.309,64.026
2016-12-02,64.454,61.729,64.732,61.659
2016-12-05,60.774,61.639,62.554,60.545
2016-12-06,62.156,61.062,62.405,60.873
2016-12-07,61.122,62.117,62.156,60.854
2016-12-08,62.117,61.142,62.355,60.963
2016-12-09,60.774,60.615,61.351,60.326
2016-12-12,60.665,54.558,60.804,54.558
2016-12-13,54.17,54.071,54.698,53.315
2016-12-14,54.081,53.116,54.568,52.718
2016-12-15,53.186,54.439,55.284,53.186
2016-12-16,54.449,55.404,56.885,53.902
2016-12-19,55.404,55.254,56.03,54.698
2016-12-20,55.264,55.692,56.15,54.847
2016-12-21,55.941,56.169,56.667,55.722
2016-12-22,55.861,55.443,56.189,54.578
2016-12-23,55.433,54.399,55.433,54.24
2016-12-26,54.3,56.488,56.885,52.758
2016-12-27,56.468,55.98,56.468,55.811
2016-12-28,56.239,56.05,56.498,55.712
2016-12-29,56.329,56.1,57.631,55.841
2016-12-30,55.861,55.264,56.06,54.707
2017-01-03,55.354,55.921,56.368,55.354
2017-01-04,55.891,56.428,56.647,55.453
2017-01-05,56.478,55.941,56.567,55.941
2017-01-06,55.702,53.972,56.388,53.902
2017-01-09,54.061,54.3,54.658,52.907
2017-01-10,54.2,54.27,55.404,54.17
2017-01-11,54.2,52.808,54.479,52.808
2017-01-12,52.808,52.191,53.454,52.082
2017-01-13,52.221,48.8,52.699,48.233
2017-01-16,48.9,46.314,48.929,44.196
2017-01-17,46.035,49.069,49.626,45.24
2017-01-18,48.601,47.736,48.81,47.517
2017-01-19,47.746,48.174,50.521,45.856
2017-01-20,48.174,49.725,50.153,47.845
2017-01-23,49.725,49.894,50.352,49.337
2017-01-25,50.72,51.147,52.45,50.521
2017-01-26,51.157,52.142,52.709,51.117
2017-02-03,52.579,51.127,52.689,50.819
2017-02-06,51.117,51.446,51.664,50.918
2017-02-07,51.416,50.481,51.426,50.202
2017-02-08,50.501,51.117,51.257,50.371
2017-02-09,51.267,51.774,52.231,50.968
2017-02-10,51.734,50.869,52.062,50.799
2017-02-13,50.819,51.247,51.595,50.501
2017-02-14,51.366,51.187,51.823,51.018
2017-02-15,51.187,50.391,51.714,50.342
2017-02-16,50.391,49.626,50.531,49.427
2017-02-17,49.775,48.203,50.222,47.885
2017-02-20,48.243,48.452,48.452,47.298
2017-02-21,48.701,49.934,50.222,48.074
2017-02-22,49.745,49.834,50.073,49.228
2017-02-23,49.904,50.918,51.366,49.556
2017-02-24,51.117,51.704,51.913,50.769
2017-02-27,51.714,51.555,52.36,51.346
2017-02-28,52.251,51.933,52.41,51.436
2017-03-01,53.912,57.124,57.124,52.888
2017-03-02,56.985,59.65,62.554,56.438
2017-03-03,58.685,58.228,59.372,57.094
2017-03-06,58.218,60.058,60.068,57.86
2017-03-07,59.849,59.024,60.048,58.775
2017-03-08,59.024,57.293,59.024,57.184
2017-03-09,58.447,57.82,58.447,57.064
2017-03-10,57.979,57.263,58.158,57.084
2017-03-13,57.094,57.83,57.999,55.911
2017-03-14,57.651,57.492,58.238,57.303
2017-03-15,57.094,57.81,58.039,57.084
2017-03-16,57.741,58.278,58.457,57.492
2017-03-17,58.327,57.85,60.167,57.81
2017-03-20,57.85,57.93,58.168,57.184
2017-03-21,57.93,58.974,60.028,57.82
2017-03-22,58.477,58.318,58.974,57.522
2017-03-23,58.775,59.65,60.167,58.188
2017-03-24,60.665,61.46,62.654,60.426
2017-03-27,61.55,59.829,61.55,59.75
2017-03-28,60.068,59.551,61.281,59.521
2017-03-29,59.63,56.189,59.77,56.189
2017-03-30,55.99,54.499,55.99,54.101
2017-03-31,54.409,55.016,55.662,54.409
2017-04-05,54.916,56.577,57.114,54.499
2017-04-06,56.309,55.782,56.637,55.553
2017-04-07,55.692,55.433,56.12,55.324
2017-04-10,55.593,52.599,55.593,52.41
2017-04-11,52.122,53.703,53.703,52.112
2017-04-12,53.544,53.007,54.081,52.221
2017-04-13,53.196,54.479,55.135,53.007
2017-04-14,54.2,53.007,54.389,52.728
2017-04-17,52.211,51.336,52.321,51.018
2017-04-18,50.202,49.675,51.048,49.427
2017-04-19,49.238,49.268,50.023,48.084
2017-04-20,48.78,49.138,49.924,48.412
2017-04-21,49.924,48.75,49.924,48.502
2017-04-24,48.77,48.979,49.228,46.742
2017-04-25,48.442,49.596,50.192,48.432
2017-04-26,48.631,47.836,49.168,47.756
2017-04-27,47.945,50.133,50.133,47.418
2017-04-28,49.874,49.725,50.153,49.218
2017-05-02,49.526,49.228,50.272,48.631
2017-05-03,48.939,48.721,49.148,48.044
2017-05-04,48.621,49.029,49.725,48.432
2017-05-05,48.929,49.039,49.457,48.054
2017-05-08,48.8,48.432,49.466,48.084
2017-05-09,48.034,49.476,49.626,47.836
2017-05-10,49.417,48.671,50.918,48.382
2017-05-11,48.542,48.064,49.168,46.742
2017-05-12,47.736,46.344,48.024,45.25
2017-05-15,46.732,45.777,46.921,45.747
2017-05-16,44.882,46.682,46.761,44.464
2017-05-17,46.254,47.01,48.512,46.254
2017-05-18,46.702,47.179,47.647,46.344
2017-05-19,47.09,46.911,47.468,46.443
2017-05-22,46.553,45.111,47.08,45.051
2017-05-23,45.081,43.738,45.737,43.579
2017-05-24,43.758,44.504,44.564,42.764
2017-05-25,44.106,44.753,45.051,42.972
2017-05-26,44.802,44.842,45.339,44.514
2017-05-31,45.558,45.121,45.926,45.001
2017-06-01,45.16,42.485,45.459,42.415
2017-06-02,41.978,43.619,44.056,41.819
2017-06-05,43.758,44.007,44.474,43.271
2017-06-06,43.559,44.514,44.653,43.559
2017-06-07,44.275,45.648,45.847,44.275
2017-06-08,45.498,45.837,45.847,45.001
2017-06-09,45.837,45.449,45.946,44.932
2017-06-12,44.92,44.0,45.33,43.73
2017-06-13,44.33,44.93,45.54,44.09
2017-06-14,45.0,45.73,47.5,44.62
2017-06-15,45.67,47.26,47.6,45.0
2017-06-16,47.3,46.87,47.5,46.18
2017-06-19,47.17,47.06,47.24,46.55
2017-06-20,47.06,46.31,47.59,46.24
2017-06-21,46.35,46.45,46.77,45.54
2017-06-22,46.39,44.81,46.63,44.66
2017-06-23,45.47,44.79,45.5,44.15
2017-06-26,44.18,44.04,44.18,42.84
2017-06-27,43.8,44.49,44.53,43.8
2017-06-28,44.36,43.88,44.45,43.4
2017-06-29,44.08,44.37,44.86,43.69
2017-06-30,43.88,44.59,44.79,43.85
2017-07-03,45.6,46.7,46.75,45.29
2017-07-04,46.9,46.48,47.2,46.13
2017-07-05,46.5,46.83,46.97,46.23
2017-07-06,46.98,46.06,47.12,45.62
2017-07-07,46.57,48.25,49.24,46.41
2017-07-10,47.6,47.59,48.28,47.3
2017-07-11,47.59,45.86,47.59,45.57
2017-07-12,45.55,46.0,46.04,44.68
2017-07-13,45.65,45.23,46.0,44.87
2017-07-14,45.5,45.19,45.94,44.9
2017-07-17,45.0,41.33,45.0,41.31
2017-07-18,40.7,41.38,41.77,39.88
2017-07-19,41.28,41.16,41.28,40.29
2017-07-20,41.29,40.49,41.87,40.0
2017-07-21,40.4,40.6,40.86,40.0
2017-07-24,40.22,40.86,40.96,40.02
2017-07-25,40.31,40.49,40.5,39.25
2017-07-26,40.08,40.5,40.5,39.4
2017-07-27,40.26,41.75,42.16,39.81
2017-07-28,41.43,40.85,41.67,40.73
2017-07-31,41.18,40.49,41.18,40.12
2017-08-01,40.87,40.55,40.89,40.33
2017-08-02,39.42,40.48,40.51,39.42
2017-08-03,40.25,40.2,41.1,39.61
2017-08-04,40.11,39.56,40.18,39.56
2017-08-07,39.56,38.69,39.97,38.6
2017-08-08,38.77,39.81,39.86,38.6
2017-08-09,39.99,39.58,40.26,39.51
2017-08-10,39.56,41.18,41.18,39.21
2017-08-11,40.81,39.5,40.85,39.5
2017-08-14,39.58,42.35,43.29,39.57
2017-08-15,42.35,43.16,43.78,41.9
2017-08-16,42.96,42.8,43.5,42.37
2017-08-17,42.5,43.06,43.99,42.21
2017-08-18,42.98,42.18,42.98,42.15
2017-08-21,41.94,42.43,42.56,41.94
2017-08-22,42.41,41.24,42.41,41.23
2017-08-23,41.36,41.74,42.3,41.14
2017-08-24,41.44,40.93,41.69,40.85
2017-08-25,40.93,41.44,41.5,40.93
2017-08-28,41.5,42.4,42.88,41.5
2017-08-29,42.5,42.12,42.7,41.91
2017-08-30,42.13,41.87,42.41,41.76
2017-08-31,41.99,42.19,42.28,41.65
2017-09-01,42.23,42.82,42.99,42.15
2017-09-04,42.21,43.68,43.94,41.88
2017-09-05,43.39,42.98,43.87,42.7
2017-09-06,42.72,43.63,43.79,42.6
2017-09-07,43.63,43.39,44.99,43.31
2017-09-08,43.37,43.49,43.77,42.8
2017-09-11,43.99,43.86,43.99,43.38
2017-09-12,43.86,42.5,44.1,42.31
2017-09-13,42.61,42.6,42.85,42.0
2017-09-14,42.6,42.29,42.79,42.16
2017-09-15,42.1,42.01,42.43,41.86
2017-09-18,42.09,42.27,42.27,41.85
2017-09-19,42.27,41.92,42.38,41.84
2017-09-20,42.0,42.32,42.45,41.85
2017-09-21,42.49,42.36,43.35,42.3
2017-09-22,42.1,41.94,42.37,41.5
2017-09-25,41.8,41.11,42.28,41.11
2017-09-26,41.11,40.26,41.28,40.0
2017-09-27,40.5,40.6,40.79,40.32
2017-09-28,40.6,40.35,40.75,40.3
2017-09-29,40.36,40.86,40.95,40.36
2017-10-09,41.12,41.35,41.69,41.07
2017-10-10,41.99,42.42,42.5,41.36
2017-10-11,42.75,42.6,43.86,42.4
2017-10-12,42.54,41.95,42.73,41.0
2017-10-13,42.09,43.81,46.15,42.03
2017-10-16,43.18,42.58,43.67,41.63
2017-10-17,42.08,43.06,43.19,41.8
2017-10-18,42.8,41.48,43.67,41.31
2017-10-19,41.48,41.4,41.78,41.0
2017-10-20,41.33,41.96,41.96,41.21
2017-10-23,42.51,42.6,42.68,41.92
2017-10-24,42.44,42.38,42.98,41.83
2017-10-25,42.08,43.56,43.83,42.08
2017-10-26,43.41,43.28,43.63,43.12
2017-10-27,43.27,43.34,44.2,43.09
2017-10-30,43.4,42.0,43.65,41.52
2017-10-31,41.86,42.34,42.47,41.68
2017-11-01,42.3,43.42,43.95,42.1
2017-11-02,43.12,43.44,43.56,42.7
2017-11-03,43.23,44.2,44.44,43.02
2017-11-06,44.7,44.25,44.7,43.59
2017-11-07,44.26,43.8,44.26,43.0
2017-11-08,43.68,43.52,44.25,43.47
2017-11-09,43.3,43.42,43.93,42.72
2017-11-10,43.2,43.45,43.78,43.06
2017-11-13,43.43,43.17,43.43,42.72
2017-11-14,43.17,40.7,43.17,40.0
2017-11-15,40.11,40.0,40.48,39.74
2017-11-16,39.8,39.74,40.23,39.68
2017-11-17,39.74,35.77,39.74,35.77
2017-11-20,35.7,35.82,36.01,34.88
2017-11-21,35.64,35.78,36.05,35.03
2017-11-22,35.62,35.9,36.56,35.4
2017-11-23,35.92,35.19,36.12,35.12
2017-11-24,35.1,35.0,35.5,35.0
2017-11-27,35.0,34.72,35.47,34.53
2017-11-28,34.49,35.17,35.29,34.49
2017-11-29,35.15,34.7,35.15,33.86
2017-11-30,34.49,34.7,34.71,34.01
2017-12-01,34.41,34.71,35.0,34.22
2017-12-04,34.44,34.65,34.7,33.18
2017-12-05,34.4,32.98,34.45,32.75
2017-12-06,32.94,32.66,33.27,32.1
2017-12-07,32.66,33.25,33.47,32.43
2017-12-08,33.93,36.58,36.58,33.93
2017-12-11,38.85,38.48,40.24,37.86
2017-12-12,38.43,36.7,38.43,36.7
2017-12-13,36.66,37.0,37.33,36.4
2017-12-14,36.8,36.78,36.87,35.74
2017-12-15,36.43,36.42,37.43,36.05
2017-12-18,36.98,36.61,37.98,36.58
2017-12-19,36.95,40.27,40.27,36.66
2017-12-20,43.0,42.8,43.79,41.6
2017-12-21,42.47,43.48,43.85,42.11
2017-12-22,43.0,42.68,43.2,41.6
2017-12-25,41.8,39.68,41.86,38.9
2017-12-26,39.92,39.76,40.63,39.11
2017-12-27,39.9,39.03,41.0,39.02
2017-12-28,39.23,39.17,39.49,38.25
2017-12-29,39.01,39.83,40.21,38.6
2018-01-02,39.96,39.78,39.96,38.83
2018-01-03,40.38,40.18,40.46,39.5
2018-01-04,40.49,40.98,41.92,40.18
2018-01-05,45.08,45.08,45.08,44.6
2018-01-08,44.99,47.72,49.58,44.55
2018-01-09,45.9,45.85,47.0,44.65
2018-01-10,48.5,50.44,50.44,46.12
2018-01-11,51.0,52.55,55.48,50.45
2018-01-12,51.42,50.66,54.97,49.61
2018-01-15,47.39,47.74,49.3,46.4
2018-01-16,49.0,46.49,49.1,46.39
2018-01-17,42.0,41.84,42.96,41.84
2018-01-18,41.0,39.55,41.6,39.23
2018-01-19,40.2,38.48,40.4,38.2
2018-01-22,38.4,38.44,39.25,37.7
2018-01-23,38.69,38.8,38.96,38.3
2018-01-24,38.68,39.55,39.82,38.28
2018-01-25,39.55,39.6,40.45,39.05
2018-01-26,39.34,38.73,40.16,38.0
2018-01-29,38.22,38.29,38.72,36.99
2018-01-30,38.1,36.89,38.47,36.89
2018-01-31,36.69,34.84,36.69,34.83
2018-02-01,35.27,35.21,36.17,34.81
2018-02-02,34.9,34.75,35.48,34.05
2018-02-05,34.4,34.76,34.95,33.61
2018-02-06,34.2,31.87,34.57,31.7
2018-02-07,32.7,32.82,33.4,31.7
2018-02-08,32.9,33.24,34.14,32.78
2018-02-09,32.19,32.21,32.96,31.5
2018-02-12,31.25,32.64,32.78,30.95
2018-02-13,32.56,31.95,32.86,31.83
2018-02-14,32.13,31.51,32.31,31.47
2018-02-22,31.88,33.95,33.98,31.88
2018-02-23,33.7,33.5,33.7,32.96
2018-02-26,33.89,34.72,34.75,33.51
2018-02-27,34.93,36.44,37.86,34.91
2018-02-28,35.75,37.51,38.74,35.51
2018-03-01,36.39,38.34,38.58,36.2
2018-03-02,38.09,36.9,38.18,36.78
2018-03-05,37.36,37.61,38.16,37.13
2018-03-06,37.85,37.11,37.87,36.96
2018-03-07,37.0,36.58,37.37,36.5
2018-03-08,36.46,38.07,39.49,36.46
2018-03-09,37.8,39.49,40.35,37.2
2018-03-12,39.49,39.51,40.45,39.14
2018-03-13,39.15,41.97,43.46,38.85
2018-03-14,41.44,40.45,42.5,40.31
2018-03-15,39.8,39.75,41.39,38.68
2018-03-16,39.5,39.4,40.5,39.0
2018-03-19,39.14,38.98,39.85,38.52
2018-03-20,38.25,38.44,38.77,37.56
2018-03-21,38.91,38.55,40.6,38.38
2018-03-22,38.09,39.5,40.22,38.09
2018-03-23,37.87,35.55,38.5,35.55
2018-03-26,34.46,36.56,36.57,33.69
2018-03-27,37.18,37.95,38.5,37.01
2018-03-28,37.08,39.32,40.2,37.03
2018-03-29,39.33,39.25,40.1,38.37
2018-03-30,39.55,40.53,41.01,39.55
2018-04-02,40.2,40.9,41.8,39.68
2018-04-03,40.15,40.42,40.8,39.58
2018-04-04,40.6,38.9,40.96,38.85
2018-04-09,38.22,39.67,39.98,38.11
2018-04-10,40.49,40.89,40.9,39.15
2018-04-11,41.4,42.97,43.48,40.26
2018-04-12,42.2,42.13,42.84,41.8
2018-04-13,42.8,41.85,43.96,41.58
2018-04-16,41.1,42.42,42.8,40.6
2018-04-17,42.26,39.95,42.58,39.89
2018-04-18,40.4,41.52,41.86,39.32
2018-04-19,41.3,40.17,42.3,40.08
2018-04-20,40.3,40.2,41.95,40.13
2018-04-23,41.0,39.15,42.18,38.05
2018-04-24,39.15,41.79,41.8,38.9
2018-04-25,42.08,42.55,42.85,41.5
2018-04-26,42.55,42.2,43.6,41.8
2018-04-27,42.4,42.14,43.2,41.0
2018-05-02,41.57,39.35,41.68,38.11
2018-05-03,39.0,40.45,40.67,38.16
2018-05-04,40.2,39.3,40.39,39.22
2018-05-07,39.49,40.63,40.74,39.05
2018-05-08,40.63,40.62,40.95,40.18
2018-05-09,40.58,41.49,41.56,40.33
2018-05-10,41.45,40.23,41.45,39.93
2018-05-11,40.4,39.15,40.98,39.15
2018-05-14,38.95,37.63,39.35,37.0
2018-05-15,37.82,38.56,38.6,37.51
2018-05-16,38.6,37.71,38.6,37.68
2018-05-17,38.13,38.1,38.48,37.72
2018-05-18,38.08,37.83,38.12,37.01
2018-05-21,38.07,38.95,39.19,38.07
2018-05-22,38.45,38.87,38.88,38.26
2018-05-23,38.3,38.08,38.48,38.0
2018-05-24,37.98,37.87,38.29,37.6
2018-05-25,37.7,37.1,37.91,36.96
