date,open,close,high,low
2016-04-21,33.811,33.811,33.811,33.811
2016-04-22,30.435,30.435,30.435,30.435
2016-04-25,29.429,28.174,30.275,27.586
2016-04-26,27.487,29.698,30.813,27.079
2016-04-27,29.1,30.106,31.271,29.08
2016-04-28,29.758,28.961,29.837,28.084
2016-04-29,28.543,28.453,29.827,27.935
2016-05-03,27.885,28.732,28.762,26.81
2016-05-04,28.094,28.732,29.17,27.885
2016-05-05,28.383,30.524,31.55,28.084
2016-05-06,30.584,29.528,30.873,29.06
2016-05-09,29.05,28.632,29.05,27.069
2016-05-10,28.284,28.035,28.672,27.567
2016-05-11,28.333,27.477,28.572,26.889
2016-05-20,25.276,26.551,27.387,25.276
2016-05-23,26.371,26.571,26.79,26.013
2016-05-24,26.391,25.396,26.84,25.396
2016-05-25,25.595,24.42,25.864,24.25
2016-05-26,24.429,24.987,24.987,23.105
2016-05-27,24.599,24.917,25.246,24.499
2016-05-30,24.917,25.087,25.246,24.001
2016-05-31,25.047,26.312,26.451,24.917
2016-06-01,26.292,27.079,27.387,25.993
2016-06-02,26.989,27.298,27.397,26.69
2016-06-03,28.383,27.318,28.881,27.298
2016-06-06,26.889,26.74,27.288,26.531
2016-06-07,26.859,26.75,27.158,26.71
2016-06-08,26.71,26.7,27.009,26.242
2016-06-13,26.013,24.778,26.023,24.031
2016-06-14,24.081,24.051,24.698,23.782
2016-06-15,24.101,24.898,25.196,23.961
2016-06-16,24.898,24.34,24.898,24.071
2016-06-17,24.41,24.649,25.196,24.27
2016-06-20,24.449,24.668,24.828,23.971
2016-06-21,24.798,24.499,24.977,24.001
2016-06-22,24.38,24.977,24.997,24.121
2016-06-23,24.977,24.778,24.977,24.479
2016-06-24,24.499,24.19,24.718,23.135
2016-06-27,23.702,25.027,25.077,23.702
2016-06-28,24.768,24.858,25.057,24.519
2016-06-29,24.987,24.728,25.087,24.569
2016-06-30,24.848,27.198,27.198,24.848
2016-07-01,27.885,26.581,28.065,26.561
2016-07-04,26.591,26.75,27.367,26.571
2016-07-05,26.581,26.62,26.959,26.302
2016-07-06,26.64,26.77,26.83,26.302
2016-07-07,26.7,26.242,26.74,25.983
2016-07-08,26.441,27.019,27.367,26.292
2016-07-11,27.079,26.431,27.188,26.342
2016-07-12,26.401,26.332,26.441,25.585
2016-07-13,26.381,26.63,26.859,25.953
2016-07-14,26.591,26.82,27.278,26.431
2016-07-15,26.76,26.451,26.77,26.302
2016-07-18,26.591,26.7,26.85,26.103
2016-07-19,26.591,27.188,27.258,26.451
2016-07-20,27.198,27.009,27.387,26.83
2016-07-21,26.909,28.134,28.403,26.909
2016-07-22,28.074,27.258,28.124,27.108
2016-07-25,27.128,26.8,27.387,26.73
2016-07-26,26.72,27.756,27.786,26.71
2016-07-27,27.786,27.885,28.443,26.172
2016-07-28,27.447,28.672,29.678,26.989
2016-07-29,28.732,27.636,29.379,27.586
2016-08-01,26.889,24.878,26.889,24.878
2016-08-02,24.788,24.549,24.788,23.922
2016-08-03,24.479,24.489,24.818,24.28
2016-08-04,24.559,24.28,24.698,24.031
2016-08-05,24.38,23.981,24.4,23.951
2016-08-08,24.061,24.26,24.34,23.453
2016-08-09,24.151,24.708,24.778,24.151
2016-08-10,24.708,24.768,25.007,24.4
2016-08-11,24.639,24.768,24.987,24.121
2016-08-12,24.459,24.688,24.778,24.25
2016-08-15,24.808,25.296,25.445,24.579
2016-08-16,25.296,25.525,25.824,25.147
2016-08-17,25.605,25.555,25.744,25.196
2016-08-18,25.644,25.893,26.222,25.405
2016-08-19,25.893,25.973,26.033,25.595
2016-08-29,26.999,27.577,28.572,26.152
2016-08-30,27.138,29.11,29.867,26.899
2016-08-31,28.632,28.373,29.13,27.885
2016-09-01,28.582,28.881,29.827,28.035
2016-09-02,28.881,27.636,28.881,27.497
2016-09-05,27.686,28.373,28.861,27.298
2016-09-06,28.284,29.379,29.748,28.094
2016-09-07,29.379,29.917,31.371,29.28
2016-09-08,29.479,29.897,30.475,29.021
2016-09-09,29.768,28.383,30.056,28.214
2016-09-12,27.586,26.083,27.586,25.953
2016-09-13,26.242,26.899,27.118,26.222
2016-09-14,26.591,27.716,29.17,25.993
2016-09-19,27.776,27.716,28.134,27.168
2016-09-20,27.716,26.84,28.084,26.7
2016-09-21,26.889,26.83,27.288,26.8
2016-09-22,27.238,26.511,27.437,26.481
2016-09-23,26.451,26.123,26.75,26.083
2016-09-26,25.983,25.893,26.391,25.883
2016-09-27,26.182,26.152,26.362,24.898
2016-09-28,25.804,26.551,26.69,25.804
2016-09-29,26.8,26.401,26.869,26.292
2016-09-30,26.391,27.158,27.347,26.312
2016-10-10,27.387,28.214,28.543,27.089
2016-10-11,28.184,28.353,28.582,27.885
2016-10-12,28.313,29.04,30.106,28.184
2016-10-13,28.881,28.712,29.16,28.294
2016-10-14,28.473,27.925,28.752,27.696
2016-10-17,27.835,27.347,28.224,27.347
2016-10-18,27.278,28.871,30.086,27.238
2016-10-19,29.1,29.14,30.056,28.762
2016-10-20,29.379,28.453,29.558,28.393
2016-10-21,28.373,28.224,29.359,27.895
2016-10-24,28.284,28.363,28.572,27.965
2016-10-25,28.234,27.756,28.483,27.746
2016-10-26,27.716,27.387,27.935,27.298
2016-10-27,27.387,27.586,27.766,27.328
2016-10-28,27.776,27.089,27.786,27.039
2016-10-31,26.899,27.517,27.776,26.69
2016-11-01,27.736,27.596,27.736,27.387
2016-11-02,27.596,27.108,27.686,27.108
2016-11-03,26.989,27.387,27.487,26.909
2016-11-04,27.338,27.238,27.527,27.098
2016-11-07,27.487,27.786,27.865,27.248
2016-11-08,27.776,27.746,28.055,27.666
2016-11-09,27.567,27.168,27.835,26.889
2016-11-10,27.447,27.756,27.756,27.248
2016-11-11,27.746,28.065,28.184,27.487
2016-11-14,28.074,28.114,28.353,27.855
2016-11-15,28.214,28.782,28.782,27.806
2016-11-16,28.871,28.612,29.08,28.443
2016-11-17,28.642,28.433,28.841,28.055
2016-11-18,28.174,28.065,28.533,27.985
2016-11-21,28.174,28.154,28.264,27.776
2016-11-22,28.174,28.562,28.652,28.084
2016-11-23,28.742,27.865,28.772,27.845
2016-11-24,27.796,27.128,27.796,27.029
2016-11-25,27.328,27.616,27.616,26.571
2016-11-28,27.636,27.975,28.045,27.457
2016-11-29,28.662,27.238,28.662,27.059
2016-11-30,26.919,26.899,27.776,26.85
2016-12-01,26.999,27.208,27.338,26.899
2016-12-02,27.238,25.784,27.238,25.774
2016-12-05,25.475,25.804,26.192,25.475
2016-12-06,25.824,25.893,26.212,25.774
2016-12-07,26.043,26.272,26.371,25.893
2016-12-08,26.381,25.913,26.381,25.903
2016-12-09,25.883,25.744,26.053,25.674
2016-12-12,25.615,23.503,25.864,23.453
2016-12-13,23.752,23.314,23.752,23.085
2016-12-14,23.364,22.577,23.374,22.537
2016-12-15,22.567,22.816,23.254,22.497
2016-12-16,23.135,23.802,24.081,23.015
2016-12-19,23.663,23.354,23.673,23.205
2016-12-20,23.354,23.444,23.563,23.214
2016-12-21,23.693,23.762,23.902,23.453
2016-12-22,23.782,23.712,23.902,23.344
2016-12-23,23.712,24.19,24.4,23.304
2016-12-26,23.752,23.802,23.941,23.294
2016-12-27,23.902,23.523,23.941,23.503
2016-12-28,23.513,23.145,23.653,23.025
2016-12-29,23.105,23.354,23.663,23.095
2016-12-30,23.553,23.613,23.653,23.264
2017-01-03,23.802,23.941,24.25,23.802
2017-01-04,24.33,24.081,24.36,23.902
2017-01-05,23.932,23.971,24.27,23.932
2017-01-06,23.822,23.971,24.121,23.732
2017-01-09,23.712,24.23,24.25,23.712
2017-01-10,24.32,24.081,24.32,23.922
2017-01-11,23.951,23.673,24.101,23.663
2017-01-12,23.573,22.806,23.872,22.786
2017-01-13,22.876,21.671,22.876,21.611
2017-01-16,21.661,19.938,21.79,19.51
2017-01-17,19.759,20.416,20.675,19.101
2017-01-18,20.217,19.918,20.346,19.809
2017-01-19,19.938,19.888,20.207,19.321
2017-01-20,19.679,20.476,20.615,19.679
2017-01-23,20.545,22.527,22.527,20.516
2017-01-24,22.866,22.607,23.902,22.029
2017-01-25,22.607,22.358,23.394,21.96
2017-01-26,22.408,23.284,23.394,22.019
2017-02-03,23.085,25.435,25.595,22.796
2017-02-06,25.047,25.156,25.953,24.429
2017-02-07,25.206,24.429,25.266,24.131
2017-02-08,24.33,23.961,24.788,23.862
2017-02-09,23.902,23.693,24.21,23.563
2017-02-10,23.772,23.573,24.041,23.254
2017-02-13,23.573,23.205,23.722,22.906
2017-02-14,23.404,23.503,23.633,23.095
2017-02-15,23.444,24.509,25.176,23.314
2017-02-16,24.2,23.653,24.868,23.503
2017-02-17,23.503,22.129,23.503,21.91
2017-02-20,22.149,22.298,22.547,21.94
2017-02-21,22.248,22.527,22.647,22.089
2017-02-22,22.358,22.189,22.707,22.109
2017-02-23,22.189,22.308,22.348,22.019
2017-02-24,22.288,22.378,22.448,22.219
2017-02-27,22.378,22.199,22.657,22.129
2017-02-28,22.199,22.258,22.338,22.059
2017-03-01,22.258,22.189,22.358,22.179
2017-03-02,22.199,21.661,22.268,21.661
2017-03-03,21.422,22.119,22.248,21.312
2017-03-06,22.119,22.348,22.497,22.079
2017-03-07,22.288,22.428,22.507,22.189
2017-03-08,22.468,22.229,22.468,22.039
2017-03-09,22.109,21.89,22.139,21.731
2017-03-10,22.298,21.93,22.358,21.76
2017-03-13,22.109,22.557,22.886,21.721
2017-03-14,22.517,22.368,22.697,22.229
2017-03-15,22.587,22.328,22.607,22.219
2017-03-16,22.398,22.478,22.567,22.258
2017-03-17,22.378,22.348,22.806,22.308
2017-03-20,22.308,22.288,22.398,22.039
2017-03-21,22.149,22.368,22.597,22.149
2017-03-22,22.219,22.079,22.378,21.99
2017-03-23,22.219,21.91,22.248,21.731
2017-03-24,21.91,22.099,22.109,21.571
2017-03-27,22.278,22.159,22.368,21.98
2017-03-28,22.159,21.88,22.318,21.81
2017-03-29,21.741,21.511,21.99,21.492
2017-03-30,21.362,20.715,21.492,20.605
2017-03-31,20.625,20.844,21.014,20.625
2017-04-05,20.844,21.671,21.711,20.844
2017-04-06,21.86,21.79,22.079,21.362
2017-04-07,21.89,22.219,22.527,21.611
2017-04-10,22.756,22.009,22.886,22.009
2017-04-11,21.999,21.611,22.308,20.924
2017-04-12,21.412,20.884,21.412,20.824
2017-04-13,20.834,21.362,21.8,20.834
2017-04-14,21.093,20.934,21.312,20.715
2017-04-17,21.213,20.396,21.292,19.818
2017-04-18,20.396,20.306,20.575,20.227
2017-04-19,20.267,19.709,20.267,19.619
2017-04-20,19.968,19.968,20.008,19.43
2017-04-21,19.759,19.719,20.097,19.47
2017-04-24,19.619,18.922,19.868,18.544
2017-04-25,18.623,18.882,19.091,18.623
2017-04-26,19.002,18.643,19.002,18.444
2017-04-27,18.613,18.653,18.693,17.637
2017-04-28,18.335,18.703,18.773,18.335
2017-05-02,18.703,18.564,18.793,18.494
2017-05-03,18.623,18.225,18.663,18.195
2017-05-04,18.106,20.048,20.048,18.106
2017-05-05,20.814,20.157,21.372,20.157
2017-05-08,20.555,19.33,20.555,19.271
2017-05-09,19.171,19.052,19.5,18.703
2017-05-10,19.032,18.125,19.221,18.115
2017-05-11,18.096,18.115,18.115,17.139
2017-05-12,18.076,18.434,18.803,17.757
2017-05-15,18.424,18.235,18.902,18.026
2017-05-16,17.976,18.823,18.862,17.677
2017-05-17,18.723,20.705,20.705,18.673
2017-05-18,20.416,20.655,21.651,20.406
2017-05-19,20.326,20.028,21.113,19.928
2017-05-22,20.615,19.321,20.665,19.111
2017-05-23,18.992,18.125,19.809,17.588
2017-05-24,18.046,18.972,19.002,17.926
2017-05-25,19.271,19.42,19.42,18.225
2017-05-26,19.37,19.38,19.898,19.131
2017-05-31,19.649,19.41,19.769,18.623
2017-06-01,19.21,19.22,20.18,19.19
2017-06-02,18.61,19.42,19.68,18.12
2017-06-05,19.13,19.54,19.96,19.13
2017-06-06,19.36,19.41,19.74,19.28
2017-06-07,18.8,19.89,20.14,18.37
2017-06-08,19.64,19.52,20.03,19.49
2017-06-09,19.49,19.02,19.49,18.72
2017-06-12,18.63,18.44,18.9,18.4
2017-06-13,18.4,18.77,18.87,18.4
2017-06-14,18.77,18.57,19.0,18.55
2017-06-15,18.57,18.99,19.18,18.5
2017-06-16,18.9,19.3,19.38,18.8
2017-06-19,19.2,19.21,19.41,18.9
2017-06-20,19.39,19.0,19.39,18.9
2017-06-21,19.0,18.8,19.06,18.6
2017-06-22,18.83,18.56,18.88,18.35
2017-06-23,18.92,18.59,18.92,18.23
2017-06-26,18.58,18.7,18.75,18.28
2017-06-27,18.52,18.53,18.75,18.5
2017-06-28,18.5,18.22,18.5,18.12
2017-06-29,18.17,18.22,18.36,18.1
2017-06-30,18.16,18.21,18.21,17.85
2017-07-03,18.28,18.23,18.28,18.14
2017-07-04,18.22,18.22,18.23,18.02
2017-07-05,18.09,18.23,18.33,18.09
2017-07-06,18.28,18.24,18.45,18.17
2017-07-07,18.3,18.22,18.3,18.16
2017-07-10,18.4,18.21,18.4,18.01
2017-07-11,18.19,18.2,18.2,18.02
2017-07-12,18.22,18.2,18.22,17.88
2017-07-13,18.15,18.19,18.2,18.06
2017-07-14,18.25,18.25,18.25,18.15
2017-07-17,18.28,18.0,18.59,16.95
2017-07-18,16.95,18.0,18.0,16.95
2017-07-19,17.8,17.98,17.98,17.55
2017-07-20,17.96,17.96,17.99,17.67
2017-07-21,17.8,17.93,17.96,17.78
2017-07-24,17.71,17.87,17.87,17.6
2017-07-25,17.86,17.83,17.86,17.64
2017-07-26,17.78,17.72,17.79,17.62
2017-07-27,17.68,18.25,18.35,17.36
2017-07-28,18.1,17.8,18.18,17.8
2017-07-31,17.85,17.72,17.9,17.44
2017-08-01,17.6,17.68,17.77,17.53
2017-08-02,17.63,17.67,17.67,17.4
2017-08-03,17.57,17.67,17.71,17.47
2017-08-04,17.52,17.66,17.68,17.41
2017-08-07,17.55,17.64,17.71,17.47
2017-08-08,17.64,17.64,17.7,17.54
2017-08-09,17.69,17.62,17.69,17.5
2017-08-10,17.52,17.6,17.67,17.41
2017-08-11,17.44,17.55,17.58,17.41
2017-08-14,17.55,18.27,19.2,17.55
2017-08-15,18.39,18.11,18.45,17.95
2017-08-16,17.9,18.15,18.29,17.9
2017-08-17,18.11,18.18,18.29,18.03
2017-08-18,18.04,18.12,18.35,18.04
2017-08-21,18.15,18.13,18.2,18.03
2017-08-22,18.15,17.96,18.18,17.95
2017-08-23,17.95,18.23,18.78,17.94
2017-08-24,18.27,18.65,19.09,18.11
2017-08-25,18.54,18.67,18.68,18.31
2017-08-28,18.56,18.86,19.05,18.56
2017-08-29,18.86,18.68,18.93,18.62
2017-08-30,18.6,18.55,18.79,18.42
2017-08-31,18.5,18.61,18.69,18.41
2017-09-01,18.58,18.64,18.69,18.49
2017-09-04,18.73,18.76,18.95,18.65
2017-09-05,18.76,19.0,19.29,18.5
2017-09-06,18.93,18.94,19.03,18.74
2017-09-07,18.92,18.61,19.0,18.58
2017-09-08,18.6,18.35,18.66,18.28
2017-09-11,18.53,18.31,18.53,18.1
2017-09-12,18.45,18.26,18.45,18.2
2017-09-13,18.21,18.32,18.42,18.04
2017-09-14,18.36,18.08,18.41,18.03
2017-09-15,18.14,18.17,18.2,18.07
2017-09-18,18.13,18.28,18.28,18.1
2017-09-19,18.3,18.2,18.34,18.16
2017-09-20,18.14,18.37,18.49,18.12
2017-09-21,18.37,18.11,18.4,18.07
2017-09-22,18.1,18.25,18.32,18.03
2017-09-25,18.22,18.15,18.47,18.1
2017-09-26,18.13,17.7,18.29,17.65
2017-09-27,17.6,17.73,17.84,17.54
2017-09-28,17.83,17.85,18.08,17.73
2017-09-29,18.03,17.98,18.12,17.82
2017-11-17,17.5,18.07,19.78,17.16
2017-11-20,17.5,17.03,17.5,16.26
2017-11-21,16.65,16.2,16.84,16.08
2017-11-22,16.2,15.78,16.59,15.73
2017-11-23,15.62,15.87,16.31,15.6
2017-11-24,15.87,15.87,16.02,15.61
2017-11-27,16.11,15.97,16.3,15.85
2017-11-28,15.92,15.97,16.07,15.85
2017-11-29,16.12,15.78,16.12,15.6
2017-11-30,15.78,15.78,15.85,15.54
2017-12-01,15.65,15.8,15.9,15.62
2017-12-04,15.8,15.78,15.85,15.51
2017-12-05,15.64,15.79,15.79,15.21
2017-12-06,15.64,15.79,15.8,15.28
2017-12-07,15.55,15.79,15.88,15.54
2017-12-08,15.7,15.91,16.5,15.6
2017-12-11,15.78,15.87,15.98,15.67
2017-12-12,15.78,15.84,15.9,15.67
2017-12-13,15.71,15.8,15.85,15.53
2017-12-14,15.74,15.81,15.81,15.61
2017-12-15,15.77,16.18,16.58,15.68
2017-12-18,16.3,16.13,16.3,16.0
2017-12-19,16.05,15.79,16.05,15.71
2017-12-20,15.79,15.81,15.84,15.38
2017-12-21,15.72,15.78,15.84,15.61
2017-12-22,15.76,15.79,15.8,15.62
2017-12-25,15.7,15.69,15.77,15.37
2017-12-26,15.59,15.64,15.72,15.37
2017-12-27,15.64,15.65,15.68,15.54
2017-12-28,15.57,15.66,15.7,15.57
2017-12-29,15.58,15.79,16.01,15.55
2018-01-02,15.79,16.05,16.46,15.63
2018-01-03,16.05,15.83,16.13,15.71
2018-01-04,15.8,15.64,15.81,15.62
2018-01-05,15.59,15.92,15.98,15.55
2018-01-08,15.76,15.72,15.98,15.69
2018-01-09,15.68,15.7,15.88,15.65
2018-01-10,15.61,15.67,15.73,15.55
2018-01-11,15.67,15.69,15.74,15.52
2018-01-12,15.73,15.62,15.74,15.58
2018-01-15,15.74,14.77,15.74,14.75
2018-01-16,14.73,14.7,14.89,14.57
2018-01-17,14.65,14.7,14.77,14.23
2018-01-18,14.58,14.68,14.68,14.3
2018-01-19,14.59,14.64,14.82,14.47
2018-01-22,14.43,14.59,14.76,14.43
2018-01-23,14.53,14.59,14.68,14.53
2018-01-24,14.64,14.64,14.72,14.55
2018-01-25,15.0,14.7,15.02,14.64
2018-01-26,14.61,14.68,14.77,14.61
2018-01-29,14.8,14.59,14.8,14.41
2018-01-30,14.52,14.59,14.68,14.48
2018-01-31,15.15,14.68,15.15,14.68
2018-02-01,14.64,14.59,14.74,13.98
2018-02-02,14.51,14.59,14.59,14.1
2018-02-05,14.41,14.59,14.59,14.26
2018-02-06,14.43,14.37,14.43,13.71
2018-02-07,14.28,14.37,14.49,13.71
2018-02-08,14.21,14.37,14.37,14.06
2018-02-09,14.19,14.37,14.37,13.88
2018-02-12,14.15,14.45,14.48,14.15
2018-02-13,14.4,14.34,14.46,14.29
2018-02-14,14.27,14.29,14.29,14.02
2018-02-22,14.21,14.29,14.31,14.19
2018-02-23,14.29,14.29,14.29,14.16
2018-02-26,14.28,14.51,14.68,14.21
2018-02-27,14.49,14.58,14.69,14.44
2018-02-28,14.45,14.85,15.23,14.42
2018-03-01,14.68,14.94,14.96,14.66
2018-03-02,14.94,14.86,14.95,14.77
2018-03-05,14.78,15.9,16.3,14.78
2018-03-06,15.9,15.6,15.9,15.5
2018-03-07,15.59,15.44,15.59,15.36
2018-03-08,15.44,15.63,15.7,15.26
2018-03-09,15.65,15.8,15.8,15.38
2018-03-12,15.95,15.74,16.14,15.65
2018-03-13,15.68,15.64,15.95,15.52
2018-03-14,15.59,15.45,15.85,15.45
2018-03-15,15.48,15.22,15.57,15.08
2018-03-16,15.27,15.23,15.38,15.18
2018-03-19,15.25,15.38,15.55,15.15
2018-03-20,15.34,15.42,15.47,15.19
2018-03-21,15.5,15.18,15.67,15.12
2018-03-22,15.12,14.88,15.23,14.86
2018-03-23,14.3,13.91,14.56,13.73
2018-03-26,13.83,13.9,13.9,13.31
2018-03-27,13.99,14.28,14.44,13.99
2018-03-28,14.11,14.59,14.84,14.11
2018-03-29,14.71,14.67,14.82,14.44
2018-03-30,14.76,15.58,15.67,14.58
2018-04-02,16.5,16.15,16.83,15.81
2018-04-03,16.11,16.16,16.65,16.01
2018-04-04,16.5,16.76,17.25,16.36
2018-04-09,16.7,18.44,18.44,16.68
2018-04-10,18.03,18.48,19.26,18.03
2018-04-11,18.6,19.0,19.0,18.16
2018-04-12,18.82,18.64,18.88,18.28
2018-04-13,18.51,18.23,18.6,18.02
2018-04-16,18.25,18.34,18.49,18.04
2018-04-17,18.41,18.39,18.6,17.78
2018-04-18,18.36,18.31,18.57,17.82
2018-04-19,18.1,18.16,18.44,18.03
2018-04-20,18.09,17.28,18.18,16.88
2018-04-23,17.37,17.13,17.6,16.83
2018-04-24,17.25,17.84,17.98,17.14
2018-04-25,17.83,17.79,18.5,17.64
2018-04-26,17.79,17.63,18.0,17.5
2018-04-27,17.73,17.85,18.15,17.62
2018-05-02,17.95,18.97,19.1,17.84
2018-05-03,18.96,19.25,19.57,18.55
2018-05-04,19.02,19.04,19.35,18.65
2018-05-07,19.14,19.33,19.58,19.07
2018-05-08,19.4,18.75,19.4,18.69
2018-05-09,18.81,18.9,19.07,18.65
2018-05-10,18.9,18.65,18.96,18.41
2018-05-11,18.56,18.09,18.71,18.0
2018-05-14,18.05,18.16,18.55,18.05
2018-05-15,18.16,18.44,18.67,18.11
2018-05-16,18.56,17.96,18.72,17.96
2018-05-17,17.95,18.57,18.67,17.5
2018-05-18,18.52,18.57,18.96,18.39
2018-05-21,19.19,19.01,20.42,18.78
2018-05-22,19.0,18.98,19.09,18.6
2018-05-23,18.96,18.28,18.96,18.23
2018-05-24,18.33,18.39,18.65,18.26
2018-05-25,18.25,17.72,18.55,17.53
