date,open,close,high,low
2016-01-04,28.588,25.769,28.588,25.769
2016-01-05,24.179,24.322,25.61,23.193
2016-01-06,24.773,25.07,25.12,23.639
2016-01-07,24.525,22.563,24.525,22.563
2016-01-08,22.89,21.8,23.782,20.562
2016-01-11,21.354,19.62,22.276,19.62
2016-01-12,19.67,20.398,20.468,19.645
2016-01-13,20.478,19.61,20.8,19.581
2016-01-14,18.828,20.889,21.057,18.392
2016-01-15,20.71,19.804,21.067,19.62
2016-01-18,19.967,20.512,20.958,19.328
2016-01-19,20.408,21.354,21.379,20.101
2016-01-20,21.206,21.255,21.899,20.963
2016-01-21,21.062,20.017,21.776,20.017
2016-01-22,20.314,20.364,20.755,19.328
2016-01-25,20.696,21.008,21.79,20.468
2016-01-26,20.809,19.67,21.444,18.976
2016-01-27,19.67,19.407,20.066,17.861
2016-01-28,19.12,18.629,20.086,18.337
2016-01-29,18.654,19.541,19.819,18.629
2016-02-01,19.62,19.274,19.67,18.833
2016-02-02,19.274,20.235,20.309,19.135
2016-02-03,19.724,20.165,20.264,19.571
2016-02-04,20.141,20.75,21.008,20.066
2016-02-05,21.032,20.502,21.047,20.354
2016-02-15,19.764,20.056,20.18,19.105
2016-02-16,20.116,21.067,21.067,20.066
2016-02-17,20.829,21.85,21.895,20.814
2016-02-18,22.182,21.354,22.539,21.305
2016-02-19,21.26,21.726,21.899,21.211
2016-02-22,21.949,22.469,22.529,21.86
2016-02-23,22.395,21.909,22.459,21.563
2016-02-24,21.607,22.108,22.172,21.315
2016-02-25,21.825,19.898,21.989,19.898
2016-02-26,19.992,19.07,20.304,18.332
2016-02-29,18.857,17.639,18.857,17.163
2016-03-01,17.629,18.079,18.174,17.158
2016-03-02,18.174,18.907,19.026,17.609
2016-03-03,19.239,18.629,19.303,18.58
2016-03-04,18.629,17.202,18.679,16.945
2016-03-07,17.341,17.564,18.184,17.282
2016-03-08,17.297,18.134,18.233,16.103
2016-03-09,17.594,18.134,18.867,17.346
2016-03-10,17.931,17.604,18.263,17.589
2016-03-11,17.341,17.896,17.985,16.994
2016-03-14,18.06,18.738,19.026,18.06
2016-03-15,18.629,18.184,18.763,17.926
2016-03-16,18.342,18.193,19.016,17.391
2016-03-17,18.421,18.976,19.1,18.283
2016-03-18,19.075,20.116,20.453,18.838
2016-03-21,20.309,21.245,21.245,20.304
2016-03-22,21.156,20.973,21.989,20.676
2016-03-23,20.834,21.949,23.069,20.834
2016-03-24,21.548,21.102,21.701,21.077
2016-03-25,20.864,20.785,21.097,20.468
2016-03-28,20.874,20.165,21.305,20.096
2016-03-29,20.25,19.551,20.388,19.249
2016-03-30,19.868,21.112,21.196,19.868
2016-03-31,21.181,21.602,21.761,21.117
2016-04-01,21.444,21.008,21.444,20.487
2016-04-05,21.008,21.627,21.771,20.824
2016-04-06,21.592,21.929,22.088,21.359
2016-04-07,22.033,21.245,22.033,21.156
2016-04-08,20.948,21.042,21.062,20.487
2016-04-11,21.245,21.974,21.974,21.201
2016-04-12,21.989,24.174,24.174,21.825
2016-04-13,24.525,24.0,25.239,23.525
2016-04-14,24.327,24.253,24.585,23.792
2016-04-15,24.243,23.723,24.248,23.445
2016-04-18,23.297,22.762,23.297,22.519
2016-04-19,22.989,23.153,23.193,22.796
2016-04-20,23.178,21.394,23.232,20.909
2016-04-21,21.156,21.161,21.899,21.057
2016-04-22,21.181,21.35,21.518,20.765
2016-04-25,21.295,21.255,21.295,20.809
2016-04-26,21.786,22.37,22.94,21.483
2016-04-27,22.385,21.85,22.385,21.766
2016-04-28,21.855,22.226,22.286,21.414
2016-04-29,22.197,22.033,22.261,21.974
2016-05-03,22.073,22.895,22.9,21.89
2016-05-04,22.692,22.915,23.435,22.544
2016-05-05,23.039,23.98,24.005,22.841
2016-05-06,24.005,22.35,24.372,22.35
2016-05-09,22.098,21.493,22.098,21.31
2016-05-10,21.543,21.33,21.746,21.156
2016-05-11,21.503,21.067,21.647,20.859
2016-05-12,20.537,20.487,20.587,19.601
2016-05-13,20.487,20.299,20.795,20.076
2016-05-16,20.413,21.364,21.394,20.314
2016-05-17,21.409,21.577,21.795,21.107
2016-05-18,21.241,20.339,21.241,19.972
2016-05-19,20.368,20.601,21.057,20.368
2016-05-20,20.507,21.052,21.057,20.289
2016-05-23,21.161,21.434,21.642,21.156
2016-05-24,21.285,21.895,21.949,21.077
2016-05-25,22.048,21.904,22.826,21.85
2016-05-26,22.246,23.421,23.574,21.741
2016-05-27,23.237,23.019,23.336,22.985
2016-05-30,23.277,22.905,23.52,22.796
2016-05-31,22.648,25.194,25.194,22.648
2016-06-01,26.009,26.724,26.803,25.314
2016-06-02,26.456,28.233,28.868,25.87
2016-06-03,27.647,26.744,28.124,26.734
2016-06-06,26.525,26.853,27.2,26.317
2016-06-07,26.853,27.29,27.389,26.634
2016-06-08,27.18,26.456,27.21,26.108
2016-06-13,25.761,23.815,25.91,23.815
2016-06-14,23.607,24.302,24.341,23.16
2016-06-15,23.905,25.155,25.662,23.686
2016-06-16,25.304,24.758,25.304,24.57
2016-06-17,25.006,25.513,26.098,24.818
2016-06-20,25.513,26.019,26.098,24.629
2016-06-21,26.069,25.155,26.883,24.967
2016-06-22,25.185,26.912,27.339,25.185
2016-06-23,26.714,26.307,27.25,25.979
2016-06-24,26.366,26.436,26.992,25.116
2016-06-27,26.009,27.319,27.568,25.721
2016-06-28,27.101,29.186,29.424,26.724
2016-06-29,29.156,28.58,29.156,28.133
2016-06-30,28.491,28.243,28.679,27.975
2016-07-01,28.153,27.568,28.441,27.27
2016-07-04,27.429,28.074,28.263,27.3
2016-07-05,28.183,27.915,28.392,27.756
2016-07-06,27.806,28.58,28.58,27.806
2016-07-07,28.59,29.672,30.119,28.094
2016-07-08,29.394,30.466,32.591,29.235
2016-07-11,30.724,28.908,30.794,28.789
2016-07-12,28.789,28.61,28.898,27.637
2016-07-13,28.451,28.809,29.484,28.451
2016-07-14,28.739,29.027,29.503,28.699
2016-07-15,29.086,28.689,29.285,28.263
2016-07-18,28.689,27.895,28.967,27.578
2016-07-19,27.846,28.292,28.491,27.846
2016-07-20,28.292,28.332,28.54,27.985
2016-07-21,28.342,28.114,28.531,28.074
2016-07-22,28.183,27.3,28.342,27.002
2016-07-25,27.171,27.081,27.458,26.803
2016-07-26,27.012,27.836,27.995,27.002
2016-07-27,27.697,25.701,28.104,25.314
2016-07-28,25.443,25.691,25.91,24.917
2016-07-29,25.612,25.344,25.751,24.937
2016-08-01,25.265,25.413,25.999,24.123
2016-08-02,25.255,25.622,25.691,25.126
2016-08-03,25.632,25.701,25.791,25.334
2016-08-04,25.562,25.672,25.801,25.046
2016-08-05,25.672,25.274,25.672,25.245
2016-08-08,25.225,25.284,25.354,24.738
2016-08-09,25.274,25.9,25.979,25.274
2016-08-10,25.9,25.731,25.989,25.632
2016-08-11,25.801,25.384,25.959,25.314
2016-08-12,25.374,25.562,25.602,25.086
2016-08-15,25.691,26.347,26.406,25.433
2016-08-16,26.426,26.585,26.813,26.307
2016-08-17,26.684,26.595,26.744,26.426
2016-08-18,26.515,26.515,26.754,26.406
2016-08-19,26.426,26.615,26.664,26.406
2016-08-22,26.724,25.95,26.724,25.89
2016-08-23,25.86,26.019,26.297,25.811
2016-08-24,26.049,27.21,28.054,26.049
2016-08-25,27.161,26.694,27.161,26.158
2016-08-26,26.505,26.615,27.18,26.505
2016-08-29,26.535,27.121,27.25,26.317
2016-08-30,27.151,26.724,27.349,26.615
2016-08-31,26.843,26.625,26.952,26.198
2016-09-01,26.605,26.535,26.903,26.406
2016-09-02,26.903,27.329,27.667,26.505
2016-09-05,27.2,26.952,27.488,26.803
2016-09-06,26.813,27.439,27.458,26.456
2016-09-07,27.329,27.995,28.272,27.31
2016-09-08,27.995,27.766,28.163,27.548
2016-09-09,27.766,27.25,27.955,27.051
2016-09-12,26.644,25.443,26.644,25.413
2016-09-13,25.513,25.533,25.761,25.324
2016-09-14,25.314,25.503,25.791,25.314
2016-09-19,25.404,25.721,25.89,25.404
2016-09-20,25.751,26.138,26.525,25.642
2016-09-21,25.969,26.029,26.208,25.811
2016-09-22,26.208,26.059,26.496,26.029
2016-09-23,26.089,26.029,26.386,25.84
2016-09-26,26.009,25.344,26.029,25.314
2016-09-27,25.215,25.781,25.811,25.215
2016-09-28,25.781,25.612,25.88,25.513
2016-09-29,25.572,25.781,26.297,25.572
2016-09-30,25.88,25.95,26.009,25.721
2016-10-10,26.118,26.654,26.684,26.019
2016-10-11,26.615,26.932,26.972,26.615
2016-10-12,26.932,26.982,27.22,26.704
2016-10-13,26.803,28.143,28.153,26.793
2016-10-14,27.915,28.292,28.451,27.796
2016-10-17,28.282,28.143,28.322,27.826
2016-10-18,28.143,28.163,28.342,27.955
2016-10-19,28.243,28.173,28.282,28.094
2016-10-20,28.213,28.193,28.282,28.114
2016-10-21,28.223,28.342,28.878,28.044
2016-10-24,28.362,28.183,28.441,28.044
2016-10-25,28.114,28.282,28.491,28.044
2016-10-26,28.282,27.846,28.382,27.806
2016-10-27,27.995,27.846,28.034,27.697
2016-10-28,27.746,27.766,27.995,27.439
2016-10-31,27.538,27.458,27.875,27.429
2016-11-01,27.578,27.955,28.074,27.399
2016-11-02,27.826,28.054,28.243,27.796
2016-11-03,27.806,28.292,28.67,27.726
2016-11-04,28.272,29.186,29.394,28.193
2016-11-07,29.374,28.977,30.258,28.689
2016-11-08,28.957,29.037,29.384,28.689
2016-11-09,29.086,28.848,29.682,28.124
2016-11-10,29.086,31.737,31.737,28.987
2016-11-11,32.561,31.469,32.64,31.032
2016-11-14,31.668,33.256,33.732,31.28
2016-11-15,32.809,32.621,33.107,31.965
2016-11-16,32.63,32.164,33.246,31.35
2016-11-17,31.916,31.975,32.491,31.032
2016-11-18,31.936,34.129,35.172,31.936
2016-11-21,33.306,33.256,35.122,32.938
2016-11-22,33.306,35.718,36.482,32.313
2016-11-23,35.073,34.884,36.611,34.348
2016-11-24,34.546,33.852,35.619,33.266
2016-11-25,33.852,33.057,33.981,32.015
2016-11-28,33.137,33.703,34.318,32.948
2016-11-29,33.832,35.023,35.48,33.832
2016-11-30,35.738,38.527,38.527,35.241
2016-12-01,40.701,34.675,40.701,34.675
2016-12-02,32.76,31.211,33.544,31.211
2016-12-05,30.357,29.652,30.764,29.484
2016-12-06,29.771,29.98,30.675,29.771
2016-12-07,29.97,30.377,30.526,29.801
2016-12-08,30.576,29.762,30.635,29.732
2016-12-09,29.901,29.166,29.99,29.136
2016-12-12,29.285,26.803,29.285,26.317
2016-12-13,26.952,27.419,27.568,26.684
2016-12-14,27.439,26.803,27.657,26.724
2016-12-15,26.942,27.19,27.528,26.903
2016-12-16,27.3,28.392,28.789,27.161
2016-12-19,28.402,28.223,28.749,27.875
2016-12-20,28.094,28.61,28.719,28.094
2016-12-21,28.769,28.769,28.858,28.491
2016-12-22,28.838,28.709,28.967,28.362
2016-12-23,28.58,27.647,28.759,27.498
2016-12-26,27.399,28.044,28.272,26.684
2016-12-27,27.995,28.491,28.977,27.995
2016-12-28,28.491,28.272,29.067,28.094
2016-12-29,28.014,28.024,28.56,27.985
2016-12-30,28.263,28.392,28.987,28.263
2017-01-03,28.402,28.749,28.938,28.402
2017-01-04,28.689,28.888,29.146,28.65
2017-01-05,28.888,28.54,28.918,28.501
2017-01-06,28.491,27.796,28.56,27.796
2017-01-09,27.607,28.213,28.352,27.22
2017-01-10,28.272,28.511,28.878,28.243
2017-01-11,28.67,27.578,28.967,27.3
2017-01-12,27.717,27.171,28.133,27.101
2017-01-13,27.379,26.476,27.379,26.108
2017-01-16,26.406,24.411,26.406,23.825
2017-01-17,24.222,25.116,25.513,23.825
2017-01-18,25.106,24.341,25.106,24.321
2017-01-19,24.123,24.302,24.798,23.845
2017-01-20,24.123,24.788,24.957,24.123
2017-01-23,24.838,25.016,25.235,24.619
2017-01-24,25.016,24.947,25.175,24.639
2017-01-25,24.858,25.155,25.265,24.719
2017-01-26,25.265,25.602,25.652,25.106
2017-02-03,25.711,24.987,25.781,24.917
2017-02-06,25.195,25.582,25.811,24.917
2017-02-07,25.423,25.374,25.751,25.245
2017-02-08,25.513,25.652,25.711,24.818
2017-02-09,25.721,26.049,26.108,25.602
2017-02-10,25.88,25.82,26.079,25.513
2017-02-13,25.572,26.218,26.505,25.572
2017-02-14,26.287,26.059,26.357,25.959
2017-02-15,26.168,26.098,26.505,25.811
2017-02-16,26.089,26.108,26.178,25.86
2017-02-17,26.098,25.413,26.406,25.304
2017-02-20,25.413,25.324,25.662,25.076
2017-02-21,25.354,25.781,26.009,25.225
2017-02-22,25.87,25.91,26.466,25.691
2017-02-23,25.92,26.009,26.376,25.85
2017-02-24,26.138,26.327,26.396,25.91
2017-02-27,26.456,25.95,26.456,25.88
2017-02-28,25.959,26.009,26.357,25.711
2017-03-01,26.009,26.108,26.327,26.009
2017-03-02,26.406,26.178,26.764,26.108
2017-03-03,26.049,26.208,26.505,25.582
2017-03-06,26.208,26.505,26.783,26.208
2017-03-07,26.505,26.883,27.002,26.505
2017-03-08,26.893,26.823,27.061,26.625
2017-03-09,26.803,26.505,26.803,26.307
2017-03-10,26.515,26.545,26.744,26.426
2017-03-13,26.764,26.704,26.764,26.218
2017-03-14,26.754,26.972,27.161,26.634
2017-03-15,26.803,27.3,27.399,26.515
2017-03-16,27.399,27.587,27.697,27.032
2017-03-17,27.607,27.26,28.044,27.18
2017-03-20,27.31,27.548,27.558,27.111
2017-03-21,27.578,28.491,28.491,27.429
2017-03-22,28.392,28.818,28.838,28.044
2017-03-23,28.689,28.352,28.987,27.826
2017-03-24,28.352,28.58,28.749,27.895
2017-03-27,28.64,28.63,29.007,28.094
2017-03-28,28.57,29.285,29.553,28.402
2017-03-29,29.245,28.024,29.245,28.024
2017-03-30,27.786,26.436,27.796,26.337
2017-03-31,26.585,26.466,26.962,26.118
2017-04-05,26.466,26.903,27.28,26.456
2017-04-06,26.912,26.803,27.468,26.704
2017-04-07,26.704,26.496,26.912,26.406
2017-04-10,26.595,25.006,26.595,24.967
2017-04-11,25.006,25.413,25.543,24.858
2017-04-12,25.394,24.877,25.394,24.818
2017-04-13,24.719,24.659,25.106,24.48
2017-04-14,24.897,24.173,24.967,24.163
2017-04-17,24.073,22.822,24.073,22.822
2017-04-18,23.011,23.13,24.123,22.961
2017-04-19,23.2,23.428,23.517,22.247
2017-04-20,23.319,22.892,23.726,22.832
2017-04-21,22.932,22.852,23.2,22.713
2017-04-24,22.693,21.79,22.932,21.76
2017-04-25,21.79,21.84,22.128,21.74
2017-04-26,21.939,22.088,22.227,21.79
2017-04-27,22.038,23.359,23.597,21.83
2017-04-28,23.239,23.527,24.123,23.229
2017-05-02,23.507,24.56,24.947,23.438
2017-05-03,24.56,24.331,24.818,24.133
2017-05-04,24.331,24.113,24.57,24.073
2017-05-05,23.934,23.855,24.321,23.825
2017-05-08,23.656,23.081,23.865,23.011
2017-05-09,23.091,23.299,23.507,22.743
2017-05-10,23.359,23.448,23.974,23.359
2017-05-11,23.21,23.18,23.349,22.396
2017-05-12,22.932,23.11,23.398,22.932
2017-05-15,23.11,23.18,23.378,23.051
2017-05-16,23.18,24.987,25.066,23.061
2017-05-17,24.927,24.719,25.205,24.53
2017-05-18,24.629,24.52,24.997,24.421
2017-05-19,24.51,24.619,24.778,24.391
2017-05-22,24.441,23.815,24.709,23.567
2017-05-23,23.825,21.721,23.825,21.542
2017-05-24,21.711,21.999,22.316,20.897
2017-05-25,21.979,22.217,22.525,21.443
2017-05-26,22.276,22.366,22.485,22.118
2017-05-31,22.733,22.138,22.981,21.939
2017-06-01,22.128,21.224,22.207,21.185
2017-06-02,20.857,21.76,21.889,20.857
2017-06-05,21.919,21.879,22.207,21.76
2017-06-06,21.879,21.86,22.028,21.592
2017-06-07,21.84,22.832,22.882,21.681
2017-06-08,22.842,22.485,22.922,22.366
2017-06-09,22.366,22.376,22.574,21.989
2017-06-12,22.286,21.51,22.286,21.38
2017-06-13,21.341,21.957,22.087,21.341
2017-06-14,21.957,21.759,22.067,21.48
2017-06-15,21.759,22.355,22.535,21.56
2017-06-16,22.236,22.316,22.554,22.117
2017-06-19,22.316,22.485,22.564,22.176
2017-06-20,22.485,22.365,22.694,22.336
2017-06-21,22.544,22.156,22.544,21.908
2017-06-22,22.137,21.53,22.236,21.41
2017-06-23,21.957,21.48,21.957,21.271
2017-06-26,21.48,21.768,21.788,21.48
2017-06-27,21.768,22.296,22.704,21.729
2017-06-28,22.216,21.928,22.216,21.798
2017-06-29,21.928,21.987,22.127,21.788
2017-06-30,21.878,22.037,22.166,21.639
2017-07-03,22.027,22.156,22.286,21.868
2017-07-04,22.246,22.017,22.246,21.898
2017-07-05,21.997,22.236,22.236,21.798
2017-07-06,22.147,22.206,22.346,21.888
2017-07-07,22.107,22.544,22.684,22.047
2017-07-10,22.415,21.987,22.455,21.938
2017-07-11,21.987,21.48,22.067,21.44
2017-07-12,21.569,21.639,21.868,21.39
2017-07-13,21.56,21.49,21.679,21.45
2017-07-14,21.51,21.211,21.659,21.191
2017-07-17,21.042,19.092,21.042,19.092
2017-07-18,18.953,18.704,19.172,18.286
2017-07-19,18.635,18.495,18.704,18.266
2017-07-20,18.495,18.455,18.814,18.336
2017-07-21,18.495,18.107,18.555,17.908
2017-07-24,18.107,18.256,18.326,17.948
2017-07-25,18.256,18.207,18.306,18.087
2017-07-26,18.247,17.57,18.256,17.49
2017-07-27,17.57,18.406,18.455,17.57
2017-07-28,18.465,18.097,18.605,17.958
2017-07-31,17.918,18.406,18.505,17.918
2017-08-01,18.505,18.187,18.505,17.988
2017-08-02,18.177,18.654,19.619,17.928
2017-08-03,18.406,18.664,18.883,18.316
2017-08-04,18.465,18.167,18.704,18.157
2017-08-07,18.067,18.187,18.326,18.067
2017-08-08,18.386,18.247,18.406,18.097
2017-08-09,18.296,18.107,18.296,18.057
2017-08-10,18.077,17.58,18.237,17.51
2017-08-11,17.49,17.172,17.49,17.172
2017-08-14,17.172,17.66,17.699,17.172
2017-08-15,17.61,18.038,18.048,17.61
2017-08-16,18.028,18.147,18.386,17.888
2017-08-17,18.008,18.416,18.485,18.008
2017-08-18,18.227,18.057,18.416,17.928
2017-08-21,18.087,18.137,18.406,17.968
2017-08-22,18.197,18.157,18.326,18.117
2017-08-23,18.217,18.445,18.595,18.087
2017-08-24,18.436,18.067,18.445,18.018
2017-08-25,18.067,18.346,18.426,18.028
2017-08-28,18.396,18.843,18.903,18.396
2017-08-29,18.903,18.973,19.092,18.704
2017-08-30,18.973,18.804,19.152,18.684
2017-08-31,18.903,19.132,19.162,18.664
2017-09-01,19.102,19.271,19.311,18.933
2017-09-04,19.271,19.391,19.53,19.102
2017-09-05,19.59,19.241,19.619,19.142
2017-09-06,19.162,19.142,19.271,18.873
2017-09-07,19.013,19.092,19.401,19.013
2017-09-08,19.092,19.092,19.281,18.953
2017-09-11,19.082,19.321,19.351,19.023
2017-09-12,19.401,18.873,19.56,18.804
2017-09-13,19.052,19.072,19.082,18.734
2017-09-14,19.6,19.082,19.619,19.003
2017-09-15,18.933,18.585,19.003,18.445
2017-09-18,18.635,18.734,18.853,18.426
2017-09-19,18.734,18.575,18.853,18.396
2017-09-20,18.575,18.774,18.794,18.426
2017-09-21,18.774,18.714,18.943,18.704
2017-09-22,18.814,18.963,19.003,18.535
2017-09-25,18.963,18.993,19.182,18.754
2017-09-26,18.973,18.635,18.973,18.465
2017-09-27,19.958,20.495,20.495,19.958
2017-09-28,20.495,20.585,21.47,20.067
2017-09-29,20.376,20.216,20.565,20.077
2017-10-09,20.276,20.973,21.042,20.017
2017-10-10,20.774,21.062,21.241,20.594
2017-10-11,20.913,20.366,21.022,20.246
2017-10-12,20.485,20.565,20.624,20.256
2017-10-13,20.356,20.813,20.873,20.206
2017-10-16,20.813,19.848,20.893,19.789
2017-10-17,20.077,19.759,20.177,19.639
2017-10-18,19.729,19.281,20.077,19.281
2017-10-19,19.222,18.903,19.381,18.873
2017-10-20,18.913,19.132,19.182,18.903
2017-10-23,19.281,19.351,19.401,18.963
2017-10-24,19.311,19.162,19.311,18.704
2017-10-25,19.013,19.202,19.281,18.784
2017-10-26,19.202,19.311,19.331,19.062
2017-10-27,19.311,19.032,19.44,18.953
2017-10-30,18.953,18.018,19.052,18.008
2017-10-31,18.276,18.406,18.406,17.928
2017-11-01,18.326,18.356,18.565,18.247
2017-11-02,18.306,17.998,18.595,17.958
2017-11-03,18.008,18.157,18.227,17.819
2017-11-06,18.227,18.585,18.605,18.107
2017-11-07,18.416,18.605,18.724,18.406
2017-11-08,18.515,20.465,20.465,18.515
2017-11-09,20.793,19.958,20.793,19.699
2017-11-10,19.739,19.699,20.057,19.57
2017-11-13,19.649,19.42,20.047,19.301
2017-11-14,19.42,19.619,19.818,19.301
2017-11-15,19.56,18.863,19.61,18.714
2017-11-16,18.983,18.515,18.983,18.406
2017-11-17,18.575,17.262,18.575,17.172
2017-11-20,16.933,17.013,17.252,16.346
2017-11-21,17.043,16.476,17.063,16.366
2017-11-22,16.476,16.466,16.645,16.257
2017-11-23,16.416,16.257,16.555,16.257
2017-11-24,16.257,16.306,16.486,16.127
2017-11-27,16.406,16.237,16.406,16.098
2017-11-28,16.267,16.495,16.495,16.127
2017-11-29,16.495,16.376,16.495,16.197
2017-11-30,16.366,16.416,16.495,16.237
2017-12-01,16.406,16.694,16.724,16.287
2017-12-04,16.615,16.167,16.764,16.147
2017-12-05,16.117,15.063,16.267,14.933
2017-12-06,15.113,15.242,15.371,14.665
2017-12-07,15.013,15.152,15.212,15.013
2017-12-08,15.123,15.441,15.57,15.023
2017-12-11,15.471,15.65,15.67,15.471
2017-12-12,15.719,15.312,15.799,15.272
2017-12-13,15.421,15.64,15.67,15.371
2017-12-14,15.52,15.64,15.7,15.511
2017-12-15,15.998,16.177,16.884,15.918
2017-12-18,16.267,15.779,16.406,15.719
2017-12-19,15.719,15.6,15.918,15.6
2017-12-20,15.6,15.202,15.71,15.123
2017-12-21,15.292,15.282,15.481,15.132
2017-12-22,15.282,15.222,15.421,15.103
2017-12-25,15.212,14.844,15.481,14.655
2017-12-26,14.695,15.212,15.282,14.695
2017-12-27,15.371,15.242,15.481,15.053
2017-12-28,15.401,15.471,15.63,15.242
2017-12-29,15.471,15.69,15.789,15.471
2018-01-02,15.7,15.66,15.779,15.431
2018-01-03,15.65,15.799,15.909,15.56
2018-01-04,16.515,16.267,17.102,16.197
2018-01-05,15.998,16.107,16.237,15.998
2018-01-08,15.918,15.719,15.988,15.58
2018-01-09,15.719,15.67,15.869,15.6
2018-01-10,15.829,15.6,15.829,15.421
2018-01-11,15.7,16.147,16.565,15.471
2018-01-12,16.018,15.719,16.018,15.7
2018-01-15,15.799,15.172,15.799,15.123
2018-01-16,14.973,15.381,15.461,14.973
2018-01-17,15.381,15.56,15.61,15.292
2018-01-18,15.511,15.7,15.809,15.511
2018-01-19,15.71,15.491,15.769,15.461
2018-01-22,15.491,15.58,15.779,15.192
2018-01-23,15.58,15.62,15.829,15.53
2018-01-24,15.54,15.779,15.799,15.54
2018-01-25,15.68,15.66,15.998,15.65
2018-01-26,15.58,15.55,15.749,15.511
2018-01-29,15.6,15.272,15.7,15.172
2018-01-30,15.322,15.461,15.481,15.222
2018-01-31,15.351,15.202,15.351,15.023
2018-02-01,15.371,15.57,16.376,15.351
2018-02-02,15.292,14.526,15.322,14.028
2018-02-05,13.779,14.088,14.565,13.779
2018-02-06,14.058,12.715,14.128,12.675
2018-02-07,13.202,12.874,13.332,12.456
2018-02-08,12.735,12.934,13.182,12.735
2018-02-09,12.715,12.576,12.715,12.347
2018-02-12,12.725,12.944,13.003,12.685
2018-02-13,13.013,12.944,13.083,12.884
2018-02-14,12.874,12.884,12.904,12.635
2018-02-22,12.794,13.043,13.123,12.794
2018-02-23,13.123,13.053,13.182,12.944
2018-02-26,13.163,13.501,13.531,13.063
2018-02-27,13.322,13.61,13.65,13.302
2018-02-28,13.381,14.008,14.754,13.352
2018-03-01,13.819,14.187,14.247,13.75
2018-03-02,14.108,13.919,14.337,13.849
2018-03-05,14.078,14.008,14.128,13.849
2018-03-06,14.078,14.128,14.128,13.929
2018-03-07,14.187,14.118,14.187,13.978
2018-03-08,14.098,14.227,14.237,13.998
2018-03-09,14.217,14.605,14.665,14.197
2018-03-12,14.744,14.894,15.421,14.705
2018-03-13,14.715,15.003,15.302,14.715
2018-03-14,14.933,14.625,15.073,14.615
2018-03-15,14.327,14.257,14.725,13.939
2018-03-16,14.277,14.138,14.396,14.128
2018-03-19,14.257,14.406,14.426,14.138
2018-03-20,14.406,14.386,14.426,14.148
2018-03-21,14.506,14.347,14.675,14.237
2018-03-22,14.337,14.645,14.645,14.157
2018-03-23,14.526,13.68,15.132,13.541
2018-03-26,13.352,13.879,13.958,12.705
2018-03-27,13.929,15.202,15.212,13.929
2018-03-28,14.933,15.132,15.322,14.605
2018-03-29,15.073,14.874,15.262,14.854
2018-03-30,15.023,15.371,15.411,14.774
2018-04-02,15.252,15.52,15.779,15.222
2018-04-03,15.222,15.123,15.232,14.924
2018-04-04,15.172,14.834,15.461,14.705
2018-04-09,14.685,14.864,15.202,14.446
2018-04-10,14.864,14.983,15.103,14.675
2018-04-11,14.963,15.302,15.421,14.963
2018-04-12,15.222,15.322,15.57,15.212
2018-04-13,15.371,15.839,15.889,15.331
2018-04-16,15.7,15.441,16.316,15.371
2018-04-17,15.52,14.824,15.62,14.784
2018-04-18,15.013,15.033,15.083,14.376
2018-04-19,14.874,14.764,15.103,14.764
2018-04-20,14.585,14.118,14.735,14.038
2018-04-23,13.73,13.829,14.476,13.65
2018-04-24,13.829,14.396,14.436,13.819
2018-04-25,14.327,14.705,14.735,14.277
2018-04-26,14.565,14.476,14.824,14.436
2018-04-27,14.575,14.943,15.222,14.486
2018-05-02,14.963,14.804,15.421,14.685
2018-05-03,15.212,14.844,15.212,14.038
2018-05-04,14.675,14.585,14.744,14.376
2018-05-07,14.635,15.172,15.212,14.635
2018-05-08,14.983,15.62,15.799,14.983
2018-05-09,15.53,16.267,16.287,15.441
2018-05-10,16.068,15.869,16.336,15.829
2018-05-11,15.948,16.316,17.461,15.63
2018-05-14,15.411,14.824,15.411,14.695
2018-05-15,14.904,15.212,15.331,14.705
2018-05-16,14.993,15.262,15.56,14.924
2018-05-17,15.142,15.182,15.421,14.993
2018-05-18,15.322,15.053,15.351,14.844
2018-05-21,15.222,15.272,15.471,15.063
2018-05-22,15.272,15.749,15.789,15.162
2018-05-23,15.67,15.729,15.998,15.55
2018-05-24,15.69,15.719,15.899,15.57
2018-05-25,15.71,15.92,15.95,15.5
