date,open,close,high,low
2016-02-17,19.373,19.982,19.982,16.365
2016-02-18,19.383,18.753,20.061,18.729
2016-02-19,18.332,18.094,18.704,17.638
2016-02-22,18.332,18.342,18.823,18.084
2016-02-23,18.506,17.832,18.53,17.604
2016-02-24,17.832,17.738,17.966,17.346
2016-02-25,17.673,15.964,17.871,15.964
2016-02-26,15.231,14.646,15.954,14.368
2016-02-29,14.562,13.179,14.562,13.179
2016-03-01,13.169,13.08,13.378,12.431
2016-03-02,13.08,13.66,13.858,13.08
2016-03-03,13.66,13.814,14.086,13.655
2016-03-04,13.506,12.565,13.799,12.491
2016-03-07,12.813,13.055,13.373,12.813
2016-03-08,13.06,13.293,13.303,12.248
2016-03-09,12.882,12.956,13.155,12.788
2016-03-10,13.051,14.254,14.254,13.051
2016-03-11,14.269,14.715,14.958,14.131
2016-03-14,14.859,14.448,15.409,14.373
2016-03-15,14.116,13.556,14.185,13.541
2016-03-16,13.833,13.135,13.942,12.857
2016-03-17,13.184,13.65,13.754,13.07
2016-03-18,13.65,14.126,14.319,13.625
2016-03-21,14.393,14.963,15.359,14.393
2016-03-22,14.909,15.117,15.26,14.641
2016-03-23,15.013,15.037,15.136,14.775
2016-03-24,14.874,14.998,15.572,14.373
2016-03-25,14.74,15.181,15.191,14.73
2016-03-28,15.211,14.75,15.672,14.666
2016-03-29,14.695,14.264,14.814,14.116
2016-03-30,14.418,15.092,15.127,14.418
2016-03-31,15.112,15.013,15.359,14.913
2016-04-01,14.894,14.616,15.087,14.418
2016-04-05,14.606,15.523,15.652,14.606
2016-04-06,17.004,17.074,17.074,16.628
2016-04-07,18.283,18.476,18.783,17.391
2016-04-08,18.079,17.594,18.084,17.098
2016-04-11,17.594,17.544,18.273,17.445
2016-04-12,17.425,17.084,17.525,16.846
2016-04-13,17.391,17.515,17.767,17.143
2016-04-14,17.49,17.52,17.638,17.198
2016-04-15,17.629,17.782,17.832,17.272
2016-04-18,17.629,17.108,17.629,17.044
2016-04-19,17.242,17.098,17.475,16.846
2016-04-20,17.138,15.785,17.207,15.657
2016-04-21,15.835,15.458,16.078,15.449
2016-04-22,15.231,15.627,15.781,15.231
2016-04-25,15.617,16.028,16.103,15.359
2016-04-26,16.053,16.073,16.251,15.8
2016-04-27,16.103,15.766,16.103,15.736
2016-04-28,15.761,15.706,15.914,14.958
2016-04-29,15.706,15.458,15.845,15.359
2016-05-03,15.488,15.929,15.954,15.414
2016-05-04,15.899,16.162,16.578,15.795
2016-05-05,16.162,16.499,16.593,16.033
2016-05-06,16.583,15.82,16.588,15.785
2016-05-09,15.657,14.963,15.657,14.899
2016-05-10,14.963,14.933,15.146,14.864
2016-05-11,14.963,14.844,15.27,14.666
2016-05-12,14.745,14.74,14.809,14.319
2016-05-13,14.735,14.864,14.988,14.676
2016-05-16,14.814,15.231,15.3,14.814
2016-05-17,15.359,15.359,15.607,15.171
2016-05-18,15.359,14.671,15.359,14.567
2016-05-19,14.636,14.913,15.112,14.636
2016-05-20,14.621,14.869,14.869,14.368
2016-05-23,14.963,15.136,15.146,14.859
2016-05-24,14.923,15.781,15.795,14.923
2016-05-25,15.944,16.737,16.965,15.8
2016-05-26,16.479,16.717,16.781,16.35
2016-05-27,16.648,17.103,17.222,16.41
2016-05-30,16.935,17.098,17.326,16.796
2016-05-31,17.089,17.604,17.728,16.796
2016-06-01,17.653,17.391,17.985,17.297
2016-06-02,17.307,17.748,17.876,17.098
2016-06-03,17.837,18.902,19.264,17.837
2016-06-06,19.378,18.332,19.378,18.243
2016-06-07,18.374,17.986,18.562,17.549
2016-06-08,17.738,17.241,17.787,17.062
2016-06-13,16.893,17.36,18.284,16.615
2016-06-14,16.982,18.712,19.089,16.575
2016-06-15,18.403,19.119,19.536,18.185
2016-06-16,18.92,18.076,18.97,17.996
2016-06-17,18.076,18.066,18.98,17.887
2016-06-20,18.056,18.632,18.702,17.41
2016-06-21,18.682,19.089,19.606,18.433
2016-06-22,18.89,18.94,19.139,18.533
2016-06-23,19.089,18.314,19.129,18.165
2016-06-24,18.245,19.725,20.142,17.927
2016-06-27,19.487,19.974,20.331,19.109
2016-06-28,19.834,19.805,19.954,19.377
2016-06-29,19.795,19.596,20.043,19.377
2016-06-30,19.854,19.685,20.52,19.576
2016-07-01,19.397,19.059,19.675,18.95
2016-07-04,19.268,19.198,19.377,18.97
2016-07-05,19.208,19.149,19.328,18.98
2016-07-06,19.039,19.268,19.497,19.02
2016-07-07,19.258,18.821,19.268,18.582
2016-07-08,18.652,18.702,18.96,18.533
2016-07-11,18.702,18.264,18.88,18.205
2016-07-12,18.384,18.066,18.384,17.291
2016-07-13,18.086,18.294,18.473,18.086
2016-07-14,18.374,18.394,18.553,18.235
2016-07-15,18.334,17.966,18.334,17.897
2016-07-18,18.155,18.235,18.423,17.589
2016-07-19,18.274,17.936,18.384,17.589
2016-07-20,17.986,17.927,18.056,17.807
2016-07-21,17.946,17.718,18.066,17.718
2016-07-22,17.708,17.42,17.857,17.39
2016-07-25,17.39,17.917,17.936,17.34
2016-07-26,17.897,18.056,18.115,17.887
2016-07-27,18.046,16.953,18.145,16.595
2016-07-28,16.963,16.694,17.092,16.506
2016-07-29,16.883,16.545,16.893,16.496
2016-08-01,16.665,16.307,16.665,16.058
2016-08-02,16.307,16.555,16.674,16.178
2016-08-03,16.595,16.645,16.674,16.386
2016-08-04,16.655,16.665,16.794,16.476
2016-08-05,16.694,16.496,16.744,16.396
2016-08-08,16.496,16.555,16.565,16.178
2016-08-09,16.684,16.784,16.853,16.545
2016-08-10,16.754,16.684,16.853,16.595
2016-08-11,16.625,16.337,16.714,16.307
2016-08-12,16.197,16.565,16.595,16.197
2016-08-15,16.565,16.824,16.943,16.366
2016-08-16,16.824,16.893,17.102,16.645
2016-08-17,16.853,16.992,16.992,16.714
2016-08-18,17.112,16.784,17.112,16.774
2016-08-19,16.764,16.873,17.072,16.724
2016-08-22,17.022,16.784,17.042,16.754
2016-08-23,16.784,16.764,16.933,16.625
2016-08-24,16.883,17.062,17.589,16.784
2016-08-25,17.052,17.708,17.837,16.694
2016-08-26,17.718,17.569,18.135,17.509
2016-08-29,17.658,17.44,17.768,17.34
2016-08-30,17.44,17.211,17.589,17.171
2016-08-31,17.241,18.493,18.811,17.241
2016-09-01,18.443,18.185,18.622,17.986
2016-09-02,18.165,17.787,18.304,17.628
2016-09-05,17.827,17.946,18.125,17.589
2016-09-06,17.986,18.274,18.314,17.638
2016-09-07,18.235,17.996,18.384,17.996
2016-09-08,17.986,17.887,18.105,17.787
2016-09-09,17.887,18.284,18.384,17.817
2016-09-12,17.887,16.585,18.026,16.545
2016-09-13,16.903,17.34,17.4,16.903
2016-09-14,17.34,17.261,17.589,17.221
2016-09-19,17.44,17.44,17.678,17.191
2016-09-20,17.44,17.271,17.579,17.241
2016-09-21,17.37,17.062,17.38,16.893
2016-09-22,17.191,17.161,17.271,17.002
2016-09-23,17.191,17.45,17.966,17.171
2016-09-26,17.479,16.973,17.628,16.963
2016-09-27,16.973,17.092,17.201,16.774
2016-09-28,17.092,16.963,17.261,16.893
2016-09-29,16.923,17.012,17.221,16.824
2016-09-30,17.002,17.271,17.37,16.923
2016-10-10,17.589,17.718,17.936,17.41
2016-10-11,17.996,17.797,18.076,17.688
2016-10-12,17.698,17.986,18.086,17.589
2016-10-13,18.364,18.284,18.493,18.026
2016-10-14,18.215,18.364,18.433,18.105
2016-10-17,18.602,18.682,19.477,18.483
2016-10-18,18.662,18.712,18.94,18.225
2016-10-19,18.731,18.841,19.208,18.413
2016-10-20,18.88,18.543,19.139,18.453
2016-10-21,18.582,18.364,18.602,18.165
2016-10-24,18.364,18.533,18.811,18.274
2016-10-25,18.483,18.433,18.632,18.274
2016-10-26,18.463,18.304,18.483,18.115
2016-10-27,18.314,18.324,18.562,18.205
2016-10-28,18.483,18.115,18.483,18.095
2016-10-31,18.185,19.049,19.208,18.115
2016-11-01,19.049,19.626,19.934,18.95
2016-11-02,19.477,19.338,19.606,19.149
2016-11-03,19.208,19.328,19.546,19.099
2016-11-04,19.179,19.208,19.427,19.179
2016-11-07,19.139,18.95,19.357,18.92
2016-11-08,19.159,19.407,19.507,18.98
2016-11-09,19.407,18.801,19.457,18.582
2016-11-10,18.89,20.679,20.679,18.89
2016-11-11,21.663,21.891,22.349,20.838
2016-11-14,21.872,21.265,21.931,21.067
2016-11-15,20.818,21.047,21.255,20.749
2016-11-16,21.116,21.663,21.693,20.769
2016-11-17,21.414,21.037,21.593,20.967
2016-11-18,20.977,21.136,21.454,20.947
2016-11-21,21.067,21.633,21.633,20.878
2016-11-22,21.762,21.414,21.961,21.216
2016-11-23,21.464,21.027,21.643,20.947
2016-11-24,20.888,20.371,21.345,20.262
2016-11-25,20.182,19.983,20.222,19.109
2016-11-28,20.013,19.457,20.013,19.338
2016-11-29,19.457,19.258,19.775,19.258
2016-11-30,19.328,19.487,19.695,18.88
2016-12-01,19.467,19.278,19.467,19.129
2016-12-02,19.377,18.811,19.377,18.791
2016-12-05,18.602,18.91,19.328,18.543
2016-12-06,19.228,19.228,19.278,18.96
2016-12-07,19.218,19.338,19.427,19.01
2016-12-08,19.377,18.93,19.377,18.9
2016-12-09,19.059,18.96,19.189,18.88
2016-12-12,18.96,17.112,19.179,17.062
2016-12-13,17.092,17.112,17.281,16.913
2016-12-14,17.122,16.694,17.171,16.496
2016-12-15,16.645,17.4,17.668,16.645
2016-12-16,17.4,17.618,17.748,17.31
2016-12-19,17.618,17.897,17.897,17.291
2016-12-20,17.718,18.026,18.771,17.718
2016-12-21,18.016,18.086,18.235,17.887
2016-12-22,17.927,18.046,18.185,17.827
2016-12-23,18.006,17.539,18.284,17.459
2016-12-26,17.589,18.284,18.284,17.4
2016-12-27,18.235,18.413,18.453,18.095
2016-12-28,18.304,18.036,18.413,17.787
2016-12-29,18.036,18.145,18.463,17.917
2016-12-30,18.235,17.976,18.235,17.927
2017-01-03,17.976,18.125,18.235,17.976
2017-01-04,18.095,18.364,18.374,18.056
2017-01-05,18.364,18.145,18.443,18.046
2017-01-06,18.086,18.374,18.384,18.056
2017-01-09,18.264,18.672,18.741,18.264
2017-01-10,18.682,18.135,18.682,18.135
2017-01-11,18.115,17.748,18.274,17.688
2017-01-12,17.748,17.539,18.036,17.499
2017-01-13,17.539,17.181,17.728,16.893
2017-01-16,17.251,16.277,17.291,15.711
2017-01-17,15.979,16.466,16.565,15.8
2017-01-18,16.317,16.197,16.555,15.979
2017-01-19,16.009,16.048,16.396,15.909
2017-01-20,16.048,16.575,16.665,15.989
2017-01-23,16.426,16.903,17.082,16.347
2017-01-24,16.804,16.833,17.191,16.625
2017-01-25,16.744,17.052,17.181,16.605
2017-01-26,17.112,17.191,17.281,17.042
2017-02-03,17.161,16.883,17.241,16.694
2017-02-06,16.883,17.42,17.479,16.734
2017-02-07,17.469,17.271,17.469,17.151
2017-02-08,17.261,17.39,17.43,17.102
2017-02-09,17.39,17.4,17.569,17.35
2017-02-10,17.459,17.589,17.688,17.3
2017-02-13,17.489,17.678,17.738,17.33
2017-02-14,17.688,17.529,17.688,17.42
2017-02-15,17.489,17.201,17.658,17.191
2017-02-16,17.181,17.33,17.33,17.032
2017-02-17,17.36,17.39,17.579,17.161
2017-02-20,17.459,17.569,17.857,17.459
2017-02-21,17.569,17.738,17.807,17.39
2017-02-22,17.618,17.599,17.817,17.499
2017-02-23,17.599,17.648,17.817,17.39
2017-02-24,17.658,17.877,17.877,17.589
2017-02-27,17.907,17.499,17.996,17.469
2017-02-28,17.499,17.648,17.678,17.44
2017-03-01,17.668,18.095,18.344,17.648
2017-03-02,18.135,17.787,18.324,17.688
2017-03-03,17.758,17.738,18.046,17.688
2017-03-06,17.718,18.115,18.145,17.708
2017-03-07,18.036,18.314,18.324,18.036
2017-03-08,18.284,18.135,18.334,17.996
2017-03-09,18.125,17.807,18.125,17.777
2017-03-10,17.857,17.907,18.066,17.857
2017-03-13,17.807,18.264,18.314,17.589
2017-03-14,18.264,17.917,18.294,17.887
2017-03-15,17.897,18.006,18.165,17.867
2017-03-16,17.976,18.274,18.284,17.976
2017-03-17,18.334,18.364,18.632,18.185
2017-03-20,18.364,18.553,18.632,18.215
2017-03-21,18.562,18.294,18.592,18.185
2017-03-22,18.185,18.423,18.433,18.125
2017-03-23,18.433,18.155,18.473,17.887
2017-03-24,18.165,17.976,18.175,17.768
2017-03-27,17.966,17.956,18.105,17.847
2017-03-28,17.986,17.768,18.036,17.718
2017-03-29,17.698,17.261,17.927,17.221
2017-03-30,17.36,16.665,17.36,16.615
2017-03-31,16.694,16.893,16.943,16.694
2017-04-05,17.191,17.519,17.738,17.191
2017-04-06,17.459,19.268,19.268,17.211
2017-04-07,19.576,21.196,21.196,19.437
2017-04-10,22.011,22.676,23.312,21.663
2017-04-11,21.891,22.498,23.601,21.563
2017-04-12,21.166,20.252,21.345,20.252
2017-04-13,19.626,20.292,20.669,19.596
2017-04-14,20.451,19.775,20.739,19.725
2017-04-17,18.88,17.797,19.377,17.797
2017-04-18,17.887,17.549,18.483,17.39
2017-04-19,17.867,18.135,18.334,17.579
2017-04-20,18.394,18.185,19.069,17.936
2017-04-21,17.877,17.092,18.066,16.903
2017-04-24,16.982,16.953,17.38,16.744
2017-04-25,17.052,17.241,17.758,16.992
2017-04-26,17.231,17.668,17.966,16.913
2017-04-27,17.31,17.31,17.648,16.992
2017-04-28,17.261,17.698,17.768,17.261
2017-05-02,17.579,19.467,19.467,17.509
2017-05-03,20.868,19.884,20.868,19.507
2017-05-04,19.854,20.142,21.325,19.03
2017-05-05,19.884,20.222,21.365,19.695
2017-05-08,19.954,18.94,20.351,18.582
2017-05-09,18.533,18.185,18.88,17.509
2017-05-10,18.225,17.241,18.712,17.241
2017-05-11,16.724,17.072,17.191,16.376
2017-05-12,16.863,17.3,17.609,16.814
2017-05-15,17.141,17.479,18.006,17.141
2017-05-16,17.251,19.228,19.228,17.201
2017-05-17,19.914,20.162,20.47,19.576
2017-05-18,19.874,20.282,22.18,19.824
2017-05-19,20.371,20.48,21.693,20.053
2017-05-22,21.365,21.881,22.527,20.928
2017-05-23,19.695,19.695,19.805,19.695
2017-05-24,17.728,18.721,18.97,17.728
2017-05-25,18.403,20.59,20.59,18.334
2017-05-26,20.898,21.643,22.498,20.341
2017-05-31,21.325,19.993,21.325,19.755
2017-06-01,20.172,19.675,21.653,19.367
2017-06-02,18.841,21.643,21.643,18.543
2017-06-05,21.742,22.16,22.676,21.116
2017-06-06,21.563,21.474,21.752,20.709
2017-06-07,21.166,22.1,22.557,20.778
2017-06-08,21.663,21.414,21.961,20.967
2017-06-09,21.196,21.931,23.064,21.196
2017-06-12,21.414,22.686,22.726,20.47
2017-06-13,22.329,23.332,24.644,22.199
2017-06-14,22.557,22.358,23.72,22.259
2017-06-15,21.901,21.971,22.816,21.673
2017-06-16,21.722,21.494,22.448,21.464
2017-06-19,21.265,20.977,21.424,20.58
2017-06-20,21.077,22.339,22.339,20.848
2017-06-21,21.961,21.872,22.448,21.722
2017-06-22,21.782,20.53,22.229,20.073
2017-06-23,20.361,21.176,21.285,19.775
2017-06-26,20.898,21.067,21.613,20.719
2017-06-27,20.868,20.53,21.166,20.282
2017-06-28,20.49,20.719,20.739,20.023
2017-06-29,20.719,20.52,21.017,20.451
2017-06-30,20.282,19.526,20.47,19.377
2017-07-03,19.507,19.725,19.834,19.377
2017-07-04,19.626,19.775,20.162,19.586
2017-07-05,19.596,19.487,19.983,19.079
2017-07-06,19.457,19.099,19.546,19.0
2017-07-07,19.139,18.721,19.417,18.692
2017-07-10,18.592,19.069,19.228,18.463
2017-07-11,18.851,18.086,19.02,18.056
2017-07-12,18.076,18.413,18.652,17.39
2017-07-13,18.284,17.887,18.284,17.718
2017-07-14,17.708,17.251,17.738,17.231
2017-07-17,17.072,15.522,17.072,15.522
2017-07-18,15.134,15.581,15.671,14.796
2017-07-19,15.403,15.482,15.522,15.015
2017-07-20,15.592,15.93,16.696,15.522
2017-07-21,15.721,15.602,16.219,15.582
2017-07-24,15.452,15.93,16.069,14.935
2017-07-25,15.85,15.622,16.02,15.522
2017-07-26,15.542,15.572,15.85,15.224
2017-07-27,15.502,16.039,16.079,15.373
2017-07-28,15.91,15.831,16.179,15.721
2017-07-31,15.87,15.681,16.079,15.632
2017-08-01,15.641,16.0,16.199,15.632
2017-08-02,16.03,16.238,16.537,15.522
2017-08-03,16.119,16.467,16.965,16.099
2017-08-04,16.388,15.96,16.527,15.94
2017-08-07,15.751,15.95,16.179,15.701
2017-08-08,16.079,16.059,16.428,15.96
2017-08-09,16.069,16.0,16.268,15.91
2017-08-10,15.94,15.333,16.149,15.323
2017-08-11,15.333,15.452,15.771,15.084
2017-08-14,15.522,16.01,16.069,15.522
2017-08-15,16.497,16.527,17.223,16.358
2017-08-16,16.348,16.517,16.816,16.298
2017-08-17,16.497,16.656,16.706,16.318
2017-08-18,16.587,16.527,17.005,16.497
2017-08-21,16.517,16.597,16.706,16.338
2017-08-22,16.607,16.119,16.696,16.099
2017-08-23,16.129,15.831,16.308,15.811
2017-08-24,15.721,15.731,16.02,15.651
2017-08-25,15.821,15.741,15.97,15.661
2017-08-28,15.761,16.179,16.209,15.761
2017-08-29,16.129,16.268,16.507,16.03
2017-08-30,16.318,16.248,16.487,16.149
2017-08-31,16.119,16.189,16.278,15.96
2017-09-01,16.179,16.119,16.298,16.059
2017-09-04,16.069,16.179,16.268,15.95
2017-09-05,16.179,16.03,16.248,15.98
2017-09-06,16.02,15.781,16.059,15.681
2017-09-07,15.811,15.761,15.99,15.741
2017-09-08,15.811,15.711,15.92,15.602
2017-09-11,15.711,15.87,15.89,15.632
2017-09-12,15.87,15.84,15.96,15.771
2017-09-13,16.607,16.358,16.885,16.298
2017-09-14,16.129,16.059,16.358,15.99
2017-09-15,16.129,16.238,16.318,16.039
2017-09-18,16.308,16.179,16.378,16.099
2017-09-19,16.248,15.89,16.248,15.86
2017-09-20,15.97,16.069,16.238,15.821
2017-09-21,16.049,15.821,16.069,15.821
2017-09-22,15.801,15.522,15.811,15.273
2017-09-25,15.492,15.184,15.492,15.154
2017-09-26,15.224,15.303,15.612,15.204
2017-09-27,15.472,15.343,15.472,15.313
2017-09-28,15.323,15.094,15.472,15.074
2017-09-29,15.154,15.353,15.393,15.154
2017-10-09,15.403,15.413,15.612,15.403
2017-10-10,15.442,15.761,15.771,15.383
2017-10-11,15.751,15.532,15.821,15.522
2017-10-12,15.532,15.343,15.671,15.194
2017-10-13,15.363,15.522,15.552,15.224
2017-10-16,15.532,15.184,15.562,15.064
2017-10-17,15.174,14.985,15.174,14.935
2017-10-18,15.104,14.955,15.174,14.945
2017-10-19,14.955,14.418,15.025,14.308
2017-10-20,14.418,14.477,14.507,14.298
2017-10-23,14.577,14.696,14.895,14.378
2017-10-24,14.686,14.557,14.706,14.497
2017-10-25,14.557,14.676,14.766,14.557
2017-10-26,14.696,16.149,16.149,14.646
2017-10-27,16.219,15.592,16.418,15.472
2017-10-30,15.303,15.721,16.129,15.124
2017-10-31,15.492,15.791,15.95,15.452
2017-11-01,15.731,15.9,16.039,15.492
2017-11-02,15.91,15.562,15.91,15.552
2017-11-03,15.532,15.273,15.781,15.184
2017-11-06,15.124,14.975,15.502,14.746
2017-11-07,14.965,15.074,15.174,14.855
2017-11-08,15.025,14.975,15.114,14.925
2017-11-09,14.835,15.084,15.084,14.726
2017-11-10,15.064,14.826,15.074,14.826
2017-11-13,14.845,14.726,14.925,14.656
2017-11-14,14.716,14.418,14.826,14.308
2017-11-15,14.418,14.477,14.617,14.328
2017-11-16,14.517,14.02,14.547,13.831
2017-11-17,14.0,12.915,14.02,12.637
2017-11-20,12.865,12.895,13.074,11.95
2017-11-21,12.736,12.467,12.895,12.308
2017-11-22,12.527,12.199,12.527,12.159
2017-11-23,12.189,11.771,12.278,11.771
2017-11-24,11.801,11.9,12.139,11.701
2017-11-27,11.94,12.0,12.338,11.86
2017-11-28,11.97,12.059,12.109,11.821
2017-11-29,12.0,11.89,12.069,11.681
2017-11-30,11.652,11.244,11.801,11.164
2017-12-01,11.244,11.343,11.492,11.164
2017-12-04,11.383,11.263,11.542,11.174
2017-12-05,11.403,10.766,11.403,10.716
2017-12-06,11.005,11.174,11.293,10.855
2017-12-07,11.094,11.094,11.263,10.955
2017-12-08,11.064,11.224,11.283,11.064
2017-12-11,11.214,11.303,11.363,11.184
2017-12-12,11.224,11.005,11.353,10.995
2017-12-13,11.015,11.164,11.214,10.995
2017-12-14,11.154,11.263,11.283,11.084
2017-12-15,11.174,11.462,11.572,11.144
2017-12-18,11.413,11.074,11.413,11.025
2017-12-19,11.094,11.064,11.204,11.025
2017-12-20,11.094,10.865,11.124,10.855
2017-12-21,10.885,10.607,10.965,10.249
2017-12-22,10.567,10.398,10.577,10.368
2017-12-25,10.418,10.199,10.597,10.119
2017-12-26,10.219,10.378,10.378,10.149
2017-12-27,10.338,10.378,10.537,10.338
2017-12-28,10.418,10.388,10.547,10.338
2017-12-29,10.348,10.567,10.597,10.338
2018-01-02,10.607,10.637,10.726,10.497
2018-01-03,10.666,11.701,11.701,10.666
2018-01-04,12.875,12.875,12.875,12.875
2018-01-05,13.333,13.532,14.0,13.035
2018-01-08,13.263,13.413,13.632,12.935
2018-01-09,13.134,13.144,13.423,13.054
2018-01-10,12.885,12.617,12.975,12.438
2018-01-11,12.358,12.557,12.607,12.169
2018-01-12,12.527,12.109,12.836,12.02
2018-01-15,12.059,11.98,12.368,11.661
2018-01-16,12.04,12.219,12.258,11.751
2018-01-17,12.139,12.428,12.806,11.661
2018-01-18,12.229,12.099,12.438,11.96
2018-01-19,12.02,12.249,12.368,11.86
2018-01-22,12.129,12.836,13.472,12.129
2018-01-23,12.686,12.836,13.234,12.447
2018-01-24,12.676,12.766,13.234,12.378
2018-01-25,12.666,13.263,14.039,12.587
2018-01-26,12.935,12.925,13.383,12.756
2018-01-29,12.925,12.517,13.114,12.438
2018-01-30,12.428,11.98,12.438,11.95
2018-01-31,11.502,10.786,11.502,10.786
2018-02-01,10.776,10.577,10.915,10.537
2018-02-02,10.318,10.776,10.895,10.298
2018-02-05,10.477,10.816,10.905,10.477
2018-02-06,10.547,9.761,10.875,9.731
2018-02-07,10.03,9.95,10.129,9.552
2018-02-08,9.831,10.06,10.388,9.831
2018-02-09,9.652,9.721,9.93,9.453
2018-02-12,9.791,10.069,10.139,9.791
2018-02-13,10.099,10.089,10.567,10.06
2018-02-14,10.06,10.109,10.209,9.96
2018-02-22,10.209,10.457,10.517,10.209
2018-02-23,10.945,10.577,11.144,10.557
2018-02-26,10.467,10.796,10.875,10.457
2018-02-27,10.796,10.836,10.905,10.587
2018-02-28,10.846,11.92,11.92,10.587
2018-03-01,11.731,12.059,12.219,11.542
2018-03-02,11.761,11.741,11.99,11.642
2018-03-05,11.731,11.542,11.781,11.452
2018-03-06,11.472,11.642,11.841,11.423
2018-03-07,11.592,11.532,11.711,11.413
2018-03-08,11.562,12.199,12.617,11.452
2018-03-09,12.169,12.179,12.388,11.87
2018-03-12,12.139,12.328,12.457,12.05
2018-03-13,12.239,11.94,12.288,11.94
2018-03-14,11.94,11.731,12.059,11.472
2018-03-15,11.562,11.9,11.91,11.502
2018-03-16,11.831,11.87,12.288,11.761
2018-03-19,11.88,12.079,12.239,11.741
2018-03-20,11.9,12.477,12.736,11.9
2018-03-21,12.388,12.069,12.438,12.03
2018-03-22,12.069,11.95,12.189,11.791
2018-03-23,11.443,10.756,11.532,10.756
2018-03-26,10.159,10.935,11.134,10.159
2018-03-27,11.124,11.214,11.353,11.045
2018-03-28,11.045,11.293,11.791,10.816
2018-03-29,11.482,11.562,11.741,11.144
2018-03-30,11.612,12.069,12.189,11.612
2018-04-02,11.96,11.93,12.229,11.841
2018-04-03,11.701,11.433,11.701,11.263
2018-04-04,11.492,11.244,11.671,11.224
2018-04-09,11.244,11.423,11.512,10.985
2018-04-10,11.293,11.054,11.333,10.915
2018-04-11,10.955,11.045,11.164,10.945
2018-04-12,10.995,10.875,11.104,10.846
2018-04-13,10.935,10.786,11.025,10.746
2018-04-16,10.786,10.836,10.915,10.557
2018-04-17,10.836,10.577,10.985,10.567
2018-04-18,10.726,10.607,10.736,10.129
2018-04-19,10.537,10.746,10.826,10.507
2018-04-20,10.885,10.497,10.885,10.477
2018-04-23,10.706,10.408,10.796,10.348
2018-04-24,10.338,10.527,10.607,10.338
2018-04-25,10.527,10.607,10.607,10.418
2018-04-26,10.617,9.98,10.617,9.801
2018-04-27,10.089,9.97,10.119,9.95
2018-05-02,10.05,9.721,10.05,9.662
2018-05-03,9.771,9.92,9.93,9.552
2018-05-04,9.94,9.94,10.069,9.851
2018-05-07,10.04,10.358,10.428,9.96
2018-05-08,10.428,10.428,10.448,10.278
2018-05-09,10.368,10.448,10.477,10.308
2018-05-10,10.587,10.537,10.587,10.438
2018-05-11,10.587,10.288,10.587,10.288
2018-05-14,10.278,10.169,10.328,10.139
2018-05-15,10.268,10.358,10.388,10.089
2018-05-16,10.318,10.298,10.438,10.179
2018-05-17,10.378,10.249,10.388,10.149
2018-05-18,10.229,10.338,10.348,10.179
2018-05-21,10.298,10.438,10.537,10.298
2018-05-22,10.069,10.189,10.219,9.831
2018-05-23,10.02,9.98,10.109,9.95
2018-05-24,9.91,10.09,10.17,9.91
2018-05-25,10.0,10.19,10.2,10.0
