date,open,close,high,low
2016-01-04,36.769,32.785,36.769,32.785
2016-01-05,30.554,31.368,33.446,29.693
2016-01-06,31.407,32.354,32.431,31.004
2016-01-07,31.818,29.137,31.818,29.118
2016-01-08,30.516,28.783,30.535,27.481
2016-01-11,28.228,25.901,28.228,25.901
2016-01-12,25.853,26.226,26.619,25.527
2016-01-13,26.504,25.384,26.906,25.384
2016-01-14,24.599,26.772,26.983,24.426
2016-01-15,26.81,25.125,27.136,24.915
2016-01-18,24.177,26.073,26.466,24.177
2016-01-19,26.073,27.289,27.385,25.872
2016-01-20,27.27,27.959,27.959,26.82
2016-01-21,27.395,27.95,29.204,27.107
2016-01-22,27.94,27.576,28.237,26.983
2016-01-25,27.72,27.72,28.199,27.529
2016-01-26,27.251,25.384,27.27,24.953
2016-01-27,25.374,25.719,26.15,23.938
2016-01-28,25.192,23.986,25.489,23.986
2016-01-29,24.321,25.556,25.863,23.526
2016-02-01,25.709,26.226,26.437,25.173
2016-02-02,26.226,27.012,27.414,25.853
2016-02-03,26.81,27.222,28.199,26.044
2016-02-04,27.768,27.289,27.768,27.079
2016-02-05,27.289,26.523,27.462,26.38
2016-02-15,25.441,26.15,26.408,24.905
2016-02-16,26.188,27.193,27.289,26.188
2016-02-17,27.002,27.615,27.624,26.983
2016-02-18,27.634,27.538,28.218,27.289
2016-02-19,27.308,28.151,28.419,27.308
2016-02-22,28.486,28.409,28.716,27.921
2016-02-23,28.18,27.586,28.189,27.318
2016-02-24,27.136,27.289,27.624,26.064
2016-02-25,26.897,24.56,27.289,24.56
2016-02-26,24.56,24.474,25.183,24.062
2016-02-29,24.417,22.128,24.417,22.023
2016-03-01,22.195,22.751,22.98,21.956
2016-03-02,22.885,23.718,23.871,22.607
2016-03-03,23.794,24.101,24.512,23.651
2016-03-04,24.129,23.134,24.129,22.664
2016-03-07,23.526,24.024,24.895,23.526
2016-03-08,24.225,24.608,24.694,22.511
2016-03-09,23.947,23.804,24.493,23.555
2016-03-10,23.823,23.766,24.302,23.66
2016-03-11,23.67,24.474,24.493,23.469
2016-03-14,24.532,26.102,26.313,24.532
2016-03-15,25.345,25.566,25.834,24.905
2016-03-16,25.843,25.298,26.332,24.943
2016-03-17,25.46,26.217,26.504,25.278
2016-03-18,26.399,27.203,27.28,26.217
2016-03-21,27.672,28.524,29.377,27.576
2016-03-22,27.959,27.873,28.046,27.481
2016-03-23,27.557,28.793,28.802,27.395
2016-03-24,29.635,29.97,31.311,29.204
2016-03-25,30.143,30.353,30.822,29.97
2016-03-28,30.631,29.74,31.263,29.587
2016-03-29,29.894,28.323,29.894,27.203
2016-03-30,28.706,31.158,31.158,28.333
2016-03-31,31.885,32.268,33.312,31.608
2016-04-01,32.173,33.542,35.39,31.186
2016-04-05,33.12,33.609,34.135,32.795
2016-04-06,32.852,32.067,33.111,31.569
2016-04-07,31.655,32.201,33.484,31.655
2016-04-08,31.866,31.062,31.914,30.765
2016-04-11,31.598,31.703,32.153,31.062
2016-04-12,31.933,31.292,32.546,31.033
2016-04-13,31.866,31.339,32.067,31.263
2016-04-14,31.359,31.885,32.038,31.359
2016-04-15,31.971,34.193,35.045,31.943
2016-04-18,33.666,32.651,33.791,32.556
2016-04-19,32.69,32.833,33.848,32.69
2016-04-20,32.919,30.162,33.226,29.559
2016-04-21,30.152,29.357,30.21,29.204
2016-04-22,28.419,29.884,30.162,28.419
2016-04-25,29.874,29.645,29.874,29.3
2016-04-26,29.204,29.673,29.798,28.917
2016-04-27,29.683,28.735,29.683,28.658
2016-04-28,29.204,27.969,29.204,27.002
2016-04-29,27.557,27.959,28.247,27.529
2016-05-03,28.228,28.888,28.946,27.548
2016-05-04,28.898,29.243,29.53,28.869
2016-05-05,29.386,30.047,30.085,28.936
2016-05-06,30.21,29.922,30.621,29.204
2016-05-09,28.965,27.806,29.865,27.768
2016-05-10,27.816,27.94,28.247,27.576
2016-05-11,28.342,27.624,28.342,27.615
2016-05-12,27.624,26.849,27.624,26.427
2016-05-13,26.427,27.079,27.203,26.341
2016-05-16,26.858,27.328,27.576,26.81
2016-05-17,27.509,27.653,27.864,27.241
2016-05-18,27.576,26.763,27.576,26.044
2016-05-19,27.174,26.82,27.576,26.734
2016-05-20,26.763,27.079,27.184,26.36
2016-05-23,27.184,27.433,27.596,26.629
2016-05-24,27.481,26.667,27.481,26.523
2016-05-25,26.724,26.619,27.098,26.523
2016-05-26,26.475,26.14,26.686,25.278
2016-05-27,26.12,26.382,26.479,26.004
2016-05-30,26.537,27.915,28.409,26.528
2016-05-31,27.216,28.855,28.972,27.216
2016-06-01,28.807,28.661,29.001,28.419
2016-06-02,28.691,28.933,29.137,28.516
2016-06-03,29.195,28.914,29.195,28.768
2016-06-06,28.914,28.39,29.079,28.206
2016-06-07,28.39,28.943,28.943,28.206
2016-06-08,29.195,29.68,30.941,29.079
2016-06-13,29.001,26.712,29.001,26.712
2016-06-14,26.208,26.208,26.469,25.781
2016-06-15,25.781,27.333,27.565,25.781
2016-06-16,27.342,27.342,27.886,27.158
2016-06-17,27.304,27.643,28.109,27.304
2016-06-20,27.643,28.691,28.739,27.177
2016-06-21,28.865,28.477,29.467,28.138
2016-06-22,28.138,29.234,29.311,28.08
2016-06-23,29.273,29.049,29.651,28.545
2016-06-24,29.049,28.516,29.302,27.43
2016-06-27,28.206,29.467,29.534,28.206
2016-06-28,29.583,30.068,30.504,29.185
2016-06-29,30.31,30.175,30.553,29.777
2016-06-30,30.262,30.291,30.727,29.825
2016-07-01,30.165,30.698,31.358,30.165
2016-07-04,30.543,31.135,31.426,30.165
2016-07-05,31.416,31.397,31.581,30.824
2016-07-06,31.135,32.027,32.687,30.989
2016-07-07,32.202,32.396,33.472,32.008
2016-07-08,31.959,31.62,32.628,31.348
2016-07-11,31.794,30.815,31.959,30.747
2016-07-12,30.698,30.96,31.038,29.874
2016-07-13,30.96,31.3,31.348,30.766
2016-07-14,31.523,31.853,32.202,31.416
2016-07-15,31.523,31.659,31.979,31.338
2016-07-18,31.697,31.3,31.697,30.873
2016-07-19,31.086,31.309,31.494,30.834
2016-07-20,31.154,32.105,32.396,31.154
2016-07-21,32.008,32.124,32.328,31.823
2016-07-22,32.008,32.144,32.25,31.872
2016-07-25,32.134,32.095,32.289,31.872
2016-07-26,32.027,32.231,32.386,31.911
2016-07-27,32.27,30.533,32.299,29.534
2016-07-28,30.126,30.543,30.815,30.126
2016-07-29,30.33,30.446,30.64,30.281
2016-08-01,30.262,30.349,30.349,29.631
2016-08-02,30.136,30.679,30.708,30.136
2016-08-03,30.689,30.776,30.863,30.553
2016-08-04,30.844,30.98,31.086,30.766
2016-08-05,30.98,30.727,31.135,30.611
2016-08-08,30.301,30.737,30.98,30.213
2016-08-09,30.737,30.883,30.941,30.727
2016-08-10,30.902,30.776,30.999,30.601
2016-08-11,30.757,30.417,30.844,30.407
2016-08-12,30.019,29.835,30.019,29.292
2016-08-15,29.68,30.407,30.436,29.534
2016-08-16,30.504,30.504,30.514,30.291
2016-08-17,30.504,30.514,30.553,30.33
2016-08-18,30.504,30.601,30.64,30.369
2016-08-19,30.65,30.533,31.329,30.533
2016-08-22,30.223,30.524,30.64,30.223
2016-08-23,30.407,30.689,30.766,30.398
2016-08-24,30.689,30.892,30.941,30.582
2016-08-25,30.795,31.047,31.232,30.291
2016-08-26,31.193,31.067,31.309,30.892
2016-08-29,30.989,30.96,31.377,30.95
2016-08-30,30.96,30.95,31.077,30.834
2016-08-31,31.009,30.844,31.009,30.708
2016-09-01,30.844,30.563,31.232,30.553
2016-09-02,30.398,30.417,30.65,30.087
2016-09-05,30.65,30.436,30.65,30.33
2016-09-06,30.553,30.854,30.883,30.33
2016-09-07,30.824,31.222,31.523,30.766
2016-09-08,31.222,31.513,31.62,31.096
2016-09-09,31.523,31.445,31.629,31.212
2016-09-12,30.95,31.794,31.998,30.873
2016-09-13,31.814,31.969,32.095,31.338
2016-09-14,31.717,31.775,31.901,31.552
2016-09-19,31.775,32.512,32.667,31.562
2016-09-20,32.318,33.094,33.56,32.279
2016-09-21,33.181,33.269,34.064,32.784
2016-10-10,32.396,31.571,32.396,30.165
2016-10-11,31.61,31.678,32.173,31.474
2016-10-12,31.523,31.891,32.027,31.28
2016-10-13,31.998,32.008,32.9,31.891
2016-10-14,32.008,32.396,32.464,31.697
2016-10-17,32.376,32.735,33.404,32.299
2016-10-18,32.502,32.949,33.152,32.347
2016-10-19,32.929,32.396,33.075,32.308
2016-10-20,32.454,33.337,33.404,32.202
2016-10-21,33.317,33.075,33.463,32.599
2016-10-24,33.036,32.978,33.21,32.687
2016-10-25,33.113,33.104,33.366,32.91
2016-10-26,33.152,32.803,33.152,32.493
2016-10-27,32.813,32.367,32.813,32.202
2016-10-28,32.396,32.337,32.687,32.279
2016-10-31,32.434,33.327,33.453,32.105
2016-11-01,33.269,36.663,36.663,33.269
2016-11-02,37.342,37.633,39.651,37.158
2016-11-03,37.401,38.729,40.427,37.401
2016-11-04,38.632,41.009,42.017,38.458
2016-11-07,40.543,40.126,40.902,39.466
2016-11-08,40.058,40.242,41.222,39.573
2016-11-09,39.767,39.185,39.816,38.322
2016-11-10,39.525,39.525,40.0,39.331
2016-11-11,39.185,39.961,40.737,39.049
2016-11-14,39.874,41.057,43.627,39.874
2016-11-15,41.028,41.193,42.192,40.553
2016-11-16,41.135,39.563,41.901,39.292
2016-11-17,39.525,38.303,39.757,37.827
2016-11-18,39.447,42.134,42.134,39.447
2016-11-21,43.647,46.343,46.343,43.162
2016-11-22,46.789,46.508,46.945,45.102
2016-11-23,45.616,44.665,45.839,43.792
2016-11-24,44.888,43.637,45.558,42.687
2016-11-25,42.822,42.677,43.181,41.251
2016-11-28,42.483,41.241,43.162,41.222
2016-11-29,41.028,40.65,42.192,40.562
2016-11-30,39.971,40.495,41.077,39.68
2016-12-01,40.495,39.961,41.028,39.961
2016-12-02,39.961,37.391,40.233,37.197
2016-12-05,37.226,37.633,37.953,36.76
2016-12-06,37.992,39.059,39.563,37.643
2016-12-07,38.797,39.35,39.379,38.535
2016-12-08,39.69,37.75,39.719,37.643
2016-12-09,37.633,38.535,38.991,37.352
2016-12-12,38.332,34.83,38.632,34.743
2016-12-13,34.821,35.208,35.868,34.491
2016-12-14,35.102,35.111,36.062,34.539
2016-12-15,34.782,35.742,36.683,34.782
2016-12-16,35.693,36.023,36.178,35.402
2016-12-19,35.703,35.325,36.169,34.937
2016-12-20,35.325,36.072,36.081,35.034
2016-12-21,36.275,36.819,36.848,35.616
2016-12-22,36.615,36.285,36.722,36.081
2016-12-23,36.285,35.111,36.566,35.092
2016-12-26,34.995,35.626,35.79,33.938
2016-12-27,35.596,35.955,36.353,35.567
2016-12-28,35.732,35.577,36.343,35.402
2016-12-29,35.305,35.208,35.936,35.141
2016-12-30,35.044,34.374,35.383,34.365
2017-01-03,34.297,34.665,34.685,34.19
2017-01-04,34.869,35.16,35.354,34.433
2017-01-05,35.296,35.15,35.635,35.005
2017-01-06,35.034,34.627,35.732,34.53
2017-01-09,34.568,33.657,34.597,33.21
2017-01-10,33.598,33.88,34.045,32.978
2017-01-11,33.851,33.123,34.045,33.084
2017-01-12,33.191,32.095,33.366,32.017
2017-01-13,32.153,32.153,32.764,31.523
2017-01-16,32.008,29.117,32.318,28.943
2017-01-17,28.758,29.777,30.048,28.244
2017-01-18,29.748,28.652,29.777,28.623
2017-01-19,28.516,28.758,29.04,27.643
2017-01-20,28.613,29.108,29.467,28.467
2017-01-23,29.195,29.467,29.631,29.108
2017-01-24,29.583,29.059,29.583,28.71
2017-01-25,29.205,29.554,29.631,28.991
2017-01-26,29.651,29.981,30.145,29.554
2017-02-03,30.058,29.146,30.058,29.02
2017-02-06,29.292,30.0,30.058,29.156
2017-02-07,30.145,30.0,30.262,29.709
2017-02-08,30.068,30.242,30.242,29.583
2017-02-09,30.349,30.698,30.815,30.145
2017-02-10,30.844,30.262,30.844,30.223
2017-02-13,30.514,30.776,30.999,30.087
2017-02-14,30.873,30.63,30.873,30.456
2017-02-15,30.757,30.407,30.989,30.388
2017-02-16,30.456,30.427,30.65,30.068
2017-02-17,30.65,30.854,31.125,30.349
2017-02-20,30.815,31.406,31.814,30.65
2017-02-21,31.474,31.406,31.62,31.212
2017-02-22,31.309,31.571,31.678,31.251
2017-02-23,31.581,31.445,31.62,31.038
2017-02-24,31.212,31.523,31.591,31.203
2017-02-27,31.513,30.883,31.523,30.844
2017-02-28,30.941,30.97,31.086,30.747
2017-03-01,31.038,32.929,32.929,30.863
2017-03-02,32.008,31.853,32.396,31.659
2017-03-03,31.882,32.202,32.667,31.532
2017-03-06,32.357,32.774,32.842,32.105
2017-03-07,32.832,32.735,32.968,32.59
2017-03-08,32.687,32.085,32.774,31.843
2017-03-09,32.279,31.765,32.279,31.629
2017-03-10,31.775,31.92,32.134,31.765
2017-03-13,31.862,32.628,32.735,31.862
2017-03-14,32.502,32.347,32.735,32.182
2017-03-15,32.25,32.357,32.473,32.066
2017-03-16,32.357,33.327,33.851,32.357
2017-03-17,33.327,33.657,34.597,33.075
2017-03-20,33.754,34.18,34.18,33.133
2017-03-21,34.035,33.831,34.142,33.676
2017-03-22,33.754,33.56,33.918,33.152
2017-03-23,33.55,34.268,34.627,33.395
2017-03-24,34.384,34.122,34.394,33.763
2017-03-27,33.967,33.492,34.19,33.327
2017-03-28,33.346,33.434,33.637,33.191
2017-03-29,33.56,31.455,33.579,31.455
2017-03-30,31.426,29.971,31.426,29.874
2017-03-31,29.971,30.039,30.436,29.816
2017-04-05,30.039,30.824,30.883,30.039
2017-04-06,30.747,31.115,31.911,30.747
2017-04-07,31.144,31.106,31.474,31.067
2017-04-10,30.989,29.185,31.271,29.166
2017-04-11,28.982,29.525,29.796,28.904
2017-04-12,29.37,29.127,29.573,29.108
2017-04-13,29.127,29.214,29.563,29.088
2017-04-14,29.292,28.71,29.486,28.613
2017-04-17,28.128,27.983,28.477,27.721
2017-04-18,27.963,27.701,28.516,27.653
2017-04-19,27.662,27.381,27.963,26.741
2017-04-20,27.478,26.654,27.604,26.314
2017-04-21,26.79,26.838,27.255,26.576
2017-04-24,26.566,26.596,26.877,26.334
2017-04-25,26.246,25.8,26.479,25.49
2017-04-26,25.703,25.839,25.858,25.577
2017-04-27,25.8,26.499,26.663,25.558
2017-04-28,26.499,26.489,26.663,26.343
2017-05-02,26.479,26.44,26.557,26.217
2017-05-03,26.479,26.537,26.809,26.188
2017-05-04,26.576,26.528,26.741,26.285
2017-05-05,26.469,26.44,26.76,26.334
2017-05-08,26.334,25.558,26.479,25.509
2017-05-09,25.024,25.723,25.946,25.015
2017-05-10,25.713,25.102,25.984,25.102
2017-05-11,25.044,24.665,25.044,23.88
2017-05-12,24.627,24.365,24.908,24.151
2017-05-15,24.365,24.355,24.636,24.268
2017-05-16,24.355,25.267,25.267,24.2
2017-05-17,25.247,25.49,25.897,25.218
2017-05-18,25.247,25.49,25.752,25.141
2017-05-19,25.48,25.276,25.655,25.247
2017-05-22,25.47,24.258,25.47,24.132
2017-05-23,24.306,22.706,24.433,22.318
2017-05-24,22.725,22.929,23.133,21.92
2017-05-25,22.929,22.929,23.162,22.338
2017-05-26,22.842,22.987,23.162,22.842
2017-05-31,23.521,22.997,23.744,22.9
2017-06-01,22.987,21.746,23.016,21.736
2017-06-02,22.182,22.405,22.57,21.387
2017-06-05,22.464,22.929,23.123,22.464
2017-06-06,22.929,22.939,22.968,22.58
2017-06-07,22.939,23.637,23.792,22.89
2017-06-08,23.705,23.725,24.161,23.443
2017-06-09,23.763,23.831,23.88,23.385
2017-06-12,23.608,23.036,23.608,22.842
2017-06-13,23.24,24.083,24.083,22.978
2017-06-14,24.442,25.218,26.489,24.403
2017-06-15,24.937,25.887,26.188,24.782
2017-06-16,25.606,25.519,25.887,25.422
2017-06-19,25.558,26.188,26.489,25.519
2017-06-20,26.286,25.823,26.454,25.627
2017-06-21,25.991,25.705,25.991,25.203
2017-06-22,25.597,24.908,25.745,24.78
2017-06-23,25.154,26.582,27.399,25.026
2017-06-26,27.359,27.665,28.403,26.788
2017-06-27,27.615,27.369,28.009,27.172
2017-06-28,27.369,26.906,27.615,26.867
2017-06-29,27.034,27.221,27.665,26.926
2017-06-30,27.271,26.946,27.271,26.611
2017-07-03,26.759,26.946,27.172,26.483
2017-07-04,26.769,26.483,26.926,26.296
2017-07-05,26.65,27.025,27.153,26.483
2017-07-06,26.828,26.473,27.074,26.296
2017-07-07,26.966,27.172,27.645,26.926
2017-07-10,26.631,25.981,26.877,25.784
2017-07-11,26.178,24.898,26.178,24.898
2017-07-12,24.947,25.41,25.41,24.494
2017-07-13,25.302,25.351,25.528,25.124
2017-07-14,25.056,24.888,25.479,24.613
2017-07-17,24.288,22.466,24.701,22.427
2017-07-18,22.348,23.047,23.283,22.338
2017-07-19,22.772,23.165,23.283,22.772
2017-07-20,23.215,23.047,23.746,23.018
2017-07-21,22.85,23.234,23.411,22.85
2017-07-24,23.047,23.48,23.48,22.781
2017-07-25,23.421,23.461,23.628,23.234
2017-07-26,23.392,23.293,23.589,23.215
2017-07-27,23.293,24.298,24.465,23.155
2017-07-28,24.298,24.051,24.485,24.032
2017-07-31,23.825,24.219,24.317,23.825
2017-08-01,24.416,24.189,24.416,24.022
2017-08-02,24.189,23.599,24.268,23.411
2017-08-03,23.579,24.002,24.189,23.5
2017-08-04,24.002,23.559,24.091,23.51
2017-08-07,23.234,23.677,23.963,23.185
2017-08-08,23.589,23.982,24.071,23.451
2017-08-09,23.973,24.051,24.219,23.923
2017-08-10,24.022,23.52,24.051,23.431
2017-08-11,23.431,23.382,23.667,23.264
2017-08-14,23.608,23.982,23.982,23.392
2017-08-15,24.081,24.071,24.101,23.845
2017-08-16,24.13,24.425,24.672,23.933
2017-08-17,24.416,24.524,24.593,24.317
2017-08-18,24.524,24.475,24.524,24.248
2017-08-21,24.514,25.036,25.105,24.337
2017-08-22,25.056,24.563,25.065,24.514
2017-08-23,24.386,24.022,24.416,23.608
2017-08-24,23.982,23.648,24.071,23.628
2017-08-25,23.825,24.022,24.101,23.539
2017-08-28,24.022,24.386,24.475,23.963
2017-08-29,24.416,24.465,24.622,24.219
2017-08-30,24.347,24.298,24.75,24.268
2017-08-31,24.504,24.711,24.711,24.298
2017-09-01,24.819,24.76,24.859,24.514
2017-09-04,24.76,24.711,24.967,24.514
2017-09-05,24.908,25.154,25.302,24.662
2017-09-06,25.065,25.006,25.233,24.691
2017-09-07,25.154,25.144,25.794,24.918
2017-09-08,25.144,24.997,25.282,24.819
2017-09-11,24.741,25.558,25.666,24.741
2017-09-12,25.587,25.095,25.696,24.918
2017-09-13,25.548,25.302,25.548,25.016
2017-09-14,25.302,24.997,25.508,24.869
2017-09-15,24.928,24.77,25.233,24.701
2017-09-18,24.78,24.888,24.947,24.613
2017-09-19,24.967,25.056,25.105,24.76
2017-09-20,25.597,26.286,27.369,25.587
2017-09-21,25.981,25.617,26.365,25.597
2017-09-22,25.617,25.636,25.991,25.302
2017-09-25,25.971,24.977,25.971,24.819
2017-09-26,25.361,24.829,25.361,24.494
2017-09-27,24.711,25.095,25.184,24.662
2017-09-28,24.957,25.351,25.538,24.76
2017-09-29,25.243,25.666,25.784,25.203
2017-10-09,25.715,25.597,26.04,25.528
2017-10-10,25.607,25.951,26.188,25.528
2017-10-11,26.06,25.696,26.06,25.351
2017-10-12,25.636,25.548,25.804,25.331
2017-10-13,25.518,25.991,26.7,25.42
2017-10-16,25.902,25.479,26.04,25.056
2017-10-17,25.577,25.39,25.577,25.134
2017-10-18,25.4,25.105,25.459,24.652
2017-10-19,25.036,24.829,25.036,24.189
2017-10-20,24.691,24.869,24.908,24.425
2017-10-23,24.809,25.105,25.252,24.672
2017-10-24,24.918,24.534,25.085,24.298
2017-10-25,24.809,24.859,24.859,24.583
2017-10-26,24.849,25.252,25.252,24.691
2017-10-27,25.272,25.371,25.696,25.046
2017-10-30,25.282,24.76,25.44,24.445
2017-10-31,24.613,24.711,24.839,24.494
2017-11-01,24.79,24.553,24.987,24.524
2017-11-02,24.494,24.219,24.652,23.923
2017-11-03,24.317,23.648,24.317,23.313
2017-11-06,23.628,23.776,23.904,23.49
2017-11-07,23.805,23.687,23.805,23.431
2017-11-08,23.707,23.727,23.914,23.49
2017-11-09,23.628,24.042,24.061,23.628
2017-11-10,23.923,24.071,24.209,23.854
2017-11-13,24.12,24.357,24.613,23.884
2017-11-14,24.258,24.032,24.455,23.973
2017-11-15,24.416,24.524,25.39,24.386
2017-11-16,24.268,24.406,24.77,24.229
2017-11-17,24.494,23.136,24.494,22.693
2017-11-20,23.234,22.693,23.234,22.555
2017-11-21,22.781,22.594,23.087,21.846
2017-11-22,22.289,22.319,22.634,22.151
2017-11-23,22.329,22.21,22.348,21.984
2017-11-24,22.26,22.151,22.26,21.925
2017-11-27,21.954,21.817,21.954,21.708
2017-11-28,21.807,22.092,22.102,21.738
2017-11-29,22.082,21.994,22.201,21.698
2017-11-30,22.21,21.964,22.21,21.856
2017-12-01,21.876,22.033,22.092,21.767
2017-12-04,21.689,20.36,21.738,20.232
2017-12-05,20.212,19.513,20.507,19.208
2017-12-06,19.513,19.523,19.69,19.011
2017-12-07,19.513,19.395,19.513,19.277
2017-12-08,19.395,19.533,19.651,19.336
2017-12-11,19.405,19.651,19.67,19.405
2017-12-12,19.631,18.932,19.641,18.932
2017-12-13,18.706,19.198,19.257,18.518
2017-12-14,19.277,19.198,19.345,18.981
2017-12-15,19.257,19.178,19.336,19.011
2017-12-18,19.414,18.863,19.414,18.784
2017-12-19,19.07,19.217,19.326,18.991
2017-12-20,19.109,18.774,19.237,18.735
2017-12-21,18.765,18.627,18.883,18.391
2017-12-22,18.587,18.784,18.804,18.548
2017-12-25,18.824,18.4,18.843,17.938
2017-12-26,18.489,18.646,18.863,18.253
2017-12-27,18.706,18.952,19.08,18.666
2017-12-28,18.853,19.237,19.434,18.804
2017-12-29,18.902,19.149,19.326,18.902
2018-01-02,19.336,19.365,19.464,19.011
2018-01-03,19.296,19.631,19.789,19.06
2018-01-04,20.182,19.7,20.182,19.651
2018-01-05,19.542,19.71,19.739,19.513
2018-01-08,19.71,19.385,19.71,19.237
2018-01-09,19.542,19.375,19.542,19.129
2018-01-10,19.395,19.296,19.395,19.001
2018-01-11,19.296,19.444,19.533,19.247
2018-01-12,19.444,19.454,19.542,19.158
2018-01-15,19.09,18.312,19.375,18.213
2018-01-16,18.587,18.331,18.587,18.174
2018-01-17,18.459,18.066,18.469,17.376
2018-01-18,18.036,18.056,18.361,17.829
2018-01-19,18.066,17.888,18.253,17.849
2018-01-22,17.977,18.066,18.144,17.426
2018-01-23,17.938,17.908,18.164,17.869
2018-01-24,17.908,18.253,18.361,17.869
2018-01-25,18.203,18.125,18.459,18.125
2018-01-26,18.164,18.085,18.243,17.82
2018-01-29,18.036,17.859,18.075,17.603
2018-01-30,17.701,17.839,17.888,17.672
2018-01-31,17.623,18.016,18.45,17.436
2018-02-01,17.632,17.111,17.8,16.756
2018-02-02,16.884,16.53,16.884,16.244
2018-02-05,16.343,15.919,16.343,15.9
2018-02-06,15.673,14.768,15.673,14.571
2018-02-07,14.856,14.984,15.201,14.423
2018-02-08,14.984,15.122,15.181,14.531
2018-02-09,14.748,14.728,14.935,14.492
2018-02-12,14.787,15.152,15.27,14.787
2018-02-13,15.201,15.112,15.506,15.063
2018-02-14,15.211,14.964,15.22,14.964
2018-02-22,15.161,15.181,15.417,15.063
2018-02-23,15.092,15.358,15.417,15.092
2018-02-26,15.427,16.008,16.244,15.388
2018-02-27,15.9,16.018,16.244,15.9
2018-02-28,15.919,16.087,16.244,15.919
2018-03-01,16.185,16.461,16.569,15.998
2018-03-02,16.294,16.441,16.609,16.244
2018-03-05,16.441,16.471,16.54,16.136
2018-03-06,16.313,16.618,16.845,16.313
2018-03-07,16.54,16.599,16.687,16.461
2018-03-08,16.628,16.963,18.046,16.618
2018-03-09,16.933,17.465,17.485,16.894
2018-03-12,17.524,17.997,18.036,17.495
2018-03-13,17.997,17.721,18.085,17.603
2018-03-14,17.721,17.376,17.957,17.337
2018-03-15,17.258,17.475,17.504,16.786
2018-03-16,17.376,17.524,17.603,17.239
2018-03-19,17.406,17.879,18.056,17.406
2018-03-20,17.721,18.656,18.932,17.662
2018-03-21,18.568,18.312,18.686,18.194
2018-03-22,18.331,18.853,19.08,18.331
2018-03-23,18.41,17.642,18.804,17.308
2018-03-26,17.692,18.784,18.843,17.692
2018-03-27,19.03,19.188,19.661,19.03
2018-03-28,17.278,17.721,18.144,17.278
2018-03-29,17.426,17.347,17.82,17.229
2018-03-30,17.347,17.987,18.016,17.288
2018-04-02,18.331,18.007,18.331,17.8
2018-04-03,17.82,18.125,18.203,17.741
2018-04-04,18.144,17.79,18.371,17.544
2018-04-09,17.524,17.672,17.751,17.278
2018-04-10,17.682,17.751,17.82,17.416
2018-04-11,17.918,17.888,17.957,17.593
2018-04-12,17.849,17.603,18.007,17.544
2018-04-13,17.751,17.426,17.76,17.337
2018-04-16,17.504,17.071,17.504,16.835
2018-04-17,16.835,16.5,17.16,16.244
2018-04-18,16.422,16.589,16.677,16.047
2018-04-19,16.599,16.559,16.648,16.362
2018-04-20,16.372,16.175,16.628,15.959
2018-04-23,16.146,16.018,16.303,15.87
2018-04-24,16.156,16.372,16.392,15.949
2018-04-25,16.402,16.451,16.589,16.244
2018-04-26,16.294,16.323,16.422,15.9
2018-04-27,16.333,16.126,16.333,15.959
2018-05-02,15.939,15.998,16.175,15.929
2018-05-03,16.018,16.323,16.333,15.821
2018-05-04,16.353,16.343,16.49,16.244
2018-05-07,16.343,16.53,16.589,16.225
2018-05-08,16.589,16.776,16.933,16.402
2018-05-09,16.805,16.904,17.111,16.737
2018-05-10,16.796,17.052,17.091,16.786
2018-05-11,17.061,16.786,17.199,16.638
2018-05-14,16.786,16.579,16.805,16.549
2018-05-15,16.49,16.973,17.032,16.49
2018-05-16,16.973,16.943,17.327,16.904
2018-05-17,16.933,16.953,17.061,16.874
2018-05-18,16.933,17.052,17.16,16.884
2018-05-21,17.121,17.239,17.386,17.081
2018-05-22,17.14,17.18,17.278,17.042
2018-05-23,17.33,16.86,17.34,16.85
2018-05-24,16.88,16.86,16.95,16.8
2018-05-25,16.89,16.77,16.89,16.61
