date,open,close,high,low
2016-01-04,50.548,45.492,51.373,45.492
2016-01-05,42.018,45.423,46.748,42.018
2016-01-06,45.26,46.866,47.222,44.024
2016-01-07,45.967,42.403,45.967,42.181
2016-01-08,43.244,42.25,44.568,39.784
2016-01-11,40.367,38.025,41.702,38.025
2016-01-12,38.054,38.361,39.438,36.582
2016-01-13,38.549,35.524,39.043,35.227
2016-01-14,34.249,38.163,38.301,33.661
2016-01-15,37.313,36.3,38.292,35.89
2016-01-18,34.595,37.516,38.247,34.348
2016-01-19,37.056,38.944,39.142,36.621
2016-01-20,38.791,39.339,40.861,38.356
2016-01-21,38.771,37.066,40.624,37.066
2016-01-22,37.461,38.786,39.231,36.952
2016-01-25,39.349,39.043,40.021,38.549
2016-01-26,38.549,35.139,38.781,35.139
2016-01-27,34.644,35.381,36.033,32.519
2016-01-28,34.684,31.862,35.084,31.842
2016-01-29,31.956,33.849,34.372,31.298
2016-02-01,33.755,33.384,34.496,31.699
2016-02-02,33.844,34.822,35.277,33.117
2016-02-03,34.19,34.872,35.035,34.002
2016-02-04,35.267,35.88,36.463,34.891
2016-02-05,36.275,35.504,36.275,35.489
2016-02-15,33.305,34.842,35.381,33.305
2016-02-16,34.793,38.104,38.301,34.793
2016-02-17,37.649,38.064,38.445,37.125
2016-02-18,38.104,38.069,39.132,37.812
2016-02-19,38.094,38.944,39.339,37.56
2016-02-22,39.29,39.413,39.488,38.554
2016-02-23,39.043,38.326,39.334,37.679
2016-02-24,38.044,37.091,38.39,35.484
2016-02-25,37.002,33.384,37.061,33.384
2016-02-26,33.557,33.824,34.501,32.707
2016-02-29,33.359,30.443,33.602,30.443
2016-03-01,30.631,31.022,31.699,29.727
2016-03-02,31.022,32.559,32.905,30.671
2016-03-03,32.144,32.42,33.384,32.139
2016-03-04,32.119,29.994,32.173,29.801
2016-03-07,30.641,30.666,31.615,30.285
2016-03-08,30.394,30.893,31.121,28.259
2016-03-09,29.663,30.295,31.081,29.603
2016-03-10,30.389,29.954,30.864,29.692
2016-03-11,29.653,30.389,30.641,29.173
2016-03-14,30.829,32.272,33.004,30.829
2016-03-15,31.976,31.649,32.331,31.536
2016-03-16,32.06,30.893,32.569,30.691
2016-03-17,31.382,33.068,33.354,31.155
2016-03-18,33.211,35.425,35.746,33.107
2016-03-21,36.349,35.83,37.066,35.43
2016-03-22,35.825,35.791,36.517,35.089
2016-03-23,35.628,36.473,36.557,35.628
2016-03-24,36.107,36.616,38.445,35.83
2016-03-25,36.483,36.023,37.007,35.148
2016-03-28,36.078,35.825,37.387,35.583
2016-03-29,35.702,34.644,36.058,34.353
2016-03-30,35.139,36.992,37.002,34.857
2016-03-31,38.45,40.693,40.693,38.203
2016-04-01,40.674,40.525,42.305,39.562
2016-04-05,40.812,41.02,41.163,39.586
2016-04-06,40.871,41.385,41.519,40.318
2016-04-07,42.008,40.224,42.492,40.076
2016-04-08,39.577,39.488,39.898,38.801
2016-04-11,39.389,41.02,41.183,39.152
2016-04-12,41.02,39.29,41.118,38.549
2016-04-13,39.581,39.784,40.96,39.532
2016-04-14,40.036,41.786,41.835,40.036
2016-04-15,41.707,41.361,42.255,40.728
2016-04-18,41.02,42.893,43.718,40.12
2016-04-19,42.873,43.095,43.787,42.112
2016-04-20,43.481,42.443,45.072,40.525
2016-04-21,41.835,39.058,42.245,38.563
2016-04-22,37.881,37.807,38.059,36.221
2016-04-25,36.987,36.908,37.451,35.88
2016-04-26,36.819,37.649,37.659,36.423
2016-04-27,37.56,36.853,37.797,36.844
2016-04-28,37.007,36.992,37.046,35.539
2016-04-29,36.587,36.75,37.244,36.438
2016-05-03,36.809,38.257,38.361,36.374
2016-05-04,38.227,38.227,39.24,37.847
2016-05-05,38.549,39.236,39.433,38.292
2016-05-06,39.142,37.56,40.525,37.56
2016-05-09,37.066,35.83,37.066,35.588
2016-05-10,35.806,36.013,36.463,35.806
2016-05-11,36.166,35.094,36.349,34.842
2016-05-12,34.343,34.743,34.743,33.606
2016-05-13,34.728,34.649,35.672,34.639
2016-05-16,34.649,35.732,35.88,34.348
2016-05-17,35.83,35.895,36.369,35.633
2016-05-18,35.628,34.333,35.628,33.631
2016-05-19,34.832,34.985,35.781,34.748
2016-05-20,34.634,35.993,36.008,34.101
2016-05-23,36.344,37.832,38.252,36.315
2016-05-24,37.807,36.957,37.807,36.478
2016-05-25,37.658,36.469,37.658,35.963
2016-05-26,36.072,38.431,38.877,36.072
2016-05-27,38.53,37.846,39.442,37.737
2016-05-30,37.648,37.975,39.145,37.103
2016-05-31,38.163,39.937,40.116,38.154
2016-06-01,39.967,39.848,41.057,39.69
2016-06-02,39.848,39.987,40.254,39.392
2016-06-03,40.383,40.542,40.899,39.838
2016-06-06,40.631,40.532,42.484,40.155
2016-06-07,40.651,40.77,41.027,39.729
2016-06-08,40.889,40.106,41.008,39.848
2016-06-13,39.145,36.092,39.164,36.092
2016-06-14,36.152,36.023,36.439,35.557
2016-06-15,35.646,37.757,38.342,35.646
2016-06-16,37.945,37.648,38.154,37.212
2016-06-17,37.45,38.877,39.036,37.45
2016-06-20,38.5,39.818,40.007,38.5
2016-06-21,40.017,38.163,40.334,37.559
2016-06-22,38.263,39.838,40.116,38.163
2016-06-23,40.294,39.818,41.622,39.62
2016-06-24,39.511,40.354,40.938,37.182
2016-06-27,40.136,42.266,42.266,39.818
2016-06-28,41.751,42.514,43.535,41.622
2016-06-29,42.217,42.464,42.811,41.751
2016-06-30,42.425,41.682,42.593,41.503
2016-07-01,41.701,41.88,42.861,41.701
2016-07-04,41.444,42.564,43.0,41.424
2016-07-05,42.782,42.484,43.089,41.929
2016-07-06,42.415,43.138,43.406,42.018
2016-07-07,43.099,44.506,45.091,42.811
2016-07-08,44.417,46.379,47.182,43.763
2016-07-11,45.675,43.515,46.874,43.515
2016-07-12,43.317,43.287,43.961,40.909
2016-07-13,43.089,43.693,44.1,42.742
2016-07-14,43.515,43.505,43.882,43.109
2016-07-15,43.168,42.722,43.564,42.395
2016-07-18,42.663,43.089,43.703,42.167
2016-07-19,43.059,43.644,43.703,42.692
2016-07-20,43.802,43.604,44.387,43.555
2016-07-21,43.703,43.921,45.289,43.703
2016-07-22,43.594,42.514,44.248,42.504
2016-07-25,42.018,41.959,42.791,41.741
2016-07-26,41.979,43.109,43.198,41.959
2016-07-27,43.029,40.314,43.515,39.7
2016-07-28,40.334,40.76,41.305,39.858
2016-07-29,40.74,40.324,40.909,39.868
2016-08-01,40.314,39.452,40.314,38.183
2016-08-02,39.541,39.719,39.838,38.718
2016-08-03,39.561,39.878,39.908,39.254
2016-08-04,39.868,40.928,40.928,39.789
2016-08-05,40.928,40.958,41.216,40.393
2016-08-08,40.433,41.047,41.127,40.225
2016-08-09,40.78,41.097,41.127,40.78
2016-08-10,41.027,40.889,41.196,40.74
2016-08-11,40.918,40.572,40.918,40.344
2016-08-12,40.423,40.542,41.067,40.245
2016-08-15,40.512,41.176,41.622,40.413
2016-08-16,41.404,41.969,42.058,41.206
2016-08-17,41.781,41.721,41.949,41.384
2016-08-18,41.791,42.316,42.613,41.473
2016-08-19,42.345,41.82,42.613,41.82
2016-08-22,41.751,41.136,41.8,40.641
2016-08-23,41.037,41.107,41.454,40.78
2016-08-24,41.285,41.642,42.147,41.107
2016-08-25,41.622,41.245,41.622,40.661
2016-08-26,41.216,41.622,42.088,41.216
2016-08-29,41.454,42.554,42.613,41.454
2016-08-30,42.9,42.207,43.327,42.137
2016-08-31,42.286,42.534,42.623,41.87
2016-09-01,42.524,42.177,42.99,42.137
2016-09-02,41.979,42.405,42.474,41.979
2016-09-05,42.464,42.405,42.811,42.147
2016-09-06,42.306,43.277,43.277,41.929
2016-09-07,43.237,44.08,46.181,43.109
2016-09-08,44.179,44.298,45.021,43.604
2016-09-09,43.971,42.811,44.526,42.811
2016-09-12,41.82,40.433,41.909,40.393
2016-09-13,40.661,40.978,41.394,40.582
2016-09-14,40.631,40.968,41.097,40.482
2016-09-19,41.008,41.652,41.929,40.928
2016-09-20,41.662,41.563,41.87,41.394
2016-09-21,41.563,42.068,42.861,41.563
2016-09-22,42.246,42.504,42.762,42.246
2016-09-23,42.583,42.504,43.138,42.276
2016-09-26,42.336,41.236,42.891,41.206
2016-09-27,40.968,41.8,42.009,40.849
2016-09-28,41.642,42.316,42.435,41.642
2016-09-29,42.415,42.187,42.544,42.078
2016-09-30,42.187,42.554,42.564,42.118
2016-10-10,42.603,43.693,43.773,42.445
2016-10-11,43.673,43.802,44.08,43.208
2016-10-12,43.773,43.257,43.773,42.93
2016-10-13,43.327,43.594,43.664,43.118
2016-10-14,43.545,43.862,43.901,42.791
2016-10-17,43.802,42.811,43.802,42.415
2016-10-18,42.811,43.525,43.594,42.623
2016-10-19,43.396,43.891,44.397,43.396
2016-10-20,44.0,44.09,44.585,43.703
2016-10-21,43.911,43.505,44.347,42.712
2016-10-24,43.525,44.03,44.119,43.406
2016-10-25,44.159,44.526,44.892,43.951
2016-10-26,44.595,44.397,44.843,44.1
2016-10-27,44.397,44.337,44.595,43.882
2016-10-28,44.268,43.455,44.496,43.455
2016-10-31,43.138,43.386,43.445,42.613
2016-11-01,43.188,44.744,44.843,43.128
2016-11-02,44.892,44.298,45.18,44.1
2016-11-03,44.278,44.882,45.646,44.199
2016-11-04,44.605,45.784,46.557,44.605
2016-11-07,45.774,45.249,46.032,45.1
2016-11-08,45.299,47.043,47.746,45.249
2016-11-09,47.38,46.567,47.38,45.695
2016-11-10,46.666,48.262,48.708,46.666
2016-11-11,48.222,47.974,49.441,47.449
2016-11-14,48.064,48.123,49.411,46.577
2016-11-15,48.133,47.647,48.133,46.924
2016-11-16,47.816,47.191,48.529,47.172
2016-11-17,46.973,46.478,46.993,45.616
2016-11-18,46.656,47.37,48.054,46.23
2016-11-21,47.469,48.46,48.46,47.38
2016-11-22,48.609,49.104,49.352,48.163
2016-11-23,49.421,48.093,49.431,47.578
2016-11-24,48.073,47.647,48.182,47.449
2016-11-25,47.766,49.391,49.401,46.884
2016-11-28,49.61,48.807,49.61,48.569
2016-11-29,48.579,48.946,49.045,48.064
2016-11-30,48.876,48.658,48.886,47.786
2016-12-01,48.678,50.442,50.511,48.341
2016-12-02,50.026,48.232,50.105,47.955
2016-12-05,46.825,45.348,46.825,45.269
2016-12-06,45.368,45.418,45.883,45.368
2016-12-07,45.576,46.379,46.765,45.309
2016-12-08,46.379,45.388,46.468,45.269
2016-12-09,45.685,44.982,45.685,44.962
2016-12-12,45.14,40.928,45.467,40.492
2016-12-13,41.404,41.463,41.711,40.532
2016-12-14,41.404,41.612,42.118,41.127
2016-12-15,41.424,42.028,42.97,41.146
2016-12-16,42.018,42.336,42.613,41.82
2016-12-19,42.336,41.632,42.811,41.523
2016-12-20,41.9,42.613,42.831,41.701
2016-12-21,42.603,43.019,43.267,42.603
2016-12-22,42.821,42.98,43.307,42.375
2016-12-23,42.99,43.604,44.04,42.623
2016-12-26,43.099,44.813,44.942,41.721
2016-12-27,44.793,47.707,48.014,44.238
2016-12-28,47.707,49.57,49.748,46.646
2016-12-29,49.55,49.421,49.798,48.311
2016-12-30,49.055,54.366,54.366,49.055
2017-01-03,54.505,48.926,57.062,48.926
2017-01-04,47.221,48.856,49.491,47.221
2017-01-05,48.064,47.568,50.244,46.954
2017-01-06,46.973,49.55,50.442,46.091
2017-01-09,48.856,48.163,51.433,48.064
2017-01-10,47.172,44.793,48.143,44.476
2017-01-11,44.595,46.874,48.539,44.119
2017-01-12,46.577,49.064,49.233,45.646
2017-01-13,48.163,50.937,51.096,48.163
2017-01-16,50.442,50.075,51.413,46.2
2017-01-17,49.451,50.789,51.611,48.559
2017-01-18,49.996,53.246,54.951,49.669
2017-01-19,52.473,58.568,58.568,52.186
2017-01-20,59.341,52.711,63.275,52.711
2017-01-23,51.532,48.896,52.523,47.647
2017-01-24,48.351,48.182,49.778,47.449
2017-01-25,48.093,46.478,48.093,46.28
2017-01-26,46.498,46.28,47.023,46.22
2017-02-03,46.329,45.804,46.567,45.16
2017-02-06,45.784,47.043,47.191,45.784
2017-02-07,47.043,46.755,47.865,46.309
2017-02-08,46.676,46.607,46.746,45.636
2017-02-09,46.567,48.46,48.876,46.379
2017-02-10,46.973,44.843,47.717,44.595
2017-02-13,42.494,43.277,44.149,42.296
2017-02-14,42.93,44.09,44.565,42.93
2017-02-15,44.08,42.464,44.08,42.316
2017-02-16,42.593,42.474,43.079,42.316
2017-02-17,42.544,40.849,42.782,40.661
2017-02-20,40.849,41.503,41.919,40.849
2017-02-21,41.493,41.592,41.969,41.027
2017-02-22,41.473,42.147,42.474,41.473
2017-02-23,42.157,42.375,42.395,41.612
2017-02-24,42.068,42.861,43.069,41.919
2017-02-27,42.821,43.158,43.356,42.484
2017-02-28,43.158,44.991,45.091,43.118
2017-03-01,45.041,44.456,45.586,44.179
2017-03-02,44.179,43.198,44.526,42.95
2017-03-03,42.861,44.585,44.595,42.841
2017-03-06,44.585,44.427,44.873,44.09
2017-03-07,44.0,42.663,44.0,42.316
2017-03-08,42.653,42.94,43.0,42.365
2017-03-09,42.712,42.266,43.168,42.266
2017-03-10,42.078,41.226,42.078,41.077
2017-03-13,41.117,40.562,41.117,39.749
2017-03-14,40.631,42.91,43.059,40.562
2017-03-15,42.217,42.009,42.564,41.721
2017-03-16,42.058,42.464,42.564,42.058
2017-03-17,42.464,41.959,43.089,41.781
2017-03-20,41.949,42.018,42.385,41.424
2017-03-21,41.909,42.137,42.246,41.533
2017-03-22,41.919,42.028,42.078,41.543
2017-03-23,42.108,42.91,44.1,42.028
2017-03-24,42.881,41.939,42.881,41.83
2017-03-27,41.86,42.038,42.306,41.523
2017-03-28,41.919,41.642,42.118,41.553
2017-03-29,41.721,40.354,41.919,40.145
2017-03-30,40.334,38.659,40.334,38.154
2017-03-31,38.689,39.432,39.501,38.659
2017-04-05,39.273,41.82,42.613,38.778
2017-04-06,42.118,41.176,42.286,41.027
2017-04-07,40.809,40.78,41.414,40.73
2017-04-10,40.839,39.164,41.127,39.006
2017-04-11,39.145,39.591,39.789,38.669
2017-04-12,39.343,38.718,39.6,38.55
2017-04-13,38.649,38.827,39.61,38.649
2017-04-14,38.728,38.808,39.026,38.669
2017-04-17,38.699,38.045,39.234,37.609
2017-04-18,37.163,34.239,37.658,34.239
2017-04-19,33.644,35.666,35.676,33.109
2017-04-20,35.676,34.685,35.676,34.19
2017-04-21,34.675,34.665,34.764,33.704
2017-04-24,34.685,34.378,34.685,32.475
2017-04-25,34.289,34.556,34.705,33.744
2017-04-26,34.566,34.546,34.982,34.536
2017-04-27,34.586,34.14,34.675,32.723
2017-04-28,33.763,34.19,34.19,32.604
2017-05-02,33.377,32.386,33.377,30.8
2017-05-03,31.672,31.425,32.257,31.048
2017-05-04,31.464,31.078,31.653,31.078
2017-05-05,30.82,30.543,31.316,30.533
2017-05-08,30.523,29.036,30.523,28.739
2017-05-09,28.838,29.284,29.482,28.759
2017-05-10,29.284,28.69,29.661,28.452
2017-05-11,28.244,28.174,28.541,27.054
2017-05-12,28.055,28.055,28.273,27.629
2017-05-15,28.214,28.214,28.432,28.045
2017-05-16,28.204,29.007,29.135,27.788
2017-05-17,29.007,29.304,29.829,28.838
2017-05-18,29.363,29.581,29.899,29.036
2017-05-19,29.631,28.937,29.641,28.65
2017-05-22,29.036,27.639,29.066,27.262
2017-05-23,27.55,25.766,27.55,25.766
2017-05-24,25.617,26.113,26.321,25.37
2017-05-25,26.113,26.658,26.807,25.806
2017-05-26,26.489,26.668,27.044,26.489
2017-05-31,27.233,26.866,27.52,26.846
2017-06-01,26.935,25.221,26.935,25.072
2017-06-02,24.785,25.796,25.974,24.626
2017-06-05,25.865,26.162,26.331,25.786
2017-06-06,26.172,26.311,26.45,25.895
2017-06-07,26.301,27.362,27.698,26.281
2017-06-08,27.362,27.342,27.599,27.134
2017-06-09,27.451,27.599,27.738,26.955
2017-06-12,27.31,26.26,27.38,26.09
2017-06-13,26.3,27.15,27.19,26.11
2017-06-14,27.14,28.25,28.3,27.0
2017-06-15,28.4,28.68,29.47,28.01
2017-06-16,28.56,28.42,29.07,28.3
2017-06-19,28.21,28.68,28.9,28.13
2017-06-20,28.58,28.32,28.97,28.32
2017-06-21,28.84,28.8,28.9,28.18
2017-06-22,28.99,27.35,29.0,27.32
2017-06-23,27.83,27.1,27.83,26.58
2017-06-26,27.15,27.2,27.3,26.69
2017-06-27,27.31,27.11,27.58,27.0
2017-06-28,27.06,26.52,27.18,26.31
2017-06-29,26.4,26.75,27.3,26.4
2017-06-30,26.75,27.0,27.2,26.5
2017-07-03,27.0,27.48,27.53,26.82
2017-07-04,27.31,27.27,27.74,27.14
2017-07-05,27.41,27.6,27.65,27.21
2017-07-06,27.77,27.81,27.97,27.38
2017-07-07,27.86,28.42,28.47,27.74
2017-07-10,28.37,27.39,28.37,27.37
2017-07-11,27.0,26.7,27.42,26.67
2017-07-12,26.57,27.1,27.18,26.49
2017-07-13,27.04,26.7,27.1,26.51
2017-07-14,26.69,26.18,26.71,26.11
2017-07-17,26.0,23.56,26.0,23.56
2017-07-18,23.35,23.67,23.97,23.02
2017-07-19,23.67,23.67,23.77,23.07
2017-07-20,23.58,23.81,24.38,23.4
2017-07-21,23.78,23.36,23.99,23.24
2017-07-24,23.3,23.58,23.58,23.08
2017-07-25,23.45,23.74,23.82,23.45
2017-07-26,23.74,23.83,23.85,23.61
2017-07-27,23.69,24.91,24.95,23.67
2017-07-28,24.74,24.25,24.97,24.1
2017-07-31,24.25,24.23,24.45,24.07
2017-08-01,24.23,24.28,24.4,24.06
2017-08-02,24.27,23.73,24.38,23.65
2017-08-03,23.73,24.22,24.54,23.57
2017-08-04,24.23,24.99,25.5,24.23
2017-08-07,25.02,24.79,25.14,24.63
2017-08-08,24.63,25.42,25.47,24.5
2017-08-09,25.3,25.0,25.38,24.9
2017-08-10,24.87,24.73,25.25,24.56
2017-08-11,24.5,24.36,24.77,24.25
2017-08-14,24.52,24.93,25.07,24.35
2017-08-15,24.96,25.0,25.15,24.8
2017-08-16,24.98,25.3,25.42,24.75
2017-08-17,25.3,25.4,25.66,25.16
2017-08-18,25.38,24.94,25.38,24.9
2017-08-21,24.94,25.27,25.34,24.82
2017-08-22,25.27,25.07,25.45,24.91
2017-08-23,25.07,25.15,25.15,24.86
2017-08-24,25.03,24.79,25.26,24.76
2017-08-25,24.9,25.22,25.38,24.77
2017-08-28,25.24,26.12,26.21,25.24
2017-08-29,25.95,26.98,26.98,25.74
2017-08-30,26.9,26.86,27.2,26.51
2017-08-31,26.78,27.11,27.19,26.6
2017-09-01,27.07,27.34,27.45,27.0
2017-09-04,27.4,27.04,27.49,26.91
2017-09-05,26.96,26.97,27.15,26.63
2017-09-06,26.85,27.01,27.01,26.59
2017-09-07,27.2,27.06,27.57,27.0
2017-09-08,26.88,26.85,27.07,26.63
2017-09-11,26.83,27.15,27.15,26.68
2017-09-12,27.16,26.68,27.5,26.51
2017-09-13,26.6,26.86,26.98,26.45
2017-09-14,26.85,26.54,26.97,26.36
2017-09-15,26.54,26.5,26.71,26.36
2017-09-18,26.59,26.5,26.66,26.17
2017-09-19,26.5,26.55,26.92,26.4
2017-09-20,26.51,26.93,26.93,26.38
2017-09-21,27.0,26.54,27.27,26.52
2017-09-22,26.48,26.6,26.7,26.12
2017-09-25,26.58,26.66,26.99,26.5
2017-09-26,26.9,25.69,26.97,25.43
2017-09-27,25.6,26.02,26.1,25.46
2017-09-28,25.91,25.74,26.19,25.73
2017-09-29,25.85,26.18,26.22,25.72
2017-10-09,26.25,26.77,26.87,26.25
2017-10-10,26.63,27.1,27.15,26.59
2017-10-11,27.25,26.77,27.25,26.7
2017-10-12,26.88,27.89,28.44,26.77
2017-10-13,27.8,27.89,28.01,27.5
2017-10-16,27.77,26.71,27.84,26.68
2017-10-17,26.68,26.98,27.18,26.53
2017-10-18,26.9,26.45,27.15,26.3
2017-10-19,26.45,26.2,26.56,26.12
2017-10-20,26.2,26.94,26.98,26.2
2017-10-23,26.97,27.32,27.69,26.95
2017-10-24,27.35,27.69,27.99,26.98
2017-10-25,27.55,27.87,27.96,27.4
2017-10-26,27.88,27.73,27.95,27.57
2017-10-27,28.0,27.47,28.0,27.35
2017-10-30,27.33,26.6,27.51,26.43
2017-10-31,26.55,26.77,26.82,26.5
2017-11-01,26.71,27.18,27.36,26.71
2017-11-02,27.18,26.54,27.24,26.52
2017-11-03,26.6,26.56,26.75,26.4
2017-11-06,26.56,27.01,27.06,26.47
2017-11-07,28.18,28.15,28.45,27.58
2017-11-08,27.71,29.24,30.18,27.7
2017-11-09,28.88,30.17,30.44,28.67
2017-11-10,29.96,29.67,30.22,29.34
2017-11-13,29.68,30.03,30.18,29.07
2017-11-14,30.01,28.7,30.36,28.7
2017-11-15,28.6,28.86,29.18,28.47
2017-11-16,28.68,28.12,28.73,28.03
2017-11-17,28.2,25.67,28.33,25.58
2017-11-20,25.02,25.36,25.49,24.09
2017-11-21,25.36,24.93,25.62,24.58
2017-11-22,24.91,24.64,25.19,24.4
2017-11-23,24.63,23.92,24.78,23.9
2017-11-24,23.92,24.08,24.24,23.62
2017-11-27,23.95,24.07,24.48,23.95
2017-11-28,24.18,24.62,24.65,24.08
2017-11-29,24.74,24.65,24.81,24.11
2017-11-30,24.6,24.85,24.95,24.31
2017-12-01,24.85,25.63,25.74,24.81
2017-12-04,25.57,24.86,25.57,24.8
2017-12-05,24.85,23.93,25.17,23.51
2017-12-06,23.9,24.32,24.32,23.43
2017-12-07,24.25,24.16,24.44,24.0
2017-12-08,24.15,24.48,24.67,24.06
2017-12-11,24.48,24.67,24.79,24.48
2017-12-12,24.67,23.94,24.79,23.94
2017-12-13,23.9,24.17,24.19,23.81
2017-12-14,24.15,24.13,24.25,23.87
2017-12-15,23.95,24.02,24.18,23.95
2017-12-18,24.02,23.94,24.46,23.91
2017-12-19,23.96,24.18,24.35,23.96
2017-12-20,24.19,23.64,24.23,23.5
2017-12-21,23.6,23.27,23.69,22.85
2017-12-22,23.13,23.09,23.26,23.0
2017-12-25,23.14,22.38,23.14,22.24
2017-12-26,22.1,22.87,22.9,22.1
2017-12-27,23.0,22.58,23.06,22.58
2017-12-28,22.56,22.8,23.09,22.51
2017-12-29,22.9,23.32,23.4,22.81
2018-01-02,23.76,23.32,23.91,23.02
2018-01-03,23.15,23.52,23.63,23.15
2018-01-04,23.53,23.3,23.57,23.29
2018-01-05,23.39,23.41,23.5,23.25
2018-01-08,23.35,23.5,23.5,23.13
2018-01-09,23.48,23.52,23.8,23.45
2018-01-10,23.75,22.82,23.76,22.7
2018-01-11,22.85,23.14,23.23,22.19
2018-01-12,23.14,23.17,23.26,22.92
2018-01-15,23.2,22.22,23.2,22.21
2018-01-16,22.22,22.31,22.55,22.15
2018-01-17,22.33,22.71,22.8,22.1
2018-01-18,22.64,22.56,22.79,22.47
2018-01-19,22.66,22.58,22.78,22.4
2018-01-22,22.58,22.71,22.71,22.12
2018-01-23,22.7,23.0,23.11,22.55
2018-01-24,23.0,23.25,23.25,22.74
2018-01-25,23.26,23.05,23.42,23.0
2018-01-26,24.0,24.11,24.78,24.0
2018-01-29,23.5,23.35,23.87,23.3
2018-01-30,23.35,23.36,23.49,23.02
2018-01-31,23.22,22.13,23.22,22.13
2018-02-01,22.13,20.9,22.52,20.9
2018-02-02,20.88,20.5,21.09,20.37
2018-02-05,20.35,20.32,20.44,20.11
2018-02-06,20.01,18.6,20.2,18.32
2018-02-07,18.9,19.03,19.18,18.3
2018-02-08,19.04,19.33,19.56,18.82
2018-02-09,18.3,18.44,18.87,18.0
2018-02-12,18.6,19.2,19.27,18.58
2018-02-13,19.3,19.31,19.57,19.13
2018-02-14,19.23,19.22,19.4,19.14
2018-02-22,19.22,19.54,20.0,19.22
2018-02-23,19.54,19.39,19.69,19.12
2018-02-26,19.4,20.09,20.09,19.37
2018-02-27,20.09,20.1,20.27,19.88
2018-02-28,20.16,19.96,20.16,19.48
2018-03-01,19.89,20.73,20.73,19.63
2018-03-02,20.5,20.51,20.98,20.38
2018-03-05,20.49,20.69,20.79,20.49
2018-03-06,20.77,20.84,21.05,20.7
2018-03-07,20.79,20.57,20.79,20.55
2018-03-08,20.67,20.86,20.88,20.53
2018-03-09,20.88,21.77,22.32,20.73
2018-03-12,21.8,21.98,22.54,21.68
2018-03-13,22.0,22.02,22.27,21.73
2018-03-14,21.77,21.45,22.15,21.43
2018-03-15,21.31,20.73,21.32,20.21
2018-03-16,20.73,20.6,20.94,20.51
2018-03-19,20.52,20.91,21.03,20.52
2018-03-20,20.64,21.09,21.1,20.53
2018-03-21,20.91,21.24,21.98,20.91
2018-03-22,21.2,21.5,21.75,21.01
2018-03-23,21.08,19.86,21.17,19.68
2018-03-26,19.6,20.1,20.19,19.03
2018-03-27,20.25,20.61,20.89,20.25
2018-03-28,20.5,20.92,20.96,20.31
2018-03-29,20.8,21.28,21.46,20.8
2018-03-30,21.35,22.15,22.17,21.13
2018-04-02,22.4,22.2,22.41,21.8
2018-04-03,21.7,22.92,22.95,21.67
2018-04-04,22.68,22.36,23.19,22.2
2018-04-09,22.22,22.23,22.45,21.8
2018-04-10,22.09,22.32,22.53,21.78
2018-04-11,22.29,22.84,22.89,22.29
2018-04-12,22.97,22.79,22.97,22.48
2018-04-13,22.79,22.4,22.99,22.37
2018-04-16,22.34,22.01,22.64,21.59
2018-04-17,22.01,21.77,22.29,21.41
2018-04-18,21.93,22.48,22.49,21.46
2018-04-19,22.46,22.14,22.54,22.12
2018-04-20,22.15,21.0,22.31,20.92
2018-04-23,21.0,20.53,21.0,20.2
2018-04-24,20.51,21.25,21.25,20.51
2018-04-25,21.34,21.48,21.68,21.16
2018-04-26,21.41,20.79,21.6,20.76
2018-04-27,21.16,20.82,21.28,20.8
2018-05-02,20.94,20.19,21.1,19.91
2018-05-03,20.02,20.63,20.68,19.92
2018-05-04,20.55,20.65,20.8,20.29
2018-05-07,20.4,21.17,21.21,20.35
2018-05-08,21.23,21.35,21.45,21.17
2018-05-09,21.35,22.06,22.69,21.35
2018-05-10,22.02,22.86,24.22,22.02
2018-05-11,22.87,22.31,23.1,22.16
2018-05-14,22.04,21.71,22.25,21.54
2018-05-15,21.62,22.33,22.47,21.62
2018-05-16,22.3,22.11,22.5,21.87
2018-05-17,21.86,22.14,22.26,21.86
2018-05-18,22.26,22.21,22.36,21.8
2018-05-21,22.21,22.6,22.8,22.21
2018-05-22,22.56,22.82,22.86,22.2
2018-05-23,22.7,22.75,23.08,22.63
2018-05-24,23.0,22.9,23.0,22.5
2018-05-25,22.9,22.59,22.9,22.54
