date,open,close,high,low
2016-04-19,26.436,28.839,28.839,26.436
2016-04-20,31.721,31.721,31.721,31.721
2016-04-21,34.892,34.892,34.892,34.892
2016-04-22,38.382,38.382,38.382,38.382
2016-04-25,42.222,42.222,42.222,42.222
2016-04-26,46.44,46.44,46.44,46.44
2016-04-27,51.087,51.087,51.087,51.087
2016-04-28,56.192,56.192,56.192,56.192
2016-04-29,61.817,61.817,61.817,61.817
2016-05-03,67.999,67.999,67.999,67.999
2016-05-04,74.8,74.8,74.8,74.8
2016-05-05,82.279,82.279,82.279,82.279
2016-05-06,90.506,90.506,90.506,90.506
2016-05-09,99.561,99.561,99.561,99.561
2016-05-10,109.513,109.513,109.513,109.513
2016-05-11,112.564,98.563,115.675,98.563
2016-05-12,88.94,88.93,92.221,88.711
2016-05-13,87.754,92.231,95.851,87.734
2016-05-16,89.409,91.643,92.042,86.418
2016-05-17,91.613,90.207,93.238,89.349
2016-05-18,87.754,90.715,91.942,86.148
2016-05-19,90.247,93.019,97.467,88.751
2016-05-20,93.139,102.323,102.323,91.842
2016-05-23,107.678,112.554,112.554,106.202
2016-05-24,114.878,116.373,123.533,111.687
2016-05-25,115.675,117.69,123.424,114.878
2016-05-26,116.872,124.65,125.637,115.695
2016-05-27,124.69,116.673,125.249,116.383
2016-05-30,113.98,119.425,122.656,113.761
2016-05-31,118.667,126.495,129.527,117.67
2016-06-01,128.19,129.138,138.611,128.19
2016-06-02,127.333,132.528,134.084,127.243
2016-06-03,133.027,135.021,141.104,131.631
2016-06-06,135.619,138.561,141.403,132.728
2016-06-07,137.813,149.54,151.874,136.507
2016-06-08,147.137,153.968,161.766,141.603
2016-06-13,149.58,157.658,169.365,148.304
2016-06-14,156.561,151.505,165.037,144.106
2016-06-15,151.076,166.652,166.652,148.693
2016-06-16,169.524,175.009,175.976,162.903
2016-06-17,173.284,192.51,192.51,169.594
2016-06-20,197.446,211.766,211.766,190.097
2016-06-21,209.412,210.4,225.747,202.432
2016-06-22,207.019,201.764,212.165,189.478
2016-06-23,198.443,219.285,221.498,198.443
2016-06-24,216.393,241.213,241.213,212.554
2016-06-27,239.328,242.22,256.879,236.337
2016-06-28,243.488,242.619,252.05,237.361
2016-06-29,244.486,253.966,259.424,237.081
2016-07-06,241.492,228.569,245.424,228.569
2016-07-07,219.538,215.556,225.525,210.856
2016-07-08,213.541,213.571,218.341,209.569
2016-07-11,210.737,192.216,215.526,192.216
2016-07-12,193.273,200.758,203.023,186.647
2016-07-13,198.353,194.381,199.58,191.507
2016-07-14,194.291,196.187,197.564,191.597
2016-07-15,196.696,198.782,203.073,194.102
2016-07-18,197.584,185.21,198.103,184.602
2016-07-19,183.614,188.374,189.202,183.614
2016-07-20,187.605,188.623,191.228,186.607
2016-07-21,188.603,179.303,189.242,178.634
2016-07-22,180.61,177.976,182.496,170.451
2016-07-25,178.025,178.185,181.618,172.816
2016-07-26,178.624,178.275,181.318,175.461
2016-07-27,177.626,161.021,177.626,160.452
2016-07-28,159.165,160.542,162.548,155.383
2016-07-29,160.462,159.165,165.651,156.77
2016-08-01,154.675,155.613,156.271,146.691
2016-08-02,155.613,156.151,158.167,151.89
2016-08-03,154.655,160.782,164.334,153.677
2016-08-04,160.363,157.568,161.351,155.722
2016-08-05,157.469,155.174,162.159,154.675
2016-08-08,150.843,156.201,156.451,148.198
2016-08-09,156.131,160.981,163.256,154.754
2016-08-10,160.662,160.981,163.007,157.868
2016-08-11,159.165,154.176,162.159,152.559
2016-08-12,152.08,156.451,157.539,151.312
2016-08-15,155.054,163.975,166.639,153.008
2016-08-16,163.426,164.354,168.006,162.478
2016-08-17,163.167,168.945,172.517,162.658
2016-08-18,166.55,165.512,171.09,164.035
2016-08-19,165.402,163.755,166.35,162.658
2016-08-22,162.797,151.671,163.755,151.202
2016-08-23,151.631,152.978,155.643,150.803
2016-08-24,151.791,152.479,154.116,151.681
2016-08-25,150.683,155.573,156.551,146.711
2016-08-26,153.667,152.798,158.646,152.19
2016-08-29,152.669,151.072,154.824,150.184
2016-08-30,150.962,151.98,154.275,150.703
2016-08-31,151.98,157.06,157.848,150.683
2016-09-01,157.169,152.898,157.169,152.679
2016-09-02,151.681,151.681,153.477,151.182
2016-09-05,152.18,147.19,153.168,146.701
2016-09-06,146.691,149.615,150.583,143.298
2016-09-07,148.937,146.282,149.885,146.202
2016-09-08,145.693,146.851,148.687,144.696
2016-09-09,147.689,156.61,161.54,146.462
2016-09-12,149.705,150.912,154.655,147.699
2016-09-13,151.082,148.288,153.337,148.198
2016-09-14,146.941,144.237,148.478,142.989
2016-09-19,140.714,144.097,145.015,140.714
2016-09-20,144.177,143.997,145.194,143.498
2016-09-21,144.047,145.673,147.769,142.5
2016-09-22,146.562,147.859,151.561,146.192
2016-09-23,146.801,144.396,147.849,143.907
2016-09-26,143.947,141.732,146.542,141.213
2016-09-27,141.702,143.408,143.478,137.71
2016-09-28,143.298,140.614,143.298,140.454
2016-09-29,140.724,140.714,142.7,140.215
2016-09-30,140.684,141.203,141.402,139.866
2016-10-10,142.77,146.861,148.488,141.263
2016-10-11,146.861,147.38,149.645,145.743
2016-10-12,145.664,152.699,153.926,145.294
2016-10-13,151.781,150.144,153.078,148.717
2016-10-14,149.964,151.781,154.595,149.316
2016-10-17,151.561,146.562,151.561,145.843
2016-10-18,147.071,148.039,148.268,144.376
2016-10-19,147.52,148.188,150.693,146.771
2016-10-20,148.348,152.01,152.2,145.693
2016-10-21,152.07,158.556,165.512,152.07
2016-10-24,159.075,159.454,164.454,157.968
2016-10-25,157.698,170.391,175.311,157.698
2016-10-26,167.647,164.823,169.643,163.955
2016-10-27,165.552,166.669,171.619,164.005
2016-10-28,165.651,158.966,166.041,158.636
2016-10-31,156.68,158.576,162.189,156.68
2016-11-01,159.165,162.538,163.157,158.367
2016-11-02,160.772,157.499,161.54,157.459
2016-11-03,156.89,160.063,163.147,156.052
2016-11-04,159.963,161.54,163.157,158.736
2016-11-07,162.817,158.377,162.827,157.698
2016-11-08,159.165,158.467,159.494,157.549
2016-11-09,158.457,157.159,159.345,153.856
2016-11-10,158.467,161.6,162.638,158.377
2016-11-11,161.46,160.073,162.448,158.666
2016-11-14,160.183,164.614,165.651,160.163
2016-11-15,164.524,162.109,164.524,159.804
2016-11-16,162.179,158.916,163.626,158.666
2016-11-17,157.768,154.485,158.856,154.325
2016-11-18,155.373,156.471,159.624,155.373
2016-11-21,156.072,159.145,160.542,153.647
2016-11-22,160.552,166.031,166.32,160.552
2016-11-23,165.033,161.341,165.033,160.642
2016-11-24,159.784,156.371,162.448,156.002
2016-11-25,155.672,157.339,157.568,149.994
2016-11-28,156.451,153.677,156.461,153.527
2016-11-29,153.677,150.603,154.655,150.064
2016-11-30,150.563,152.05,153.497,149.885
2016-12-01,152.679,151.282,153.178,150.883
2016-12-02,152.679,145.005,152.679,144.895
2016-12-05,143.518,142.051,145.683,141.013
2016-12-06,142.211,142.061,143.977,141.802
2016-12-07,142.061,142.49,143.438,140.095
2016-12-08,142.271,139.736,142.49,139.706
2016-12-09,139.487,138.678,140.255,138.219
2016-12-12,138.548,124.807,138.608,124.807
2016-12-13,122.293,122.722,123.53,117.752
2016-12-14,121.734,119.149,123.241,118.8
2016-12-15,117.752,120.696,122.941,117.702
2016-12-16,120.646,120.936,121.614,119.249
2016-12-19,120.936,120.746,122.642,119.848
2016-12-20,120.826,121.245,122.053,120.756
2016-12-21,121.744,122.243,122.632,121.025
2016-12-22,122.642,120.826,122.712,119.748
2016-12-23,120.746,113.661,121.225,113.352
2016-12-26,112.264,115.357,116.635,107.823
2016-12-27,115.357,115.287,116.285,114.858
2016-12-28,115.287,124.428,126.813,115.287
2016-12-29,122.742,118.65,122.742,118.63
2016-12-30,118.68,121.235,123.919,118.65
2017-01-03,120.546,121.235,122.143,117.752
2017-01-04,120.746,121.464,122.752,119.249
2017-01-05,121.464,120.047,121.594,119.149
2017-01-06,119.748,121.614,124.698,115.018
2017-01-09,120.746,123.34,124.428,118.002
2017-01-10,122.243,122.642,126.364,122.243
2017-01-11,122.023,125.725,128.52,119.758
2017-01-12,125.626,126.733,128.52,124.039
2017-01-13,126.434,125.137,128.949,123.321
2017-01-16,123.939,112.623,125.097,112.623
2017-01-17,109.769,116.445,117.253,102.784
2017-01-18,112.763,115.687,120.247,111.565
2017-01-19,114.359,115.647,116.714,112.563
2017-01-20,115.258,120.017,124.718,114.639
2017-01-23,120.057,121.105,122.392,119.349
2017-01-24,121.245,120.546,123.74,118.75
2017-01-25,120.946,122.692,124.538,119.578
2017-01-26,124.738,122.233,129.717,122.233
2017-02-03,123.989,122.193,125.686,121.035
2017-02-06,124.767,121.385,125.237,119.748
2017-02-07,121.295,117.573,121.754,117.353
2017-02-08,117.553,118.121,121.734,116.255
2017-02-09,119.548,118.082,119.548,117.253
2017-02-10,118.082,107.923,119.239,106.286
2017-02-13,107.284,109.24,109.769,105.907
2017-02-14,108.412,108.492,109.53,108.162
2017-02-15,108.831,106.656,108.951,106.456
2017-02-16,106.157,105.658,106.975,104.171
2017-02-17,105.658,103.173,105.787,102.534
2017-02-20,102.784,104.44,104.66,101.846
2017-02-21,103.792,105.598,106.626,103.792
2017-02-22,105.668,104.56,106.057,103.802
2017-02-23,104.78,104.969,105.458,103.382
2017-02-24,104.38,106.167,106.256,104.111
2017-02-27,106.217,105.458,106.676,105.279
2017-02-28,105.458,105.977,106.276,104.809
2017-03-01,105.977,106.775,107.324,105.378
2017-03-02,106.885,105.059,107.324,104.829
2017-03-03,105.079,105.269,105.718,103.143
2017-03-06,105.598,107.125,107.274,105.588
2017-03-07,106.775,108.761,110.068,106.775
2017-03-08,109.48,107.693,109.48,107.274
2017-03-09,107.693,105.658,107.693,105.478
2017-03-10,106.276,108.322,108.831,105.977
2017-03-13,108.392,111.954,112.583,108.372
2017-03-14,112.004,111.066,114.22,109.969
2017-03-15,110.208,111.745,111.755,109.53
2017-03-16,111.645,112.823,113.791,111.475
2017-03-17,112.843,110.258,114.659,110.098
2017-03-20,108.801,110.747,110.747,108.432
2017-03-21,111.046,110.328,111.046,109.17
2017-03-22,109.22,108.033,109.759,106.276
2017-03-23,107.454,109.25,109.629,106.785
2017-03-24,108.871,109.43,109.759,107.753
2017-03-27,109.869,107.244,110.368,106.656
2017-03-28,106.586,103.981,107.474,103.981
2017-03-29,103.991,102.884,104.58,101.846
2017-03-30,102.774,94.801,102.774,93.134
2017-03-31,94.92,94.571,96.218,93.882
2017-04-05,94.601,95.848,96.138,93.863
2017-04-06,96.766,95.828,96.776,95.599
2017-04-07,95.828,94.691,96.477,93.902
2017-04-10,94.691,87.097,95.599,86.528
2017-04-11,87.097,89.811,90.35,86.249
2017-04-12,89.811,86.907,90.47,86.817
2017-04-13,86.907,87.526,88.793,86.907
2017-04-14,86.807,88.354,89.661,86.518
2017-04-17,82.955,82.836,85.949,82.726
2017-04-18,82.856,78.495,83.694,78.435
2017-04-19,71.36,75.541,76.329,70.861
2017-04-20,74.413,73.346,76.0,72.248
2017-04-21,73.745,72.747,74.723,72.258
2017-04-24,72.747,70.851,73.226,69.853
2017-04-25,71.929,71.13,73.126,70.751
2017-04-26,71.14,72.947,73.695,71.13
2017-04-27,72.388,75.072,75.441,70.651
2017-04-28,75.122,75.671,76.319,74.763
2017-05-02,75.95,74.743,75.97,74.154
2017-05-03,74.823,74.104,75.631,73.316
2017-05-04,73.845,75.032,76.339,72.867
2017-05-05,74.902,75.341,77.337,70.851
2017-05-08,74.224,74.204,76.339,74.144
2017-05-09,72.857,75.84,76.309,72.847
2017-05-10,76.07,73.366,77.218,72.947
2017-05-11,72.867,73.246,74.144,71.15
2017-05-12,72.208,71.999,74.334,71.35
2017-05-15,71.999,71.48,72.827,71.23
2017-05-16,71.21,73.695,73.835,70.103
2017-05-17,73.855,75.072,76.838,73.855
2017-05-18,74.703,79.543,81.069,73.865
2017-05-19,79.543,77.766,81.678,77.637
2017-05-22,76.838,74.892,79.263,74.892
2017-05-23,74.843,68.456,75.222,67.977
2017-05-24,67.857,67.757,68.865,65.093
2017-05-25,67.747,68.067,68.845,65.921
2017-05-26,68.456,68.157,69.703,67.578
2017-05-31,69.803,67.558,70.851,67.368
2017-06-01,66.281,62.798,68.366,62.748
2017-06-02,62.798,64.844,65.442,60.882
2017-06-05,65.263,65.772,66.78,65.263
2017-06-06,65.6,66.33,67.06,65.02
2017-06-07,66.4,68.6,69.4,66.25
2017-06-08,68.78,69.53,70.53,68.21
2017-06-09,69.33,68.51,69.5,67.66
2017-06-12,67.98,65.25,68.45,65.0
2017-06-13,64.9,68.91,69.4,64.9
2017-06-14,69.3,70.8,71.59,68.57
2017-06-15,70.8,72.66,73.73,70.5
2017-06-16,73.0,70.88,73.25,70.66
2017-06-19,71.0,71.35,72.09,70.72
2017-06-20,71.69,70.6,72.89,70.15
2017-06-21,70.6,70.21,71.48,69.0
2017-06-22,69.99,68.51,71.4,68.51
2017-06-23,68.99,67.38,69.51,65.81
2017-06-26,67.69,68.7,68.8,66.66
2017-06-27,69.02,68.2,69.73,67.74
2017-06-28,68.39,67.87,69.4,67.29
2017-06-29,67.87,67.97,68.69,67.36
2017-06-30,67.9,69.4,69.49,67.5
2017-07-03,69.4,70.37,70.5,68.22
2017-07-04,70.59,69.73,70.6,69.58
2017-07-05,69.8,70.61,71.28,69.52
2017-07-06,70.4,71.49,71.6,69.76
2017-07-07,71.49,76.54,78.64,71.49
2017-07-10,76.56,73.8,77.47,73.58
2017-07-11,73.6,72.15,74.8,72.02
2017-07-12,72.2,75.23,75.23,71.91
2017-07-13,75.0,73.66,75.5,73.07
2017-07-14,74.37,76.19,78.33,73.31
2017-07-17,75.0,68.57,75.0,68.57
2017-07-18,67.7,67.31,69.28,65.4
2017-07-19,67.16,68.27,68.68,65.12
2017-07-20,68.01,66.37,69.6,66.01
2017-07-21,66.3,64.77,66.88,63.85
2017-07-24,64.55,65.24,65.91,63.02
2017-07-25,64.4,65.9,65.99,64.4
2017-07-26,65.79,71.55,72.19,65.51
2017-07-27,70.46,73.17,74.58,69.68
2017-07-28,72.83,72.59,75.49,72.03
2017-07-31,73.98,74.06,76.99,73.23
2017-08-01,75.64,77.14,77.7,74.36
2017-08-02,77.1,73.03,77.1,73.03
2017-08-03,72.81,80.33,80.33,72.81
2017-08-04,76.79,75.29,78.5,75.0
2017-08-07,74.5,73.63,76.59,73.0
2017-08-08,74.38,74.43,75.57,72.5
2017-08-09,74.29,72.15,74.29,72.02
2017-08-10,71.98,70.31,72.98,69.8
2017-08-11,69.56,69.99,70.95,68.0
2017-08-14,70.36,73.38,73.76,69.8
2017-08-15,72.65,73.15,73.66,72.13
2017-08-16,73.21,75.2,76.08,72.23
2017-08-17,74.57,75.2,76.0,74.3
2017-08-18,74.75,73.35,74.76,73.25
2017-08-21,73.1,77.37,78.9,73.1
2017-08-22,77.3,78.06,78.47,76.56
2017-08-23,77.33,75.8,77.84,75.8
2017-08-24,75.73,75.7,77.53,74.87
2017-08-25,75.6,78.7,78.79,75.1
2017-08-28,79.1,78.99,81.5,78.95
2017-08-29,79.13,82.77,86.5,79.13
2017-08-30,83.55,84.2,86.64,82.01
2017-08-31,83.19,83.44,85.11,82.66
2017-09-01,83.76,83.51,84.6,82.31
2017-09-04,83.51,83.98,85.3,82.76
2017-09-05,84.44,82.38,84.45,81.39
2017-09-06,82.3,83.0,83.37,81.13
2017-09-07,83.49,84.97,88.2,83.0
2017-09-08,85.2,82.7,86.29,82.01
2017-09-11,82.57,84.3,84.88,81.22
2017-09-12,84.45,81.76,85.76,81.71
2017-09-13,81.81,81.86,82.46,80.93
2017-09-14,81.79,81.36,82.82,81.18
2017-09-15,81.36,80.18,81.86,80.18
2017-09-18,79.87,81.87,82.3,79.11
2017-09-19,81.82,80.8,82.5,80.06
2017-09-20,80.8,82.57,82.79,80.76
2017-09-21,82.68,82.18,84.43,82.08
2017-09-22,81.11,81.58,81.91,80.12
2017-09-25,81.58,81.28,83.35,81.03
2017-09-26,81.06,77.3,81.67,76.6
2017-09-27,77.36,77.8,78.37,77.3
2017-09-28,77.66,78.0,79.18,77.39
2017-09-29,78.96,78.6,79.07,78.2
2017-10-09,80.0,80.1,80.9,79.11
2017-10-10,80.35,81.87,81.99,79.7
2017-10-11,82.5,81.51,83.4,81.46
2017-10-12,81.36,81.1,81.92,80.0
2017-10-13,83.5,84.18,84.89,82.35
2017-10-16,84.08,81.01,84.1,80.77
2017-10-17,80.94,85.8,88.26,80.6
2017-10-18,85.94,83.8,86.93,83.4
2017-10-19,83.74,92.18,92.18,83.5
2017-10-20,93.95,93.7,94.98,89.72
2017-10-23,92.18,92.66,94.0,91.0
2017-10-24,92.18,88.81,93.5,88.22
2017-10-25,90.5,92.36,95.68,89.11
2017-10-26,91.18,91.72,94.5,89.59
2017-10-27,90.52,94.75,96.48,90.52
2017-10-30,93.7,95.05,97.2,91.95
2017-10-31,93.59,94.5,95.3,92.6
2017-11-01,95.0,98.25,99.88,94.55
2017-11-02,97.38,94.3,98.8,94.2
2017-11-03,95.49,90.34,95.5,89.89
2017-11-06,91.29,91.6,92.39,90.16
2017-11-07,90.1,90.93,92.6,90.1
2017-11-08,90.9,91.09,92.7,90.58
2017-11-09,90.18,90.66,92.5,89.8
2017-11-10,90.6,93.81,95.56,90.02
2017-11-13,93.63,95.69,95.88,92.1
2017-11-14,95.9,92.85,98.44,92.81
2017-11-15,92.28,88.65,92.68,88.01
2017-11-16,88.1,86.69,89.5,86.26
2017-11-17,86.0,81.37,87.44,80.06
2017-11-20,81.7,82.65,83.19,78.01
2017-11-21,82.65,81.24,83.88,79.11
2017-11-22,82.91,82.23,83.67,81.01
2017-11-23,82.21,80.5,84.45,80.1
2017-11-24,82.01,83.0,84.38,81.0
2017-11-27,80.99,74.7,82.4,74.7
2017-11-28,73.5,75.26,75.46,73.33
2017-11-29,75.3,73.24,75.3,71.38
2017-11-30,73.24,73.08,74.05,72.61
2017-12-01,73.19,74.0,74.35,72.48
2017-12-04,73.75,68.8,73.75,68.0
2017-12-05,68.6,67.33,69.68,67.11
2017-12-06,67.35,68.9,69.18,67.15
2017-12-07,68.8,68.61,69.5,68.22
2017-12-08,68.04,70.61,71.0,68.01
2017-12-11,70.7,72.18,72.37,70.39
2017-12-12,71.8,70.14,71.8,70.14
2017-12-13,70.25,71.05,71.39,70.0
2017-12-14,71.3,70.9,71.39,70.03
2017-12-15,71.18,70.85,71.5,70.26
2017-12-18,70.44,70.12,71.23,69.5
2017-12-19,70.65,72.44,72.67,70.17
2017-12-20,72.35,71.1,72.85,71.08
2017-12-21,70.61,70.46,71.49,68.85
2017-12-22,70.5,70.14,70.8,69.62
2017-12-25,70.13,68.35,70.14,67.6
2017-12-26,68.8,70.98,71.27,68.69
2017-12-27,70.98,70.57,72.0,70.5
2017-12-28,70.58,72.2,73.48,70.58
2017-12-29,72.35,72.48,72.88,71.28
2018-01-02,72.04,72.26,72.78,71.28
2018-01-03,72.26,72.42,72.84,71.6
2018-01-04,72.28,72.55,73.15,72.0
2018-01-05,73.1,72.86,73.88,72.38
2018-01-08,73.16,72.48,73.23,71.53
2018-01-09,72.34,72.4,72.62,71.97
2018-01-10,72.4,70.45,72.54,69.35
2018-01-11,70.78,72.77,72.77,70.18
2018-01-12,72.77,71.99,72.88,71.4
2018-01-15,72.38,68.8,72.38,68.08
2018-01-16,69.98,69.49,70.38,69.0
2018-01-17,69.71,73.29,73.87,69.0
2018-01-18,76.0,74.65,79.5,74.41
2018-01-19,74.43,75.15,78.01,74.23
2018-01-22,74.24,72.4,74.97,70.11
2018-01-23,72.2,71.61,73.4,71.61
2018-01-24,71.5,72.59,73.15,70.99
2018-01-25,72.49,71.05,72.9,71.0
2018-01-26,71.11,71.0,71.86,70.71
2018-01-29,70.99,69.32,71.76,68.1
2018-01-30,69.29,68.72,69.45,68.32
2018-01-31,68.66,65.16,68.66,65.12
2018-02-01,65.02,61.62,65.5,61.6
2018-02-02,61.7,61.0,62.52,59.53
2018-02-05,59.8,59.69,60.78,59.1
2018-02-06,58.1,55.3,59.79,55.15
2018-02-07,55.98,57.01,57.7,55.18
2018-02-08,56.86,57.59,58.78,56.23
2018-02-09,56.28,56.31,57.3,55.15
2018-02-12,57.6,59.35,59.89,56.61
2018-02-13,59.1,58.75,59.39,58.35
2018-02-14,58.5,58.79,58.95,58.2
2018-02-22,58.79,59.32,59.75,58.58
2018-02-23,59.32,59.24,59.47,58.56
2018-02-26,59.69,61.38,61.4,59.69
2018-02-27,60.92,61.57,62.59,60.92
2018-02-28,61.07,61.51,61.87,59.89
2018-03-01,60.52,64.3,64.55,60.02
2018-03-02,64.0,64.3,67.48,63.6
2018-03-05,64.52,65.65,65.78,63.03
2018-03-06,66.0,65.1,67.45,64.85
2018-03-07,64.99,66.03,67.05,63.96
2018-03-08,65.99,66.89,67.5,65.61
2018-03-09,67.29,70.09,70.45,67.19
2018-03-12,70.81,70.42,71.69,69.38
2018-03-13,70.01,68.8,70.09,68.57
2018-03-14,68.79,68.0,69.87,68.0
2018-03-15,68.02,65.62,68.34,63.7
2018-03-16,65.61,65.3,66.6,65.29
2018-03-19,65.3,67.66,67.96,65.3
2018-03-20,67.0,66.83,67.26,65.69
2018-03-21,66.96,66.65,68.98,66.56
2018-03-22,66.06,67.55,68.5,66.0
2018-03-23,64.94,61.16,65.5,60.83
2018-03-26,59.9,62.33,62.4,59.14
2018-03-27,62.6,64.81,65.18,62.6
2018-03-28,63.72,66.0,66.57,63.58
2018-03-29,66.63,66.02,68.7,65.8
2018-03-30,67.3,69.9,70.64,67.04
2018-04-02,71.11,69.55,71.88,69.13
2018-04-03,68.8,73.84,76.51,68.5
2018-04-04,73.67,70.51,74.19,70.32
2018-04-09,70.4,70.6,71.76,69.89
2018-04-10,67.0,64.61,68.0,63.8
2018-04-11,64.82,65.2,65.86,64.43
2018-04-12,65.01,67.06,68.0,65.0
2018-04-13,67.11,68.08,69.09,67.1
2018-04-16,67.21,69.4,69.49,66.38
2018-04-17,69.4,64.47,69.4,64.0
2018-04-18,65.0,65.38,65.89,62.45
2018-04-19,65.01,64.03,65.39,63.89
2018-04-20,63.7,62.82,64.43,60.62
2018-04-23,61.08,61.05,62.48,60.03
2018-04-24,60.62,63.53,63.55,60.62
2018-04-25,62.99,63.57,64.48,62.99
2018-04-26,63.53,61.59,63.53,61.53
2018-04-27,62.67,62.3,62.85,61.2
2018-05-02,62.3,61.38,62.99,61.0
2018-05-03,61.14,62.6,62.86,60.1
2018-05-04,62.13,62.46,63.34,62.13
2018-05-07,62.96,64.31,64.36,62.5
2018-05-08,63.78,64.29,64.65,63.78
2018-05-09,64.39,64.62,64.9,63.73
2018-05-10,64.99,65.84,65.9,64.32
2018-05-11,65.74,63.56,66.38,63.35
2018-05-14,64.01,62.8,64.49,62.71
2018-05-15,62.99,64.29,64.29,62.6
2018-05-16,64.26,63.22,64.26,63.21
2018-05-17,63.0,63.07,63.69,62.53
2018-05-18,62.77,63.58,63.99,62.35
2018-05-21,64.02,64.91,65.45,63.55
2018-05-22,65.1,65.7,65.8,64.61
2018-05-23,65.69,65.12,65.84,64.93
2018-05-24,65.32,64.58,65.35,64.3
2018-05-25,64.57,65.5,65.75,64.05
