date,open,close,high,low
2016-08-30,3.331,3.998,3.998,3.331
2016-08-31,4.397,4.397,4.397,4.397
2016-09-01,4.838,4.838,4.838,4.838
2016-09-02,5.323,5.323,5.323,5.323
2016-09-05,5.854,5.854,5.854,5.854
2016-09-06,6.439,6.439,6.439,6.439
2016-09-07,7.084,7.084,7.084,7.084
2016-09-08,7.792,7.792,7.792,7.792
2016-09-09,8.572,8.572,8.572,8.572
2016-09-12,9.43,9.43,9.43,9.43
2016-09-13,10.374,10.374,10.374,10.374
2016-09-14,11.413,11.413,11.413,11.413
2016-09-19,12.557,12.557,12.557,12.557
2016-09-20,13.814,13.814,13.814,13.814
2016-09-21,15.193,15.193,15.193,15.193
2016-09-22,16.714,16.714,16.714,16.714
2016-09-23,18.383,18.383,18.383,18.383
2016-09-26,20.221,20.221,20.221,20.221
2016-09-27,22.245,21.556,22.245,20.43
2016-09-28,21.025,21.574,22.005,20.648
2016-09-29,21.134,21.569,21.642,20.725
2016-09-30,21.438,20.317,21.533,20.317
2016-10-10,20.407,21.274,21.51,20.108
2016-10-11,21.124,22.168,22.227,21.124
2016-10-12,21.692,21.773,22.223,21.283
2016-10-13,21.955,22.014,23.598,21.873
2016-10-14,21.782,22.717,22.912,21.419
2016-10-17,22.599,22.227,22.64,21.887
2016-10-18,22.173,22.545,23.008,22.059
2016-10-19,22.463,23.212,23.502,22.25
2016-10-20,22.962,22.263,23.117,22.145
2016-10-21,22.318,23.035,24.46,22.214
2016-10-24,23.039,23.462,23.815,22.495
2016-10-25,23.153,24.047,25.177,23.144
2016-10-26,24.042,26.298,26.411,23.72
2016-10-27,25.78,26.774,26.774,25.277
2016-10-28,26.275,25.141,27.582,25.131
2016-10-31,24.528,23.566,24.868,23.498
2016-11-01,23.802,24.051,24.455,23.688
2016-11-02,23.779,24.26,24.927,23.416
2016-11-03,24.051,23.952,24.737,23.825
2016-11-04,23.952,24.941,25.122,23.888
2016-11-07,25.004,24.805,25.776,24.414
2016-11-08,24.905,25.177,25.227,24.419
2016-11-09,25.231,25.821,26.47,24.868
2016-11-10,25.912,26.57,27.636,25.867
2016-11-11,26.597,26.048,27.183,25.504
2016-11-14,25.812,26.352,26.502,25.64
2016-11-15,26.143,25.862,26.393,25.504
2016-11-16,25.862,24.8,25.935,24.8
2016-11-17,24.283,24.532,24.759,24.283
2016-11-18,24.7,24.66,25.449,24.605
2016-11-21,24.542,25.277,25.413,24.283
2016-11-22,25.377,26.316,26.538,25.377
2016-11-23,26.32,26.584,27.682,26.012
2016-11-24,26.298,25.517,27.001,25.458
2016-11-25,25.222,25.79,25.985,24.056
2016-11-28,25.413,26.57,26.57,25.413
2016-11-29,26.575,25.508,26.992,25.413
2016-11-30,25.367,25.222,25.662,24.542
2016-12-01,25.004,25.1,25.408,24.877
2016-12-02,25.036,24.065,25.186,24.056
2016-12-05,23.598,23.77,24.414,23.421
2016-12-06,23.961,23.815,24.138,23.756
2016-12-07,23.788,23.961,24.051,23.289
2016-12-08,23.961,23.462,24.174,23.416
2016-12-09,23.384,23.893,23.893,23.058
2016-12-12,23.897,22.168,24.188,21.919
2016-12-13,21.406,21.66,22.055,20.966
2016-12-14,21.655,21.701,22.114,21.193
2016-12-15,21.556,21.778,22.259,21.465
2016-12-16,21.787,22.186,22.295,21.646
2016-12-19,22.236,23.021,23.035,21.873
2016-12-20,23.021,23.026,23.425,22.74
2016-12-21,23.026,23.117,23.403,22.803
2016-12-22,23.117,22.835,23.126,22.518
2016-12-23,22.735,21.047,22.735,20.988
2016-12-26,20.702,21.043,21.124,19.745
2016-12-27,20.966,21.134,21.692,20.848
2016-12-28,21.12,20.752,21.193,20.639
2016-12-29,20.752,20.385,20.957,20.294
2016-12-30,20.512,20.326,20.548,20.299
2017-01-03,20.376,20.807,21.102,20.353
2017-01-04,20.807,21.274,21.401,20.807
2017-01-05,21.261,20.593,21.261,20.466
2017-01-06,20.566,19.4,20.566,19.346
2017-01-09,19.386,19.073,19.386,18.774
2017-01-10,19.06,18.924,19.332,18.833
2017-01-11,18.828,18.066,18.924,18.066
2017-01-12,18.039,18.093,18.542,17.925
2017-01-13,17.971,17.512,18.134,17.394
2017-01-16,17.244,16.119,17.431,15.761
2017-01-17,16.133,16.813,17.027,15.307
2017-01-18,16.564,15.996,16.586,15.965
2017-01-19,15.879,16.06,16.496,15.452
2017-01-20,16.065,16.691,16.768,15.892
2017-01-23,16.409,16.845,17.077,16.409
2017-01-24,16.881,16.428,16.995,16.341
2017-01-25,16.305,16.6,16.89,16.305
2017-01-26,16.736,16.831,16.968,16.614
2017-02-03,16.836,16.632,16.963,16.618
2017-02-06,16.691,17.698,17.698,16.641
2017-02-07,17.703,17.952,18.098,17.412
2017-02-08,17.766,17.943,18.143,17.471
2017-02-09,18.061,17.712,18.061,17.662
2017-02-10,17.744,17.131,17.798,17.131
2017-02-13,17.018,17.458,17.617,16.995
2017-02-14,17.381,17.598,17.748,17.381
2017-02-15,17.612,17.68,18.061,17.612
2017-02-16,17.653,17.412,17.744,17.163
2017-02-17,17.372,16.85,17.539,16.786
2017-02-20,16.7,16.627,16.945,16.246
2017-02-21,16.623,17.063,17.122,16.518
2017-02-22,17.04,16.99,17.217,16.795
2017-02-23,16.859,17.326,17.385,16.859
2017-02-24,17.39,17.703,17.803,17.263
2017-02-27,17.698,17.63,17.998,17.485
2017-02-28,17.63,17.88,17.889,17.517
2017-03-01,17.83,17.812,18.279,17.744
2017-03-02,17.744,17.698,17.948,17.553
2017-03-03,17.789,17.843,17.921,17.612
2017-03-06,17.789,18.22,18.279,17.78
2017-03-07,18.234,18.651,18.719,18.225
2017-03-08,18.651,18.719,18.842,18.461
2017-03-09,18.615,18.343,18.619,18.157
2017-03-10,18.297,18.878,18.896,18.297
2017-03-13,18.878,19.1,19.105,18.61
2017-03-14,19.005,18.896,19.1,18.878
2017-03-15,18.751,18.992,19.182,18.697
2017-03-16,19.06,19.4,19.7,18.973
2017-03-17,19.464,18.796,19.609,18.783
2017-03-20,18.787,19.332,19.423,18.647
2017-03-21,19.2,19.513,19.513,19.2
2017-03-22,19.468,19.786,19.967,18.924
2017-03-23,19.772,20.072,20.702,19.287
2017-03-24,20.194,20.625,21.329,20.058
2017-03-27,20.421,20.966,21.079,20.058
2017-03-28,20.857,20.017,20.916,20.013
2017-03-29,22.018,22.018,22.018,22.018
2017-03-30,23.598,22.976,24.219,22.717
2017-03-31,23.598,21.787,23.797,20.68
2017-04-05,21.642,21.51,22.749,20.947
2017-04-06,21.896,21.419,22.463,21.301
2017-04-07,21.224,20.299,21.537,20.199
2017-04-10,19.627,18.27,19.677,18.27
2017-04-11,18.152,18.197,18.447,17.199
2017-04-12,18.216,17.317,18.216,17.294
2017-04-13,17.562,17.244,17.912,17.131
2017-04-14,17.335,17.412,17.784,17.167
2017-04-17,16.791,16.478,16.791,16.228
2017-04-18,16.591,16.75,17.049,16.446
2017-04-19,16.741,17.308,17.412,16.7
2017-04-20,17.244,16.927,17.381,16.632
2017-04-21,16.936,16.791,17.122,16.714
2017-04-24,16.818,16.087,16.841,15.724
2017-04-25,16.586,16.069,16.586,15.983
2017-04-26,16.074,16.614,16.813,16.019
2017-04-27,16.428,17.417,17.517,16.282
2017-04-28,17.244,17.548,17.825,17.199
2017-05-02,17.653,17.421,17.676,17.299
2017-05-03,17.367,17.961,18.084,17.367
2017-05-04,17.698,17.784,17.948,17.471
2017-05-05,19.023,19.563,19.563,18.651
2017-05-08,19.318,18.719,20.049,18.719
2017-05-09,18.188,19.536,19.563,17.925
2017-05-10,19.332,21.492,21.492,19.159
2017-05-11,20.8,20.07,20.8,19.34
2017-05-12,20.4,21.42,21.74,20.08
2017-05-15,20.73,20.25,20.96,19.41
2017-05-16,19.55,21.39,21.9,19.55
2017-05-17,21.0,21.6,21.6,20.35
2017-05-18,21.17,21.04,23.66,20.85
2017-05-19,20.56,19.4,20.81,19.0
2017-05-22,19.23,17.46,19.57,17.46
2017-05-23,16.81,16.0,17.65,15.83
2017-05-24,16.28,16.38,16.79,15.97
2017-05-25,16.48,16.01,16.57,15.4
2017-05-26,16.12,16.43,16.54,15.77
2017-05-31,17.0,16.53,17.5,16.53
2017-06-01,16.26,14.88,16.3,14.88
2017-06-02,14.77,15.16,15.4,14.1
2017-06-05,15.37,15.17,15.59,15.12
2017-06-06,14.97,15.91,15.97,14.9
2017-06-07,15.83,17.14,17.44,15.7
2017-06-08,16.93,16.8,17.2,16.63
2017-06-09,16.38,16.59,16.77,16.02
2017-06-12,16.31,15.26,16.31,14.95
2017-06-13,15.04,16.47,16.53,15.04
2017-06-14,16.52,16.09,16.52,15.95
2017-06-15,16.28,16.43,16.79,16.18
2017-06-16,16.5,16.66,17.2,16.31
2017-06-19,16.5,16.85,17.33,16.36
2017-06-20,16.75,16.47,17.23,16.4
2017-06-21,16.53,16.33,16.76,16.0
2017-06-22,16.36,15.55,16.43,15.51
2017-06-23,15.85,15.68,15.9,15.12
2017-06-26,15.68,15.78,15.82,15.44
2017-06-27,15.78,15.7,16.07,15.61
2017-06-28,15.58,15.28,15.87,15.26
2017-06-29,15.24,15.3,15.54,15.21
2017-06-30,15.25,15.47,15.65,15.2
2017-07-03,15.45,15.62,15.75,15.4
2017-07-04,15.53,15.51,15.75,15.42
2017-07-05,15.45,15.72,15.84,15.38
2017-07-06,15.73,15.7,15.87,15.51
2017-07-07,15.69,15.81,15.96,15.61
2017-07-10,15.68,15.22,15.68,15.16
2017-07-11,15.3,14.95,15.36,14.9
2017-07-12,15.0,15.06,15.19,14.4
2017-07-13,15.0,14.58,15.06,14.48
2017-07-14,14.67,14.48,14.72,14.4
2017-07-17,14.46,13.03,14.46,13.03
2017-07-18,12.98,13.04,13.12,12.5
2017-07-19,12.82,12.96,13.09,12.68
2017-07-20,12.95,13.0,13.45,12.86
2017-07-21,12.93,12.65,13.08,12.58
2017-07-24,12.6,12.71,12.77,12.13
2017-07-25,12.69,12.93,13.13,12.65
2017-07-26,12.93,12.65,13.04,12.51
2017-07-27,12.73,13.18,13.2,12.57
2017-07-28,13.12,12.85,13.17,12.8
2017-07-31,12.85,12.89,12.99,12.67
2017-08-01,12.82,12.93,12.98,12.71
2017-08-02,12.6,12.63,12.95,12.6
2017-08-03,12.65,13.03,13.7,12.31
2017-08-04,13.2,12.85,13.39,12.81
2017-08-07,12.65,12.88,13.13,12.63
2017-08-08,12.88,12.85,13.0,12.58
2017-08-09,12.82,12.79,12.98,12.74
2017-08-10,12.79,12.61,12.96,12.48
2017-08-11,12.55,12.57,12.93,12.44
2017-08-14,12.58,12.99,12.99,12.57
2017-08-15,13.11,13.57,13.65,13.03
2017-08-16,13.44,13.51,13.8,13.2
2017-08-17,13.51,13.55,13.66,13.25
2017-08-18,13.31,13.27,13.48,13.2
2017-08-21,13.28,13.4,13.48,13.23
2017-08-22,13.41,13.17,13.51,13.15
2017-08-23,13.17,13.29,13.37,13.06
2017-08-24,13.25,13.19,13.52,13.1
2017-08-25,13.32,13.73,13.92,13.2
2017-08-28,13.75,14.03,14.4,13.51
2017-08-29,13.89,13.94,14.29,13.71
2017-08-30,13.75,13.73,14.12,13.66
2017-08-31,13.74,14.08,14.13,13.74
2017-09-01,14.1,14.17,14.2,13.92
2017-09-04,14.26,13.91,14.27,13.9
2017-09-05,13.93,14.07,14.21,13.89
2017-09-06,14.0,14.14,14.18,13.51
2017-09-07,14.06,14.25,14.67,14.03
2017-09-08,14.19,14.25,14.26,13.83
2017-09-11,14.25,14.74,14.76,14.25
2017-09-12,14.8,14.28,14.8,14.24
2017-09-13,14.27,14.16,14.27,14.01
2017-09-14,14.2,13.98,14.2,13.76
2017-09-15,13.91,13.82,14.04,13.8
2017-09-18,13.63,13.79,13.84,13.56
2017-09-19,13.83,13.81,13.91,13.66
2017-09-20,13.76,13.93,13.96,13.69
2017-09-21,13.93,13.86,14.15,13.84
2017-09-22,13.83,13.92,13.95,13.58
2017-09-25,13.82,13.94,14.08,13.74
2017-09-26,13.88,13.21,14.08,13.16
2017-09-27,13.3,13.3,13.44,13.18
2017-09-28,13.29,12.94,13.38,12.92
2017-09-29,12.99,13.06,13.11,12.93
2017-10-09,13.38,13.29,13.38,13.18
2017-10-10,13.28,13.64,13.72,13.23
2017-10-11,13.56,13.6,13.79,13.5
2017-10-12,13.57,13.9,13.94,13.48
2017-10-13,13.78,14.02,14.23,13.78
2017-10-16,13.96,13.35,13.96,13.27
2017-10-17,13.22,13.36,13.55,13.22
2017-10-18,13.38,13.14,13.45,13.06
2017-10-19,13.13,12.9,13.24,12.85
2017-10-20,12.83,13.02,13.09,12.83
2017-10-23,13.03,13.23,13.24,12.96
2017-10-24,13.18,13.03,13.18,12.81
2017-10-25,12.98,13.47,13.47,12.88
2017-10-26,13.5,13.55,13.8,13.46
2017-10-27,13.56,13.37,13.78,13.36
2017-10-30,13.45,12.81,13.45,12.8
2017-10-31,12.85,13.09,13.12,12.83
2017-11-01,13.09,13.1,13.21,13.01
2017-11-02,13.14,12.85,13.14,12.83
2017-11-03,12.85,12.75,12.99,12.63
2017-11-06,12.85,13.0,13.01,12.75
2017-11-07,12.95,12.92,12.95,12.72
2017-11-08,12.83,13.08,13.14,12.82
2017-11-09,13.08,13.1,13.11,12.94
2017-11-10,13.09,13.05,13.13,12.96
2017-11-13,13.1,12.93,13.11,12.9
2017-11-14,12.98,12.82,12.99,12.7
2017-11-15,12.8,12.77,12.84,12.66
2017-11-16,12.7,12.46,12.78,12.4
2017-11-17,12.41,11.58,12.54,11.45
2017-11-20,11.62,11.46,11.62,10.99
2017-11-21,11.4,11.3,11.53,11.17
2017-11-22,11.33,11.21,11.45,11.15
2017-11-23,11.28,11.41,11.93,11.0
2017-11-24,11.38,11.37,11.76,11.17
2017-11-27,11.37,11.17,11.4,11.06
2017-11-28,11.17,11.3,11.36,11.16
2017-11-29,11.32,11.18,11.32,11.06
2017-11-30,11.16,11.18,11.31,11.09
2017-12-01,11.3,11.45,11.48,11.21
2017-12-04,11.4,11.04,11.4,11.0
2017-12-05,11.01,10.52,11.16,10.51
2017-12-06,10.61,10.82,11.0,10.6
2017-12-07,10.7,10.85,10.98,10.7
2017-12-08,10.84,10.95,11.08,10.84
2017-12-11,10.98,10.99,11.06,10.93
2017-12-12,11.01,10.72,11.08,10.7
2017-12-13,10.71,10.82,10.84,10.64
2017-12-14,10.84,10.8,10.85,10.69
2017-12-15,10.8,10.88,10.95,10.75
2017-12-18,10.82,10.71,10.94,10.65
2017-12-19,10.71,10.88,10.96,10.69
2017-12-20,10.88,10.71,10.93,10.66
2017-12-21,10.66,10.74,10.74,10.59
2017-12-22,10.72,10.73,10.79,10.65
2017-12-25,10.82,10.55,10.82,10.42
2017-12-26,10.46,10.84,10.94,10.44
2017-12-27,10.82,10.88,10.89,10.74
2017-12-28,10.92,11.07,11.21,10.85
2017-12-29,11.08,11.13,11.23,11.01
2018-01-02,11.11,11.13,11.24,11.01
2018-01-03,11.16,11.17,11.18,11.08
2018-01-04,11.17,11.08,11.21,11.06
2018-01-05,11.13,11.1,11.13,11.02
2018-01-08,11.1,11.01,11.13,10.9
2018-01-09,11.05,11.03,11.09,10.91
2018-01-10,11.02,10.77,11.03,10.66
2018-01-11,10.75,10.88,10.9,10.41
2018-01-12,10.85,10.78,10.91,10.72
2018-01-15,10.78,10.47,10.78,10.44
2018-01-16,10.42,10.59,10.67,10.41
2018-01-17,10.54,10.76,10.81,10.44
2018-01-18,10.8,10.95,11.2,10.68
2018-01-19,10.95,11.29,11.38,10.58
2018-01-22,11.29,11.75,12.19,11.01
2018-01-23,11.52,11.37,11.6,11.18
2018-01-24,11.2,11.16,11.26,11.05
2018-01-25,11.15,11.05,11.24,11.04
2018-01-26,11.1,10.88,11.2,10.81
2018-01-29,10.86,10.63,10.93,10.6
2018-01-30,10.64,10.87,10.87,10.63
2018-01-31,10.78,10.59,10.99,10.57
2018-02-01,10.6,9.92,10.73,9.8
2018-02-02,10.0,9.65,10.0,9.2
2018-02-05,9.55,9.5,9.6,9.31
2018-02-06,9.43,8.58,9.43,8.58
2018-02-07,8.88,8.73,8.97,8.39
2018-02-08,8.75,8.91,9.14,8.68
2018-02-09,8.72,8.68,8.78,8.41
2018-02-12,8.85,8.9,8.99,8.72
2018-02-13,9.05,8.69,9.05,8.61
2018-02-14,8.65,8.7,8.73,8.63
2018-02-22,8.73,8.82,8.87,8.73
2018-02-23,8.85,8.9,8.9,8.78
2018-02-26,8.95,9.19,9.33,8.94
2018-02-27,9.19,9.19,9.27,9.12
2018-02-28,9.15,9.15,9.19,8.99
2018-03-01,9.14,9.28,9.28,9.08
2018-03-02,9.22,9.16,9.28,9.11
2018-03-05,9.16,9.26,9.27,9.09
2018-03-06,9.27,9.35,9.43,9.27
2018-03-07,9.3,9.29,9.36,9.16
2018-03-08,9.32,9.7,9.99,9.29
2018-03-09,9.73,9.73,9.87,9.57
2018-03-12,9.71,9.9,9.97,9.71
2018-03-13,9.92,10.1,10.39,9.71
2018-03-14,9.91,9.79,10.02,9.73
2018-03-15,9.77,9.55,9.77,9.29
2018-03-16,9.47,9.52,9.66,9.47
2018-03-19,9.53,9.58,9.71,9.52
2018-03-20,9.55,9.73,9.85,9.39
2018-03-21,9.74,9.6,9.87,9.52
2018-03-22,9.58,9.92,9.97,9.52
2018-03-23,9.65,8.93,9.76,8.93
2018-03-26,8.72,8.96,9.07,8.44
2018-03-27,9.09,9.21,9.42,9.01
2018-03-28,9.11,9.44,9.86,9.05
2018-03-29,9.39,9.6,9.88,9.31
2018-03-30,9.62,9.8,9.8,9.53
2018-04-02,9.77,9.82,9.96,9.7
2018-04-03,9.64,9.86,9.88,9.51
2018-04-04,9.87,9.74,10.11,9.69
2018-04-09,9.62,9.98,10.04,9.62
2018-04-10,9.89,10.02,10.1,9.73
2018-04-11,9.96,10.13,10.38,9.95
2018-04-12,10.06,10.52,11.14,10.05
2018-04-13,10.43,10.06,10.56,10.0
2018-04-16,9.97,9.83,10.06,9.78
2018-04-17,9.82,9.62,9.99,9.55
2018-04-18,9.72,9.82,9.82,9.36
2018-04-19,9.83,9.66,9.84,9.66
2018-04-20,9.69,9.22,9.7,9.09
2018-04-23,9.22,9.21,9.38,9.02
2018-04-24,9.2,9.48,9.55,9.2
2018-04-25,9.45,9.64,9.74,9.4
2018-04-26,9.58,9.38,9.7,9.33
2018-04-27,9.44,9.42,9.59,9.35
2018-05-02,9.49,9.33,9.54,9.25
2018-05-03,9.3,9.54,9.55,9.13
2018-05-04,9.52,9.6,9.98,9.46
2018-05-07,9.6,10.05,10.15,9.57
2018-05-08,10.05,10.26,10.57,10.05
2018-05-09,10.21,11.29,11.29,10.21
2018-05-10,12.42,12.42,12.42,12.42
2018-05-11,12.4,11.6,12.95,11.3
2018-05-14,10.6,10.44,10.9,10.44
2018-05-15,10.3,10.53,10.61,10.22
2018-05-16,10.33,10.29,10.44,10.27
2018-05-17,10.22,10.44,10.54,10.22
2018-05-18,10.44,10.34,10.44,10.09
2018-05-21,10.42,10.94,11.25,10.37
2018-05-22,10.74,11.48,11.48,10.71
2018-05-23,11.37,11.36,11.44,11.08
2018-05-24,11.39,11.78,11.81,11.1
2018-05-25,12.96,12.2,12.96,11.86
