date,open,close,high,low
2016-08-18,5.924,7.11,7.11,5.924
2016-08-19,7.821,7.821,7.821,7.821
2016-08-22,8.605,8.605,8.605,8.605
2016-08-23,9.464,9.464,9.464,9.464
2016-08-24,10.411,10.411,10.411,10.411
2016-08-25,11.452,11.452,11.452,11.452
2016-08-26,12.598,12.598,12.598,12.598
2016-08-29,13.857,13.857,13.857,13.857
2016-08-30,15.243,15.243,15.243,15.243
2016-08-31,16.768,16.768,16.768,16.768
2016-09-01,18.444,18.444,18.444,18.444
2016-09-02,20.289,20.289,20.289,20.289
2016-09-05,22.319,22.319,22.319,22.319
2016-09-06,24.552,24.552,24.552,24.552
2016-09-07,27.009,27.009,27.009,27.009
2016-09-08,29.711,29.711,29.711,29.711
2016-09-09,31.163,28.386,31.199,28.304
2016-09-12,25.868,27.899,28.579,25.868
2016-09-13,28.927,28.138,29.408,27.835
2016-09-14,27.838,29.178,29.847,27.838
2016-09-19,29.142,27.956,29.318,27.684
2016-09-20,27.829,26.422,28.213,26.141
2016-09-21,26.322,25.974,26.586,25.726
2016-09-22,26.186,25.554,26.232,25.424
2016-09-23,25.393,24.967,25.999,24.931
2016-09-26,24.749,24.973,25.953,24.111
2016-09-27,24.658,26.628,26.67,24.658
2016-09-28,26.504,25.345,26.595,25.345
2016-09-29,25.157,26.897,27.681,24.961
2016-09-30,26.534,27.354,27.523,26.256
2016-10-10,27.669,29.741,30.089,27.154
2016-10-11,29.647,29.883,30.228,29.048
2016-10-12,29.348,29.463,30.122,29.045
2016-10-13,29.296,28.271,29.892,28.017
2016-10-14,28.011,28.44,28.9,27.902
2016-10-17,29.045,28.712,29.95,28.682
2016-10-18,28.198,28.837,28.837,27.59
2016-10-19,28.682,28.607,29.408,28.316
2016-10-20,28.646,27.787,29.194,27.593
2016-10-21,27.638,27.862,28.192,26.9
2016-10-24,27.862,27.505,28.008,26.936
2016-10-25,27.529,28.349,29.348,27.526
2016-10-26,28.138,29.348,29.408,27.808
2016-10-27,29.348,30.134,30.558,29.048
2016-10-28,29.862,29.33,29.953,28.915
2016-10-31,28.776,28.068,28.855,27.853
2016-11-01,28.077,28.561,28.861,28.077
2016-11-02,28.44,28.201,28.843,28.071
2016-11-03,27.974,28.486,28.734,27.239
2016-11-04,28.153,28.585,28.833,28.153
2016-11-07,28.591,28.41,29.348,28.289
2016-11-08,28.591,28.528,28.682,27.989
2016-11-09,28.501,28.44,28.706,27.533
2016-11-10,28.486,29.445,29.826,28.337
2016-11-11,29.469,30.422,30.522,29.045
2016-11-14,31.384,29.874,32.464,29.85
2016-11-15,29.287,28.906,29.832,28.531
2016-11-16,28.955,27.917,28.985,27.89
2016-11-17,27.772,27.654,27.98,27.593
2016-11-18,27.95,28.156,28.546,27.714
2016-11-21,27.893,28.374,28.7,27.893
2016-11-22,29.923,30.401,31.212,29.684
2016-11-23,29.859,30.864,31.224,29.227
2016-11-24,30.349,31.354,32.131,29.959
2016-11-25,30.858,34.488,34.488,30.709
2016-11-28,33.584,32.404,35.066,32.404
2016-11-29,31.968,31.012,33.178,30.873
2016-11-30,30.891,31.814,32.186,30.77
2016-12-01,31.475,31.817,33.239,31.233
2016-12-02,31.768,29.759,31.768,29.717
2016-12-05,28.852,29.136,29.632,28.355
2016-12-06,29.251,28.879,29.348,28.803
2016-12-07,28.985,29.191,29.251,27.896
2016-12-08,29.045,27.548,29.045,27.442
2016-12-09,27.499,26.988,27.944,26.758
2016-12-12,26.891,24.325,27.169,24.289
2016-12-13,24.053,24.407,24.749,23.478
2016-12-14,24.371,23.563,24.465,23.33
2016-12-15,23.599,24.328,24.628,23.572
2016-12-16,24.235,24.386,24.561,24.071
2016-12-19,24.446,23.899,24.628,23.633
2016-12-20,23.902,23.835,23.974,23.53
2016-12-21,23.859,23.959,24.053,23.569
2016-12-22,23.872,24.462,24.77,23.593
2016-12-23,24.295,22.692,24.383,22.12
2016-12-26,22.392,22.897,23.027,21.633
2016-12-27,22.897,22.661,23.015,22.631
2016-12-28,22.571,22.441,22.934,22.392
2016-12-29,22.51,21.956,22.586,21.787
2016-12-30,21.956,21.279,22.071,21.127
2017-01-03,21.481,21.817,21.959,21.36
2017-01-04,21.814,22.28,22.407,21.687
2017-01-05,22.126,22.011,22.383,21.739
2017-01-06,21.962,21.33,21.996,20.604
2017-01-09,21.143,21.203,21.327,20.728
2017-01-10,21.212,21.179,21.481,21.028
2017-01-11,21.14,20.843,21.3,20.816
2017-01-12,20.846,21.058,21.627,20.846
2017-01-13,21.133,19.981,21.315,19.923
2017-01-16,19.76,17.984,19.817,17.984
2017-01-17,17.884,18.928,19.364,17.146
2017-01-18,17.79,17.224,17.821,17.094
2017-01-19,16.928,17.11,17.639,16.55
2017-01-20,17.064,17.639,17.681,16.81
2017-01-23,17.488,17.699,17.845,17.485
2017-01-24,17.609,17.321,17.733,17.279
2017-01-25,17.403,17.624,17.684,17.279
2017-01-26,17.69,17.572,17.769,17.515
2017-02-03,17.663,17.358,17.663,17.309
2017-02-06,17.473,18.138,18.516,17.367
2017-02-07,18.063,18.09,18.138,17.678
2017-02-08,18.005,18.292,18.392,17.869
2017-02-09,18.229,18.308,18.601,18.153
2017-02-10,18.238,17.548,18.553,17.512
2017-02-13,17.488,18.432,18.438,17.267
2017-02-14,18.456,18.28,18.692,18.214
2017-02-15,18.159,18.305,18.695,18.075
2017-02-16,18.123,18.014,18.25,17.863
2017-02-17,17.914,17.736,18.117,17.645
2017-02-20,17.663,17.851,17.872,17.094
2017-02-21,17.745,18.096,18.19,17.645
2017-02-22,18.184,17.908,18.283,17.572
2017-02-23,17.932,18.159,18.162,17.811
2017-02-24,18.199,18.559,18.743,18.066
2017-02-27,18.414,18.41,18.97,18.308
2017-02-28,18.314,19.206,19.817,18.311
2017-03-01,19.303,18.843,19.321,18.792
2017-03-02,18.843,18.516,18.94,18.501
2017-03-03,18.456,18.607,18.634,18.247
2017-03-06,18.631,18.889,19.031,18.631
2017-03-07,19.0,19.306,19.324,18.91
2017-03-08,19.243,18.967,19.243,18.855
2017-03-09,18.967,18.825,19.197,18.698
2017-03-10,18.849,19.188,19.485,18.777
2017-03-13,19.209,19.575,19.808,19.209
2017-03-14,19.497,20.755,21.472,19.463
2017-03-15,20.362,20.453,20.528,20.168
2017-03-16,20.483,20.81,21.436,20.483
2017-03-17,20.749,20.295,21.385,20.156
2017-03-20,20.271,20.504,20.504,19.842
2017-03-21,20.474,20.422,20.477,20.12
2017-03-22,20.25,20.665,20.665,19.878
2017-03-23,20.743,21.067,21.27,20.441
2017-03-24,20.937,21.058,21.236,20.728
2017-03-27,20.864,20.392,21.028,20.317
2017-03-28,20.407,19.681,20.528,19.672
2017-03-29,19.606,18.501,19.899,18.329
2017-03-30,18.389,17.781,18.592,17.699
2017-03-31,17.836,17.978,18.32,17.578
2017-04-05,18.129,18.259,18.444,17.672
2017-04-06,18.607,18.423,19.016,18.353
2017-04-07,18.592,18.132,18.592,18.096
2017-04-10,17.881,16.641,17.881,16.474
2017-04-11,16.592,17.14,17.176,16.459
2017-04-12,17.306,18.156,18.668,17.306
2017-04-13,18.117,17.724,18.359,17.672
2017-04-14,17.56,17.699,17.911,17.518
2017-04-17,17.249,17.14,17.445,16.795
2017-04-18,17.191,16.943,17.482,16.883
2017-04-19,16.734,17.442,17.448,16.61
2017-04-20,17.427,17.094,17.603,16.87
2017-04-21,17.209,17.155,17.578,17.067
2017-04-24,17.119,16.641,17.391,16.341
2017-04-25,16.644,16.907,17.022,16.61
2017-04-26,16.883,17.27,17.336,16.777
2017-04-27,16.338,16.526,16.701,15.542
2017-04-28,16.187,15.854,16.293,15.697
2017-05-02,15.763,15.787,15.99,15.706
2017-05-03,15.824,15.839,15.996,15.585
2017-05-04,15.881,15.936,16.187,15.86
2017-05-05,15.733,16.202,16.429,15.582
2017-05-08,16.262,15.845,16.513,15.742
2017-05-09,15.845,16.156,16.232,15.612
2017-05-10,16.138,15.4,16.508,15.131
2017-05-11,14.932,15.12,15.307,14.321
2017-05-12,15.097,14.976,15.659,14.905
2017-05-15,14.971,14.651,15.23,14.475
2017-05-16,14.541,15.12,15.186,14.326
2017-05-17,15.136,15.213,15.411,14.927
2017-05-18,15.015,15.224,15.522,14.932
2017-05-19,15.202,15.048,15.384,14.877
2017-05-22,15.048,14.145,15.18,13.814
2017-05-23,14.101,13.423,14.249,13.192
2017-05-24,13.357,13.324,13.418,12.949
2017-05-25,13.329,13.219,13.423,12.729
2017-05-26,13.329,13.263,13.396,13.087
2017-05-31,13.704,13.159,13.759,12.999
2017-06-01,12.999,12.25,13.104,12.228
2017-06-02,12.222,12.657,12.724,11.903
2017-06-05,12.867,12.663,12.999,12.602
2017-06-06,12.668,12.779,12.883,12.388
2017-06-07,12.674,13.302,13.495,12.674
2017-06-08,13.302,13.842,14.249,13.153
2017-06-09,13.82,13.743,13.831,13.39
2017-06-12,13.478,12.999,13.495,12.894
2017-06-13,12.977,13.318,13.429,12.927
2017-06-14,13.269,13.274,13.456,13.175
2017-06-15,13.274,14.029,14.233,13.269
2017-06-16,14.04,14.04,14.585,14.001
2017-06-19,13.952,14.073,14.426,13.935
2017-06-20,14.211,13.709,14.211,13.638
2017-06-21,13.621,13.858,13.985,13.621
2017-06-22,13.858,13.236,13.875,13.219
2017-06-23,13.137,13.302,13.434,12.872
2017-06-26,13.296,13.44,13.445,13.032
2017-06-27,13.489,13.318,13.594,13.291
2017-06-28,13.214,12.988,13.429,12.894
2017-06-29,12.867,12.971,13.137,12.867
2017-06-30,12.889,13.01,13.093,12.795
2017-07-03,13.026,13.39,13.418,13.026
2017-07-04,13.28,13.313,13.44,13.175
2017-07-05,13.307,13.577,13.594,13.263
2017-07-06,13.577,13.451,13.759,13.28
2017-07-07,13.401,13.825,13.869,13.396
2017-07-10,13.671,13.357,13.759,13.34
2017-07-11,13.357,13.043,13.478,13.032
2017-07-12,13.043,12.889,13.142,12.454
2017-07-13,12.889,12.619,12.889,12.531
2017-07-14,12.602,12.487,12.602,12.217
2017-07-17,12.2,11.236,12.448,11.236
2017-07-18,11.044,11.192,11.457,10.906
2017-07-19,11.192,11.143,11.198,10.966
2017-07-20,11.176,11.005,11.418,11.0
2017-07-21,10.906,10.944,11.159,10.906
2017-07-24,10.9,11.093,11.17,10.774
2017-07-25,11.148,11.363,11.374,11.055
2017-07-26,11.369,11.446,11.479,11.066
2017-07-27,11.391,12.052,12.09,11.302
2017-07-28,12.052,11.776,12.052,11.765
2017-07-31,11.776,11.771,11.925,11.633
2017-08-01,11.842,11.716,11.952,11.462
2017-08-02,11.721,11.93,11.98,11.523
2017-08-03,11.897,12.31,12.553,11.749
2017-08-04,12.294,13.159,13.329,12.294
2017-08-07,13.164,14.475,14.475,13.054
2017-08-08,14.789,14.728,15.478,14.189
2017-08-09,14.706,15.803,15.907,14.255
2017-08-10,15.582,14.877,15.819,14.767
2017-08-11,14.525,14.376,14.75,14.123
2017-08-14,14.271,14.53,14.761,14.123
2017-08-15,14.47,15.048,15.048,14.222
2017-08-16,14.806,14.855,15.356,14.706
2017-08-17,14.596,14.354,14.767,14.106
2017-08-18,14.106,13.88,14.315,13.715
2017-08-21,13.908,14.007,14.233,13.886
2017-08-22,14.139,14.47,14.607,14.04
2017-08-23,14.398,14.26,14.629,14.045
2017-08-24,14.106,14.04,14.255,13.798
2017-08-25,14.045,14.293,14.31,13.891
2017-08-28,14.376,14.706,14.976,14.376
2017-08-29,14.574,14.536,14.734,14.315
2017-08-30,14.492,14.475,14.629,14.376
2017-08-31,14.414,14.822,14.833,14.354
2017-09-01,14.85,14.695,14.987,14.514
2017-09-04,14.706,14.514,14.706,14.376
2017-09-05,14.442,15.384,15.411,14.442
2017-09-06,15.395,16.921,16.921,15.395
2017-09-07,16.91,16.194,16.921,16.094
2017-09-08,16.183,17.295,17.56,16.028
2017-09-11,17.075,17.163,17.785,16.926
2017-09-12,17.042,16.508,17.262,16.249
2017-09-13,16.469,16.519,17.62,16.271
2017-09-14,16.48,16.744,16.954,16.331
2017-09-15,16.601,16.469,17.323,16.469
2017-09-18,16.116,16.414,16.458,15.797
2017-09-19,16.265,16.133,16.777,16.023
2017-09-20,16.414,16.535,16.772,16.138
2017-09-21,16.524,16.541,16.711,16.238
2017-09-22,16.43,16.728,17.069,16.315
2017-09-25,16.673,15.968,16.893,15.896
2017-09-26,15.918,15.097,16.083,14.596
2017-09-27,15.086,15.02,15.279,14.894
2017-09-28,15.009,14.888,15.136,14.872
2017-09-29,14.806,14.817,15.031,14.773
2017-10-09,15.158,14.998,15.312,14.844
2017-10-10,14.993,15.687,15.687,14.921
2017-10-11,15.681,16.127,16.447,15.274
2017-10-12,16.012,15.973,16.794,15.808
2017-10-13,15.852,15.753,15.858,15.318
2017-10-16,16.26,15.808,17.075,15.758
2017-10-17,15.422,16.408,16.441,14.227
2017-10-18,16.414,15.88,16.634,15.797
2017-10-19,15.725,16.006,16.331,15.566
2017-10-20,15.918,17.053,17.053,15.918
2017-10-23,17.146,17.053,17.515,16.568
2017-10-24,16.888,16.777,16.943,16.392
2017-10-25,17.02,17.075,17.339,16.634
2017-10-26,16.81,16.772,16.948,16.634
2017-10-27,16.662,16.006,16.877,15.979
2017-10-30,16.001,15.147,16.249,15.037
2017-10-31,15.411,15.439,15.571,15.175
2017-11-01,15.555,15.571,15.681,15.329
2017-11-02,15.417,14.872,15.483,14.872
2017-11-03,14.883,14.96,15.064,14.624
2017-11-06,15.081,15.367,15.395,14.877
2017-11-07,15.367,15.34,15.467,15.092
2017-11-08,15.367,15.808,15.962,15.202
2017-11-09,15.758,15.769,15.869,15.588
2017-11-10,15.78,15.5,15.946,15.483
2017-11-13,15.703,16.067,16.766,15.703
2017-11-14,15.891,15.373,15.99,15.373
2017-11-15,15.23,14.844,15.23,14.817
2017-11-16,14.982,14.971,14.982,14.624
2017-11-17,14.844,13.792,15.037,13.77
2017-11-20,13.561,13.566,13.743,13.054
2017-11-21,13.566,13.384,13.654,13.17
2017-11-22,13.489,13.23,13.61,13.17
2017-11-23,13.17,12.399,13.203,12.399
2017-11-24,12.327,12.47,12.575,12.189
2017-11-27,12.382,12.338,12.685,12.294
2017-11-28,12.332,12.779,12.784,12.288
2017-11-29,12.779,12.707,12.834,12.399
2017-11-30,12.701,12.685,12.856,12.536
2017-12-01,12.696,12.938,12.971,12.685
2017-12-04,12.971,12.388,12.988,12.206
2017-12-05,12.393,12.007,12.558,11.567
2017-12-06,11.853,12.299,12.316,11.853
2017-12-07,12.332,12.377,12.487,12.162
2017-12-08,12.426,12.652,12.856,12.426
2017-12-11,12.635,12.922,12.955,12.569
2017-12-12,12.993,12.641,12.999,12.619
2017-12-13,12.668,13.054,13.192,12.657
2017-12-14,12.966,12.784,13.043,12.757
2017-12-15,12.779,12.999,13.076,12.762
2017-12-18,13.049,12.944,13.104,12.531
2017-12-19,12.878,12.878,12.966,12.652
2017-12-20,12.768,12.63,12.982,12.613
2017-12-21,12.624,12.597,12.652,12.366
2017-12-22,12.481,12.536,12.657,12.465
2017-12-25,12.657,12.189,12.657,12.013
2017-12-26,12.167,12.531,12.597,12.167
2017-12-27,12.608,12.448,12.724,12.399
2017-12-28,12.454,12.646,12.872,12.399
2017-12-29,12.828,12.773,12.828,12.564
2018-01-02,12.735,12.982,13.093,12.729
2018-01-03,12.933,13.065,13.087,12.861
2018-01-04,13.093,13.098,13.379,13.076
2018-01-05,13.384,13.715,14.001,13.23
2018-01-08,13.605,13.467,13.605,13.274
2018-01-09,13.456,13.302,13.456,13.225
2018-01-10,13.384,13.208,13.55,13.104
2018-01-11,13.137,13.396,13.528,12.933
2018-01-12,13.412,13.164,13.412,13.142
2018-01-15,13.159,12.696,13.164,12.553
2018-01-16,12.553,12.911,12.916,12.553
2018-01-17,12.834,13.296,13.533,12.735
2018-01-18,13.219,13.285,13.318,12.988
2018-01-19,13.214,13.065,13.379,13.065
2018-01-22,13.015,13.236,13.478,12.646
2018-01-23,13.307,13.137,13.307,13.054
2018-01-24,13.082,13.418,13.478,13.026
2018-01-25,13.489,13.302,13.649,13.291
2018-01-26,13.274,13.159,13.346,13.109
2018-01-29,13.219,12.685,13.219,12.685
2018-01-30,12.679,12.944,12.988,12.63
2018-01-31,12.944,12.751,12.944,12.586
2018-02-01,12.145,12.007,12.751,11.479
2018-02-02,12.272,11.787,12.272,11.655
2018-02-05,11.771,12.558,12.558,11.479
2018-02-06,12.14,12.222,12.536,12.129
2018-02-07,12.277,12.393,12.834,12.173
2018-02-08,12.343,12.371,12.613,12.294
2018-02-09,12.013,12.112,12.239,11.848
2018-02-12,12.283,12.547,12.602,12.178
2018-02-13,12.602,12.503,12.823,12.366
2018-02-14,12.657,12.459,12.657,12.255
2018-02-22,12.602,12.674,12.768,12.514
2018-02-23,12.685,12.696,12.751,12.531
2018-02-26,12.85,13.214,13.335,12.757
2018-02-27,13.285,13.219,13.462,13.148
2018-02-28,13.412,13.649,13.77,13.258
2018-03-01,13.39,14.001,14.018,13.291
2018-03-02,14.332,13.952,14.861,13.88
2018-03-05,13.935,14.128,14.205,13.72
2018-03-06,14.321,13.842,14.464,13.792
2018-03-07,13.726,13.814,14.134,13.66
2018-03-08,13.698,13.825,13.908,13.649
2018-03-09,14.023,14.437,14.613,13.842
2018-03-12,14.844,15.108,15.836,14.574
2018-03-13,15.037,15.472,15.973,14.761
2018-03-14,15.312,14.982,15.312,14.872
2018-03-15,14.767,14.971,15.158,14.365
2018-03-16,14.861,14.795,15.158,14.761
2018-03-19,14.817,15.147,15.356,14.596
2018-03-20,14.982,15.081,15.136,14.646
2018-03-21,15.235,14.431,15.285,14.321
2018-03-22,14.574,15.444,15.725,14.574
2018-03-23,14.899,15.389,15.863,14.706
2018-03-26,14.872,16.37,16.37,14.651
2018-03-27,17.185,16.744,17.471,16.403
2018-03-28,16.508,16.706,17.471,16.497
2018-03-29,16.733,16.799,17.119,16.017
2018-03-30,16.921,17.405,18.165,16.728
2018-04-02,18.028,17.433,18.165,17.257
2018-04-03,16.838,16.915,17.218,16.441
2018-04-04,17.02,16.541,17.46,16.524
2018-04-09,16.414,16.64,16.948,15.885
2018-04-10,16.689,16.524,16.7,16.034
2018-04-11,16.524,17.466,18.028,16.524
2018-04-12,17.35,17.301,17.774,17.202
2018-04-13,17.246,16.585,17.455,16.474
2018-04-16,16.508,17.064,17.268,16.304
2018-04-17,17.047,16.161,17.235,16.138
2018-04-18,16.524,17.466,17.615,16.304
2018-04-19,17.405,17.653,17.736,17.146
2018-04-20,17.405,17.185,17.719,17.014
2018-04-23,17.24,16.882,17.62,16.441
2018-04-24,16.722,18.573,18.573,16.722
2018-04-25,18.727,19.361,19.939,18.595
2018-04-26,19.333,19.085,19.548,18.804
2018-04-27,19.465,19.328,19.922,18.92
2018-05-02,19.322,19.878,20.148,19.239
2018-05-03,19.724,19.801,20.022,18.843
2018-05-04,19.829,19.383,19.829,18.975
2018-05-07,19.388,20.281,20.517,19.096
2018-05-08,20.159,19.994,20.281,19.757
2018-05-09,19.939,19.62,19.961,19.399
2018-05-10,19.88,19.81,20.2,18.76
2018-05-11,19.49,18.85,19.92,18.79
2018-05-14,18.69,18.39,19.19,18.03
2018-05-15,18.44,18.89,18.94,18.24
2018-05-16,18.78,18.15,19.25,18.12
2018-05-17,18.2,18.38,18.48,17.81
2018-05-18,18.32,17.77,18.32,17.38
2018-05-21,17.77,17.84,18.18,17.7
2018-05-22,17.83,18.38,18.48,17.76
2018-05-23,18.25,18.6,19.0,18.1
2018-05-24,18.4,18.45,18.93,18.38
2018-05-25,18.38,17.8,18.5,17.3
