date,open,close,high,low
2016-08-18,48.455,52.868,52.868,48.455
2016-08-19,58.153,58.153,58.153,58.153
2016-08-22,63.965,63.965,63.965,63.965
2016-08-23,70.361,70.361,70.361,70.361
2016-08-24,77.402,77.402,77.402,77.402
2016-08-25,85.147,85.147,85.147,85.147
2016-08-26,93.666,93.666,93.666,93.666
2016-08-29,103.038,103.038,103.038,103.038
2016-08-30,113.341,113.341,113.341,113.341
2016-08-31,124.677,124.677,124.677,124.677
2016-09-01,137.142,137.142,137.142,137.142
2016-09-02,150.857,150.857,150.857,150.857
2016-09-05,165.941,165.941,165.941,165.941
2016-09-06,182.532,180.926,182.532,175.63
2016-09-07,177.524,175.799,180.48,175.194
2016-09-08,173.429,177.415,187.689,172.338
2016-09-09,174.539,165.614,175.462,165.614
2016-09-12,158.176,165.297,167.578,156.699
2016-09-13,166.953,160.457,167.25,157.879
2016-09-14,158.672,159.069,165.237,157.978
2016-09-19,159.664,156.996,160.1,154.884
2016-09-20,157.561,157.403,161.518,156.193
2016-09-21,156.282,156.193,158.176,154.606
2016-09-22,157.264,154.695,157.988,154.695
2016-09-23,153.892,151.76,156.104,151.73
2016-09-26,150.292,144.312,151.532,143.876
2016-09-27,143.797,147.406,147.555,143.797
2016-09-28,147.545,143.787,147.565,143.787
2016-09-29,143.916,145.77,147.644,142.319
2016-09-30,144.788,144.897,146.276,143.39
2016-10-10,146.623,159.386,159.386,146.623
2016-10-11,161.449,160.16,161.637,157.204
2016-10-12,158.186,160.457,160.536,155.707
2016-10-13,160.13,157.452,161.151,156.996
2016-10-14,156.203,158.672,160.239,155.895
2016-10-17,156.788,151.036,158.275,149.429
2016-10-18,150.738,153.585,154.18,148.864
2016-10-19,152.623,151.195,154.586,150.352
2016-10-20,150.738,148.567,151.571,147.615
2016-10-21,148.586,149.489,150.689,147.565
2016-10-24,148.924,149.935,150.719,146.821
2016-10-25,149.459,152.147,155.39,149.459
2016-10-26,151.73,150.53,152.603,149.271
2016-10-27,149.896,151.621,151.978,148.864
2016-10-28,151.532,147.545,151.532,147.387
2016-10-31,146.871,147.744,148.438,144.372
2016-11-01,147.942,152.603,153.386,147.892
2016-11-02,152.593,151.205,154.011,150.738
2016-11-03,149.747,150.838,154.259,149.36
2016-11-04,151.978,157.244,162.49,151.036
2016-11-07,156.292,155.399,157.561,154.289
2016-11-08,157.472,157.184,161.201,155.875
2016-11-09,155.846,157.423,159.019,152.732
2016-11-10,159.168,161.895,163.997,157.889
2016-11-11,161.151,159.862,162.441,158.474
2016-11-14,160.636,161.617,162.629,159.664
2016-11-15,160.765,156.986,161.528,154.021
2016-11-16,157.373,154.09,158.335,153.991
2016-11-17,153.723,153.218,155.3,153.198
2016-11-18,154.804,158.543,160.15,154.804
2016-11-21,158.464,161.627,161.885,157.393
2016-11-22,169.581,166.685,174.539,166.159
2016-11-23,164.325,162.738,166.487,161.885
2016-11-24,163.829,164.592,169.333,162.837
2016-11-25,161.945,164.821,165.614,156.689
2016-11-28,163.125,158.117,163.125,158.077
2016-11-29,158.652,156.381,159.168,156.371
2016-11-30,156.381,157.938,159.654,155.965
2016-12-01,157.234,156.887,158.176,155.707
2016-12-02,157.551,148.755,158.176,148.438
2016-12-05,146.593,147.029,149.429,144.798
2016-12-06,147.565,146.553,148.229,145.909
2016-12-07,146.801,147.218,147.476,144.292
2016-12-08,147.168,144.987,147.168,144.798
2016-12-09,144.987,141.03,145.274,140.851
2016-12-12,140.821,126.928,140.821,126.928
2016-12-13,125.053,126.263,128.138,124.082
2016-12-14,126.69,123.268,127.295,122.971
2016-12-15,122.961,125.044,126.928,122.961
2016-12-16,124.558,125.351,126.273,123.477
2016-12-19,125.609,123.328,125.629,122.981
2016-12-20,122.981,123.963,124.458,122.971
2016-12-21,124.141,125.252,125.718,124.062
2016-12-22,125.639,125.232,125.926,123.774
2016-12-23,125.232,119.916,125.48,119.183
2016-12-26,119.004,119.797,120.492,114.422
2016-12-27,119.262,119.5,120.145,119.004
2016-12-28,119.014,120.492,122.951,119.004
2016-12-29,119.768,118.508,120.779,118.419
2016-12-30,118.518,118.508,119.341,117.427
2017-01-03,118.032,119.659,119.986,118.032
2017-01-04,120.293,121.275,121.642,119.421
2017-01-05,121.047,118.508,121.265,118.201
2017-01-06,118.072,112.36,118.211,112.36
2017-01-09,110.971,112.538,115.097,108.294
2017-01-10,112.518,111.14,113.837,110.951
2017-01-11,111.051,106.667,111.051,106.608
2017-01-12,106.181,107.104,108.988,106.181
2017-01-13,106.608,101.52,107.689,100.162
2017-01-16,100.677,93.24,100.677,91.365
2017-01-17,92.625,97.583,99.051,90.265
2017-01-18,96.691,94.112,96.879,94.063
2017-01-19,92.536,96.096,98.168,91.445
2017-01-20,95.263,98.595,100.162,94.519
2017-01-23,98.377,98.694,101.054,98.178
2017-01-24,98.049,96.215,98.367,95.808
2017-01-25,96.126,99.944,102.334,95.382
2017-01-26,99.487,99.775,101.639,98.773
2017-02-03,99.834,98.565,99.834,98.188
2017-02-06,99.021,100.311,100.311,98.525
2017-02-07,99.795,97.98,100.063,97.484
2017-02-08,97.683,99.458,99.606,97.078
2017-02-09,99.944,100.36,101.134,99.14
2017-02-10,100.41,97.871,100.41,97.712
2017-02-13,97.683,99.686,100.36,97.197
2017-02-14,99.864,99.765,100.459,99.299
2017-02-15,99.398,100.013,101.947,99.17
2017-02-16,99.17,98.595,99.676,97.782
2017-02-17,98.635,96.413,99.567,96.413
2017-02-20,96.096,96.135,96.274,94.202
2017-02-21,96.036,97.881,98.476,95.709
2017-02-22,98.069,97.544,98.654,96.75
2017-02-23,97.534,98.694,99.279,97.187
2017-02-24,99.071,103.177,106.003,98.377
2017-02-27,103.177,101.153,103.186,100.787
2017-02-28,100.707,101.947,103.028,100.677
2017-03-01,102.185,102.343,104.783,101.699
2017-03-02,101.907,100.965,102.701,100.658
2017-03-03,100.32,101.877,102.145,99.289
2017-03-06,101.55,105.378,105.477,101.282
2017-03-07,105.517,109.88,111.051,104.228
2017-03-08,108.948,109.186,109.831,107.6
2017-03-09,109.186,110.158,113.401,108.274
2017-03-10,110.674,110.723,111.279,108.274
2017-03-13,111.279,117.685,119.619,110.089
2017-03-14,117.814,117.665,118.766,115.484
2017-03-15,116.227,116.535,118.498,115.553
2017-03-16,116.198,117.606,119.361,116.029
2017-03-17,118.112,114.522,120.164,114.452
2017-03-20,114.442,113.808,114.522,112.201
2017-03-21,113.847,115.781,115.93,113.55
2017-03-22,114.531,117.09,117.368,114.055
2017-03-23,117.031,116.138,118.211,113.827
2017-03-24,116.138,116.931,118.34,114.522
2017-03-27,116.406,115.255,117.774,114.343
2017-03-28,114.393,107.56,114.641,106.876
2017-03-29,107.233,103.653,108.274,103.643
2017-03-30,103.008,99.289,103.137,98.377
2017-03-31,99.329,99.319,100.886,98.188
2017-04-05,97.851,100.38,101.739,97.851
2017-04-06,100.301,100.539,102.135,99.666
2017-04-07,100.172,99.061,100.707,98.972
2017-04-10,94.212,89.154,94.212,89.154
2017-04-11,85.713,91.088,91.683,85.574
2017-04-12,91.098,89.293,91.712,89.263
2017-04-13,89.273,89.352,90.741,88.856
2017-04-14,89.372,91.336,91.95,87.161
2017-04-17,89.253,90.334,91.157,87.18
2017-04-18,88.46,90.215,91.564,88.142
2017-04-19,90.096,92.734,93.547,88.638
2017-04-20,93.002,92.357,94.707,91.742
2017-04-21,92.922,93.19,94.36,90.741
2017-04-24,94.093,93.567,95.769,91.246
2017-04-25,93.081,93.716,94.906,92.674
2017-04-26,93.22,93.418,94.152,92.426
2017-04-27,93.398,95.828,96.492,91.514
2017-04-28,95.769,96.393,97.633,95.005
2017-05-02,97.484,95.63,98.159,95.005
2017-05-03,95.6,94.816,96.096,94.063
2017-05-04,95.005,94.41,95.213,94.073
2017-05-05,94.102,93.785,94.638,93.22
2017-05-08,93.498,88.043,94.093,88.043
2017-05-09,87.795,89.977,90.929,87.141
2017-05-10,91.137,91.147,95.183,89.828
2017-05-11,90.552,91.732,92.109,89.263
2017-05-12,92.129,91.534,92.526,90.354
2017-05-15,92.724,91.534,93.25,90.949
2017-05-16,91.336,92.803,92.903,89.263
2017-05-17,92.803,93.547,94.707,92.506
2017-05-18,92.922,93.19,94.102,92.536
2017-05-19,93.656,92.317,94.985,91.891
2017-05-22,92.119,88.311,92.516,88.271
2017-05-23,88.202,84.542,89.253,84.394
2017-05-24,84.493,84.176,85.683,83.184
2017-05-25,84.493,84.007,85.128,82.311
2017-05-26,84.88,84.19,84.9,83.02
2017-05-31,86.81,84.16,86.81,83.51
2017-06-01,84.05,79.23,84.6,79.23
2017-06-02,79.39,80.37,80.8,77.09
2017-06-05,80.8,80.81,81.88,80.02
2017-06-06,80.2,80.32,82.98,78.5
2017-06-07,80.45,82.69,82.98,79.87
2017-06-08,82.74,82.75,83.97,82.05
2017-06-09,82.67,82.0,83.37,81.46
2017-06-12,80.55,80.18,81.99,79.3
2017-06-13,80.36,82.15,82.2,80.0
2017-06-14,82.32,82.5,83.3,81.75
2017-06-15,82.69,84.83,85.48,82.48
2017-06-16,84.03,84.7,85.97,83.5
2017-06-19,84.26,87.2,87.98,83.61
2017-06-20,86.71,86.49,86.8,84.8
2017-06-21,86.72,88.95,89.76,86.72
2017-06-22,88.3,87.33,88.33,85.5
2017-06-23,86.46,88.02,88.4,84.88
2017-06-26,87.81,86.5,88.38,86.36
2017-06-27,86.48,86.52,87.16,85.35
2017-06-28,87.4,85.4,87.99,85.0
2017-06-29,85.74,85.49,86.15,83.03
2017-06-30,84.77,88.05,88.52,83.75
2017-07-03,90.5,88.39,91.06,87.87
2017-07-04,88.55,89.03,89.29,87.0
2017-07-05,89.12,91.3,91.79,88.4
2017-07-06,91.25,92.05,92.72,89.56
2017-07-07,92.25,92.74,94.33,91.55
2017-07-10,92.01,89.3,93.3,87.45
2017-07-11,88.65,88.59,89.99,88.06
2017-07-12,88.08,89.41,89.95,87.72
2017-07-13,89.41,88.6,89.8,88.5
2017-07-14,85.98,80.5,85.98,79.74
2017-07-17,80.48,75.9,80.48,73.0
2017-07-18,74.97,75.85,76.87,73.01
2017-07-19,75.9,76.27,78.0,74.61
2017-07-20,76.7,76.73,78.35,76.3
2017-07-21,77.0,75.98,77.9,75.0
2017-07-24,75.18,76.0,76.71,74.7
2017-07-25,75.94,75.58,76.78,75.5
2017-07-26,75.58,75.47,75.93,74.8
2017-07-27,75.75,78.4,78.8,74.8
2017-07-28,78.1,77.01,78.1,76.73
2017-07-31,77.66,76.89,78.38,76.0
2017-08-01,76.7,76.68,77.5,75.23
2017-08-02,76.22,75.57,76.95,75.52
2017-08-03,75.7,76.28,77.77,75.6
2017-08-04,76.38,75.3,76.38,74.75
2017-08-07,74.98,75.08,75.68,74.9
2017-08-08,75.08,75.13,75.48,74.52
2017-08-09,75.13,74.78,75.43,74.45
2017-08-10,74.99,74.87,75.63,74.36
2017-08-11,75.1,74.73,75.3,73.88
2017-08-14,74.59,75.57,75.83,74.19
2017-08-15,75.16,75.19,75.9,74.8
2017-08-16,74.8,76.12,76.34,74.64
2017-08-17,75.6,75.87,76.53,75.15
2017-08-18,75.23,74.99,76.1,74.5
2017-08-21,74.58,75.55,75.7,74.58
2017-08-22,75.16,75.46,76.35,75.16
2017-08-23,75.5,75.35,75.85,74.8
2017-08-24,75.06,74.79,75.7,74.5
2017-08-25,74.29,75.46,75.46,74.08
2017-08-28,75.5,76.58,77.09,75.11
2017-08-29,76.15,76.84,77.3,76.03
2017-08-30,76.27,76.76,77.48,76.27
2017-08-31,76.41,77.9,77.9,76.4
2017-09-01,78.3,77.61,78.58,77.07
2017-09-04,77.2,77.6,78.38,77.1
2017-09-05,77.64,78.33,78.6,77.0
2017-09-06,78.29,78.59,79.19,77.88
2017-09-07,78.61,83.0,84.88,78.6
2017-09-08,81.55,81.59,82.82,80.68
2017-09-11,81.59,81.86,82.49,81.02
2017-09-12,82.78,79.98,82.78,79.62
2017-09-13,80.0,80.18,81.08,79.5
2017-09-14,80.0,79.89,80.98,79.0
2017-09-15,79.84,78.4,80.48,78.2
2017-09-18,78.01,78.4,78.88,77.37
2017-09-19,78.13,78.4,78.82,77.66
2017-09-20,78.37,78.68,78.8,77.5
2017-09-21,78.68,78.0,79.4,78.0
2017-09-22,77.95,78.17,78.45,77.33
2017-09-25,78.0,77.27,78.39,76.51
2017-09-26,77.0,76.17,77.78,75.01
2017-09-27,75.66,76.25,76.64,75.66
2017-09-28,76.26,75.01,76.53,75.01
2017-09-29,75.02,75.03,75.6,74.59
2017-10-09,75.58,75.17,75.9,74.2
2017-10-10,75.0,75.56,75.7,74.54
2017-10-11,75.45,76.3,76.65,75.45
2017-10-12,75.9,75.48,76.78,74.91
2017-10-13,75.07,75.45,75.74,74.63
2017-10-16,75.06,73.66,75.74,73.18
2017-10-17,73.5,73.63,74.0,73.24
2017-10-18,73.57,73.35,74.15,73.01
2017-10-19,73.37,74.17,74.36,73.36
2017-10-20,74.45,74.79,74.98,73.75
2017-10-23,74.6,74.79,75.08,74.05
2017-10-24,74.71,74.47,75.0,73.7
2017-10-25,74.42,74.91,75.21,74.05
2017-10-26,74.75,74.43,75.1,73.69
2017-10-27,73.97,73.68,74.47,73.42
2017-10-30,73.68,68.34,73.95,67.76
2017-10-31,68.29,68.35,68.49,67.8
2017-11-01,68.35,68.35,68.6,68.02
2017-11-02,68.46,66.77,68.46,66.55
2017-11-03,66.56,64.18,66.86,64.03
2017-11-06,64.82,64.67,64.96,63.55
2017-11-07,64.66,64.3,64.66,63.6
2017-11-08,64.01,65.49,65.95,64.01
2017-11-09,65.49,65.58,65.75,65.04
2017-11-10,65.75,65.6,65.86,65.2
2017-11-13,65.28,65.34,65.65,64.75
2017-11-14,64.82,64.3,65.88,64.0
2017-11-15,64.27,63.27,64.27,63.11
2017-11-16,63.3,62.35,63.43,62.0
2017-11-17,62.29,58.35,62.36,58.33
2017-11-20,58.0,57.81,58.01,56.31
2017-11-21,57.99,56.92,58.19,56.61
2017-11-22,56.97,57.14,57.85,56.59
2017-11-23,57.43,57.25,59.86,56.68
2017-11-24,56.5,56.81,57.26,56.1
2017-11-27,56.7,57.17,58.48,56.21
2017-11-28,56.77,58.02,58.1,56.77
2017-11-29,58.03,57.12,58.27,56.18
2017-11-30,57.01,56.95,57.8,56.63
2017-12-01,57.0,57.85,58.47,56.6
2017-12-04,57.53,53.77,57.53,53.58
2017-12-05,53.8,51.51,54.24,51.19
2017-12-06,51.88,52.4,52.5,51.05
2017-12-07,52.08,52.51,52.95,52.08
2017-12-08,52.6,53.08,53.55,52.4
2017-12-11,53.17,53.49,54.0,52.63
2017-12-12,53.5,51.92,53.5,51.82
2017-12-13,51.46,52.55,52.7,51.46
2017-12-14,52.3,52.16,52.83,51.67
2017-12-15,52.42,52.07,52.96,51.65
2017-12-18,52.07,51.11,52.48,50.19
2017-12-19,51.11,51.75,52.03,51.1
2017-12-20,51.61,50.21,51.82,50.2
2017-12-21,50.21,50.1,50.35,48.88
2017-12-22,50.16,49.47,50.33,49.31
2017-12-25,49.06,48.53,49.4,48.1
2017-12-26,48.23,49.87,50.0,48.23
2017-12-27,49.87,49.83,50.74,49.55
2017-12-28,49.4,50.5,51.83,49.4
2017-12-29,50.37,50.63,50.72,49.85
2018-01-02,50.79,50.71,50.79,50.24
2018-01-03,50.68,50.86,51.18,50.0
2018-01-04,50.88,51.34,51.65,50.8
2018-01-05,51.31,50.78,51.8,50.78
2018-01-08,50.78,49.9,50.78,49.49
2018-01-09,49.8,50.4,50.83,49.71
2018-01-10,50.3,49.9,50.39,49.0
2018-01-11,49.67,51.0,51.22,49.33
2018-01-12,51.05,52.31,54.28,51.05
2018-01-15,51.51,49.63,51.51,49.56
2018-01-16,49.21,49.27,49.77,49.16
2018-01-17,49.32,49.75,49.84,48.13
2018-01-18,49.59,49.4,49.79,49.03
2018-01-19,49.08,49.5,50.35,49.08
2018-01-22,49.5,48.29,49.8,46.05
2018-01-23,48.11,48.54,49.0,47.8
2018-01-24,48.5,51.47,51.47,48.12
2018-01-25,51.0,51.35,52.95,50.2
2018-01-26,51.3,52.07,52.15,50.55
2018-01-29,52.1,50.86,52.48,50.1
2018-01-30,50.48,48.7,51.1,48.58
2018-01-31,48.5,46.58,48.5,46.57
2018-02-01,46.58,43.51,46.94,43.04
2018-02-02,43.49,43.7,44.25,41.57
2018-02-05,43.25,43.02,44.13,42.64
2018-02-06,41.5,40.19,42.34,40.0
2018-02-07,41.0,40.63,41.85,39.61
2018-02-08,40.4,41.16,41.58,40.4
2018-02-09,39.98,39.56,40.44,39.11
2018-02-12,39.68,40.76,41.08,39.68
2018-02-13,40.88,40.5,41.34,40.4
2018-02-14,40.5,40.71,40.78,40.23
2018-02-22,40.88,41.25,41.44,40.84
2018-02-23,40.84,41.15,41.26,40.68
2018-02-26,41.3,42.9,43.2,41.3
2018-02-27,42.8,42.87,43.48,42.4
2018-02-28,42.76,43.1,44.68,41.83
2018-03-01,42.6,44.5,44.5,42.53
2018-03-02,44.01,43.93,44.92,43.71
2018-03-05,43.9,44.52,44.8,43.72
2018-03-06,44.27,44.8,45.46,44.27
2018-03-07,44.5,43.84,44.76,43.71
2018-03-08,43.84,44.95,44.95,43.8
2018-03-09,44.92,49.45,49.45,44.92
2018-03-12,50.93,49.98,51.68,49.62
2018-03-13,49.77,48.5,49.77,48.38
2018-03-14,48.26,48.18,49.34,48.11
2018-03-15,47.63,46.8,47.99,45.68
2018-03-16,46.88,46.31,47.38,46.2
2018-03-19,46.91,47.95,48.68,46.35
2018-03-20,47.4,47.0,47.4,46.2
2018-03-21,46.98,46.49,48.29,46.3
2018-03-22,46.11,49.26,49.27,46.11
2018-03-23,47.2,44.43,47.98,44.33
2018-03-26,44.36,44.3,44.4,41.5
2018-03-27,44.86,47.71,48.48,44.86
2018-03-28,46.88,48.0,48.49,46.5
2018-03-29,48.0,47.84,48.43,47.12
2018-03-30,47.89,49.48,49.88,47.89
2018-04-02,49.56,49.17,50.88,49.02
2018-04-03,48.24,47.8,48.3,46.94
2018-04-04,48.42,47.6,48.82,47.3
2018-04-09,47.02,47.26,47.65,45.76
2018-04-10,46.8,45.26,47.1,44.5
2018-04-11,45.24,46.03,46.31,45.1
2018-04-12,45.71,46.98,47.94,45.71
2018-04-13,46.91,49.13,49.35,46.91
2018-04-16,48.99,49.29,49.97,48.02
2018-04-17,49.2,46.77,49.6,46.37
2018-04-18,46.68,48.16,48.25,45.0
2018-04-19,48.16,48.5,49.18,47.51
2018-04-20,48.34,45.56,48.34,45.21
2018-04-23,45.15,44.79,45.92,43.01
2018-04-24,44.55,45.65,45.88,44.05
2018-04-25,45.5,47.81,48.2,45.3
2018-04-26,48.0,47.0,48.52,46.85
2018-04-27,47.7,48.17,48.38,47.08
2018-05-02,48.38,46.86,48.4,45.8
2018-05-03,46.8,48.5,48.5,45.08
2018-05-04,48.51,49.8,52.5,48.0
2018-05-07,49.16,50.54,50.65,49.01
2018-05-08,50.1,50.83,51.0,49.7
2018-05-09,51.28,50.35,51.28,49.91
2018-05-10,50.31,50.1,50.4,49.14
2018-05-11,50.2,49.17,50.33,48.8
2018-05-14,49.01,47.61,49.45,47.32
2018-05-15,47.78,48.61,48.61,47.22
2018-05-16,48.3,47.09,48.82,47.08
2018-05-17,47.11,47.47,47.84,46.8
2018-05-18,47.29,46.69,47.62,45.68
2018-05-21,46.7,47.11,47.59,46.7
2018-05-22,47.12,47.85,47.94,46.95
2018-05-23,47.72,46.05,47.72,46.0
2018-05-24,46.24,45.89,46.48,45.81
2018-05-25,45.9,45.89,46.4,45.57
