date,open,close,high,low
2016-09-28,9.693,11.63,11.63,9.693
2016-09-29,12.792,12.792,12.792,12.792
2016-09-30,14.073,14.073,14.073,14.073
2016-10-10,15.48,15.48,15.48,15.48
2016-10-11,17.029,17.029,17.029,17.029
2016-10-12,18.733,18.733,18.733,18.733
2016-10-13,20.607,20.607,20.607,20.607
2016-10-14,22.666,22.666,22.666,22.666
2016-10-17,24.931,24.931,24.931,24.931
2016-10-18,27.426,27.426,27.426,27.426
2016-10-19,30.169,30.169,30.169,30.169
2016-10-20,33.185,33.185,33.185,33.185
2016-10-21,36.505,36.505,36.505,36.505
2016-10-24,40.158,40.158,40.158,40.158
2016-10-25,44.174,44.174,44.174,44.174
2016-10-26,48.594,48.594,48.594,48.594
2016-10-27,53.452,53.452,53.452,53.452
2016-10-28,58.796,58.796,58.796,58.796
2016-10-31,64.674,58.899,64.674,54.989
2016-11-01,57.322,57.638,59.278,56.606
2016-11-02,57.278,59.096,60.867,56.93
2016-11-03,58.504,56.254,58.974,56.219
2016-11-04,54.847,55.835,57.258,54.831
2016-11-07,55.934,55.333,56.661,55.029
2016-11-08,55.539,55.847,56.128,54.906
2016-11-09,55.689,56.658,58.104,55.266
2016-11-10,56.994,59.768,61.251,56.527
2016-11-11,59.049,59.689,60.678,58.464
2016-11-14,59.887,60.057,61.864,59.531
2016-11-15,59.685,56.997,59.685,56.756
2016-11-16,57.262,56.179,57.31,56.017
2016-11-17,55.733,55.46,56.725,55.345
2016-11-18,55.345,56.452,57.084,55.345
2016-11-21,56.448,56.851,56.867,54.946
2016-11-22,57.045,60.227,62.536,57.045
2016-11-23,59.444,58.207,60.041,58.069
2016-11-24,58.183,57.31,59.456,57.191
2016-11-25,57.322,59.796,60.061,55.424
2016-11-28,60.085,59.393,62.547,59.247
2016-11-29,59.689,60.223,60.986,58.504
2016-11-30,60.219,65.224,66.243,59.737
2016-12-01,64.038,62.18,64.386,61.666
2016-12-02,62.852,59.658,63.638,58.93
2016-12-05,57.08,56.353,58.741,55.736
2016-12-06,56.136,55.823,56.725,55.61
2016-12-07,55.736,55.736,56.053,54.021
2016-12-08,55.677,53.997,55.733,53.76
2016-12-09,53.562,53.274,54.333,52.792
2016-12-12,52.582,47.949,53.159,47.945
2016-12-13,47.435,47.586,48.542,45.898
2016-12-14,47.313,46.649,47.783,46.447
2016-12-15,46.633,47.336,48.42,46.479
2016-12-16,47.238,47.688,47.949,46.91
2016-12-19,47.435,46.763,47.653,46.289
2016-12-20,46.645,46.882,47.427,46.447
2016-12-21,46.917,47.356,47.396,45.854
2016-12-22,47.064,47.506,48.364,46.645
2016-12-23,47.435,45.056,47.475,44.779
2016-12-26,44.66,44.85,45.012,43.131
2016-12-27,44.984,45.012,45.245,44.439
2016-12-28,44.909,45.459,46.475,44.909
2016-12-29,45.261,45.281,45.617,44.787
2016-12-30,45.241,44.866,45.419,44.281
2017-01-03,45.064,45.419,45.597,44.866
2017-01-04,45.459,45.518,45.973,44.945
2017-01-05,45.53,43.957,45.605,43.897
2017-01-06,43.957,41.648,43.984,41.636
2017-01-09,40.332,40.458,41.308,40.055
2017-01-10,40.514,39.933,41.055,39.925
2017-01-11,39.925,37.909,39.929,37.778
2017-01-12,40.715,41.7,41.7,39.96
2017-01-13,40.32,38.593,41.024,38.367
2017-01-16,37.952,35.608,38.612,34.735
2017-01-17,35.359,37.932,38.976,33.948
2017-01-18,37.403,35.6,37.494,35.58
2017-01-19,35.458,37.166,38.68,34.13
2017-01-20,36.932,39.138,39.45,36.604
2017-01-23,38.739,39.134,40.273,37.956
2017-01-24,39.13,38.205,39.134,38.185
2017-01-25,38.071,40.711,41.308,37.873
2017-01-26,40.379,40.201,41.387,39.735
2017-02-03,39.964,39.126,41.15,39.087
2017-02-06,39.332,40.043,40.043,39.166
2017-02-07,39.925,39.312,39.925,38.877
2017-02-08,39.312,40.209,40.241,38.936
2017-02-09,40.225,40.0,40.952,39.842
2017-02-10,39.893,38.209,39.897,38.174
2017-02-13,38.142,38.964,39.446,37.755
2017-02-14,39.016,38.897,39.648,38.711
2017-02-15,38.739,38.355,39.213,38.351
2017-02-16,38.185,39.055,39.51,37.869
2017-02-17,38.929,37.814,39.486,37.711
2017-02-20,37.561,36.636,37.565,35.644
2017-02-21,36.434,38.486,39.245,36.434
2017-02-22,38.581,38.577,38.96,37.881
2017-02-23,38.581,39.134,39.802,38.241
2017-02-24,39.257,39.474,39.672,38.739
2017-02-27,39.49,39.047,40.514,39.031
2017-02-28,38.699,39.45,39.49,38.695
2017-03-01,39.332,39.47,40.154,39.138
2017-03-02,39.403,39.087,40.004,38.739
2017-03-03,38.743,39.921,40.277,38.739
2017-03-06,39.794,40.893,40.893,39.79
2017-03-07,41.103,40.838,41.107,40.328
2017-03-08,40.909,40.083,41.296,40.047
2017-03-09,40.083,39.747,40.399,39.411
2017-03-10,39.759,42.411,43.597,39.759
2017-03-13,42.411,43.803,44.233,41.901
2017-03-14,43.601,42.775,44.854,42.771
2017-03-15,42.431,42.937,43.957,42.431
2017-03-16,42.731,44.056,44.451,42.731
2017-03-17,43.81,42.858,44.352,42.814
2017-03-20,42.692,42.893,43.036,42.221
2017-03-21,43.166,43.502,43.874,42.854
2017-03-22,42.929,43.945,43.976,42.455
2017-03-23,43.878,44.633,45.807,43.486
2017-03-24,44.273,44.174,44.621,43.684
2017-03-27,44.174,42.882,44.573,42.692
2017-03-28,42.814,42.534,43.34,42.289
2017-03-29,42.534,40.518,42.878,40.518
2017-03-30,40.597,37.822,40.925,37.814
2017-03-31,38.379,37.889,38.608,37.596
2017-04-05,38.383,38.3,38.525,36.802
2017-04-06,38.027,38.802,38.996,38.027
2017-04-07,38.541,38.577,38.802,38.146
2017-04-10,38.739,35.142,38.739,34.786
2017-04-11,35.094,35.972,36.13,34.794
2017-04-12,35.355,34.916,35.731,34.861
2017-04-13,34.988,35.438,36.165,34.988
2017-04-14,35.213,35.177,35.924,34.881
2017-04-17,33.995,32.888,33.995,32.371
2017-04-18,32.888,32.319,33.272,32.161
2017-04-19,32.149,32.881,33.007,31.801
2017-04-20,33.007,32.414,33.007,32.058
2017-04-21,32.809,32.323,32.809,32.264
2017-04-24,32.323,31.24,32.406,31.031
2017-04-25,31.624,32.082,32.726,31.477
2017-04-26,32.209,32.513,32.881,31.944
2017-04-27,32.513,33.766,33.861,31.983
2017-04-28,33.829,34.177,34.493,33.628
2017-05-02,33.995,34.134,34.572,33.995
2017-05-03,34.134,34.189,34.588,33.916
2017-05-04,34.193,33.434,34.351,33.169
2017-05-05,34.391,36.438,36.778,34.391
2017-05-08,36.367,33.343,36.367,33.335
2017-05-09,33.027,34.711,34.948,31.75
2017-05-10,35.201,36.359,38.055,34.885
2017-05-11,33.667,34.481,34.899,32.723
2017-05-12,34.293,37.93,37.93,34.293
2017-05-15,41.636,40.136,41.726,39.46
2017-05-16,40.136,44.15,44.15,40.096
2017-05-17,45.71,45.79,48.532,45.382
2017-05-18,44.021,42.679,45.601,42.411
2017-05-19,42.64,40.046,43.166,38.784
2017-05-22,40.513,38.377,40.543,37.87
2017-05-23,38.416,35.276,39.092,35.038
2017-05-24,35.127,35.753,36.121,34.352
2017-05-25,36.061,33.388,36.121,32.176
2017-05-26,33.458,34.472,35.177,32.742
2017-05-31,35.972,33.518,36.161,33.498
2017-06-01,32.792,30.169,33.17,30.169
2017-06-02,29.016,29.662,30.467,28.321
2017-06-05,30.348,29.811,30.407,29.632
2017-06-06,30.0,30.218,30.487,29.036
2017-06-07,30.179,33.239,33.239,29.771
2017-06-08,33.786,34.014,35.594,33.488
2017-06-09,33.309,33.19,33.716,32.405
2017-06-12,32.265,30.258,32.295,29.92
2017-06-13,30.199,33.289,33.289,30.109
2017-06-14,33.299,32.703,34.183,32.623
2017-06-15,32.951,33.2,34.233,32.941
2017-06-16,33.299,33.806,34.332,32.892
2017-06-19,33.468,33.587,33.935,32.673
2017-06-20,33.706,33.557,34.869,33.458
2017-06-21,32.931,32.812,33.289,31.798
2017-06-22,32.852,31.461,33.15,31.451
2017-06-23,31.58,31.51,32.246,30.318
2017-06-26,31.649,32.116,32.295,30.805
2017-06-27,32.126,32.027,32.524,31.798
2017-06-28,31.312,31.471,32.305,31.312
2017-06-29,31.679,31.55,32.246,31.461
2017-06-30,31.5,31.202,31.5,30.805
2017-07-03,31.192,31.5,31.639,31.023
2017-07-04,31.52,32.385,33.368,31.5
2017-07-05,32.295,32.951,32.951,31.977
2017-07-06,33.041,33.239,33.329,32.305
2017-07-07,33.09,33.378,33.766,32.921
2017-07-10,32.941,31.967,32.991,31.808
2017-07-11,32.097,31.49,32.673,31.401
2017-07-12,31.6,32.375,32.395,31.242
2017-07-13,32.583,31.709,32.643,31.6
2017-07-14,31.5,31.5,32.176,30.954
2017-07-17,31.023,28.35,31.202,28.35
2017-07-18,27.565,27.675,28.082,25.836
2017-07-19,27.545,27.198,27.545,26.611
2017-07-20,26.979,26.731,27.824,26.711
2017-07-21,26.701,26.244,27.158,26.164
2017-07-24,26.134,26.114,26.254,24.942
2017-07-25,25.836,26.462,27.188,25.667
2017-07-26,26.631,25.836,26.631,25.638
2017-07-27,26.085,26.88,27.009,25.538
2017-07-28,26.83,26.085,27.019,26.085
2017-07-31,25.737,26.134,26.621,25.647
2017-08-01,26.283,26.432,26.432,25.797
2017-08-02,26.293,25.598,26.442,25.538
2017-08-03,25.608,25.936,26.403,25.548
2017-08-04,25.916,25.955,26.512,25.558
2017-08-07,25.737,25.985,26.482,25.667
2017-08-08,25.916,26.085,26.194,25.687
2017-08-09,26.005,25.995,26.194,25.936
2017-08-10,25.836,25.24,26.035,25.2
2017-08-11,24.992,25.091,25.647,24.713
2017-08-14,25.091,25.747,25.816,24.902
2017-08-15,25.876,26.631,27.615,25.836
2017-08-16,26.393,27.506,27.694,26.144
2017-08-17,27.386,27.367,27.665,26.959
2017-08-18,27.118,26.621,27.118,26.413
2017-08-21,26.631,27.068,27.307,26.631
2017-08-22,27.068,26.522,27.118,26.502
2017-08-23,26.77,26.77,26.929,26.442
2017-08-24,26.631,26.114,26.85,26.105
2017-08-25,25.836,26.661,26.85,25.757
2017-08-28,26.949,27.496,27.784,26.731
2017-08-29,27.565,27.953,29.145,27.168
2017-08-30,27.814,27.406,28.072,27.337
2017-08-31,27.426,27.973,28.112,27.198
2017-09-01,28.012,27.834,28.092,27.466
2017-09-04,27.824,28.33,28.688,27.446
2017-09-05,28.479,29.125,29.811,28.221
2017-09-06,29.016,29.602,29.791,28.35
2017-09-07,29.602,30.407,31.798,29.424
2017-09-08,30.05,31.192,31.659,29.811
2017-09-11,30.984,30.984,31.61,30.606
2017-09-12,30.686,29.722,30.715,29.622
2017-09-13,29.632,29.811,30.05,29.165
2017-09-14,29.821,28.887,29.98,28.827
2017-09-15,29.016,28.966,29.255,28.728
2017-09-18,28.986,29.165,29.265,28.718
2017-09-19,29.165,29.404,29.771,29.066
2017-09-20,29.195,29.543,29.602,28.917
2017-09-21,29.463,30.606,31.272,29.235
2017-09-22,30.586,30.089,30.586,29.513
2017-09-25,29.712,28.539,30.159,28.489
2017-09-26,28.231,27.208,28.321,26.75
2017-09-27,27.198,27.645,27.794,27.128
2017-09-28,27.615,27.287,27.903,27.287
2017-09-29,25.836,26.562,26.631,25.806
2017-10-09,26.85,26.999,27.317,26.671
2017-10-10,26.979,27.774,28.012,26.9
2017-10-11,27.575,27.714,28.122,27.575
2017-10-12,27.476,27.516,27.814,27.227
2017-10-13,27.615,28.022,28.499,27.426
2017-10-16,28.052,27.724,28.599,27.446
2017-10-17,27.724,27.158,27.953,26.85
2017-10-18,27.158,26.542,27.367,26.462
2017-10-19,26.492,25.906,26.651,25.638
2017-10-20,25.876,26.442,26.442,25.836
2017-10-23,26.313,27.416,27.923,26.313
2017-10-24,27.426,26.939,27.496,26.631
2017-10-25,27.088,27.267,27.456,26.85
2017-10-26,27.277,27.535,27.615,26.929
2017-10-27,27.496,27.685,27.903,27.208
2017-10-30,27.526,26.045,27.535,25.787
2017-10-31,25.975,26.353,26.452,25.886
2017-11-01,26.423,26.333,26.631,26.164
2017-11-02,26.353,28.966,28.966,26.353
2017-11-03,30.109,29.225,30.387,29.016
2017-11-06,28.42,28.758,29.096,28.231
2017-11-07,28.648,28.549,28.688,27.903
2017-11-08,28.37,29.195,29.195,28.152
2017-11-09,28.847,28.619,29.642,28.519
2017-11-10,28.549,28.46,29.076,28.112
2017-11-13,28.569,29.016,29.096,28.221
2017-11-14,29.016,27.784,29.284,27.675
2017-11-15,27.625,26.731,27.625,26.393
2017-11-16,26.651,26.333,26.83,26.283
2017-11-17,26.383,24.465,26.88,23.938
2017-11-20,23.849,24.644,24.743,23.123
2017-11-21,24.395,23.73,24.594,23.153
2017-11-22,23.74,23.899,24.544,23.551
2017-11-23,23.7,22.497,23.819,22.368
2017-11-24,22.627,22.627,23.233,22.557
2017-11-27,22.637,22.408,22.835,22.408
2017-11-28,22.438,22.895,22.895,22.438
2017-11-29,22.955,22.646,23.034,22.438
2017-11-30,22.686,22.637,22.855,22.487
2017-12-01,22.637,23.044,23.253,22.547
2017-12-04,23.004,21.981,23.034,21.822
2017-12-05,21.861,20.749,22.328,20.172
2017-12-06,20.878,20.987,21.086,20.53
2017-12-07,20.868,21.126,21.255,20.649
2017-12-08,21.126,21.295,21.623,20.977
2017-12-11,21.295,21.573,21.812,21.086
2017-12-12,21.404,21.017,21.663,20.878
2017-12-13,20.917,21.275,21.365,20.808
2017-12-14,21.265,21.285,21.424,21.047
2017-12-15,21.186,21.166,21.384,21.106
2017-12-18,21.047,20.659,21.265,20.59
2017-12-19,20.659,21.066,21.066,20.649
2017-12-20,21.136,20.47,21.196,20.371
2017-12-21,20.47,20.361,20.53,19.874
2017-12-22,20.252,20.56,20.599,20.252
2017-12-25,20.401,19.983,20.53,19.894
2017-12-26,20.172,20.57,20.599,19.874
2017-12-27,20.56,20.57,20.778,20.401
2017-12-28,20.56,20.699,21.047,20.341
2017-12-29,20.768,21.007,21.057,20.52
2018-01-02,21.057,20.967,21.066,20.749
2018-01-03,20.878,21.722,22.14,20.669
2018-01-04,21.494,21.365,21.514,21.146
2018-01-05,21.275,21.086,21.365,21.066
2018-01-08,21.086,20.917,21.225,20.749
2018-01-09,20.927,20.917,21.057,20.808
2018-01-10,20.888,20.54,20.907,20.331
2018-01-11,20.321,20.957,21.066,20.321
2018-01-12,20.917,20.838,21.126,20.669
2018-01-15,21.524,20.172,21.524,20.152
2018-01-16,19.993,20.381,20.56,19.973
2018-01-17,20.381,20.49,20.649,19.983
2018-01-18,20.391,20.272,20.639,20.272
2018-01-19,20.252,20.599,20.639,20.172
2018-01-22,20.49,20.997,21.176,20.152
2018-01-23,20.997,21.295,21.613,20.749
2018-01-24,21.285,21.583,21.762,21.245
2018-01-25,22.001,21.633,22.855,21.593
2018-01-26,21.404,21.176,21.852,21.166
2018-01-29,21.245,20.927,21.454,20.868
2018-01-30,20.917,21.235,21.424,20.888
2018-01-31,21.037,20.122,21.196,20.033
2018-02-01,19.934,18.99,20.351,18.89
2018-02-02,18.98,18.791,19.328,18.582
2018-02-05,18.572,18.433,18.851,18.304
2018-02-06,18.185,16.595,18.215,16.595
2018-02-07,17.042,17.112,17.29,16.525
2018-02-08,17.112,17.658,17.867,17.102
2018-02-09,17.261,17.201,17.757,16.982
2018-02-12,17.271,17.797,18.056,17.271
2018-02-13,17.887,17.738,18.284,17.708
2018-02-14,17.738,17.926,17.966,17.738
2018-02-22,18.066,18.036,18.205,17.897
2018-02-23,17.946,17.966,18.085,17.907
2018-02-26,18.731,19.288,19.725,18.383
2018-02-27,18.88,19.198,19.258,18.741
2018-02-28,19.139,19.328,19.457,18.88
2018-03-01,19.278,19.596,19.675,19.079
2018-03-02,19.437,18.98,19.576,18.98
2018-03-05,19.01,19.377,19.377,18.92
2018-03-06,19.457,19.318,19.606,19.268
2018-03-07,19.218,19.606,19.705,19.208
2018-03-08,19.606,20.152,20.411,19.606
2018-03-09,20.023,21.116,21.504,20.023
2018-03-12,21.245,21.186,21.285,20.878
2018-03-13,21.186,20.699,21.186,20.669
2018-03-14,20.54,20.192,20.739,20.152
2018-03-15,20.083,19.834,20.162,19.288
2018-03-16,19.854,19.705,20.093,19.626
2018-03-19,19.705,20.023,20.272,19.655
2018-03-20,20.003,20.47,20.51,19.834
2018-03-21,20.49,20.331,21.007,20.262
2018-03-22,20.341,20.619,20.768,20.331
2018-03-23,20.252,18.602,20.252,18.562
2018-03-26,17.976,19.029,19.149,17.946
2018-03-27,19.447,20.937,20.937,19.357
2018-03-28,21.066,21.365,22.16,20.878
2018-03-29,21.325,21.275,21.832,20.778
2018-03-30,21.295,22.209,22.607,21.265
2018-04-02,22.209,22.219,22.726,21.782
2018-04-03,21.762,21.693,21.812,21.265
2018-04-04,21.792,21.494,22.189,21.474
2018-04-09,21.404,21.842,21.842,21.096
2018-04-10,21.444,20.59,21.444,20.431
2018-04-11,20.778,21.037,21.355,20.51
2018-04-12,20.868,23.143,23.143,20.778
2018-04-13,23.153,23.302,25.32,23.014
2018-04-16,22.726,22.358,23.153,21.921
2018-04-17,22.468,21.484,22.955,21.375
2018-04-18,21.643,22.398,22.835,20.868
2018-04-19,22.418,24.634,24.634,22.388
2018-04-20,25.608,24.852,26.333,24.733
2018-04-23,24.843,24.266,25.816,23.511
2018-04-24,23.412,24.803,25.131,23.412
2018-04-25,24.028,25.886,26.045,23.889
2018-04-26,25.538,24.664,25.608,24.226
2018-04-27,24.664,24.276,25.131,24.177
2018-05-02,24.594,23.332,24.604,23.014
2018-05-03,23.292,23.889,23.908,22.309
2018-05-04,23.889,22.835,23.889,22.597
2018-05-07,23.014,23.501,23.62,22.935
2018-05-08,23.352,24.634,25.856,23.332
2018-05-09,24.713,24.693,25.151,24.207
2018-05-10,24.703,24.594,25.2,24.395
2018-05-11,24.544,23.61,24.743,23.511
2018-05-14,23.402,23.491,24.127,23.233
2018-05-15,23.451,23.481,23.849,22.637
2018-05-16,23.11,22.55,23.68,22.51
2018-05-17,22.52,22.4,22.85,22.0
2018-05-18,22.28,22.65,22.75,22.22
2018-05-21,23.1,23.23,23.56,22.9
2018-05-22,23.38,23.07,23.38,22.76
2018-05-23,23.05,23.15,23.57,22.92
2018-05-24,23.72,23.77,25.36,23.61
2018-05-25,23.23,23.43,24.15,23.23
