date,open,close,high,low
2016-09-13,4.753,5.6,5.6,4.753
2016-09-14,6.159,6.159,6.159,6.159
2016-09-19,6.774,6.774,6.774,6.774
2016-09-20,7.453,7.453,7.453,7.453
2016-09-21,8.197,8.197,8.197,8.197
2016-09-22,9.018,9.018,9.018,9.018
2016-09-23,9.919,9.919,9.919,9.919
2016-09-26,10.911,10.911,10.911,10.911
2016-09-27,12.003,12.003,12.003,12.003
2016-09-28,13.204,13.204,13.204,13.204
2016-09-29,14.524,14.524,14.524,14.524
2016-09-30,15.975,15.975,15.975,15.975
2016-10-10,17.572,17.181,17.572,16.126
2016-10-11,17.141,18.9,18.9,17.141
2016-10-12,19.553,18.535,19.73,18.535
2016-10-13,18.849,18.407,19.242,18.253
2016-10-14,18.031,18.353,18.781,17.977
2016-10-17,17.985,17.449,18.102,17.341
2016-10-18,17.506,17.734,17.891,17.506
2016-10-19,17.649,18.253,18.47,17.649
2016-10-20,18.162,17.677,18.239,17.646
2016-10-21,17.549,17.914,18.019,17.535
2016-10-24,17.834,18.088,18.233,17.691
2016-10-25,18.076,19.063,19.61,18.008
2016-10-26,19.046,19.24,19.388,18.53
2016-10-27,19.074,19.998,20.694,18.983
2016-10-28,19.787,20.158,21.033,19.388
2016-10-31,20.101,19.476,20.314,19.271
2016-11-01,19.453,20.035,20.899,19.439
2016-11-02,19.838,20.215,20.725,19.53
2016-11-03,19.901,19.545,20.215,19.482
2016-11-04,19.297,19.596,19.784,19.297
2016-11-07,19.593,19.647,19.898,19.516
2016-11-08,19.713,19.684,19.816,19.391
2016-11-09,19.587,19.981,20.386,19.411
2016-11-10,20.26,21.007,21.349,20.044
2016-11-11,20.967,20.808,21.575,20.471
2016-11-14,20.779,21.101,21.292,20.528
2016-11-15,20.959,20.431,21.061,20.286
2016-11-16,20.4,19.402,20.58,19.382
2016-11-17,19.331,19.445,19.67,19.302
2016-11-18,19.778,20.776,21.389,19.773
2016-11-21,21.042,21.589,22.581,20.386
2016-11-22,23.747,23.747,23.747,23.747
2016-11-23,23.747,24.021,25.449,23.659
2016-11-24,23.827,23.525,25.173,23.237
2016-11-25,22.815,24.454,25.147,22.396
2016-11-28,23.95,22.373,24.209,22.159
2016-11-29,22.578,22.507,23.123,22.213
2016-11-30,22.185,22.718,22.852,21.589
2016-12-01,22.467,23.653,24.232,22.467
2016-12-02,23.522,22.296,23.853,22.233
2016-12-05,21.677,21.369,22.41,21.147
2016-12-06,21.526,21.327,21.828,21.298
2016-12-07,21.455,22.096,22.096,21.312
2016-12-08,21.982,20.805,22.236,20.705
2016-12-09,20.927,19.87,20.947,19.758
2016-12-12,19.958,17.882,19.958,17.882
2016-12-13,17.56,17.791,18.122,17.107
2016-12-14,17.634,17.249,17.959,17.11
2016-12-15,17.249,17.68,18.099,17.192
2016-12-16,17.62,17.865,18.016,17.498
2016-12-19,17.868,17.483,17.868,17.392
2016-12-20,17.392,17.632,17.754,17.392
2016-12-21,17.66,17.977,17.988,17.412
2016-12-22,17.922,19.776,19.776,17.62
2016-12-23,19.354,18.638,19.505,18.213
2016-12-26,18.504,19.616,20.237,18.247
2016-12-27,19.476,19.627,19.753,19.16
2016-12-28,19.445,18.675,19.801,18.538
2016-12-29,18.538,18.376,19.066,18.356
2016-12-30,18.376,18.19,18.644,17.854
2017-01-03,18.532,19.126,20.009,18.262
2017-01-04,19.245,19.622,20.069,19.217
2017-01-05,19.388,19.251,19.636,19.066
2017-01-06,19.111,18.404,19.433,18.384
2017-01-09,18.048,17.469,18.108,17.329
2017-01-10,17.492,17.586,17.905,17.403
2017-01-11,17.392,16.195,17.557,16.018
2017-01-12,16.28,16.052,16.597,16.023
2017-01-13,16.337,15.14,16.337,15.026
2017-01-16,14.969,13.999,15.137,13.651
2017-01-17,13.962,14.512,14.826,13.286
2017-01-18,14.401,13.857,14.407,13.774
2017-01-19,13.241,13.831,14.341,12.976
2017-01-20,13.657,14.23,14.455,13.543
2017-01-23,14.145,14.27,14.598,14.145
2017-01-24,14.222,13.802,14.244,13.686
2017-01-25,13.82,14.204,14.395,13.688
2017-01-26,14.242,14.977,15.077,14.242
2017-02-03,14.872,14.561,14.937,14.458
2017-02-06,14.826,14.986,15.105,14.564
2017-02-07,14.986,14.763,14.997,14.615
2017-02-08,14.626,14.912,14.986,14.584
2017-02-09,14.912,15.043,15.254,14.874
2017-02-10,14.991,14.806,15.191,14.795
2017-02-13,14.683,15.353,15.562,14.626
2017-02-14,15.356,15.724,15.932,15.356
2017-02-15,15.721,15.419,16.195,15.308
2017-02-16,15.339,15.619,15.659,15.205
2017-02-17,14.829,14.47,15.097,14.056
2017-02-20,14.256,13.971,14.256,13.703
2017-02-21,13.979,14.21,14.324,13.979
2017-02-22,14.165,14.367,14.507,14.028
2017-02-23,14.259,14.612,14.826,14.207
2017-02-24,14.598,14.746,14.889,14.524
2017-02-27,14.626,14.709,14.883,14.549
2017-02-28,14.655,14.569,14.698,14.361
2017-03-01,14.569,14.518,14.709,14.455
2017-03-02,14.492,14.427,14.592,14.261
2017-03-03,14.341,14.504,14.541,14.341
2017-03-06,14.484,14.9,14.949,14.484
2017-03-07,15.091,15.225,15.51,15.071
2017-03-08,15.237,15.262,15.436,15.162
2017-03-09,15.225,14.926,15.225,14.541
2017-03-10,15.003,15.359,15.359,14.84
2017-03-13,16.896,16.896,16.896,16.896
2017-03-14,18.587,18.587,18.587,18.587
2017-03-15,20.446,20.446,20.446,20.446
2017-03-16,22.49,22.49,22.49,22.49
2017-03-17,24.739,24.739,24.739,24.577
2017-03-20,24.862,25.817,26.139,24.557
2017-03-21,25.983,25.677,26.396,25.047
2017-03-22,25.384,26.29,26.37,25.29
2017-03-23,26.062,28.112,28.797,25.977
2017-03-24,27.243,26.752,27.519,26.65
2017-03-27,26.673,26.342,26.96,25.754
2017-03-28,26.373,26.573,27.228,25.803
2017-03-29,26.379,25.923,27.497,25.923
2017-03-30,24.805,23.331,24.93,23.331
2017-03-31,22.524,22.997,23.357,22.313
2017-04-05,22.421,22.239,22.667,21.101
2017-04-06,22.407,23.379,23.405,22.225
2017-04-07,23.037,21.666,23.351,21.441
2017-04-10,19.67,19.499,21.042,19.499
2017-04-11,18.897,19.308,19.587,18.111
2017-04-12,19.103,18.302,19.379,18.247
2017-04-13,18.903,18.527,19.582,18.527
2017-04-14,18.022,19.536,20.28,18.022
2017-04-17,18.504,17.583,18.96,17.583
2017-04-18,17.76,17.646,18.299,16.822
2017-04-19,17.674,18.632,18.672,17.674
2017-04-20,18.532,18.835,18.835,17.968
2017-04-21,18.498,18.453,19.037,18.35
2017-04-24,18.176,17.686,18.176,16.845
2017-04-25,17.877,18.396,18.746,17.72
2017-04-26,18.361,19.459,20.052,18.333
2017-04-27,19.194,20.813,20.953,19.006
2017-04-28,20.528,20.543,21.298,20.189
2017-05-02,20.243,20.699,21.064,19.981
2017-05-03,20.266,21.629,22.516,19.972
2017-05-04,21.364,20.779,21.512,20.62
2017-05-05,22.239,22.858,22.858,21.826
2017-05-08,24.662,22.524,25.144,22.524
2017-05-09,21.384,24.377,24.774,20.976
2017-05-10,24.675,26.813,26.813,24.675
2017-05-11,24.975,27.283,27.762,24.136
2017-05-12,28.472,30.01,30.01,27.892
2017-05-15,30.889,29.111,31.528,28.082
2017-05-16,29.201,30.04,30.629,28.472
2017-05-17,29.191,29.041,30.35,27.473
2017-05-18,27.752,26.573,29.001,26.504
2017-05-19,26.573,24.096,26.673,23.916
2017-05-22,24.066,21.928,24.346,21.698
2017-05-23,22.288,21.698,22.757,21.189
2017-05-24,22.178,22.657,23.177,21.838
2017-05-25,22.378,21.568,22.468,20.4
2017-05-26,21.838,22.777,23.357,20.979
2017-05-31,22.977,22.837,23.876,22.438
2017-06-01,22.128,20.549,22.128,20.549
2017-06-02,19.031,20.26,20.859,18.512
2017-06-05,19.98,19.9,20.599,19.85
2017-06-06,19.371,19.68,20.37,19.061
2017-06-07,19.72,21.269,21.578,19.72
2017-06-08,20.979,20.51,21.169,20.43
2017-06-09,20.23,20.12,20.929,19.99
2017-06-12,19.401,18.202,19.78,18.112
2017-06-13,17.872,19.181,19.73,17.832
2017-06-14,19.481,18.941,19.531,18.811
2017-06-15,19.331,19.68,20.33,19.061
2017-06-16,19.67,21.369,21.648,19.431
2017-06-19,20.779,21.029,21.259,20.24
2017-06-20,20.979,21.099,21.858,20.779
2017-06-21,21.079,20.889,21.079,20.12
2017-06-22,20.689,20.3,21.479,20.28
2017-06-23,19.461,19.71,20.12,18.981
2017-06-26,19.97,19.66,20.16,19.211
2017-06-27,19.96,19.64,19.97,19.54
2017-06-28,19.381,18.841,19.421,18.781
2017-06-29,18.901,18.751,19.151,18.701
2017-06-30,18.661,18.851,19.081,18.661
2017-07-03,18.811,18.891,18.961,18.671
2017-07-04,18.941,19.131,19.271,18.801
2017-07-05,19.191,19.481,19.78,18.881
2017-07-06,19.351,19.151,19.59,18.991
2017-07-07,19.201,19.181,19.63,19.001
2017-07-10,18.831,18.172,18.861,18.092
2017-07-11,18.162,17.582,18.362,17.483
2017-07-12,17.602,18.012,18.032,16.184
2017-07-13,17.782,17.343,17.822,17.253
2017-07-14,16.593,16.723,17.413,16.593
2017-07-17,16.364,15.055,16.723,15.055
2017-07-18,15.045,14.805,15.155,14.316
2017-07-19,14.775,14.825,15.015,14.665
2017-07-20,15.045,14.466,15.085,14.406
2017-07-21,14.366,14.416,14.915,14.046
2017-07-24,14.476,14.256,14.675,13.816
2017-07-25,14.276,15.085,15.445,14.256
2017-07-26,14.755,14.705,15.085,14.605
2017-07-27,14.615,15.385,15.564,14.605
2017-07-28,15.195,15.065,15.305,14.995
2017-07-31,15.135,14.905,15.175,14.805
2017-08-01,14.985,14.625,14.985,14.396
2017-08-02,14.685,14.316,14.685,14.246
2017-08-03,14.266,14.406,14.745,14.186
2017-08-04,14.386,14.655,15.345,14.296
2017-08-07,14.426,14.765,14.975,14.426
2017-08-08,14.685,14.725,14.945,14.496
2017-08-09,14.785,14.585,14.785,14.516
2017-08-10,14.595,14.086,14.755,14.066
2017-08-11,14.026,14.206,14.775,13.686
2017-08-14,14.096,14.416,14.466,13.896
2017-08-15,14.456,15.854,15.854,14.326
2017-08-16,16.184,17.443,17.443,15.984
2017-08-17,17.872,17.303,17.872,16.863
2017-08-18,17.283,16.613,17.293,16.603
2017-08-21,16.474,16.543,16.903,16.384
2017-08-22,16.543,16.404,16.923,16.264
2017-08-23,16.284,16.663,16.863,16.074
2017-08-24,16.444,15.944,16.524,15.884
2017-08-25,15.934,16.134,16.284,15.714
2017-08-28,16.044,16.873,17.253,15.984
2017-08-29,16.763,16.464,16.763,16.234
2017-08-30,15.834,15.884,16.084,15.784
2017-08-31,15.904,16.344,16.663,15.754
2017-09-01,16.134,16.104,16.264,15.924
2017-09-04,16.044,16.723,16.863,15.714
2017-09-05,16.623,16.823,16.863,16.444
2017-09-06,16.613,17.193,17.253,16.504
2017-09-07,17.033,18.072,18.911,16.913
2017-09-08,17.562,17.343,17.932,17.293
2017-09-11,17.073,16.534,17.173,16.194
2017-09-12,16.444,16.104,16.444,16.044
2017-09-13,15.604,15.495,15.794,15.115
2017-09-14,15.355,15.395,15.714,15.265
2017-09-15,15.335,15.165,15.485,15.095
2017-09-18,15.205,15.325,15.405,15.055
2017-09-19,15.305,14.945,15.385,14.915
2017-09-20,14.845,15.165,15.235,14.835
2017-09-21,15.045,14.805,15.135,14.795
2017-09-22,14.855,14.935,15.105,14.785
2017-09-25,14.775,14.875,15.175,14.685
2017-09-26,14.795,15.005,15.155,14.795
2017-09-27,15.015,14.935,15.165,14.855
2017-09-28,14.366,13.906,14.645,13.786
2017-09-29,13.816,13.886,14.016,13.726
2017-10-09,14.046,14.276,14.346,13.956
2017-10-10,14.276,14.825,14.865,14.236
2017-10-11,14.705,14.825,15.505,14.695
2017-10-12,13.996,14.645,14.775,13.996
2017-10-13,14.476,16.114,16.114,14.406
2017-10-16,16.534,15.784,16.783,15.734
2017-10-17,15.015,15.425,15.495,14.416
2017-10-18,15.185,14.895,15.834,14.885
2017-10-19,14.975,15.025,15.385,14.605
2017-10-20,14.745,14.655,15.025,14.536
2017-10-23,14.665,15.115,15.375,14.615
2017-10-24,15.085,14.815,15.135,14.685
2017-10-25,14.755,14.995,15.385,14.685
2017-10-26,14.815,14.925,15.335,14.735
2017-10-27,14.895,14.386,15.065,14.336
2017-10-30,14.346,13.886,14.555,13.566
2017-10-31,13.806,14.156,14.416,13.776
2017-11-01,14.066,14.156,14.416,14.066
2017-11-02,14.026,14.236,14.466,13.996
2017-11-03,14.146,14.206,14.466,13.986
2017-11-06,14.256,14.575,14.585,14.176
2017-11-07,14.665,14.446,14.665,14.306
2017-11-08,14.446,14.196,14.446,14.086
2017-11-09,14.286,14.156,14.376,14.086
2017-11-10,14.086,14.346,14.565,13.866
2017-11-13,14.166,14.206,14.466,14.166
2017-11-14,14.386,13.946,14.406,13.946
2017-11-15,13.786,13.756,13.986,13.696
2017-11-16,13.766,13.297,13.936,13.187
2017-11-17,13.267,12.458,13.267,12.038
2017-11-20,12.458,12.627,12.687,12.188
2017-11-21,12.438,12.567,12.807,12.388
2017-11-22,12.577,12.388,12.737,12.348
2017-11-23,12.567,11.828,12.567,11.798
2017-11-24,11.838,11.558,11.988,11.419
2017-11-27,11.558,11.529,11.788,11.319
2017-11-28,11.519,11.648,11.748,11.519
2017-11-29,11.648,11.628,11.718,11.339
2017-11-30,11.658,11.588,11.738,11.489
2017-12-01,11.588,11.938,12.288,11.529
2017-12-04,11.479,11.568,11.708,11.339
2017-12-05,11.568,10.41,11.568,10.41
2017-12-06,10.34,10.569,10.579,9.89
2017-12-07,10.47,10.53,10.749,10.19
2017-12-08,10.53,10.699,10.809,10.36
2017-12-11,10.789,11.049,11.389,10.639
2017-12-12,10.989,10.849,11.159,10.849
2017-12-13,10.719,11.109,11.239,10.719
2017-12-14,10.929,10.959,11.289,10.929
2017-12-15,10.959,10.849,11.289,10.769
2017-12-18,10.929,10.51,10.929,10.41
2017-12-19,10.659,10.54,10.879,10.49
2017-12-20,10.629,10.44,10.689,10.39
2017-12-21,10.47,10.42,10.52,10.19
2017-12-22,10.26,10.15,10.569,10.14
2017-12-25,10.06,9.83,10.15,9.62
2017-12-26,9.83,9.96,10.09,9.76
2017-12-27,9.92,10.02,10.29,9.92
2017-12-28,10.01,9.98,10.21,9.88
2017-12-29,9.92,10.0,10.09,9.92
2018-01-02,10.09,10.09,10.09,9.91
2018-01-03,10.14,10.43,10.789,10.04
2018-01-04,10.27,10.25,10.37,10.17
2018-01-05,10.24,10.35,10.47,10.24
2018-01-08,10.35,10.21,10.35,10.11
2018-01-09,10.18,10.689,11.229,10.15
2018-01-10,10.39,10.989,11.069,10.35
2018-01-11,11.099,10.849,11.169,10.689
2018-01-12,10.689,10.619,10.879,10.609
2018-01-15,10.52,10.679,11.079,10.51
2018-01-16,10.5,10.939,11.119,10.5
2018-01-17,10.869,10.789,11.169,10.589
2018-01-18,10.809,10.819,10.979,10.689
2018-01-19,10.869,10.979,11.079,10.699
2018-01-22,10.939,11.199,11.459,10.669
2018-01-23,11.199,11.299,11.469,11.039
2018-01-24,11.199,11.199,11.539,10.929
2018-01-25,11.109,10.799,11.339,10.789
2018-01-26,10.789,10.34,10.839,10.33
2018-01-29,10.34,10.28,10.4,10.05
2018-01-30,10.29,10.15,10.3,10.1
2018-01-31,10.0,9.77,10.11,9.69
2018-02-01,9.78,8.931,9.91,8.921
2018-02-02,8.881,9.001,9.151,8.132
2018-02-05,8.941,8.492,9.051,8.342
2018-02-06,8.192,7.642,8.462,7.642
2018-02-07,7.802,7.423,8.122,7.053
2018-02-08,7.473,7.682,7.992,7.323
2018-02-09,7.463,7.303,7.582,7.093
2018-02-12,7.433,7.652,7.822,7.373
2018-02-13,7.622,7.542,7.772,7.503
2018-02-14,7.542,7.393,7.652,7.343
2018-02-22,7.493,7.642,7.742,7.493
2018-02-23,7.642,7.702,7.852,7.592
2018-02-26,7.752,7.972,8.042,7.692
2018-02-27,7.972,8.222,8.312,7.892
2018-02-28,8.102,8.302,8.671,7.932
2018-03-01,8.192,8.312,8.372,8.092
2018-03-02,8.192,8.272,8.402,8.182
2018-03-05,8.272,8.402,8.432,8.222
2018-03-06,8.422,8.442,8.681,8.402
2018-03-07,8.442,8.282,8.442,8.192
2018-03-08,8.322,8.681,8.971,8.272
2018-03-09,8.611,8.821,8.971,8.532
2018-03-12,8.871,8.891,9.271,8.831
2018-03-13,8.911,9.78,9.78,8.911
2018-03-14,10.0,9.79,10.38,9.77
2018-03-15,9.441,9.341,9.491,8.971
2018-03-16,9.341,9.001,9.381,9.001
2018-03-19,8.801,9.011,9.141,8.801
2018-03-20,8.761,9.271,9.491,8.761
2018-03-21,9.391,8.961,9.421,8.891
2018-03-22,8.881,8.891,9.061,8.851
2018-03-23,8.681,8.002,8.681,8.002
2018-03-26,7.742,8.012,8.042,7.393
2018-03-27,8.132,8.272,8.362,8.092
2018-03-28,8.152,8.392,8.611,8.112
2018-03-29,8.412,8.452,8.571,8.322
2018-03-30,8.502,8.681,8.731,8.432
2018-04-02,8.741,8.801,8.991,8.691
2018-04-03,8.611,9.061,9.191,8.542
2018-04-04,9.001,9.311,9.68,9.001
2018-04-09,9.191,9.481,9.68,8.801
2018-04-10,9.441,9.74,10.11,9.241
2018-04-11,9.8,10.52,10.52,9.72
2018-04-12,10.23,9.7,10.39,9.7
2018-04-13,9.84,9.441,9.87,9.311
2018-04-16,9.431,9.271,9.61,9.201
2018-04-17,9.361,9.271,9.6,9.221
2018-04-18,9.271,9.111,9.431,8.571
2018-04-19,9.011,8.891,9.171,8.851
2018-04-20,8.881,8.462,8.881,8.422
2018-04-23,8.192,8.641,8.661,8.182
2018-04-24,8.591,8.791,8.871,8.542
2018-04-25,8.691,9.071,9.101,8.661
2018-04-26,9.041,8.851,9.141,8.821
2018-04-27,8.881,9.321,9.471,8.601
2018-05-02,9.381,9.88,9.94,9.221
2018-05-03,9.64,9.75,9.87,9.391
2018-05-04,9.64,9.68,10.29,9.431
2018-05-07,9.92,10.649,10.649,9.8
2018-05-08,11.718,11.718,11.718,11.718
2018-05-09,12.587,11.109,12.587,10.989
2018-05-10,10.649,10.579,10.929,10.4
2018-05-11,10.24,9.93,10.39,9.82
2018-05-14,9.81,9.93,10.03,9.76
2018-05-15,9.94,10.05,10.07,9.72
2018-05-16,10.01,10.25,10.33,9.81
2018-05-17,10.08,10.12,10.19,9.9
2018-05-18,10.1,10.88,11.13,9.91
2018-05-21,10.72,11.34,11.48,10.57
2018-05-22,11.13,11.14,11.49,11.01
2018-05-23,11.02,10.81,11.26,10.8
2018-05-24,10.68,10.73,10.97,10.6
2018-05-25,10.64,10.78,10.98,10.39
