date,open,close,high,low
2016-09-28,8.055,9.666,9.666,8.055
2016-09-29,10.63,10.63,10.63,10.63
2016-09-30,11.694,11.694,11.694,11.694
2016-10-10,12.863,12.863,12.863,12.863
2016-10-11,14.15,14.15,14.15,14.15
2016-10-12,15.568,15.568,15.568,15.568
2016-10-13,17.124,17.124,17.124,17.124
2016-10-14,18.834,18.834,18.834,18.834
2016-10-17,20.719,20.719,20.719,20.719
2016-10-18,22.792,22.792,22.792,22.792
2016-10-19,25.069,25.069,25.069,25.069
2016-10-20,27.575,27.575,27.575,27.575
2016-10-21,30.334,30.334,30.334,30.334
2016-10-24,33.367,33.367,33.367,33.367
2016-10-25,36.704,36.704,36.704,36.39
2016-10-26,40.373,40.373,40.373,40.333
2016-10-27,42.352,44.41,44.41,42.267
2016-10-28,47.234,48.85,48.85,45.783
2016-10-31,46.513,46.389,47.329,44.748
2016-11-01,48.229,47.384,50.267,47.339
2016-11-02,47.732,52.122,52.122,46.389
2016-11-03,52.699,48.418,54.185,48.308
2016-11-04,46.862,47.428,48.865,46.081
2016-11-07,47.433,47.732,49.616,46.678
2016-11-08,46.737,46.538,47.607,46.016
2016-11-09,46.24,46.046,46.852,45.28
2016-11-10,46.389,49.472,50.466,46.051
2016-11-11,50.715,54.419,54.419,50.466
2016-11-14,55.215,51.848,55.836,50.615
2016-11-15,51.262,50.824,53.599,49.83
2016-11-16,50.317,51.113,51.968,49.571
2016-11-17,50.213,50.541,53.181,49.899
2016-11-18,49.795,50.039,51.779,49.76
2016-11-21,49.228,49.278,49.715,47.384
2016-11-22,49.671,54.205,54.205,49.671
2016-11-23,54.692,51.287,55.13,50.794
2016-11-24,50.267,48.83,51.461,48.02
2016-11-25,48.666,49.825,50.347,46.742
2016-11-28,49.303,48.174,49.522,47.806
2016-11-29,48.129,48.229,49.019,47.234
2016-11-30,48.279,49.357,50.228,47.737
2016-12-01,50.218,48.627,51.456,47.931
2016-12-02,47.682,46.464,47.97,46.071
2016-12-05,45.246,44.361,46.548,43.908
2016-12-06,44.226,44.375,45.042,44.226
2016-12-07,44.445,44.937,44.937,42.765
2016-12-08,44.743,43.6,45.345,43.565
2016-12-09,43.505,42.461,43.744,42.412
2016-12-12,42.233,38.215,42.412,38.215
2016-12-13,37.688,37.738,38.678,36.967
2016-12-14,37.39,36.813,38.225,36.778
2016-12-15,36.818,37.728,38.633,36.624
2016-12-16,37.295,38.513,38.633,37.295
2016-12-19,38.777,37.778,38.777,37.589
2016-12-20,37.778,37.733,38.031,37.201
2016-12-21,37.768,41.507,41.507,37.231
2016-12-22,42.064,42.342,43.883,41.805
2016-12-23,42.103,39.657,42.262,39.026
2016-12-26,38.036,43.625,43.625,37.892
2016-12-27,43.406,42.407,43.903,42.113
2016-12-28,42.407,42.059,43.252,41.765
2016-12-29,41.755,41.298,42.536,41.268
2016-12-30,41.298,42.66,43.998,41.298
2017-01-03,43.739,44.39,45.842,42.7
2017-01-04,44.201,44.699,45.494,43.008
2017-01-05,44.201,44.425,47.15,44.107
2017-01-06,43.983,40.656,44.192,40.254
2017-01-09,38.623,38.981,40.149,38.29
2017-01-10,39.175,38.29,39.697,38.29
2017-01-11,37.947,36.893,38.394,36.883
2017-01-12,37.261,37.3,38.275,36.898
2017-01-13,37.788,34.049,37.788,33.611
2017-01-16,33.785,34.347,34.635,31.672
2017-01-17,33.81,35.61,36.545,32.627
2017-01-18,35.192,33.785,35.764,33.735
2017-01-19,33.308,33.288,34.556,32.318
2017-01-20,33.263,34.412,34.695,33.124
2017-01-23,34.357,34.407,35.053,34.059
2017-01-24,34.163,33.213,34.402,33.213
2017-01-25,32.965,33.631,33.954,32.915
2017-01-26,33.71,33.621,34.307,33.313
2017-02-03,33.8,33.735,34.148,33.362
2017-02-06,34.302,34.715,34.819,33.81
2017-02-07,34.799,33.86,35.232,33.362
2017-02-08,33.576,33.825,34.108,32.552
2017-02-09,33.86,34.973,35.575,33.492
2017-02-10,35.053,33.71,35.103,33.671
2017-02-13,33.661,34.332,34.605,33.119
2017-02-14,34.208,34.471,35.411,34.168
2017-02-15,34.456,34.412,35.078,34.113
2017-02-16,34.059,33.74,34.307,33.74
2017-02-17,33.765,32.87,34.054,32.825
2017-02-20,32.87,30.354,32.89,29.837
2017-02-21,30.329,30.628,30.931,30.081
2017-02-22,30.663,30.528,31.07,30.374
2017-02-23,30.578,30.772,30.916,30.175
2017-02-24,30.678,31.553,31.906,30.643
2017-02-27,31.543,31.572,31.821,31.075
2017-02-28,31.577,32.164,32.408,31.14
2017-03-01,32.264,31.811,32.751,31.577
2017-03-02,31.826,30.906,31.911,30.901
2017-03-03,30.906,31.17,31.334,30.389
2017-03-06,31.17,32.786,32.96,31.075
2017-03-07,32.766,34.009,36.062,32.641
2017-03-08,34.307,33.397,34.73,33.059
2017-03-09,33.213,33.144,33.313,32.467
2017-03-10,33.313,33.422,34.183,32.811
2017-03-13,33.661,34.252,34.257,32.835
2017-03-14,34.302,33.362,34.506,33.248
2017-03-15,33.706,32.93,33.706,32.756
2017-03-16,33.029,34.297,34.541,33.029
2017-03-17,34.093,33.039,34.551,33.039
2017-03-20,32.825,34.655,34.72,32.816
2017-03-21,35.053,34.869,35.804,34.307
2017-03-22,34.546,36.008,36.256,34.287
2017-03-23,35.898,36.192,37.39,35.5
2017-03-24,36.286,37.4,38.036,36.251
2017-03-27,37.221,36.485,37.241,35.157
2017-03-28,36.201,37.27,37.609,35.451
2017-03-29,37.047,35.948,37.962,35.749
2017-03-30,35.794,35.878,36.768,34.595
2017-03-31,34.307,34.605,35.555,33.064
2017-04-05,34.77,35.093,35.287,33.86
2017-04-06,34.794,34.446,35.699,34.228
2017-04-07,34.446,33.85,34.65,32.413
2017-04-10,33.735,31.244,33.735,31.224
2017-04-11,31.2,32.095,32.398,30.876
2017-04-12,32.095,31.374,32.408,31.349
2017-04-13,31.075,30.931,31.672,30.906
2017-04-14,31.11,30.628,31.597,30.389
2017-04-17,29.832,28.43,30.32,27.878
2017-04-18,28.53,27.51,28.838,27.013
2017-04-19,27.346,28.177,28.341,27.118
2017-04-20,28.037,28.042,28.39,27.351
2017-04-21,28.092,27.699,28.579,27.6
2017-04-24,28.092,27.476,28.092,26.6
2017-04-25,28.062,28.366,28.838,27.585
2017-04-26,28.221,28.341,28.808,28.117
2017-04-27,28.629,31.175,31.175,28.629
2017-04-28,31.329,32.224,33.979,31.11
2017-05-02,33.313,33.104,33.313,31.582
2017-05-03,33.059,32.612,33.059,32.159
2017-05-04,32.547,32.343,33.81,32.343
2017-05-05,31.955,32.686,33.636,31.672
2017-05-08,32.323,33.715,35.287,32.308
2017-05-09,33.81,35.993,36.753,32.825
2017-05-10,35.898,34.904,37.539,34.839
2017-05-11,35.401,35.246,35.406,34.005
2017-05-12,35.301,34.408,35.65,33.905
2017-05-15,34.902,35.964,36.298,34.653
2017-05-16,35.605,37.365,37.894,35.246
2017-05-17,37.201,37.52,39.788,36.797
2017-05-18,37.235,36.238,39.09,35.391
2017-05-19,36.837,34.239,36.872,34.069
2017-05-22,34.852,33.292,35.391,32.987
2017-05-23,33.307,32.205,33.82,31.472
2017-05-24,31.91,32.155,33.656,31.133
2017-05-25,32.19,31.761,32.853,30.714
2017-05-26,31.696,30.963,32.085,30.888
2017-05-31,31.606,32.145,32.838,31.606
2017-06-01,31.412,30.265,32.409,29.766
2017-06-02,30.13,30.863,31.262,28.994
2017-06-05,30.918,32.958,33.656,30.918
2017-06-06,32.913,32.958,33.107,32.17
2017-06-07,32.933,33.606,34.229,32.534
2017-06-08,33.606,33.002,33.755,32.409
2017-06-09,33.022,33.995,34.354,32.359
2017-06-12,33.785,32.883,33.785,32.519
2017-06-13,32.883,33.277,33.656,32.21
2017-06-14,33.232,32.618,33.501,32.434
2017-06-15,32.359,33.461,33.84,32.354
2017-06-16,33.506,33.182,33.656,32.908
2017-06-19,33.406,33.197,33.571,33.077
2017-06-20,33.511,34.354,36.298,33.506
2017-06-21,34.902,34.089,34.902,33.71
2017-06-22,34.194,32.409,34.234,32.235
2017-06-23,32.604,32.499,32.878,31.412
2017-06-26,32.604,33.78,33.9,32.409
2017-06-27,33.805,34.224,34.598,33.556
2017-06-28,34.653,34.354,34.902,33.895
2017-06-29,34.548,35.251,35.65,34.259
2017-06-30,34.902,36.049,36.298,34.054
2017-07-03,36.198,35.68,36.243,35.451
2017-07-04,35.745,35.047,36.173,34.902
2017-07-05,34.224,33.137,34.398,32.783
2017-07-06,32.972,33.566,33.656,32.972
2017-07-07,34.688,34.483,35.067,34.01
2017-07-10,34.344,34.304,35.186,33.975
2017-07-11,33.656,33.411,34.553,32.908
2017-07-12,33.411,32.564,33.411,31.811
2017-07-13,32.564,31.91,33.137,31.856
2017-07-14,31.9,30.883,31.95,30.719
2017-07-17,30.838,27.797,30.838,27.797
2017-07-18,27.772,26.446,27.772,25.035
2017-07-19,26.256,26.775,27.024,25.558
2017-07-20,26.775,26.326,27.179,26.316
2017-07-21,25.932,25.678,26.351,25.678
2017-07-24,25.578,25.065,25.578,24.082
2017-07-25,25.015,24.576,25.409,24.132
2017-07-26,24.561,25.025,25.169,24.431
2017-07-27,24.696,26.501,27.174,24.696
2017-07-28,26.351,26.082,26.61,25.773
2017-07-31,26.58,26.575,27.164,25.927
2017-08-01,26.57,26.745,26.815,26.102
2017-08-02,26.735,26.027,26.745,25.882
2017-08-03,26.022,25.917,26.396,25.479
2017-08-04,25.818,25.229,26.007,25.204
2017-08-07,25.194,25.244,25.578,25.055
2017-08-08,25.219,25.259,25.528,24.83
2017-08-09,25.259,25.259,25.469,25.04
2017-08-10,25.374,24.481,25.374,24.441
2017-08-11,24.431,23.783,24.601,23.589
2017-08-14,23.773,25.294,25.404,23.773
2017-08-15,25.668,25.259,25.668,24.95
2017-08-16,25.06,25.459,25.778,24.731
2017-08-17,25.329,26.167,26.366,25.08
2017-08-18,25.663,25.753,26.157,25.578
2017-08-21,25.852,26.077,26.122,25.758
2017-08-22,26.082,25.758,26.301,25.608
2017-08-23,25.852,25.808,26.206,25.239
2017-08-24,25.808,25.289,25.867,25.279
2017-08-25,25.369,25.997,26.122,25.309
2017-08-28,26.326,27.149,27.672,26.241
2017-08-29,27.423,28.071,29.158,27.094
2017-08-30,27.932,27.872,28.365,27.608
2017-08-31,27.917,28.67,29.143,27.917
2017-09-01,28.665,29.916,31.247,28.535
2017-09-04,29.881,31.412,32.175,29.856
2017-09-05,31.302,31.512,31.661,30.694
2017-09-06,31.512,31.786,32.06,30.918
2017-09-07,31.786,31.801,32.364,31.287
2017-09-08,31.422,30.415,31.891,30.23
2017-09-11,30.499,30.684,31.9,30.415
2017-09-12,30.435,30.564,31.502,30.315
2017-09-13,30.784,29.916,30.784,29.228
2017-09-14,29.966,29.692,30.903,29.467
2017-09-15,29.871,29.866,30.639,29.522
2017-09-18,30.111,29.652,30.111,29.437
2017-09-19,29.672,30.026,30.195,29.672
2017-09-20,29.846,30.115,30.524,28.52
2017-09-21,29.786,30.155,31.133,29.786
2017-09-22,29.946,31.163,31.163,29.467
2017-09-25,31.178,31.651,32.409,31.018
2017-09-26,31.173,30.39,31.412,29.966
2017-09-27,30.011,30.714,30.814,30.011
2017-09-28,30.564,32.379,33.057,30.564
2017-09-29,32.409,32.913,33.656,32.259
2017-10-09,33.147,32.748,33.381,31.91
2017-10-10,32.748,35.077,36.024,32.165
2017-10-11,35.116,35.5,37.141,34.653
2017-10-12,35.869,37.54,38.512,34.578
2017-10-13,37.555,37.59,38.592,36.677
2017-10-16,37.59,36.847,38.138,35.964
2017-10-17,36.832,38.342,38.696,36.408
2017-10-18,38.337,37.021,39.2,36.762
2017-10-19,37.091,37.495,37.884,35.964
2017-10-20,37.131,36.418,37.769,36.403
2017-10-23,36.647,37.864,38.028,36.418
2017-10-24,37.784,36.498,38.183,36.149
2017-10-25,36.527,40.147,40.147,36.527
2017-10-26,40.596,40.337,41.384,39.389
2017-10-27,40.885,38.896,41.833,38.841
2017-10-30,39.883,38.098,39.913,37.395
2017-10-31,38.517,37.37,38.881,37.171
2017-11-01,37.515,37.714,38.851,37.405
2017-11-02,38.143,37.395,39.28,37.36
2017-11-03,36.921,36.891,38.143,36.064
2017-11-06,37.066,39.135,39.529,37.051
2017-11-07,38.647,39.883,40.023,38.043
2017-11-08,39.853,39.489,40.252,38.946
2017-11-09,39.484,39.689,39.788,38.392
2017-11-10,39.469,40.038,41.135,39.07
2017-11-13,40.043,40.481,40.825,39.664
2017-11-14,40.187,39.549,40.676,38.781
2017-11-15,39.549,39.045,40.013,38.452
2017-11-16,38.891,38.392,39.335,37.744
2017-11-17,38.108,34.817,38.387,34.553
2017-11-20,35.077,34.703,35.077,32.958
2017-11-21,34.822,34.693,35.65,33.456
2017-11-22,34.653,34.623,35.65,33.257
2017-11-23,34.623,32.608,35.042,32.165
2017-11-24,32.259,33.197,33.646,32.06
2017-11-27,32.967,34.698,35.441,32.12
2017-11-28,33.975,34.807,35.077,33.805
2017-11-29,34.628,34.528,35.246,33.466
2017-11-30,34.154,33.606,34.827,33.406
2017-12-01,33.536,33.571,34.154,33.022
2017-12-04,32.559,33.456,33.845,32.559
2017-12-05,33.386,31.716,33.406,30.998
2017-12-06,31.237,32.459,32.608,30.081
2017-12-07,32.254,32.359,33.307,31.312
2017-12-08,32.01,33.312,33.905,31.935
2017-12-11,33.257,33.91,34.144,33.057
2017-12-12,33.675,33.9,34.403,33.661
2017-12-13,33.326,33.855,34.069,33.326
2017-12-14,33.855,33.845,34.049,33.187
2017-12-15,33.661,33.656,33.825,33.007
2017-12-18,33.406,33.955,34.144,33.097
2017-12-19,33.955,34.01,34.154,33.556
2017-12-20,34.005,34.837,34.867,33.406
2017-12-21,34.837,34.493,35.201,33.91
2017-12-22,34.403,34.623,34.852,33.92
2017-12-25,34.304,34.349,34.767,33.656
2017-12-26,34.124,34.598,34.608,33.86
2017-12-27,34.902,33.89,35.675,32.933
2017-12-28,33.805,32.823,33.805,32.813
2017-12-29,33.097,32.559,33.351,31.611
2018-01-02,32.534,32.554,32.803,31.915
2018-01-03,32.534,32.953,33.331,32.21
2018-01-04,32.628,33.307,33.516,32.579
2018-01-05,33.591,32.484,33.641,32.469
2018-01-08,32.259,30.265,32.534,29.816
2018-01-09,30.365,30.489,31.312,30.165
2018-01-10,30.684,30.903,30.903,30.315
2018-01-11,30.754,30.908,31.357,30.415
2018-01-12,31.407,30.34,31.407,29.916
2018-01-15,30.435,29.966,30.435,29.447
2018-01-16,30.016,26.979,30.15,26.969
2018-01-17,26.979,27.119,27.308,25.603
2018-01-18,26.9,27.114,27.403,26.68
2018-01-19,27.199,26.994,27.622,26.934
2018-01-22,26.825,27.104,27.373,25.329
2018-01-23,27.114,26.316,27.179,26.221
2018-01-24,26.436,26.481,26.665,25.329
2018-01-25,26.476,27.209,28.42,26.221
2018-01-26,26.825,26.785,27.388,26.481
2018-01-29,25.678,25.838,26.675,25.419
2018-01-30,24.93,25.823,25.977,24.93
2018-01-31,25.823,25.758,26.127,24.93
2018-02-01,25.673,24.97,25.823,24.94
2018-02-02,24.97,24.107,25.319,23.943
2018-02-05,24.402,22.836,24.402,22.836
2018-02-06,22.437,20.782,22.437,20.782
2018-02-07,21.435,20.946,21.435,20.203
2018-02-08,20.946,22.008,22.193,20.647
2018-02-09,21.44,22.123,22.906,21.041
2018-02-12,22.367,23.459,24.182,21.968
2018-02-13,23.509,24.631,24.681,23.509
2018-02-14,24.631,24.157,24.666,23.933
2018-02-22,24.372,24.347,24.471,23.664
2018-02-23,24.282,23.928,24.282,23.788
2018-02-26,23.963,25.469,25.618,23.963
2018-02-27,25.469,26.516,27.024,25.264
2018-02-28,25.927,26.426,26.555,25.838
2018-03-01,26.685,26.865,27.164,26.177
2018-03-02,26.59,26.625,26.924,26.371
2018-03-05,26.919,27.089,27.114,26.276
2018-03-06,27.298,26.825,27.418,26.675
2018-03-07,27.099,26.75,27.099,26.177
2018-03-08,26.326,27.004,27.024,26.251
2018-03-09,29.707,29.707,29.707,29.707
2018-03-12,29.707,32.16,32.678,29.707
2018-03-13,31.412,31.686,32.21,30.948
2018-03-14,31.746,31.422,33.75,31.058
2018-03-15,31.038,31.202,31.551,29.582
2018-03-16,31.502,30.469,31.851,29.926
2018-03-19,30.405,30.564,31.148,30.165
2018-03-20,29.946,29.732,30.16,28.969
2018-03-21,29.742,29.218,30.589,29.098
2018-03-22,29.063,29.522,30.076,28.949
2018-03-23,27.922,26.57,28.415,26.57
2018-03-26,25.703,27.259,27.373,25.469
2018-03-27,27.722,29.363,29.652,27.722
2018-03-28,28.844,29.816,30.31,28.57
2018-03-29,30.664,30.041,30.863,29.517
2018-03-30,30.659,31.886,32.534,29.996
2018-04-02,32.279,32.439,33.406,31.915
2018-04-03,31.596,32.035,32.035,31.028
2018-04-04,32.035,30.764,32.035,30.579
2018-04-09,32.304,33.84,33.84,30.923
2018-04-10,33.905,33.646,35.565,32.294
2018-04-11,33.88,34.867,35.396,32.908
2018-04-12,32.98,31.38,33.99,31.38
2018-04-13,31.8,30.7,31.8,29.24
2018-04-16,30.15,30.78,31.36,30.03
2018-04-17,30.99,29.51,31.55,29.5
2018-04-18,29.6,30.0,30.35,28.0
2018-04-19,29.52,30.46,31.35,29.51
2018-04-20,29.87,27.98,30.49,27.8
2018-04-23,28.13,28.15,29.0,27.5
2018-04-24,28.31,30.06,30.37,28.0
2018-04-25,30.1,30.25,30.89,29.93
2018-04-26,30.06,31.41,32.5,30.0
2018-04-27,31.15,29.9,31.63,29.59
2018-05-02,29.61,28.99,29.94,28.6
2018-05-03,28.7,29.99,30.06,28.22
2018-05-04,29.44,29.07,29.88,28.83
2018-05-07,29.11,30.28,30.36,29.11
2018-05-08,30.28,30.14,30.35,29.3
2018-05-09,29.89,29.5,30.18,29.4
2018-05-10,29.69,30.29,31.48,29.66
2018-05-11,30.63,28.75,31.0,28.53
2018-05-14,28.1,27.72,28.96,27.55
2018-05-15,27.71,28.04,28.27,27.32
2018-05-16,27.7,27.08,27.95,27.0
2018-05-17,27.25,26.32,27.25,26.21
2018-05-18,26.26,26.58,26.88,26.1
2018-05-21,26.89,27.34,27.52,26.88
2018-05-22,27.51,27.49,27.6,26.89
2018-05-23,27.35,27.64,28.22,27.35
2018-05-24,27.55,27.09,27.8,27.02
2018-05-25,26.94,27.44,27.45,26.26
