date,open,close,high,low
2016-07-26,7.737,9.282,9.282,7.737
2016-07-27,10.209,10.209,10.209,10.209
2016-07-28,11.23,11.23,11.23,11.23
2016-07-29,12.356,12.356,12.356,12.356
2016-08-01,13.592,13.592,13.592,13.592
2016-08-02,14.949,14.949,14.949,14.949
2016-08-03,16.445,16.445,16.445,16.445
2016-08-04,18.089,18.089,18.089,18.089
2016-08-05,19.899,19.899,19.899,19.899
2016-08-08,21.891,21.891,21.891,21.891
2016-08-09,24.082,24.082,24.082,24.082
2016-08-10,26.488,26.488,26.488,26.488
2016-08-11,29.137,29.137,29.137,29.137
2016-08-12,32.051,32.051,32.051,32.051
2016-08-15,35.257,35.257,35.257,35.257
2016-08-16,38.783,38.783,38.783,38.783
2016-08-17,42.663,42.663,42.663,42.663
2016-08-18,46.928,46.928,46.928,46.928
2016-08-19,51.619,51.619,51.619,51.619
2016-08-22,56.779,56.779,56.779,56.779
2016-08-23,62.457,62.457,62.457,62.457
2016-08-24,68.704,68.704,68.704,68.704
2016-08-25,75.574,72.782,75.574,71.309
2016-08-26,70.635,65.785,71.827,65.685
2016-08-29,64.013,63.208,64.455,61.834
2016-08-30,63.622,64.538,65.117,62.965
2016-08-31,63.837,66.497,68.704,61.872
2016-09-01,66.166,66.469,69.852,65.603
2016-09-02,65.117,68.014,68.125,64.565
2016-09-05,68.434,63.357,69.752,63.081
2016-09-06,62.358,64.46,65.409,61.988
2016-09-07,64.51,61.762,64.593,61.74
2016-09-08,61.254,60.024,62.733,59.102
2016-09-09,59.985,56.966,60.035,56.85
2016-09-12,55.118,55.791,56.398,54.262
2016-09-13,56.243,55.901,56.773,55.118
2016-09-14,55.482,58.412,59.041,55.189
2016-09-19,58.39,58.489,58.815,57.452
2016-09-20,58.191,56.183,58.771,55.896
2016-09-21,56.288,56.343,57.126,55.852
2016-09-22,57.005,55.968,57.027,55.46
2016-09-23,55.979,54.113,56.453,54.113
2016-09-26,53.054,50.819,53.644,50.78
2016-09-27,50.764,52.949,52.977,50.697
2016-09-28,52.662,51.612,52.806,51.612
2016-09-29,51.606,53.127,54.117,51.595
2016-09-30,53.094,53.143,53.636,52.364
2016-10-10,53.752,58.458,58.458,53.177
2016-10-11,59.171,59.226,60.825,58.452
2016-10-12,58.69,59.929,60.366,58.203
2016-10-13,59.674,58.165,60.719,58.093
2016-10-14,56.959,57.722,58.148,56.472
2016-10-17,57.523,55.162,57.999,55.001
2016-10-18,55.162,55.565,55.737,53.918
2016-10-19,56.113,56.102,57.512,55.588
2016-10-20,55.449,54.758,57.114,54.747
2016-10-21,55.189,54.67,55.411,53.47
2016-10-24,54.332,55.577,55.787,54.244
2016-10-25,55.682,56.024,56.793,55.123
2016-10-26,55.577,60.089,60.93,55.494
2016-10-27,59.132,59.669,59.735,57.954
2016-10-28,59.226,55.742,59.381,55.742
2016-10-31,54.847,54.028,55.018,53.204
2016-11-01,53.989,54.946,55.35,53.315
2016-11-02,54.747,54.963,55.709,54.249
2016-11-03,54.664,54.885,55.737,54.26
2016-11-04,54.885,56.295,57.302,54.885
2016-11-07,56.942,55.853,56.942,55.306
2016-11-08,56.019,57.125,57.49,56.019
2016-11-09,57.18,56.909,58.275,55.112
2016-11-10,57.446,59.06,60.277,57.446
2016-11-11,58.729,58.452,59.879,57.612
2016-11-14,58.513,57.932,59.486,57.236
2016-11-15,57.567,57.656,57.905,56.19
2016-11-16,57.495,56.572,58.065,56.351
2016-11-17,56.063,54.747,56.063,54.736
2016-11-18,55.405,55.4,55.953,55.001
2016-11-21,55.245,57.014,57.285,54.913
2016-11-22,58.618,58.342,59.713,57.678
2016-11-23,57.606,56.887,58.043,56.605
2016-11-24,56.406,56.401,57.623,56.135
2016-11-25,55.958,57.263,57.401,54.813
2016-11-28,57.346,56.826,58.264,55.814
2016-11-29,56.793,55.836,58.507,55.549
2016-11-30,54.913,55.875,56.876,54.747
2016-12-01,55.593,55.958,56.677,55.422
2016-12-02,56.295,54.476,56.295,54.421
2016-12-05,53.918,53.282,55.189,53.204
2016-12-06,53.641,53.293,54.294,52.867
2016-12-07,53.525,52.64,53.525,51.429
2016-12-08,52.535,51.446,52.856,51.424
2016-12-09,51.595,51.529,51.789,50.777
2016-12-12,51.219,46.375,51.54,46.375
2016-12-13,46.341,48.155,48.941,46.341
2016-12-14,48.277,47.835,48.67,47.569
2016-12-15,47.475,48.061,48.548,47.475
2016-12-16,48.172,49.339,49.361,47.835
2016-12-19,48.659,49.217,50.318,48.659
2016-12-20,49.936,48.99,49.936,48.692
2016-12-21,49.317,49.549,49.836,48.952
2016-12-22,49.604,48.996,49.698,48.725
2016-12-23,49.433,47.293,50.024,46.452
2016-12-26,47.171,47.945,48.067,46.054
2016-12-27,47.945,47.796,48.553,47.564
2016-12-28,47.586,47.127,48.072,46.745
2016-12-29,47.116,46.756,47.331,46.375
2016-12-30,46.485,46.977,47.049,46.093
2017-01-03,46.95,47.47,47.553,46.762
2017-01-04,47.47,48.111,48.111,47.143
2017-01-05,48.045,48.183,49.073,47.84
2017-01-06,48.067,48.515,48.681,47.326
2017-01-09,48.299,48.399,48.399,47.868
2017-01-10,48.399,48.216,48.399,47.895
2017-01-11,47.729,48.111,48.498,47.669
2017-01-12,48.553,48.703,49.04,48.111
2017-01-13,48.708,48.111,49.029,45.954
2017-01-16,47.27,46.447,47.94,43.3
2017-01-17,45.291,47.89,48.05,43.798
2017-01-18,48.139,48.432,48.498,47.033
2017-01-19,47.658,50.041,50.987,47.619
2017-01-20,49.831,50.445,50.948,49.488
2017-01-23,50.323,50.019,50.931,49.223
2017-01-24,49.593,47.558,49.908,46.037
2017-01-25,47.442,48.144,48.144,46.734
2017-01-26,48.913,49.543,49.991,48.111
2017-02-03,50.251,49.77,50.251,49.001
2017-02-06,49.77,49.77,50.047,49.217
2017-02-07,49.77,50.373,50.594,49.306
2017-02-08,50.34,50.329,50.456,49.87
2017-02-09,50.378,50.616,51.153,50.329
2017-02-10,50.616,49.643,50.765,49.272
2017-02-13,49.886,49.411,49.886,49.289
2017-02-14,49.466,48.664,49.466,48.443
2017-02-15,48.443,49.328,49.709,48.288
2017-02-16,48.946,49.505,49.781,48.393
2017-02-17,49.311,48.249,49.615,47.624
2017-02-20,47.829,47.536,47.829,45.816
2017-02-21,47.53,47.757,47.862,47.304
2017-02-22,47.757,46.839,47.757,46.452
2017-02-23,47.077,46.458,47.077,46.281
2017-02-24,46.535,46.491,46.69,46.176
2017-02-27,46.491,46.607,46.906,46.236
2017-02-28,46.485,46.463,46.706,46.054
2017-03-01,46.341,46.452,46.839,46.109
2017-03-02,46.336,46.275,46.447,46.01
2017-03-03,46.07,46.507,46.552,44.793
2017-03-06,46.552,47.011,47.282,46.552
2017-03-07,47.226,47.259,47.32,46.894
2017-03-08,47.237,47.016,47.724,46.894
2017-03-09,47.243,46.192,47.282,46.004
2017-03-10,46.198,46.657,47.116,46.164
2017-03-13,46.784,47.785,47.79,46.784
2017-03-14,47.785,47.37,47.829,47.011
2017-03-15,47.121,47.16,47.392,46.883
2017-03-16,47.033,47.558,47.823,47.022
2017-03-17,47.42,45.672,47.818,44.727
2017-03-20,45.125,45.429,45.623,44.81
2017-03-21,45.429,45.551,45.584,45.125
2017-03-22,45.484,45.462,45.788,45.23
2017-03-23,45.473,45.667,45.871,45.07
2017-03-24,45.656,44.97,45.772,44.754
2017-03-27,45.031,45.014,45.031,44.085
2017-03-28,44.97,44.727,45.014,44.522
2017-03-29,44.854,45.125,45.125,42.587
2017-03-30,43.687,44.4,44.461,42.692
2017-03-31,43.853,42.99,44.229,42.985
2017-04-05,43.073,43.245,43.56,42.642
2017-04-06,43.239,43.687,43.748,42.935
2017-04-07,43.875,43.001,43.875,42.852
2017-04-10,41.696,38.705,42.249,38.699
2017-04-11,37.881,38.721,38.987,37.881
2017-04-12,38.572,36.907,38.611,36.863
2017-04-13,36.863,37.234,37.715,36.227
2017-04-14,37.084,36.105,37.156,36.056
2017-04-17,36.437,33.49,36.437,33.28
2017-04-18,33.501,33.733,34.563,33.191
2017-04-19,33.733,33.705,33.788,32.765
2017-04-20,33.628,33.18,33.921,32.727
2017-04-21,33.224,32.461,33.617,32.439
2017-04-24,32.45,30.94,32.616,30.531
2017-04-25,30.94,31.134,31.908,30.802
2017-04-26,31.289,31.383,31.499,31.079
2017-04-27,31.477,32.113,32.284,29.862
2017-04-28,31.958,31.903,32.069,31.521
2017-05-02,31.798,32.074,32.395,31.798
2017-05-03,32.129,32.057,32.367,31.753
2017-05-04,32.295,32.074,32.782,31.903
2017-05-05,32.074,31.034,32.074,31.034
2017-05-08,30.918,30.47,31.41,30.454
2017-05-09,30.62,31.079,32.257,30.421
2017-05-10,31.134,30.188,31.621,28.369
2017-05-11,30.039,29.702,30.161,28.535
2017-05-12,29.691,29.973,30.194,29.138
2017-05-15,30.581,30.194,30.913,29.707
2017-05-16,30.852,30.415,30.852,29.326
2017-05-17,30.415,30.288,30.857,30.233
2017-05-18,30.41,30.841,31.023,30.067
2017-05-19,30.658,29.823,30.791,29.79
2017-05-22,29.862,27.7,29.862,27.645
2017-05-23,27.761,26.544,27.96,26.45
2017-05-24,26.881,26.323,26.881,25.272
2017-05-25,26.411,25.333,26.411,24.437
2017-05-26,25.267,25.305,25.687,24.935
2017-05-31,25.986,25.162,26.201,24.94
2017-06-01,24.885,23.337,25.283,23.337
2017-06-02,23.442,24.459,25.156,23.232
2017-06-05,24.885,25.897,26.815,24.614
2017-06-06,25.25,25.438,26.168,25.217
2017-06-07,25.593,26.295,26.688,25.576
2017-06-08,26.301,25.986,27.097,25.665
2017-06-09,25.991,25.798,26.129,25.466
2017-06-12,25.466,24.78,25.759,24.664
2017-06-13,24.819,26.328,26.467,24.719
2017-06-14,26.328,26.373,27.036,26.135
2017-06-15,26.373,27.871,28.225,26.373
2017-06-16,28.092,27.103,28.247,27.097
2017-06-19,26.998,26.793,27.567,26.483
2017-06-20,27.009,26.926,28.181,26.544
2017-06-21,27.097,26.66,27.423,26.317
2017-06-22,26.92,25.327,26.97,25.3
2017-06-23,25.836,25.256,25.836,24.443
2017-06-26,25.217,25.515,25.715,24.885
2017-06-27,25.327,25.648,25.986,25.327
2017-06-28,25.687,25.09,25.997,24.885
2017-06-29,25.084,25.527,25.974,25.084
2017-06-30,25.715,25.991,26.035,25.521
2017-07-03,25.991,26.312,26.876,25.991
2017-07-04,26.262,25.726,26.627,25.504
2017-07-05,25.527,27.302,27.633,25.527
2017-07-06,27.163,26.832,27.484,26.544
2017-07-07,27.058,26.926,27.374,26.655
2017-07-10,26.986,26.129,27.318,25.809
2017-07-11,26.124,25.466,26.516,25.305
2017-07-12,25.261,25.609,25.626,24.996
2017-07-13,25.615,25.156,25.615,25.034
2017-07-14,25.156,24.625,25.256,24.609
2017-07-17,24.487,22.164,24.581,22.164
2017-07-18,22.065,21.672,22.38,20.074
2017-07-19,21.672,21.401,21.672,20.964
2017-07-20,21.429,21.335,22.098,21.141
2017-07-21,21.263,21.014,21.678,20.909
2017-07-24,20.915,21.13,21.169,20.489
2017-07-25,21.169,21.18,21.495,21.014
2017-07-26,21.064,20.892,21.351,20.848
2017-07-27,19.914,21.622,21.821,19.914
2017-07-28,21.556,20.937,21.6,20.926
2017-07-31,20.892,20.881,21.064,20.754
2017-08-01,21.047,20.948,21.047,20.605
2017-08-02,21.014,20.588,21.014,20.577
2017-08-03,20.533,21.009,21.434,20.472
2017-08-04,20.937,20.588,21.141,20.572
2017-08-07,20.948,20.821,20.948,20.638
2017-08-08,20.821,21.097,21.097,20.616
2017-08-09,21.086,21.009,21.279,20.909
2017-08-10,21.014,21.169,21.291,20.903
2017-08-11,20.627,20.804,21.329,20.627
2017-08-14,20.793,21.268,21.279,20.732
2017-08-15,21.268,21.567,22.092,21.18
2017-08-16,21.462,22.397,22.607,21.357
2017-08-17,22.363,22.817,23.326,22.175
2017-08-18,22.59,22.214,22.922,22.12
2017-08-21,22.22,22.529,22.612,21.971
2017-08-22,22.363,22.175,22.579,22.148
2017-08-23,22.225,22.247,22.435,22.098
2017-08-24,22.833,22.159,22.95,22.12
2017-08-25,22.209,22.479,22.518,22.203
2017-08-28,22.479,24.443,24.73,22.479
2017-08-29,24.277,24.548,25.162,23.906
2017-08-30,24.404,24.476,24.747,24.1
2017-08-31,24.421,25.604,25.648,24.421
2017-09-01,25.477,25.715,25.853,25.156
2017-09-04,25.665,25.383,26.317,25.167
2017-09-05,25.41,25.455,25.753,25.283
2017-09-06,25.217,25.272,25.549,24.996
2017-09-07,25.289,25.438,26.439,25.289
2017-09-08,25.239,25.892,25.963,25.239
2017-09-11,26.102,26.693,26.71,25.737
2017-09-12,26.688,25.853,26.688,25.853
2017-09-13,25.853,25.847,26.102,25.72
2017-09-14,25.731,25.969,26.19,25.604
2017-09-15,26.074,25.311,26.074,25.162
2017-09-18,25.444,25.681,25.709,25.04
2017-09-19,25.659,25.798,25.963,25.466
2017-09-20,25.576,26.373,26.821,25.576
2017-09-21,26.373,27.014,28.192,26.019
2017-09-22,26.92,28.59,29.171,26.118
2017-09-25,28.314,27.827,28.48,27.429
2017-09-26,27.788,29.696,29.917,27.495
2017-09-27,29.68,29.221,30.111,28.568
2017-09-28,28.939,28.325,29.309,28.258
2017-09-29,28.325,28.369,28.574,28.015
2017-10-09,28.811,28.292,28.972,28.231
2017-10-10,28.402,29.033,29.033,27.434
2017-10-11,28.811,28.231,29.425,28.203
2017-10-12,28.231,27.645,28.524,27.595
2017-10-13,27.484,27.998,28.563,27.484
2017-10-16,27.788,26.975,28.076,26.876
2017-10-17,26.776,26.196,27.362,25.991
2017-10-18,26.256,25.167,26.406,25.112
2017-10-19,25.206,24.686,25.488,24.498
2017-10-20,24.697,25.045,25.162,24.625
2017-10-23,24.83,25.753,25.759,24.83
2017-10-24,25.609,25.416,25.986,25.189
2017-10-25,25.416,26.151,26.151,25.289
2017-10-26,26.14,26.445,26.467,25.886
2017-10-27,26.505,26.245,26.655,26.201
2017-10-30,26.113,25.101,26.29,24.891
2017-10-31,24.946,25.648,25.726,24.946
2017-11-01,25.604,25.963,26.185,25.444
2017-11-02,25.986,26.616,26.616,25.792
2017-11-03,26.544,26.572,26.821,26.157
2017-11-06,26.837,26.644,26.837,26.323
2017-11-07,26.544,26.489,26.804,26.395
2017-11-08,26.544,26.561,26.71,26.174
2017-11-09,26.599,26.351,26.738,26.351
2017-11-10,26.367,27.158,27.158,26.174
2017-11-13,27.13,26.898,27.904,26.754
2017-11-14,26.975,27.799,27.871,26.837
2017-11-15,28.092,27.484,28.679,27.401
2017-11-16,27.246,27.517,27.617,27.169
2017-11-17,27.506,26.245,27.506,26.052
2017-11-20,26.245,25.549,26.251,23.619
2017-11-21,25.549,25.587,25.892,25.167
2017-11-22,25.587,25.825,26.212,25.405
2017-11-23,25.726,25.339,26.024,25.327
2017-11-24,25.023,25.471,25.659,24.968
2017-11-27,25.803,25.372,25.974,25.222
2017-11-28,25.886,25.82,25.936,25.322
2017-11-29,25.974,25.416,25.974,25.195
2017-11-30,25.643,25.062,25.687,25.001
2017-12-01,25.283,25.687,25.88,25.178
2017-12-04,25.643,25.217,25.643,25.106
2017-12-05,25.222,24.658,25.576,24.642
2017-12-06,24.647,24.266,24.797,22.95
2017-12-07,24.139,24.266,24.62,23.834
2017-12-08,24.503,24.697,24.874,24.105
2017-12-11,24.962,25.062,25.35,24.758
2017-12-12,24.802,24.868,25.084,24.719
2017-12-13,24.868,24.88,25.217,24.526
2017-12-14,24.719,24.83,25.25,24.719
2017-12-15,24.404,24.349,24.857,23.895
2017-12-18,24.404,24.332,24.686,24.271
2017-12-19,24.454,24.404,24.548,24.282
2017-12-20,24.338,24.056,24.365,24.017
2017-12-21,23.895,23.779,24.282,23.641
2017-12-22,24.094,23.779,24.094,23.619
2017-12-25,23.834,22.673,23.862,22.618
2017-12-26,22.684,23.624,23.652,22.684
2017-12-27,23.547,23.425,24.05,23.303
2017-12-28,23.42,23.16,23.768,22.95
2017-12-29,23.281,22.95,23.303,22.784
2018-01-02,23.115,23.016,23.154,22.811
2018-01-03,23.171,23.364,23.409,22.955
2018-01-04,23.563,23.049,23.563,23.033
2018-01-05,23.281,23.182,23.364,23.11
2018-01-08,23.364,23.021,23.497,22.916
2018-01-09,23.187,22.977,23.586,22.977
2018-01-10,23.033,23.226,23.281,23.033
2018-01-11,23.16,23.713,23.762,23.16
2018-01-12,23.707,23.442,23.707,23.364
2018-01-15,23.696,23.226,24.874,23.226
2018-01-16,23.121,23.248,23.425,22.767
2018-01-17,23.221,23.243,23.497,22.905
2018-01-18,23.01,22.905,23.182,22.894
2018-01-19,23.021,22.468,23.021,22.231
2018-01-22,22.468,22.12,22.612,21.844
2018-01-23,22.12,21.844,22.175,21.611
2018-01-24,21.855,21.86,21.938,21.219
2018-01-25,21.678,21.65,22.28,21.622
2018-01-26,21.716,21.667,21.871,21.346
2018-01-29,21.667,21.396,21.667,21.335
2018-01-30,21.65,21.761,22.065,21.567
2018-01-31,21.849,21.174,21.871,21.174
2018-02-01,21.185,20.527,21.291,20.472
2018-02-02,20.572,21.103,21.18,20.461
2018-02-05,20.688,20.881,21.213,20.682
2018-02-06,20.743,19.383,20.743,19.372
2018-02-07,19.582,19.604,20.461,19.355
2018-02-08,19.471,19.814,20.102,19.471
2018-02-09,19.687,19.632,19.997,19.361
2018-02-12,19.952,20.273,20.273,19.77
2018-02-13,20.19,20.389,20.682,20.19
2018-02-14,20.245,20.173,20.572,20.024
2018-02-22,20.185,20.483,20.561,20.173
2018-02-23,20.5,20.433,20.599,20.356
2018-02-26,20.621,21.014,21.097,20.461
2018-02-27,21.014,21.191,21.429,20.821
2018-02-28,21.031,21.401,21.644,20.997
2018-03-01,21.296,22.214,22.258,21.235
2018-03-02,22.009,21.694,22.336,21.617
2018-03-05,21.694,22.098,22.164,21.628
2018-03-06,22.175,22.247,22.391,22.065
2018-03-07,22.391,22.12,22.435,22.009
2018-03-08,22.12,22.209,22.369,21.927
2018-03-09,22.397,23.226,23.453,22.059
2018-03-12,23.226,23.912,24.852,23.226
2018-03-13,23.912,23.962,24.277,23.536
2018-03-14,23.873,23.491,24.094,23.392
2018-03-15,23.287,22.773,23.353,22.131
2018-03-16,22.762,22.424,22.839,22.286
2018-03-19,22.424,23.121,23.215,22.286
2018-03-20,22.9,23.154,23.165,22.69
2018-03-21,23.209,22.701,23.751,22.69
2018-03-22,22.673,23.005,23.42,22.673
2018-03-23,22.574,21.13,22.574,20.926
2018-03-26,20.749,22.092,22.12,20.599
2018-03-27,22.209,23.552,23.713,22.126
2018-03-28,23.63,25.908,25.908,23.63
2018-03-29,28.137,26.102,28.502,25.659
2018-03-30,25.991,28.203,28.712,25.886
2018-04-02,27.833,29.342,31.023,27.827
2018-04-03,27.96,28.336,28.535,27.374
2018-04-04,28.225,27.152,28.59,26.981
2018-04-09,27.191,27.932,28.12,27.191
2018-04-10,27.65,29.132,29.962,26.561
2018-04-11,28.756,29.857,30.415,28.485
2018-04-12,29.315,30.714,31.521,29.154
2018-04-13,30.857,31.3,32.074,30.006
2018-04-16,30.006,29.978,31.798,29.862
2018-04-17,30.41,28.535,30.41,27.716
2018-04-18,28.513,28.977,30.15,27.711
2018-04-19,28.927,28.142,29.586,27.976
2018-04-20,28.258,26.876,28.629,26.76
2018-04-23,27.092,27.042,27.501,25.731
2018-04-24,27.374,27.871,28.258,26.605
2018-04-25,28.59,27.761,28.59,27.528
2018-04-26,27.401,27.042,28.037,26.489
2018-04-27,27.064,25.825,27.075,25.112
2018-05-02,25.936,25.731,26.157,25.278
2018-05-03,25.742,26.511,26.533,24.885
2018-05-04,26.323,25.991,26.516,25.726
2018-05-07,26.367,26.251,26.644,25.753
2018-05-08,26.367,26.544,26.599,26.135
2018-05-09,26.76,27.457,27.539,26.301
2018-05-10,27.622,27.13,27.622,26.644
2018-05-11,27.368,25.941,27.622,25.759
2018-05-14,26.55,25.433,26.55,25.222
2018-05-15,25.222,25.626,25.742,25.023
2018-05-16,25.598,25.101,25.703,25.101
2018-05-17,25.139,24.719,25.366,24.719
2018-05-18,24.725,24.774,24.996,24.227
2018-05-21,24.946,25.433,25.587,24.946
2018-05-22,25.433,25.792,25.792,25.222
2018-05-23,25.565,25.438,25.831,25.355
2018-05-24,25.427,25.488,25.864,25.217
2018-05-25,25.6,24.51,25.6,24.2
