date,open,close,high,low
2017-04-26,11.17,12.18,12.18,11.17
2017-04-27,13.4,13.4,13.4,13.4
2017-04-28,14.74,14.74,14.74,14.74
2017-05-02,16.21,16.21,16.21,16.21
2017-05-03,17.83,17.83,17.83,17.83
2017-05-04,19.61,19.61,19.61,19.61
2017-05-05,21.57,21.57,21.57,21.57
2017-05-08,23.73,23.73,23.73,23.73
2017-05-09,26.1,26.1,26.1,26.1
2017-05-10,28.71,28.71,28.71,28.71
2017-05-11,31.58,31.58,31.58,31.58
2017-05-12,34.74,34.74,34.74,34.74
2017-05-15,38.21,38.21,38.21,38.21
2017-05-16,39.21,38.24,40.0,36.77
2017-05-17,36.8,36.7,38.8,36.26
2017-05-18,35.42,33.03,35.8,33.03
2017-05-19,33.0,31.78,33.3,31.62
2017-05-22,31.0,29.3,31.76,29.13
2017-05-23,29.5,29.93,31.08,29.3
2017-05-24,28.88,30.19,30.5,28.2
2017-05-25,29.8,29.63,30.17,28.38
2017-05-26,29.57,30.4,30.93,29.56
2017-05-31,32.0,30.37,33.37,30.3
2017-06-01,29.2,27.33,29.98,27.33
2017-06-02,26.7,27.8,28.27,26.53
2017-06-05,28.5,27.94,28.96,27.94
2017-06-06,27.5,27.89,27.97,27.0
2017-06-07,27.81,28.98,29.38,27.81
2017-06-08,28.91,28.36,29.3,28.23
2017-06-09,28.29,28.46,28.55,27.71
2017-06-12,28.07,26.67,28.25,26.61
2017-06-13,26.58,27.4,27.66,26.58
2017-06-14,27.44,27.21,27.55,26.9
2017-06-15,27.17,28.08,28.4,27.17
2017-06-16,28.45,28.06,28.92,28.0
2017-06-19,28.01,28.25,28.39,27.81
2017-06-20,28.35,27.85,28.46,27.81
2017-06-21,27.79,27.85,27.97,27.51
2017-06-22,27.85,26.84,27.91,26.83
2017-06-23,26.9,26.52,27.16,25.88
2017-06-26,26.37,26.96,27.08,26.21
2017-06-27,27.02,26.87,27.45,26.73
2017-06-28,26.61,26.29,26.76,26.1
2017-06-29,26.34,26.4,26.66,26.31
2017-06-30,26.3,26.89,27.36,26.25
2017-07-03,26.76,27.47,27.5,26.63
2017-07-04,27.37,27.91,28.11,27.37
2017-07-05,27.7,28.82,28.87,27.61
2017-07-06,28.85,30.3,30.36,28.48
2017-07-07,30.3,29.64,31.33,29.53
2017-07-10,29.69,28.52,30.62,28.41
2017-07-11,28.27,27.68,28.67,27.65
2017-07-12,27.8,28.31,28.39,26.85
2017-07-13,28.18,27.35,28.31,27.08
2017-07-14,28.5,28.62,29.97,28.3
2017-07-17,27.8,25.76,27.95,25.76
2017-07-18,25.25,25.9,26.18,24.9
2017-07-19,25.59,25.83,25.95,25.1
2017-07-20,25.75,25.51,26.5,25.35
2017-07-21,25.38,25.2,25.95,25.08
2017-07-24,24.55,25.37,25.49,24.23
2017-07-25,25.18,25.42,25.59,25.18
2017-07-26,25.8,25.52,25.95,25.36
2017-07-27,25.49,26.58,26.77,25.38
2017-07-28,26.38,26.15,26.71,26.02
2017-07-31,26.33,26.15,26.51,25.75
2017-08-01,26.13,26.25,26.48,25.8
2017-08-02,26.12,25.38,26.2,25.33
2017-08-03,25.17,25.5,26.06,25.1
2017-08-04,25.68,25.37,25.75,25.27
2017-08-07,25.68,25.67,25.99,25.37
2017-08-08,25.51,25.47,25.76,25.25
2017-08-09,25.4,25.47,25.7,25.36
2017-08-10,25.47,25.09,25.63,24.9
2017-08-11,24.86,25.04,25.3,24.81
2017-08-14,24.97,25.68,25.78,24.97
2017-08-15,25.79,25.95,25.97,25.61
2017-08-16,25.95,26.35,26.58,25.88
2017-08-17,26.15,26.52,26.75,26.15
2017-08-18,26.27,26.78,27.5,26.27
2017-08-21,26.77,27.06,27.2,26.36
2017-08-22,27.0,26.46,27.24,26.45
2017-08-23,26.35,26.78,26.95,26.19
2017-08-24,26.7,26.56,27.39,26.42
2017-08-25,26.08,27.78,28.88,26.08
2017-08-28,27.99,28.89,29.55,27.88
2017-08-29,28.71,28.92,29.94,28.39
2017-08-30,28.4,28.26,28.99,28.17
2017-08-31,28.04,31.09,31.09,28.04
2017-09-01,31.64,30.6,31.94,29.99
2017-09-04,30.4,30.23,31.77,29.88
2017-09-05,30.61,31.44,31.93,30.23
2017-09-06,30.99,30.67,30.99,29.77
2017-09-07,30.23,30.99,32.25,30.2
2017-09-08,31.35,30.05,31.35,29.58
2017-09-11,30.1,30.78,30.99,30.08
2017-09-12,30.6,29.62,30.95,29.3
2017-09-13,29.55,29.85,30.0,29.21
2017-09-14,29.79,29.66,30.03,29.35
2017-09-15,29.7,29.29,29.88,29.25
2017-09-18,28.89,29.2,29.33,28.66
2017-09-19,29.18,29.35,29.83,29.02
2017-09-20,29.21,30.23,30.26,29.1
2017-09-21,30.23,29.95,31.2,29.88
2017-09-22,29.5,31.99,32.9,29.3
2017-09-25,31.72,32.3,32.99,31.35
2017-09-26,31.7,30.2,31.93,29.7
2017-09-27,30.1,33.22,33.22,29.87
2017-09-28,32.89,32.9,33.87,32.28
2017-09-29,32.52,32.6,34.5,32.41
2017-10-09,33.32,33.3,34.43,32.8
2017-10-10,33.0,34.5,34.51,32.1
2017-10-11,34.3,33.24,34.47,32.71
2017-10-12,33.01,33.56,34.0,32.7
2017-10-13,34.36,33.9,35.35,33.88
2017-10-16,34.19,32.44,35.09,32.41
2017-10-17,32.09,32.56,33.2,31.88
2017-10-18,32.62,30.66,32.8,30.35
2017-10-19,30.56,30.39,30.89,29.9
2017-10-20,30.39,31.08,31.14,30.35
2017-10-23,31.15,32.19,32.24,31.0
2017-10-24,31.83,32.3,32.3,31.5
2017-10-25,33.0,33.4,33.95,32.5
2017-10-26,33.22,33.95,34.3,33.22
2017-10-27,33.65,33.95,34.3,33.2
2017-10-30,33.22,31.77,33.43,30.56
2017-10-31,32.08,32.4,32.44,31.31
2017-11-01,32.2,34.1,34.18,32.08
2017-11-02,33.81,34.6,35.26,33.48
2017-11-03,34.3,34.1,34.59,33.26
2017-11-06,34.35,34.97,35.18,34.01
2017-11-07,35.0,34.25,35.01,33.38
2017-11-08,34.2,33.71,34.9,33.15
2017-11-09,33.28,33.7,33.91,33.03
2017-11-10,33.69,35.66,36.88,33.37
2017-11-13,35.66,36.01,36.29,35.02
2017-11-14,36.04,35.95,37.18,35.67
2017-11-15,35.8,35.65,36.97,34.76
2017-11-16,35.07,33.85,35.38,33.85
2017-11-17,33.7,30.47,33.75,30.47
2017-11-20,30.3,30.91,30.98,29.5
2017-11-21,30.85,30.18,31.61,28.82
2017-11-22,29.98,29.72,30.67,29.31
2017-11-23,29.55,28.34,29.99,28.34
2017-11-24,28.24,28.3,28.84,28.23
2017-11-27,28.44,27.1,28.48,27.1
2017-11-28,27.33,27.78,27.85,27.12
2017-11-29,27.9,27.22,27.95,26.5
2017-11-30,27.02,27.16,27.64,26.96
2017-12-01,27.26,27.75,27.85,27.04
2017-12-04,27.5,25.92,27.6,25.85
2017-12-05,25.6,25.02,26.17,24.65
2017-12-06,25.17,25.81,25.89,24.81
2017-12-07,25.6,26.11,26.49,25.34
2017-12-08,27.3,28.72,28.72,27.3
2017-12-11,29.39,29.09,30.3,28.83
2017-12-12,28.72,28.4,28.99,27.88
2017-12-13,28.17,28.65,28.9,28.13
2017-12-14,28.54,28.75,28.88,27.89
2017-12-15,28.55,27.9,28.64,27.55
2017-12-18,27.47,27.32,27.93,26.86
2017-12-19,27.25,28.53,28.63,27.1
2017-12-20,28.3,27.66,28.4,27.6
2017-12-21,27.73,28.29,28.68,27.52
2017-12-22,28.36,28.05,28.49,27.78
2017-12-25,28.04,26.86,28.04,26.2
2017-12-26,26.8,27.67,27.98,26.52
2017-12-27,27.75,27.78,28.35,27.45
2017-12-28,27.5,28.04,28.58,27.31
2017-12-29,27.79,28.5,28.58,27.79
2018-01-02,28.7,28.54,28.7,27.88
2018-01-03,28.48,28.37,28.7,28.02
2018-01-04,28.2,28.01,28.46,27.83
2018-01-05,28.0,27.26,28.19,27.25
2018-01-08,27.3,27.75,27.8,27.1
2018-01-09,27.75,27.89,28.09,27.6
2018-01-10,28.03,27.0,28.03,26.39
2018-01-11,26.97,27.81,28.29,26.85
2018-01-12,27.9,27.4,27.94,27.14
2018-01-15,27.48,25.89,27.48,25.88
2018-01-16,25.89,26.33,26.7,25.89
2018-01-17,26.4,27.2,27.27,26.08
2018-01-18,27.21,27.0,27.24,26.8
2018-01-19,27.08,26.86,27.45,26.71
2018-01-22,29.55,29.55,29.55,29.55
2018-01-23,30.53,28.8,30.8,28.6
2018-01-24,28.26,29.0,29.87,28.25
2018-01-25,28.55,28.09,28.99,28.01
2018-01-26,28.08,27.21,28.46,27.21
2018-01-29,26.95,27.28,27.47,26.8
2018-01-30,27.1,26.89,27.32,26.8
2018-01-31,26.76,26.05,26.95,25.92
2018-02-01,26.1,26.02,26.33,25.6
2018-02-02,26.05,26.0,26.41,25.3
2018-02-05,28.6,28.6,28.6,28.6
2018-02-06,28.0,28.5,29.59,27.81
2018-02-07,29.31,28.4,29.9,25.65
2018-02-08,27.76,28.78,29.66,27.03
2018-02-09,27.7,26.4,28.44,26.4
2018-02-12,26.68,29.04,29.04,26.61
2018-02-13,29.99,29.41,30.2,28.5
2018-02-14,29.0,28.9,29.53,28.59
2018-02-22,29.32,30.24,30.86,28.9
2018-02-23,29.89,31.3,31.48,29.63
2018-02-26,31.88,32.09,32.5,31.1
2018-02-27,31.53,32.01,32.96,31.41
2018-02-28,31.0,30.78,31.49,30.5
2018-03-01,30.26,31.89,32.19,30.26
2018-03-02,31.4,30.3,32.09,30.21
2018-03-05,30.77,31.35,31.45,30.45
2018-03-06,31.65,30.7,31.82,30.51
2018-03-07,30.6,33.27,33.77,30.6
2018-03-08,32.81,33.11,33.26,32.25
2018-03-09,33.41,34.03,35.13,32.82
2018-03-12,34.6,34.55,35.86,34.08
2018-03-13,34.09,33.4,34.35,33.39
2018-03-14,33.3,32.89,33.96,32.7
2018-03-15,32.65,31.42,33.1,30.11
2018-03-16,31.33,30.98,31.8,30.91
2018-03-19,30.97,31.78,32.25,30.97
2018-03-20,31.11,31.96,32.5,30.85
2018-03-21,32.88,31.52,32.88,31.4
2018-03-22,31.77,31.78,32.2,31.03
2018-03-23,30.49,28.62,30.66,28.6
2018-03-26,28.1,29.66,29.8,27.91
2018-03-27,29.93,30.96,31.12,29.93
2018-03-28,30.32,31.79,32.2,30.22
2018-03-29,33.09,32.24,34.97,32.13
2018-03-30,32.77,35.46,35.46,32.45
2018-04-02,39.01,39.01,39.01,39.01
2018-04-03,41.5,42.91,42.91,41.0
2018-04-04,46.99,45.1,47.2,44.0
2018-04-09,43.0,43.16,44.48,41.4
2018-04-10,42.0,39.58,44.66,38.84
2018-04-11,39.31,41.0,41.46,39.12
2018-04-12,39.99,38.41,40.4,38.1
2018-04-13,38.9,38.56,40.2,38.38
2018-04-16,38.7,39.1,39.8,38.25
2018-04-17,39.8,35.5,39.98,35.19
2018-04-18,36.09,37.14,37.6,35.5
2018-04-19,37.11,37.2,39.29,36.9
2018-04-20,37.5,37.86,39.15,37.42
2018-04-23,37.99,34.5,37.99,34.07
2018-04-24,34.22,37.95,37.95,34.22
2018-04-25,37.5,38.21,39.59,37.41
2018-04-26,38.57,38.0,39.45,37.61
2018-04-27,38.98,36.35,39.39,36.31
2018-05-02,36.53,39.99,39.99,36.53
2018-05-03,39.78,41.48,41.85,38.13
2018-05-04,40.38,39.07,40.55,38.62
2018-05-07,39.59,39.81,40.25,39.12
2018-05-08,39.23,40.47,40.78,39.21
2018-05-09,40.02,39.73,40.39,39.2
2018-05-10,39.9,40.8,41.2,39.52
2018-05-11,40.74,39.58,40.94,38.82
2018-05-14,38.85,37.48,39.76,36.3
2018-05-15,37.75,38.43,38.5,37.18
2018-05-16,38.1,37.94,38.7,37.6
2018-05-17,37.66,38.3,38.49,37.66
2018-05-18,38.15,38.09,39.1,37.23
2018-05-21,38.07,39.71,39.75,37.72
2018-05-22,39.5,40.79,41.3,39.25
2018-05-23,40.26,40.28,40.99,39.81
2018-05-24,40.36,39.93,41.11,39.83
2018-05-25,39.5,39.84,40.0,39.11
