date,open,close,high,low
2017-05-26,15.42,18.5,18.5,15.42
2017-05-31,20.35,20.35,20.35,20.35
2017-06-01,22.39,22.39,22.39,22.39
2017-06-02,24.63,24.63,24.63,24.63
2017-06-05,27.09,27.09,27.09,27.09
2017-06-06,29.8,29.8,29.8,29.8
2017-06-07,32.78,32.78,32.78,32.78
2017-06-08,36.06,36.06,36.06,36.06
2017-06-09,39.67,39.67,39.67,39.67
2017-06-12,40.0,40.35,42.3,39.01
2017-06-13,38.31,40.72,41.99,37.5
2017-06-14,39.36,36.65,39.5,36.65
2017-06-15,36.69,37.28,38.77,36.69
2017-06-16,37.29,38.52,38.65,36.37
2017-06-19,38.15,37.93,38.45,37.04
2017-06-20,37.91,39.38,41.72,37.71
2017-06-21,38.26,38.13,38.67,37.2
2017-06-22,37.85,36.4,38.63,36.38
2017-06-23,36.06,34.8,36.59,33.78
2017-06-26,34.64,35.0,35.2,34.11
2017-06-27,35.0,34.72,35.84,34.68
2017-06-28,34.95,34.88,35.49,34.5
2017-06-29,35.1,34.52,35.16,34.37
2017-06-30,34.15,35.02,35.78,33.67
2017-07-03,34.79,36.1,36.46,34.6
2017-07-04,35.9,36.39,36.48,35.7
2017-07-05,36.6,39.12,40.0,36.6
2017-07-06,38.62,40.3,40.47,38.16
2017-07-07,40.5,39.97,41.58,39.13
2017-07-10,39.14,36.12,39.4,35.97
2017-07-11,36.15,35.18,36.45,35.15
2017-07-12,35.1,36.22,36.29,34.57
2017-07-13,35.9,34.71,35.9,34.35
2017-07-14,34.48,34.25,35.22,33.91
2017-07-17,33.65,30.83,33.65,30.83
2017-07-18,29.8,30.55,31.28,29.41
2017-07-19,30.55,30.35,30.7,29.72
2017-07-20,30.18,29.81,31.26,29.81
2017-07-21,29.6,29.11,30.2,29.11
2017-07-24,28.99,30.12,30.54,28.83
2017-07-25,29.84,30.25,30.79,29.8
2017-07-26,30.26,30.12,30.94,29.7
2017-07-27,30.17,32.05,32.19,29.82
2017-07-28,31.85,31.3,32.06,31.1
2017-07-31,31.44,31.42,32.0,31.11
2017-08-01,31.31,31.4,31.59,30.62
2017-08-02,31.28,30.62,31.3,30.56
2017-08-03,30.89,30.77,31.49,30.36
2017-08-04,31.0,29.72,31.08,29.55
2017-08-07,29.97,30.06,30.4,29.92
2017-08-08,30.2,30.17,30.25,29.04
2017-08-09,30.01,29.76,30.26,29.65
2017-08-10,29.88,29.6,30.08,29.4
2017-08-11,29.36,29.44,29.99,29.31
2017-08-14,29.74,30.5,30.7,29.45
2017-08-15,30.4,31.26,31.3,30.31
2017-08-16,31.0,31.94,32.48,30.84
2017-08-17,31.8,31.85,32.79,31.51
2017-08-18,31.65,31.3,32.4,31.12
2017-08-21,31.55,32.47,32.59,31.43
2017-08-22,32.5,32.47,33.8,32.42
2017-08-23,32.12,33.92,34.47,31.77
2017-08-24,34.0,36.36,37.31,33.98
2017-08-25,35.71,37.92,38.72,35.3
2017-08-28,37.62,37.87,38.9,36.7
2017-08-29,37.09,36.33,37.99,36.11
2017-08-30,36.29,35.33,36.62,34.95
2017-08-31,35.37,37.75,37.85,35.37
2017-09-01,39.45,41.53,41.53,39.1
2017-09-04,43.88,42.52,45.68,41.54
2017-09-05,42.9,46.77,46.77,42.01
2017-09-06,46.77,43.4,46.88,42.09
2017-09-07,44.02,41.86,45.53,41.5
2017-09-08,40.04,39.22,40.88,38.66
2017-09-11,39.1,39.68,40.5,38.91
2017-09-12,39.37,39.65,40.17,38.31
2017-09-13,39.15,40.02,40.47,39.11
2017-09-14,39.61,39.29,40.79,39.08
2017-09-15,39.28,37.35,39.59,37.29
2017-09-18,37.41,37.99,38.16,36.63
2017-09-19,37.88,38.99,39.5,37.65
2017-09-20,38.35,39.98,40.49,38.35
2017-09-21,39.69,38.48,40.15,38.39
2017-09-22,38.06,40.55,41.3,38.06
2017-09-25,40.16,41.85,42.35,39.35
2017-09-26,41.04,38.21,41.42,37.71
2017-09-27,37.85,39.09,39.49,37.85
2017-09-28,38.91,40.36,41.49,38.78
2017-09-29,40.05,39.67,41.0,39.2
2017-10-09,39.92,39.86,40.76,39.56
2017-10-10,39.4,41.84,41.84,39.26
2017-10-11,41.0,39.73,41.37,39.6
2017-10-12,39.5,40.25,40.25,38.02
2017-10-13,39.85,40.72,41.09,39.2
2017-10-16,39.0,36.65,39.0,36.65
2017-10-17,36.61,36.8,37.13,36.11
2017-10-18,36.86,34.7,37.12,34.62
2017-10-19,34.66,34.47,34.97,33.88
2017-10-20,34.5,34.86,35.11,34.1
2017-10-23,35.09,35.31,35.7,34.83
2017-10-24,35.32,34.7,35.32,34.12
2017-10-25,34.72,35.46,35.74,34.53
2017-10-26,35.25,35.95,36.4,35.1
2017-10-27,36.32,38.18,39.55,35.69
2017-10-30,37.1,34.87,37.5,34.36
2017-10-31,34.5,34.7,35.3,34.16
2017-11-01,34.68,35.62,35.98,34.5
2017-11-02,35.7,36.0,36.55,35.43
2017-11-03,36.7,37.04,39.4,36.49
2017-11-06,36.61,37.69,38.3,36.61
2017-11-07,38.29,39.36,40.35,38.2
2017-11-08,38.66,40.71,41.3,38.0
2017-11-09,41.06,41.71,43.79,41.04
2017-11-10,39.9,39.88,40.83,39.53
2017-11-13,39.0,40.21,40.51,38.88
2018-04-24,44.23,44.23,44.23,44.23
2018-04-25,48.65,48.65,48.65,48.65
2018-04-26,53.52,53.52,53.52,53.52
2018-04-27,58.87,51.96,58.87,51.39
2018-05-02,52.5,46.76,52.5,46.76
2018-05-03,45.3,46.95,48.3,44.52
2018-05-04,47.58,46.92,51.06,46.81
2018-05-07,45.15,47.2,47.94,45.0
2018-05-08,48.5,46.23,49.0,45.58
2018-05-09,45.5,47.22,47.46,44.55
2018-05-10,46.67,45.9,47.3,45.9
2018-05-11,46.0,44.79,46.56,44.57
2018-05-14,45.06,42.37,45.16,42.04
2018-05-15,42.36,43.61,43.66,42.1
2018-05-16,43.11,43.19,44.17,42.7
2018-05-17,43.58,43.85,44.29,42.6
2018-05-18,43.69,42.65,43.93,40.7
2018-05-21,42.65,43.89,43.96,41.87
2018-05-22,43.58,45.13,45.55,43.5
2018-05-23,44.2,44.33,45.5,43.7
2018-05-24,43.8,44.5,48.0,43.8
2018-05-25,44.55,43.22,44.55,42.0
