date,open,close,high,low
2017-09-26,9.25,11.1,11.1,9.25
2017-09-27,12.21,12.21,12.21,12.21
2017-09-28,13.43,13.43,13.43,13.43
2017-09-29,14.77,14.77,14.77,14.77
2017-10-09,16.25,16.25,16.25,16.25
2017-10-10,17.88,17.88,17.88,17.88
2017-10-11,19.67,19.67,19.67,19.67
2017-10-12,21.64,21.64,21.64,21.64
2017-10-13,23.8,23.8,23.8,23.8
2017-10-16,26.18,26.18,26.18,26.18
2017-10-17,28.8,28.8,28.8,28.8
2017-10-18,31.68,31.68,31.68,31.68
2017-10-19,34.85,34.85,34.85,34.85
2017-10-20,38.34,38.34,38.34,38.34
2017-10-23,38.0,39.69,41.47,36.53
2017-10-24,37.45,35.72,38.48,35.72
2017-10-25,33.55,34.6,35.5,32.71
2017-10-26,34.0,31.91,34.23,31.79
2017-10-27,31.7,31.09,32.37,30.86
2017-10-30,30.64,29.45,30.67,29.08
2017-10-31,29.6,29.71,30.0,29.16
2017-11-01,29.69,29.89,30.35,29.53
2017-11-02,29.58,30.27,30.38,28.81
2017-11-03,29.89,29.51,30.48,29.41
2017-11-06,29.82,29.8,30.2,29.51
2017-11-07,29.63,29.36,29.8,28.6
2017-11-08,29.2,32.3,32.3,29.11
2017-11-09,31.7,33.39,34.85,31.5
2017-11-10,32.8,32.37,33.29,32.2
2017-11-13,32.47,31.85,32.94,31.35
2017-11-14,31.51,32.11,32.32,31.21
2017-11-15,31.96,29.7,31.96,29.67
2017-11-16,29.53,28.06,30.13,27.88
2017-11-17,28.33,25.38,28.35,25.31
2017-11-20,25.41,26.09,26.68,24.83
2017-11-21,25.77,25.6,26.14,24.86
2017-11-22,25.8,25.75,26.2,25.32
2017-11-23,25.88,24.41,25.88,24.35
2017-11-24,24.39,24.41,24.93,24.26
2017-11-27,24.25,24.3,24.85,24.1
2017-11-28,24.49,25.16,25.5,24.31
2017-11-29,25.01,25.29,25.3,24.62
2017-11-30,25.37,26.01,26.5,25.25
2017-12-01,25.81,26.13,26.4,25.52
2017-12-04,25.95,24.33,25.95,24.18
2017-12-05,24.51,23.03,24.78,22.6
2017-12-06,23.6,24.14,24.49,23.0
2017-12-07,24.14,25.5,26.55,23.8
2017-12-08,25.34,25.3,26.12,24.81
2017-12-11,24.6,25.95,26.1,24.6
2017-12-12,25.7,26.59,27.28,25.55
2017-12-13,26.26,27.95,28.38,26.26
2017-12-14,27.9,27.45,28.48,27.33
2017-12-15,27.9,26.85,28.0,26.19
2017-12-18,26.67,27.99,27.99,26.38
2017-12-19,27.8,28.78,29.46,27.75
2017-12-20,28.59,30.46,31.4,28.59
2017-12-21,31.07,30.5,31.87,29.71
2017-12-22,30.66,29.46,30.66,29.42
2017-12-25,29.45,30.4,30.66,29.0
2017-12-26,30.43,30.64,31.2,29.4
2017-12-27,30.57,29.3,30.57,28.0
2017-12-28,29.11,29.5,29.86,28.82
2017-12-29,29.66,29.51,29.94,29.0
2018-01-02,29.77,29.32,29.78,29.21
2018-01-03,29.66,30.85,31.0,29.42
2018-01-04,30.92,30.76,31.42,30.46
2018-01-05,30.61,30.76,30.98,30.18
2018-01-08,30.96,30.49,31.4,30.21
2018-01-09,30.24,29.73,30.74,29.6
2018-01-10,29.92,30.66,30.78,28.83
2018-01-11,30.59,32.56,32.8,30.59
2018-01-12,32.19,32.54,32.63,31.71
2018-01-15,32.32,31.58,32.56,31.0
2018-01-16,31.54,31.57,32.45,31.12
2018-01-17,31.25,32.85,32.85,30.1
2018-01-18,32.96,32.42,33.72,31.73
2018-01-19,33.6,31.3,33.6,31.21
2018-01-22,30.9,30.62,31.58,30.28
2018-01-23,30.69,31.08,31.56,30.69
2018-01-24,30.96,31.11,31.6,30.9
2018-01-25,30.51,31.41,31.49,30.51
2018-01-26,31.42,30.89,31.72,30.85
2018-01-29,30.9,30.95,31.49,30.9
2018-01-30,30.95,30.28,30.95,29.51
2018-01-31,30.12,30.23,30.36,29.0
2018-02-01,30.3,30.0,30.5,27.21
2018-02-02,29.79,29.91,30.0,28.3
2018-02-05,29.95,29.78,30.2,29.11
2018-02-06,29.02,29.0,29.58,28.2
2018-02-07,29.31,27.5,29.6,27.4
2018-02-08,27.67,28.19,28.4,26.59
2018-02-09,28.0,28.15,28.26,27.9
2018-02-12,28.66,29.83,29.85,28.16
2018-02-13,29.83,30.0,30.09,29.74
2018-02-14,30.0,30.33,30.39,29.85
2018-02-22,30.82,29.76,30.82,29.67
2018-02-23,29.76,29.96,30.1,29.65
2018-02-26,30.0,30.49,30.5,30.0
2018-02-27,30.49,30.11,30.58,30.02
2018-02-28,30.11,30.86,30.97,29.51
2018-03-01,30.86,30.92,31.28,30.46
2018-03-02,30.85,31.24,31.69,30.66
2018-03-05,31.01,30.93,31.3,30.64
2018-03-06,31.0,31.8,32.2,30.8
2018-03-07,31.47,31.48,31.77,31.25
2018-03-08,31.51,31.66,32.22,31.5
2018-03-09,31.66,32.17,32.24,31.22
2018-03-12,32.2,32.2,32.8,32.03
2018-03-13,32.19,31.48,32.19,31.25
2018-03-14,31.47,31.47,31.68,31.31
2018-03-15,31.47,31.48,31.48,31.0
2018-03-16,31.48,31.73,32.07,31.36
2018-03-19,31.77,33.78,33.85,31.77
2018-03-20,33.7,33.75,34.2,32.9
2018-03-21,33.6,34.59,34.68,33.16
2018-03-22,34.49,34.24,34.52,33.78
2018-03-23,34.19,31.99,35.5,30.82
2018-03-26,29.0,30.39,31.1,29.0
2018-03-27,30.26,31.3,31.5,30.26
2018-03-28,31.3,31.1,31.64,30.8
2018-03-29,31.1,31.8,31.99,31.1
2018-03-30,31.81,32.75,32.86,31.81
2018-04-02,32.8,32.79,33.3,32.63
2018-04-03,32.77,32.23,32.77,32.03
2018-04-04,32.19,32.2,32.92,32.03
2018-04-09,32.19,32.6,32.8,31.85
2018-04-10,32.8,34.0,34.4,32.6
2018-04-11,33.75,33.35,34.05,33.21
2018-04-12,33.3,33.36,33.67,33.08
2018-04-13,33.5,33.5,33.8,33.15
2018-04-16,33.33,34.07,34.2,33.3
2018-04-17,34.2,33.7,34.52,33.28
2018-04-18,33.85,35.72,35.88,33.85
2018-04-19,35.58,35.09,35.69,34.88
2018-04-20,35.0,35.01,35.29,34.17
2018-04-23,35.35,31.75,35.4,31.51
2018-04-24,29.5,30.86,31.38,29.15
2018-04-25,30.6,30.4,30.85,30.2
2018-04-26,30.2,30.26,30.5,29.86
2018-04-27,30.26,30.3,30.56,30.01
2018-05-02,30.28,30.39,30.48,29.65
2018-05-03,30.38,31.45,31.55,30.12
2018-05-04,31.43,31.51,31.85,31.0
2018-05-07,31.5,31.91,32.13,31.5
2018-05-08,31.9,31.92,32.0,31.67
2018-05-09,31.92,31.81,32.1,31.67
2018-05-10,31.81,32.2,32.44,31.55
2018-05-11,32.2,32.21,32.55,32.03
2018-05-14,32.2,32.48,32.5,31.83
2018-05-15,32.18,33.0,33.5,32.02
2018-05-16,32.8,33.21,33.65,32.7
2018-05-17,32.9,32.51,33.1,31.92
2018-05-18,32.31,32.85,33.4,32.31
2018-05-21,33.0,32.73,33.15,32.6
2018-05-22,33.0,32.94,33.2,32.61
2018-05-23,32.9,33.97,34.4,32.8
2018-05-24,33.65,34.25,34.39,33.65
2018-05-25,34.15,33.95,34.3,33.58
