date,open,close,high,low
2017-02-13,14.812,17.776,17.776,14.812
2017-02-14,19.556,19.556,19.556,19.556
2017-02-15,21.511,21.511,21.511,21.511
2017-02-16,23.666,23.666,23.666,23.666
2017-02-17,26.034,26.034,26.034,26.034
2017-02-20,28.639,28.639,28.639,28.639
2017-02-21,31.503,31.503,31.503,31.503
2017-02-22,34.651,34.651,34.651,34.651
2017-02-23,38.119,38.119,38.119,38.119
2017-02-24,41.931,41.931,41.931,41.931
2017-02-27,46.124,46.124,46.124,46.124
2017-02-28,50.738,50.738,50.738,50.738
2017-03-01,55.811,55.811,55.811,55.811
2017-03-02,57.293,54.695,57.293,52.854
2017-03-03,54.229,52.915,54.619,52.717
2017-03-06,52.923,54.229,54.619,52.717
2017-03-07,53.748,55.001,55.199,53.534
2017-03-08,55.077,54.283,55.436,54.077
2017-03-09,53.878,53.557,54.825,53.167
2017-03-10,53.626,53.053,54.0,52.862
2017-03-13,53.167,53.511,53.626,51.265
2017-03-14,53.244,53.993,55.039,52.977
2017-03-15,53.756,54.023,54.917,52.556
2017-03-16,54.038,56.674,58.347,54.038
2017-03-17,56.574,54.924,58.339,54.756
2017-03-20,54.55,55.826,55.956,54.084
2017-03-21,55.734,56.949,57.293,55.635
2017-03-22,56.452,57.965,58.576,56.086
2017-03-23,58.331,55.765,58.354,53.993
2017-03-24,55.459,59.21,59.317,55.452
2017-03-27,58.82,59.355,60.272,57.812
2017-03-28,58.759,57.315,60.256,56.911
2017-03-29,56.743,53.213,57.033,53.152
2017-03-30,52.06,50.28,52.48,50.081
2017-03-31,50.417,48.332,51.158,47.515
2017-04-05,48.783,49.738,49.86,47.759
2017-04-06,49.6,50.425,51.357,49.386
2017-04-07,50.188,49.172,51.38,48.935
2017-04-10,47.935,44.253,47.935,44.253
2017-04-11,44.299,45.59,45.735,43.603
2017-04-12,45.093,43.542,45.338,43.412
2017-04-13,43.16,43.772,44.765,42.947
2017-04-14,43.733,42.687,43.741,42.228
2017-04-17,40.869,39.341,40.945,38.806
2017-04-18,39.486,38.348,40.013,38.195
2017-04-19,38.271,39.761,39.914,38.012
2017-04-20,39.578,38.806,39.998,38.119
2017-04-21,38.806,38.821,39.242,38.623
2017-04-24,38.348,38.363,38.638,37.523
2017-04-25,38.554,38.806,39.723,38.501
2017-04-26,38.233,38.951,39.341,38.21
2017-04-27,38.462,40.25,40.319,37.66
2017-04-28,40.166,40.357,40.617,39.776
2017-05-02,40.365,39.555,40.823,39.463
2017-05-03,39.265,39.723,39.944,39.058
2017-05-04,39.57,38.875,39.57,38.287
2017-05-05,38.577,37.668,39.074,37.668
2017-05-08,37.339,34.987,37.66,34.91
2017-05-09,34.796,35.674,35.751,34.796
2017-05-10,35.483,34.398,36.048,33.306
2017-05-11,34.376,34.75,34.819,32.733
2017-05-12,34.528,34.826,35.063,34.131
2017-05-15,35.223,35.078,35.598,35.071
2017-05-16,34.979,36.178,36.201,34.391
2017-05-17,36.178,36.415,37.339,35.934
2017-05-18,35.964,36.071,36.652,35.934
2017-05-19,36.11,35.621,36.545,35.514
2017-05-22,35.903,33.153,36.033,33.008
2017-05-23,32.939,31.648,33.306,31.32
2017-05-24,31.671,32.466,32.542,30.984
2017-05-25,32.321,32.771,33.169,31.32
2017-05-26,32.78,33.14,33.49,32.36
2017-05-31,34.0,33.15,35.12,32.69
2017-06-01,32.88,31.25,33.09,31.21
2017-06-02,31.03,32.08,32.35,30.6
2017-06-05,32.3,32.43,32.94,32.24
2017-06-06,32.29,33.24,33.24,32.29
2017-06-07,33.36,34.44,34.68,33.01
2017-06-08,34.54,33.69,34.76,33.68
2017-06-09,33.62,33.28,33.83,32.62
2017-06-12,32.69,31.18,32.78,31.0
2017-06-13,31.14,34.3,34.3,31.14
2017-06-14,34.65,35.58,35.97,33.15
2017-06-15,35.08,35.24,36.38,34.86
2017-06-16,35.47,34.76,35.48,34.55
2017-06-19,34.65,34.77,34.97,34.28
2017-06-20,34.92,34.65,35.21,34.5
2017-06-21,34.8,34.05,34.92,33.66
2017-06-22,34.05,32.62,34.17,32.17
2017-06-23,32.8,32.59,32.93,31.8
2017-06-26,32.43,32.98,33.32,32.43
2017-06-27,32.92,32.91,33.55,32.68
2017-06-28,32.86,32.2,32.86,32.0
2017-06-29,32.25,32.38,32.82,32.1
2017-06-30,32.4,33.17,33.29,31.86
2017-07-03,33.05,33.17,33.47,32.73
2017-07-04,33.01,32.9,33.29,32.8
2017-07-05,32.63,33.71,33.87,32.63
2017-07-06,33.78,33.93,34.16,33.2
2017-07-07,33.85,34.68,34.98,33.85
2017-07-10,34.3,33.35,34.3,33.32
2017-07-11,33.26,33.46,34.08,33.25
2017-07-12,33.6,33.1,33.6,32.2
2017-07-13,32.99,32.09,33.0,31.91
2017-07-14,31.99,32.01,32.35,31.83
2017-07-17,31.63,28.81,31.63,28.81
2017-07-18,28.5,28.81,29.14,28.03
2017-07-19,28.55,28.65,28.67,27.92
2017-07-20,28.7,28.69,29.44,28.51
2017-07-21,28.4,28.28,28.84,28.1
2017-07-24,28.0,28.5,28.66,27.6
2017-07-25,28.34,28.88,29.07,28.34
2017-07-26,28.9,28.27,29.01,28.02
2017-07-27,28.34,29.32,29.52,28.0
2017-07-28,29.1,28.5,29.2,28.4
2017-07-31,28.49,28.51,28.8,28.3
2017-08-01,28.52,28.64,28.68,28.3
2017-08-02,28.57,28.09,28.99,28.01
2017-08-03,28.07,28.58,28.76,28.06
2017-08-04,28.58,28.1,28.64,28.06
2017-08-07,28.16,28.38,28.55,28.11
2017-08-08,28.38,28.4,28.49,27.86
2017-08-09,28.35,28.21,28.48,28.11
2017-08-10,28.09,27.9,28.29,27.8
2017-08-11,27.7,27.68,27.93,27.61
2017-08-14,27.68,28.34,28.48,27.6
2017-08-15,28.34,28.77,29.13,28.31
2017-08-16,28.74,29.4,29.45,28.44
2017-08-17,29.43,30.49,30.49,29.1
2017-08-18,30.03,29.98,30.72,29.63
2017-08-21,30.3,30.81,30.99,30.01
2017-08-22,30.81,30.24,30.81,30.21
2017-08-23,30.3,30.21,30.44,29.6
2017-08-24,30.02,29.53,30.36,29.45
2017-08-25,29.55,30.69,30.88,29.5
2017-08-28,30.73,33.76,33.76,30.7
2017-08-29,34.44,34.67,36.79,33.77
2017-08-30,33.61,33.8,34.94,33.31
2017-08-31,34.33,35.17,35.88,33.83
2017-09-01,35.03,34.81,36.1,34.13
2017-09-04,34.51,35.63,35.79,33.7
2017-09-05,35.25,35.51,35.85,34.71
2017-09-06,35.35,35.21,35.39,34.45
2017-09-07,35.23,35.08,36.63,35.05
2017-09-08,34.9,34.01,35.44,33.61
2017-09-11,33.98,34.66,34.7,33.8
2017-09-12,34.56,34.32,34.97,33.78
2017-09-13,34.34,34.9,35.18,34.08
2017-09-14,34.78,34.06,35.13,33.95
2017-09-15,34.12,33.55,34.23,33.55
2017-09-18,33.4,33.99,34.0,33.02
2017-09-19,33.71,33.6,34.25,33.56
2017-09-20,33.25,34.71,34.87,33.25
2017-09-21,34.71,35.51,36.04,34.55
2017-09-22,35.52,36.69,37.96,35.21
2017-09-25,37.06,36.0,38.69,35.82
2017-09-26,35.84,33.85,35.84,33.55
2017-09-27,33.9,37.24,37.24,33.9
2017-09-28,37.29,36.98,38.49,36.68
2017-09-29,37.4,39.74,39.98,36.8
2017-10-09,41.06,40.45,41.98,40.05
2017-10-10,39.9,39.23,40.05,38.88
2017-10-11,39.1,38.37,39.73,37.8
2017-10-12,38.25,39.64,41.15,38.06
2017-10-13,39.47,38.96,39.47,38.55
2017-10-16,38.65,36.6,38.85,36.48
2017-10-17,36.6,37.04,37.6,36.46
2017-10-18,37.1,35.13,37.55,34.66
2017-10-19,35.28,35.39,35.64,34.5
2017-10-20,35.03,36.65,36.67,35.03
2017-10-23,36.55,36.41,37.16,36.32
2017-10-24,36.6,35.75,36.76,35.12
2017-10-25,35.74,36.39,36.64,35.51
2017-10-26,36.32,36.77,36.89,36.08
2017-10-27,36.46,35.88,36.82,35.82
2017-10-30,35.21,33.92,35.66,33.51
2017-10-31,34.08,34.24,34.36,33.8
2017-11-01,34.28,34.67,34.84,33.99
2017-11-02,34.67,34.56,35.37,34.09
2017-11-03,34.33,33.79,34.83,33.5
2017-11-06,34.13,34.77,34.87,33.82
2017-11-07,34.85,34.62,34.85,33.9
2017-11-08,34.53,34.87,35.39,34.48
2017-11-09,34.85,35.36,35.48,34.51
2017-11-10,35.38,36.96,37.42,35.35
2017-11-13,36.89,37.5,37.5,36.36
2017-11-14,37.65,37.57,37.79,36.8
2017-11-15,37.14,37.63,38.79,36.61
2017-11-16,37.13,35.89,37.16,35.89
2017-11-17,35.79,32.58,36.13,32.38
2017-11-20,32.22,33.08,33.15,31.45
2017-11-21,32.77,32.9,33.94,32.26
2017-11-22,32.7,32.17,32.82,31.53
2017-11-23,32.14,30.87,32.4,30.7
2017-11-24,30.84,30.87,31.79,30.71
2017-11-27,30.8,29.11,31.05,29.09
2017-11-28,29.4,30.16,30.2,29.3
2017-11-29,30.26,29.72,30.3,29.3
2017-11-30,29.78,29.87,30.29,29.5
2017-12-01,29.86,30.33,30.4,29.65
2017-12-04,30.33,28.9,30.4,28.88
2017-12-05,28.96,28.05,29.21,27.8
2017-12-06,28.05,28.68,28.83,27.88
2017-12-07,28.65,28.88,29.3,28.31
2017-12-08,28.52,30.2,30.56,28.52
2017-12-11,33.22,33.22,33.22,33.22
2017-12-12,35.5,33.93,36.52,33.83
2017-12-13,34.0,33.59,34.43,32.54
2017-12-14,33.3,33.93,34.58,33.01
2017-12-15,33.1,32.4,33.28,32.08
2017-12-18,32.1,31.75,32.93,31.5
2017-12-19,31.88,32.33,32.41,31.3
2017-12-20,32.35,31.0,32.36,30.88
2017-12-21,31.0,31.56,32.04,30.71
2017-12-22,31.4,30.61,31.44,30.51
2017-12-25,30.3,29.53,30.59,29.05
2017-12-26,29.59,30.29,30.36,29.13
2017-12-27,30.15,29.67,30.78,29.61
2017-12-28,29.33,29.59,30.3,29.31
2017-12-29,29.83,30.09,30.2,29.61
2018-01-02,30.28,30.13,30.46,29.72
2018-01-03,30.24,30.5,30.85,29.85
2018-01-04,30.35,29.98,30.45,29.83
2018-01-05,29.81,29.94,30.35,29.75
2018-01-08,29.95,29.5,30.12,29.07
2018-01-09,29.45,29.18,29.59,28.98
2018-01-10,29.28,30.43,30.53,28.71
2018-01-11,30.5,31.49,31.57,29.81
2018-01-12,31.03,30.25,31.1,30.21
2018-01-15,29.99,29.3,30.05,28.99
2018-01-16,29.2,30.15,30.8,29.07
2018-01-17,31.1,30.84,32.2,30.6
2018-01-18,30.38,29.97,30.39,29.7
2018-01-19,29.92,29.7,30.7,29.63
2018-01-22,29.75,29.71,29.8,28.66
2018-01-23,29.77,29.57,29.98,29.38
2018-01-24,29.63,30.08,30.37,29.36
2018-01-25,30.05,29.47,30.27,29.46
2018-01-26,29.49,29.23,29.78,29.21
2018-01-29,29.11,29.29,29.57,28.68
2018-01-30,29.28,30.89,31.47,29.0
2018-01-31,30.2,28.88,30.46,28.71
2018-02-01,28.7,27.23,29.0,27.2
2018-02-02,27.0,26.48,27.5,26.0
2018-02-05,26.08,26.42,26.93,25.68
2018-02-06,26.2,23.82,26.2,23.81
2018-02-07,24.52,24.31,24.83,23.44
2018-02-08,24.39,24.78,25.1,24.18
2018-02-09,24.1,24.1,24.46,23.68
2018-02-12,24.3,24.63,25.1,24.03
2018-02-13,24.7,24.7,25.37,24.58
2018-02-14,24.7,24.81,24.9,24.63
2018-02-22,24.89,25.02,25.44,24.71
2018-02-23,25.02,25.4,25.5,24.98
2018-02-26,25.8,26.37,26.49,25.78
2018-02-27,26.12,26.98,27.4,25.8
2018-02-28,26.55,26.5,26.89,26.1
2018-03-01,26.18,27.59,27.95,26.1
2018-03-02,26.82,26.76,27.45,26.72
2018-03-05,26.6,27.25,27.28,26.5
2018-03-06,27.15,27.49,28.09,27.14
2018-03-07,27.15,27.33,27.5,26.94
2018-03-08,27.18,28.05,28.12,27.18
2018-03-09,28.03,29.03,29.3,27.8
2018-03-12,29.24,29.5,29.88,29.11
2018-03-13,29.3,29.5,31.0,28.01
2018-03-14,29.05,28.41,29.29,28.4
2018-03-15,28.4,27.5,28.42,26.73
2018-03-16,27.7,27.49,27.86,27.42
2018-03-19,27.55,27.92,28.29,27.12
2018-03-20,27.6,28.15,28.35,27.42
2018-03-21,28.5,30.09,30.97,28.4
2018-03-22,29.53,30.24,30.8,29.33
2018-03-23,29.0,27.74,29.48,27.22
2018-03-26,27.3,29.9,30.5,27.0
2018-03-27,30.78,31.49,32.5,30.01
2018-03-28,32.3,33.28,34.64,31.93
2018-03-29,32.58,31.4,32.9,30.6
2018-03-30,31.5,31.89,32.41,31.34
2018-04-02,32.11,32.75,33.99,31.73
2018-04-03,31.8,32.11,32.31,31.3
2018-04-04,32.0,31.33,32.0,31.12
2018-04-09,31.5,32.18,32.5,31.05
2018-04-10,31.93,30.99,31.93,30.25
2018-04-11,31.18,31.76,32.8,31.0
2018-04-12,31.54,32.4,33.64,31.54
2018-04-13,32.63,33.41,35.0,32.63
2018-04-16,33.05,34.3,34.69,32.42
2018-04-17,34.85,32.57,35.29,32.34
2018-04-18,32.54,32.03,32.83,30.0
2018-04-19,32.02,30.98,32.65,30.98
2018-04-20,30.54,29.59,31.25,29.31
2018-04-23,29.65,30.29,30.5,29.46
2018-04-24,30.2,31.45,31.6,29.93
2018-04-25,31.42,32.62,33.0,31.35
2018-04-26,32.44,31.22,32.49,31.0
2018-04-27,31.22,30.77,31.78,30.0
2018-05-02,30.99,29.22,31.0,29.0
2018-05-03,29.3,30.14,30.14,28.21
2018-05-04,29.84,29.51,30.13,29.3
2018-05-07,29.75,30.5,30.7,29.38
2018-05-08,30.05,30.39,30.5,30.0
2018-05-09,30.11,30.66,30.85,30.1
2018-05-10,30.57,30.6,30.98,30.26
2018-05-11,30.8,29.52,30.9,29.22
2018-05-14,29.41,30.0,30.68,29.41
2018-05-15,29.61,30.55,30.58,29.61
2018-05-16,30.21,30.05,30.63,30.01
2018-05-17,30.2,30.46,30.53,30.03
2018-05-18,30.52,30.96,31.07,30.22
2018-05-21,31.3,31.35,31.68,30.93
2018-05-22,31.38,32.34,32.38,31.22
2018-05-23,31.91,31.54,32.3,31.51
2018-05-24,31.59,31.67,32.0,31.45
2018-05-25,31.63,30.66,31.83,30.6
