date,open,close,high,low
2017-08-09,17.27,20.72,20.72,17.27
2017-08-10,22.79,22.79,22.79,22.79
2017-08-11,25.07,25.07,25.07,25.07
2017-08-14,27.58,27.58,27.58,27.58
2017-08-15,30.34,30.34,30.34,30.34
2017-08-16,33.37,33.37,33.37,33.37
2017-08-17,36.71,36.71,36.71,36.71
2017-08-18,40.38,40.38,40.38,40.38
2017-08-21,42.17,44.42,44.42,42.17
2017-08-22,47.86,48.86,48.86,47.02
2017-08-23,48.8,53.75,53.75,46.0
2017-08-24,54.37,59.13,59.13,54.17
2017-08-25,61.62,65.04,65.04,61.61
2017-08-28,70.89,71.54,71.54,67.01
2017-08-29,73.0,67.4,78.69,66.06
2017-08-30,63.4,62.54,67.58,61.0
2017-08-31,61.0,66.2,68.77,61.0
2017-09-01,64.3,62.66,65.79,62.51
2017-09-04,60.0,56.52,60.2,56.4
2017-09-05,57.01,58.05,59.18,56.85
2017-09-06,56.0,57.6,57.68,55.13
2017-09-07,57.4,57.75,59.81,57.4
2017-09-08,57.97,61.7,63.33,56.08
2017-09-11,60.79,67.87,67.87,60.18
2017-09-12,69.0,62.96,69.91,61.2
2017-09-13,60.13,63.53,64.6,58.97
2017-09-14,62.59,61.55,63.77,61.35
2017-09-15,61.0,58.32,62.76,57.31
2017-09-18,57.0,56.45,57.5,55.18
2017-09-19,56.45,57.66,58.84,56.1
2017-09-20,56.7,61.74,62.5,56.7
2017-09-21,61.07,57.1,61.4,57.0
2017-09-22,57.16,58.7,60.17,56.21
2017-09-25,58.5,59.87,60.7,57.37
2017-09-26,59.18,54.06,59.6,53.88
2017-09-27,53.0,54.71,55.51,53.0
2017-09-28,54.7,53.15,55.29,53.08
2017-09-29,53.36,51.44,54.34,50.06
2017-10-09,52.7,52.4,53.3,52.0
2017-10-10,52.4,54.9,55.09,52.16
2017-10-11,54.4,52.3,54.78,52.01
2017-10-12,52.02,53.0,53.97,52.02
2017-10-13,53.0,53.88,53.88,52.02
2017-10-16,54.02,54.86,54.88,53.4
2017-10-17,54.3,54.99,56.18,52.8
2017-10-18,54.8,51.74,54.8,51.51
2017-10-19,50.8,50.02,51.85,49.0
2017-10-20,50.28,50.88,51.09,50.2
2017-10-23,50.89,51.37,51.86,50.41
2017-10-24,51.25,50.29,51.6,49.51
2017-10-25,50.15,51.99,52.17,50.11
2017-10-26,52.0,53.55,54.62,51.95
2017-10-27,53.01,54.3,54.5,52.53
2017-10-30,53.5,50.62,53.86,50.03
2017-10-31,50.48,52.09,52.27,50.35
2017-11-01,52.08,57.3,57.3,51.81
2017-11-02,57.14,58.29,59.6,56.75
2017-11-03,57.85,58.29,58.29,56.21
2017-11-06,58.85,58.69,61.38,58.29
2017-11-07,58.29,61.8,61.8,57.36
2017-11-08,61.4,60.6,62.5,60.6
2017-11-09,60.52,61.57,61.7,59.01
2017-11-10,61.5,59.68,62.5,59.31
2017-11-13,59.99,63.38,63.41,59.38
2017-11-14,62.5,61.7,63.36,61.0
2017-11-15,61.39,59.1,61.7,57.66
2017-11-16,58.78,57.65,59.8,57.26
2017-11-17,57.21,51.89,57.98,51.89
2017-11-20,51.61,52.12,52.19,49.0
2017-11-21,51.9,49.14,52.1,47.18
2017-11-22,49.1,49.78,50.97,47.6
2017-11-23,49.4,47.3,49.48,46.71
2017-11-24,46.8,46.18,48.0,46.0
2017-11-27,45.9,43.83,46.82,43.8
2017-11-28,44.22,45.12,45.18,43.99
2017-11-29,45.06,44.75,45.06,43.37
2017-11-30,44.86,44.36,45.25,44.0
2017-12-01,44.36,45.31,45.66,44.01
2017-12-04,44.8,40.78,44.8,40.78
2017-12-05,40.77,39.09,41.4,38.59
2017-12-06,39.37,40.5,40.68,38.81
2017-12-07,40.43,40.87,41.18,39.81
2017-12-08,40.6,44.96,44.96,40.44
2017-12-11,44.97,44.55,45.4,43.9
2017-12-12,44.12,43.5,44.92,43.5
2017-12-13,43.06,44.23,44.35,43.06
2017-12-14,44.33,43.9,44.33,42.7
2017-12-15,43.61,42.29,43.87,42.13
2017-12-18,42.6,41.9,42.92,40.91
2017-12-19,41.78,43.18,43.65,41.78
2017-12-20,43.18,41.39,43.18,41.31
2017-12-21,41.71,42.15,42.59,40.31
2017-12-22,41.87,42.93,44.37,41.87
2017-12-25,42.3,42.9,43.0,40.6
2017-12-26,42.5,45.0,45.0,42.45
2017-12-27,44.98,43.91,44.99,43.86
2017-12-28,43.4,44.09,44.97,43.33
2017-12-29,43.9,43.72,44.5,43.26
2018-01-02,44.04,44.18,44.51,43.73
2018-01-03,43.96,43.59,44.39,42.8
2018-01-04,43.41,42.8,43.98,42.79
2018-01-05,42.6,42.55,43.55,42.43
2018-01-08,42.7,42.38,42.83,41.3
2018-01-09,42.32,42.9,42.97,42.1
2018-01-10,43.26,41.53,43.26,41.01
2018-01-11,41.08,42.5,43.26,41.08
2018-01-12,42.38,42.95,43.27,41.73
2018-01-15,42.7,40.65,42.7,40.4
2018-01-16,40.4,41.64,42.0,40.36
2018-01-17,41.6,43.62,45.8,41.3
2018-01-18,43.99,45.47,46.8,43.65
2018-01-19,45.09,44.86,45.33,43.97
2018-01-22,44.65,43.0,44.65,41.68
2018-01-23,43.3,42.7,43.65,42.01
2018-01-24,42.9,45.0,45.22,42.21
2018-01-25,44.9,44.1,44.99,44.1
2018-01-26,43.51,42.6,44.3,42.37
2018-01-29,42.2,41.93,42.76,41.18
2018-01-30,41.93,42.1,42.4,41.8
2018-01-31,40.01,37.89,40.1,37.89
2018-02-01,37.9,36.01,38.29,35.98
2018-02-02,35.13,34.98,35.95,34.13
2018-02-05,33.9,33.34,34.19,32.25
2018-02-06,32.18,30.01,32.88,30.01
2018-02-07,31.06,30.79,31.55,29.08
2018-02-08,30.78,31.84,32.3,30.02
2018-02-09,30.98,31.09,31.98,30.08
2018-02-12,32.1,32.15,32.77,31.2
2018-02-13,31.95,31.52,32.48,31.41
2018-02-14,31.15,31.42,31.76,31.14
2018-02-22,31.8,32.27,32.36,31.68
2018-02-23,32.2,32.87,32.9,32.01
2018-02-26,33.8,34.06,34.46,33.11
2018-02-27,33.71,34.5,35.18,33.7
2018-02-28,34.11,33.8,34.11,33.02
2018-03-01,33.87,34.68,35.0,33.13
2018-03-02,34.3,34.67,35.9,34.2
2018-03-05,34.51,36.05,36.16,34.51
2018-03-06,36.06,36.43,37.83,35.7
2018-03-07,36.01,37.03,37.58,35.85
2018-03-08,36.68,38.54,39.28,36.53
2018-03-09,38.4,39.4,39.56,38.0
2018-03-12,39.65,39.6,41.0,38.9
2018-03-13,38.91,38.22,39.65,37.87
2018-03-14,38.08,39.75,42.04,38.08
2018-03-15,38.08,36.9,38.5,35.78
2018-03-16,36.81,36.9,37.4,36.7
2018-03-19,36.93,37.56,37.92,36.6
2018-03-20,37.32,38.8,38.98,37.06
2018-03-21,38.86,38.18,39.89,38.11
2018-03-22,38.53,39.17,39.97,38.53
2018-03-23,37.32,36.0,38.88,35.6
2018-03-26,34.2,38.1,38.1,34.2
2018-03-27,38.26,40.15,41.5,38.26
2018-03-28,39.49,40.84,41.88,39.33
2018-03-29,41.06,40.26,41.47,39.2
2018-03-30,40.39,42.39,42.6,40.39
2018-04-02,42.01,41.94,43.3,41.31
2018-04-03,39.7,43.2,43.3,39.7
2018-04-04,43.5,42.54,43.83,42.3
2018-04-09,41.96,43.35,43.8,41.01
2018-04-10,43.18,40.94,43.55,40.4
2018-04-11,40.62,41.41,41.94,40.39
2018-04-12,41.43,41.75,42.91,41.4
2018-04-13,41.11,42.88,44.79,41.11
2018-04-16,42.93,41.9,43.0,40.61
2018-04-17,43.24,40.69,43.95,40.6
2018-04-18,41.31,40.29,41.31,36.62
2018-04-19,39.72,38.65,40.47,38.64
2018-04-20,38.3,36.33,38.64,36.03
2018-04-23,36.5,37.36,37.49,36.15
2018-04-24,37.4,40.23,40.25,37.4
2018-04-25,38.2,39.21,39.44,38.1
2018-04-26,39.0,36.99,39.1,36.95
2018-04-27,37.55,36.75,37.78,36.56
2018-05-02,36.8,35.18,37.38,33.08
2018-05-03,35.0,36.46,36.5,34.22
2018-05-04,36.4,35.96,36.89,35.96
2018-05-07,36.02,36.97,37.26,36.02
2018-05-08,36.94,37.3,37.35,36.79
2018-05-09,37.29,38.2,38.75,37.11
2018-05-10,37.88,38.65,38.68,37.78
2018-05-11,38.98,37.36,38.98,37.33
2018-05-14,37.39,36.6,37.84,36.35
2018-05-15,36.71,37.54,37.65,36.5
2018-05-16,37.65,37.59,38.17,37.06
2018-05-17,37.66,38.9,38.93,37.32
2018-05-18,38.51,38.72,38.87,37.82
2018-05-21,38.99,39.48,39.65,38.5
2018-05-22,39.0,40.64,40.85,38.8
2018-05-23,40.21,40.15,41.0,39.71
2018-05-24,40.02,40.2,40.5,39.58
2018-05-25,40.19,39.9,41.2,39.68
