date,open,close,high,low
2017-04-18,12.768,15.316,15.316,12.768
2017-04-19,16.852,16.852,16.852,16.852
2017-04-20,18.537,18.537,18.537,18.537
2017-04-21,20.391,20.391,20.391,20.391
2017-04-24,22.433,22.433,22.433,22.433
2017-04-25,24.674,24.674,24.674,24.674
2017-04-26,24.783,25.437,26.567,24.674
2017-04-27,24.336,27.984,27.984,23.692
2017-04-28,27.37,27.112,28.926,26.874
2017-05-02,26.765,26.676,27.558,26.121
2017-05-03,26.735,28.946,29.343,26.706
2017-05-04,27.766,27.092,28.579,26.884
2017-05-05,26.636,25.03,27.082,24.961
2017-05-08,24.555,24.059,25.516,23.871
2017-05-09,24.198,24.753,25.1,24.029
2017-05-10,24.783,22.879,24.862,22.81
2017-05-11,22.552,23.157,23.246,21.828
2017-05-12,22.889,23.137,23.444,22.403
2017-05-15,23.137,22.82,23.345,22.721
2017-05-16,22.602,23.484,23.494,22.027
2017-05-17,23.474,23.335,23.92,23.256
2017-05-18,22.869,22.443,23.187,22.403
2017-05-19,22.314,21.997,22.572,21.858
2017-05-22,21.987,20.123,22.056,19.915
2017-05-23,19.816,19.539,20.391,19.479
2017-05-24,19.38,19.965,20.074,19.271
2017-05-25,19.816,19.846,20.014,19.281
2017-05-26,19.866,20.411,20.788,19.846
2017-05-31,21.71,20.53,22.007,20.52
2017-06-01,20.272,19.132,20.272,19.132
2017-06-02,18.934,19.796,20.054,18.874
2017-06-05,20.203,19.876,20.361,19.866
2017-06-06,19.439,19.856,19.915,19.43
2017-06-07,19.816,20.52,20.619,19.707
2017-06-08,20.52,20.242,20.688,20.173
2017-06-09,20.133,20.292,20.401,19.945
2017-06-12,19.836,19.301,19.965,19.261
2017-06-13,19.301,19.905,19.975,19.291
2017-06-14,19.856,19.628,19.935,19.479
2017-06-15,19.529,20.004,20.282,19.529
2017-06-16,20.024,20.104,20.252,19.965
2017-06-19,20.223,20.183,20.361,19.995
2017-06-20,20.342,19.925,20.342,19.856
2017-06-21,19.945,19.826,20.044,19.638
2017-06-22,19.826,19.37,19.886,19.34
2017-06-23,19.36,19.102,19.469,18.726
2017-06-26,19.092,19.251,19.301,18.884
2017-06-27,19.261,19.251,19.489,19.182
2017-06-28,19.182,18.815,19.202,18.765
2017-06-29,18.884,18.914,19.013,18.855
2017-06-30,18.864,19.132,19.192,18.765
2017-07-03,19.063,19.291,19.33,19.063
2017-07-04,19.221,19.182,19.37,19.083
2017-07-05,19.231,19.687,19.687,19.182
2017-07-06,19.628,20.064,20.163,19.548
2017-07-07,20.074,20.292,20.649,20.004
2017-07-10,20.014,19.469,20.084,19.439
2017-07-11,19.479,19.112,19.658,19.112
2017-07-12,19.092,19.122,19.192,18.696
2017-07-13,19.073,18.855,19.092,18.765
2017-07-14,18.755,18.478,18.765,18.458
2017-07-17,18.29,16.634,18.299,16.634
2017-07-18,16.525,16.684,16.822,16.079
2017-07-19,16.654,16.713,16.822,16.228
2017-07-20,16.426,16.535,16.991,16.426
2017-07-21,16.535,16.555,16.753,16.466
2017-07-24,16.575,16.713,16.743,16.158
2017-07-25,16.654,16.852,17.05,16.575
2017-07-26,16.922,16.753,16.951,16.674
2017-07-27,16.763,17.427,17.516,16.684
2017-07-28,17.467,17.159,17.467,17.1
2017-07-31,17.169,17.189,17.358,17.15
2017-08-01,17.21,17.21,17.28,17.04
2017-08-02,17.27,16.86,17.27,16.85
2017-08-03,16.81,16.95,17.19,16.8
2017-08-04,16.96,16.72,17.0,16.71
2017-08-07,16.72,16.81,16.97,16.72
2017-08-08,16.77,16.94,16.95,16.72
2017-08-09,16.96,17.19,17.26,16.91
2017-08-10,17.16,16.78,17.26,16.68
2017-08-11,16.7,16.65,16.9,16.53
2017-08-14,16.65,16.94,16.94,16.58
2017-08-15,16.9,17.09,17.18,16.82
2017-08-16,17.1,17.37,17.48,17.03
2017-08-17,17.37,17.25,17.41,17.12
2017-08-18,17.25,17.28,17.49,17.21
2017-08-21,17.26,17.48,17.48,17.23
2017-08-22,17.49,17.89,18.05,17.43
2017-08-23,17.8,17.65,17.82,17.41
2017-08-24,17.55,17.35,17.85,17.31
2017-08-25,17.36,17.99,18.12,17.36
2017-08-28,18.17,18.52,18.8,18.0
2017-08-29,18.47,18.48,18.96,18.2
2017-08-30,18.3,18.21,18.48,18.17
2017-08-31,18.21,18.81,18.93,18.2
2017-09-01,18.9,18.82,19.03,18.59
2017-09-04,18.85,18.42,18.85,18.34
2017-09-05,18.39,18.46,18.71,18.37
2017-09-06,18.38,18.29,18.44,17.92
2017-09-07,18.21,18.31,18.54,18.18
2017-09-08,18.34,18.19,18.45,18.07
2017-09-11,18.38,18.61,18.68,18.21
2017-09-12,18.74,18.2,18.75,18.19
2017-09-13,18.2,18.3,18.38,18.15
2017-09-14,18.3,18.25,18.58,18.18
2017-09-15,18.2,18.21,18.48,18.08
2017-09-18,18.18,18.31,18.35,18.0
2017-09-19,18.36,18.42,18.57,18.27
2017-09-20,18.42,18.55,18.55,18.2
2017-09-21,18.52,18.45,18.6,18.38
2017-09-22,18.45,18.64,18.66,18.13
2017-09-25,18.55,18.94,19.28,18.55
2017-09-26,18.82,18.34,18.87,18.12
2017-09-27,18.33,18.41,18.5,18.2
2017-09-28,18.41,18.9,19.0,18.34
2017-09-29,18.88,19.0,19.16,18.71
2017-10-09,19.24,18.84,19.24,18.8
2017-10-10,18.84,19.19,19.22,18.63
2017-10-11,19.11,19.75,19.82,19.06
2017-10-12,19.83,19.33,19.83,19.18
2017-10-13,19.4,19.46,19.72,19.26
2017-10-16,19.41,18.03,19.41,17.91
2017-10-17,18.03,18.04,18.26,18.0
2017-10-18,18.06,17.41,18.22,17.32
2017-10-19,17.5,17.22,17.5,17.11
2017-10-20,17.13,17.48,17.48,17.13
2017-10-23,17.48,17.52,17.65,17.4
2017-10-24,17.51,17.37,17.55,17.15
2017-10-25,17.37,17.78,17.8,17.33
2017-10-26,17.78,17.79,17.92,17.62
2017-10-27,17.88,17.73,17.88,17.63
2017-10-30,17.68,17.05,17.77,16.88
2017-10-31,17.15,17.23,17.24,17.06
2017-11-01,17.34,17.24,17.39,17.19
2017-11-02,17.29,17.06,17.29,16.9
2017-11-03,17.06,16.86,17.1,16.57
2017-11-06,16.99,17.07,17.07,16.76
2017-11-07,17.18,17.12,17.2,16.91
2017-11-08,17.07,17.15,17.25,17.02
2017-11-09,17.02,17.16,17.18,17.01
2017-11-10,17.11,17.3,17.36,17.1
2017-11-13,17.29,17.32,17.42,17.2
2017-11-14,17.3,16.98,17.34,16.92
2017-11-15,16.98,16.95,17.03,16.8
2017-11-16,16.94,16.64,16.94,16.62
2017-11-17,16.61,15.68,16.66,15.63
2017-11-20,15.65,15.79,15.82,15.35
2017-11-21,15.68,15.54,15.86,15.4
2017-11-22,15.55,15.62,15.72,15.42
2017-11-23,15.64,15.19,15.64,15.13
2017-11-24,15.18,15.14,15.26,15.0
2017-11-27,15.11,15.11,15.25,15.1
2017-11-28,15.15,15.34,15.42,15.11
2017-11-29,15.29,15.19,15.4,14.93
2017-11-30,15.18,15.16,15.33,15.03
2017-12-01,15.26,15.32,15.38,15.09
2017-12-04,15.33,14.82,15.38,14.81
2017-12-05,14.83,13.99,14.94,13.89
2017-12-06,14.0,14.3,14.35,13.99
2017-12-07,14.3,14.23,14.3,14.1
2017-12-08,14.17,14.44,14.76,14.17
2017-12-11,14.44,14.92,15.0,14.31
2017-12-12,15.08,14.64,15.2,14.63
2017-12-13,14.44,14.97,15.06,14.3
2017-12-14,14.82,15.33,15.47,14.76
2017-12-15,15.3,15.06,15.49,14.96
2017-12-18,15.11,14.82,15.22,14.69
2017-12-19,14.8,14.92,15.1,14.78
2017-12-20,14.99,14.53,14.99,14.48
2017-12-21,14.54,14.54,14.68,14.19
2017-12-22,14.5,14.44,14.64,14.41
2017-12-25,14.48,14.19,14.48,14.05
2017-12-26,14.1,14.71,14.85,14.1
2017-12-27,14.69,14.65,14.85,14.62
2017-12-28,14.65,14.82,14.88,14.58
2017-12-29,14.75,15.0,15.02,14.73
2018-01-02,15.05,15.02,15.1,14.81
2018-01-03,14.95,14.94,15.03,14.84
2018-01-04,14.88,14.96,15.02,14.88
2018-01-05,14.96,14.87,15.01,14.84
2018-01-08,14.85,14.76,14.87,14.63
2018-01-09,14.79,14.76,14.85,14.71
2018-01-10,14.78,14.43,14.84,14.31
2018-01-11,14.45,14.7,14.74,14.35
2018-01-12,14.7,14.53,14.7,14.44
2018-01-15,14.46,13.93,14.61,13.9
2018-01-16,13.96,14.21,14.49,13.92
2018-01-17,14.22,14.45,14.54,14.11
2018-01-18,14.45,14.6,14.68,14.36
2018-01-19,14.6,14.7,14.93,14.5
2018-01-22,14.61,14.71,14.74,14.32
2018-01-23,14.68,14.79,14.86,14.61
2018-01-24,14.79,14.9,14.92,14.62
2018-01-25,14.94,14.71,15.11,14.71
2018-01-26,14.61,14.79,14.96,14.61
2018-01-29,14.71,14.48,14.89,14.4
2018-01-30,14.51,14.42,14.54,14.36
2018-01-31,14.33,13.84,14.33,13.79
2018-02-01,13.88,13.31,13.98,13.31
2018-02-02,13.39,13.2,13.39,13.01
2018-02-05,13.05,12.98,13.08,12.68
2018-02-06,14.28,13.8,14.28,13.77
2018-02-07,13.95,14.33,14.8,13.78
2018-02-08,13.89,13.98,14.37,13.02
2018-02-09,13.38,13.3,13.65,13.08
2018-02-12,13.6,14.63,14.63,13.5
2018-02-13,14.72,14.38,14.74,14.3
2018-02-14,14.1,14.55,14.59,14.1
2018-02-22,14.59,14.72,14.96,14.33
2018-02-23,14.7,14.5,14.7,14.41
2018-02-26,14.67,15.26,15.29,14.54
2018-02-27,15.3,15.29,15.45,15.03
2018-02-28,15.0,14.83,15.08,14.61
2018-03-01,14.7,15.25,15.25,14.65
2018-03-02,15.02,14.89,15.22,14.87
2018-03-05,14.88,14.99,14.99,14.71
2018-03-06,15.01,14.97,15.28,14.91
2018-03-07,14.94,15.61,16.05,14.93
2018-03-08,15.4,15.84,15.97,15.31
2018-03-09,15.85,16.09,16.5,15.8
2018-03-12,16.75,16.07,16.96,16.04
2018-03-13,15.88,15.64,16.1,15.6
2018-03-14,15.49,15.52,15.8,15.43
2018-03-15,15.39,15.11,15.58,14.74
2018-03-16,15.1,14.96,15.25,14.94
2018-03-19,14.9,15.2,15.41,14.83
2018-03-20,15.11,15.24,15.27,14.9
2018-03-21,15.28,14.99,15.48,14.96
2018-03-22,14.78,15.03,15.18,14.78
2018-03-23,14.66,13.9,14.73,13.67
2018-03-26,13.68,14.29,14.55,13.67
2018-03-27,14.41,14.57,14.74,14.41
2018-03-28,14.39,14.57,14.66,14.32
2018-03-29,14.55,14.65,14.79,14.48
2018-03-30,14.71,14.94,15.0,14.67
2018-04-02,14.94,14.87,15.04,14.76
2018-04-03,14.65,14.53,14.68,14.36
2018-04-04,14.53,14.6,14.93,14.53
2018-04-09,14.57,14.76,14.82,14.22
2018-04-10,14.61,14.3,14.65,14.14
2018-04-11,14.31,14.84,14.84,14.31
2018-04-12,14.62,15.05,15.32,14.6
2018-04-13,15.01,14.93,15.31,14.87
2018-04-16,14.79,14.5,14.91,14.36
2018-04-17,14.46,13.94,14.68,13.8
2018-04-18,14.02,14.17,14.3,13.72
2018-04-19,13.97,13.92,14.11,13.82
2018-04-20,13.87,13.42,13.95,13.41
2018-04-23,13.45,13.36,13.57,13.16
2018-04-24,13.38,13.75,13.81,13.38
2018-04-25,13.8,13.91,14.07,13.74
2018-04-26,13.9,13.45,13.9,13.44
2018-04-27,13.5,13.62,13.69,13.38
2018-05-02,13.53,13.73,13.93,13.53
2018-05-03,13.63,13.8,13.82,13.26
2018-05-04,13.75,14.09,14.46,13.71
2018-05-07,13.96,14.2,14.27,13.92
2018-05-08,14.25,14.23,14.26,14.15
2018-05-09,14.24,14.33,14.45,14.13
2018-05-10,14.33,14.59,14.67,14.33
2018-05-11,14.59,14.18,14.7,14.18
2018-05-14,14.08,14.16,14.4,14.08
2018-05-15,14.28,14.41,14.43,14.13
2018-05-16,14.43,14.23,14.43,14.2
2018-05-17,14.35,14.66,14.7,14.3
2018-05-18,14.6,14.8,14.89,14.45
2018-05-21,14.81,15.0,15.1,14.55
2018-05-22,14.91,15.07,15.1,14.8
2018-05-23,15.02,14.67,15.02,14.63
2018-05-24,14.62,14.77,14.84,14.56
2018-05-25,14.82,15.11,15.12,14.76
