date,open,close,high,low
2017-03-31,18.94,20.84,20.84,18.94
2017-04-05,22.92,22.92,22.92,22.92
2017-04-06,25.21,25.21,25.21,25.21
2017-04-07,27.73,27.73,27.73,27.73
2017-04-10,30.5,30.5,30.5,30.5
2017-04-11,33.55,33.55,33.55,33.55
2017-04-12,36.91,36.91,36.91,36.91
2017-04-13,40.6,40.6,40.6,40.6
2017-04-14,44.66,44.66,44.66,44.66
2017-04-17,45.0,40.19,45.0,40.19
2017-04-18,39.13,39.58,41.28,39.13
2017-04-19,39.1,41.55,41.97,38.48
2017-04-20,41.0,40.0,41.41,39.33
2017-04-21,40.07,40.15,41.38,40.07
2017-04-24,39.65,38.37,39.67,38.17
2017-04-25,38.5,38.66,39.56,38.5
2017-04-26,38.51,39.16,39.67,38.5
2017-04-27,38.3,43.08,43.08,38.07
2017-04-28,43.5,43.08,43.88,42.03
2017-05-02,42.79,43.15,43.93,42.36
2017-05-03,42.94,44.0,44.1,41.22
2017-05-04,43.07,40.99,43.07,40.99
2017-05-05,40.97,39.2,40.97,39.2
2017-05-08,39.0,38.67,39.49,38.65
2017-05-09,38.75,39.7,39.85,38.68
2017-05-10,39.69,38.25,40.08,38.24
2017-05-11,37.7,38.97,38.97,37.2
2017-05-12,39.0,39.29,39.65,38.59
2017-05-15,39.3,38.82,39.9,38.66
2017-05-16,38.82,39.67,39.74,37.95
2017-05-17,39.59,39.59,40.48,39.34
2017-05-18,39.13,38.97,39.85,38.7
2017-05-19,38.97,38.21,39.21,38.11
2017-05-22,38.39,35.5,38.39,35.3
2017-05-23,35.29,33.98,35.68,33.8
2017-05-24,33.8,34.55,34.71,33.71
2017-05-25,34.41,34.57,34.8,33.66
2017-05-26,34.5,35.34,35.96,34.43
2017-05-31,37.0,35.69,37.65,35.51
2017-06-01,35.36,33.85,35.7,33.8
2017-06-02,33.84,35.03,35.47,33.41
2017-06-05,35.59,35.9,36.28,35.48
2017-06-06,35.5,35.92,36.14,35.44
2017-06-07,35.96,37.11,37.43,35.87
2017-06-08,37.1,36.73,37.23,36.22
2017-06-09,37.0,37.53,38.4,36.95
2017-06-12,36.55,35.78,36.62,35.11
2017-06-13,35.49,36.6,36.7,35.33
2017-06-14,36.6,36.22,36.65,35.85
2017-06-15,36.27,36.51,37.2,36.24
2017-06-16,36.7,36.64,37.07,36.36
2017-06-19,36.6,36.5,36.98,36.1
2017-06-20,36.7,35.85,36.84,35.77
2017-06-21,35.91,35.98,36.2,35.6
2017-06-22,35.82,35.0,35.98,35.0
2017-06-23,35.21,34.91,35.24,33.91
2017-06-26,34.91,35.25,35.29,34.51
2017-06-27,35.12,34.96,35.59,34.87
2017-06-28,34.9,34.32,34.9,34.2
2017-06-29,34.33,34.38,34.88,34.1
2017-06-30,34.38,34.98,35.05,34.13
2017-07-03,34.85,35.33,35.39,34.7
2017-07-04,35.33,35.28,35.36,35.0
2017-07-05,35.25,35.8,35.88,35.15
2017-07-06,35.87,36.14,36.27,35.46
2017-07-07,36.18,36.59,36.92,36.11
2017-07-10,36.34,35.04,36.34,35.02
2017-07-11,35.0,34.75,35.38,34.67
2017-07-12,34.8,35.16,35.39,34.06
2017-07-13,35.0,34.74,35.0,34.6
2017-07-14,35.0,34.77,35.33,34.65
2017-07-17,34.49,31.4,34.49,31.31
2017-07-18,31.02,31.9,31.9,31.01
2017-07-19,32.38,32.01,32.38,31.55
2017-07-20,32.26,31.94,32.98,31.81
2017-07-21,31.81,31.69,32.29,31.5
2017-07-24,31.6,31.97,32.12,30.91
2017-07-25,31.88,31.97,32.12,31.75
2017-07-26,32.07,31.69,32.17,31.5
2017-07-27,31.88,32.67,32.96,31.51
2017-07-28,32.51,32.25,32.77,32.16
2017-07-31,32.25,32.49,32.72,32.0
2017-08-01,32.49,32.54,32.63,32.07
2017-08-02,32.54,31.7,32.63,31.7
2017-08-03,31.71,32.01,32.49,31.7
2017-08-04,31.91,31.57,32.17,31.55
2017-08-07,31.6,31.97,32.13,31.58
2017-08-08,32.14,31.93,32.14,31.6
2017-08-09,31.9,32.02,32.08,31.84
2017-08-10,32.0,31.74,32.25,31.6
2017-08-11,31.51,31.2,31.64,31.03
2017-08-14,31.21,31.8,31.84,31.21
2017-08-15,31.85,32.18,32.18,31.82
2017-08-16,32.19,32.5,32.86,31.9
2017-08-17,32.58,32.67,32.76,32.4
2017-08-18,32.66,32.34,32.66,32.21
2017-08-21,32.49,33.04,33.16,32.34
2017-08-22,33.28,33.43,34.06,33.27
2017-08-23,33.38,33.45,33.85,32.92
2017-08-24,33.39,32.99,33.8,32.8
2017-08-25,32.93,33.93,34.0,32.92
2017-08-28,34.03,34.84,35.27,34.03
2017-08-29,34.9,34.89,35.75,34.55
2017-08-30,34.6,34.23,34.89,34.05
2017-08-31,34.16,35.12,35.33,34.16
2017-09-01,35.19,35.15,35.39,34.77
2017-09-05,34.0,35.13,35.13,33.48
2017-09-06,34.3,34.45,35.09,33.82
2017-09-07,34.3,34.37,34.78,34.2
2017-09-08,34.21,34.48,34.9,34.02
2017-09-11,34.34,35.01,35.14,34.33
2017-09-12,35.01,34.16,35.07,34.1
2017-09-13,34.08,34.51,34.57,34.01
2017-09-14,34.51,34.13,34.65,34.1
2017-09-15,34.1,34.1,34.38,34.02
2017-09-18,34.01,34.11,34.36,33.96
2017-09-19,34.11,34.49,34.76,34.06
2017-09-20,34.35,34.83,34.88,34.16
2017-09-21,34.63,34.72,35.6,34.6
2017-09-22,34.7,35.6,35.65,34.41
2017-09-25,35.65,35.33,36.5,35.3
2017-09-26,35.31,33.85,35.62,33.81
2017-09-27,33.88,34.33,34.49,33.85
2017-09-28,34.26,34.51,34.78,34.26
2017-09-29,34.45,34.86,34.92,34.45
2017-10-09,35.4,35.11,35.5,35.01
2017-10-10,35.05,36.42,36.48,35.03
2017-10-11,36.56,35.88,36.87,35.71
2017-10-12,35.9,35.7,36.1,35.45
2017-10-13,35.59,36.48,36.69,35.59
2017-10-16,36.85,35.82,37.48,35.6
2017-10-17,35.78,36.86,36.96,35.55
2017-10-18,36.76,36.34,37.1,36.18
2017-10-19,36.1,37.05,37.15,35.9
2017-10-20,36.72,36.62,36.91,36.06
2017-10-23,36.52,36.38,36.88,36.02
2017-10-24,36.48,35.96,36.58,35.55
2017-10-25,35.8,37.18,37.18,35.8
2017-10-26,37.18,37.17,37.36,36.81
2017-10-27,37.25,37.72,37.98,37.0
2017-10-30,37.4,36.57,37.76,36.12
2017-10-31,36.58,37.68,37.79,36.28
2017-11-01,37.49,37.78,38.48,37.49
2017-11-02,37.81,37.7,38.44,37.11
2017-11-03,37.69,37.44,38.3,37.0
2017-11-06,37.98,38.69,38.69,37.52
2017-11-07,38.45,38.47,38.56,37.88
2017-11-08,38.38,38.35,38.91,38.15
2017-11-09,38.21,38.36,38.43,37.86
2017-11-10,38.29,38.55,38.85,38.12
2017-11-13,38.55,39.13,39.19,38.26
2017-11-14,39.2,38.66,39.36,38.52
2017-11-15,38.62,37.78,38.77,37.58
2017-11-16,37.7,36.54,38.18,36.32
2017-11-17,36.54,34.3,36.91,33.58
2017-11-20,34.88,35.28,35.28,34.09
2017-11-21,35.05,34.7,35.68,34.15
2017-11-22,34.53,34.59,35.05,34.18
2017-11-23,34.59,33.65,34.79,33.65
2017-11-24,33.65,32.89,34.11,32.89
2017-11-27,32.8,32.15,33.25,31.8
2017-11-28,32.15,32.77,32.79,32.01
2017-11-29,32.64,32.64,32.7,32.08
2017-11-30,32.53,32.95,33.42,32.41
2017-12-01,32.94,33.32,33.42,32.72
2017-12-04,32.98,30.77,33.0,30.75
2017-12-05,30.56,29.37,30.96,29.13
2017-12-06,29.75,29.9,29.96,28.94
2017-12-07,29.78,29.62,29.93,29.19
2017-12-08,29.67,30.06,30.36,29.6
2017-12-11,30.01,30.36,30.38,30.01
2017-12-12,30.28,29.38,30.34,29.34
2017-12-13,29.47,29.8,29.96,29.28
2017-12-14,29.88,29.93,30.04,29.51
2017-12-15,29.73,29.72,29.99,28.06
2017-12-18,29.53,29.6,29.87,29.38
2017-12-19,29.75,30.22,30.33,29.58
2017-12-20,30.11,29.62,30.25,29.53
2017-12-21,29.5,29.62,29.98,29.08
2017-12-22,29.41,29.59,29.85,29.41
2017-12-25,29.59,29.55,29.71,28.66
2017-12-26,29.47,30.65,30.85,29.12
2017-12-27,30.5,30.8,30.99,30.3
2017-12-28,30.54,30.78,31.2,30.53
2017-12-29,30.67,30.71,30.96,30.5
2018-01-02,30.67,30.93,31.01,30.6
2018-01-03,30.85,30.76,30.91,30.5
2018-01-04,30.79,30.36,30.79,30.2
2018-01-05,30.6,30.56,30.69,30.17
2018-01-08,30.58,30.55,30.61,30.08
2018-01-09,30.61,31.4,31.99,30.43
2018-01-10,31.06,30.7,31.29,30.21
2018-01-11,30.7,32.07,33.02,30.3
2018-01-12,31.88,32.05,32.13,31.34
2018-01-15,31.83,31.3,31.88,31.28
2018-01-16,31.5,31.89,32.19,31.08
2018-01-17,31.81,32.27,32.27,31.28
2018-01-18,32.26,31.94,32.54,31.78
2018-01-19,31.72,31.67,32.15,31.41
2018-01-22,31.31,30.92,31.49,30.16
2018-01-23,30.97,30.99,31.4,30.73
2018-01-24,30.8,31.61,31.65,30.52
2018-01-25,31.64,30.75,31.64,30.72
2018-01-26,30.5,30.49,31.09,30.4
2018-01-29,30.5,29.9,30.79,29.8
2018-01-30,29.72,29.91,30.11,29.7
2018-01-31,29.85,28.5,29.85,28.31
2018-02-01,28.4,26.6,28.76,26.6
2018-02-02,26.6,26.58,26.97,26.0
2018-02-05,26.25,26.6,26.82,26.2
2018-02-06,26.03,24.87,26.46,24.8
2018-02-07,25.49,25.39,25.74,24.7
2018-02-08,25.4,25.77,26.03,25.27
2018-02-09,25.4,25.07,25.57,24.77
2018-02-12,25.35,25.91,26.17,25.35
2018-02-13,26.1,25.98,26.21,25.85
2018-02-14,25.98,25.97,26.05,25.71
2018-02-22,26.08,26.26,26.26,25.89
2018-02-23,26.25,26.14,26.31,25.97
2018-02-26,26.35,27.05,27.14,26.32
2018-02-27,26.98,27.12,27.29,26.9
2018-02-28,26.9,26.76,26.98,26.63
2018-03-01,26.71,27.16,27.3,26.5
2018-03-02,26.8,26.88,27.19,26.71
2018-03-05,27.0,27.17,27.17,26.8
2018-03-06,27.11,27.34,27.57,27.04
2018-03-07,27.34,27.22,27.4,27.07
2018-03-08,27.3,28.04,28.5,27.13
2018-03-09,27.91,28.47,28.48,27.82
2018-03-12,28.63,28.85,29.67,28.5
2018-03-13,28.71,28.37,28.91,28.35
2018-03-14,28.37,28.35,28.68,28.18
2018-03-15,28.01,27.39,28.09,27.0
2018-03-16,27.39,27.43,27.79,27.38
2018-03-19,27.58,27.73,27.89,27.23
2018-03-20,27.55,29.33,29.95,27.44
2018-03-21,29.16,28.43,29.77,28.43
2018-03-22,28.43,28.57,29.18,28.43
2018-03-23,27.8,26.69,28.42,26.14
2018-03-26,26.26,27.49,27.51,25.78
2018-03-27,27.84,28.6,28.98,27.7
2018-03-28,28.25,29.13,29.86,28.09
2018-03-29,28.93,30.01,30.29,28.93
2018-03-30,29.82,30.13,30.7,29.39
2018-04-02,30.3,29.93,30.68,29.8
2018-04-03,29.2,31.04,31.2,29.2
2018-04-04,31.47,31.4,33.88,31.4
2018-04-09,30.55,32.0,32.03,29.61
2018-04-10,30.5,31.03,31.48,29.13
2018-04-11,30.61,30.18,30.98,30.01
2018-04-12,30.0,30.34,31.09,29.71
2018-04-13,30.6,29.7,30.74,29.7
2018-04-16,29.9,29.12,30.18,28.7
2018-04-17,28.94,27.57,29.39,27.5
2018-04-18,27.7,28.04,28.3,26.62
2018-04-19,27.81,27.88,28.33,27.7
2018-04-20,27.09,25.99,27.09,25.8
2018-04-23,25.85,25.73,26.17,25.4
2018-04-24,25.83,26.55,26.77,25.67
2018-04-25,26.52,27.45,27.45,26.28
2018-04-26,27.0,26.39,27.22,26.32
2018-04-27,26.4,26.56,27.0,26.33
2018-05-02,26.59,26.19,26.68,25.75
2018-05-03,25.75,26.37,26.44,25.28
2018-05-04,26.12,25.93,26.32,25.63
2018-05-07,25.92,26.7,26.86,25.82
2018-05-08,26.62,27.49,27.87,26.61
2018-05-09,27.33,27.48,27.58,27.1
2018-05-10,27.42,27.74,27.98,27.3
2018-05-11,27.5,28.15,29.55,27.5
2018-05-14,28.06,27.74,28.36,27.16
2018-05-15,27.7,28.15,28.33,27.3
2018-05-16,28.0,28.29,29.15,28.0
2018-05-17,27.66,27.94,28.17,27.56
2018-05-18,28.06,27.86,28.6,27.55
2018-05-21,27.99,28.16,28.38,27.73
2018-05-22,28.2,28.54,28.68,28.02
2018-05-23,28.49,28.42,28.98,28.26
2018-05-24,28.53,28.66,28.73,28.27
2018-05-25,28.54,28.49,28.75,28.03
