date,open,close,high,low
2017-03-15,11.722,14.067,14.067,11.722
2017-03-16,15.477,15.477,15.477,15.477
2017-03-17,17.027,17.027,17.027,17.027
2017-03-20,18.726,18.726,18.726,18.726
2017-03-21,20.603,20.603,20.603,20.603
2017-03-22,22.66,22.66,22.66,22.66
2017-03-23,24.924,24.924,24.924,24.924
2017-03-24,27.418,27.418,27.418,27.418
2017-03-27,30.16,30.16,30.16,30.16
2017-03-28,33.18,33.18,33.18,33.18
2017-03-29,36.498,36.498,36.498,36.498
2017-03-30,40.143,40.143,40.143,40.143
2017-03-31,44.157,44.157,44.157,44.157
2017-04-05,45.845,45.597,48.567,42.22
2017-04-06,44.723,48.478,49.471,44.206
2017-04-07,47.683,45.1,48.061,44.504
2017-04-10,44.107,40.68,44.653,40.59
2017-04-11,40.193,42.845,43.273,40.193
2017-04-12,42.061,41.415,43.491,41.246
2017-04-13,40.988,40.908,42.508,40.769
2017-04-14,40.322,39.776,40.729,39.617
2017-04-17,38.296,37.481,38.544,35.981
2017-04-18,37.7,36.935,38.137,36.806
2017-04-19,37.054,38.236,38.733,36.835
2017-04-20,38.047,36.756,38.077,36.06
2017-04-21,36.736,36.16,37.024,36.08
2017-04-24,35.643,34.551,36.08,34.074
2017-04-25,34.57,34.57,35.335,34.521
2017-04-26,34.63,35.206,35.643,34.6
2017-04-27,35.196,37.253,37.749,34.421
2017-04-28,37.253,37.213,37.531,36.935
2017-05-02,36.855,36.617,37.6,36.557
2017-05-03,36.815,37.153,37.253,36.011
2017-05-04,36.875,35.564,36.935,34.769
2017-05-05,35.544,35.325,36.309,35.325
2017-05-08,35.266,34.411,35.266,34.223
2017-05-09,34.272,35.057,35.405,34.193
2017-05-10,34.978,33.974,35.494,33.776
2017-05-11,33.627,34.332,34.372,32.901
2017-05-12,34.163,34.342,34.6,33.378
2017-05-15,34.57,34.223,35.017,34.074
2017-05-16,33.855,35.405,35.415,33.676
2017-05-17,35.176,35.604,35.951,35.137
2017-05-18,35.286,34.769,35.862,34.769
2017-05-19,34.739,33.984,35.137,33.885
2017-05-22,34.034,31.262,34.034,30.905
2017-05-23,30.944,30.06,31.739,29.882
2017-05-24,29.832,31.332,31.332,29.683
2017-05-25,31.491,32.137,32.405,30.676
2017-05-26,31.58,31.54,32.057,30.795
2017-05-31,32.792,31.382,33.041,31.292
2017-06-01,30.756,29.176,31.223,29.156
2017-06-02,28.799,30.11,30.398,28.62
2017-06-05,30.348,30.338,31.054,30.229
2017-06-06,29.911,30.289,30.398,29.911
2017-06-07,30.48,31.35,31.5,30.3
2017-06-08,31.36,31.03,31.59,30.81
2017-06-09,31.2,31.18,31.3,30.72
2017-06-12,30.77,29.75,30.77,29.66
2017-06-13,29.5,30.49,30.66,29.46
2017-06-14,30.49,30.32,30.55,29.98
2017-06-15,30.31,31.12,31.32,30.31
2017-06-16,30.99,30.8,31.14,30.6
2017-06-19,30.91,31.03,31.2,30.66
2017-06-20,31.09,30.61,31.15,30.6
2017-06-21,30.55,30.51,30.75,30.08
2017-06-22,30.52,29.64,30.55,29.64
2017-06-23,29.5,29.59,29.87,28.91
2017-06-26,29.48,29.74,29.82,29.24
2017-06-27,29.66,29.8,30.19,29.6
2017-06-28,29.73,29.85,30.15,29.63
2017-06-29,29.58,30.12,30.34,29.58
2017-06-30,30.01,30.43,30.6,29.68
2017-07-03,30.49,30.68,30.7,30.14
2017-07-04,30.68,30.6,30.88,30.48
2017-07-05,30.46,31.27,31.27,30.46
2017-07-06,31.42,31.42,31.48,30.9
2017-07-07,31.35,32.15,32.84,31.31
2017-07-10,31.99,30.56,32.0,30.38
2017-07-11,30.45,29.93,30.64,29.73
2017-07-12,29.96,30.44,30.47,29.36
2017-07-13,30.3,29.82,30.3,29.72
2017-07-14,29.83,29.6,30.25,29.42
2017-07-17,29.02,26.64,29.18,26.64
2017-07-18,26.39,26.65,27.0,26.2
2017-07-19,26.52,26.81,26.98,26.31
2017-07-20,27.0,26.56,27.27,26.52
2017-07-21,26.35,26.1,26.73,25.88
2017-07-24,25.43,26.29,26.49,25.43
2017-07-25,26.08,26.15,26.52,26.08
2017-07-26,26.5,25.88,26.5,25.81
2017-07-27,25.92,27.18,27.18,25.7
2017-07-28,27.41,26.75,27.56,26.73
2017-07-31,26.78,26.83,26.98,26.53
2017-08-01,26.8,27.15,27.22,26.8
2017-08-02,27.15,26.87,27.48,26.85
2017-08-03,26.9,27.11,27.45,26.58
2017-08-04,27.19,26.81,27.19,26.75
2017-08-07,26.81,26.89,27.14,26.75
2017-08-08,26.84,26.85,27.06,26.55
2017-08-09,26.81,26.89,27.02,26.74
2017-08-10,26.83,26.8,27.05,26.73
2017-08-11,26.59,26.07,26.73,25.91
2017-08-14,26.07,26.7,26.8,26.07
2017-08-15,26.91,27.04,27.1,26.7
2017-08-16,27.04,27.4,27.56,26.96
2017-08-17,27.38,27.38,27.46,27.02
2017-08-18,27.26,26.98,27.26,26.82
2017-08-21,26.96,27.55,27.7,26.93
2017-08-22,27.65,27.37,27.71,27.12
2017-08-23,27.36,27.49,27.65,27.01
2017-08-24,27.49,27.26,27.98,27.1
2017-08-25,27.2,28.07,28.28,27.1
2017-08-28,28.07,29.21,29.44,27.94
2017-08-29,29.0,29.05,29.96,28.7
2017-08-30,28.92,28.78,29.42,28.72
2017-08-31,29.0,29.88,29.93,28.7
2017-09-01,29.9,29.98,29.99,29.39
2017-09-04,29.87,30.2,30.78,29.56
2017-09-05,30.2,29.99,30.8,29.8
2017-09-06,29.9,29.62,29.9,29.05
2017-09-07,29.56,29.67,30.18,29.2
2017-09-08,29.35,29.31,29.78,28.91
2017-09-11,29.21,29.78,29.78,29.21
2017-09-12,29.81,28.91,29.93,28.81
2017-09-13,28.98,29.31,29.36,28.86
2017-09-14,29.31,29.14,29.47,29.01
2017-09-15,29.17,28.52,29.28,28.5
2017-09-18,28.58,28.65,28.69,27.95
2017-09-19,28.58,28.6,29.18,28.41
2017-09-20,29.36,29.16,29.36,28.6
2017-09-21,29.16,28.75,29.55,28.64
2017-09-22,28.59,28.83,28.96,28.17
2017-09-25,28.63,28.75,29.25,28.63
2017-09-26,28.59,28.77,28.77,27.58
2017-09-27,28.3,28.7,28.79,28.1
2017-09-28,28.59,29.0,29.45,28.5
2017-09-29,28.99,29.29,29.5,28.85
2017-10-09,29.67,29.25,29.92,29.12
2017-10-10,29.31,29.94,29.98,29.22
2017-10-11,29.94,29.45,29.99,29.4
2017-10-12,29.32,28.96,29.68,28.62
2017-10-13,29.17,31.86,31.86,29.01
2017-10-16,32.72,30.6,32.72,30.5
2017-10-17,30.52,32.96,33.66,30.52
2017-10-18,31.96,33.58,33.98,31.58
2017-10-19,32.9,32.71,33.43,32.25
2017-10-20,32.78,32.0,32.84,31.25
2017-10-23,31.83,32.25,32.37,31.6
2017-10-24,32.0,31.21,32.02,30.6
2017-10-25,31.0,31.6,31.75,30.88
2017-10-26,31.5,33.5,33.5,31.21
2017-10-27,33.1,33.02,33.47,32.55
2017-10-30,32.65,31.34,33.22,31.03
2017-10-31,31.38,32.2,32.39,31.38
2017-11-01,31.92,32.23,32.75,31.73
2017-11-02,32.23,31.2,32.23,31.19
2017-11-03,31.0,30.08,31.3,29.88
2017-11-06,30.46,30.6,30.87,30.11
2017-11-07,30.6,30.79,30.79,30.01
2017-11-08,30.7,30.98,31.4,30.62
2017-11-09,30.88,31.28,31.3,30.7
2017-11-10,31.18,31.67,32.11,31.1
2017-11-13,31.7,32.39,32.4,31.41
2017-11-14,32.3,32.98,32.99,31.86
2017-11-15,32.94,32.2,32.94,31.87
2017-11-16,32.03,31.28,32.59,31.25
2017-11-17,30.9,28.45,31.18,28.15
2017-11-20,29.11,29.55,30.87,29.1
2017-11-21,30.22,28.49,30.25,27.62
2017-11-22,28.55,28.05,28.67,27.82
2017-11-23,27.98,26.7,27.99,26.67
2017-11-24,26.48,26.6,26.98,26.39
2017-11-27,26.6,26.75,27.16,26.5
2017-11-28,26.74,27.49,27.68,26.69
2017-11-29,27.4,27.73,27.77,26.95
2017-11-30,27.85,27.92,28.0,27.65
2017-12-01,27.9,28.62,28.83,27.75
2017-12-04,28.5,28.11,28.8,27.65
2017-12-05,28.0,26.31,28.58,26.0
2017-12-06,26.23,27.07,27.1,26.23
2017-12-07,26.83,26.9,27.27,26.83
2017-12-08,26.72,27.3,27.69,26.72
2017-12-11,27.3,27.26,27.59,27.18
2017-12-12,27.08,26.04,27.26,26.0
2017-12-13,25.88,26.04,26.26,25.78
2017-12-14,26.04,26.2,26.36,25.81
2017-12-15,25.99,26.1,26.4,25.99
2017-12-18,26.05,25.68,26.18,25.26
2017-12-19,25.67,25.82,25.91,25.52
2017-12-20,25.82,25.86,26.11,25.6
2017-12-21,25.6,26.36,28.43,25.6
2017-12-22,26.3,25.9,26.35,25.72
2017-12-25,25.89,25.0,25.89,24.84
2017-12-26,24.93,25.51,25.64,24.91
2017-12-27,25.5,25.78,26.4,25.2
2017-12-28,25.51,26.1,26.39,25.36
2017-12-29,26.2,26.18,26.29,25.94
2018-01-02,26.18,26.23,26.3,25.95
2018-01-03,26.2,26.22,26.56,26.05
2018-01-04,26.14,25.77,26.25,25.71
2018-01-05,25.77,25.98,25.98,25.7
2018-01-08,25.98,25.65,26.12,25.21
2018-01-09,25.65,25.52,25.78,25.35
2018-01-10,25.61,25.2,25.65,24.91
2018-01-11,25.18,25.5,25.57,25.0
2018-01-12,25.53,25.27,25.59,25.12
2018-01-15,25.0,24.31,25.2,24.13
2018-01-16,24.31,24.59,24.88,24.26
2018-01-17,24.59,24.93,24.96,24.27
2018-01-18,24.87,24.92,25.38,24.85
2018-01-19,25.05,24.81,25.43,24.73
2018-01-22,24.8,24.77,24.8,24.01
2018-01-23,24.52,24.77,24.9,24.52
2018-01-24,24.75,25.09,25.3,24.56
2018-01-25,25.07,24.86,25.48,24.85
2018-01-26,24.81,24.55,25.05,24.48
2018-01-29,24.5,24.16,24.67,24.01
2018-01-30,24.0,24.4,24.63,23.7
2018-01-31,24.26,23.69,24.36,23.51
2018-02-01,23.69,22.3,23.75,22.3
2018-02-02,21.88,21.78,22.29,20.39
2018-02-05,21.47,21.45,21.76,21.07
2018-02-06,21.01,20.01,21.25,20.0
2018-02-07,20.72,20.23,20.85,19.64
2018-02-08,20.12,20.51,20.67,20.1
2018-02-09,20.1,19.77,20.27,19.11
2018-02-12,19.97,20.37,20.48,19.86
2018-02-13,20.55,20.29,20.59,20.26
2018-02-14,20.29,20.2,20.48,19.82
2018-02-22,20.33,20.43,20.66,20.32
2018-02-23,20.43,20.53,20.6,20.35
2018-02-26,20.79,21.55,21.87,20.6
2018-02-27,21.35,21.49,21.82,21.21
2018-02-28,21.36,21.3,21.49,21.01
2018-03-01,21.18,21.93,22.17,21.1
2018-03-02,21.74,21.64,21.92,21.6
2018-03-05,23.79,22.1,23.79,21.96
2018-03-06,22.04,22.33,22.79,22.04
2018-03-07,22.27,22.24,22.54,22.08
2018-03-08,22.16,22.93,22.99,22.16
2018-03-09,22.65,23.48,23.52,22.65
2018-03-12,23.52,23.99,24.08,23.23
2018-03-13,23.81,23.35,23.83,23.31
2018-03-14,23.3,23.05,23.62,23.03
2018-03-15,22.88,22.76,23.98,21.93
2018-03-16,22.6,22.4,22.89,22.4
2018-03-19,21.71,21.93,22.22,21.6
2018-03-20,21.92,22.33,22.4,21.72
2018-03-21,22.38,24.2,24.56,22.18
2018-03-22,24.11,23.2,24.11,23.0
2018-03-23,22.31,20.88,22.65,20.88
2018-03-26,20.3,21.23,21.38,20.06
2018-03-27,21.57,21.99,22.22,21.34
2018-03-28,21.73,22.17,22.42,21.55
2018-03-29,22.09,22.8,22.8,22.09
2018-03-30,22.78,23.44,23.59,22.78
2018-04-02,23.45,23.32,23.99,23.13
2018-04-03,22.93,23.65,23.76,22.65
2018-04-04,23.76,24.01,24.79,23.56
2018-04-09,23.88,23.84,24.19,23.12
2018-04-10,23.83,24.5,25.47,22.85
2018-04-11,24.31,24.39,24.58,24.15
2018-04-12,24.44,24.69,25.39,24.2
2018-04-13,24.81,24.64,25.11,24.32
2018-04-16,24.5,23.78,24.65,23.51
2018-04-17,23.85,22.92,24.15,22.78
2018-04-18,23.3,23.23,23.5,22.13
2018-04-19,23.24,23.47,23.67,23.02
2018-04-20,22.94,21.9,22.97,21.9
2018-04-23,21.9,21.62,22.33,21.21
2018-04-24,21.78,22.73,22.88,21.65
2018-04-25,22.36,23.35,23.38,22.36
2018-04-26,23.35,22.38,23.35,22.38
2018-04-27,22.51,22.48,22.9,22.2
2018-05-02,22.48,22.0,22.87,21.65
2018-05-03,22.0,22.7,22.78,21.51
2018-05-04,22.79,22.64,22.89,22.45
2018-05-07,22.63,23.47,23.5,22.53
2018-05-08,23.55,23.75,23.98,23.4
2018-05-09,23.52,24.17,24.41,23.52
2018-05-10,24.17,24.04,24.25,23.78
2018-05-11,24.06,23.57,24.24,23.4
2018-05-14,23.97,23.45,23.99,23.25
2018-05-15,23.41,24.2,24.2,23.41
2018-05-16,24.17,24.29,24.93,24.06
2018-05-17,24.26,24.73,25.1,24.26
2018-05-18,24.74,24.39,24.74,24.03
2018-05-21,24.43,24.51,24.99,24.43
2018-05-22,24.55,25.03,25.25,24.39
2018-05-23,24.94,24.55,25.66,24.4
2018-05-24,24.4,25.6,26.75,24.4
2018-05-25,25.6,25.34,25.95,24.88
