date,open,close,high,low
2017-07-05,10.58,11.68,11.68,10.58
2017-07-06,12.85,12.85,12.85,12.85
2017-07-07,14.14,14.14,14.14,14.14
2017-07-10,15.55,15.55,15.55,15.55
2017-07-11,17.11,17.11,17.11,17.11
2017-07-12,18.82,18.82,18.82,18.82
2017-07-13,20.7,20.7,20.7,20.7
2017-07-14,22.77,22.77,22.77,22.77
2017-07-17,25.05,25.05,25.05,25.05
2017-07-18,26.0,27.56,27.56,25.81
2017-07-19,25.05,25.76,26.13,24.8
2017-07-20,25.28,26.24,27.86,25.02
2017-07-21,24.68,24.01,24.99,23.78
2017-07-24,23.11,24.29,24.69,22.85
2017-07-25,23.88,24.02,24.72,23.68
2017-07-26,23.95,25.42,25.75,23.67
2017-07-27,25.02,27.96,27.96,25.0
2017-07-28,29.0,28.4,29.96,27.96
2017-07-31,27.88,27.6,28.36,26.9
2017-08-01,27.59,26.25,28.28,25.06
2017-08-02,26.28,25.75,26.3,25.23
2017-08-03,25.69,26.17,27.48,25.41
2017-08-04,26.21,24.72,26.39,24.71
2017-08-07,24.87,24.66,25.49,24.53
2017-08-08,24.44,25.43,25.63,23.68
2017-08-09,25.1,24.49,25.4,24.16
2017-08-10,24.21,23.57,24.4,23.48
2017-08-11,23.12,23.17,23.96,23.04
2017-08-14,23.08,23.82,24.24,23.05
2017-08-15,23.82,24.85,24.97,23.82
2017-08-16,24.99,25.46,26.38,24.53
2017-08-17,25.34,25.38,25.8,24.7
2017-08-18,24.84,24.99,25.43,24.69
2017-08-21,25.0,27.49,27.49,25.0
2017-08-22,28.3,28.43,29.46,27.51
2017-08-23,28.04,31.27,31.27,27.22
2017-08-24,32.0,29.85,33.68,29.6
2017-08-25,29.11,31.38,32.5,29.11
2017-08-28,31.11,32.89,33.48,30.18
2017-08-29,32.25,30.5,33.8,30.33
2017-08-30,29.58,28.98,30.7,28.25
2017-08-31,29.4,30.99,31.11,29.21
2017-09-01,31.0,31.36,31.94,30.09
2017-09-04,30.61,31.8,33.33,29.77
2017-09-05,31.57,34.98,34.98,30.8
2017-09-06,35.5,37.28,37.52,34.38
2017-09-07,35.65,34.71,36.6,34.5
2017-09-08,34.4,34.18,34.59,33.3
2017-09-11,34.37,35.57,35.68,33.61
2017-09-12,35.1,35.02,36.28,33.68
2017-09-13,34.06,34.35,34.94,34.02
2017-09-14,34.25,33.6,35.3,33.5
2017-09-15,33.29,33.05,34.16,32.65
2017-09-18,32.88,34.69,34.69,32.6
2017-09-19,35.0,34.92,36.5,34.41
2017-09-20,34.08,37.48,38.41,32.65
2017-09-21,37.67,38.2,39.32,36.6
2017-09-22,37.09,38.95,40.55,36.02
2017-09-25,38.0,37.13,40.25,37.06
2017-09-26,36.79,34.52,37.06,33.42
2017-09-27,34.35,35.6,36.47,34.12
2017-09-28,35.55,38.06,39.1,35.2
2017-09-29,38.3,38.07,38.51,36.8
2017-10-09,38.9,38.02,39.45,37.5
2017-10-10,37.67,39.3,39.36,37.6
2017-10-11,38.96,37.6,40.5,37.6
2017-10-12,36.55,37.5,38.54,36.3
2017-10-13,37.85,37.19,37.85,36.69
2017-10-16,37.0,34.72,37.45,34.72
2017-10-17,34.88,34.85,35.39,34.61
2017-10-18,35.03,34.92,36.66,34.31
2017-10-19,34.58,33.98,35.0,33.38
2017-10-20,33.87,34.85,34.85,33.53
2017-10-23,34.85,35.3,35.68,34.82
2017-10-24,35.0,34.3,35.2,33.75
2017-10-25,34.2,34.8,34.88,34.02
2017-10-26,34.7,35.62,36.27,34.61
2017-10-27,35.35,37.95,38.6,35.31
2017-10-30,37.41,37.97,39.0,36.1
2017-10-31,37.8,39.18,39.2,36.2
2017-11-01,38.76,40.22,41.91,38.51
2017-11-02,39.4,38.28,40.9,38.28
2017-11-03,38.09,39.0,39.9,37.99
2017-11-06,39.88,39.51,41.33,38.91
2017-11-07,39.19,42.41,42.78,38.28
2017-11-08,41.62,41.18,42.49,41.0
2017-11-09,40.74,42.7,42.98,40.63
2017-11-10,42.12,42.71,45.34,42.01
2017-11-13,42.71,45.7,45.7,42.17
2017-11-14,45.25,46.6,49.57,45.02
2017-11-15,45.45,44.69,46.48,43.06
2017-11-16,44.12,45.96,46.68,43.22
2017-11-17,45.2,44.67,48.25,43.67
2017-11-20,42.66,47.68,48.41,40.5
2017-11-21,47.9,49.22,49.85,47.03
2017-11-22,48.72,48.9,50.88,46.5
2017-11-23,48.48,45.0,48.48,45.0
2017-11-24,44.59,42.33,46.84,42.3
2017-11-27,42.42,41.43,43.41,40.6
2017-11-28,41.28,43.67,43.78,40.56
2017-11-29,43.15,40.3,43.73,39.31
2017-11-30,39.59,40.47,41.65,39.5
2017-12-01,40.18,41.54,41.99,39.61
2017-12-04,40.99,37.72,41.3,37.59
2017-12-05,37.59,37.21,39.1,35.81
2017-12-06,36.9,38.59,38.9,36.89
2017-12-07,38.13,38.67,39.22,37.66
2017-12-08,38.5,40.85,42.54,38.2
2017-12-11,39.99,41.1,41.33,39.82
2017-12-12,40.6,40.63,41.85,40.31
2017-12-13,40.7,41.32,41.36,40.6
2017-12-14,41.32,42.98,43.76,41.09
2017-12-15,42.8,41.66,43.2,41.0
2017-12-18,41.27,39.05,41.5,38.6
2017-12-19,39.13,39.61,40.67,39.13
2017-12-20,39.43,39.1,40.0,38.5
2017-12-21,38.7,39.9,40.27,38.7
2017-12-22,39.7,39.45,40.28,38.78
2017-12-25,38.95,38.15,39.4,37.58
2017-12-26,38.48,40.43,41.28,37.68
2017-12-27,40.45,40.04,40.99,39.75
2017-12-28,39.59,39.77,41.19,39.59
2017-12-29,40.5,40.4,40.97,39.8
2018-01-02,40.0,40.39,40.6,37.68
2018-01-03,40.35,39.9,40.5,39.41
2018-01-04,39.55,40.19,41.0,39.54
2018-01-05,40.21,38.6,40.44,38.6
2018-01-08,38.67,38.84,39.39,37.86
2018-01-09,38.98,38.2,39.3,38.13
2018-01-10,38.0,36.95,38.85,36.75
2018-01-11,37.02,37.58,38.1,36.0
2018-01-12,37.4,36.28,37.69,36.06
2018-01-15,36.16,33.73,36.4,33.1
2018-01-16,33.6,33.93,34.46,33.6
2018-01-17,33.75,34.83,35.28,33.2
2018-01-18,34.42,34.85,35.23,34.42
2018-01-19,34.88,34.36,35.35,34.31
2018-01-22,34.45,34.66,35.16,33.15
2018-01-23,34.85,34.16,34.85,33.98
2018-01-24,34.16,35.0,35.39,33.73
2018-01-25,34.9,34.48,35.5,34.42
2018-01-26,34.15,33.9,34.65,33.74
2018-01-29,34.0,32.68,34.38,32.66
2018-01-30,32.58,32.86,33.29,32.58
2018-01-31,32.5,30.5,32.8,30.37
2018-02-01,30.49,30.35,31.1,29.88
2018-02-02,29.81,29.0,30.15,27.7
2018-02-05,28.28,28.85,29.4,28.28
2018-02-06,28.31,25.97,28.55,25.97
2018-02-07,26.67,26.81,27.7,25.75
2018-02-08,26.9,28.85,29.29,26.17
2018-02-09,27.7,28.62,29.7,27.52
2018-02-12,28.89,29.25,29.7,28.41
2018-02-13,29.21,28.4,29.39,28.15
2018-02-14,28.14,27.85,28.68,27.58
2018-02-22,28.14,28.99,29.57,28.14
2018-02-23,28.9,29.16,29.42,28.7
2018-02-26,29.99,32.08,32.08,29.51
2018-02-27,34.0,33.79,35.0,33.38
2018-02-28,33.75,33.71,34.3,32.81
2018-03-01,33.01,35.63,36.9,33.01
2018-03-02,35.06,34.83,35.55,34.4
2018-03-05,34.8,35.95,36.28,34.8
2018-03-06,35.71,35.86,37.45,35.71
2018-03-07,36.04,36.0,36.98,35.76
2018-03-08,35.89,35.72,36.18,35.51
2018-03-09,35.71,37.05,37.6,35.53
2018-03-12,37.32,38.67,39.99,37.05
2018-03-13,38.64,37.41,38.66,37.36
2018-03-14,36.9,36.86,37.75,36.75
2018-03-15,36.58,37.34,37.75,35.61
2018-03-16,36.92,36.72,37.3,36.57
2018-03-19,36.75,37.63,38.49,36.75
2018-03-20,37.29,38.32,38.36,36.93
2018-03-21,38.4,37.02,38.9,37.0
2018-03-22,36.7,37.0,37.55,36.2
2018-03-23,35.08,34.18,36.89,33.5
2018-03-26,33.44,37.0,37.24,33.44
2018-03-27,37.06,38.08,38.69,37.06
2018-03-28,37.54,39.24,39.48,37.3
2018-03-29,39.58,38.88,41.48,38.69
2018-03-30,38.76,41.22,41.25,38.76
2018-04-02,41.48,42.1,44.4,41.48
2018-04-03,40.6,41.83,42.8,40.49
2018-04-04,42.0,42.51,44.97,41.03
2018-04-09,42.18,41.93,43.48,40.61
2018-04-10,43.43,43.6,45.74,42.5
2018-04-11,43.9,47.96,47.96,43.8
2018-04-12,46.01,44.3,46.4,43.16
2018-04-13,44.88,45.01,45.66,43.44
2018-04-16,45.0,45.9,46.1,44.33
2018-04-17,46.02,42.9,47.07,42.6
2018-04-18,43.9,45.94,47.0,43.03
2018-04-19,45.9,45.65,47.88,45.2
2018-04-20,45.65,46.61,47.49,45.2
2018-04-23,46.8,44.39,46.8,42.81
2018-04-24,44.9,48.83,48.83,43.55
2018-04-25,48.16,48.5,49.2,47.18
2018-04-26,48.05,47.78,50.5,47.74
2018-04-27,48.42,46.26,48.66,44.61
2018-05-02,46.28,45.1,46.63,44.08
2018-05-03,44.61,45.8,46.25,42.85
2018-05-04,45.25,45.0,46.76,44.6
2018-05-07,44.83,45.1,45.68,44.22
2018-05-08,45.05,44.38,45.37,43.88
2018-05-09,44.16,44.65,45.64,44.16
2018-05-10,44.5,43.89,44.53,43.01
2018-05-11,43.82,43.04,44.36,42.85
2018-05-14,42.95,41.89,43.48,41.01
2018-05-15,41.65,43.0,43.02,41.6
2018-05-16,42.75,42.7,43.27,42.2
2018-05-17,42.4,42.17,43.05,41.75
2018-05-18,41.86,41.88,42.45,40.81
2018-05-21,41.96,43.88,44.18,41.96
2018-05-22,43.5,44.38,44.6,43.05
2018-05-23,44.08,44.49,45.45,43.96
2018-05-24,44.4,43.2,44.66,43.17
2018-05-25,43.14,41.63,43.48,41.55
