date,open,close,high,low
2018-02-06,21.64,25.96,25.96,21.64
2018-02-07,28.56,28.56,28.56,28.56
2018-02-08,31.42,31.42,31.42,31.42
2018-02-09,34.56,34.56,34.56,34.56
2018-02-12,38.02,38.02,38.02,38.02
2018-02-13,41.82,41.82,41.82,41.82
2018-02-14,46.0,38.51,46.0,38.23
2018-02-22,39.42,40.45,42.36,36.5
2018-02-23,39.88,44.5,44.5,39.8
2018-02-26,48.95,48.95,48.95,46.1
2018-02-27,51.4,53.85,53.85,50.9
2018-02-28,52.0,52.17,53.68,50.08
2018-03-01,51.3,54.7,57.39,50.56
2018-03-02,50.0,49.23,51.7,49.23
2018-03-05,48.1,50.66,51.56,48.05
2018-03-06,50.0,51.03,53.0,48.7
2018-03-07,49.46,49.98,52.53,48.15
2018-03-08,48.88,51.81,53.56,48.5
2018-03-09,51.0,54.0,56.8,50.5
2018-03-12,54.78,53.51,58.99,53.02
2018-03-13,52.13,50.2,52.5,49.8
2018-03-14,49.44,49.32,51.29,49.07
2018-03-15,48.12,45.1,48.15,44.44
2018-03-16,45.64,45.4,46.49,45.3
2018-03-19,46.05,46.15,46.8,45.61
2018-03-20,45.0,47.4,47.49,44.46
2018-03-21,47.9,45.8,48.86,45.5
2018-03-22,44.74,45.73,46.65,44.74
2018-03-23,42.6,41.16,43.9,41.16
2018-03-26,40.5,42.14,42.57,38.28
2018-03-27,42.3,43.32,45.29,42.3
2018-03-28,41.9,43.68,44.85,41.88
2018-03-29,43.51,46.87,48.05,43.42
2018-03-30,46.55,47.05,47.89,46.31
2018-04-02,46.5,48.2,51.0,46.1
2018-04-03,46.8,47.3,49.86,46.1
2018-04-04,47.38,47.65,49.3,47.2
2018-04-09,50.04,49.83,52.42,48.86
2018-04-10,48.53,54.81,54.81,47.8
2018-04-11,52.16,52.75,54.74,51.5
2018-04-12,51.66,49.3,52.4,48.7
2018-04-13,49.4,49.48,50.48,48.68
2018-04-16,48.66,46.03,49.47,44.7
2018-04-17,46.26,44.01,46.88,43.81
2018-04-18,44.5,45.17,45.2,42.5
2018-04-19,45.14,44.2,45.92,44.11
2018-04-20,43.11,41.5,43.99,41.2
2018-04-23,41.73,42.77,42.85,41.5
2018-04-24,42.76,45.73,47.0,42.76
2018-04-25,45.06,45.8,46.45,44.31
2018-04-26,45.33,42.76,45.99,42.7
2018-04-27,43.19,43.48,44.2,42.7
2018-05-02,43.27,41.91,44.35,41.03
2018-05-03,42.1,43.45,43.65,41.5
2018-05-04,43.0,42.3,43.6,42.0
2018-05-07,42.55,44.02,44.83,42.55
2018-05-08,44.34,44.04,44.34,43.4
2018-05-09,43.81,45.36,45.47,43.65
2018-05-10,45.88,45.34,46.2,44.61
2018-05-11,45.04,43.33,45.82,43.08
2018-05-14,42.82,42.9,44.0,42.15
2018-05-15,43.01,44.84,45.1,43.01
2018-05-16,44.6,44.59,46.08,44.21
2018-05-17,43.79,49.05,49.05,42.7
2018-05-18,53.96,53.96,53.96,53.96
2018-05-21,59.36,59.36,59.36,59.36
2018-05-22,64.9,65.3,65.3,62.65
2018-05-23,71.83,71.83,71.83,67.28
