date,open,close,high,low
2017-02-15,12.848,15.415,15.415,12.848
2017-02-16,16.954,16.954,16.954,16.954
2017-02-17,18.652,18.652,18.652,18.652
2017-02-20,20.516,20.516,20.516,20.516
2017-02-21,22.566,22.566,22.566,22.566
2017-02-22,24.821,24.821,24.821,24.821
2017-02-23,27.301,27.301,27.301,27.301
2017-02-24,30.034,30.034,30.034,30.034
2017-02-27,33.039,33.039,33.039,33.039
2017-02-28,36.342,36.342,36.342,36.342
2017-03-01,39.977,39.977,39.977,39.977
2017-03-02,43.977,43.977,43.977,43.977
2017-03-03,45.091,48.375,48.375,44.308
2017-03-06,49.084,49.714,52.46,47.101
2017-03-07,52.334,54.689,54.689,52.334
2017-03-08,57.422,57.409,60.161,55.558
2017-03-09,56.712,56.513,58.888,55.399
2017-03-10,56.4,56.248,57.243,54.537
2017-03-13,56.182,58.317,60.347,55.054
2017-03-14,57.442,55.054,58.105,55.054
2017-03-15,54.556,55.478,55.817,53.741
2017-03-16,54.988,57.641,59.399,54.988
2017-03-17,57.521,60.46,63.405,57.05
2017-03-20,59.153,59.83,63.0,58.835
2017-03-21,60.36,65.335,65.799,59.896
2017-03-22,64.261,66.536,68.108,64.075
2017-03-23,65.733,63.644,65.965,61.163
2017-03-24,63.683,66.98,67.657,62.934
2017-03-27,67.411,64.174,68.705,63.677
2017-03-28,65.003,61.024,65.388,60.042
2017-03-29,59.75,62.218,62.748,59.75
2017-03-30,63.219,59.611,63.279,56.44
2017-03-31,59.346,61.282,62.019,56.878
2017-04-05,59.127,63.319,63.412,59.127
2017-04-06,63.418,66.536,68.207,62.795
2017-04-07,66.051,65.335,69.116,64.738
2017-04-10,64.871,66.33,67.325,63.81
2017-12-18,59.7,59.7,59.7,59.7
2017-12-19,53.73,53.73,53.73,53.73
2017-12-20,48.36,48.36,48.36,48.36
2017-12-21,43.52,43.52,43.52,43.52
2017-12-22,39.17,39.18,42.5,39.17
2017-12-25,37.11,35.26,37.74,35.26
2017-12-26,34.34,36.8,37.65,34.3
2017-12-27,37.99,38.76,40.48,37.0
2017-12-28,36.97,36.6,38.77,36.11
2017-12-29,37.0,35.74,37.68,35.07
2018-01-02,35.53,37.34,37.49,35.52
2018-01-03,37.32,35.89,37.55,35.52
2018-01-04,35.53,35.21,35.72,34.52
2018-01-05,35.0,35.15,35.89,34.97
2018-01-08,35.14,34.41,35.3,33.39
2018-01-09,34.18,34.4,34.93,34.02
2018-01-10,34.11,31.82,34.3,31.65
2018-01-11,31.62,35.0,35.0,31.22
2018-01-12,35.7,38.5,38.5,35.45
2018-01-15,38.59,42.35,42.35,37.55
2018-01-16,44.5,46.59,46.59,39.81
2018-01-17,41.93,41.95,44.48,41.93
2018-01-18,42.91,46.15,46.15,42.85
2018-01-19,48.0,45.89,50.77,45.87
2018-01-22,43.07,42.96,45.2,41.3
2018-01-23,43.09,41.51,44.44,41.0
2018-01-24,40.01,42.14,43.55,39.39
2018-01-25,40.59,44.8,46.35,40.11
2018-01-26,44.25,49.28,49.28,43.8
2018-01-29,50.26,47.11,54.0,45.63
2018-01-30,47.0,44.9,47.39,44.33
2018-01-31,44.61,48.06,48.5,44.45
2018-02-01,47.0,43.25,47.0,43.25
2018-02-02,42.57,44.9,47.38,39.51
2018-02-05,43.34,43.9,46.63,43.01
2018-02-06,39.61,39.51,42.76,39.51
2018-02-07,40.92,36.81,41.4,35.63
2018-02-08,36.02,38.29,39.93,36.0
2018-02-09,36.81,36.11,39.34,36.11
2018-02-12,36.5,37.06,37.89,36.0
2018-02-13,37.01,33.52,37.5,33.35
2018-02-14,33.1,31.37,33.56,31.1
2018-02-22,32.16,33.15,34.26,32.16
2018-02-23,33.66,36.47,36.47,33.66
2018-02-26,38.1,38.79,39.2,37.2
2018-02-27,38.11,39.49,41.0,37.52
2018-02-28,38.08,38.37,39.86,37.9
2018-03-01,37.0,39.15,39.98,36.7
2018-03-02,38.38,36.24,38.98,35.5
2018-03-05,36.5,39.86,39.86,36.45
2018-03-06,42.66,43.85,43.85,41.71
2018-03-07,46.05,48.24,48.24,45.23
2018-03-08,50.94,53.06,53.06,49.96
2018-03-09,55.0,53.6,57.0,53.12
2018-03-12,53.11,53.57,54.5,52.5
2018-03-13,53.74,52.8,56.3,52.77
2018-03-14,50.21,51.5,52.66,49.0
2018-03-15,50.61,49.82,53.4,47.79
2018-03-16,50.4,52.24,54.3,49.51
2018-03-19,53.48,57.46,57.46,52.51
2018-03-20,58.97,52.75,58.97,52.5
2018-03-21,53.57,50.49,55.18,50.36
2018-03-22,50.3,49.9,51.7,49.12
2018-03-23,46.97,44.91,48.5,44.91
2018-03-26,43.79,47.47,47.87,43.79
2018-03-27,48.0,50.68,52.22,48.0
2018-03-28,49.0,49.18,50.9,47.6
2018-03-29,49.33,47.92,49.97,47.5
2018-03-30,49.49,49.8,51.66,49.49
2018-04-02,49.55,49.86,51.51,49.31
2018-04-03,49.6,51.57,51.59,46.4
2018-04-04,52.5,49.26,52.5,48.71
2018-04-09,48.38,50.96,51.72,48.01
2018-04-10,48.96,52.92,55.8,48.7
2018-04-11,53.0,53.4,54.99,51.5
2018-04-12,52.02,50.3,53.88,49.3
2018-04-13,51.3,49.0,52.46,49.0
2018-04-16,47.85,47.11,48.42,46.23
2018-04-17,47.5,44.47,47.65,43.1
2018-04-18,45.51,45.1,45.65,42.24
2018-04-19,44.45,43.62,45.49,43.25
2018-04-20,44.9,47.98,47.98,44.86
2018-04-23,48.66,48.31,50.5,48.0
2018-04-24,45.62,48.78,49.7,45.62
2018-04-25,48.0,47.39,48.78,47.2
2018-04-26,46.72,43.87,47.4,43.13
2018-04-27,43.8,43.42,44.77,42.5
2018-05-02,43.06,43.7,44.28,42.88
2018-05-03,43.36,44.57,44.6,42.3
2018-05-04,44.9,45.33,47.45,44.28
2018-05-07,44.51,45.63,46.1,44.3
2018-05-08,45.16,46.6,47.88,44.91
2018-05-09,46.05,46.19,46.57,45.38
2018-05-10,47.2,46.69,49.18,46.67
2018-05-11,46.41,48.3,50.68,46.4
2018-05-14,46.8,45.53,47.25,44.81
2018-05-15,45.63,45.36,45.96,44.2
2018-05-16,45.0,45.01,45.78,44.7
2018-05-17,44.9,45.31,45.5,44.6
2018-05-18,45.29,44.32,45.43,43.43
2018-05-21,44.45,45.93,46.4,44.45
2018-05-22,45.5,47.98,49.0,45.4
2018-05-23,47.14,47.15,47.78,46.65
2018-05-24,48.95,47.2,49.88,47.17
2018-05-25,47.02,46.19,47.85,45.75
