date,open,close,high,low
2017-09-12,12.531,15.039,15.039,12.531
2017-09-13,16.542,16.542,16.542,16.542
2017-09-14,18.194,18.194,18.194,18.194
2017-09-15,20.016,20.016,20.016,20.016
2017-09-18,22.016,22.016,22.016,22.016
2017-09-19,24.216,24.216,24.216,24.216
2017-09-20,26.634,26.634,26.634,26.634
2017-09-21,29.302,29.302,29.302,29.302
2017-09-22,32.228,32.228,32.228,32.228
2017-09-25,35.453,35.453,35.453,35.453
2017-09-26,38.996,38.996,38.996,38.996
2017-09-27,42.897,42.897,42.897,42.897
2017-09-28,47.187,47.187,47.187,47.187
2017-09-29,51.905,51.905,51.905,51.905
2017-10-09,57.1,57.1,57.1,57.1
2017-10-10,62.813,62.813,62.813,62.813
2017-10-25,68.676,69.094,69.094,66.347
2017-10-26,69.671,70.368,72.906,68.118
2017-10-27,71.662,70.218,75.414,68.367
2017-10-30,68.059,69.313,72.657,67.68
2017-10-31,68.726,73.155,75.026,67.73
2017-11-01,72.657,75.643,78.569,71.711
2017-11-02,75.245,72.956,78.191,72.886
2017-11-03,73.443,76.34,77.076,72.707
2017-11-06,77.922,77.623,80.699,76.35
2017-11-07,76.837,83.406,85.387,76.658
2017-11-08,82.62,85.546,91.369,82.222
2017-11-09,84.78,91.568,91.737,84.72
2017-11-10,91.568,91.588,91.996,87.786
2017-11-13,91.667,92.483,95.688,90.174
2017-11-14,92.453,98.913,100.505,92.444
2017-11-15,98.415,89.02,98.435,89.02
2017-11-16,86.591,84.133,88.004,81.943
2017-11-17,83.605,80.42,85.705,78.639
2017-11-20,80.808,85.287,85.924,79.634
2017-11-21,84.601,78.221,85.277,76.758
2017-11-22,76.638,80.808,81.117,75.155
2017-11-23,78.688,73.712,80.5,73.503
2017-11-24,73.652,68.367,75.404,67.86
2017-11-27,69.034,65.69,70.149,64.834
2017-11-28,65.68,66.805,67.67,64.705
2017-11-29,66.586,68.467,68.467,63.699
2017-11-30,67.561,67.68,70.328,67.123
2017-12-01,67.561,67.899,69.074,66.197
2017-12-04,66.237,61.111,66.237,61.111
2017-12-05,60.066,58.026,60.405,57.449
2017-12-06,57.827,60.365,60.703,57.827
2017-12-07,60.295,60.435,61.967,58.743
2017-12-08,60.275,63.868,66.476,59.997
2017-12-11,63.351,63.63,63.978,62.346
2017-12-12,63.53,63.202,64.675,61.709
2017-12-13,61.758,62.704,63.649,61.529
2017-12-14,62.604,63.699,64.376,62.405
2017-12-15,63.003,59.161,63.699,58.305
2017-12-18,59.718,59.688,61.549,58.782
2017-12-19,60.594,60.265,61.589,59.599
2017-12-20,60.226,60.017,61.808,59.25
2017-12-21,59.718,61.231,62.256,57.329
2017-12-22,60.614,63.55,64.914,60.614
2017-12-25,62.306,64.495,64.495,61.311
2017-12-26,64.296,67.581,69.372,63.699
2017-12-27,66.884,66.098,68.337,65.919
2017-12-28,65.869,66.665,68.656,65.71
2017-12-29,65.969,64.595,66.675,63.998
2018-01-02,66.088,66.795,69.173,66.088
2018-01-03,66.765,67.989,69.024,66.187
2018-01-04,67.173,67.372,67.72,66.387
2018-01-05,67.561,68.069,69.661,67.282
2018-01-08,70.627,68.128,71.353,66.785
2018-01-09,66.984,66.556,68.079,65.69
2018-01-10,66.088,62.594,66.377,61.062
2018-01-11,62.007,63.241,64.695,61.211
2018-01-12,62.813,62.754,64.545,61.709
2018-01-15,61.729,58.922,62.585,58.424
2018-01-16,59.718,59.718,61.45,59.111
2018-01-17,60.166,64.864,64.953,58.922
2018-01-18,64.695,67.86,69.273,63.799
2018-01-19,67.153,71.502,74.648,66.098
2018-01-22,70.726,73.652,73.901,68.676
2018-01-23,71.861,73.652,75.643,71.582
2018-01-24,73.155,72.358,74.628,71.861
2018-01-25,72.0,74.528,74.528,71.473
2018-01-26,74.2,75.434,76.489,73.463
2018-01-29,74.16,71.463,74.568,70.676
2018-01-30,66.685,64.316,66.685,64.316
2018-01-31,62.007,63.102,65.461,61.211
2018-02-01,63.58,64.048,66.197,63.401
2018-02-02,62.057,64.177,65.988,59.688
2018-02-05,62.704,57.757,65.292,57.757
2018-02-06,52.751,51.985,54.642,51.985
2018-02-07,53.746,51.756,54.542,47.774
2018-02-08,50.76,52.194,53.249,50.322
2018-02-09,49.168,49.755,51.288,48.77
2018-02-12,51.238,54.542,54.542,50.76
2018-02-13,54.314,56.006,58.723,54.314
2018-02-14,56.085,58.822,59.3,56.085
2018-02-22,59.718,59.041,59.927,57.309
2018-02-23,58.703,59.34,59.867,58.315
2018-02-26,60.315,62.555,62.555,59.33
2018-02-27,62.505,61.311,63.261,57.956
2018-02-28,56.732,57.837,59.589,55.528
2018-03-01,57.648,58.325,59.22,57.648
2018-03-02,57.847,57.508,60.534,57.329
2018-03-05,57.648,59.469,59.937,57.409
2018-03-06,59.917,63.212,65.421,59.768
2018-03-07,62.395,63.978,64.048,61.748
2018-03-08,63.829,64.705,66.984,63.6
2018-03-09,65.521,67.083,67.183,64.048
2018-03-12,69.024,66.635,69.472,66.098
2018-03-13,65.74,63.918,66.138,63.699
2018-03-14,64.077,63.918,65.769,63.749
2018-03-15,62.704,62.216,62.983,59.519
2018-03-16,62.157,63.998,64.943,61.51
2018-03-19,63.62,64.993,65.252,63.62
2018-03-20,63.719,64.356,64.645,62.754
2018-03-21,65.839,64.635,69.114,64.336
2018-03-22,64.695,66.187,67.87,64.207
2018-03-23,63.431,66.347,69.173,63.202
2018-03-26,66.695,71.134,71.761,66.695
2018-03-27,70.268,72.01,72.766,68.576
2018-03-28,70.149,68.148,71.015,68.059
2018-03-29,69.273,69.233,70.965,67.939
2018-03-30,69.761,70.567,71.552,68.984
2018-04-02,70.567,69.114,72.358,68.556
2018-04-03,67.69,68.606,68.964,65.7
2018-04-04,69.173,68.805,70.557,68.706
2018-04-09,67.68,71.841,71.96,66.685
2018-04-10,71.841,75.922,78.509,70.248
2018-04-11,74.648,74.07,75.912,73.364
2018-04-12,74.15,74.458,77.424,73.155
2018-04-13,74.15,71.363,74.16,71.333
2018-04-16,70.278,71.801,72.129,69.751
2018-04-17,72.159,65.202,72.269,65.073
2018-04-18,66.018,67.352,67.73,63.898
2018-04-19,67.591,65.899,67.979,65.859
2018-04-20,65.978,60.315,65.978,59.778
2018-04-23,60.703,61.739,62.405,59.947
2018-04-24,60.713,63.182,63.251,60.126
2018-04-25,62.604,63.003,63.998,62.226
2018-04-26,62.704,60.484,63.192,60.116
2018-04-27,60.713,61.052,61.48,59.828
2018-05-02,61.311,63.102,63.789,61.311
2018-05-03,63.003,63.799,63.849,61.211
2018-05-04,63.381,62.833,64.217,62.664
2018-05-07,63.182,64.525,64.844,62.803
2018-05-08,64.545,64.267,64.545,63.749
2018-05-09,64.316,64.147,65.441,63.6
2018-05-10,64.4,62.52,64.89,61.98
2018-05-11,63.0,61.98,63.1,61.92
2018-05-14,62.0,61.61,62.77,61.31
2018-05-15,61.84,63.05,63.1,61.44
2018-05-16,62.8,61.84,62.88,61.81
2018-05-17,61.72,62.44,62.59,61.72
2018-05-18,62.49,61.35,62.49,60.01
2018-05-21,61.02,58.82,61.02,56.01
2018-05-22,57.41,58.49,58.57,57.17
2018-05-23,58.48,58.76,59.08,57.8
2018-05-24,58.01,57.78,58.59,57.3
2018-05-25,57.91,57.47,58.44,57.3
