date,open,close,high,low
2017-09-19,26.18,28.56,28.56,26.18
2017-09-20,31.42,31.42,31.42,31.42
2017-09-21,34.56,34.56,34.56,34.56
2017-09-22,38.02,38.02,38.02,38.02
2017-09-25,41.82,41.82,41.82,41.82
2017-09-26,46.0,46.0,46.0,46.0
2017-09-27,50.6,50.6,50.6,50.6
2017-09-28,55.66,55.66,55.66,55.66
2017-09-29,61.23,52.91,61.23,52.03
2017-10-09,52.81,49.04,54.44,48.75
2017-10-10,48.14,49.4,50.08,47.98
2017-10-11,49.02,47.71,49.88,47.1
2017-10-12,47.36,45.87,47.36,45.21
2017-10-13,45.6,46.0,47.05,45.56
2017-10-16,44.8,44.86,45.35,43.1
2017-10-17,44.05,46.53,47.64,44.03
2017-10-18,45.5,44.39,46.45,44.37
2017-10-19,44.51,44.83,45.95,44.0
2017-10-20,44.45,44.32,44.48,43.53
2017-10-23,44.36,44.72,44.83,44.0
2017-10-24,44.6,42.86,44.6,42.5
2017-10-25,42.86,43.21,43.46,42.75
2017-10-26,42.95,42.88,43.3,42.47
2017-10-27,42.98,42.61,43.28,42.58
2017-10-30,42.39,39.8,42.39,39.51
2017-10-31,39.8,40.24,40.39,39.8
2017-11-01,40.47,40.95,41.69,40.25
2017-11-02,40.99,41.25,41.47,40.22
2017-11-03,41.15,40.56,41.39,40.5
2017-11-06,41.0,41.43,41.46,40.7
2017-11-07,41.3,41.34,41.57,40.9
2017-11-08,41.46,42.72,43.44,41.39
2017-11-09,42.03,42.52,42.69,42.0
2017-11-10,42.75,43.06,44.46,42.75
2017-11-13,42.81,43.37,43.65,42.41
2017-11-14,43.38,41.73,43.48,41.39
2017-11-15,41.41,40.5,41.8,40.47
2017-11-16,40.5,39.88,40.97,39.88
2017-11-17,39.88,37.12,40.01,36.88
2017-11-20,37.12,37.34,37.45,35.89
2017-11-21,37.19,36.52,37.55,36.05
2017-11-22,36.52,36.72,37.36,36.45
2017-11-23,36.72,35.6,37.08,35.52
2017-11-24,35.3,35.23,35.79,35.1
2017-11-27,35.2,33.9,35.26,33.9
2017-11-28,33.94,34.73,34.89,33.93
2017-11-29,34.74,34.21,34.78,33.8
2017-11-30,34.21,34.26,34.79,33.93
2017-12-01,34.03,34.56,34.66,34.03
2017-12-04,34.6,32.81,34.64,32.68
2017-12-05,32.6,30.64,33.18,29.99
2017-12-06,30.61,31.26,31.38,30.25
2017-12-07,31.17,31.51,31.9,30.9
2017-12-08,31.45,32.28,32.6,31.35
2017-12-11,32.25,32.5,32.9,32.07
2017-12-12,32.5,31.35,32.55,31.35
2017-12-13,31.18,32.15,32.32,31.18
2017-12-14,32.19,32.16,32.2,31.6
2017-12-15,32.06,31.54,32.1,31.11
2017-12-18,31.85,31.26,31.85,31.05
2017-12-19,31.27,31.61,31.81,31.27
2017-12-20,31.62,30.99,31.64,30.71
2017-12-21,30.91,30.92,31.19,30.32
2017-12-22,31.09,30.96,31.29,30.85
2017-12-25,30.99,30.98,31.05,30.03
2017-12-26,30.97,32.68,32.98,30.82
2017-12-27,32.68,32.29,32.99,32.24
2017-12-28,32.05,32.67,33.57,32.05
2017-12-29,32.88,32.76,33.5,32.5
2018-01-02,32.5,33.26,33.55,31.47
2018-01-03,33.22,32.91,33.22,32.54
2018-01-04,32.86,32.4,33.16,32.23
2018-01-05,32.5,32.31,32.68,32.18
2018-01-08,32.33,32.23,32.53,31.5
2018-01-09,32.11,34.11,35.17,32.11
2018-01-10,33.8,33.34,33.94,32.8
2018-01-11,33.4,33.6,34.09,32.7
2018-01-12,33.49,33.29,33.57,32.76
2018-01-15,32.99,32.3,32.99,32.2
2018-01-16,32.24,33.91,33.93,32.03
2018-01-17,33.59,34.33,34.98,33.23
2018-01-18,34.31,34.14,34.58,33.75
2018-01-19,33.75,33.47,34.56,33.42
2018-01-22,33.0,31.9,33.0,31.32
2018-01-23,31.71,31.9,32.24,31.6
2018-01-24,31.95,32.48,32.86,31.9
2018-01-25,32.58,32.03,32.98,32.01
2018-01-26,31.81,31.34,32.14,31.28
2018-01-29,31.37,31.1,31.87,30.82
2018-01-30,31.26,31.45,31.49,31.05
2018-01-31,31.65,29.76,31.65,29.35
2018-02-01,29.76,28.17,30.14,28.08
2018-02-02,28.19,27.86,28.48,27.26
2018-02-05,27.5,27.64,27.86,27.31
2018-02-06,27.35,24.88,27.57,24.88
2018-02-07,26.14,25.34,26.14,24.38
2018-02-08,25.37,25.68,25.96,25.18
2018-02-09,25.19,24.3,25.2,23.83
2018-02-12,24.84,25.04,25.39,24.51
2018-02-13,25.45,24.8,25.45,24.76
2018-02-14,24.88,25.05,25.23,24.73
2018-02-22,25.21,25.52,25.66,25.2
2018-02-23,25.52,25.89,25.9,25.32
2018-02-26,26.25,26.67,26.78,26.06
2018-02-27,26.55,26.74,26.95,26.3
2018-02-28,26.42,26.31,26.51,26.18
2018-03-01,26.36,26.69,26.71,26.06
2018-03-02,26.51,26.22,26.83,26.13
2018-03-05,26.3,26.8,26.89,26.1
2018-03-06,26.9,27.16,27.75,26.58
2018-03-07,27.09,26.97,27.26,26.85
2018-03-08,26.86,27.95,28.05,26.82
2018-03-09,27.98,28.53,28.78,27.76
2018-03-12,28.7,28.56,29.08,28.5
2018-03-13,28.62,28.2,28.86,28.07
2018-03-14,28.1,28.64,30.2,27.83
2018-03-15,28.01,27.12,28.25,26.71
2018-03-16,27.08,27.2,27.55,27.08
2018-03-19,27.25,27.72,28.05,27.18
2018-03-20,27.35,28.64,28.68,27.35
2018-03-21,29.95,28.63,30.1,28.6
2018-03-22,28.3,28.5,28.98,28.28
2018-03-23,27.5,25.65,27.85,25.65
2018-03-26,25.01,26.45,26.9,24.3
2018-03-27,26.45,27.35,27.42,26.45
2018-03-28,27.01,27.4,27.8,26.8
2018-03-29,27.48,28.02,28.08,27.33
2018-03-30,28.1,28.7,28.76,27.83
2018-04-02,28.93,28.57,28.94,28.39
2018-04-03,28.02,29.37,29.96,27.8
2018-04-04,29.19,30.19,30.46,29.0
2018-04-09,29.53,30.59,30.73,29.22
2018-04-10,29.5,28.82,29.5,28.22
2018-04-11,28.62,29.41,29.58,28.62
2018-04-12,29.34,30.0,30.67,29.31
2018-04-13,30.1,29.65,30.38,29.55
2018-04-16,29.5,28.89,29.64,28.54
2018-04-17,29.0,27.21,29.29,27.21
2018-04-18,27.8,28.0,28.15,26.84
2018-04-19,28.0,27.74,28.24,27.67
2018-04-20,28.19,27.85,29.39,27.82
2018-04-23,27.0,27.38,27.5,26.67
2018-04-24,27.38,30.12,30.12,27.38
2018-04-25,30.2,29.6,30.46,29.31
2018-04-26,29.42,28.38,29.71,28.2
2018-04-27,28.6,28.54,29.09,28.31
2018-05-02,28.5,28.02,28.92,27.6
2018-05-03,28.04,28.55,28.69,27.02
2018-05-04,28.56,28.95,29.5,28.45
2018-05-07,29.29,29.74,29.74,28.68
2018-05-08,29.5,29.7,29.98,29.36
2018-05-09,30.45,32.67,32.67,30.45
2018-05-10,34.8,35.94,35.94,34.3
2018-05-11,37.5,32.55,37.96,32.35
2018-05-14,31.2,30.83,31.8,30.2
2018-05-15,30.79,31.22,31.37,30.55
2018-05-16,30.72,30.85,31.82,30.72
2018-05-17,30.6,31.13,31.89,30.51
2018-05-18,31.1,31.38,31.4,30.5
2018-05-21,31.6,32.31,32.4,31.38
2018-05-22,35.3,35.54,35.54,34.2
2018-05-23,36.09,36.1,38.56,35.88
2018-05-24,34.5,35.86,37.25,34.25
2018-05-25,35.87,37.35,39.4,35.87
