date,open,close,high,low
2016-01-04,7.085,6.508,7.225,6.508
2016-01-05,6.13,6.05,6.428,5.861
2016-01-06,6.11,6.249,6.269,6.03
2016-01-07,6.17,5.622,6.17,5.622
2016-01-08,5.772,5.593,5.821,5.185
2016-01-11,5.443,5.035,5.612,5.035
2016-01-12,5.025,5.115,5.135,4.876
2016-01-13,5.135,4.976,5.324,4.916
2016-01-14,4.806,5.165,5.214,4.787
2016-01-15,5.115,4.846,5.204,4.777
2016-01-18,4.727,5.025,5.125,4.727
2016-01-19,5.015,5.244,5.294,4.976
2016-01-20,5.374,5.384,5.523,5.304
2016-01-21,5.224,5.045,5.374,5.005
2016-01-22,5.105,5.095,5.145,4.846
2016-01-25,5.125,5.135,5.195,5.045
2016-01-26,5.065,4.657,5.075,4.617
2016-01-27,4.667,4.528,4.697,4.239
2016-01-28,4.448,4.299,4.578,4.219
2016-01-29,4.279,4.478,4.548,4.229
2016-02-01,4.488,4.339,4.488,4.219
2016-02-02,4.349,4.558,4.597,4.329
2016-02-03,4.578,4.647,4.747,4.478
2016-02-04,4.647,4.687,4.757,4.607
2016-02-05,4.677,4.558,4.697,4.528
2016-02-15,4.418,4.508,4.538,4.339
2016-02-16,4.548,4.787,4.876,4.548
2016-02-17,4.767,4.936,5.035,4.697
2016-02-18,4.936,4.856,4.966,4.816
2016-02-19,4.826,4.886,4.916,4.787
2016-02-22,4.995,5.015,5.045,4.916
2016-02-23,4.995,4.916,5.015,4.836
2016-02-24,4.896,4.966,4.966,4.796
2016-02-25,4.966,4.468,4.966,4.468
2016-02-26,4.508,4.468,4.538,4.359
2016-02-29,4.508,4.369,4.697,4.219
2016-03-01,4.388,4.498,4.667,4.309
2016-03-02,4.478,4.946,4.946,4.458
2016-03-03,5.204,5.204,5.443,5.085
2016-03-04,5.214,5.473,5.722,5.085
2016-03-07,5.443,5.413,5.563,5.274
2016-03-08,5.334,5.204,5.344,4.886
2016-03-09,5.025,5.115,5.274,4.936
2016-03-10,5.075,4.796,5.145,4.667
2016-03-11,4.687,4.727,4.787,4.617
2016-03-14,4.777,4.926,4.995,4.767
2016-03-15,4.866,4.787,4.906,4.707
2016-03-16,4.806,4.657,4.846,4.578
2016-03-17,4.717,4.816,4.866,4.677
2016-03-18,4.896,5.005,5.075,4.866
2016-03-21,5.105,5.234,5.254,5.025
2016-03-22,5.175,5.095,5.204,5.075
2016-03-23,5.075,5.145,5.195,5.055
2016-03-24,5.095,5.105,5.264,5.035
2016-03-25,5.075,5.185,5.214,5.075
2016-03-28,5.244,5.234,5.324,5.155
2016-03-29,5.204,5.543,5.722,5.204
2016-03-30,5.473,5.593,5.642,5.374
2016-03-31,5.622,5.463,5.702,5.433
2016-04-01,5.423,5.354,5.453,5.214
2016-04-05,5.354,5.523,5.533,5.314
2016-04-06,5.493,5.563,5.622,5.453
2016-04-07,5.622,5.921,6.1,5.573
2016-04-08,5.802,5.831,5.921,5.672
2016-04-11,5.891,5.991,6.359,5.821
2016-04-12,5.921,5.722,6.15,5.692
2016-04-13,5.811,5.911,6.04,5.722
2016-04-14,5.931,5.901,6.02,5.792
2016-04-15,5.881,5.891,5.931,5.762
2016-04-18,5.851,5.762,5.851,5.732
2016-04-19,5.792,5.792,5.851,5.752
2016-04-20,5.821,5.354,5.821,5.214
2016-04-21,5.334,5.264,5.403,5.175
2016-04-22,5.204,5.334,5.364,5.145
2016-04-25,5.324,5.224,5.324,5.125
2016-04-26,5.244,5.384,5.433,5.234
2016-04-27,5.423,5.334,5.473,5.324
2016-04-28,5.334,5.374,5.413,5.145
2016-04-29,5.324,5.334,5.384,5.304
2016-05-03,5.264,5.423,5.433,5.224
2016-05-04,5.394,5.403,5.473,5.324
2016-05-05,5.384,5.394,5.394,5.304
2016-05-06,5.384,5.095,5.433,5.075
2016-05-09,5.075,4.806,5.075,4.747
2016-05-10,4.806,4.787,4.886,4.737
2016-05-11,4.826,4.747,4.866,4.677
2016-05-12,4.687,4.707,4.717,4.578
2016-05-13,4.687,4.687,4.767,4.647
2016-05-16,4.687,4.727,4.737,4.607
2016-05-17,4.737,4.707,4.757,4.677
2016-05-18,4.667,4.498,4.667,4.438
2016-05-19,4.518,4.488,4.597,4.478
2016-05-20,4.448,4.597,4.607,4.388
2016-05-23,4.578,4.667,4.727,4.578
2016-05-24,4.637,4.597,4.657,4.548
2016-05-25,4.627,4.558,4.677,4.508
2016-05-26,4.548,4.568,4.607,4.448
2016-05-27,4.558,4.587,4.627,4.518
2016-05-30,4.568,4.587,4.657,4.528
2016-05-31,4.587,4.787,4.816,4.587
2016-06-01,4.787,4.787,4.846,4.747
2016-06-02,4.826,4.876,4.876,4.787
2016-06-03,4.906,4.856,4.906,4.806
2016-06-06,4.886,4.866,4.886,4.816
2016-06-07,4.876,4.826,4.886,4.777
2016-06-08,4.846,4.836,4.876,4.817
2016-06-13,4.787,4.527,4.797,4.497
2016-06-14,4.487,4.547,4.567,4.477
2016-06-15,4.507,4.667,4.697,4.477
2016-06-16,4.637,4.597,4.657,4.557
2016-06-17,4.597,4.637,4.687,4.587
2016-06-20,4.617,4.607,4.637,4.477
2016-06-21,4.627,4.587,4.667,4.537
2016-06-22,4.587,4.637,4.637,4.557
2016-06-23,4.627,4.657,4.667,4.577
2016-06-24,4.667,4.547,4.677,4.438
2016-06-27,4.497,4.617,4.637,4.497
2016-06-28,4.607,4.677,4.677,4.587
2016-06-29,4.687,4.697,4.737,4.677
2016-06-30,4.707,4.826,4.926,4.667
2016-07-01,4.836,4.787,4.856,4.737
2016-07-04,4.747,4.926,4.956,4.737
2016-07-05,4.926,4.896,4.946,4.856
2016-07-06,4.916,4.896,4.956,4.876
2016-07-07,4.896,4.866,4.926,4.817
2016-07-08,4.856,4.896,4.916,4.846
2016-07-11,4.886,4.836,4.916,4.826
2016-07-12,4.826,4.886,4.886,4.767
2016-07-13,4.896,5.006,5.006,4.886
2016-07-14,4.996,4.976,5.016,4.946
2016-07-15,4.956,4.976,5.056,4.956
2016-07-18,4.976,4.886,4.986,4.876
2016-07-19,4.896,4.916,4.916,4.846
2016-07-20,4.916,4.916,4.956,4.866
2016-07-21,4.916,4.926,4.956,4.886
2016-07-22,4.916,4.896,4.976,4.886
2016-07-25,4.896,4.946,4.946,4.886
2016-07-26,4.946,4.996,5.006,4.926
2016-07-27,5.016,4.737,5.016,4.667
2016-07-28,4.707,4.697,4.757,4.667
2016-07-29,4.896,4.846,5.066,4.817
2016-08-01,4.787,4.717,4.817,4.597
2016-08-02,4.727,4.787,4.807,4.707
2016-08-03,4.787,4.866,4.906,4.767
2016-08-04,4.866,5.096,5.176,4.797
2016-08-05,5.056,5.026,5.106,5.006
2016-08-08,5.006,5.086,5.136,4.966
2016-08-09,5.056,5.066,5.096,5.036
2016-08-10,5.086,5.006,5.096,4.996
2016-08-11,4.996,4.946,5.036,4.936
2016-08-12,4.946,5.156,5.176,4.936
2016-08-15,5.116,5.225,5.315,5.116
2016-08-16,5.235,5.215,5.305,5.195
2016-08-17,5.195,5.205,5.235,5.116
2016-08-18,5.215,5.275,5.465,5.195
2016-08-19,5.255,5.245,5.285,5.166
2016-08-22,5.255,5.285,5.385,5.215
2016-08-23,5.245,5.255,5.315,5.195
2016-08-24,5.275,5.215,5.285,5.205
2016-08-25,5.195,5.146,5.195,5.066
2016-08-26,5.166,5.185,5.215,5.146
2016-08-29,5.195,5.275,5.295,5.195
2016-08-30,5.265,5.195,5.275,5.176
2016-08-31,5.185,5.295,5.385,5.176
2016-09-01,5.275,5.176,5.285,5.156
2016-09-02,5.166,5.146,5.225,5.096
2016-09-05,5.156,5.166,5.215,5.136
2016-09-06,5.156,5.275,5.305,5.136
2016-09-07,5.265,5.335,5.415,5.235
2016-09-08,5.315,5.355,5.385,5.245
2016-09-09,5.365,5.335,5.435,5.265
2016-09-12,5.215,5.295,5.435,5.195
2016-09-13,5.345,5.564,5.764,5.315
2016-09-14,5.544,5.784,5.953,5.505
2016-09-19,5.784,6.093,6.133,5.654
2016-09-20,6.033,6.063,6.213,5.943
2016-09-21,6.043,6.053,6.133,5.943
2016-09-22,6.103,6.023,6.163,5.993
2016-09-23,6.013,5.933,6.033,5.854
2016-09-26,5.903,6.193,6.332,5.874
2016-09-27,6.143,6.153,6.362,6.033
2016-09-28,6.153,6.123,6.163,6.023
2016-09-29,6.093,6.143,6.322,6.083
2016-09-30,6.183,6.342,6.492,6.113
2016-10-10,6.223,6.013,6.233,5.794
2016-10-11,6.013,6.143,6.163,5.963
2016-10-12,6.093,6.153,6.223,6.053
2016-10-13,6.143,6.661,6.681,6.143
2016-10-14,6.562,6.502,6.751,6.462
2016-10-17,6.592,6.512,6.621,6.402
2016-10-18,6.482,6.582,6.611,6.442
2016-10-19,6.582,6.502,6.602,6.462
2016-10-20,6.502,6.472,6.552,6.362
2016-10-21,6.432,6.282,6.472,6.213
2016-10-24,6.262,6.282,6.442,6.243
2016-10-25,6.312,6.223,6.322,6.113
2016-10-26,6.252,6.213,6.282,6.173
2016-10-27,6.193,6.282,6.342,6.143
2016-10-28,6.292,6.143,6.332,6.133
2016-10-31,6.143,5.814,6.163,5.784
2016-11-01,5.824,5.943,5.953,5.814
2016-11-02,5.933,5.874,5.963,5.824
2016-11-03,5.884,5.894,5.983,5.824
2016-11-04,5.894,5.993,6.083,5.874
2016-11-07,5.953,5.973,6.063,5.913
2016-11-08,6.033,5.963,6.033,5.884
2016-11-09,5.933,5.824,5.953,5.734
2016-11-10,5.874,5.963,5.973,5.864
2016-11-11,5.943,5.993,6.063,5.943
2016-11-14,6.063,6.193,6.213,6.013
2016-11-15,6.193,6.262,6.422,6.193
2016-11-16,6.262,6.193,6.302,6.173
2016-11-17,6.233,6.143,6.233,6.093
2016-11-18,6.173,6.193,6.282,6.123
2016-11-21,6.183,6.203,6.243,6.113
2016-11-22,6.203,6.193,6.233,6.153
2016-11-23,6.173,6.213,6.322,6.173
2016-11-24,6.173,6.013,6.203,5.963
2016-11-25,6.023,6.063,6.073,5.894
2016-11-28,6.063,6.043,6.123,5.983
2016-11-29,6.033,5.923,6.063,5.903
2016-11-30,5.933,5.923,5.973,5.884
2016-12-01,5.903,5.903,5.953,5.824
2016-12-02,5.884,5.734,5.884,5.734
2016-12-05,5.684,5.714,5.744,5.644
2016-12-06,5.684,5.734,5.754,5.684
2016-12-07,5.734,5.744,5.764,5.704
2016-12-08,5.754,5.664,5.774,5.664
2016-12-09,5.674,5.724,5.734,5.584
2016-12-12,5.704,5.435,5.714,5.425
2016-12-13,5.455,5.435,5.475,5.285
2016-12-14,5.435,5.455,5.535,5.365
2016-12-15,5.435,5.564,5.604,5.405
2016-12-16,5.554,5.554,5.604,5.535
2016-12-19,5.525,5.465,5.574,5.435
2016-12-20,5.505,5.485,5.535,5.435
2016-12-21,5.505,5.604,5.634,5.505
2016-12-22,5.584,5.544,5.614,5.505
2016-12-23,5.544,5.475,5.584,5.445
2016-12-26,5.475,5.465,5.505,5.335
2016-12-27,5.435,5.445,5.485,5.405
2016-12-28,5.465,5.415,5.465,5.405
2016-12-29,5.425,5.495,5.505,5.365
2016-12-30,5.485,5.445,5.525,5.435
2017-01-03,5.465,5.515,5.535,5.435
2017-01-04,5.515,5.584,5.594,5.485
2017-01-05,5.584,5.544,5.624,5.515
2017-01-06,5.554,5.485,5.554,5.455
2017-01-09,5.465,5.505,5.535,5.435
2017-01-10,5.505,5.445,5.515,5.435
2017-01-11,5.455,5.465,5.495,5.425
2017-01-12,5.445,5.415,5.465,5.375
2017-01-13,5.405,5.195,5.435,5.166
2017-01-16,5.195,4.946,5.215,4.737
2017-01-17,4.896,5.046,5.096,4.886
2017-01-18,5.046,5.046,5.096,5.016
2017-01-19,5.036,4.996,5.046,4.976
2017-01-20,4.986,5.106,5.136,4.976
2017-01-23,5.046,5.146,5.176,5.026
2017-01-24,5.146,5.086,5.146,5.046
2017-01-25,5.066,5.106,5.136,5.036
2017-01-26,5.106,5.176,5.215,5.056
2017-02-03,5.166,5.136,5.205,5.076
2017-02-06,5.136,5.176,5.185,5.116
2017-02-07,5.156,5.156,5.185,5.086
2017-02-08,5.156,5.195,5.205,5.116
2017-02-09,5.185,5.245,5.285,5.166
2017-02-10,5.245,5.305,5.345,5.245
2017-02-13,5.315,5.285,5.365,5.265
2017-02-14,5.295,5.305,5.335,5.265
2017-02-15,5.305,5.215,5.315,5.176
2017-02-16,5.205,5.265,5.275,5.185
2017-02-17,5.275,5.205,5.295,5.176
2017-02-20,5.205,5.255,5.255,5.176
2017-02-21,5.245,5.315,5.345,5.225
2017-02-22,5.325,5.365,5.385,5.295
2017-02-23,5.365,5.355,5.365,5.315
2017-02-24,5.345,5.375,5.375,5.305
2017-02-27,5.335,5.375,5.445,5.325
2017-02-28,5.375,5.395,5.435,5.335
2017-03-01,5.385,5.345,5.385,5.325
2017-03-02,5.355,5.275,5.355,5.235
2017-03-03,5.255,5.245,5.285,5.215
2017-03-06,5.245,5.325,5.325,5.225
2017-03-07,5.335,5.365,5.385,5.305
2017-03-08,5.365,5.365,5.425,5.325
2017-03-09,5.335,5.315,5.365,5.265
2017-03-10,5.315,5.315,5.365,5.295
2017-03-13,5.355,5.445,5.564,5.295
2017-03-14,5.395,5.445,5.455,5.365
2017-03-15,5.425,5.435,5.435,5.355
2017-03-16,5.415,5.465,5.495,5.415
2017-03-17,5.465,5.385,5.465,5.365
2017-03-20,5.335,5.225,5.355,5.176
2017-03-21,5.225,5.215,5.245,5.166
2017-03-22,5.195,5.146,5.195,5.126
2017-03-23,5.156,5.076,5.185,5.016
2017-03-24,5.076,5.146,5.146,5.026
2017-03-27,5.185,5.076,5.195,5.066
2017-03-28,5.086,5.056,5.086,5.026
2017-03-29,5.056,5.026,5.076,5.016
2017-03-30,5.036,4.886,5.046,4.846
2017-03-31,4.896,4.896,4.916,4.856
2017-04-05,4.936,5.056,5.066,4.926
2017-04-06,5.056,5.046,5.086,5.006
2017-04-07,5.046,5.046,5.066,5.006
2017-04-10,5.036,5.086,5.126,5.006
2017-04-11,5.086,5.086,5.106,4.956
2017-04-12,5.076,5.036,5.086,4.996
2017-04-13,5.046,5.126,5.176,5.006
2017-04-14,5.086,5.036,5.116,5.026
2017-04-17,5.016,4.966,5.046,4.926
2017-04-18,4.966,4.876,4.996,4.846
2017-04-19,4.876,4.757,4.876,4.727
2017-04-20,4.767,4.727,4.797,4.617
2017-04-21,4.757,4.717,4.807,4.697
2017-04-24,4.707,4.687,4.797,4.607
2017-04-25,4.697,4.587,4.727,4.537
2017-04-26,4.597,4.408,4.627,4.388
2017-04-27,4.408,4.458,4.458,4.278
2017-04-28,4.418,4.438,4.458,4.388
2017-05-02,4.438,4.398,4.517,4.378
2017-05-03,4.398,4.418,4.438,4.378
2017-05-04,4.428,4.428,4.458,4.378
2017-05-05,4.428,4.328,4.428,4.318
2017-05-08,4.328,4.288,4.348,4.268
2017-05-09,4.288,4.258,4.288,4.158
2017-05-10,4.258,4.128,4.288,4.118
2017-05-11,4.128,3.989,4.128,3.899
2017-05-12,3.969,3.969,3.989,3.869
2017-05-15,3.959,3.999,4.029,3.929
2017-05-16,3.979,4.079,4.089,3.929
2017-05-17,4.079,4.109,4.178,4.059
2017-05-18,4.079,4.079,4.148,4.049
2017-05-19,4.059,4.049,4.099,4.029
2017-05-22,4.059,3.889,4.069,3.869
2017-05-23,3.899,3.779,3.919,3.759
2017-05-24,3.789,3.819,3.829,3.66
2017-05-25,3.839,3.929,3.969,3.809
2017-05-26,3.909,3.929,3.959,3.899
2017-05-31,3.979,3.949,4.039,3.939
2017-06-01,3.939,3.779,3.939,3.779
2017-06-02,3.799,3.889,3.909,3.799
2017-06-05,3.889,3.909,3.929,3.879
2017-06-06,3.909,3.909,3.949,3.859
2017-06-07,3.909,4.019,4.059,3.889
2017-06-08,3.999,3.989,4.039,3.979
2017-06-09,4.009,3.959,4.009,3.879
2017-06-12,3.959,3.909,3.959,3.889
2017-06-13,3.919,3.949,3.969,3.869
2017-06-14,3.949,3.939,3.959,3.929
2017-06-15,3.919,3.989,4.009,3.919
2017-06-16,3.989,3.969,3.999,3.949
2017-06-19,3.969,3.999,4.009,3.939
2017-06-20,3.999,3.999,4.049,3.979
2017-06-21,3.999,3.949,4.009,3.919
2017-06-22,3.959,3.909,3.979,3.899
2017-06-23,3.909,3.909,3.939,3.849
2017-06-26,3.909,3.959,3.969,3.879
2017-06-27,3.949,3.969,3.979,3.939
2017-06-28,3.989,3.949,4.009,3.949
2017-06-29,3.959,3.969,4.009,3.949
2017-06-30,3.979,3.979,3.989,3.949
2017-07-03,3.989,3.989,3.999,3.959
2017-07-04,3.999,3.999,4.009,3.959
2017-07-05,3.979,4.039,4.049,3.979
2017-07-06,4.049,4.089,4.148,4.009
2017-07-07,4.079,4.089,4.099,4.049
2017-07-10,4.099,4.089,4.148,4.069
2017-07-11,4.089,4.099,4.158,4.069
2017-07-12,4.109,4.079,4.118,3.989
2017-07-13,4.079,4.128,4.158,4.069
2017-07-14,4.138,4.158,4.158,4.099
2017-07-17,4.158,4.009,4.168,3.989
2017-07-18,3.979,4.069,4.089,3.959
2017-07-19,4.069,4.158,4.188,4.029
2017-07-20,4.188,4.238,4.308,4.128
2017-07-21,4.238,4.188,4.248,4.168
2017-07-24,4.188,4.228,4.268,4.168
2017-07-25,4.228,4.348,4.418,4.208
2017-07-26,4.348,4.338,4.388,4.258
2017-07-27,4.338,4.338,4.398,4.288
2017-07-28,4.358,4.338,4.368,4.248
2017-07-31,4.348,4.318,4.358,4.268
2017-08-01,4.318,4.258,4.318,4.248
2017-08-02,4.278,4.238,4.278,4.208
2017-08-03,4.218,4.258,4.268,4.218
2017-08-04,4.248,4.238,4.268,4.228
2017-08-07,4.228,4.288,4.308,4.228
2017-08-08,4.288,4.318,4.388,4.288
2017-08-09,4.308,4.338,4.348,4.278
2017-08-10,4.348,4.248,4.348,4.208
2017-08-11,4.218,4.218,4.238,4.109
2017-08-14,4.218,4.348,4.358,4.188
2017-08-15,4.348,4.348,4.388,4.298
2017-08-16,4.348,4.408,4.438,4.328
2017-08-17,4.408,4.527,4.527,4.378
2017-08-18,4.497,4.497,4.647,4.448
2017-08-21,4.497,4.547,4.567,4.487
2017-08-22,4.557,4.687,4.757,4.557
2017-08-23,4.687,4.797,4.876,4.657
2017-08-24,4.777,4.707,4.797,4.677
2017-08-25,4.697,4.667,4.697,4.607
2017-08-28,4.667,4.707,4.727,4.647
2017-08-29,4.717,4.667,4.856,4.607
2017-08-30,4.667,4.647,4.737,4.587
2017-08-31,4.667,4.667,4.707,4.627
2017-09-01,4.677,4.707,4.737,4.637
2017-09-04,4.697,4.667,4.767,4.597
2017-09-05,4.657,4.587,4.657,4.547
2017-09-06,4.587,4.587,4.607,4.547
2017-09-07,4.597,4.577,4.627,4.547
2017-09-08,4.577,4.567,4.607,4.557
2017-09-11,4.577,4.617,4.637,4.527
2017-09-12,4.617,4.667,4.707,4.577
2017-09-13,4.657,4.846,4.876,4.647
2017-09-14,4.866,4.836,4.866,4.787
2017-09-15,4.846,4.797,4.846,4.737
2017-09-18,4.757,4.717,4.866,4.687
2017-09-19,4.717,4.707,4.807,4.667
2017-09-20,4.697,4.707,4.747,4.647
2017-09-21,4.727,4.657,4.767,4.627
2017-09-22,4.657,4.587,4.657,4.537
2017-09-25,4.587,4.408,4.587,4.388
2017-09-26,4.408,4.458,4.537,4.348
2017-09-27,4.448,4.448,4.497,4.398
2017-09-28,4.428,4.348,4.468,4.338
2017-09-29,4.418,4.358,4.418,4.348
2017-10-09,4.438,4.388,4.448,4.118
2017-10-10,4.388,4.378,4.418,4.338
2017-10-11,4.368,4.388,4.408,4.348
2017-10-12,4.388,4.338,4.408,4.298
2017-10-13,4.348,4.328,4.348,4.308
2017-10-16,4.338,4.198,4.348,4.188
2017-10-17,4.218,4.148,4.218,4.118
2017-10-18,4.188,4.158,4.188,4.089
2017-10-19,4.128,4.109,4.258,4.099
2017-10-20,4.138,4.148,4.148,4.089
2017-10-23,4.128,4.158,4.168,4.128
2017-10-24,4.168,4.188,4.228,4.138
2017-10-25,4.178,4.188,4.198,4.158
2017-10-26,4.188,4.158,4.188,4.128
2017-10-27,4.158,4.148,4.218,4.128
2017-10-30,4.148,4.049,4.168,4.019
2017-10-31,4.029,4.128,4.178,3.999
2017-11-01,4.128,4.118,4.228,4.089
2017-11-02,4.138,4.069,4.138,3.989
2017-11-03,4.069,4.039,4.069,3.979
2017-11-06,4.039,4.029,4.049,3.989
2017-11-07,4.009,4.138,4.158,4.009
2017-11-08,4.138,4.148,4.178,4.099
2017-11-09,4.148,4.118,4.198,4.079
2017-11-10,4.118,4.099,4.118,4.039
2017-11-13,4.089,4.049,4.089,4.039
2017-11-14,4.069,4.029,4.069,4.009
2017-11-15,4.029,3.999,4.089,3.989
2017-11-16,4.019,3.989,4.029,3.979
2017-11-17,3.999,3.849,3.999,3.829
2017-11-20,3.849,3.809,3.859,3.66
2017-11-21,3.799,3.799,3.819,3.75
2017-11-22,3.799,3.74,3.799,3.73
2017-11-23,3.75,3.73,3.759,3.71
2017-11-24,3.71,3.759,3.769,3.65
2017-11-27,3.75,3.74,3.769,3.69
2017-11-28,3.73,3.799,3.809,3.69
2017-11-29,3.789,3.819,3.889,3.75
2017-11-30,3.819,3.799,3.819,3.789
2017-12-01,3.819,3.799,3.819,3.759
2017-12-04,3.799,3.769,3.809,3.769
2017-12-05,3.769,3.71,3.809,3.64
2017-12-06,3.69,3.72,3.72,3.6
2017-12-07,3.71,3.67,3.73,3.64
2017-12-08,3.65,3.69,3.71,3.65
2017-12-11,3.69,3.72,3.72,3.68
2017-12-12,3.72,3.68,3.72,3.66
2017-12-13,3.68,3.68,3.69,3.66
2017-12-14,3.67,3.65,3.68,3.62
2017-12-15,3.64,3.7,3.71,3.62
2017-12-18,3.7,3.67,3.71,3.65
2017-12-19,3.68,3.66,3.71,3.64
2017-12-20,3.66,3.63,3.67,3.62
2017-12-21,3.62,3.61,3.63,3.5
2017-12-22,3.6,3.59,3.61,3.57
2017-12-25,3.56,3.59,3.62,3.53
2017-12-26,3.58,3.58,3.59,3.55
2017-12-27,3.58,3.53,3.59,3.49
2017-12-28,3.53,3.5,3.54,3.49
2017-12-29,3.5,3.55,3.55,3.49
2018-01-02,3.55,3.63,3.71,3.55
2018-01-03,3.61,3.66,3.67,3.6
2018-01-04,3.69,3.75,3.879,3.69
2018-01-05,3.73,3.879,3.939,3.7
2018-01-08,3.859,3.939,4.019,3.829
2018-01-09,4.049,3.919,4.049,3.859
2018-01-10,3.929,3.859,3.929,3.819
2018-01-11,3.839,3.849,3.879,3.789
2018-01-12,3.989,4.238,4.238,3.959
2018-01-15,4.089,3.949,4.198,3.939
2018-01-16,3.969,4.069,4.118,3.949
2018-01-17,4.049,3.909,4.049,3.859
2018-01-18,3.919,3.899,3.979,3.889
2018-01-19,3.899,3.909,3.999,3.829
2018-01-22,3.899,3.929,3.939,3.869
2018-01-23,3.929,3.909,3.969,3.889
2018-01-24,3.899,3.899,3.929,3.869
2018-01-25,3.899,3.879,3.929,3.879
2018-01-26,3.869,3.879,3.949,3.859
2018-01-29,3.869,3.759,3.889,3.73
2018-01-30,3.759,3.7,3.789,3.68
2018-01-31,3.67,3.62,3.7,3.59
2018-02-01,3.64,3.42,3.64,3.331
2018-02-02,3.391,3.46,3.48,3.301
2018-02-05,3.401,3.51,3.51,3.361
2018-02-06,3.47,3.371,3.49,3.341
2018-02-07,3.42,3.371,3.45,3.321
2018-02-08,3.371,3.391,3.44,3.341
2018-02-09,3.341,3.291,3.351,3.191
2018-02-12,3.331,3.43,3.46,3.331
2018-02-13,3.43,3.46,3.49,3.401
2018-02-14,3.42,3.45,3.47,3.351
2018-02-22,3.46,3.47,3.51,3.44
2018-02-23,3.47,3.47,3.5,3.45
2018-02-26,3.48,3.52,3.53,3.48
2018-02-27,3.52,3.49,3.52,3.46
2018-02-28,3.47,3.49,3.52,3.44
2018-03-01,3.47,3.66,3.75,3.46
2018-03-02,3.64,3.57,3.65,3.56
2018-03-05,3.58,3.55,3.59,3.54
2018-03-06,3.63,3.6,3.63,3.55
2018-03-07,3.59,3.6,3.62,3.58
2018-03-08,3.6,3.58,3.62,3.57
2018-03-09,3.6,3.61,3.62,3.57
2018-03-12,3.61,3.65,3.68,3.59
2018-03-13,3.62,3.7,3.73,3.62
2018-03-14,3.68,3.63,3.72,3.61
2018-03-15,3.63,3.57,3.63,3.54
2018-03-16,3.59,3.57,3.6,3.56
2018-03-19,3.54,3.58,3.63,3.53
2018-03-20,3.58,3.54,3.58,3.51
2018-03-21,3.54,3.52,3.58,3.51
2018-03-22,3.5,3.51,3.54,3.47
2018-03-23,3.45,3.271,3.49,3.221
2018-03-26,3.221,3.271,3.281,3.111
2018-03-27,3.311,3.331,3.341,3.301
2018-03-28,3.291,3.311,3.331,3.271
2018-03-29,3.311,3.371,3.391,3.291
2018-03-30,3.371,3.361,3.401,3.331
2018-04-02,3.341,3.341,3.381,3.341
2018-04-03,3.311,3.291,3.311,3.261
2018-04-04,3.311,3.311,3.331,3.291
2018-04-09,3.291,3.311,3.351,3.241
2018-04-10,3.311,3.401,3.42,3.291
2018-04-11,3.41,3.391,3.41,3.351
2018-04-12,3.391,3.43,3.51,3.371
2018-04-13,3.45,3.45,3.5,3.43
2018-04-16,3.45,3.43,3.49,3.41
2018-04-17,3.43,3.41,3.46,3.401
2018-04-18,3.43,3.46,3.46,3.381
2018-04-19,3.44,3.48,3.54,3.44
2018-04-20,3.49,3.47,3.52,3.42
2018-04-23,3.46,3.5,3.56,3.43
2018-04-24,3.51,3.55,3.57,3.44
2018-04-25,3.54,3.46,3.54,3.43
2018-04-26,3.45,3.42,3.48,3.36
2018-04-27,3.42,3.37,3.42,3.36
2018-05-02,3.39,3.39,3.42,3.37
2018-05-03,3.38,3.37,3.41,3.32
2018-05-04,3.36,3.35,3.39,3.32
2018-05-07,3.35,3.38,3.38,3.35
2018-05-08,3.38,3.38,3.39,3.35
2018-05-09,3.37,3.44,3.44,3.36
2018-05-10,3.45,3.56,3.75,3.44
2018-05-11,3.6,3.54,3.6,3.47
2018-05-14,3.54,3.46,3.56,3.45
2018-05-15,3.46,3.47,3.49,3.44
2018-05-16,3.47,3.45,3.48,3.42
2018-05-17,3.44,3.43,3.46,3.42
2018-05-18,3.43,3.47,3.48,3.43
2018-05-21,3.48,3.53,3.6,3.47
2018-05-22,3.53,3.59,3.63,3.53
2018-05-23,3.59,3.56,3.62,3.55
2018-05-24,3.56,3.63,3.66,3.56
2018-05-25,3.6,3.7,3.74,3.58
