date,open,close,high,low
2016-01-04,13.626,12.729,13.955,12.729
2016-01-05,11.473,11.922,12.729,11.453
2016-01-06,11.892,12.071,12.261,11.463
2016-01-07,11.663,10.865,11.832,10.865
2016-01-08,11.114,10.985,11.224,9.968
2016-01-11,10.496,9.888,10.845,9.888
2016-01-12,9.858,10.118,10.217,9.48
2016-01-13,10.128,9.749,10.297,9.629
2016-01-14,9.46,10.167,10.277,9.131
2016-01-15,10.068,9.988,10.297,9.689
2016-01-18,9.669,10.606,10.656,9.669
2016-01-19,10.506,10.925,11.065,10.377
2016-01-20,10.885,10.935,11.264,10.746
2016-01-21,10.716,10.437,11.055,10.118
2016-01-22,10.327,10.447,10.616,10.147
2016-01-25,10.437,10.756,10.895,10.437
2016-01-26,10.626,9.679,10.706,9.679
2016-01-27,9.579,9.111,9.699,8.712
2016-01-28,8.981,8.602,8.981,8.383
2016-01-29,8.483,9.081,9.101,8.473
2016-02-01,8.971,9.061,9.31,8.901
2016-02-02,8.971,9.45,9.549,8.971
2016-02-03,9.29,9.569,9.669,9.25
2016-02-04,9.639,10.237,10.427,9.569
2016-02-05,10.217,10.177,10.397,9.968
2016-02-15,9.669,10.018,10.038,9.569
2016-02-16,9.958,10.427,10.546,9.958
2016-02-17,10.417,10.526,10.686,10.317
2016-02-18,10.536,10.556,10.775,10.367
2016-02-19,10.397,10.716,10.756,10.317
2016-02-22,10.865,10.985,11.114,10.716
2016-02-23,11.084,10.975,11.114,10.765
2016-02-24,10.865,11.094,11.224,10.825
2016-02-25,10.975,9.988,11.045,9.988
2016-02-26,9.958,9.828,10.068,9.27
2016-02-29,9.719,8.901,9.809,8.842
2016-03-01,8.901,9.201,9.3,8.652
2016-03-02,9.141,9.699,9.729,9.091
2016-03-03,9.689,9.619,9.958,9.579
2016-03-04,9.589,9.101,9.729,8.971
2016-03-07,9.27,9.4,9.42,9.201
2016-03-08,9.43,9.589,9.819,8.991
2016-03-09,9.39,9.3,9.49,9.171
2016-03-10,9.27,9.061,9.38,9.041
2016-03-11,9.041,9.111,9.27,8.921
2016-03-14,9.25,9.579,9.669,9.22
2016-03-15,9.5,9.589,9.848,9.48
2016-03-16,9.868,9.589,10.018,9.559
2016-03-17,9.589,9.898,9.948,9.539
2016-03-18,9.968,10.317,10.466,9.918
2016-03-21,10.456,10.546,10.566,10.237
2016-03-22,10.526,10.566,10.716,10.377
2016-03-23,10.546,10.556,10.746,10.447
2016-03-24,10.476,10.187,10.526,10.177
2016-03-25,10.177,10.407,10.407,10.138
2016-03-28,10.526,10.327,10.676,10.287
2016-03-29,10.267,10.078,10.347,10.008
2016-03-30,10.147,10.556,10.566,10.147
2016-03-31,10.606,10.815,10.915,10.586
2016-04-01,10.785,10.756,10.895,10.546
2016-04-05,10.805,11.204,11.264,10.726
2016-04-06,11.204,11.563,11.623,11.134
2016-04-07,11.603,11.334,11.623,11.264
2016-04-08,11.264,11.314,11.403,11.035
2016-04-11,11.324,11.473,11.613,11.274
2016-04-12,11.443,11.314,11.513,11.124
2016-04-13,11.354,11.573,11.752,11.304
2016-04-14,11.593,11.882,12.061,11.543
2016-04-15,11.962,12.34,12.46,11.812
2016-04-18,12.201,12.271,12.46,11.982
2016-04-19,12.311,12.271,12.679,12.021
2016-04-20,12.37,11.463,12.41,11.045
2016-04-21,11.274,11.164,11.503,11.094
2016-04-22,11.065,11.324,11.393,10.965
2016-04-25,11.254,11.384,11.453,11.094
2016-04-26,11.364,11.852,11.962,11.284
2016-04-27,11.862,11.982,12.111,11.782
2016-04-28,11.982,12.011,12.111,11.633
2016-04-29,11.932,12.151,12.271,11.872
2016-05-03,12.071,12.61,12.679,12.021
2016-05-04,12.57,12.42,12.679,12.36
2016-05-05,12.36,12.47,12.58,12.32
2016-05-06,12.5,11.513,12.54,11.473
2016-05-09,11.314,10.666,11.374,10.566
2016-05-10,10.616,10.696,10.815,10.586
2016-05-11,10.805,10.367,10.855,10.347
2016-05-12,10.068,10.247,10.267,9.938
2016-05-13,10.147,10.197,10.357,9.968
2016-05-16,10.247,10.666,10.696,10.167
2016-05-17,10.736,10.646,10.825,10.576
2016-05-18,10.387,10.128,10.566,9.928
2016-05-19,10.118,10.417,10.596,10.068
2016-05-20,10.277,10.676,10.696,10.277
2016-05-23,10.716,10.865,10.945,10.626
2016-05-24,10.925,10.686,10.925,10.556
2016-05-25,10.785,10.805,10.925,10.666
2016-05-26,10.765,10.805,10.865,10.456
2016-05-27,10.765,10.845,10.905,10.696
2016-05-30,10.855,10.785,10.945,10.616
2016-05-31,10.785,11.274,11.364,10.756
2016-06-01,11.294,11.493,11.543,11.224
2016-06-02,11.403,11.513,11.643,11.334
2016-06-03,11.523,11.533,11.613,11.364
2016-06-06,11.533,11.473,11.603,11.413
2016-06-07,11.503,11.393,11.503,11.304
2016-06-08,11.314,11.443,11.463,11.264
2016-06-13,11.264,10.466,11.304,10.437
2016-06-14,10.536,10.566,10.646,10.377
2016-06-15,10.486,11.055,11.124,10.397
2016-06-16,10.955,11.025,11.184,10.905
2016-06-17,10.975,11.244,11.354,10.975
2016-06-20,11.164,11.055,11.164,10.845
2016-06-21,11.124,11.423,11.762,11.114
2016-06-22,11.393,11.523,11.573,11.264
2016-06-23,11.583,11.344,11.603,11.304
2016-06-24,11.374,11.065,11.453,10.865
2016-06-27,10.975,11.413,11.463,10.975
2016-06-28,11.403,11.523,11.543,11.264
2016-06-29,11.593,11.523,11.613,11.433
2016-06-30,11.543,11.732,11.812,11.493
2016-07-01,11.822,11.563,11.942,11.543
2016-07-04,11.473,11.852,11.912,11.473
2016-07-05,11.952,11.792,12.011,11.772
2016-07-06,11.802,12.021,12.151,11.742
2016-07-07,12.061,11.912,12.091,11.693
2016-07-08,12.101,12.131,12.251,11.782
2016-07-11,12.211,12.051,12.52,11.972
2016-07-12,11.982,11.992,12.101,11.623
2016-07-13,11.982,11.992,12.141,11.932
2016-07-14,11.902,11.992,12.011,11.872
2016-07-15,11.992,11.922,12.051,11.842
2016-07-18,11.902,11.782,11.942,11.732
2016-07-19,11.762,11.892,11.922,11.712
2016-07-20,11.902,12.081,12.111,11.892
2016-07-21,12.061,12.021,12.171,12.002
2016-07-22,12.021,11.782,12.051,11.772
2016-07-25,11.782,11.872,11.972,11.762
2016-07-26,11.832,12.171,12.201,11.832
2016-07-27,12.181,11.493,12.211,11.294
2016-07-28,11.523,11.623,11.952,11.463
2016-07-29,11.702,11.553,11.762,11.473
2016-08-01,11.463,11.264,11.573,10.965
2016-08-02,11.264,11.324,11.344,11.104
2016-08-03,11.304,11.433,11.493,11.264
2016-08-04,11.433,11.513,11.593,11.374
2016-08-05,11.543,11.403,11.593,11.354
2016-08-08,11.413,11.573,11.653,11.374
2016-08-09,11.643,11.732,11.742,11.603
2016-08-10,11.782,11.673,11.892,11.643
2016-08-11,11.702,11.633,11.852,11.613
2016-08-12,11.663,11.702,11.742,11.503
2016-08-15,11.772,11.852,11.952,11.643
2016-08-16,11.922,11.892,12.041,11.872
2016-08-17,11.942,11.952,11.982,11.802
2016-08-18,11.952,11.922,12.051,11.892
2016-08-19,11.952,11.922,11.952,11.842
2016-08-22,11.882,11.852,11.942,11.762
2016-08-23,11.812,11.852,11.912,11.762
2016-08-24,11.862,11.912,11.932,11.812
2016-08-25,11.892,11.832,11.892,11.722
2016-08-26,11.792,11.962,12.131,11.792
2016-08-29,11.962,12.101,12.121,11.912
2016-08-30,12.141,12.021,12.211,11.982
2016-08-31,12.041,12.091,12.121,11.912
2016-09-01,12.111,11.992,12.271,11.982
2016-09-02,11.982,12.131,12.211,11.902
2016-09-05,12.44,13.038,13.168,12.36
2016-09-06,12.859,13.028,13.058,12.659
2016-09-07,12.948,12.769,13.208,12.739
2016-09-08,12.769,12.948,13.058,12.719
2016-09-09,12.968,12.61,13.108,12.59
2016-09-12,12.34,11.982,12.35,11.962
2016-09-13,12.111,12.34,12.37,12.011
2016-09-14,12.211,12.34,12.52,12.141
2016-09-19,12.34,12.869,12.909,12.33
2016-09-20,12.939,13.357,13.866,12.759
2016-09-21,13.307,13.367,13.576,13.058
2016-09-22,13.407,13.277,13.656,13.168
2016-09-23,13.317,13.527,13.616,13.248
2016-09-26,13.566,12.909,13.666,12.669
2016-09-27,12.769,13.028,13.058,12.57
2016-09-28,13.058,13.248,13.397,13.028
2016-09-29,13.297,13.158,13.297,13.098
2016-09-30,13.228,13.038,13.228,12.909
2016-10-10,13.048,13.287,13.297,12.958
2016-10-11,13.287,13.666,13.686,13.188
2016-10-12,13.576,13.626,13.696,13.437
2016-10-13,13.586,13.676,13.945,13.566
2016-10-14,13.646,13.746,13.816,13.437
2016-10-17,13.766,13.277,13.776,13.178
2016-10-18,13.277,13.477,13.497,13.168
2016-10-19,13.557,13.487,13.616,13.437
2016-10-20,13.547,13.537,13.586,13.327
2016-10-21,13.636,13.327,13.656,13.138
2016-10-24,13.327,13.367,13.457,13.208
2016-10-25,13.417,13.427,13.437,13.317
2016-10-26,13.427,13.377,13.437,13.238
2016-10-27,13.347,13.307,13.397,13.257
2016-10-28,13.297,12.749,13.347,12.719
2016-10-31,12.749,12.948,12.978,12.6
2016-11-01,12.939,13.168,13.188,12.879
2016-11-02,13.168,13.018,13.228,12.998
2016-11-03,12.978,13.138,13.307,12.978
2016-11-04,13.168,13.208,13.218,13.078
2016-11-07,13.208,13.267,13.357,13.168
2016-11-08,13.317,13.487,13.606,13.218
2016-11-09,13.477,13.337,13.537,13.188
2016-11-10,13.467,13.616,13.686,13.447
2016-11-11,13.696,13.756,13.836,13.507
2016-11-14,13.776,13.816,13.945,13.656
2016-11-15,13.816,13.826,13.866,13.646
2016-11-16,13.856,14.234,14.324,13.796
2016-11-17,14.194,14.065,14.593,13.975
2016-11-18,14.065,13.985,14.294,13.876
2016-11-21,13.955,14.145,14.234,13.856
2016-11-22,14.155,14.185,14.334,14.055
2016-11-23,14.185,14.045,14.294,14.025
2016-11-24,14.045,13.866,14.294,13.856
2016-11-25,13.866,13.796,13.915,13.357
2016-11-28,13.836,13.856,13.935,13.726
2016-11-29,13.905,13.447,14.005,13.367
2016-11-30,13.447,13.267,13.606,13.118
2016-12-01,13.337,13.586,13.626,13.277
2016-12-02,13.636,13.078,13.646,13.058
2016-12-05,12.978,13.048,13.277,12.958
2016-12-06,13.108,13.327,13.467,13.108
2016-12-07,13.287,13.407,13.487,13.208
2016-12-08,13.457,13.427,13.596,13.297
2016-12-09,13.427,13.267,13.427,13.228
2016-12-12,13.277,12.311,13.347,12.291
2016-12-13,12.301,12.49,12.55,12.121
2016-12-14,12.52,12.58,12.889,12.41
2016-12-15,12.759,12.769,12.919,12.51
2016-12-16,12.719,13.267,13.407,12.709
2016-12-19,13.178,13.387,13.447,13.068
2016-12-20,13.337,14.723,14.723,13.158
2016-12-21,15.201,14.812,15.251,14.384
2016-12-22,14.603,14.693,14.842,14.284
2016-12-23,14.454,16.158,16.158,14.434
2016-12-26,15.949,17.773,17.773,15.789
2016-12-27,18.261,19.547,19.547,17.544
2016-12-28,20.933,19.926,21.501,19.418
2016-12-29,19.468,20.076,20.933,19.218
2016-12-30,19.637,18.869,20.604,18.74
2017-01-03,18.929,20.753,20.753,18.79
2017-01-04,20.793,19.886,20.953,18.68
2017-01-05,19.537,19.458,19.836,18.84
2017-01-06,19.228,18.969,20.016,18.122
2017-01-09,18.67,18.929,19.537,18.172
2017-01-10,18.84,19.059,19.408,18.461
2017-01-11,18.66,17.623,18.76,17.464
2017-01-12,17.853,17.783,18.401,17.643
2017-01-13,17.923,17.883,18.68,17.793
2017-01-16,18.042,16.238,18.69,16.098
2017-01-17,15.809,16.706,16.746,15.51
2017-01-18,16.776,16.667,17.205,16.268
2017-01-19,16.407,16.657,17.125,16.407
2017-01-20,16.786,16.956,17.085,16.467
2017-01-23,16.936,16.896,17.444,16.716
2017-01-24,16.786,17.524,17.564,16.467
2017-01-25,17.245,17.215,17.424,16.946
2017-01-26,17.215,16.856,17.285,16.686
2017-02-03,16.846,16.786,16.936,16.477
2017-02-06,16.846,17.394,17.524,16.726
2017-02-07,17.394,18.241,18.291,17.095
2017-02-08,18.102,18.61,18.75,17.763
2017-02-09,18.511,18.471,18.75,18.361
2017-02-10,18.421,18.56,18.72,18.222
2017-02-13,18.56,18.72,18.919,18.421
2017-02-14,18.64,18.331,18.75,18.261
2017-02-15,18.241,18.052,18.451,17.893
2017-02-16,18.092,18.351,18.421,18.052
2017-02-17,18.331,18.182,18.84,18.142
2017-02-20,18.122,17.135,18.461,16.547
2017-02-21,17.075,16.916,17.105,16.756
2017-02-22,16.796,16.836,17.205,16.776
2017-02-23,16.806,16.268,16.866,16.098
2017-02-24,16.278,16.497,16.547,16.268
2017-02-27,16.547,16.736,16.766,16.377
2017-02-28,16.756,16.756,16.856,16.597
2017-03-27,15.979,16.068,16.457,15.46
2017-03-28,15.809,17.673,17.673,15.769
2017-03-29,17.145,17.773,18.092,17.125
2017-03-30,17.504,16.577,17.793,16.268
2017-03-31,16.597,16.148,16.826,15.45
2017-04-05,15.949,16.088,16.148,15.54
2017-04-06,16.049,16.108,16.537,15.959
2017-04-07,16.148,15.411,16.368,15.351
2017-04-10,15.201,14.484,15.411,14.404
2017-04-11,14.553,14.882,15.032,14.374
2017-04-12,14.852,14.862,15.361,14.673
2017-04-13,14.922,14.753,15.062,14.603
2017-04-14,14.822,15.49,15.7,14.663
2017-04-17,15.411,14.723,15.45,14.563
2017-04-18,14.723,14.812,15.131,14.723
2017-04-19,14.912,15.032,15.112,14.354
2017-04-20,14.892,15.72,15.779,14.882
2017-04-21,15.65,15.52,15.799,15.351
2017-04-24,15.421,14.982,15.431,13.965
2017-04-25,14.902,14.763,15.131,14.603
2017-04-26,14.763,14.773,14.952,14.254
2017-04-27,14.533,14.593,14.832,14.264
2017-04-28,14.603,14.773,14.932,14.553
2017-05-02,14.852,14.464,14.852,14.344
2017-05-03,14.464,14.264,14.613,14.224
2017-05-04,14.254,14.025,14.254,13.965
2017-05-05,14.115,14.035,14.214,13.716
2017-05-08,14.035,14.125,14.234,13.816
2017-05-09,14.125,14.424,14.454,13.965
2017-05-10,14.364,14.304,14.513,14.204
2017-05-11,14.105,14.045,14.274,13.756
2017-05-12,14.005,13.985,14.145,13.856
2017-05-15,13.985,13.965,14.035,13.876
2017-05-16,13.965,14.115,14.175,13.885
2017-05-17,14.294,14.573,14.693,14.055
2017-05-18,14.324,14.234,14.533,14.214
2017-05-19,14.234,14.115,14.414,14.065
2017-05-22,14.185,13.925,14.185,13.866
2017-05-23,13.866,13.895,14.015,13.716
2017-05-24,13.885,13.397,13.885,12.51
2017-05-25,13.287,12.58,13.407,12.311
2017-05-26,12.679,12.52,12.709,12.43
2017-05-31,12.59,12.63,12.839,12.56
2017-06-01,12.62,12.271,12.739,12.171
2017-06-02,12.311,11.932,12.311,11.563
2017-06-05,11.812,11.942,12.021,11.663
2017-06-06,11.862,13.138,13.138,11.762
2017-06-07,13.138,13.497,13.826,12.639
2017-06-08,13.257,13.148,13.457,13.068
2017-06-09,13.068,13.287,13.905,13.058
2017-06-12,13.038,13.118,13.387,12.978
2017-06-13,13.078,12.998,13.158,12.759
2017-06-14,12.988,12.889,13.138,12.769
2017-06-15,12.829,13.148,13.248,12.829
2017-06-16,13.168,13.347,13.397,12.998
2017-06-19,13.198,13.766,14.085,13.178
2017-06-20,13.736,13.676,14.025,13.606
2017-06-21,13.796,13.945,14.414,13.706
2017-06-22,13.806,13.427,13.955,13.367
2017-06-23,13.437,13.527,13.606,13.238
2017-06-26,13.606,13.776,14.045,13.477
2017-06-27,13.806,13.816,14.005,13.766
2017-06-28,13.816,13.656,13.836,13.477
2017-06-29,13.557,13.746,14.175,13.527
2017-06-30,13.606,13.646,13.816,13.517
2017-07-03,13.557,13.796,13.806,13.457
2017-07-04,13.716,13.866,14.035,13.706
2017-07-05,13.776,13.766,13.826,13.596
2017-07-06,13.686,13.666,13.756,13.517
2017-07-07,13.676,13.686,13.756,13.547
2017-07-10,13.656,13.517,13.766,13.267
2017-07-11,13.417,13.317,13.457,13.307
2017-07-12,13.317,12.909,13.317,12.659
2017-07-13,12.958,12.799,12.958,12.709
2017-07-14,12.779,13.297,13.457,11.952
2017-07-17,13.168,12.37,13.178,12.011
2017-07-18,12.291,12.54,12.6,12.291
2017-07-19,12.55,12.69,12.87,12.43
2017-07-20,12.73,12.68,12.95,12.66
2017-07-21,12.65,12.92,13.23,12.65
2017-07-24,12.82,12.68,12.82,12.56
2017-07-25,12.75,12.63,12.76,12.53
2017-07-26,12.63,12.4,12.66,12.1
2017-07-27,12.37,12.51,12.57,12.25
2017-07-28,12.42,12.48,12.55,12.36
2017-07-31,12.4,12.4,12.47,12.3
2017-08-01,12.4,12.21,12.46,12.15
2017-08-02,12.28,12.16,12.28,12.02
2017-08-03,12.16,12.27,12.48,12.07
2017-08-04,12.27,12.12,12.3,12.08
2017-08-07,12.14,12.17,12.23,12.09
2017-08-08,12.21,12.13,12.21,12.08
2017-08-09,12.15,12.17,12.18,12.03
2017-08-10,12.19,11.95,12.19,11.81
2017-08-11,11.83,11.83,12.0,11.63
2017-08-14,11.8,11.85,11.95,11.7
2017-08-15,11.92,12.14,12.5,11.81
2017-08-16,12.07,12.17,12.22,11.97
2017-08-17,12.16,12.47,12.51,12.15
2017-08-18,12.41,12.87,13.5,12.3
2017-08-21,12.99,12.65,12.99,12.48
2017-08-22,12.64,12.34,12.72,12.3
2017-08-23,12.3,12.34,12.47,12.26
2017-08-24,12.3,12.35,12.5,12.06
2017-08-25,12.35,12.36,12.43,12.24
2017-08-28,12.33,12.49,12.55,12.32
2017-08-29,12.49,12.5,12.58,12.42
2017-08-30,12.53,12.5,12.57,12.43
2017-08-31,12.53,12.49,12.53,12.43
2017-09-01,12.51,12.49,12.59,12.41
2017-09-04,12.45,12.34,12.48,12.32
2017-09-05,12.4,12.44,12.63,12.39
2017-09-06,12.45,12.44,12.49,12.35
2017-09-07,12.45,12.35,12.5,12.33
2017-09-08,12.33,12.36,12.47,12.28
2017-09-11,12.34,12.4,12.44,12.3
2017-09-12,12.4,12.09,12.41,12.04
2017-09-13,12.09,12.26,12.27,12.06
2017-09-14,12.26,12.08,12.29,12.06
2017-09-15,12.09,11.97,12.14,11.92
2017-09-18,11.96,12.0,12.06,11.89
2017-09-19,12.01,12.15,12.27,12.0
2017-09-20,12.15,12.18,12.19,12.05
2017-09-21,12.18,12.17,12.4,12.13
2017-09-22,12.22,12.12,12.24,12.07
2017-09-25,12.1,11.73,12.15,11.69
2017-09-26,11.7,11.61,11.78,11.4
2017-09-27,11.6,11.72,11.77,11.55
2017-09-28,11.75,11.41,11.75,11.37
2017-09-29,11.48,11.8,12.1,11.48
2017-10-09,11.86,11.87,12.04,11.83
2017-10-10,11.93,12.11,12.13,11.85
2017-10-11,12.11,12.01,12.23,12.0
2017-10-12,12.08,11.99,12.08,11.88
2017-10-13,12.02,12.04,12.07,11.93
2017-10-16,12.04,11.67,12.1,11.6
2017-10-17,11.59,11.69,11.78,11.58
2017-10-18,11.74,11.67,11.77,11.4
2017-10-19,11.58,11.51,11.66,11.42
2017-10-20,11.46,11.92,12.06,11.46
2017-10-23,11.89,12.06,12.1,11.81
2017-10-24,12.02,12.09,12.1,11.93
2017-10-25,12.0,12.08,12.12,11.98
2017-10-26,12.08,12.13,12.15,11.93
2017-10-27,12.09,11.9,12.15,11.9
2017-10-30,11.8,11.67,11.93,11.46
2017-10-31,11.55,11.93,11.99,11.47
2017-11-01,11.97,12.38,12.44,11.83
2017-11-02,12.18,12.07,12.27,12.01
2017-11-03,12.01,11.79,12.09,11.7
2017-11-06,11.8,11.84,11.99,11.58
2017-11-07,11.8,11.76,11.84,11.66
2017-11-08,11.76,11.67,11.82,11.65
2017-11-09,11.63,11.68,11.74,11.63
2017-11-10,11.66,11.49,11.69,11.44
2017-11-13,11.5,11.49,11.58,11.41
2017-11-14,11.46,11.06,11.55,11.0
2017-11-15,11.02,11.09,11.19,10.96
2017-11-16,11.0,10.95,11.11,10.94
2017-11-17,10.91,9.96,10.91,9.86
2017-11-20,9.9,9.95,9.96,9.52
2017-11-21,9.93,10.12,10.49,9.68
2017-11-22,10.0,10.0,10.1,9.92
2017-11-23,9.96,9.8,9.99,9.74
2017-11-24,9.75,9.88,9.97,9.65
2017-11-27,9.87,9.7,9.89,9.68
2017-11-28,9.63,9.84,9.86,9.63
2017-11-29,9.85,9.75,9.85,9.65
2017-11-30,9.75,9.75,9.8,9.62
2017-12-01,9.75,9.95,10.09,9.7
2017-12-04,9.98,9.8,10.0,9.67
2017-12-05,9.8,9.65,9.9,9.33
2017-12-06,9.49,9.58,9.6,9.28
2017-12-07,9.55,9.48,9.55,9.36
2017-12-08,9.5,9.57,9.61,9.46
2017-12-11,9.55,9.63,9.65,9.54
2017-12-12,9.63,9.45,9.68,9.43
2017-12-13,9.47,9.5,9.54,9.35
2017-12-14,9.5,9.77,9.87,9.5
2017-12-15,9.71,9.87,9.9,9.63
2017-12-18,9.87,10.05,10.45,9.8
2017-12-19,10.05,9.88,10.19,9.8
2017-12-20,9.87,9.8,9.89,9.7
2017-12-21,9.89,9.79,9.89,9.7
2017-12-22,9.71,9.62,9.79,9.6
2017-12-25,9.58,9.83,10.18,9.42
2017-12-26,9.73,9.81,10.1,9.61
2017-12-27,9.76,9.74,9.8,9.65
2017-12-28,9.71,9.64,9.71,9.57
2017-12-29,9.61,9.72,9.76,9.6
2018-01-02,9.72,9.72,9.77,9.61
2018-01-03,9.72,9.78,9.78,9.7
2018-01-04,9.78,9.72,9.85,9.7
2018-01-05,9.7,9.74,9.81,9.6
2018-01-08,9.71,9.63,9.75,9.6
2018-01-09,9.61,9.47,9.65,9.41
2018-01-10,9.44,9.31,9.47,9.17
2018-01-11,9.3,9.36,9.41,9.19
2018-01-12,9.36,9.35,9.39,9.28
2018-01-15,9.31,9.06,9.31,8.94
2018-01-16,9.01,9.05,9.09,8.98
2018-01-17,9.05,9.26,9.3,8.4
2018-01-18,9.09,9.18,9.29,9.07
2018-01-19,9.18,9.3,9.37,9.09
2018-01-22,9.29,9.47,9.49,9.24
2018-01-23,9.42,9.48,9.62,9.42
2018-01-24,9.42,9.48,9.56,9.27
2018-01-25,9.44,9.5,9.53,9.38
2018-01-26,9.48,9.48,9.5,9.33
2018-01-29,9.46,9.4,9.46,9.24
2018-01-30,9.35,9.59,9.6,9.32
2018-01-31,9.62,9.45,9.62,9.31
2018-02-01,9.38,9.09,9.39,8.89
2018-02-02,9.05,8.95,9.14,8.71
2018-02-05,8.92,8.69,8.92,8.06
2018-02-06,8.21,7.82,8.27,7.82
2018-02-07,7.82,7.28,7.95,7.04
2018-02-08,7.15,7.29,7.4,7.06
2018-02-09,7.08,6.99,7.2,6.9
2018-02-12,7.0,7.19,7.21,6.99
2018-02-13,7.21,7.2,7.33,7.17
2018-02-14,7.25,7.32,7.33,7.22
2018-02-22,7.32,7.37,7.45,7.27
2018-02-23,7.37,7.37,7.43,7.32
2018-02-26,7.35,7.61,7.63,7.35
2018-02-27,7.57,7.68,7.68,7.53
2018-02-28,7.64,7.71,7.75,7.53
2018-03-01,7.68,7.77,7.82,7.64
2018-03-02,7.71,7.87,7.95,7.71
2018-03-05,7.87,8.24,8.37,7.75
2018-03-06,8.18,8.17,8.23,8.02
2018-03-07,8.14,8.13,8.17,8.05
2018-03-08,8.09,8.26,8.27,8.08
2018-03-09,8.21,8.29,8.33,8.17
2018-03-12,8.32,8.37,8.41,8.26
2018-03-13,8.41,8.53,8.57,8.31
2018-03-14,8.51,8.25,8.69,8.17
2018-03-15,8.24,8.39,8.8,7.96
2018-03-16,8.22,8.38,8.58,8.11
2018-03-19,8.25,8.43,8.5,8.05
2018-03-20,8.27,9.27,9.27,8.19
2018-03-21,10.2,10.2,10.2,10.1
2018-03-22,10.25,10.79,11.19,10.05
2018-03-23,10.0,9.71,10.2,9.71
2018-03-26,9.3,9.14,9.3,8.74
2018-03-27,9.14,9.41,9.44,9.03
2018-03-28,9.19,9.04,9.25,8.9
2018-03-29,9.06,9.09,9.21,9.0
2018-03-30,9.1,9.14,9.2,9.04
2018-04-02,9.1,9.11,9.28,8.98
2018-04-03,8.98,8.71,8.99,8.59
2018-04-04,8.71,8.78,8.81,8.66
2018-04-09,8.64,8.68,8.76,8.45
2018-04-10,8.66,8.88,8.9,8.53
2018-04-11,8.81,8.86,8.92,8.79
2018-04-12,8.85,8.71,8.94,8.71
2018-04-13,8.71,8.56,8.78,8.5
2018-04-16,8.52,8.17,8.55,8.07
2018-04-17,8.16,7.81,8.24,7.77
2018-04-18,7.82,7.9,7.96,7.72
2018-04-19,7.89,8.18,8.2,7.89
2018-04-20,8.2,7.93,8.23,7.9
2018-04-23,7.9,7.98,8.0,7.68
2018-04-24,7.97,8.1,8.12,7.91
2018-04-25,8.05,8.16,8.24,8.0
2018-04-26,8.15,8.16,8.22,8.06
2018-04-27,8.21,8.23,8.39,8.16
2018-05-02,8.18,8.0,8.24,7.9
2018-05-03,7.97,8.16,8.2,7.83
2018-05-04,8.18,8.3,8.46,8.12
2018-05-07,8.21,8.36,8.37,8.19
2018-05-08,8.4,8.44,8.6,8.33
2018-05-09,8.42,8.47,8.6,8.4
2018-05-10,8.51,8.71,8.88,8.51
2018-05-11,8.68,8.45,8.72,8.42
2018-05-14,8.42,8.31,8.5,8.3
2018-05-15,8.3,8.69,8.85,8.27
2018-05-16,8.66,8.69,8.77,8.54
2018-05-17,8.61,8.63,8.78,8.54
2018-05-18,8.55,8.57,8.61,8.45
2018-05-21,8.6,8.74,8.85,8.6
2018-05-22,8.68,8.83,8.89,8.62
2018-05-23,8.82,8.8,8.85,8.66
2018-05-24,8.79,8.83,9.0,8.68
2018-05-25,8.83,8.85,8.99,8.78
