date,open,close,high,low
2016-01-04,21.247,19.834,21.806,19.834
2016-01-05,18.637,19.274,19.589,18.067
2016-01-06,19.5,20.56,20.609,19.0
2016-01-07,19.726,18.509,19.804,18.509
2016-01-08,18.352,17.871,18.794,16.654
2016-01-11,16.929,16.085,17.223,16.085
2016-01-12,16.183,16.085,16.585,15.31
2016-01-13,16.105,14.662,16.478,14.613
2016-01-14,14.014,15.084,15.3,13.769
2016-01-15,14.848,13.779,15.182,13.641
2016-01-18,13.376,14.299,14.799,13.259
2016-01-19,14.23,15.496,15.683,14.132
2016-01-20,15.162,15.555,16.124,15.113
2016-01-21,15.074,14.26,15.634,14.23
2016-01-22,14.544,14.77,14.917,14.132
2016-01-25,15.005,15.261,15.496,14.78
2016-01-26,14.819,14.829,16.35,14.309
2016-01-27,14.956,15.722,15.899,13.838
2016-01-28,15.27,14.407,15.683,14.328
2016-01-29,14.23,15.182,15.408,14.034
2016-02-01,15.005,14.466,15.182,14.132
2016-02-02,14.426,15.005,15.202,14.426
2016-02-03,14.721,14.917,15.045,14.328
2016-02-04,14.976,15.359,15.477,14.976
2016-02-05,15.339,15.398,15.948,15.29
2016-02-15,14.721,15.742,16.085,14.544
2016-02-16,15.712,16.399,16.517,15.712
2016-02-17,16.173,16.9,17.665,16.065
2016-02-18,16.811,16.585,17.007,16.311
2016-02-19,16.556,16.576,16.87,16.242
2016-02-22,16.919,17.223,17.655,16.399
2016-02-23,17.057,16.811,17.243,16.487
2016-02-24,16.703,17.272,17.861,16.703
2016-02-25,17.518,15.545,17.518,15.545
2016-02-26,15.683,15.133,15.781,14.75
2016-02-29,15.133,13.739,15.133,13.632
2016-03-01,13.857,14.093,14.23,13.406
2016-03-02,14.034,14.947,15.104,13.985
2016-03-03,15.015,15.192,16.173,14.907
2016-03-04,14.937,14.564,15.604,14.152
2016-03-07,14.534,14.917,15.162,14.534
2016-03-08,14.898,14.868,14.966,14.083
2016-03-09,14.525,14.309,14.711,14.191
2016-03-10,14.456,14.112,14.544,14.014
2016-03-11,13.838,14.269,14.328,13.71
2016-03-14,14.338,14.79,14.966,14.328
2016-03-15,14.78,14.574,14.848,14.436
2016-03-16,14.721,14.23,14.74,14.103
2016-03-17,14.377,14.839,14.878,14.328
2016-03-18,14.868,16.321,16.321,14.868
2016-03-21,17.469,17.537,17.95,17.057
2016-03-22,16.998,16.85,17.351,16.831
2016-03-23,16.585,17.38,17.498,16.507
2016-03-24,17.066,17.793,19.117,16.684
2016-03-25,17.557,17.498,17.744,16.929
2016-03-28,17.459,16.998,17.783,16.958
2016-03-29,16.89,16.958,17.057,16.291
2016-03-30,17.125,17.881,17.94,17.125
2016-03-31,17.665,17.479,17.94,17.302
2016-04-01,17.371,16.939,17.371,16.517
2016-04-05,16.87,17.537,17.861,16.782
2016-04-06,17.282,17.95,18.44,17.184
2016-04-07,17.842,18.077,18.431,17.38
2016-04-08,17.665,17.587,17.812,17.174
2016-04-11,17.616,17.832,18.156,17.616
2016-04-12,17.694,17.429,17.802,17.174
2016-04-13,17.685,17.557,17.891,17.528
2016-04-14,17.636,17.812,17.822,17.488
2016-04-15,17.793,17.91,18.215,17.675
2016-04-18,17.587,18.077,18.509,17.253
2016-04-19,18.116,19.108,19.53,17.861
2016-04-20,18.941,17.793,19.019,17.194
2016-04-21,17.39,16.939,17.645,16.87
2016-04-22,16.684,16.958,16.978,16.33
2016-04-25,16.831,16.615,16.89,16.428
2016-04-26,16.507,16.811,16.841,16.487
2016-04-27,16.831,16.615,17.135,16.605
2016-04-28,16.585,16.252,16.654,15.781
2016-04-29,15.997,16.046,16.262,15.957
2016-05-03,16.163,16.664,16.674,16.006
2016-05-04,16.566,16.654,16.909,16.487
2016-05-05,16.752,16.635,16.752,16.399
2016-05-06,16.664,16.046,17.017,15.997
2016-05-09,15.653,14.947,15.673,14.819
2016-05-10,14.986,15.005,15.133,14.721
2016-05-11,15.162,14.917,15.28,14.829
2016-05-12,14.721,14.878,14.996,14.348
2016-05-13,14.898,14.809,15.143,14.672
2016-05-16,14.721,15.104,15.113,14.682
2016-05-17,15.074,14.917,15.153,14.829
2016-05-18,14.672,14.623,15.113,14.426
2016-05-19,14.613,14.633,14.898,14.544
2016-05-20,14.446,14.74,14.75,14.387
2016-05-23,14.78,15.378,15.398,14.78
2016-05-24,15.31,15.035,15.369,14.937
2016-05-25,15.113,14.829,15.3,14.721
2016-05-26,14.829,14.947,14.956,14.525
2016-05-27,14.937,14.917,15.005,14.721
2016-05-30,14.79,14.711,14.907,14.426
2016-05-31,14.858,15.359,15.378,14.78
2016-06-01,15.437,15.447,15.879,15.32
2016-06-02,15.339,15.938,15.967,15.241
2016-06-03,15.81,15.84,16.114,15.761
2016-06-06,15.81,15.81,15.967,15.683
2016-06-07,15.82,16.389,16.566,15.506
2016-06-08,16.085,16.782,17.027,16.036
2016-06-13,16.458,15.987,17.567,15.957
2016-06-14,15.8,15.8,16.046,15.437
2016-06-15,15.418,16.301,16.468,15.418
2016-06-16,16.34,16.221,16.904,16.152
2016-06-17,16.34,16.092,16.479,15.845
2016-06-20,15.855,16.142,16.221,15.855
2016-06-21,16.201,15.776,16.36,15.657
2016-06-22,15.795,16.251,16.33,15.766
2016-06-23,16.172,16.053,16.33,15.944
2016-06-24,16.013,15.607,16.241,15.102
2016-06-27,15.647,15.875,15.924,15.498
2016-06-28,15.835,16.172,16.211,15.696
2016-06-29,16.251,16.043,16.33,15.964
2016-06-30,16.063,16.013,16.211,15.825
2016-07-01,15.934,16.043,16.29,15.934
2016-07-04,15.914,16.34,16.459,15.855
2016-07-05,16.429,16.439,16.756,16.261
2016-07-06,16.281,16.34,16.439,16.152
2016-07-07,16.221,16.588,16.736,16.221
2016-07-08,16.538,16.34,16.607,16.261
2016-07-11,16.37,16.221,16.528,16.142
2016-07-12,16.211,16.399,16.439,15.944
2016-07-13,16.39,16.489,16.518,16.261
2016-07-14,16.439,16.627,16.776,16.34
2016-07-15,16.469,16.489,16.756,16.439
2016-07-18,16.32,16.29,16.429,16.172
2016-07-19,16.241,16.38,16.39,16.201
2016-07-20,16.419,16.498,16.687,16.34
2016-07-21,16.558,16.429,16.558,16.34
2016-07-22,16.429,16.34,16.498,16.271
2016-07-25,16.38,16.697,16.706,16.34
2016-07-26,16.687,16.756,16.766,16.568
2016-07-27,16.756,16.033,17.083,15.498
2016-07-28,16.033,16.063,16.231,15.716
2016-07-29,16.083,15.696,16.132,15.597
2016-08-01,15.558,15.132,15.627,14.963
2016-08-02,15.082,15.191,15.241,15.053
2016-08-03,15.191,15.231,15.33,15.102
2016-08-04,15.3,15.33,15.389,15.152
2016-08-05,15.3,15.112,15.419,15.053
2016-08-08,14.835,15.241,15.27,14.835
2016-08-09,15.221,15.32,15.379,15.112
2016-08-10,15.241,15.27,15.35,15.122
2016-08-11,15.29,15.033,15.3,14.983
2016-08-12,15.043,15.152,15.181,15.043
2016-08-15,15.102,15.399,15.449,15.102
2016-08-16,15.389,15.429,15.508,15.34
2016-08-17,15.409,15.478,15.607,15.36
2016-08-18,15.409,15.449,15.518,15.37
2016-08-19,15.508,15.439,15.518,15.379
2016-08-22,15.379,15.35,15.488,15.33
2016-08-23,15.36,15.558,15.577,15.36
2016-08-24,15.587,15.548,15.647,15.409
2016-08-25,15.459,15.439,15.597,15.033
2016-08-26,15.449,15.419,15.597,15.379
2016-08-29,15.31,15.478,15.508,15.251
2016-08-30,15.33,15.429,15.607,15.33
2016-08-31,15.429,15.389,15.488,15.33
2016-09-01,15.35,15.152,15.429,15.152
2016-09-02,15.152,15.27,15.35,15.142
2016-09-05,15.241,15.27,15.429,15.231
2016-09-06,15.251,15.488,15.498,15.181
2016-09-07,15.459,15.36,15.548,15.34
2016-09-08,15.399,15.548,15.558,15.37
2016-09-09,15.587,15.449,15.726,15.389
2016-09-12,15.191,14.825,15.251,14.805
2016-09-13,14.874,14.785,14.973,14.696
2016-09-14,14.706,14.716,14.805,14.617
2016-09-19,14.716,15.013,15.102,14.706
2016-09-20,15.023,14.963,15.122,14.874
2016-09-21,14.963,15.013,15.112,14.963
2016-09-22,15.043,15.023,15.181,15.013
2016-09-23,15.072,15.023,15.211,14.944
2016-09-26,15.023,14.765,15.053,14.696
2016-09-27,14.696,14.874,14.904,14.696
2016-09-28,14.874,14.983,15.092,14.825
2016-09-29,14.973,14.914,15.082,14.884
2016-09-30,14.924,14.914,14.983,14.855
2016-10-10,14.934,15.191,15.211,14.845
2016-10-11,15.201,15.221,15.29,15.132
2016-10-12,15.181,15.32,15.35,15.122
2016-10-13,15.32,15.36,15.409,14.954
2016-10-14,15.34,15.3,15.34,15.171
2016-10-17,15.33,15.043,15.379,14.914
2016-10-18,14.973,15.528,15.825,14.963
2016-10-19,15.409,15.389,15.627,15.33
2016-10-20,15.389,15.439,15.488,15.31
2016-10-21,15.439,15.31,15.498,15.201
2016-10-24,15.33,15.439,15.498,15.261
2016-10-25,15.439,15.469,15.587,15.379
2016-10-26,15.478,15.538,15.538,15.379
2016-10-27,15.508,15.587,15.667,15.508
2016-10-28,15.587,15.33,15.607,15.29
2016-10-31,15.28,15.33,15.37,15.181
2016-11-01,15.439,15.379,15.518,15.261
2016-11-02,15.34,15.251,15.469,15.201
2016-11-03,15.112,15.251,15.399,15.072
2016-11-04,15.29,15.409,15.498,15.211
2016-11-07,15.409,15.31,15.449,15.251
2016-11-08,15.36,15.518,15.597,15.32
2016-11-09,15.478,15.32,15.607,15.251
2016-11-10,15.409,15.558,15.577,15.409
2016-11-11,15.538,15.627,15.627,15.409
2016-11-14,15.548,15.627,15.756,15.498
2016-11-15,15.637,15.914,16.043,15.568
2016-11-16,15.944,16.053,16.142,15.746
2016-11-17,16.122,15.845,16.191,15.785
2016-11-18,15.795,15.855,15.934,15.716
2016-11-21,15.934,16.251,16.32,15.865
2016-11-22,16.142,16.647,16.934,16.142
2016-11-23,16.548,16.271,16.687,16.152
2016-11-24,16.34,16.38,16.597,16.271
2016-11-25,16.439,16.271,16.439,16.053
2016-11-28,16.29,15.974,16.39,15.944
2016-11-29,15.983,15.746,16.122,15.736
2016-11-30,15.716,15.498,15.726,15.449
2016-12-01,15.498,15.568,15.696,15.478
2016-12-02,15.597,15.132,15.597,15.092
2016-12-05,14.944,15.033,15.211,14.864
2016-12-06,15.072,15.082,15.152,15.013
2016-12-07,15.102,15.36,15.459,15.102
2016-12-08,15.35,15.27,15.508,15.261
2016-12-09,15.28,15.191,15.399,15.063
2016-12-12,15.023,14.221,15.3,14.171
2016-12-13,14.221,14.419,14.548,14.112
2016-12-14,14.439,14.419,14.528,14.33
2016-12-15,14.359,14.33,14.538,14.161
2016-12-16,14.488,15.231,15.766,14.488
2016-12-19,15.063,15.102,15.548,14.934
2016-12-20,14.973,15.013,15.112,14.884
2016-12-21,14.954,15.241,15.3,14.934
2016-12-22,15.152,15.211,15.34,15.033
2016-12-23,15.053,14.726,15.132,14.666
2016-12-26,14.557,14.736,14.785,14.369
2016-12-27,14.656,14.884,14.983,14.656
2016-12-28,14.845,14.785,15.003,14.756
2016-12-29,14.884,14.864,15.053,14.736
2016-12-30,14.785,14.904,15.053,14.785
2017-01-03,15.043,15.053,15.112,14.894
2017-01-04,15.082,15.211,15.389,15.013
2017-01-05,15.171,15.538,15.805,15.171
2017-01-06,15.449,15.716,15.944,15.3
2017-01-09,15.676,16.271,16.33,15.548
2017-01-10,16.38,15.924,16.39,15.726
2017-01-11,15.944,15.508,15.993,15.429
2017-01-12,15.498,15.389,15.706,15.31
2017-01-13,15.389,15.082,15.429,14.963
2017-01-16,14.973,14.775,15.122,14.201
2017-01-17,14.696,14.726,14.756,14.409
2017-01-18,14.716,14.835,14.954,14.577
2017-01-19,14.607,14.924,15.063,14.597
2017-01-20,14.914,15.439,15.726,14.815
2017-01-23,15.3,15.201,15.35,15.162
2017-01-24,15.053,15.171,15.241,14.934
2017-01-25,14.944,15.063,15.162,14.944
2017-01-26,15.053,15.033,15.102,14.973
2017-02-03,15.033,15.419,15.478,14.983
2017-02-06,15.706,15.37,15.706,15.29
2017-02-07,15.31,15.716,15.924,15.31
2017-02-08,15.568,15.657,15.657,15.251
2017-02-09,15.568,15.686,15.875,15.528
2017-02-10,15.637,15.478,15.746,15.449
2017-02-13,15.439,15.766,15.785,15.379
2017-02-14,15.696,15.617,15.825,15.508
2017-02-15,15.597,15.34,15.597,15.33
2017-02-16,15.34,15.072,15.528,14.973
2017-02-17,15.112,15.063,15.439,14.815
2017-02-20,15.152,15.379,15.766,15.152
2017-02-21,15.171,15.35,15.488,15.171
2017-02-22,15.32,15.875,16.023,15.32
2017-02-23,15.835,15.766,15.835,15.587
2017-02-24,15.716,15.785,15.825,15.617
2017-02-27,15.795,15.469,16.013,15.429
2017-02-28,15.469,15.548,15.597,15.429
2017-03-01,15.568,15.716,15.934,15.429
2017-03-02,15.657,15.627,15.706,15.439
2017-03-03,15.597,15.894,15.904,15.459
2017-03-06,15.934,15.924,15.983,15.736
2017-03-07,15.894,15.865,15.924,15.676
2017-03-08,15.884,15.676,15.884,15.528
2017-03-09,15.657,15.558,15.676,15.459
2017-03-10,15.478,15.459,15.617,15.429
2017-03-13,15.419,15.498,15.498,15.211
2017-03-14,15.498,15.34,15.647,15.33
2017-03-15,15.251,15.449,15.637,15.191
2017-03-16,15.399,15.488,15.538,15.36
2017-03-17,15.449,15.231,15.587,15.171
2017-03-20,15.261,15.439,15.528,15.231
2017-03-21,15.488,15.379,15.488,15.32
2017-03-22,15.3,15.27,15.36,15.013
2017-03-23,15.27,15.261,15.37,15.053
2017-03-24,15.201,15.28,15.31,15.171
2017-03-27,15.28,15.132,15.3,15.082
2017-03-28,15.072,15.072,15.379,15.023
2017-03-29,15.102,14.815,15.191,14.795
2017-03-30,14.855,14.478,14.914,14.429
2017-03-31,14.518,14.686,14.756,14.518
2017-04-05,14.656,14.914,14.983,14.607
2017-04-06,14.914,14.825,14.954,14.775
2017-04-07,14.845,14.835,14.884,14.775
2017-04-10,14.835,14.815,14.944,14.775
2017-04-11,14.765,14.855,14.874,14.627
2017-04-12,14.815,14.845,14.894,14.666
2017-04-13,14.805,14.884,14.934,14.756
2017-04-14,14.894,14.637,14.894,14.587
2017-04-17,14.587,14.379,14.627,14.241
2017-04-18,14.27,14.32,14.449,14.27
2017-04-19,14.31,14.082,14.32,13.864
2017-04-20,14.072,13.943,14.112,13.864
2017-04-21,14.072,13.973,14.072,13.904
2017-04-24,14.013,13.23,14.013,13.181
2017-04-25,13.221,13.339,13.429,13.211
2017-04-26,13.389,13.785,13.983,13.349
2017-04-27,13.597,13.666,13.736,13.379
2017-04-28,13.716,13.686,13.716,13.577
2017-05-02,13.577,13.636,13.686,13.577
2017-05-03,13.676,13.656,13.706,13.567
2017-05-04,13.636,13.656,13.785,13.557
2017-05-05,13.577,13.627,13.706,13.488
2017-05-08,13.627,13.547,13.716,13.537
2017-05-09,13.537,13.597,13.656,13.221
2017-05-10,13.597,13.28,13.676,13.27
2017-05-11,13.28,13.131,13.419,12.884
2017-05-12,13.131,12.874,13.181,12.834
2017-05-15,12.874,12.923,13.042,12.874
2017-05-16,12.923,13.151,13.181,12.696
2017-05-17,13.092,13.112,13.24,13.072
2017-05-18,12.943,12.914,13.191,12.904
2017-05-19,12.923,12.904,13.042,12.775
2017-05-22,12.904,12.428,12.914,12.28
2017-05-23,12.448,11.636,12.448,11.616
2017-05-24,11.388,11.606,11.636,11.101
2017-05-25,11.557,11.646,11.686,11.289
2017-05-26,11.646,11.616,11.735,11.547
2017-05-31,11.735,11.587,11.973,11.587
2017-06-01,11.488,11.27,11.577,11.27
2017-06-02,11.22,11.369,11.438,11.091
2017-06-05,11.448,11.596,11.705,11.448
2017-06-06,11.596,11.715,11.765,11.507
2017-06-07,11.725,12.002,12.002,11.686
2017-06-08,12.012,12.042,12.181,11.903
2017-06-09,12.062,11.913,12.062,11.814
2017-06-12,11.913,11.705,12.032,11.686
2017-06-13,11.795,12.082,12.181,11.795
2017-06-14,12.032,12.082,12.27,11.933
2017-06-15,12.082,12.3,12.3,12.052
2017-06-16,12.38,12.35,12.47,12.15
2017-06-19,12.3,12.38,12.46,12.26
2017-06-20,12.46,12.46,12.88,12.35
2017-06-21,12.47,12.54,12.59,12.31
2017-06-22,12.39,12.51,12.77,12.39
2017-06-23,12.44,12.34,12.49,12.12
2017-06-26,12.3,12.45,12.54,12.22
2017-06-27,12.48,12.47,12.55,12.42
2017-06-28,12.48,12.34,12.48,12.31
2017-06-29,12.33,12.45,12.51,12.32
2017-06-30,12.46,12.45,12.57,12.37
2017-07-03,12.46,12.46,12.52,12.34
2017-07-04,12.4,12.51,12.53,12.39
2017-07-05,12.5,12.7,12.74,12.42
2017-07-06,12.7,12.63,12.7,12.51
2017-07-07,12.59,12.78,12.79,12.59
2017-07-10,12.78,13.74,13.88,12.61
2017-07-11,14.01,13.0,14.05,12.98
2017-07-12,12.9,12.61,13.0,12.49
2017-07-13,12.52,12.65,12.7,12.52
2017-07-14,12.63,12.48,12.68,12.47
2017-07-17,12.43,11.55,12.43,11.23
2017-07-18,11.41,11.62,11.7,11.3
2017-07-19,11.62,11.84,11.86,11.55
2017-07-20,11.83,11.84,11.9,11.76
2017-07-21,11.75,11.81,11.93,11.74
2017-07-24,11.8,12.05,12.11,11.73
2017-07-25,12.04,12.07,12.08,11.9
2017-07-26,12.07,12.14,12.2,11.94
2017-07-27,12.13,12.29,12.37,12.03
2017-07-28,12.29,12.21,12.34,12.2
2017-07-31,12.21,12.23,12.28,12.16
2017-08-01,12.23,12.39,12.58,12.23
2017-08-02,12.26,12.12,12.35,12.11
2017-08-03,12.12,12.06,12.23,11.97
2017-08-04,12.16,12.04,12.16,11.99
2017-08-07,12.04,12.07,12.15,11.96
2017-08-08,12.07,12.07,12.14,12.01
2017-08-09,12.09,12.06,12.12,12.01
2017-08-10,12.14,12.22,12.44,12.14
2017-08-11,12.01,11.91,12.03,11.82
2017-08-14,11.94,11.99,12.05,11.83
2017-08-15,12.02,12.03,12.05,11.94
2017-08-16,12.04,12.12,12.16,11.97
2017-08-17,12.1,12.28,12.32,12.09
2017-08-18,12.2,12.38,12.4,12.11
2017-08-21,12.48,12.5,12.55,12.32
2017-08-22,12.46,12.35,12.53,12.32
2017-08-23,12.38,12.34,12.45,12.21
2017-08-24,12.34,12.17,12.38,12.13
2017-08-25,12.17,12.34,12.38,12.15
2017-08-28,12.37,12.45,12.48,12.3
2017-08-29,12.51,12.47,12.56,12.39
2017-08-30,12.39,12.43,12.53,12.37
2017-08-31,12.48,12.88,13.05,12.48
2017-09-01,12.81,12.92,12.98,12.73
2017-09-04,12.81,13.07,13.13,12.76
2017-09-05,13.02,12.92,13.14,12.91
2017-09-06,12.88,12.79,12.9,12.7
2017-09-07,12.75,12.74,12.93,12.72
2017-09-08,12.71,12.91,12.92,12.71
2017-09-11,12.99,13.29,13.33,12.94
2017-09-12,13.25,13.15,13.43,13.15
2017-09-13,13.08,13.24,13.25,13.05
2017-09-14,13.25,13.0,13.3,12.99
2017-09-15,12.93,13.08,13.11,12.93
2017-09-18,13.09,13.29,13.37,13.0
2017-09-19,13.29,13.12,13.35,13.0
2017-09-20,13.11,13.19,13.26,12.98
2017-09-21,13.22,13.41,13.54,13.15
2017-09-22,13.29,13.18,13.48,13.12
2017-09-25,13.1,12.85,13.27,12.81
2017-09-26,12.85,12.92,13.07,12.85
2017-09-27,12.9,13.06,13.09,12.88
2017-09-28,13.06,13.36,13.95,12.95
2017-09-29,13.16,13.59,13.62,13.13
2017-10-09,13.65,13.88,14.08,13.65
2017-10-10,13.75,13.69,13.85,13.6
2017-10-11,13.57,13.73,14.07,13.57
2017-10-12,13.73,13.61,13.77,13.42
2017-10-13,13.6,13.45,13.63,13.34
2017-10-16,13.54,13.16,13.55,13.13
2017-10-17,13.16,13.08,13.35,13.05
2017-10-18,13.24,12.89,13.24,12.86
2017-10-19,12.88,12.73,12.98,12.67
2017-10-20,12.71,12.9,12.94,12.71
2017-10-23,12.9,12.93,13.04,12.83
2017-10-24,12.91,12.71,12.91,12.6
2017-10-25,12.74,12.84,12.85,12.62
2017-10-26,12.88,12.94,12.95,12.68
2017-10-27,13.08,13.13,13.37,13.08
2017-10-30,13.08,12.75,13.08,12.72
2017-10-31,12.67,12.83,12.9,12.67
2017-11-01,12.82,12.71,12.94,12.7
2017-11-02,12.73,12.42,12.76,12.38
2017-11-03,12.41,12.27,12.48,12.2
2017-11-06,12.25,12.4,12.45,12.21
2017-11-07,12.4,12.45,12.48,12.35
2017-11-08,12.43,12.52,12.65,12.43
2017-11-09,12.52,12.59,12.67,12.46
2017-11-10,12.55,12.58,12.63,12.51
2017-11-13,12.55,12.62,12.79,12.33
2017-11-14,12.62,12.31,12.68,12.27
2017-11-15,12.16,12.21,12.38,12.15
2017-11-16,12.21,12.2,12.29,12.16
2017-11-17,12.2,11.88,12.24,11.71
2017-11-20,11.88,11.74,11.88,11.55
2017-11-21,11.73,11.69,11.82,11.64
2017-11-22,11.68,11.75,11.79,11.63
2017-11-23,11.74,11.44,11.74,11.43
2017-11-24,11.52,11.48,11.57,11.44
2017-11-27,11.57,11.49,11.6,11.39
2017-11-28,11.5,11.71,11.79,11.5
2017-11-29,11.75,11.77,11.79,11.61
2017-11-30,11.71,11.74,11.93,11.7
2017-12-01,11.75,11.84,11.96,11.63
2017-12-04,11.84,11.66,11.95,11.64
2017-12-05,11.7,11.53,11.77,11.46
2017-12-06,11.53,11.53,11.71,11.46
2017-12-07,11.55,11.54,11.64,11.49
2017-12-08,11.53,11.6,11.63,11.52
2017-12-11,11.59,11.74,11.75,11.57
2017-12-12,11.69,11.56,11.74,11.54
2017-12-13,11.65,11.62,11.65,11.43
2017-12-14,11.56,11.59,11.68,11.53
2017-12-15,11.62,11.54,11.62,11.46
2017-12-18,11.54,11.63,11.64,11.51
2017-12-19,11.63,11.72,11.75,11.59
2017-12-20,11.82,11.62,11.82,11.61
2017-12-21,11.62,11.75,11.9,11.52
2017-12-22,11.8,11.78,11.84,11.72
2017-12-25,11.77,11.95,11.96,11.66
2017-12-26,11.92,12.07,12.19,11.9
2017-12-27,12.11,11.98,12.13,11.96
2017-12-28,12.1,11.88,12.1,11.85
2017-12-29,11.93,11.99,12.03,11.82
2018-01-02,12.01,12.03,12.13,11.91
2018-01-03,11.96,12.08,12.12,11.96
2018-01-04,12.03,12.19,12.2,11.96
2018-01-05,12.15,12.3,12.44,12.08
2018-01-08,12.4,12.6,12.68,12.22
2018-01-09,12.57,12.47,12.75,12.42
2018-01-10,12.42,12.78,12.8,12.41
2018-01-11,12.71,12.75,12.85,12.62
2018-01-12,12.7,12.49,12.74,12.46
2018-01-15,12.53,12.2,12.54,12.12
2018-01-16,12.15,12.4,12.41,12.15
2018-01-17,12.35,12.46,12.48,12.18
2018-01-18,12.42,12.65,12.7,12.41
2018-01-19,12.65,12.73,12.8,12.55
2018-01-22,12.63,12.72,12.76,12.56
2018-01-23,12.75,12.46,12.79,12.44
2018-01-24,12.45,12.49,12.58,12.31
2018-01-25,12.52,12.41,12.57,12.41
2018-01-26,12.41,12.41,12.61,12.37
2018-01-29,12.35,12.29,12.52,12.17
2018-01-30,12.33,12.3,12.41,12.18
2018-01-31,12.35,12.18,12.35,12.15
2018-02-01,12.2,11.61,12.34,11.6
2018-02-02,11.51,11.7,11.98,11.44
2018-02-05,11.51,11.55,11.69,11.28
2018-02-06,11.5,10.92,11.66,10.88
2018-02-07,11.08,10.93,11.23,10.73
2018-02-08,11.09,11.05,11.15,10.93
2018-02-09,11.0,10.8,11.3,10.68
2018-02-12,10.85,11.22,11.4,10.85
2018-02-13,11.22,11.37,11.51,11.11
2018-02-14,11.5,11.64,11.74,11.31
2018-02-22,11.64,11.65,11.8,11.53
2018-02-23,11.6,11.49,11.71,11.33
2018-02-26,11.5,11.82,11.87,11.49
2018-02-27,11.71,11.86,11.9,11.71
2018-02-28,11.77,11.95,12.12,11.66
2018-03-01,11.88,12.33,12.47,11.84
2018-03-02,12.13,12.31,12.46,12.13
2018-03-05,12.27,12.59,12.6,12.27
2018-03-06,12.64,12.62,12.66,12.43
2018-03-07,12.61,12.55,12.64,12.44
2018-03-08,12.46,12.51,12.56,12.39
2018-03-09,12.51,12.72,12.95,12.4
2018-03-12,12.7,12.83,12.92,12.7
2018-03-13,12.85,12.69,12.92,12.61
2018-03-14,12.57,12.41,12.78,12.4
2018-03-15,12.41,12.41,12.6,12.31
2018-03-16,12.4,12.42,12.57,12.35
2018-03-19,12.33,12.45,12.53,12.33
2018-03-20,12.39,12.64,12.73,12.36
2018-03-21,12.55,12.65,12.73,12.5
2018-03-22,12.65,12.64,12.74,12.52
2018-03-23,12.43,11.7,12.47,11.6
2018-03-26,11.68,11.59,11.7,11.28
2018-03-27,11.68,12.14,12.2,11.68
2018-03-28,12.0,12.1,12.14,11.85
2018-03-29,12.1,12.08,12.29,11.83
2018-03-30,12.11,12.32,12.4,12.02
2018-04-02,12.25,11.99,12.36,11.88
2018-04-03,11.88,11.73,11.88,11.52
2018-04-04,11.74,11.66,11.8,11.53
2018-04-09,11.64,11.49,11.64,11.34
2018-04-10,11.49,11.51,11.58,11.26
2018-04-11,11.53,11.51,11.56,11.43
2018-04-12,11.45,11.14,11.53,11.06
2018-04-13,11.17,11.18,11.22,11.06
2018-04-16,11.18,11.09,11.18,10.91
2018-04-17,11.09,11.01,11.14,10.8
2018-04-18,11.03,10.82,11.05,10.65
2018-04-19,10.73,10.74,10.82,10.64
2018-04-20,10.69,10.36,10.76,10.33
2018-04-23,10.31,10.26,10.38,10.19
2018-04-24,10.3,10.48,10.53,10.3
2018-04-25,10.46,10.41,10.61,10.36
2018-04-26,10.44,10.2,10.45,10.15
2018-04-27,10.21,10.29,10.39,10.21
2018-05-02,10.38,10.54,10.61,10.38
2018-05-03,10.57,10.74,10.79,10.42
2018-05-04,10.73,10.72,10.77,10.5
2018-05-07,10.78,10.82,10.9,10.69
2018-05-08,10.82,10.8,10.87,10.68
2018-05-09,10.85,10.78,10.85,10.7
2018-05-10,10.77,10.82,10.84,10.72
2018-05-11,10.75,10.88,11.07,10.75
2018-05-14,10.8,10.73,10.9,10.68
2018-05-15,10.8,10.78,10.8,10.69
2018-05-16,10.77,10.59,10.79,10.57
2018-05-17,10.58,10.61,10.7,10.55
2018-05-18,10.53,10.6,10.66,10.52
2018-05-21,10.78,10.78,10.8,10.6
2018-05-22,10.75,10.83,10.84,10.73
2018-05-23,10.83,10.72,10.83,10.59
2018-05-24,10.65,10.56,10.72,10.53
2018-05-25,10.68,10.65,10.77,10.6
