date,open,close,high,low
2016-01-04,10.95,9.89,10.95,9.89
2016-01-05,8.92,9.12,9.68,8.9
2016-01-06,9.2,9.34,9.4,9.0
2016-01-07,9.12,8.41,9.12,8.41
2016-01-08,8.6,8.15,8.68,7.61
2016-01-11,7.9,7.34,7.95,7.34
2016-01-12,7.26,7.35,7.55,6.94
2016-01-13,7.44,6.92,7.5,6.9
2016-01-14,6.62,7.23,7.29,6.57
2016-01-15,7.16,7.16,7.59,7.05
2016-01-18,6.96,7.31,7.5,6.85
2016-01-19,7.31,7.65,7.66,7.2
2016-01-20,7.55,8.01,8.17,7.38
2016-01-21,7.78,7.25,8.05,7.21
2016-01-22,7.36,7.4,7.49,7.04
2016-01-25,7.49,7.44,7.6,7.28
2016-01-26,7.27,6.7,7.4,6.7
2016-01-27,6.63,6.41,6.74,6.03
2016-01-28,6.33,6.17,6.63,6.09
2016-01-29,6.2,6.51,6.6,6.11
2016-02-01,6.55,6.41,6.62,6.2
2016-02-02,6.45,6.69,6.8,6.37
2016-02-03,6.6,7.36,7.36,6.46
2016-02-04,7.38,7.46,7.77,7.3
2016-02-05,7.22,7.23,7.65,7.21
2016-02-15,6.85,7.13,7.25,6.85
2016-02-16,7.22,7.84,7.84,7.15
2016-02-17,7.86,7.81,8.02,7.61
2016-02-18,7.85,7.66,7.99,7.65
2016-02-19,7.64,7.89,8.19,7.6
2016-02-22,7.99,8.14,8.39,7.85
2016-02-23,8.1,7.89,8.11,7.71
2016-02-24,7.81,8.03,8.06,7.72
2016-02-25,8.0,7.23,8.0,7.23
2016-02-26,7.35,7.13,7.39,6.88
2016-02-29,7.1,6.58,7.15,6.42
2016-03-01,6.62,6.79,6.83,6.4
2016-03-02,6.76,7.18,7.23,6.71
2016-03-03,7.17,7.15,7.46,7.12
2016-03-04,7.11,6.81,7.2,6.63
2016-03-07,6.89,7.18,7.19,6.83
2016-03-08,7.13,7.13,7.17,6.78
2016-03-09,6.92,6.89,7.07,6.82
2016-03-10,6.94,7.01,7.28,6.83
2016-03-11,6.77,6.89,7.0,6.76
2016-03-14,6.98,7.1,7.25,6.9
2016-03-15,7.13,7.65,7.81,7.07
2016-03-16,7.77,7.58,7.95,7.36
2016-03-17,7.57,7.73,7.8,7.42
2016-03-18,7.68,7.96,8.09,7.68
2016-03-21,8.0,8.16,8.25,7.88
2016-03-22,8.0,7.93,8.08,7.9
2016-03-23,7.86,8.03,8.08,7.78
2016-03-24,7.91,7.67,7.96,7.65
2016-03-25,7.69,7.82,7.94,7.67
2016-03-28,7.89,8.11,8.6,7.85
2016-03-29,8.03,7.8,8.09,7.68
2016-03-30,7.88,8.11,8.15,7.8
2016-03-31,8.23,8.67,8.92,8.16
2016-04-01,8.45,9.54,9.54,8.41
2016-04-05,9.45,9.78,9.98,9.26
2016-04-06,9.57,9.48,9.69,9.22
2016-04-07,9.49,9.38,9.85,9.36
2016-04-08,9.1,9.01,9.2,8.77
2016-04-11,9.14,9.17,9.3,9.03
2016-04-12,9.12,9.39,9.48,8.82
2016-04-13,9.34,9.32,9.57,9.29
2016-04-14,9.38,9.42,9.55,9.29
2016-04-15,9.42,9.61,9.98,9.34
2016-04-18,9.42,9.26,9.43,9.08
2016-04-19,9.3,9.36,9.55,9.16
2016-04-20,9.36,8.69,9.39,8.52
2016-04-21,8.73,8.83,9.18,8.69
2016-04-22,8.58,9.1,9.12,8.51
2016-04-25,8.97,9.21,9.45,8.79
2016-04-26,9.45,10.13,10.13,9.32
2016-04-27,10.8,10.73,11.14,10.54
2016-04-28,10.73,10.37,10.77,10.16
2016-04-29,10.36,10.03,10.62,10.02
2016-05-03,10.08,10.17,10.35,9.81
2016-05-04,10.06,10.36,10.48,10.01
2016-05-05,10.25,10.2,10.38,10.1
2016-05-06,10.04,9.24,10.15,9.18
2016-05-09,8.89,8.33,8.95,8.32
2016-05-10,8.15,8.19,8.39,8.01
2016-05-11,8.33,8.14,8.45,8.12
2016-05-12,7.75,7.96,8.0,7.44
2016-05-13,7.9,7.98,8.18,7.86
2016-05-16,8.12,8.4,8.45,8.06
2016-05-17,8.32,8.26,8.42,8.18
2016-05-18,7.95,7.65,7.95,7.47
2016-05-19,7.66,7.71,7.91,7.66
2016-05-20,7.55,7.8,7.8,7.53
2016-05-23,7.83,8.11,8.26,7.8
2016-05-24,8.06,7.94,8.07,7.8
2016-05-25,8.01,7.86,8.1,7.8
2016-05-26,7.8,7.89,7.91,7.55
2016-05-27,7.89,8.04,8.19,7.8
2016-05-30,7.89,8.07,8.29,7.71
2016-05-31,8.03,8.4,8.46,8.0
2016-06-01,8.37,8.45,8.59,8.3
2016-06-02,8.4,8.73,8.87,8.35
2016-06-03,8.7,8.85,8.97,8.56
2016-06-06,8.83,8.78,8.96,8.71
2016-06-07,8.78,8.81,8.89,8.65
2016-06-08,8.74,8.57,8.78,8.44
2016-06-13,8.38,7.74,8.43,7.72
2016-06-14,7.74,7.94,7.96,7.73
2016-06-15,7.78,8.17,8.26,7.75
2016-06-16,8.17,8.06,8.22,8.02
2016-06-17,8.08,8.14,8.28,8.07
2016-06-20,8.0,8.06,8.14,7.81
2016-06-21,8.1,8.69,8.74,8.07
2016-06-22,8.48,8.6,8.71,8.34
2016-06-23,8.56,8.49,8.79,8.48
2016-06-24,8.52,8.6,8.89,8.11
2016-06-27,8.45,8.85,8.87,8.43
2016-06-28,8.8,8.82,8.85,8.63
2016-06-29,8.85,8.74,9.18,8.71
2016-06-30,8.71,8.97,9.07,8.66
2016-07-01,8.96,8.74,9.0,8.72
2016-07-04,8.65,8.82,8.86,8.61
2016-07-05,8.8,8.8,8.93,8.71
2016-07-06,8.76,8.99,9.12,8.72
2016-07-07,8.91,8.87,8.94,8.65
2016-07-08,8.9,8.85,9.05,8.84
2016-07-11,8.8,8.77,9.01,8.76
2016-07-12,8.78,8.78,8.84,8.51
2016-07-13,8.79,8.94,9.05,8.7
2016-07-14,8.89,9.28,9.35,8.8
2016-07-15,9.49,9.25,9.59,9.06
2016-07-18,9.31,9.64,10.1,9.31
2016-07-19,9.5,9.51,9.56,9.31
2016-07-20,9.5,9.47,9.83,9.46
2016-07-21,9.47,9.51,9.72,9.31
2016-07-22,9.4,9.92,10.24,9.36
2016-07-25,9.89,10.3,10.45,9.77
2016-07-26,10.16,10.15,10.54,10.0
2016-07-27,10.02,9.57,10.19,9.14
2016-07-28,9.45,9.41,9.68,9.16
2016-07-29,9.4,9.44,9.56,9.28
2016-08-01,9.59,9.61,10.18,9.51
2016-08-02,9.3,10.25,10.29,9.2
2016-08-03,10.06,10.13,10.37,10.02
2016-08-04,10.1,10.25,10.66,10.09
2016-08-05,10.17,10.07,10.46,10.02
2016-08-08,9.98,10.25,10.3,9.87
2016-08-09,10.17,10.48,10.55,10.05
2016-08-10,10.35,10.16,10.45,10.12
2016-08-11,10.12,10.71,10.97,10.0
2016-08-12,10.55,10.59,10.7,10.44
2016-08-15,10.52,10.61,10.89,10.33
2016-08-16,10.51,10.63,10.85,10.4
2016-08-17,10.61,11.11,11.44,10.54
2016-08-18,10.98,10.82,11.1,10.78
2016-08-19,10.75,10.94,11.15,10.74
2016-08-22,10.96,10.44,11.05,10.41
2016-08-23,10.0,9.61,10.1,9.46
2016-08-24,9.62,9.66,9.69,9.51
2016-08-25,9.55,9.57,9.61,9.31
2016-08-26,9.6,9.59,9.77,9.5
2016-08-29,9.53,9.61,9.74,9.48
2016-08-30,9.61,9.48,9.64,9.46
2016-08-31,9.48,9.46,9.53,9.31
2016-09-01,9.42,9.49,9.76,9.32
2016-09-02,9.43,9.31,9.5,9.3
2016-09-05,9.32,9.29,9.44,9.2
2016-09-06,9.27,9.38,9.41,9.06
2016-09-07,9.37,9.38,9.57,9.34
2016-09-08,9.35,9.33,9.42,9.21
2016-09-09,9.33,9.19,9.33,9.18
2016-09-12,8.9,8.76,9.01,8.74
2016-09-13,8.82,8.88,8.89,8.75
2016-09-14,8.8,8.94,9.18,8.75
2016-09-19,8.93,9.04,9.08,8.88
2016-09-20,9.04,8.97,9.11,8.96
2016-09-21,8.98,8.99,9.08,8.91
2016-09-22,9.06,9.15,9.17,9.0
2016-09-23,9.15,9.07,9.18,9.0
2016-09-26,8.97,8.75,8.97,8.73
2016-09-27,8.72,8.84,8.86,8.65
2016-09-28,8.81,8.77,8.87,8.74
2016-09-29,8.82,9.02,9.16,8.77
2016-09-30,8.98,9.31,9.41,8.92
2016-10-10,9.36,9.36,9.37,9.2
2016-10-11,9.34,9.37,9.39,9.28
2016-10-12,9.35,9.58,9.73,9.25
2016-10-13,9.5,9.38,9.56,9.36
2016-10-14,9.37,9.39,9.54,9.32
2016-10-17,9.36,9.18,9.45,9.12
2016-10-18,9.19,9.35,9.38,9.19
2016-10-19,9.35,9.43,9.56,9.3
2016-10-20,9.38,9.31,9.42,9.29
2016-10-21,9.3,9.27,9.34,9.17
2016-10-24,9.27,9.3,9.33,9.2
2016-10-25,9.3,9.5,9.54,9.28
2016-10-26,9.67,9.46,9.74,9.37
2016-10-27,9.39,9.33,9.44,9.27
2016-10-28,9.32,9.26,9.39,9.25
2016-10-31,9.2,9.09,9.2,8.97
2016-11-01,9.07,9.15,9.17,9.02
2016-11-02,9.1,9.01,9.11,9.0
2016-11-03,9.0,9.09,9.16,8.99
2016-11-04,9.08,9.29,9.34,9.08
2016-11-07,9.26,9.2,9.27,9.1
2016-11-08,9.48,10.12,10.12,9.35
2016-11-09,10.29,10.69,11.13,10.18
2016-11-10,10.5,10.73,10.88,10.32
2016-11-11,10.55,10.43,10.71,10.3
2016-11-14,10.32,10.35,10.42,10.16
2016-11-15,10.3,10.26,10.54,10.19
2016-11-16,10.25,10.15,10.3,10.08
2016-11-17,10.15,9.93,10.17,9.84
2016-11-18,9.93,10.13,10.2,9.84
2016-11-21,10.01,10.03,10.15,9.93
2016-11-22,9.98,10.15,10.23,9.96
2016-11-23,10.11,9.88,10.15,9.83
2016-11-24,9.85,9.96,10.04,9.85
2016-11-25,9.9,9.76,9.97,9.6
2016-11-28,9.79,9.78,9.94,9.68
2016-11-29,9.69,9.61,9.88,9.58
2016-11-30,9.62,9.67,9.7,9.52
2016-12-01,9.63,9.74,9.77,9.62
2016-12-02,9.68,9.55,9.84,9.52
2016-12-05,9.46,9.18,9.47,9.17
2016-12-06,9.22,9.34,9.49,9.18
2016-12-07,9.3,9.42,9.44,9.28
2016-12-08,9.41,9.41,9.62,9.35
2016-12-09,9.44,9.43,9.5,9.28
2016-12-12,9.41,9.0,9.65,8.92
2016-12-13,9.04,9.13,9.16,8.88
2016-12-14,9.2,9.15,9.34,9.0
2016-12-15,9.2,9.34,9.46,9.13
2016-12-16,9.4,9.4,9.49,9.24
2016-12-19,9.4,9.42,9.46,9.31
2016-12-20,9.43,9.34,9.43,9.25
2016-12-21,9.36,9.42,9.48,9.32
2016-12-22,9.5,9.28,9.5,9.27
2016-12-23,9.28,9.05,9.29,9.0
2016-12-26,8.98,9.12,9.13,8.88
2016-12-27,9.06,9.45,9.47,9.05
2016-12-28,9.45,9.72,9.95,9.38
2016-12-29,9.7,9.64,9.85,9.52
2016-12-30,9.58,9.68,9.73,9.53
2017-01-03,9.7,9.82,10.14,9.68
2017-01-04,9.99,10.02,10.13,9.67
2017-01-05,9.98,9.81,10.07,9.65
2017-01-06,9.85,9.59,9.87,9.55
2017-01-09,9.58,9.7,9.74,9.46
2017-01-10,9.71,9.81,10.08,9.71
2017-01-11,9.64,9.35,9.66,9.33
2017-01-12,9.34,9.26,9.39,9.22
2017-01-13,9.24,9.1,9.35,9.08
2017-01-16,9.04,8.43,9.08,8.19
2017-01-17,8.36,8.5,8.52,8.18
2017-01-18,8.43,8.45,8.56,8.39
2017-01-19,8.45,8.36,8.46,8.34
2017-01-20,8.33,8.48,8.49,8.31
2017-01-23,8.5,8.61,8.62,8.49
2017-01-24,8.6,8.46,8.6,8.45
2017-01-25,8.46,8.59,8.65,8.39
2017-01-26,8.53,8.64,8.66,8.47
2017-02-03,8.63,8.55,8.63,8.5
2017-02-06,8.51,8.71,8.76,8.51
2017-02-07,8.66,8.75,8.77,8.62
2017-02-08,8.74,8.83,8.94,8.62
2017-02-09,8.83,8.82,8.92,8.76
2017-02-10,8.82,8.71,8.86,8.7
2017-02-13,8.74,8.7,8.76,8.63
2017-02-14,8.72,8.76,8.81,8.68
2017-02-15,8.78,8.66,8.88,8.64
2017-02-16,8.67,8.77,8.81,8.61
2017-02-17,8.75,8.88,9.07,8.64
2017-02-20,8.86,8.84,8.88,8.7
2017-02-21,8.8,8.87,8.95,8.72
2017-02-22,8.87,8.84,8.91,8.81
2017-02-23,8.86,8.93,8.95,8.8
2017-02-24,8.94,8.94,8.99,8.84
2017-02-27,8.87,8.75,8.92,8.72
2017-02-28,8.8,8.98,8.99,8.74
2017-03-01,8.97,8.87,9.05,8.84
2017-03-02,8.91,8.74,8.91,8.73
2017-03-03,8.73,8.7,8.75,8.62
2017-03-06,8.75,8.78,8.82,8.7
2017-03-07,8.73,8.81,8.92,8.73
2017-03-08,8.89,8.75,8.9,8.74
2017-03-09,8.74,8.72,8.83,8.61
2017-03-10,8.73,8.62,8.75,8.59
2017-03-13,8.67,8.66,8.74,8.52
2017-03-14,8.66,8.54,8.69,8.51
2017-03-15,8.48,8.49,8.59,8.46
2017-03-16,8.53,8.58,8.62,8.51
2017-03-17,8.6,8.56,8.62,8.53
2017-03-20,8.6,8.49,8.61,8.41
2017-03-21,8.5,8.42,8.51,8.4
2017-03-22,8.4,8.3,8.46,8.22
2017-03-23,8.32,8.24,8.36,8.16
2017-03-24,8.27,8.43,8.46,8.24
2017-03-27,8.46,8.33,8.47,8.27
2017-03-28,8.3,8.1,8.37,8.07
2017-03-29,8.06,7.71,8.06,7.68
2017-03-30,7.7,7.54,7.75,7.51
2017-03-31,7.57,7.62,7.63,7.56
2017-04-05,7.61,7.76,7.77,7.59
2017-04-06,7.76,7.68,7.78,7.66
2017-04-07,7.66,7.7,7.71,7.62
2017-04-10,7.7,7.43,7.7,7.35
2017-04-11,7.41,7.35,7.42,7.15
2017-04-12,7.35,7.32,7.39,7.21
2017-04-13,7.32,7.34,7.4,7.28
2017-04-14,7.33,7.17,7.33,7.16
2017-04-17,7.15,6.94,7.17,6.9
2017-04-18,6.95,6.81,6.99,6.81
2017-04-19,6.81,6.68,6.9,6.58
2017-04-20,6.71,6.76,6.79,6.58
2017-04-21,6.76,6.69,6.78,6.68
2017-04-24,6.69,6.38,6.69,6.35
2017-04-25,6.46,6.39,6.49,6.35
2017-04-26,6.4,6.42,6.47,6.38
2017-04-27,6.43,6.35,6.43,6.1
2017-04-28,6.33,6.44,6.45,6.27
2017-05-02,6.38,6.48,6.73,6.31
2017-05-03,6.51,6.61,6.72,6.5
2017-05-04,6.52,6.45,6.56,6.39
2017-05-05,6.4,6.28,6.45,6.27
2017-05-08,6.23,6.05,6.25,6.04
2017-05-09,6.0,6.12,6.14,5.95
2017-05-10,6.13,5.96,6.18,5.95
2017-05-11,5.91,5.74,5.95,5.51
2017-05-12,5.72,5.7,5.77,5.63
2017-05-15,5.7,5.76,5.83,5.69
2017-05-16,5.76,5.86,5.87,5.6
2017-05-17,5.83,5.86,5.94,5.82
2017-05-18,5.81,5.8,5.92,5.78
2017-05-19,5.78,5.86,5.87,5.76
2017-05-22,5.83,5.55,5.86,5.5
2017-05-23,5.51,5.23,5.56,5.2
2017-05-24,5.21,5.24,5.28,5.05
2017-05-25,5.25,5.29,5.33,5.13
2017-05-26,5.28,5.39,5.43,5.25
2017-05-31,5.45,5.26,5.46,5.26
2017-06-01,5.26,5.15,5.3,5.13
2017-06-02,5.11,5.17,5.19,4.95
2017-06-05,5.18,5.2,5.24,5.15
2017-06-06,5.19,5.72,5.72,5.17
2017-06-07,5.77,5.88,5.94,5.62
2017-06-08,5.87,5.77,5.87,5.75
2017-06-09,5.73,5.67,5.76,5.64
2017-06-12,5.64,5.72,5.84,5.61
2017-06-13,5.62,5.74,5.75,5.62
2017-06-14,5.74,6.08,6.18,5.68
2017-06-15,5.95,5.99,6.09,5.93
2017-06-16,5.95,5.94,6.15,5.93
2017-06-19,5.94,6.0,6.07,5.85
2017-06-20,6.17,6.12,6.47,6.1
2017-06-21,6.09,6.04,6.15,5.98
2017-06-22,6.02,5.78,6.02,5.77
2017-06-23,5.76,5.9,5.9,5.75
2017-06-26,5.91,5.94,5.95,5.86
2017-06-27,5.94,5.89,5.96,5.84
2017-06-28,5.9,5.89,5.95,5.8
2017-06-29,5.85,5.88,5.91,5.84
2017-06-30,5.88,5.93,5.95,5.84
2017-07-03,5.91,5.99,6.03,5.9
2017-07-04,5.95,5.93,5.99,5.92
2017-07-05,5.92,5.95,5.96,5.87
2017-07-06,5.95,6.55,6.55,5.92
2017-07-07,6.55,6.77,7.08,6.48
2017-07-10,6.63,6.47,6.7,6.41
2017-07-11,6.38,6.37,6.45,6.3
2017-07-12,6.35,6.46,6.48,6.25
2017-07-13,6.38,6.42,6.47,6.35
2017-07-14,6.39,6.33,6.47,6.32
2017-07-17,6.3,5.7,6.3,5.7
2017-07-18,5.61,5.68,5.73,5.48
2017-07-19,5.66,5.81,5.93,5.62
2017-07-20,5.81,5.76,5.86,5.73
2017-07-21,5.73,5.76,5.85,5.7
2017-07-24,5.7,5.74,5.76,5.65
2017-07-25,5.73,5.66,5.74,5.65
2017-07-26,5.65,5.72,5.76,5.63
2017-07-27,5.72,5.82,5.83,5.66
2017-07-28,5.8,5.82,5.87,5.77
2017-07-31,5.78,5.98,6.19,5.76
2017-08-01,5.91,5.94,5.99,5.9
2017-08-02,5.94,6.03,6.12,5.9
2017-08-03,5.98,6.1,6.11,5.96
2017-08-04,6.09,6.12,6.24,6.05
2017-08-07,6.12,6.13,6.16,6.0
2017-08-08,6.08,6.1,6.18,6.07
2017-08-09,6.1,6.28,6.3,6.08
2017-08-10,6.22,6.09,6.27,6.05
2017-08-11,6.05,5.84,6.07,5.83
2017-08-14,5.81,6.01,6.02,5.81
2017-08-15,6.01,6.05,6.07,5.96
2017-08-16,6.05,6.14,6.25,6.01
2017-08-17,6.14,6.18,6.26,6.11
2017-08-18,6.12,6.1,6.15,6.06
2017-08-21,6.05,6.24,6.29,6.05
2017-08-22,6.24,6.13,6.24,6.1
2017-08-23,6.15,6.19,6.37,6.07
2017-08-24,6.15,6.08,6.19,6.02
2017-08-25,6.07,6.14,6.18,6.05
2017-08-28,6.16,6.14,6.22,6.13
2017-08-29,6.11,6.08,6.2,6.06
2017-08-30,6.06,6.09,6.12,6.03
2017-08-31,6.08,6.14,6.14,6.05
2017-09-01,6.15,6.09,6.18,6.06
2017-09-04,6.07,6.11,6.13,6.05
2017-09-05,6.11,6.13,6.16,6.06
2017-09-06,6.2,6.2,6.39,6.14
2017-09-07,6.14,6.39,6.48,6.1
2017-09-08,6.32,6.33,6.41,6.25
2017-09-11,6.29,6.33,6.4,6.27
2017-09-12,6.34,6.61,6.7,6.23
2017-09-13,6.53,6.57,6.64,6.46
2017-09-14,6.48,6.49,6.54,6.38
2017-09-15,6.5,6.79,6.85,6.41
2017-09-18,6.7,6.8,6.96,6.66
2017-09-19,6.79,6.61,6.8,6.57
2017-09-20,6.62,6.96,7.05,6.58
2017-09-21,6.9,7.08,7.27,6.8
2017-09-22,6.97,6.93,7.18,6.88
2017-09-25,6.9,6.57,6.98,6.52
2017-09-26,6.57,6.67,6.73,6.51
2017-09-27,6.65,6.79,6.87,6.58
2017-09-28,6.78,6.67,6.83,6.65
2017-09-29,6.69,6.81,6.93,6.66
2017-10-09,6.88,6.85,7.03,6.8
2017-10-10,6.86,6.93,6.94,6.72
2017-10-11,6.88,7.03,7.08,6.77
2017-10-12,6.98,7.07,7.11,6.93
2017-10-13,7.09,7.0,7.11,7.0
2017-10-16,7.0,6.88,7.02,6.76
2017-10-17,6.92,7.07,7.09,6.86
2017-10-18,7.07,7.11,7.24,6.99
2017-10-19,7.12,7.16,7.21,6.91
2017-10-20,7.15,7.17,7.22,7.09
2017-10-23,7.17,7.2,7.22,7.03
2017-10-24,7.22,7.17,7.24,7.1
2017-10-25,7.12,7.05,7.16,6.98
2017-10-26,7.08,6.93,7.08,6.82
2017-10-27,6.9,6.63,6.96,6.56
2017-10-30,6.63,6.72,6.86,6.51
2017-10-31,6.6,6.68,6.73,6.58
2017-11-01,6.7,6.75,6.82,6.63
2017-11-02,6.76,6.49,6.76,6.3
2017-11-03,6.07,6.18,6.24,6.06
2017-11-06,6.16,6.1,6.16,5.9
2017-11-07,6.18,6.12,6.18,6.02
2017-11-08,6.11,6.12,6.19,6.04
2017-11-09,6.1,6.12,6.15,6.03
2017-11-10,6.16,6.1,6.17,6.07
2017-11-13,6.09,5.92,6.09,5.85
2017-11-14,5.9,5.88,5.94,5.73
2017-11-15,5.89,5.9,5.95,5.76
2017-11-16,5.91,5.83,5.92,5.78
2017-11-17,5.83,5.67,5.83,5.66
2017-11-20,5.55,5.6,5.64,5.48
2017-11-21,5.6,5.52,5.65,5.52
2017-11-22,5.59,5.51,5.59,5.37
2017-11-23,5.44,5.39,5.52,5.38
2017-11-24,5.41,5.41,5.48,5.37
2017-11-27,5.42,5.25,5.42,5.24
2017-11-28,5.3,5.3,5.32,5.23
2017-11-29,5.31,5.25,5.31,5.16
2017-11-30,5.21,5.47,5.78,5.2
2017-12-01,5.37,5.46,5.54,5.3
2017-12-04,5.41,5.56,5.65,5.41
2017-12-05,5.56,5.86,6.04,5.51
2017-12-06,5.77,5.96,6.05,5.7
2017-12-07,5.91,6.43,6.55,5.91
2017-12-08,6.4,6.57,6.65,6.26
2017-12-11,6.5,6.52,6.62,6.41
2017-12-12,6.48,6.47,6.68,6.43
2017-12-13,6.59,6.58,6.61,6.39
2017-12-14,6.56,6.55,6.64,6.47
2017-12-15,6.53,6.66,6.68,6.42
2017-12-18,6.62,6.68,6.8,6.55
2017-12-19,6.65,6.58,6.74,6.46
2017-12-20,6.55,6.34,6.65,6.28
2017-12-21,6.37,6.33,6.4,6.2
2017-12-22,6.44,6.81,6.88,6.24
2017-12-25,6.75,6.64,6.82,6.63
2017-12-26,6.67,6.9,6.95,6.55
2017-12-27,6.91,6.84,6.95,6.77
2017-12-28,6.86,6.81,7.07,6.75
2017-12-29,6.86,7.32,7.35,6.85
2018-01-02,7.24,7.33,7.35,7.17
2018-01-03,7.26,7.25,7.29,7.17
2018-01-04,7.21,7.09,7.28,7.07
2018-01-05,7.03,6.86,7.16,6.85
2018-01-08,6.89,6.84,6.91,6.8
2018-01-09,6.82,6.88,6.93,6.73
2018-01-10,6.82,7.01,7.1,6.73
2018-01-11,7.09,7.02,7.09,6.9
2018-01-12,6.99,7.09,7.14,6.93
2018-01-15,7.0,6.9,7.06,6.75
2018-01-16,6.86,6.87,6.98,6.73
2018-01-17,6.84,6.84,6.9,6.51
2018-01-18,6.8,6.92,6.95,6.75
2018-01-19,6.91,6.94,6.97,6.82
2018-01-22,6.84,6.89,6.94,6.73
2018-01-23,6.87,6.87,6.9,6.78
2018-01-24,6.85,6.86,6.88,6.76
2018-01-25,6.82,6.86,6.9,6.8
2018-01-26,6.84,7.0,7.04,6.8
2018-01-29,6.99,6.83,7.05,6.82
2018-01-30,6.85,6.93,6.96,6.79
2018-01-31,6.78,6.83,6.95,6.64
2018-02-01,6.27,6.88,7.0,6.15
2018-02-02,6.84,6.87,6.89,6.6
2018-02-05,6.94,7.37,7.5,6.9
2018-02-06,7.3,7.18,7.36,7.13
2018-02-07,7.22,7.18,7.3,6.89
2018-02-08,7.1,7.19,7.23,6.79
2018-02-09,7.03,7.28,7.5,6.9
2018-02-12,7.2,7.17,7.27,7.03
2018-02-13,7.25,7.18,7.34,7.15
2018-02-14,7.12,7.21,7.29,6.92
2018-02-22,7.13,7.15,7.21,7.07
2018-02-23,7.07,7.07,7.12,7.05
2018-02-26,7.0,7.23,7.3,6.74
2018-02-27,7.15,7.2,7.24,7.07
2018-02-28,7.12,7.08,7.17,7.03
2018-03-01,7.02,7.07,7.1,6.92
2018-03-02,6.96,7.08,7.17,6.94
2018-03-05,7.04,7.02,7.06,6.96
2018-03-06,7.0,7.0,7.05,6.87
2018-03-07,7.0,7.02,7.04,6.94
2018-03-08,7.01,6.92,7.01,6.9
2018-03-09,6.9,6.86,6.92,6.75
2018-03-12,6.82,6.87,6.96,6.8
2018-03-13,6.86,6.75,6.87,6.73
2018-03-14,6.75,6.81,6.83,6.65
2018-03-15,6.78,6.81,6.83,6.74
2018-03-16,6.84,6.8,6.86,6.76
2018-03-19,6.66,6.69,6.77,6.66
2018-03-20,6.61,6.44,6.63,6.4
2018-03-21,6.43,6.46,6.5,6.06
2018-03-22,6.32,6.45,6.46,6.28
2018-03-23,6.2,5.81,6.29,5.81
2018-03-26,5.5,5.83,5.9,5.25
2018-03-27,5.81,6.0,6.12,5.25
2018-03-28,5.87,6.08,6.15,5.76
2018-03-29,5.98,6.18,6.23,5.98
2018-03-30,6.24,6.21,6.36,6.2
2018-04-02,6.19,6.2,6.23,6.1
2018-04-03,6.16,6.05,6.18,5.98
2018-04-04,6.09,6.02,6.16,5.95
2018-04-09,5.88,5.99,6.0,5.71
2018-04-10,5.9,5.89,5.98,5.87
2018-04-11,5.93,5.84,6.0,5.84
2018-04-12,5.84,5.84,5.89,5.81
2018-04-13,5.85,5.85,5.91,5.77
2018-04-16,5.8,5.71,5.8,5.68
2018-04-17,5.7,5.87,5.94,5.65
2018-04-18,5.79,6.03,6.05,5.72
2018-04-19,5.96,5.86,5.97,5.8
2018-04-20,5.81,5.85,5.9,5.77
2018-04-23,5.89,5.71,5.89,5.64
2018-04-24,5.67,5.78,5.9,5.65
2018-04-25,5.78,5.67,5.81,5.66
2018-04-26,5.62,5.54,5.65,5.44
2018-04-27,5.51,5.56,5.59,5.48
2018-05-02,5.55,5.71,5.72,5.4
2018-05-03,5.66,5.82,5.85,5.6
2018-05-04,5.8,6.02,6.05,5.75
2018-05-07,5.95,6.13,6.15,5.93
2018-05-08,6.13,6.32,6.34,6.05
2018-05-09,6.27,6.31,6.35,6.22
2018-05-10,6.26,6.24,6.31,6.1
2018-05-11,6.24,6.19,6.26,6.11
2018-05-14,6.12,6.15,6.19,6.09
2018-05-15,6.1,6.2,6.2,6.1
2018-05-16,6.23,6.15,6.23,6.13
2018-05-17,6.14,6.09,6.16,6.08
2018-05-18,6.05,6.2,6.21,6.03
2018-05-21,6.25,6.46,6.47,6.21
2018-05-22,6.47,6.58,6.63,6.38
2018-05-23,6.53,6.6,6.68,6.45
2018-05-24,6.1,6.4,6.56,6.1
2018-05-25,6.4,6.26,6.45,6.23
