date,open,close,high,low
2016-01-04,12.777,11.552,12.777,11.552
2016-01-05,10.756,10.975,11.453,10.507
2016-01-06,10.975,11.184,11.304,10.955
2016-01-07,10.985,10.069,10.985,10.069
2016-01-08,10.218,9.879,10.407,9.272
2016-01-11,9.69,8.893,9.69,8.893
2016-01-12,8.565,8.874,9.063,8.475
2016-01-13,8.983,8.575,9.103,8.515
2016-01-14,8.176,9.252,9.352,8.176
2016-01-15,9.122,8.834,9.152,8.724
2016-01-18,8.635,9.063,9.202,8.625
2016-01-19,8.973,9.451,9.551,8.973
2016-01-20,9.411,9.272,9.551,9.212
2016-01-21,9.152,8.784,9.272,8.754
2016-01-22,8.923,8.923,9.013,8.644
2016-01-25,9.013,9.302,9.461,9.013
2016-01-26,9.362,8.963,9.919,8.784
2016-01-27,8.814,9.222,9.242,8.286
2016-01-28,9.142,8.535,9.142,8.475
2016-01-29,8.465,8.704,8.844,8.366
2016-02-01,8.704,8.206,8.854,8.047
2016-02-02,8.196,8.415,8.505,8.027
2016-02-03,8.266,8.555,8.595,8.186
2016-02-04,8.565,8.764,8.814,8.565
2016-02-05,8.744,9.063,9.441,8.704
2016-02-15,8.615,8.844,9.033,8.515
2016-02-16,8.923,9.411,9.441,8.923
2016-02-17,9.421,9.969,10.138,9.202
2016-02-18,9.76,9.899,10.377,9.76
2016-02-19,9.869,9.75,9.949,9.64
2016-02-22,9.82,9.919,10.049,9.82
2016-02-23,9.949,9.879,10.029,9.72
2016-02-24,9.84,10.138,10.238,9.67
2016-02-25,10.029,9.122,10.029,9.122
2016-02-26,9.132,9.282,9.511,8.883
2016-02-29,9.162,8.415,9.162,8.356
2016-03-01,8.415,8.595,8.674,8.196
2016-03-02,8.625,9.162,9.292,8.555
2016-03-03,9.202,9.352,9.62,9.073
2016-03-04,9.242,9.362,9.83,9.242
2016-03-07,9.65,10.298,10.298,9.441
2016-03-08,10.457,10.656,10.925,9.68
2016-03-09,10.367,10.298,10.606,10.069
2016-03-10,10.188,10.128,10.457,10.069
2016-03-11,9.939,10.318,10.337,9.61
2016-03-14,10.367,10.706,10.885,10.258
2016-03-15,10.567,10.487,10.756,10.357
2016-03-16,10.497,10.855,10.955,10.487
2016-03-17,10.865,11.323,11.503,10.756
2016-03-18,11.343,11.224,11.533,11.084
2016-03-21,11.114,11.403,11.433,10.786
2016-03-22,11.144,10.935,11.204,10.915
2016-03-23,10.806,10.935,11.074,10.756
2016-03-24,10.835,10.527,10.915,10.517
2016-03-25,10.606,10.736,10.825,10.606
2016-03-28,10.776,10.726,11.005,10.606
2016-03-29,10.736,10.437,10.796,10.357
2016-03-30,10.497,10.825,10.885,10.497
2016-03-31,10.825,10.865,11.005,10.796
2016-04-01,10.716,10.736,10.885,10.517
2016-04-05,10.756,11.035,11.084,10.666
2016-04-06,10.955,10.915,10.995,10.796
2016-04-07,10.905,10.646,11.045,10.616
2016-04-08,10.636,10.497,10.636,10.298
2016-04-11,10.517,10.726,10.855,10.517
2016-04-12,10.825,10.925,11.025,10.606
2016-04-13,10.865,11.214,11.383,10.865
2016-04-14,11.254,11.244,11.304,11.104
2016-04-15,11.313,11.642,11.732,11.254
2016-04-18,11.602,11.413,11.602,11.224
2016-04-19,11.622,11.841,11.851,11.423
2016-04-20,11.941,11.234,12.08,10.955
2016-04-21,11.184,11.005,11.373,10.955
2016-04-22,10.756,10.925,10.955,10.656
2016-04-25,10.786,11.055,11.094,10.666
2016-04-26,11.035,11.662,11.752,10.975
2016-04-27,11.821,11.861,12.2,11.662
2016-04-28,11.702,12.07,12.11,11.632
2016-04-29,12.05,12.07,12.279,11.841
2016-05-03,12.031,12.26,12.289,11.752
2016-05-04,12.12,12.001,12.2,11.911
2016-05-05,11.921,12.021,12.12,11.772
2016-05-06,11.951,11.403,12.05,11.363
2016-05-09,11.383,10.726,11.383,10.557
2016-05-10,10.656,10.636,10.796,10.487
2016-05-11,10.676,10.736,10.905,10.656
2016-05-12,10.457,10.477,10.616,10.079
2016-05-13,10.676,10.477,10.736,10.308
2016-05-16,10.457,10.676,10.686,10.238
2016-05-17,10.676,10.467,10.736,10.407
2016-05-18,10.377,9.879,10.447,9.77
2016-05-19,9.939,9.82,10.079,9.78
2016-05-20,9.7,9.939,9.989,9.68
2016-05-23,9.949,10.168,10.337,9.939
2016-05-24,10.208,10.397,10.686,10.019
2016-05-25,10.268,10.258,10.477,10.079
2016-05-26,10.188,10.387,10.397,10.069
2016-05-27,10.387,10.238,10.397,10.198
2016-05-30,10.228,10.079,10.258,9.909
2016-05-31,10.138,10.487,10.527,10.079
2016-06-01,10.507,10.606,10.706,10.487
2016-06-02,10.557,10.656,10.696,10.557
2016-06-03,10.706,10.646,10.706,10.567
2016-06-06,10.716,10.676,10.816,10.567
2016-06-07,10.686,10.796,10.796,10.577
2016-06-08,10.726,10.666,10.796,10.606
2016-06-13,10.487,10.188,10.686,10.168
2016-06-14,10.178,10.079,10.308,9.999
2016-06-15,9.959,10.367,10.477,9.959
2016-06-16,10.407,10.427,10.487,10.288
2016-06-17,10.427,10.537,10.726,10.367
2016-06-20,10.457,10.666,10.736,10.457
2016-06-21,10.746,10.477,10.835,10.437
2016-06-22,10.467,11.523,11.523,10.377
2016-06-23,11.294,11.174,11.453,11.064
2016-06-24,11.134,11.294,11.503,10.975
2016-06-27,11.264,11.552,11.572,11.264
2016-06-28,11.443,11.592,11.931,11.383
2016-06-29,11.602,11.383,11.642,11.313
2016-06-30,11.363,11.284,11.483,11.214
2016-07-01,11.323,11.343,11.403,11.274
2016-07-04,11.294,11.572,11.622,11.264
2016-07-05,11.642,11.642,11.821,11.543
2016-07-06,11.692,11.712,11.742,11.562
2016-07-07,11.732,12.05,12.06,11.682
2017-01-04,13.26,13.26,13.26,13.26
2017-01-05,14.59,14.04,14.59,13.68
2017-01-06,14.01,12.79,14.04,12.66
2017-01-09,12.68,12.8,13.1,12.51
2017-01-10,12.68,13.05,13.47,12.5
2017-01-11,12.8,12.36,12.88,12.3
2017-01-12,12.27,12.1,12.46,12.0
2017-01-13,12.16,11.96,12.34,11.91
2017-01-16,11.88,11.47,12.41,10.9
2017-01-17,11.24,11.33,11.38,10.81
2017-01-18,11.22,11.18,11.46,11.01
2017-01-19,11.08,10.88,11.27,10.86
2017-01-20,10.85,11.12,11.16,10.85
2017-01-23,11.13,11.39,11.4,11.12
2017-01-24,11.3,11.26,11.46,11.22
2017-01-25,11.25,11.16,11.28,11.02
2017-01-26,11.12,11.22,11.27,11.12
2017-02-03,11.21,11.3,11.36,11.21
2017-02-06,11.3,11.56,11.67,11.25
2017-02-07,11.48,11.49,11.55,11.25
2017-02-08,11.42,11.77,11.78,11.39
2017-02-09,11.73,11.86,11.92,11.6
2017-02-10,11.78,11.72,11.9,11.68
2017-02-13,11.69,11.77,11.79,11.52
2017-02-14,11.74,11.92,11.94,11.68
2017-02-15,11.9,11.56,11.9,11.55
2017-02-16,11.52,11.63,11.68,11.49
2017-02-17,11.61,11.31,11.64,11.3
2017-02-20,11.28,11.4,11.41,11.2
2017-02-21,11.41,11.5,11.54,11.36
2017-02-22,11.5,11.6,11.62,11.43
2017-02-23,11.59,11.96,12.2,11.5
2017-02-24,11.84,11.88,11.95,11.71
2017-02-27,11.88,11.92,12.04,11.83
2017-02-28,11.94,11.82,12.0,11.76
2017-03-01,11.77,11.84,11.88,11.72
2017-03-02,11.84,11.58,11.85,11.51
2017-03-03,11.5,11.43,11.56,11.37
2017-03-06,11.43,11.58,11.59,11.43
2017-03-07,11.61,12.0,12.03,11.57
2017-03-08,11.92,11.91,12.29,11.8
2017-03-09,11.9,11.72,11.96,11.63
2017-03-10,11.67,11.99,12.0,11.63
2017-03-13,11.95,12.12,12.25,11.92
2017-03-14,12.08,12.14,12.15,11.85
2017-03-20,12.14,12.05,12.28,11.88
2017-03-21,11.99,11.84,12.06,11.78
2017-03-22,11.78,11.55,11.84,11.46
2017-03-23,11.56,11.52,11.66,11.41
2017-03-24,11.48,11.77,11.78,11.46
2017-03-27,11.72,11.57,11.79,11.55
2017-03-28,11.55,11.65,11.72,11.55
2017-03-29,11.69,11.22,11.69,11.18
2017-03-30,11.16,10.59,11.24,10.53
2017-03-31,10.58,10.51,10.68,10.39
2017-04-05,10.53,10.78,10.79,10.53
2017-04-06,10.8,10.8,10.93,10.71
2017-04-07,10.78,10.8,10.87,10.77
2017-04-10,10.78,10.58,10.81,10.55
2017-04-11,10.58,10.49,10.63,10.23
2017-04-12,10.5,10.58,10.65,10.39
2017-04-13,10.51,10.58,10.63,10.42
2017-04-14,10.56,10.32,10.56,10.3
2017-04-17,10.31,10.27,10.36,10.2
2017-04-18,10.1,9.84,10.22,9.75
2017-04-19,9.72,9.19,9.81,8.9
2017-04-20,9.23,9.28,9.31,8.94
2017-04-21,9.22,9.1,9.26,9.05
2017-04-24,9.09,8.64,9.09,8.61
2017-04-25,8.66,8.72,8.79,8.62
2017-04-26,8.72,8.73,8.86,8.72
2017-04-27,8.71,8.82,8.85,8.52
2017-04-28,8.79,8.93,8.95,8.78
2017-05-02,8.91,9.01,9.04,8.91
2017-05-03,9.02,9.12,9.16,8.97
2017-05-04,9.05,9.19,9.28,8.96
2017-05-05,9.1,8.86,9.1,8.85
2017-05-08,8.91,8.62,8.93,8.58
2017-05-09,8.7,8.92,8.97,8.66
2017-05-10,8.85,8.7,8.98,8.69
2017-05-11,8.7,8.75,8.82,8.5
2017-05-12,8.74,8.79,8.83,8.65
2017-05-15,8.81,8.77,8.87,8.76
2017-05-16,8.76,8.92,8.94,8.61
2017-05-17,8.9,9.27,9.32,8.9
2017-05-18,9.21,9.19,9.31,9.06
2017-05-19,9.15,9.14,9.22,9.1
2017-05-22,9.1,8.91,9.22,8.9
2017-05-23,8.89,8.58,8.89,8.52
2017-05-24,8.62,8.69,8.83,8.57
2017-05-25,8.65,8.68,8.79,8.26
2017-05-26,8.69,8.67,8.79,8.63
2017-05-31,8.75,8.76,8.88,8.72
2017-06-01,8.7,8.48,8.77,8.35
2017-06-02,8.45,8.4,8.47,8.03
2017-06-05,8.4,8.41,8.51,8.38
2017-06-06,8.41,8.42,8.45,8.35
2017-06-07,8.42,8.8,8.85,8.38
2017-06-08,8.8,9.05,9.17,8.8
2017-06-09,9.05,9.04,9.07,8.94
2017-06-12,8.99,8.97,9.07,8.92
2017-06-13,8.95,8.99,9.0,8.91
2017-06-14,8.97,9.23,9.28,8.96
2017-06-15,9.18,9.15,9.28,9.1
2017-06-16,9.12,9.0,9.14,8.99
2017-06-19,9.05,9.06,9.06,8.96
2017-06-20,9.07,9.02,9.08,8.97
2017-06-21,9.17,9.69,9.92,9.17
2017-06-22,9.54,10.57,10.66,9.33
2017-06-23,10.43,10.52,10.9,10.25
2017-06-26,10.38,10.69,10.9,10.2
2017-06-27,10.55,10.33,10.59,10.15
2017-06-28,10.15,10.41,10.49,9.98
2017-06-29,10.3,10.71,10.79,10.24
2017-06-30,10.63,10.43,10.95,10.39
2017-07-03,10.69,10.06,10.75,9.96
2017-07-04,10.09,9.96,10.09,9.84
2017-07-05,9.86,9.93,10.03,9.8
2017-07-06,9.9,9.56,9.93,9.52
2017-07-07,9.54,9.57,9.68,9.5
2017-07-10,9.53,9.65,9.69,9.48
2017-07-11,9.65,9.34,9.68,9.33
2017-07-12,9.24,9.01,9.27,8.81
2017-07-13,9.01,9.01,9.02,8.86
2017-07-14,9.01,8.83,9.01,8.82
2017-07-17,8.83,8.04,8.83,7.95
2017-07-18,8.0,8.17,8.19,7.97
2017-07-19,8.16,8.23,8.25,8.08
2017-07-20,8.19,8.25,8.33,8.18
2017-07-21,8.2,8.22,8.29,8.19
2017-07-24,8.22,8.3,8.31,8.14
2017-07-25,8.3,8.21,8.31,8.16
2017-07-26,8.19,8.18,8.24,8.13
2017-07-27,8.15,8.38,8.42,8.13
2017-07-28,8.38,8.35,8.45,8.33
2017-07-31,8.4,8.39,8.43,8.3
2017-08-01,8.42,8.4,8.45,8.36
2017-08-02,8.41,8.28,8.42,8.27
2017-08-03,8.28,8.44,8.45,8.21
2017-08-04,8.45,8.42,8.52,8.4
2017-08-07,8.41,8.41,8.5,8.32
2017-08-08,8.43,8.64,8.79,8.39
2017-08-09,8.62,8.69,8.73,8.52
2017-08-17,9.34,9.06,9.35,8.93
2017-08-18,8.9,9.32,9.55,8.9
2017-08-21,9.2,9.32,9.43,9.18
2017-08-22,9.28,9.21,9.35,9.14
2017-08-23,9.1,9.08,9.17,9.04
2017-08-24,9.1,9.12,9.32,9.06
2017-08-25,9.08,9.15,9.24,9.08
2017-08-28,9.18,9.24,9.28,9.12
2017-08-29,9.24,9.21,9.28,9.16
2017-08-30,9.2,9.12,9.22,9.08
2017-08-31,9.09,9.13,9.17,9.09
2017-09-01,9.14,9.19,9.2,9.13
2017-09-04,9.2,9.14,9.2,9.09
2017-09-05,9.15,9.25,9.36,9.12
2017-09-06,9.26,9.21,9.34,9.15
2017-09-07,9.18,9.1,9.24,9.08
2017-09-08,9.11,8.87,9.13,8.81
2017-09-11,8.86,8.96,8.97,8.86
2017-09-12,8.95,8.8,8.97,8.73
2017-09-13,8.8,8.84,8.86,8.76
2017-09-14,8.83,8.74,8.84,8.72
2017-09-15,8.74,8.76,8.8,8.72
2017-09-18,8.74,8.82,8.82,8.74
2017-09-19,8.8,8.81,8.91,8.77
2017-09-20,8.8,8.81,8.86,8.75
2017-09-21,8.79,8.82,8.87,8.78
2017-09-22,8.8,8.82,8.83,8.76
2017-09-25,8.84,8.65,8.92,8.63
2017-09-26,8.6,8.53,8.67,8.5
2017-09-27,8.53,8.59,8.65,8.51
2017-09-28,8.59,8.49,8.63,8.48
2017-09-29,8.51,8.7,8.73,8.48
2017-10-09,8.72,8.75,8.78,8.71
2017-10-10,8.75,8.81,8.81,8.69
2017-10-11,8.81,8.79,8.88,8.79
2017-10-12,8.8,8.78,8.84,8.69
2017-10-13,8.81,8.88,8.9,8.74
2017-10-16,8.92,9.25,9.66,8.92
2017-10-17,9.18,9.01,9.18,8.92
2017-10-18,8.94,9.14,9.46,8.94
2017-10-19,9.14,9.28,9.38,9.02
2017-10-20,9.16,9.14,9.21,9.04
2017-10-23,9.06,9.0,9.12,8.94
2017-10-24,9.0,8.81,9.01,8.72
2017-10-25,8.85,9.01,9.06,8.76
2017-10-26,8.99,9.09,9.2,8.92
2017-10-27,9.1,9.06,9.17,9.01
2017-10-30,9.02,8.76,9.15,8.73
2017-10-31,8.87,9.12,9.15,8.79
2017-11-01,9.12,9.12,9.23,9.06
2017-11-02,9.13,8.85,9.13,8.8
2017-11-03,8.85,8.59,8.85,8.56
2017-11-06,8.6,8.64,8.69,8.55
2017-11-07,8.61,8.56,8.64,8.48
2017-11-08,8.51,8.57,8.61,8.51
2017-11-09,8.56,8.56,8.57,8.5
2017-11-10,8.53,8.44,8.58,8.41
2017-11-13,8.45,8.33,8.45,8.23
2017-11-14,8.33,8.3,8.42,8.25
2017-11-15,8.32,8.27,8.33,8.26
2017-11-16,8.33,8.26,8.35,8.22
2017-11-17,8.27,8.0,8.27,7.96
2017-11-20,8.0,7.86,8.0,7.69
2017-11-21,7.96,7.99,8.14,7.96
2017-11-22,7.95,7.94,8.07,7.88
2017-11-23,7.95,7.7,7.95,7.69
2017-11-24,7.7,7.74,7.79,7.66
2017-11-27,7.73,7.68,7.78,7.67
2017-11-28,7.68,7.76,7.76,7.66
2017-11-29,7.75,7.77,7.78,7.66
2017-11-30,7.79,7.71,7.79,7.69
2017-12-01,7.71,7.86,7.87,7.7
2017-12-04,7.86,7.74,7.86,7.71
2017-12-05,7.74,7.25,7.77,7.2
2017-12-06,7.24,7.16,7.28,7.01
2017-12-07,7.17,7.12,7.17,7.07
2017-12-08,7.14,7.19,7.23,7.06
2017-12-11,7.18,7.26,7.27,7.15
2017-12-12,7.24,7.16,7.24,7.14
2017-12-13,7.14,7.2,7.21,7.11
2017-12-14,7.17,7.2,7.24,7.17
2017-12-15,7.18,7.22,7.26,7.18
2017-12-18,7.25,7.23,7.27,7.18
2017-12-19,7.24,7.26,7.29,7.18
2017-12-20,7.28,7.16,7.3,7.1
2017-12-21,7.12,7.25,7.25,7.12
2017-12-22,7.21,7.35,7.53,7.2
2017-12-25,7.34,7.16,7.34,7.13
2017-12-26,7.18,7.23,7.27,7.14
2017-12-27,7.24,7.17,7.25,7.15
2017-12-28,7.17,7.15,7.19,7.09
2017-12-29,7.13,7.24,7.25,7.13
2018-01-02,7.27,7.29,7.38,7.24
2018-01-03,7.28,7.38,7.38,7.24
2018-01-04,7.38,7.38,7.48,7.32
2018-01-05,7.38,7.59,7.62,7.38
2018-01-08,7.63,7.51,7.63,7.45
2018-01-09,7.52,7.44,7.52,7.4
2018-01-10,7.43,7.35,7.48,7.31
2018-01-11,7.32,7.41,7.41,7.31
2018-01-12,7.41,7.49,7.49,7.37
2018-01-15,7.48,7.27,7.48,7.25
2018-01-16,7.29,7.35,7.4,7.24
2018-01-17,7.35,7.51,7.82,7.3
2018-01-18,7.45,7.55,7.59,7.4
2018-01-19,7.54,7.54,7.59,7.44
2018-01-22,7.53,7.81,7.89,7.5
2018-01-23,7.76,7.78,7.86,7.76
2018-01-24,7.73,7.82,7.95,7.73
2018-01-25,7.82,7.74,7.88,7.73
2018-01-26,7.75,7.71,7.77,7.67
2018-01-29,7.71,7.61,7.84,7.58
2018-01-30,7.61,7.63,7.69,7.58
2018-01-31,7.6,7.5,7.62,7.42
2018-02-01,7.52,7.17,7.53,7.15
2018-02-02,7.17,7.09,7.17,6.85
2018-02-05,7.13,7.24,7.28,7.05
2018-02-06,7.15,6.81,7.17,6.8
2018-02-07,6.96,6.94,7.0,6.75
2018-02-08,6.92,7.0,7.08,6.92
2018-02-09,6.9,6.88,6.93,6.8
2018-02-12,6.9,7.03,7.05,6.88
2018-02-13,7.03,7.11,7.16,7.03
2018-02-14,7.13,7.21,7.22,7.1
2018-02-22,7.23,7.29,7.3,7.21
2018-02-23,7.25,7.31,7.41,7.2
2018-02-26,7.34,7.35,7.36,7.27
2018-02-27,7.35,7.34,7.4,7.29
2018-02-28,7.33,7.32,7.33,7.26
2018-03-01,7.28,7.37,7.38,7.28
2018-03-02,7.37,7.47,7.48,7.33
2018-03-05,7.45,7.51,7.58,7.45
2018-03-06,7.56,7.52,7.59,7.45
2018-03-07,7.48,7.45,7.53,7.44
2018-03-08,7.46,7.47,7.49,7.43
2018-03-09,7.49,7.52,7.53,7.45
2018-03-12,7.51,7.57,7.58,7.51
2018-03-13,7.54,7.5,7.59,7.48
2018-03-14,7.47,7.43,7.51,7.42
2018-03-15,7.44,7.76,7.88,7.4
2018-03-16,7.72,7.63,7.72,7.6
2018-03-19,7.6,7.59,7.71,7.55
2018-03-20,7.56,7.6,7.63,7.49
2018-03-21,7.61,7.62,7.78,7.59
2018-03-22,7.6,7.62,7.64,7.56
2018-03-23,7.48,7.38,7.78,7.3
2018-03-26,7.3,7.34,7.38,7.1
2018-03-27,7.33,7.51,7.55,7.33
