date,open,close,high,low
2016-01-04,27.39,25.56,28.26,24.8
2016-01-05,22.9,24.38,25.95,22.9
2016-01-06,24.43,24.74,24.88,23.75
2016-01-07,23.9,22.28,24.0,22.27
2016-01-08,22.8,21.76,23.08,20.35
2016-01-11,21.6,19.58,21.6,19.58
2016-01-12,18.98,19.74,20.2,18.2
2016-01-13,19.6,18.08,19.99,18.02
2016-01-14,16.79,18.83,18.99,16.79
2016-01-15,18.57,18.85,20.33,18.4
2016-01-18,18.88,20.09,20.42,18.85
2016-01-19,20.01,20.98,21.4,19.3
2016-01-20,20.51,21.12,21.99,20.51
2016-01-21,20.93,19.1,21.43,19.02
2016-01-22,19.45,19.79,20.0,19.01
2016-01-25,20.1,20.51,20.8,19.6
2016-01-26,20.0,19.21,21.13,18.59
2016-01-27,19.3,18.98,19.59,17.42
2016-01-28,18.44,17.12,18.95,17.08
2016-01-29,17.0,17.56,17.84,16.53
2016-02-01,17.62,17.4,17.88,16.57
2016-02-02,17.57,18.02,18.27,17.01
2016-02-03,17.66,17.95,18.2,17.46
2016-02-04,18.12,19.75,19.75,17.95
2016-02-05,20.73,19.27,21.11,19.25
2016-02-15,18.1,18.82,19.15,17.9
2016-02-16,19.2,19.83,20.38,19.18
2016-02-17,19.59,21.81,21.81,19.51
2016-02-18,23.95,22.27,23.95,21.93
2016-02-19,21.8,22.29,22.83,21.45
2016-02-22,22.75,22.42,22.99,22.32
2016-02-23,22.5,22.0,22.86,21.63
2016-02-24,21.88,23.75,24.2,21.88
2016-02-25,23.0,21.38,23.45,21.38
2016-02-26,21.1,20.7,21.6,20.03
2016-02-29,20.41,18.64,20.83,18.63
2016-03-01,19.09,19.2,19.46,18.21
2016-03-02,19.18,20.44,20.8,18.9
2016-03-03,20.65,20.76,21.57,20.53
2016-03-04,20.5,20.39,21.51,19.55
2016-03-07,20.58,21.04,21.1,20.27
2016-03-08,21.0,21.03,21.65,18.98
2016-03-09,20.1,19.98,21.1,19.9
2016-03-10,20.0,19.62,20.4,19.61
2016-03-11,19.1,19.25,19.6,18.88
2016-03-14,19.55,20.03,20.48,19.48
2016-03-15,20.0,20.03,20.28,19.85
2016-03-16,20.27,19.83,20.89,19.8
2016-03-17,19.77,20.39,20.58,19.77
2016-03-18,20.55,21.33,21.45,20.41
2016-03-21,21.5,22.41,22.9,21.23
2016-03-22,21.97,22.01,22.47,21.61
2016-03-23,21.8,22.21,22.38,21.6
2016-03-24,22.1,21.89,22.97,21.65
2016-03-25,21.75,21.79,22.3,21.45
2016-03-28,22.25,21.78,22.41,21.58
2016-03-29,21.84,21.08,21.94,20.7
2016-03-30,21.35,21.95,21.97,21.13
2016-03-31,22.2,21.93,22.3,21.72
2016-04-01,21.84,21.78,22.58,21.38
2016-04-05,21.92,23.11,23.63,21.78
2016-04-06,22.8,23.18,23.56,22.75
2016-04-07,23.3,23.01,23.42,22.68
2016-04-08,22.72,22.73,23.07,22.3
2016-04-11,22.98,23.82,24.0,22.55
2016-04-12,23.7,23.49,23.73,22.85
2016-04-13,23.55,23.91,24.49,23.47
2016-04-14,23.8,24.24,24.33,23.8
2016-04-15,24.22,24.71,25.0,23.9
2016-04-18,24.47,23.94,24.68,23.72
2016-04-19,24.08,23.88,24.28,23.4
2016-04-20,23.89,22.4,24.3,21.55
2016-04-21,22.1,21.84,22.7,21.81
2016-04-22,21.8,21.87,22.02,21.46
2016-04-25,21.9,21.48,21.91,20.48
2016-04-26,21.2,21.88,21.9,21.2
2016-04-27,22.6,22.41,23.6,22.36
2016-04-28,21.91,21.92,22.37,21.5
2016-04-29,21.82,21.97,22.24,21.82
2016-05-03,22.0,22.62,22.64,21.85
2016-05-04,22.6,22.74,23.47,22.46
2016-05-05,22.46,22.99,23.0,22.36
2016-05-06,22.96,21.51,22.97,21.47
2016-05-09,21.0,19.91,21.4,19.65
2016-05-10,20.0,19.36,20.19,19.19
2016-05-11,19.69,19.35,19.74,18.88
2016-05-12,19.2,19.27,19.35,18.0
2016-05-13,19.14,19.24,19.45,18.9
2016-05-16,19.85,19.9,20.0,19.48
2016-05-17,19.73,19.5,19.98,19.32
2016-05-18,19.31,18.36,19.31,18.14
2016-05-19,18.48,18.53,18.86,18.38
2016-05-20,18.46,18.97,19.24,18.22
2016-05-23,18.97,19.27,19.37,18.83
2016-05-24,19.28,19.43,19.67,19.04
2016-05-25,19.58,19.26,19.69,18.99
2016-05-26,19.3,19.57,19.68,18.6
2016-05-27,19.47,19.41,19.6,19.18
2016-05-30,19.31,19.05,19.4,18.9
2016-05-31,19.11,19.97,19.99,19.11
2016-06-01,20.09,20.47,20.78,19.99
2016-06-02,20.3,20.46,20.48,20.2
2016-06-03,20.26,20.5,20.67,20.26
2016-06-06,20.63,20.33,20.8,20.21
2016-06-07,20.12,20.46,20.53,20.1
2016-06-08,20.3,20.43,20.65,20.21
2016-06-13,20.38,19.08,20.38,19.0
2016-06-14,19.24,19.04,19.39,18.8
2016-06-15,19.0,19.9,19.96,18.71
2016-06-16,19.91,20.97,21.19,19.7
2016-06-17,20.72,20.71,21.09,20.51
2016-06-20,20.62,20.94,21.0,20.3
2016-06-21,21.24,20.53,21.35,20.31
2016-06-22,20.54,20.95,21.07,20.27
2016-06-23,20.82,20.78,20.99,20.5
2016-06-24,20.98,20.44,21.09,19.31
2016-06-27,20.17,21.24,21.3,20.17
2016-06-28,21.31,22.23,23.33,21.2
2016-06-29,21.83,21.97,22.54,21.83
2016-06-30,21.84,22.03,22.21,21.81
2016-07-01,22.1,21.87,22.59,21.81
2016-07-04,21.7,22.91,23.18,21.21
2016-07-05,24.0,23.46,25.06,23.17
2016-07-06,23.0,23.51,23.9,22.99
2016-07-07,23.31,23.19,23.6,23.06
2016-07-08,23.03,23.5,23.99,23.03
2016-07-11,23.64,23.49,24.64,22.9
2016-07-12,23.4,23.77,24.08,23.19
2016-07-13,23.6,23.76,24.25,23.5
2016-07-14,23.74,23.69,23.87,23.32
2016-07-15,24.19,23.6,24.37,23.5
2016-07-18,23.45,22.86,23.65,22.84
2016-07-19,22.81,23.03,23.16,22.65
2016-07-20,22.96,22.94,23.3,22.91
2016-07-21,22.89,23.01,23.19,22.88
2016-07-22,23.01,23.07,23.37,23.0
2016-07-25,23.0,22.86,23.19,22.5
2016-07-26,22.86,23.1,23.21,22.73
2016-07-27,23.18,21.87,23.3,20.87
2016-07-28,21.66,21.84,22.3,21.41
2016-07-29,21.95,21.4,21.95,21.2
2016-08-01,21.32,20.84,21.6,20.58
2016-08-02,20.79,21.15,21.16,20.72
2016-08-03,21.18,21.61,21.88,20.89
2016-08-04,21.51,21.69,21.74,21.3
2016-08-05,21.7,21.52,21.82,21.45
2016-08-08,21.64,21.99,22.2,21.35
2016-08-09,21.85,22.07,22.4,21.85
2016-08-10,21.98,21.85,22.2,21.67
2016-08-11,21.7,21.3,21.9,21.0
2016-08-12,21.18,21.69,21.78,21.11
2016-08-15,21.6,22.11,22.19,21.45
2016-08-16,22.0,22.44,23.0,22.0
2016-08-17,22.21,22.41,22.8,22.21
2016-08-18,22.51,22.35,22.63,22.28
2016-08-19,22.5,22.43,22.55,22.22
2016-08-22,22.42,22.21,22.7,22.15
2016-08-23,22.22,22.09,22.44,21.88
2016-08-24,22.4,22.62,23.5,22.4
2016-08-25,22.4,22.31,22.57,21.5
2016-08-26,22.36,22.12,22.9,22.02
2016-08-29,22.27,22.56,22.8,22.13
2016-08-30,22.5,22.89,23.06,22.49
2016-08-31,22.8,22.68,22.98,22.48
2016-09-01,22.98,22.67,23.44,22.64
2016-09-02,22.6,22.91,23.16,22.27
2016-09-05,22.88,22.7,22.94,22.6
2016-09-06,22.76,23.08,23.17,22.55
2016-09-07,22.99,23.38,23.84,22.99
2016-09-08,23.39,23.72,23.83,23.21
2016-09-09,23.65,23.53,23.91,23.26
2016-09-12,23.03,22.6,23.03,22.51
2016-09-13,22.88,22.78,23.1,22.51
2016-09-14,22.6,22.85,23.0,22.51
2016-09-19,22.9,23.08,23.19,22.71
2016-09-20,23.09,22.99,23.39,22.6
2016-09-21,23.0,23.44,23.5,22.88
2016-09-22,23.57,23.4,23.72,23.26
2016-09-23,23.36,23.46,23.7,23.3
2016-09-26,23.4,22.55,23.4,22.51
2016-09-27,22.55,22.83,22.89,22.4
2016-09-28,22.79,22.42,22.94,22.35
2016-09-29,22.4,22.6,22.77,22.32
2016-09-30,22.73,22.81,22.89,22.6
2016-10-10,22.95,23.33,23.38,22.85
2016-10-11,23.33,23.69,23.99,23.25
2016-10-12,23.69,23.7,23.78,23.4
2016-10-13,23.72,23.69,23.75,23.51
2016-10-14,23.69,24.02,24.3,23.2
2016-10-17,23.97,23.54,24.05,23.47
2016-10-18,23.69,24.28,24.47,23.54
2016-10-19,26.71,26.71,26.71,26.41
2016-10-20,27.17,27.04,28.88,26.73
2016-10-21,26.1,26.13,26.48,25.81
2016-10-24,26.09,25.93,26.54,25.51
2016-10-25,25.82,26.69,26.7,25.61
2016-10-26,26.5,25.75,26.5,25.68
2016-10-27,25.91,25.95,26.2,25.75
2016-10-28,25.95,24.76,25.95,24.73
2016-10-31,24.65,24.94,24.99,24.31
2016-11-01,24.95,25.15,25.3,24.71
2016-11-02,25.15,25.35,25.44,24.78
2016-11-03,24.99,25.91,25.94,24.9
2016-11-04,25.75,25.67,26.51,25.6
2016-11-07,25.46,26.19,26.22,25.18
2016-11-08,27.38,26.31,27.5,26.2
2016-11-09,25.86,26.22,26.57,25.55
2016-11-10,26.3,26.44,26.68,26.22
2016-11-11,26.32,26.94,26.97,26.2
2016-11-14,26.8,27.09,27.43,26.68
2016-11-15,27.15,27.61,27.97,26.8
2016-11-16,27.5,27.35,27.87,27.21
2016-11-17,27.93,27.44,27.96,27.29
2016-11-18,27.1,27.41,27.6,26.77
2016-11-21,27.31,26.96,27.7,26.86
2016-11-22,26.96,27.48,27.7,26.96
2016-11-23,27.27,27.46,27.77,27.05
2016-11-24,27.45,29.59,30.2,27.3
2016-11-25,29.0,29.59,30.1,28.39
2016-11-28,29.4,30.52,30.94,29.0
2016-11-29,30.21,30.27,30.95,29.5
2016-11-30,29.78,29.01,30.88,28.91
2016-12-01,28.49,28.95,29.3,28.01
2016-12-02,28.8,29.03,29.98,28.8
2016-12-05,28.6,28.44,29.51,28.11
2016-12-06,28.67,28.51,29.0,28.13
2016-12-07,28.38,29.54,29.6,28.32
2016-12-08,29.79,28.79,29.79,28.6
2016-12-09,28.81,29.17,29.57,28.8
2016-12-12,29.0,28.65,29.48,27.8
2016-12-13,29.36,28.49,29.36,27.9
2016-12-14,28.66,28.35,28.7,28.06
2016-12-15,28.2,28.45,29.58,28.08
2016-12-16,28.5,29.4,29.48,28.23
2016-12-19,29.41,30.14,30.16,29.06
2016-12-20,29.9,29.73,30.51,29.5
2016-12-21,29.96,30.8,31.0,29.75
2016-12-22,30.8,29.45,30.95,28.9
2016-12-23,29.24,28.95,29.7,28.71
2016-12-26,28.65,29.26,29.3,28.21
2016-12-27,29.3,29.08,29.65,29.0
2016-12-28,28.98,28.49,29.1,28.47
2016-12-29,28.2,28.01,28.6,27.38
2016-12-30,28.01,27.99,28.25,27.8
2017-01-03,28.11,28.91,29.3,28.03
2017-01-04,28.81,29.86,29.92,28.81
2017-01-05,29.9,30.12,30.66,29.38
2017-01-06,31.9,33.13,33.13,31.51
2017-01-09,33.0,36.44,36.44,31.8
2017-01-10,38.0,40.08,40.08,37.5
2017-01-11,39.85,40.69,42.85,38.52
2017-01-12,39.11,39.07,41.8,37.94
2017-01-13,39.15,40.61,41.72,39.15
2017-01-16,39.07,40.63,41.9,37.0
2017-01-17,39.19,41.97,42.45,38.0
2017-01-18,41.09,42.82,45.78,39.51
2017-01-19,40.9,38.9,42.68,38.54
2017-01-20,39.0,42.79,42.79,38.0
2017-01-23,42.79,43.04,46.3,41.88
2017-01-24,42.44,47.34,47.34,41.74
2017-01-25,46.6,42.61,46.86,42.61
2017-01-26,41.0,42.31,43.77,40.1
2017-02-03,41.94,44.9,45.66,41.4
2017-02-06,43.99,44.68,45.49,43.0
2017-02-07,43.86,43.93,44.51,43.2
2017-02-08,43.79,42.91,45.01,42.5
2017-02-09,42.31,44.18,44.55,40.71
2017-02-10,43.08,44.2,44.9,42.83
2017-02-13,43.99,44.73,45.59,43.23
2017-02-14,44.58,41.26,44.58,40.26
2017-02-15,39.41,37.92,39.99,37.82
2017-02-16,37.93,37.86,38.87,37.61
2017-02-17,37.5,36.72,37.55,36.11
2017-02-20,36.5,36.55,37.03,35.87
2017-02-21,36.77,37.46,37.58,36.36
2017-02-22,37.33,36.7,37.5,36.6
2017-02-23,36.55,36.22,36.98,35.52
2017-02-24,36.02,36.9,36.98,35.96
2017-02-27,36.82,36.84,37.4,36.4
2017-02-28,36.8,38.0,38.35,36.8
2017-03-01,37.6,37.39,38.0,37.28
2017-03-02,37.44,36.36,37.84,36.28
2017-03-03,36.0,35.89,36.36,35.72
2017-03-06,35.98,36.27,36.66,35.89
2017-03-07,36.72,35.73,36.72,35.6
2017-03-08,35.75,36.29,36.45,34.93
2017-03-09,36.1,35.88,36.49,35.84
2017-03-10,36.0,35.04,36.11,35.0
2017-03-13,34.83,34.61,34.83,34.23
2017-03-14,34.72,34.78,34.97,34.42
2017-03-15,34.7,34.15,34.95,34.11
2017-03-16,34.32,34.77,34.8,34.06
2017-03-17,34.65,34.09,34.85,34.02
2017-03-20,34.39,33.48,34.4,33.33
2017-03-21,33.43,33.91,34.13,33.33
2017-03-22,33.7,32.85,33.7,32.7
2017-03-23,32.98,33.17,33.19,32.51
2017-03-24,33.1,33.92,34.4,32.05
2017-03-27,33.7,35.93,36.5,33.6
2017-03-28,35.95,35.24,36.48,35.2
2017-03-29,34.96,36.05,36.49,34.01
2017-03-30,35.55,36.07,36.99,35.16
2017-03-31,35.5,34.39,36.33,34.24
2017-04-05,33.96,34.51,35.09,32.1
2017-04-06,34.51,34.11,34.96,33.95
2017-04-07,34.23,34.17,34.8,33.83
2017-04-10,34.34,33.36,34.59,33.22
2017-04-11,33.15,35.3,35.35,32.4
2017-04-12,35.25,34.44,36.3,34.32
2017-04-13,34.1,33.78,34.6,33.7
2017-04-14,33.9,33.62,34.68,33.5
2017-04-17,32.8,30.94,32.8,30.6
2017-04-18,30.9,30.52,31.45,30.51
2017-04-19,30.58,29.04,30.6,29.0
2017-04-20,29.27,28.77,29.4,28.5
2017-04-21,29.1,29.05,29.63,28.91
2017-04-24,28.91,26.68,29.25,26.5
2017-04-25,26.9,26.64,27.34,26.59
2017-04-26,26.62,26.82,27.02,26.17
2017-04-27,26.82,26.71,26.82,25.56
2017-04-28,26.7,27.21,27.5,26.41
2017-05-02,27.21,27.5,27.85,27.05
2017-05-03,27.63,27.53,27.68,27.22
2017-05-04,27.53,26.87,27.54,26.7
2017-05-05,26.76,25.37,26.96,25.32
2017-05-08,25.37,24.41,25.48,24.34
2017-05-09,24.4,24.75,24.79,24.28
2017-05-10,24.77,23.85,24.96,23.79
2017-05-11,23.51,23.8,23.97,22.64
2017-05-12,23.92,23.51,23.92,23.11
2017-05-15,23.9,23.34,23.96,23.26
2017-05-16,23.62,24.15,24.24,23.0
2017-05-17,24.16,24.64,25.99,24.16
2017-05-18,24.08,24.52,25.13,24.0
2017-05-19,24.63,24.19,24.87,24.07
2017-05-22,24.1,23.34,24.5,23.32
2017-05-23,23.34,21.4,23.65,21.11
2017-05-24,21.0,21.64,21.8,20.67
2017-05-25,21.65,22.25,22.73,21.03
2017-05-26,22.22,22.07,22.6,22.04
2017-05-31,22.3,21.63,22.47,21.62
2017-06-01,21.56,20.18,21.56,20.07
2017-06-02,20.1,20.81,20.98,19.68
2017-06-05,20.92,21.3,21.45,20.7
2017-06-06,21.3,21.35,21.6,21.09
2017-06-07,21.5,22.04,22.14,21.5
2017-06-08,22.07,23.28,23.9,21.82
2017-06-09,22.81,25.61,25.61,22.8
2017-06-12,24.77,25.0,26.1,24.77
2017-06-13,24.79,25.2,25.65,24.24
2017-06-14,25.2,26.12,26.58,24.89
2017-06-15,25.97,25.94,26.33,25.61
2017-06-16,25.96,25.88,26.8,25.6
2017-06-19,25.89,26.24,26.7,25.88
2017-06-20,26.56,25.63,26.56,25.49
2017-06-21,25.8,26.06,27.0,25.8
2017-06-22,25.68,24.31,25.9,24.08
2017-06-23,24.6,25.02,25.3,24.1
2017-06-26,25.2,25.44,25.59,25.03
2017-06-27,25.45,25.78,25.91,25.21
2017-06-28,25.7,25.22,25.7,25.03
2017-06-29,25.38,25.24,25.4,24.92
2017-06-30,25.03,25.05,25.29,25.01
2017-07-03,25.14,25.98,26.02,25.08
2017-07-04,25.98,26.38,26.59,25.91
2017-07-05,26.15,26.47,26.57,25.89
2017-07-06,26.49,29.12,29.12,26.01
2017-07-07,29.18,30.04,31.6,29.08
2017-07-10,30.88,31.85,32.8,30.21
2017-07-11,31.04,30.91,31.85,30.22
2017-07-12,30.47,31.15,32.1,30.33
2017-07-13,30.68,30.35,30.97,30.04
2017-07-14,30.33,30.97,31.7,30.04
2017-07-17,30.5,27.88,30.79,27.87
2017-07-18,27.72,30.67,30.67,27.26
2017-07-19,31.0,32.19,33.0,30.3
2017-07-20,31.86,34.08,34.8,31.75
2017-07-21,33.33,32.92,33.8,32.69
2017-07-24,33.0,36.21,36.21,32.71
2017-07-25,36.6,35.85,36.97,35.12
2017-07-26,35.18,36.98,37.88,34.23
2017-07-27,36.26,36.25,37.44,35.7
2017-07-28,36.0,34.7,36.19,34.51
2017-07-31,34.73,34.06,35.06,33.21
2017-08-01,34.22,33.91,35.7,33.88
2017-08-02,33.2,31.33,33.4,31.0
2017-08-03,31.41,31.73,32.4,31.2
2017-08-04,31.78,34.9,34.9,31.77
2017-08-07,34.8,34.08,34.86,33.29
2017-08-08,34.0,34.04,35.28,32.76
2017-08-09,33.5,33.25,33.96,33.01
2017-08-10,33.35,33.45,34.63,33.35
2017-08-11,33.28,32.57,34.5,32.51
2017-08-14,31.8,32.58,32.88,31.0
2017-08-15,32.55,32.35,33.05,31.88
2017-08-16,32.4,32.49,32.64,31.9
2017-08-17,32.47,32.93,33.87,32.42
2017-08-18,32.78,34.67,35.66,31.98
2017-08-21,34.67,35.14,35.88,34.2
2017-08-22,34.49,33.32,34.73,33.28
2017-08-23,33.34,33.59,34.48,33.3
2017-08-24,33.0,33.84,34.42,32.52
2017-08-25,33.7,33.4,33.8,32.86
2017-08-28,33.54,33.31,33.77,33.02
2017-08-29,33.32,32.81,33.37,32.6
2017-08-30,32.87,32.41,33.08,32.23
2017-08-31,32.41,32.09,32.54,31.89
2017-09-01,32.25,32.58,32.8,32.18
2017-09-04,33.08,32.74,33.29,32.7
2017-09-05,32.45,32.21,32.45,31.89
2017-09-06,32.19,32.61,32.65,31.81
2017-09-07,32.52,31.93,32.65,31.9
2017-09-08,31.89,31.56,32.13,31.35
2017-09-11,31.65,31.8,31.96,31.39
2017-09-12,31.98,31.76,32.14,31.46
2017-09-13,31.79,31.85,32.06,31.66
2017-09-14,31.9,32.83,32.85,31.69
2017-09-15,32.98,32.52,33.8,32.5
2017-09-18,32.52,31.64,32.7,31.6
2017-09-19,31.64,30.59,31.85,30.43
2017-09-20,30.3,30.51,30.85,30.3
2017-09-21,30.5,30.35,30.82,30.32
2017-09-22,30.33,29.16,30.33,29.14
2017-09-25,29.16,28.36,29.75,28.28
2017-09-26,28.5,28.72,28.79,27.63
2017-09-27,28.5,28.71,28.9,28.45
2017-09-28,28.72,29.57,29.99,28.49
2017-09-29,29.11,29.69,29.85,29.11
2017-10-09,30.1,29.73,30.15,29.51
2017-10-10,29.7,29.67,29.85,29.4
2017-10-11,29.72,30.17,30.2,29.5
2017-10-12,30.0,29.61,30.45,29.58
2017-10-13,29.59,29.0,29.79,28.9
2017-10-16,28.99,28.3,29.26,28.28
2017-10-17,28.44,28.23,28.44,27.9
2017-10-18,28.27,29.77,31.05,28.11
2017-10-19,28.85,28.6,29.68,28.35
2017-10-20,28.22,28.68,29.01,28.22
2017-10-23,28.38,28.8,29.31,28.38
2017-10-24,28.58,28.37,28.86,28.06
2017-10-25,28.31,28.37,28.56,28.15
2017-10-26,28.3,28.4,28.63,28.2
2017-10-27,28.51,28.43,28.93,28.41
2017-10-30,28.29,26.61,28.39,26.59
2017-10-31,26.61,26.69,26.9,26.26
2017-11-01,26.62,26.54,26.88,26.51
2017-11-02,26.26,25.64,26.63,25.6
2017-11-03,25.88,25.22,25.9,25.04
2017-11-06,25.25,25.43,25.55,25.21
2017-11-07,25.45,26.02,26.29,25.28
2017-11-08,25.97,26.58,27.42,25.8
2017-11-09,26.4,26.47,26.8,26.23
2017-11-10,26.47,26.18,26.95,26.14
2017-11-13,26.0,25.67,26.4,25.58
2017-11-14,25.44,26.27,26.6,25.42
2017-11-15,26.2,25.48,26.2,25.4
2017-11-16,25.52,25.59,26.17,25.46
2017-11-17,25.37,23.86,25.6,23.78
2017-11-20,23.85,24.11,24.39,23.7
2017-11-21,23.95,24.16,24.48,23.88
2017-11-22,24.4,25.18,25.85,24.05
2017-11-23,24.96,24.02,24.98,24.0
2017-11-24,23.78,23.96,24.39,23.78
2017-11-27,23.72,23.96,24.4,23.7
2017-11-28,23.99,24.19,24.2,23.78
2017-11-29,24.22,24.8,25.3,23.89
2017-11-30,24.43,24.5,25.18,24.41
2017-12-01,24.3,24.8,24.95,24.3
2017-12-04,24.8,24.13,24.88,24.05
2017-12-05,24.38,24.04,25.0,23.8
2017-12-06,24.0,24.39,24.42,23.01
2017-12-07,24.18,24.99,25.83,24.13
2017-12-08,24.61,25.42,25.5,24.57
2017-12-11,25.47,25.42,25.48,25.14
2017-12-12,25.42,24.68,25.49,24.66
2017-12-13,24.58,25.24,25.5,24.55
2017-12-14,25.22,25.78,25.8,25.05
2017-12-15,25.5,25.98,26.25,25.41
2017-12-18,25.8,26.49,27.88,25.68
2017-12-19,26.15,26.41,27.09,26.02
2017-12-20,26.21,25.89,26.58,25.7
2017-12-21,25.61,25.58,25.77,25.13
2017-12-22,25.55,25.4,25.7,25.29
2017-12-25,25.49,24.34,25.57,24.24
2017-12-26,24.31,25.16,25.35,24.11
2017-12-27,25.04,24.56,25.08,24.5
2017-12-28,24.55,24.37,24.79,24.33
2017-12-29,24.37,24.6,24.79,24.37
2018-01-02,24.59,24.89,25.17,24.49
2018-01-03,24.8,25.28,25.37,24.75
2018-01-04,25.4,25.07,25.89,25.01
2018-01-05,24.89,25.21,25.5,24.65
2018-01-08,25.01,24.82,25.12,24.67
2018-01-09,24.81,24.82,25.23,24.71
2018-01-10,24.72,24.13,24.88,24.01
2018-01-11,23.93,24.16,24.27,23.92
2018-01-12,24.16,24.07,24.35,24.01
2018-01-15,24.18,22.88,24.18,22.5
2018-01-16,22.92,22.83,23.18,22.66
2018-01-17,22.97,22.49,22.97,21.8
2018-01-18,22.39,22.45,22.7,22.3
2018-01-19,22.77,22.79,23.48,22.68
2018-01-22,22.75,22.99,23.13,22.31
2018-01-23,22.83,23.22,23.78,22.82
2018-01-24,23.0,23.23,23.36,23.0
2018-01-25,23.23,23.3,23.75,23.07
2018-01-26,23.26,22.85,23.31,22.85
2018-01-29,22.82,22.25,22.99,22.02
2018-01-30,22.0,22.21,22.46,22.0
2018-01-31,22.2,21.25,22.2,21.2
2018-02-01,21.25,19.77,21.44,19.65
2018-02-02,19.8,19.5,19.97,19.25
2018-02-05,19.46,19.64,19.8,19.0
2018-02-06,19.31,18.93,19.69,18.78
2018-02-07,19.2,19.01,19.39,18.48
2018-02-08,19.0,19.38,19.45,18.82
2018-02-09,19.09,18.98,19.19,18.72
2018-02-12,18.89,19.4,19.49,18.89
