date,open,close,high,low
2016-01-04,11.21,10.6,11.5,10.4
2016-01-05,9.91,11.65,11.65,9.91
2016-01-06,11.6,12.14,12.28,11.31
2016-01-07,11.79,10.93,11.88,10.93
2016-01-08,11.35,11.06,11.58,10.01
2016-01-11,10.6,9.95,10.6,9.95
2016-01-12,9.18,8.96,9.68,8.96
2016-01-13,9.1,8.12,9.18,8.1
2016-01-14,7.9,8.45,8.55,7.61
2016-01-15,8.45,8.07,8.66,8.0
2016-01-18,7.8,7.93,8.24,7.63
2016-01-19,7.85,8.36,8.42,7.85
2016-01-20,8.37,8.18,8.53,8.08
2016-01-21,7.97,7.77,8.32,7.75
2016-01-22,7.91,7.89,7.96,7.51
2016-01-25,8.0,8.08,8.19,7.88
2016-01-26,8.0,7.32,8.04,7.27
2016-01-27,7.3,7.3,7.45,6.8
2016-01-28,7.17,6.97,7.49,6.92
2016-01-29,6.91,7.3,7.48,6.91
2016-02-01,7.32,7.17,7.38,7.01
2016-02-02,7.23,7.51,7.56,7.21
2016-02-03,7.44,7.55,7.56,7.3
2016-02-04,7.57,7.7,7.88,7.57
2016-02-05,7.7,7.57,7.8,7.56
2016-02-15,7.23,7.57,7.65,7.13
2016-02-16,7.54,8.02,8.15,7.54
2016-02-17,8.0,8.12,8.34,7.91
2016-02-18,8.13,8.02,8.17,7.98
2016-02-19,8.0,8.1,8.18,7.9
2016-02-22,8.29,8.28,8.53,8.18
2016-02-23,9.11,8.82,9.11,8.68
2016-02-24,8.66,9.01,9.28,8.66
2016-02-25,8.8,8.11,8.87,8.11
2016-02-26,8.07,8.06,8.25,7.69
2016-02-29,8.0,7.28,8.06,7.25
2016-03-01,7.32,7.5,7.6,7.19
2016-03-02,7.49,7.86,7.95,7.46
2016-03-03,7.85,8.01,8.23,7.81
2016-03-04,8.03,7.82,8.33,7.69
2016-03-07,8.01,8.08,8.18,7.86
2016-03-08,8.09,8.26,8.28,7.52
2016-03-09,8.0,8.05,8.17,7.88
2016-03-10,8.04,7.85,8.13,7.81
2016-03-11,7.75,7.75,7.85,7.57
2016-03-14,7.83,7.99,8.1,7.83
2016-03-15,8.03,8.12,8.17,7.97
2016-03-16,8.13,7.94,8.19,7.85
2016-03-17,8.0,8.15,8.18,7.89
2016-03-18,8.17,8.41,8.48,8.17
2016-03-21,8.48,8.66,8.71,8.38
2016-03-22,8.54,8.94,9.1,8.47
2016-03-23,8.88,9.83,9.83,8.82
2016-03-24,9.82,10.26,10.42,9.62
2016-03-25,10.1,10.52,10.56,9.91
2016-03-28,10.45,10.29,10.7,9.98
2016-03-29,10.09,10.09,10.31,9.87
2016-03-30,10.15,10.2,10.42,9.92
2016-03-31,10.18,9.83,10.18,9.81
2016-04-01,9.8,9.5,9.9,9.31
2016-04-05,9.61,9.98,9.99,9.38
2016-04-06,10.0,9.79,10.17,9.77
2016-04-07,9.9,9.58,9.97,9.5
2016-04-08,9.38,9.54,9.65,9.34
2016-04-11,9.65,9.67,9.82,9.6
2016-04-12,9.56,9.39,9.67,9.31
2016-04-13,9.51,9.8,9.92,9.44
2016-04-14,9.84,9.92,9.95,9.64
2016-04-15,9.85,9.76,9.97,9.72
2016-04-18,9.6,9.43,9.69,9.35
2016-04-19,9.48,9.49,9.54,9.37
2016-04-20,9.53,8.78,9.53,8.68
2016-04-21,8.78,8.87,9.12,8.7
2016-04-22,8.75,9.01,9.07,8.67
2016-04-25,8.93,9.0,9.09,8.85
2016-04-26,9.0,9.54,9.75,8.88
2016-04-27,9.4,9.36,9.6,9.32
2016-04-28,9.36,9.05,9.45,8.8
2016-04-29,8.96,9.02,9.14,8.94
2016-05-03,9.02,9.35,9.36,9.02
2016-05-04,9.21,9.3,9.4,9.17
2016-05-05,9.3,9.39,9.41,9.21
2016-05-06,9.37,8.88,9.48,8.86
2016-05-09,8.82,8.39,8.82,8.3
2016-05-10,8.31,8.37,8.47,8.31
2016-05-11,8.4,8.23,8.46,8.2
2016-05-12,8.06,8.0,8.09,7.8
2016-05-13,8.0,8.0,8.09,7.9
2016-05-16,8.01,8.16,8.17,7.9
2016-05-17,8.16,8.07,8.16,7.98
2016-05-18,8.03,7.89,8.03,7.81
2016-05-19,7.89,7.95,8.07,7.85
2016-05-20,7.96,7.99,8.0,7.75
2016-05-23,8.03,8.19,8.2,7.93
2016-05-24,8.17,8.05,8.19,8.0
2016-05-25,8.14,8.05,8.19,8.02
2016-05-26,8.06,8.02,8.1,7.77
2016-05-27,7.98,8.0,8.07,7.96
2016-05-30,8.0,7.98,8.06,7.83
2016-05-31,7.98,8.37,8.39,7.97
2016-06-01,8.38,8.46,8.59,8.33
2016-06-02,8.46,8.55,8.58,8.4
2016-06-03,8.54,8.55,8.72,8.39
2016-06-06,8.53,8.56,8.68,8.5
2016-06-07,8.56,8.48,8.6,8.4
2016-06-08,8.43,8.44,8.53,8.35
2016-06-13,8.32,7.91,8.51,7.89
2016-06-14,7.9,8.0,8.1,7.88
2016-06-15,7.92,8.28,8.38,7.92
2016-06-16,8.29,8.8,8.85,8.29
2016-06-17,8.99,8.83,9.36,8.68
2016-06-20,8.71,8.72,8.78,8.5
2016-06-21,8.66,8.45,8.86,8.43
2016-06-22,8.44,8.56,8.57,8.4
2016-06-23,8.51,8.54,8.6,8.44
2016-06-24,8.5,8.35,8.65,8.01
2016-06-27,8.23,8.54,8.55,8.22
2016-06-28,8.52,8.66,8.69,8.46
2016-06-29,8.7,8.61,8.74,8.6
2016-06-30,8.61,8.72,8.72,8.59
2016-07-01,8.73,8.82,8.9,8.65
2016-07-04,8.77,9.04,9.14,8.71
2016-07-05,9.06,9.16,9.35,8.96
2016-07-06,9.08,9.17,9.23,9.0
2016-07-07,9.1,8.99,9.2,8.9
2016-07-08,8.95,9.28,9.32,8.91
2016-07-11,9.3,9.2,9.88,9.1
2016-07-12,9.13,9.44,9.45,9.07
2016-07-13,9.53,9.37,9.57,9.3
2016-07-14,9.42,9.65,9.68,9.3
2016-07-15,9.59,9.5,9.7,9.45
2016-07-18,9.54,9.37,9.55,9.36
2016-07-19,9.37,9.3,9.46,9.14
2016-07-20,9.3,9.43,9.57,9.25
2016-07-21,9.46,9.32,9.51,9.31
2016-07-22,9.34,9.26,9.39,9.19
2016-07-25,9.26,9.26,9.33,9.17
2016-07-26,9.26,9.42,9.42,9.24
2016-07-27,9.44,8.65,9.48,8.61
2016-07-28,8.68,8.91,9.13,8.66
2016-07-29,8.91,8.72,8.95,8.6
2016-08-01,8.72,8.63,8.72,8.45
2016-08-02,8.66,8.77,8.79,8.66
2016-08-03,8.75,8.8,8.88,8.7
2016-08-04,8.78,8.93,9.03,8.75
2016-08-05,8.9,8.87,8.99,8.86
2016-08-08,8.87,9.76,9.76,8.87
2016-08-09,10.11,9.99,10.36,9.8
2016-08-10,10.1,10.22,10.34,9.91
2016-08-11,10.06,9.9,10.11,9.81
2016-08-12,9.85,9.87,9.9,9.63
2016-08-15,9.81,9.97,10.04,9.73
2016-08-16,9.97,10.06,10.15,9.85
2016-08-17,10.04,9.94,10.06,9.86
2016-08-18,9.9,10.27,10.35,9.88
2016-08-19,10.32,10.71,10.85,10.19
2016-08-22,11.4,11.49,11.78,11.4
2016-08-23,11.51,11.26,12.23,11.05
2016-08-24,11.34,12.39,12.39,11.21
2016-08-25,11.87,12.58,13.33,11.87
2016-08-26,12.49,12.55,13.2,12.08
2016-08-29,12.6,12.67,12.98,12.3
2016-08-30,12.45,13.06,13.21,12.32
2016-08-31,12.95,12.55,13.0,12.51
2016-09-01,12.55,12.24,12.7,12.15
2016-09-02,12.41,11.9,12.45,11.81
2016-09-05,12.1,12.68,12.85,11.91
2016-09-06,12.54,13.1,13.57,12.5
2016-09-07,13.08,13.0,13.28,12.87
2016-09-08,12.97,13.53,13.64,12.74
2016-09-09,13.4,13.18,14.14,13.15
2016-09-12,12.77,12.69,13.13,12.28
2016-09-13,12.69,12.63,12.94,12.34
2016-09-14,12.52,11.95,12.6,11.91
2016-09-19,12.15,12.08,12.3,12.03
2016-09-20,12.1,12.22,12.44,11.98
2016-09-21,12.24,12.18,12.42,12.1
2016-09-22,12.39,12.08,12.39,11.9
2016-09-23,12.29,11.9,12.29,11.78
2016-09-26,11.9,12.01,12.37,11.86
2016-09-27,12.14,11.73,12.14,11.25
2016-09-28,11.73,11.64,11.8,11.5
2016-09-29,11.6,11.38,11.75,11.29
2016-09-30,11.41,11.88,12.02,11.31
2016-10-10,11.98,12.05,12.1,11.71
2016-10-11,12.17,12.49,12.94,12.17
2016-10-12,12.38,12.29,12.56,12.06
2016-10-13,12.18,12.13,12.29,11.95
2016-10-14,12.04,12.11,12.27,12.0
2016-10-17,12.13,11.67,12.2,11.51
2016-10-18,11.6,11.89,11.92,11.52
2016-10-19,11.95,11.99,12.15,11.8
2016-10-20,12.05,11.88,12.09,11.78
2016-10-21,11.85,12.54,12.55,11.85
2016-10-24,12.59,12.97,13.17,12.59
2016-10-25,12.8,13.06,13.1,12.65
2016-10-26,12.96,12.82,12.97,12.73
2016-10-27,12.81,12.8,13.09,12.69
2016-10-28,12.75,12.64,12.87,12.43
2016-10-31,12.58,12.68,12.82,12.58
2016-11-01,12.68,12.91,12.95,12.68
2016-11-02,12.9,12.5,12.9,12.48
2016-11-03,12.5,12.53,12.61,12.4
2016-11-04,12.48,12.13,12.58,11.89
2016-11-07,12.09,12.13,12.25,11.94
2016-11-08,12.14,12.18,12.29,12.14
2016-11-09,12.2,11.82,12.25,11.6
2016-11-10,11.9,11.9,11.99,11.89
2016-11-11,11.93,11.9,11.97,11.68
2016-11-14,11.87,12.1,12.33,11.76
2016-11-15,12.12,12.19,12.28,12.05
2016-11-16,12.23,12.09,12.23,12.05
2016-11-17,12.08,12.15,12.38,12.06
2016-11-18,12.12,11.88,12.25,11.87
2016-11-21,11.88,11.93,11.94,11.76
2016-11-22,11.95,11.94,12.07,11.85
2016-11-23,11.94,12.13,12.22,11.94
2016-11-24,12.14,12.52,13.13,11.86
2016-11-25,12.3,12.32,12.5,12.02
2016-11-28,12.26,11.95,12.28,11.9
2016-11-29,11.83,11.5,11.94,11.48
2016-11-30,11.52,11.55,11.69,11.43
2016-12-01,11.63,12.02,12.06,11.56
2016-12-02,12.02,11.75,12.03,11.6
2016-12-05,11.6,11.1,11.67,10.84
2016-12-06,11.09,11.14,11.26,11.0
2016-12-07,11.05,11.18,11.23,11.05
2016-12-08,11.21,11.15,11.25,10.96
2016-12-09,11.15,10.99,11.16,10.98
2016-12-12,10.95,10.45,11.05,10.22
2016-12-13,10.43,10.55,10.69,10.36
2016-12-14,10.57,10.36,10.63,10.32
2016-12-15,10.36,10.31,10.7,10.27
2016-12-16,10.33,10.5,10.52,10.29
2016-12-19,10.5,10.5,10.57,10.45
2016-12-20,10.55,10.57,10.58,10.31
2016-12-21,10.61,11.19,11.2,10.56
2016-12-22,11.2,11.02,11.21,10.95
2016-12-23,11.02,10.59,11.05,10.57
2016-12-26,10.52,10.74,10.76,10.33
2016-12-27,10.7,10.76,10.85,10.6
2016-12-28,10.73,10.79,10.95,10.73
2016-12-29,10.72,10.85,10.95,10.72
2016-12-30,10.84,11.04,11.14,10.84
2017-01-03,11.1,11.19,11.34,10.94
2017-01-04,11.22,11.21,11.22,11.05
2017-01-05,11.18,11.51,12.33,11.17
2017-01-06,11.95,11.66,12.18,11.63
2017-01-09,11.63,12.83,12.83,11.63
2017-01-10,14.11,13.87,14.11,13.4
2017-01-11,13.63,13.98,15.18,13.51
2017-01-12,13.7,13.23,13.91,13.02
2017-01-13,13.07,12.47,13.3,12.3
2017-01-16,12.3,11.78,12.68,11.29
2017-01-17,11.8,12.6,12.96,11.65
2017-01-18,12.37,12.98,13.17,12.15
2017-01-19,12.77,12.36,12.93,12.25
2017-01-20,12.2,13.22,13.54,12.19
2017-01-23,13.19,13.39,13.65,13.01
2017-01-24,13.21,13.2,13.54,12.9
2017-01-25,13.08,12.87,13.3,12.82
2017-01-26,12.87,12.97,13.35,12.87
2017-02-03,12.91,13.46,13.71,12.7
2017-02-06,13.37,13.75,13.87,13.11
2017-02-07,13.6,13.61,14.2,13.51
2017-02-08,13.53,14.45,14.97,13.51
2017-02-09,14.23,14.45,14.48,13.97
2017-02-10,14.3,13.85,14.4,13.83
2017-02-13,13.7,13.99,14.07,13.7
2017-02-14,13.95,13.83,14.13,13.61
2017-02-15,13.72,13.46,13.78,13.36
2017-02-16,13.4,13.6,13.75,13.4
2017-02-17,13.51,13.6,13.77,13.22
2017-02-20,13.55,13.34,13.66,13.01
2017-02-21,13.26,13.37,13.39,13.18
2017-02-22,13.38,13.15,13.39,13.03
2017-02-23,13.11,13.16,13.35,13.04
2017-02-24,13.16,12.99,13.16,12.85
2017-02-27,13.02,13.04,13.22,13.01
2017-02-28,13.14,13.3,13.36,13.09
2017-03-01,13.29,13.25,13.34,13.15
2017-03-02,13.31,12.8,13.31,12.79
2017-03-03,12.68,12.72,12.9,12.6
2017-03-06,12.77,12.82,12.91,12.73
2017-03-07,12.85,12.69,12.85,12.54
2017-03-08,12.68,12.8,12.88,12.6
2017-03-09,12.71,12.57,12.79,12.56
2017-03-10,12.62,12.6,12.8,12.55
2017-03-13,12.62,12.64,12.65,12.42
2017-03-14,12.61,12.76,12.79,12.6
2017-03-15,12.75,12.92,12.94,12.63
2017-03-16,12.9,12.98,13.02,12.86
2017-03-17,13.07,12.69,13.07,12.66
2017-03-20,12.69,12.61,12.75,12.48
2017-03-21,12.62,12.59,12.68,12.51
2017-03-22,12.52,12.16,12.54,12.15
2017-03-23,12.16,12.05,12.25,11.87
2017-03-24,12.05,12.38,12.4,12.02
2017-03-27,12.28,12.81,12.89,12.27
2017-03-28,12.7,12.46,12.77,12.44
2017-03-29,12.46,12.88,12.99,12.43
2017-03-30,12.8,13.14,13.3,12.7
2017-03-31,12.99,13.05,13.35,12.85
2017-04-05,12.8,13.16,13.23,12.71
2017-04-06,13.1,12.96,13.1,12.86
2017-04-07,12.9,13.4,13.45,12.85
2017-04-10,13.63,13.13,13.64,13.11
2017-04-11,13.01,13.77,13.78,12.82
2017-04-12,13.62,13.4,13.9,13.37
2017-04-13,13.38,13.23,13.46,13.05
2017-04-14,13.12,13.08,13.47,13.04
2017-04-17,12.95,12.12,12.95,12.03
2017-04-18,11.99,11.7,12.28,11.68
2017-04-19,11.6,11.46,11.64,11.23
2017-04-20,11.52,11.47,11.64,11.25
2017-04-21,11.49,11.23,11.55,11.18
2017-04-24,11.25,10.52,11.32,10.51
2017-04-25,10.65,10.59,10.7,10.39
2017-04-26,10.6,10.65,10.77,10.49
2017-04-27,10.56,10.43,10.59,9.73
2017-04-28,10.39,10.44,10.48,10.27
2017-05-02,10.33,10.41,10.49,10.33
2017-05-03,10.4,10.27,10.47,10.23
2017-05-04,10.19,10.07,10.19,9.96
2017-05-05,10.15,9.96,10.25,9.94
2017-05-08,9.94,9.35,9.94,9.3
2017-05-09,9.3,9.51,9.56,9.1
2017-05-10,9.55,9.53,9.69,9.47
2017-05-11,9.49,9.76,9.95,9.21
2017-05-12,9.7,9.59,9.83,9.55
2017-05-15,9.58,9.39,9.67,9.37
2017-05-16,9.36,9.67,9.67,9.22
2017-05-17,9.66,9.77,9.96,9.62
2017-05-18,9.62,9.6,9.72,9.56
2017-05-19,9.64,9.67,9.8,9.58
2017-05-22,9.65,9.31,9.7,9.25
2017-05-23,9.27,8.74,9.36,8.68
2017-05-24,8.64,8.82,8.84,8.4
2017-05-25,8.87,8.88,8.95,8.64
2017-05-26,8.88,8.8,8.94,8.7
2017-05-31,8.89,9.07,9.1,8.89
2017-06-01,9.0,8.65,9.14,8.59
2017-06-02,8.69,9.36,9.52,8.51
2017-06-05,9.33,9.27,9.36,9.17
2017-06-06,9.19,9.28,9.4,9.11
2017-06-07,9.32,9.42,9.46,9.28
2017-06-08,9.53,9.42,9.54,9.34
2017-06-09,9.38,9.47,9.87,9.15
2017-06-12,9.34,9.14,9.43,9.12
2017-06-13,9.08,9.26,9.3,9.08
2017-06-14,9.26,9.25,9.43,9.13
2017-06-15,9.18,9.29,9.33,9.16
2017-06-16,9.26,9.3,9.34,9.21
2017-06-19,9.27,9.47,9.48,9.26
2017-06-20,9.48,9.54,9.64,9.44
2017-06-21,9.56,9.96,9.97,9.56
2017-06-22,9.86,9.57,9.89,9.56
2017-06-23,9.65,9.77,9.78,9.46
2017-06-26,9.77,9.83,9.86,9.72
2017-06-27,9.77,9.74,9.85,9.63
2017-06-28,9.7,9.54,9.73,9.52
2017-06-29,9.57,9.6,9.69,9.55
2017-06-30,9.56,9.58,9.63,9.41
2017-07-03,9.55,9.68,9.7,9.54
2017-07-04,9.69,9.77,9.77,9.63
2017-07-05,9.77,9.78,9.79,9.65
2017-07-06,9.75,9.96,9.98,9.57
2017-07-07,9.83,10.21,10.38,9.76
2017-07-10,10.19,10.26,10.36,10.1
2017-07-11,10.17,9.97,10.26,9.95
2017-07-12,9.97,9.78,10.02,9.53
2017-07-13,9.71,9.87,9.91,9.65
2017-07-14,9.65,9.24,9.66,9.21
2017-07-17,9.09,8.4,9.09,8.39
2017-07-18,8.43,8.54,8.58,8.37
2017-07-19,8.51,8.63,8.66,8.36
2017-07-20,8.58,8.8,8.82,8.55
2017-07-21,8.75,8.74,8.83,8.67
2017-07-24,8.84,8.92,8.94,8.71
2017-07-25,8.9,8.8,9.0,8.71
2017-07-26,8.82,8.65,8.82,8.57
2017-07-27,8.64,8.8,8.84,8.52
2017-07-28,8.76,8.72,8.84,8.7
2017-07-31,8.78,8.7,8.78,8.6
2017-08-01,8.69,8.73,8.8,8.66
2017-08-02,8.76,8.49,8.76,8.46
2017-08-03,8.42,8.59,8.68,8.41
2017-08-04,8.64,9.07,9.12,8.56
2017-08-07,9.0,8.87,9.0,8.76
2017-08-08,8.88,8.85,8.96,8.72
2017-08-09,8.83,8.89,8.91,8.79
2017-08-10,8.87,8.76,8.96,8.7
2017-08-11,8.7,8.58,8.81,8.52
2017-08-14,8.58,8.69,8.72,8.53
2017-08-15,8.68,8.67,8.72,8.61
2017-08-16,8.64,8.8,8.81,8.63
2017-08-17,8.78,8.96,9.04,8.78
2017-08-18,8.87,9.05,9.1,8.82
2017-08-21,9.1,8.97,9.13,8.89
2017-08-22,8.96,8.83,8.96,8.81
2017-08-23,8.82,8.8,8.91,8.72
2017-08-24,8.8,8.95,9.05,8.76
2017-08-25,8.9,8.94,9.02,8.88
2017-08-28,8.92,8.99,9.03,8.92
2017-08-29,8.98,8.86,9.02,8.85
2017-08-30,8.86,8.92,8.94,8.84
2017-08-31,8.93,8.88,8.94,8.82
2017-09-01,8.92,8.85,8.92,8.81
2017-09-04,8.86,8.83,8.88,8.82
2017-09-05,8.81,8.74,8.84,8.71
2017-09-06,8.74,8.78,8.78,8.71
2017-09-07,8.75,8.68,8.79,8.67
2017-09-08,8.68,8.59,8.71,8.53
2017-09-11,8.59,8.74,8.75,8.57
2017-09-12,8.75,8.84,8.93,8.71
2017-09-13,8.81,8.77,8.84,8.71
2017-09-14,8.75,8.81,8.92,8.74
2017-09-15,8.78,8.67,8.79,8.65
2017-09-18,8.69,8.75,8.75,8.6
2017-09-19,8.75,8.69,8.79,8.67
2017-09-20,8.7,8.74,8.75,8.65
2017-09-21,8.72,8.74,8.85,8.7
2017-09-22,8.73,8.81,8.84,8.65
2017-09-25,8.8,8.65,8.94,8.58
2017-09-26,8.6,8.52,8.65,8.42
2017-09-27,8.5,8.53,8.57,8.5
2017-09-28,8.51,8.65,8.8,8.5
2017-09-29,8.61,8.64,8.7,8.6
2017-10-09,8.68,8.87,8.93,8.68
2017-10-10,8.81,8.9,8.94,8.78
2017-10-11,8.9,8.88,8.99,8.83
2017-10-12,8.86,8.82,8.89,8.76
2017-10-13,8.79,8.84,8.85,8.74
2017-10-16,8.79,8.51,8.85,8.48
2017-10-17,8.51,8.51,8.56,8.48
2017-10-18,8.56,8.46,8.62,8.44
2017-10-19,8.47,8.14,8.49,8.1
2017-10-20,8.16,8.17,8.19,8.08
2017-10-23,8.19,8.15,8.2,8.09
2017-10-24,8.14,8.12,8.15,8.08
2017-10-25,8.12,8.15,8.17,8.1
2017-10-26,8.15,8.18,8.19,8.09
2017-10-27,8.16,8.13,8.25,8.12
2017-10-30,8.13,7.73,8.17,7.71
2017-10-31,7.74,7.72,7.75,7.66
2017-11-01,7.71,7.68,7.75,7.66
2017-11-02,7.7,7.5,7.7,7.48
2017-11-03,7.5,7.33,7.5,7.28
2017-11-06,7.31,7.42,7.44,7.31
2017-11-07,7.42,7.51,7.53,7.39
2017-11-08,7.51,7.5,7.57,7.43
2017-11-09,7.49,7.49,7.53,7.45
2017-11-10,7.51,7.41,7.51,7.4
2017-11-13,7.41,7.42,7.47,7.39
2017-11-14,7.37,7.32,7.41,7.28
2017-11-15,7.31,7.33,7.41,7.28
2017-11-16,7.33,7.49,7.55,7.31
2017-11-17,7.49,7.08,7.5,7.03
2017-11-20,7.11,7.06,7.14,6.83
2017-11-21,7.07,6.97,7.12,6.92
2017-11-22,6.99,7.16,7.26,6.95
2017-11-23,7.07,6.89,7.1,6.88
2017-11-24,6.9,6.89,6.94,6.85
2017-11-27,6.89,6.79,6.89,6.76
2017-11-28,6.78,6.87,6.88,6.77
2017-11-29,6.87,6.94,6.98,6.83
2017-11-30,6.94,6.94,7.02,6.88
2017-12-01,6.94,6.95,6.99,6.85
2017-12-04,6.91,6.82,6.96,6.82
2017-12-05,6.81,6.57,6.91,6.53
2017-12-06,6.58,6.56,6.6,6.45
2017-12-07,6.56,6.65,6.77,6.53
2017-12-08,6.64,6.68,6.75,6.58
2017-12-11,6.75,6.83,6.88,6.7
2017-12-12,6.89,6.75,6.95,6.72
2017-12-13,6.75,6.81,6.84,6.71
2017-12-14,6.81,6.79,6.82,6.74
2017-12-15,6.79,6.95,6.95,6.76
2017-12-18,6.96,7.16,7.24,6.95
2017-12-19,7.05,7.06,7.11,7.0
2017-12-20,7.0,6.87,7.04,6.84
2017-12-21,6.83,6.69,6.89,6.57
2017-12-22,6.7,6.67,6.73,6.63
2017-12-25,6.67,6.53,6.67,6.5
2017-12-26,6.54,6.61,6.65,6.53
2017-12-27,6.58,6.65,6.66,6.58
2017-12-28,6.63,6.65,6.7,6.61
2017-12-29,6.64,6.72,6.72,6.64
2018-01-02,6.72,6.81,6.84,6.66
2018-01-03,6.78,6.8,6.85,6.74
2018-01-04,6.82,6.83,6.9,6.8
2018-01-05,6.83,6.78,6.83,6.73
2018-01-08,6.78,6.75,6.8,6.73
2018-01-09,6.75,6.75,6.81,6.71
2018-01-10,6.75,6.61,6.75,6.54
2018-01-11,6.6,6.68,6.7,6.54
2018-01-12,6.68,6.69,6.74,6.62
2018-01-15,6.7,6.43,6.7,6.4
2018-01-16,6.45,6.42,6.48,6.39
2018-01-17,6.41,6.35,6.41,6.26
2018-01-18,6.35,6.4,6.43,6.34
2018-01-19,6.44,6.37,6.5,6.35
2018-01-22,6.34,6.35,6.41,6.24
2018-01-23,6.35,6.37,6.38,6.32
2018-01-24,6.39,6.42,6.42,6.32
2018-01-25,6.4,6.45,6.52,6.36
2018-01-26,6.42,6.42,6.46,6.39
2018-01-29,6.42,6.28,6.43,6.26
2018-01-30,6.27,6.3,6.33,6.25
2018-01-31,6.28,6.05,6.28,6.01
2018-02-01,6.03,5.62,6.08,5.6
2018-02-02,5.58,5.49,5.58,5.38
2018-02-05,5.46,5.43,5.48,5.37
2018-02-06,5.4,5.15,5.49,5.12
2018-02-07,5.2,5.21,5.31,5.05
2018-02-08,5.21,5.32,5.33,5.19
2018-02-09,5.2,5.14,5.24,5.08
2018-02-12,5.16,5.22,5.28,5.16
2018-02-13,5.27,5.23,5.32,5.2
2018-02-14,5.27,5.26,5.27,5.2
2018-02-22,5.28,5.33,5.34,5.27
2018-02-23,5.35,5.43,5.56,5.3
2018-02-26,5.39,5.53,5.53,5.37
2018-02-27,5.53,5.61,5.73,5.49
2018-02-28,5.55,5.63,5.68,5.48
2018-03-01,5.59,5.74,5.81,5.57
2018-03-02,5.65,5.77,5.8,5.65
2018-03-05,5.76,5.7,5.79,5.65
2018-03-06,5.73,5.73,5.74,5.66
2018-03-07,5.72,5.74,5.77,5.67
2018-03-08,5.74,5.73,5.77,5.7
2018-03-09,5.72,5.82,5.83,5.71
2018-03-12,5.85,5.93,5.95,5.84
2018-03-13,5.92,6.03,6.08,5.86
2018-03-14,6.0,5.9,6.01,5.89
2018-03-15,5.88,6.05,6.32,5.8
2018-03-16,5.98,5.92,6.08,5.9
2018-03-19,5.91,5.92,6.04,5.88
2018-03-20,5.86,6.51,6.51,5.8
2018-03-21,6.6,6.97,7.16,6.53
2018-03-22,6.85,7.12,7.3,6.6
2018-03-23,6.7,6.52,6.98,6.46
2018-03-26,6.33,6.65,6.68,6.19
2018-03-27,6.65,6.81,6.9,6.52
2018-03-28,6.61,6.44,6.74,6.42
2018-03-29,6.44,6.49,6.59,6.35
2018-03-30,6.49,6.48,6.56,6.42
2018-04-02,6.49,6.42,6.54,6.39
2018-04-03,6.3,6.25,6.38,6.1
2018-04-04,6.22,6.27,6.4,6.22
2018-04-09,6.18,6.32,6.39,6.18
2018-04-10,6.34,6.95,6.95,6.27
2018-04-11,7.03,6.93,7.17,6.76
2018-04-12,6.69,6.74,6.9,6.69
2018-04-13,6.78,6.72,6.86,6.67
2018-04-16,6.67,6.5,6.76,6.42
2018-04-17,6.4,6.13,6.45,6.11
2018-04-18,6.2,6.25,6.28,6.03
2018-04-19,6.23,6.36,6.55,6.22
2018-04-20,6.3,6.12,6.37,6.09
2018-04-23,6.03,6.13,6.27,6.03
2018-04-24,6.14,6.26,6.27,6.1
2018-04-25,6.25,6.24,6.25,6.18
2018-04-26,6.2,5.89,6.25,5.87
2018-04-27,5.88,5.92,5.98,5.88
2018-05-02,5.92,5.68,6.0,5.63
2018-05-03,5.68,5.7,5.72,5.22
2018-05-04,5.64,5.74,5.82,5.6
2018-05-07,5.77,5.84,5.88,5.77
2018-05-08,6.1,6.42,6.42,6.1
2018-05-09,6.6,6.34,6.8,6.32
2018-05-10,6.25,6.23,6.46,6.2
2018-05-11,6.33,6.04,6.34,6.03
2018-05-14,6.05,6.17,6.27,6.04
2018-05-15,6.17,6.22,6.23,6.1
2018-05-16,6.23,6.14,6.23,6.07
2018-05-17,6.13,6.02,6.13,6.0
2018-05-18,5.98,6.04,6.06,5.97
2018-05-21,6.1,6.14,6.16,6.05
2018-05-22,6.15,6.16,6.17,6.1
2018-05-23,6.19,6.43,6.78,6.18
2018-05-24,6.33,6.3,6.42,6.18
2018-05-25,6.31,6.38,6.4,6.2
