date,open,close,high,low
2016-01-04,10.317,9.3,10.347,9.29
2016-01-05,8.96,9.04,9.349,8.581
2016-01-06,9.11,9.29,9.349,9.01
2016-01-07,9.18,8.362,9.18,8.362
2016-01-08,8.581,8.441,8.691,8.012
2016-01-11,8.282,7.593,8.312,7.593
2016-01-12,7.633,7.673,7.763,7.484
2016-01-13,7.763,7.384,7.853,7.344
2016-01-14,7.224,7.663,7.703,7.084
2016-01-15,7.833,7.613,8.072,7.533
2016-01-18,7.374,7.693,7.863,7.364
2016-01-19,7.643,7.982,8.022,7.563
2016-01-20,7.883,7.963,8.062,7.793
2016-01-21,7.783,7.593,8.072,7.583
2016-01-22,7.703,7.693,7.773,7.414
2016-01-25,7.763,7.793,7.863,7.663
2016-01-26,7.683,7.015,7.723,7.015
2016-01-27,7.045,6.985,7.164,6.615
2016-01-28,6.905,6.855,7.015,6.645
2016-01-29,6.765,7.164,7.234,6.765
2016-02-01,7.214,7.583,7.833,7.025
2016-02-02,7.773,8.022,8.142,7.484
2016-02-03,8.002,8.621,8.681,7.943
2016-02-04,8.631,8.621,8.681,8.481
2016-02-05,8.581,8.801,9.18,8.581
2016-02-15,8.372,8.99,9.05,8.262
2016-02-16,8.98,9.559,9.609,8.89
2016-02-17,9.559,9.25,9.559,9.07
2016-02-18,9.3,8.96,9.339,8.9
2016-02-19,9.02,8.91,9.03,8.781
2016-02-22,9.07,9.06,9.07,8.871
2016-02-23,9.01,8.811,9.18,8.661
2016-02-24,8.761,8.93,8.94,8.501
2016-02-25,8.88,8.042,8.88,8.042
2016-02-26,8.042,7.823,8.132,7.623
2016-02-29,7.803,7.234,7.833,7.064
2016-03-01,7.334,7.484,7.553,7.184
2016-03-02,7.434,7.972,7.992,7.394
2016-03-03,7.943,7.893,8.072,7.883
2016-03-04,7.923,7.494,7.972,7.324
2016-03-07,7.583,7.853,7.873,7.563
2016-03-08,7.823,7.863,7.913,7.454
2016-03-09,7.703,7.723,7.803,7.603
2016-03-10,7.723,7.673,7.933,7.663
2016-03-11,7.583,7.703,7.773,7.484
2016-03-14,7.823,7.953,8.092,7.783
2016-03-15,7.963,7.903,8.082,7.843
2016-03-16,7.933,7.713,8.042,7.693
2016-03-17,7.733,7.943,7.972,7.713
2016-03-18,7.972,8.222,8.242,7.933
2016-03-21,8.282,8.402,8.431,8.242
2016-03-22,8.342,8.312,8.421,8.272
2016-03-23,8.332,8.362,8.392,8.262
2016-03-24,8.262,8.372,8.551,8.182
2016-03-25,8.192,8.332,8.412,8.182
2016-03-28,8.362,8.332,8.531,8.292
2016-03-29,8.322,8.212,8.332,8.002
2016-03-30,8.272,8.461,8.511,8.262
2016-03-31,8.491,8.451,8.641,8.402
2016-04-01,8.431,8.511,8.541,8.202
2016-04-05,8.451,8.681,8.751,8.421
2016-04-06,8.611,8.751,8.811,8.531
2016-04-07,8.721,8.571,8.781,8.551
2016-04-08,8.481,8.471,8.531,8.292
2016-04-11,8.481,8.591,8.681,8.481
2016-04-12,8.591,8.491,8.631,8.382
2016-04-13,8.521,8.601,8.761,8.511
2016-04-14,8.651,8.821,8.91,8.611
2016-04-15,8.781,8.871,8.89,8.711
2016-04-18,8.801,8.96,9.04,8.681
2016-04-19,8.96,8.9,9.0,8.801
2016-04-20,8.851,8.242,8.89,8.022
2016-04-21,8.212,8.112,8.342,8.012
2016-04-22,8.102,8.112,8.132,7.923
2016-04-25,8.092,8.042,8.092,7.833
2016-04-26,7.982,8.222,8.222,7.982
2016-04-27,8.202,8.421,8.501,8.202
2016-04-28,8.402,8.302,8.431,8.142
2016-04-29,8.232,8.232,8.302,8.192
2016-05-03,8.282,8.531,8.541,8.202
2016-05-04,8.491,8.621,8.761,8.461
2016-05-05,8.551,8.641,8.711,8.541
2016-05-06,8.651,8.132,8.681,8.122
2016-05-09,8.092,7.753,8.122,7.683
2016-05-10,7.763,7.753,7.833,7.683
2016-05-11,7.793,7.693,7.833,7.663
2016-05-12,7.543,7.593,7.633,7.444
2016-05-13,7.573,7.434,7.663,7.384
2016-05-16,7.454,7.693,7.703,7.434
2016-05-17,7.663,7.683,7.773,7.633
2016-05-18,7.643,7.454,7.643,7.344
2016-05-19,7.474,7.533,7.593,7.474
2016-05-20,7.464,7.673,7.683,7.404
2016-05-23,7.663,7.753,7.763,7.633
2016-05-24,8.082,7.982,8.531,7.972
2016-05-25,7.883,7.873,8.162,7.284
2016-05-26,8.072,7.823,8.072,7.563
2016-05-27,7.873,7.923,8.082,7.763
2016-05-30,7.803,7.743,7.893,7.683
2016-05-31,7.763,8.122,8.142,7.743
2016-06-01,8.072,8.372,8.481,8.062
2016-06-02,8.372,9.21,9.21,8.242
2016-06-03,9.29,9.02,9.469,8.94
2016-06-06,9.0,8.96,9.11,8.811
2016-06-07,8.94,9.05,9.16,8.841
2016-06-08,8.96,8.871,9.2,8.821
2016-06-13,8.681,8.112,8.93,8.082
2016-06-14,8.142,8.172,8.242,7.992
2016-06-15,8.102,8.99,8.99,8.032
2016-06-16,9.03,9.888,9.888,9.03
2016-06-17,10.148,10.877,10.877,9.818
2016-06-20,10.887,10.837,11.107,10.487
2016-06-21,10.757,10.737,11.047,10.557
2016-06-22,10.577,10.547,10.627,10.238
2016-06-23,10.567,10.288,10.567,10.108
2016-06-24,10.188,10.238,10.368,9.778
2016-06-27,10.238,10.697,10.827,10.158
2016-06-28,10.517,10.298,10.567,10.158
2016-06-29,10.338,10.388,10.757,10.258
2016-06-30,10.447,10.707,10.867,10.298
2016-07-01,10.587,10.308,10.667,10.238
2016-07-04,10.208,10.408,10.507,10.088
2016-07-05,10.398,10.537,10.557,10.188
2016-07-06,10.527,10.438,10.807,10.338
2016-07-07,10.348,11.057,11.486,10.198
2016-07-08,10.877,10.697,11.127,10.677
2016-07-11,10.717,10.947,11.376,10.717
2016-07-12,10.877,10.697,11.117,10.388
2016-07-13,10.687,10.707,10.757,10.477
2016-07-14,10.757,10.637,10.867,10.358
2016-07-15,10.567,10.278,10.577,10.268
2016-07-18,10.278,10.168,10.408,10.138
2016-07-19,10.487,10.487,10.777,10.378
2016-07-20,10.348,10.288,10.467,10.268
2016-07-21,10.338,10.338,10.457,10.268
2016-07-22,10.338,10.108,10.348,10.088
2016-07-25,10.048,10.088,10.178,9.988
2016-07-26,10.118,10.278,10.288,10.088
2016-07-27,10.288,9.529,10.328,9.469
2016-07-28,9.539,9.628,9.638,9.329
2016-07-29,9.569,9.469,9.628,9.389
2016-08-01,9.449,9.219,9.449,9.049
2016-08-02,9.219,9.359,9.369,9.219
2016-08-03,9.339,9.379,9.409,9.289
2016-08-04,9.389,9.449,9.469,9.319
2016-08-05,9.459,9.069,9.519,8.989
2016-08-08,9.409,9.758,9.848,9.289
2016-08-09,9.638,9.808,9.828,9.569
2016-08-10,9.728,9.688,9.748,9.599
2016-08-11,9.658,9.359,9.688,9.349
2016-08-12,9.399,9.798,10.058,9.399
2016-08-15,9.698,10.038,10.058,9.599
2016-08-16,9.958,10.008,10.128,9.868
2016-08-17,9.978,9.978,10.078,9.868
2016-08-18,10.018,10.038,10.138,9.898
2016-08-19,9.958,9.938,10.028,9.878
2016-08-22,9.988,9.898,10.068,9.868
2016-08-23,9.958,9.758,9.958,9.648
2016-08-24,9.808,9.788,9.908,9.738
2016-08-25,9.718,9.539,9.718,9.469
2016-08-26,9.559,9.609,9.738,9.539
2016-08-29,9.648,9.599,9.648,9.499
2016-08-30,9.609,9.718,9.838,9.609
2016-08-31,9.788,9.738,9.808,9.638
2016-09-01,9.788,9.688,9.918,9.668
2016-09-02,9.678,9.509,9.678,9.439
2016-09-05,9.559,9.529,9.599,9.449
2016-09-06,9.479,9.678,9.688,9.419
2016-09-07,9.688,9.628,9.808,9.628
2016-09-08,9.648,9.678,9.738,9.609
2016-09-09,9.708,9.599,9.778,9.569
2016-09-12,9.369,9.149,9.379,9.129
2016-09-13,9.199,9.279,9.309,9.109
2016-09-14,9.169,9.239,9.309,9.139
2016-09-19,9.249,9.429,9.459,9.219
2016-09-20,9.399,9.299,9.429,9.269
2016-09-21,9.299,9.289,9.369,9.239
2016-09-22,9.339,9.359,9.429,9.329
2016-09-23,9.389,9.349,9.399,9.299
2016-09-26,9.349,9.259,9.549,9.239
2016-09-27,9.169,9.289,9.339,9.099
2016-09-28,9.289,9.379,9.439,9.239
2016-09-29,9.399,9.399,9.529,9.369
2016-09-30,9.379,9.409,9.459,9.349
2016-10-10,9.409,9.559,9.569,9.409
2016-10-11,9.589,9.668,9.718,9.559
2016-10-12,9.648,9.698,9.698,9.579
2016-10-13,9.688,9.778,9.798,9.638
2016-10-14,9.778,9.698,9.818,9.589
2016-10-17,9.678,9.509,9.738,9.489
2016-10-18,9.529,9.668,9.678,9.509
2016-10-19,9.668,9.858,9.958,9.658
2016-10-20,9.828,9.858,10.038,9.788
2016-10-21,9.838,9.788,9.928,9.549
2016-10-24,9.778,9.788,9.868,9.658
2016-10-25,9.768,9.848,9.938,9.758
2016-10-26,9.788,9.708,9.788,9.638
2016-10-27,9.678,9.758,9.768,9.648
2016-10-28,9.758,9.569,9.778,9.559
2016-10-31,9.589,9.469,9.589,9.389
2016-11-01,9.489,9.549,9.569,9.419
2016-11-02,9.539,9.529,9.609,9.479
2016-11-03,9.489,9.569,9.648,9.489
2016-11-04,9.559,9.628,9.648,9.529
2016-11-07,9.618,9.708,9.778,9.609
2016-11-08,9.758,9.748,9.818,9.678
2016-11-09,9.748,9.628,9.798,9.409
2016-11-10,9.658,9.818,9.868,9.658
2016-11-11,9.808,9.868,9.888,9.748
2016-11-14,9.878,9.868,9.918,9.798
2016-11-15,9.858,9.888,9.928,9.798
2016-11-16,9.908,9.878,9.918,9.828
2016-11-17,9.838,9.848,9.858,9.718
2016-11-18,9.798,9.848,9.948,9.788
2016-11-21,10.447,10.098,10.637,10.018
2016-11-22,10.108,10.158,10.228,9.988
2016-11-23,10.138,10.198,10.358,10.068
2016-11-24,10.178,9.968,10.238,9.958
2016-11-25,9.988,9.908,10.018,9.698
2016-11-28,9.908,9.868,9.918,9.808
2016-11-29,9.888,9.658,9.898,9.638
2016-11-30,9.638,9.589,9.738,9.539
2016-12-01,9.628,9.668,9.728,9.599
2016-12-02,9.698,9.539,9.738,9.489
2016-12-05,9.399,9.489,9.499,9.339
2016-12-06,9.479,9.539,9.589,9.479
2016-12-07,9.519,9.599,9.618,9.499
2016-12-08,9.599,9.499,9.638,9.489
2016-12-09,9.509,9.469,9.539,9.399
2016-12-12,9.449,8.77,9.479,8.75
2016-12-13,8.7,8.76,8.839,8.57
2016-12-14,8.73,8.67,8.809,8.57
2016-12-15,8.62,8.73,8.829,8.62
2016-12-16,8.74,8.929,8.939,8.73
2016-12-19,8.939,8.919,8.979,8.849
2016-12-20,8.919,8.979,9.019,8.879
2016-12-21,8.949,8.999,9.039,8.949
2016-12-22,8.959,9.029,9.059,8.959
2016-12-23,9.469,9.239,9.728,9.199
2016-12-26,9.109,9.089,9.149,8.77
2016-12-27,9.019,9.129,9.169,8.989
2016-12-28,9.089,9.479,9.868,9.049
2016-12-29,9.439,9.429,9.529,9.289
2016-12-30,9.429,9.319,9.519,9.299
2017-01-03,9.309,9.559,9.569,9.299
2017-01-04,9.529,9.678,9.738,9.519
2017-01-05,9.599,9.888,10.188,9.599
2017-01-06,9.878,9.868,9.948,9.738
2017-01-09,9.818,9.938,9.948,9.698
2017-01-10,9.928,9.678,10.028,9.638
2017-01-11,9.628,9.898,10.238,9.559
2017-01-12,9.788,9.668,9.848,9.628
2017-01-13,9.648,9.539,9.858,9.459
2017-01-16,9.539,9.129,9.539,8.789
2017-01-17,9.109,9.249,9.249,8.989
2017-01-18,9.229,9.149,9.299,9.119
2017-01-19,9.079,9.069,9.129,8.989
2017-01-20,9.039,9.249,9.299,9.039
2017-01-23,9.289,9.329,9.409,9.219
2017-01-24,9.309,9.439,9.509,9.269
2017-01-25,9.429,9.479,9.529,9.369
2017-01-26,9.489,9.449,9.559,9.429
2017-02-03,9.459,9.539,9.609,9.419
2017-02-06,9.539,9.848,9.868,9.499
2017-02-07,9.788,9.758,9.848,9.648
2017-02-08,9.778,9.898,9.908,9.628
2017-02-09,10.088,9.918,10.158,9.848
2017-02-10,9.878,9.958,10.178,9.848
2017-02-13,9.808,9.938,9.968,9.758
2017-02-14,9.918,9.988,10.088,9.888
2017-02-15,9.928,10.078,10.278,9.838
2017-02-16,10.038,10.248,10.338,9.968
2017-02-17,10.168,10.038,10.308,9.988
2017-02-20,9.988,10.138,10.158,9.968
2017-02-21,10.118,10.198,10.248,10.058
2017-02-22,10.198,10.128,10.258,10.038
2017-02-23,10.108,9.988,10.128,9.888
2017-02-24,9.978,10.308,10.477,9.928
2017-02-27,10.288,10.008,10.298,9.988
2017-02-28,9.988,9.938,10.038,9.808
2017-03-01,9.918,9.958,10.018,9.858
2017-03-02,9.958,9.888,10.008,9.818
2017-03-03,9.818,9.878,9.908,9.788
2017-03-06,9.878,10.028,10.048,9.838
2017-03-07,9.988,10.048,10.088,9.958
2017-03-08,10.058,9.988,10.098,9.888
2017-03-09,9.928,9.828,9.968,9.788
2017-03-10,9.828,9.848,9.908,9.798
2017-03-13,9.848,9.928,9.958,9.748
2017-03-14,9.948,9.838,9.978,9.818
2017-03-15,9.798,10.158,10.268,9.788
2017-03-16,10.118,10.188,10.218,10.078
2017-03-17,10.128,10.108,10.467,10.058
2017-03-20,10.148,10.388,10.487,10.138
2017-03-21,10.308,10.358,10.388,10.188
2017-03-22,10.238,10.208,10.288,10.038
2017-03-23,10.188,10.557,10.587,10.138
2017-03-24,10.487,10.438,10.517,10.328
2017-03-27,10.378,10.388,10.447,10.208
2017-03-28,10.348,10.447,10.637,10.328
2017-03-29,10.408,9.978,10.438,9.938
2017-03-30,10.008,9.599,10.038,9.569
2017-03-31,9.648,9.569,9.668,9.349
2017-04-05,9.569,9.758,9.818,9.479
2017-04-06,9.788,9.728,9.838,9.708
2017-04-07,9.788,9.708,9.868,9.609
2017-04-10,9.678,9.618,9.728,9.559
2017-04-11,9.618,9.688,9.698,9.439
2017-04-12,9.678,9.678,9.778,9.609
2017-04-13,9.648,9.728,9.748,9.638
2017-04-14,9.658,9.169,9.728,9.139
2017-04-17,9.149,8.949,9.209,8.869
2017-04-18,8.929,8.859,9.019,8.809
2017-04-19,8.839,8.78,8.899,8.63
2017-04-20,8.74,8.76,8.849,8.61
2017-04-21,8.77,8.799,8.829,8.68
2017-04-24,8.73,8.16,8.77,8.13
2017-04-25,8.24,8.15,8.32,8.14
2017-04-26,8.16,8.2,8.24,8.13
2017-04-27,8.22,8.22,8.22,7.92
2017-04-28,8.22,8.26,8.27,8.15
2017-05-02,8.26,8.29,8.3,8.2
2017-05-03,8.29,8.26,8.31,8.18
2017-05-04,8.25,8.33,8.35,8.0
2017-05-05,8.27,8.14,8.31,8.09
2017-05-08,8.09,7.91,8.12,7.89
2017-05-09,7.88,8.01,8.03,7.81
2017-05-10,8.02,7.85,8.06,7.82
2017-05-11,7.78,7.71,7.83,7.39
2017-05-12,7.67,7.57,7.72,7.48
2017-05-15,7.55,7.58,7.62,7.55
2017-05-16,7.58,7.79,7.81,7.48
2017-05-17,7.76,7.88,7.91,7.74
2017-05-18,7.86,7.95,7.99,7.78
2017-05-19,7.94,7.92,8.03,7.84
2017-05-22,7.89,7.69,7.94,7.67
2017-05-23,7.71,7.42,7.71,7.41
2017-05-24,7.41,7.44,7.47,7.27
2017-05-25,7.45,7.57,7.6,7.31
2017-05-26,7.58,7.53,7.62,7.52
2017-05-31,7.6,7.55,7.69,7.54
2017-06-01,7.52,7.14,7.54,7.1
2017-06-02,7.14,7.26,7.26,7.0
2017-06-05,7.26,7.3,7.32,7.22
2017-06-06,7.3,7.34,7.35,7.24
2017-06-07,7.34,7.53,7.55,7.32
2017-06-08,7.5,7.46,7.57,7.4
2017-06-09,7.45,7.45,7.48,7.41
2017-06-12,7.39,7.21,7.39,7.2
2017-06-13,7.21,7.39,7.44,7.21
2017-06-14,7.39,7.46,7.5,7.39
2017-06-15,7.42,7.59,7.68,7.39
2017-06-16,7.57,7.57,7.67,7.53
2017-06-19,7.57,7.66,7.67,7.55
2017-06-20,7.66,7.76,7.95,7.63
2017-06-21,7.7,7.76,7.77,7.63
2017-06-22,7.74,7.48,7.74,7.47
2017-06-23,7.51,7.59,7.63,7.4
2017-06-26,7.63,7.7,7.73,7.55
2017-06-27,7.7,7.86,8.05,7.66
2017-06-28,7.86,7.71,7.87,7.68
2017-06-29,7.69,7.74,7.8,7.69
2017-06-30,7.69,7.73,7.78,7.65
2017-07-03,7.73,7.79,7.8,7.67
2017-07-04,7.81,7.76,7.81,7.72
2017-07-05,7.78,7.87,7.89,7.76
2017-07-06,7.85,7.94,7.99,7.81
2017-07-07,7.9,8.02,8.04,7.82
2017-07-10,8.03,7.96,8.13,7.95
2017-07-11,7.94,7.79,8.08,7.76
2017-07-12,7.79,7.83,7.9,7.63
2017-07-13,7.83,7.92,7.93,7.8
2017-07-14,7.87,7.77,7.92,7.72
2017-07-17,7.72,7.16,7.75,7.13
2017-07-18,7.18,7.21,7.25,7.1
2017-07-19,7.22,7.35,7.38,7.18
2017-07-20,7.37,7.4,7.51,7.37
2017-07-21,7.43,7.43,7.52,7.37
2017-07-24,7.47,7.55,7.56,7.4
2017-07-25,7.52,7.45,7.65,7.44
2017-07-26,7.45,7.61,7.65,7.35
2017-07-27,7.57,7.65,7.68,7.53
2017-07-28,7.65,7.71,7.73,7.58
2017-07-31,7.75,7.73,7.82,7.66
2017-08-01,7.7,8.0,8.05,7.65
2017-08-02,7.92,8.06,8.09,7.82
2017-08-03,8.05,8.07,8.27,7.93
2017-08-04,8.04,8.06,8.17,7.85
2017-08-07,8.06,8.3,8.41,7.92
2017-08-08,8.28,8.29,8.34,8.16
2017-08-09,8.22,8.24,8.31,8.16
2017-08-10,8.23,8.63,8.85,8.15
2017-08-11,8.54,7.9,8.54,7.88
2017-08-14,7.88,8.01,8.05,7.86
2017-08-15,8.01,8.05,8.18,7.99
2017-08-16,8.04,8.06,8.14,8.01
2017-08-17,8.05,8.1,8.12,8.01
2017-08-18,8.06,7.94,8.07,7.94
2017-08-21,7.95,8.08,8.11,7.94
2017-08-22,8.08,7.98,8.14,7.91
2017-08-23,7.97,7.86,8.02,7.81
2017-08-24,7.89,7.84,7.91,7.81
2017-08-25,7.88,7.93,7.95,7.83
2017-08-28,7.95,7.98,8.01,7.9
2017-08-29,8.0,7.97,8.04,7.95
2017-08-30,7.94,7.96,7.98,7.93
2017-08-31,7.96,7.95,8.0,7.9
2017-09-01,7.95,7.98,7.99,7.9
2017-09-04,7.97,7.99,8.01,7.88
2017-09-05,7.98,7.97,8.03,7.95
2017-09-06,7.97,8.16,8.17,7.91
2017-09-07,8.14,8.29,8.45,8.12
2017-09-08,8.22,8.27,8.35,8.16
2017-09-11,8.34,8.54,8.56,8.34
2017-09-12,8.45,8.57,8.99,8.44
2017-09-13,8.45,8.4,8.53,8.31
2017-09-14,8.53,9.24,9.24,8.49
2017-09-15,9.25,9.06,9.47,9.02
2017-09-18,8.96,9.35,9.44,8.82
2017-09-19,9.16,9.02,9.26,8.98
2017-09-20,9.0,9.04,9.09,8.84
2017-09-21,9.5,9.09,9.78,9.05
2017-09-22,8.9,9.08,9.27,8.71
2017-09-25,8.94,8.56,8.94,8.53
2017-09-26,8.58,8.68,8.83,8.53
2017-09-27,8.62,8.73,8.82,8.57
2017-09-28,8.71,8.5,8.78,8.46
2017-09-29,8.46,8.58,8.6,8.46
2017-10-09,8.69,8.72,8.78,8.62
2017-10-10,8.68,8.66,8.69,8.55
2017-10-11,8.65,8.8,8.84,8.61
2017-10-12,8.78,8.69,8.79,8.62
2017-10-13,8.7,8.63,8.72,8.56
2017-10-16,8.62,8.26,8.62,8.25
2017-10-17,8.26,8.26,8.34,8.22
2017-10-18,8.3,8.02,8.3,8.01
2017-10-19,8.01,7.97,8.14,7.91
2017-10-20,7.94,8.07,8.09,7.91
2017-10-23,8.07,8.09,8.14,8.05
2017-10-24,8.05,8.04,8.09,7.96
2017-10-25,8.05,8.12,8.15,8.01
2017-10-26,8.08,8.12,8.16,8.04
2017-10-27,8.11,7.96,8.19,7.94
2017-10-30,7.92,7.54,7.97,7.47
2017-10-31,7.52,7.63,7.64,7.5
2017-11-01,7.65,7.55,7.66,7.53
2017-11-02,7.5,7.42,7.55,7.38
2017-11-03,7.44,7.34,7.45,7.27
2017-11-06,7.33,7.44,7.46,7.33
2017-11-07,7.44,7.46,7.47,7.4
2017-11-08,7.46,7.52,7.58,7.42
2017-11-09,7.52,7.55,7.58,7.48
2017-11-10,7.54,7.59,7.62,7.48
2017-11-13,7.6,7.58,7.62,7.5
2017-11-14,7.56,7.4,7.56,7.38
2017-11-15,7.38,7.39,7.52,7.35
2017-11-16,7.4,7.39,7.48,7.28
2017-11-17,7.36,7.02,7.39,6.95
2017-11-20,6.98,6.93,6.98,6.75
2017-11-21,6.95,6.89,6.97,6.84
2017-11-22,6.94,6.94,6.95,6.87
2017-11-23,6.92,6.78,6.93,6.75
2017-11-24,6.73,6.74,6.77,6.68
2017-11-27,6.72,6.74,6.78,6.68
2017-11-28,6.74,6.86,6.86,6.74
2017-11-29,6.86,6.82,6.86,6.73
2017-11-30,6.8,6.85,6.88,6.78
2017-12-01,6.84,6.89,6.9,6.83
2017-12-04,6.88,6.74,6.88,6.68
2017-12-05,6.7,6.5,6.77,6.44
2017-12-06,6.49,6.54,6.54,6.35
2017-12-07,6.52,6.55,6.6,6.5
2017-12-08,6.59,6.66,6.68,6.52
2017-12-11,6.66,6.68,6.69,6.64
2017-12-12,6.65,6.54,6.68,6.53
2017-12-13,6.51,6.63,6.63,6.51
2017-12-14,6.62,6.64,6.65,6.58
2017-12-15,6.64,6.63,6.64,6.58
2017-12-18,6.68,6.65,6.72,6.61
2017-12-19,6.67,6.69,6.71,6.64
2017-12-20,6.7,6.61,6.73,6.61
2017-12-21,6.59,6.54,6.59,6.42
2017-12-22,6.51,6.57,6.59,6.49
2017-12-25,6.57,6.4,6.57,6.4
2017-12-26,6.41,6.46,6.47,6.38
2017-12-27,6.48,6.44,6.5,6.4
2017-12-28,6.43,6.45,6.47,6.4
2017-12-29,6.44,6.51,6.52,6.41
2018-01-02,6.51,6.59,6.61,6.48
2018-01-03,6.56,6.69,6.7,6.56
2018-01-04,6.66,6.66,6.7,6.63
2018-01-05,6.67,6.72,6.75,6.63
2018-01-08,6.71,6.67,6.71,6.63
2018-01-09,6.67,6.67,6.68,6.64
2018-01-10,6.65,6.54,6.65,6.45
2018-01-11,6.53,6.61,6.64,6.47
2018-01-12,6.62,6.57,6.62,6.56
2018-01-15,6.57,6.29,6.57,6.28
2018-01-16,6.21,6.27,6.34,6.21
2018-01-17,6.27,6.24,6.28,6.13
2018-01-18,6.24,6.25,6.29,6.19
2018-01-19,6.25,6.24,6.29,6.19
2018-01-22,6.23,6.26,6.28,6.13
2018-01-23,6.26,6.29,6.3,6.25
2018-01-24,6.28,6.31,6.33,6.22
2018-01-25,6.3,6.33,6.4,6.27
2018-01-26,6.32,6.26,6.32,6.24
2018-01-29,6.24,6.16,6.26,6.13
2018-01-30,6.15,6.19,6.2,6.13
2018-01-31,6.19,5.87,6.19,5.82
2018-02-01,5.87,5.41,5.9,5.38
2018-02-02,5.4,5.16,5.4,5.11
2018-02-05,5.09,5.22,5.26,5.06
2018-02-06,5.16,4.84,5.17,4.83
2018-02-07,4.95,4.92,5.01,4.81
2018-02-08,4.92,5.1,5.13,4.9
2018-02-09,5.02,5.0,5.1,4.92
2018-02-12,5.06,5.13,5.17,5.06
2018-02-13,5.17,5.1,5.23,5.07
2018-02-14,5.12,5.15,5.17,5.07
2018-02-22,5.17,5.22,5.23,5.15
2018-02-23,5.2,5.24,5.25,5.15
2018-02-26,5.25,5.35,5.35,5.25
2018-02-27,5.34,5.35,5.37,5.3
2018-02-28,5.35,5.37,5.39,5.27
2018-03-01,5.34,5.47,5.48,5.32
2018-03-02,5.45,5.47,5.53,5.42
2018-03-05,5.47,5.45,5.48,5.41
2018-03-06,5.47,5.51,5.55,5.41
2018-03-07,5.52,5.46,5.55,5.45
2018-03-08,5.46,5.48,5.49,5.41
2018-03-09,5.48,5.6,5.61,5.47
2018-03-12,5.59,5.69,5.71,5.57
2018-03-13,5.68,5.71,5.78,5.61
2018-03-14,5.73,5.63,5.82,5.61
2018-03-15,5.73,6.19,6.19,5.71
2018-03-16,6.54,6.81,6.81,6.33
2018-03-19,7.08,6.74,7.38,6.68
2018-03-20,6.53,6.91,7.17,6.44
2018-03-21,6.76,6.73,6.98,6.66
2018-03-22,6.65,6.52,6.82,6.5
2018-03-23,6.21,5.87,6.22,5.87
2018-03-26,5.67,5.84,5.87,5.48
2018-03-27,5.92,6.04,6.11,5.86
2018-03-28,5.91,5.86,5.99,5.84
2018-03-29,5.82,5.97,6.04,5.82
2018-03-30,5.95,6.02,6.09,5.94
2018-04-02,6.0,6.1,6.15,5.86
2018-04-03,5.98,5.92,6.01,5.89
2018-04-04,5.92,5.75,5.98,5.7
2018-04-09,5.71,5.7,5.75,5.57
2018-04-10,5.7,5.77,5.78,5.65
2018-04-11,5.78,5.78,5.83,5.74
2018-04-12,5.78,5.66,5.81,5.63
2018-04-13,5.67,5.64,5.72,5.63
2018-04-16,5.63,5.43,5.63,5.39
2018-04-17,5.44,5.23,5.47,5.22
2018-04-18,5.3,5.34,5.35,5.17
2018-04-19,5.34,5.38,5.43,5.3
2018-04-20,5.41,5.22,5.41,5.18
2018-04-23,5.22,5.19,5.25,5.11
2018-04-24,5.18,5.33,5.36,5.18
2018-04-25,5.3,5.37,5.41,5.28
2018-04-26,5.37,5.21,5.4,5.19
2018-04-27,5.24,5.28,5.3,5.21
2018-05-02,5.31,5.29,5.35,5.22
2018-05-03,5.29,5.35,5.35,5.21
2018-05-04,5.35,5.31,5.35,5.23
2018-05-07,5.33,5.42,5.43,5.31
2018-05-08,5.43,5.48,5.5,5.42
2018-05-09,5.48,5.51,5.55,5.4
2018-05-10,5.49,5.64,5.66,5.49
2018-05-11,5.63,5.55,5.64,5.53
2018-05-14,5.55,5.48,5.62,5.46
2018-05-15,5.5,5.52,5.54,5.42
2018-05-16,5.49,5.46,5.53,5.44
2018-05-17,5.45,5.68,5.92,5.44
2018-05-18,5.58,5.66,5.69,5.57
2018-05-21,5.66,5.82,5.88,5.66
2018-05-22,5.78,5.79,5.81,5.72
2018-05-23,5.75,5.68,5.81,5.64
2018-05-24,5.7,5.61,5.73,5.58
2018-05-25,5.62,5.48,5.63,5.47
