date,open,close,high,low
2016-01-04,7.05,6.27,7.27,6.27
2016-01-05,5.75,6.62,6.87,5.75
2016-01-06,6.47,7.03,7.1,6.4
2016-01-07,6.84,6.33,6.97,6.33
2016-01-08,6.63,6.56,6.86,6.01
2016-01-11,6.21,5.9,6.49,5.9
2016-01-12,5.84,5.58,5.99,5.41
2016-01-13,5.63,5.46,5.98,5.4
2016-01-14,5.19,5.7,5.72,5.19
2016-01-15,5.62,5.24,5.7,5.2
2016-01-18,5.13,5.26,5.48,5.0
2016-01-19,5.3,5.42,5.45,5.21
2016-01-20,5.35,5.43,5.55,5.17
2016-01-21,5.25,5.28,5.59,5.25
2016-01-22,5.4,5.63,5.81,5.2
2016-01-25,5.68,5.71,5.84,5.5
2016-01-26,5.56,5.15,5.63,5.14
2016-01-27,5.15,5.06,5.24,4.7
2016-01-28,5.02,4.92,5.18,4.83
2016-01-29,4.9,5.01,5.1,4.85
2016-02-01,5.0,4.66,5.03,4.61
2016-02-02,4.68,4.89,4.98,4.67
2016-02-03,4.89,4.91,4.92,4.64
2016-02-04,4.91,5.02,5.04,4.87
2016-02-05,5.02,5.06,5.37,4.96
2016-02-15,4.87,5.2,5.26,4.78
2016-02-16,5.25,5.37,5.39,5.2
2016-02-17,5.29,5.51,5.79,5.26
2016-02-18,5.44,5.48,5.7,5.4
2016-02-19,5.39,5.5,5.55,5.35
2016-02-22,5.65,5.64,5.85,5.52
2016-02-23,5.69,5.76,5.88,5.57
2016-02-24,5.67,5.94,5.98,5.67
2016-02-25,5.92,5.46,6.03,5.36
2016-02-26,5.7,6.01,6.01,5.7
2016-02-29,6.18,6.27,6.54,5.97
2016-03-01,6.0,6.29,6.51,5.64
2016-03-02,6.13,6.48,6.64,6.05
2016-03-03,6.46,6.32,6.63,6.27
2016-03-04,6.32,6.35,6.85,6.25
2016-03-07,6.5,6.49,6.65,6.32
2016-03-08,6.78,6.54,6.87,6.39
2016-03-09,6.2,6.07,6.29,6.04
2016-03-10,6.11,5.97,6.24,5.94
2016-03-11,5.91,5.83,5.92,5.58
2016-03-14,5.83,6.0,6.1,5.83
2016-03-15,6.03,5.96,6.11,5.81
2016-03-16,5.95,5.85,6.08,5.8
2016-03-17,5.89,5.97,6.04,5.8
2016-03-18,6.01,6.18,6.27,6.01
2016-03-21,6.18,6.43,6.44,6.11
2016-03-22,6.49,6.5,6.8,6.38
2016-03-23,6.46,6.53,6.58,6.31
2016-03-24,6.5,6.46,6.8,6.36
2016-03-25,6.45,6.74,6.85,6.39
2016-03-28,6.76,6.47,6.96,6.45
2016-03-29,6.42,6.13,6.45,5.84
2016-03-30,6.12,6.35,6.4,6.03
2016-03-31,6.36,6.24,6.43,6.13
2016-04-01,6.24,6.25,6.33,6.15
2016-04-05,6.25,6.6,6.88,6.23
2016-04-06,6.48,6.66,6.68,6.35
2016-04-07,6.66,6.43,6.74,6.4
2016-04-08,6.39,6.21,6.4,6.08
2016-04-11,6.27,6.39,6.65,6.24
2016-04-12,6.39,6.39,6.45,6.26
2016-04-13,6.46,6.61,6.84,6.46
2016-04-14,6.76,6.55,6.76,6.38
2016-04-15,6.48,6.5,6.55,6.34
2016-04-18,6.42,6.3,6.43,6.18
2016-04-19,6.32,6.31,6.35,6.2
2016-04-20,6.34,5.93,6.37,5.84
2016-04-21,5.91,6.04,6.25,5.9
2016-04-22,5.92,5.98,5.99,5.73
2016-04-25,5.9,6.02,6.05,5.87
2016-04-26,6.04,6.07,6.09,5.97
2016-04-27,6.09,5.94,6.1,5.93
2016-04-28,5.9,5.83,5.95,5.71
2016-04-29,5.75,5.88,5.9,5.73
2016-05-03,5.88,5.97,5.97,5.83
2016-05-04,5.97,5.91,5.98,5.89
2016-05-05,5.9,5.93,5.94,5.85
2016-05-06,5.93,5.44,5.95,5.42
2016-05-09,5.36,5.18,5.36,5.03
2016-05-10,5.2,5.16,5.23,5.13
2016-05-11,5.2,5.15,5.24,5.12
2016-05-12,5.16,5.09,5.16,4.99
2016-05-13,5.08,5.21,5.42,5.03
2016-05-16,5.18,5.23,5.24,5.08
2016-05-17,5.21,5.25,5.34,5.17
2016-05-18,5.2,5.05,5.2,5.0
2016-05-19,5.03,5.11,5.23,5.03
2016-05-20,5.05,5.09,5.12,5.0
2016-05-23,5.07,5.08,5.13,5.05
2016-05-24,5.04,5.02,5.07,4.95
2016-05-25,5.03,5.02,5.1,5.01
2016-05-26,5.01,4.96,5.05,4.84
2016-05-27,4.97,4.96,5.0,4.9
2016-05-30,4.9,4.96,5.05,4.84
2016-05-31,4.97,5.15,5.16,4.9
2016-06-01,5.15,5.22,5.24,5.15
2016-06-02,5.24,5.22,5.25,5.15
2016-06-03,5.23,5.23,5.32,5.15
2016-06-06,5.23,5.25,5.3,5.2
2016-06-07,5.25,5.16,5.25,5.14
2016-06-08,5.16,5.1,5.18,5.02
2016-06-13,5.05,4.68,5.05,4.65
2016-06-14,4.68,4.72,4.79,4.67
2016-06-15,4.6,4.9,4.9,4.6
2016-06-16,4.9,4.92,4.96,4.85
2016-06-17,4.95,5.01,5.11,4.9
2016-06-20,5.01,4.92,5.01,4.87
2016-06-21,4.98,4.9,4.99,4.87
2016-06-22,4.9,4.93,4.94,4.83
2016-06-23,4.92,4.86,4.93,4.83
2016-06-24,4.83,4.81,4.9,4.66
2016-06-27,4.8,4.98,5.0,4.75
2016-06-28,4.93,4.96,4.97,4.86
2016-06-29,4.97,5.06,5.13,4.95
2016-06-30,5.08,5.03,5.08,5.0
2016-07-01,5.03,5.03,5.08,5.0
2016-07-04,5.0,5.2,5.24,4.97
2016-07-05,5.23,5.42,5.64,5.15
2016-07-06,5.38,5.39,5.6,5.31
2016-07-07,5.32,5.45,5.49,5.26
2016-07-08,5.39,5.37,5.48,5.32
2016-07-11,5.37,5.31,5.47,5.31
2016-07-12,5.29,5.54,5.6,5.29
2016-07-13,5.6,5.46,5.6,5.38
2016-07-14,5.38,5.47,5.48,5.35
2016-07-15,5.5,5.43,5.58,5.4
2016-07-18,5.4,5.29,5.41,5.23
2016-07-19,5.35,5.29,5.35,5.22
2016-07-20,5.3,5.27,5.32,5.24
2016-07-21,5.25,5.3,5.35,5.25
2016-07-22,5.33,5.32,5.37,5.28
2016-07-25,5.33,5.47,5.5,5.31
2016-07-26,5.45,5.48,5.51,5.41
2016-07-27,5.46,5.1,5.5,5.02
2016-07-28,5.08,5.1,5.16,5.04
2016-07-29,5.08,5.08,5.16,5.06
2016-08-01,5.05,4.97,5.07,4.93
2016-08-02,4.98,4.99,4.99,4.9
2016-08-04,4.99,4.99,4.99,4.9
2016-08-05,4.96,4.96,5.02,4.95
2016-08-08,4.96,5.13,5.15,4.95
2016-08-09,5.11,5.11,5.14,5.07
2016-08-10,5.11,5.15,5.39,5.11
2016-08-11,5.16,5.11,5.2,5.1
2016-08-12,5.11,5.13,5.14,5.01
2016-08-15,5.11,5.22,5.25,5.11
2016-08-16,5.24,5.27,5.3,5.2
2016-08-17,5.26,5.33,5.4,5.19
2016-08-18,5.3,5.29,5.34,5.24
2016-08-19,5.27,5.31,5.32,5.25
2016-08-22,5.33,5.23,5.35,5.22
2016-08-23,5.23,5.23,5.28,5.2
2016-08-24,5.23,5.23,5.26,5.21
2016-08-25,5.21,5.24,5.34,5.15
2016-08-26,5.23,5.25,5.28,5.19
2016-08-29,5.26,5.26,5.31,5.24
2016-08-30,5.23,5.18,5.26,5.13
2016-08-31,5.18,5.15,5.18,5.1
2016-09-01,5.15,5.16,5.22,5.13
2016-09-02,5.13,5.21,5.21,5.13
2016-09-05,5.18,5.23,5.27,5.18
2016-09-06,5.22,5.25,5.26,5.15
2016-09-07,5.26,5.26,5.3,5.23
2016-09-08,5.26,5.33,5.34,5.24
2016-09-09,5.34,5.26,5.35,5.25
2016-09-12,5.2,5.06,5.21,5.04
2016-09-13,5.07,5.09,5.1,5.05
2016-09-14,5.05,5.07,5.14,5.03
2016-09-19,5.07,5.11,5.14,5.06
2016-09-20,5.11,5.12,5.14,5.08
2016-09-21,5.12,5.17,5.29,5.11
2016-09-22,5.18,5.16,5.2,5.15
2016-09-23,5.18,5.17,5.21,5.16
2016-09-26,5.15,5.03,5.17,5.02
2016-09-27,5.01,5.03,5.05,4.96
2016-09-28,5.02,5.02,5.05,5.0
2016-09-29,5.01,5.06,5.06,5.01
2016-09-30,5.06,5.07,5.09,5.03
2016-10-10,5.1,5.13,5.15,5.07
2016-10-11,5.15,5.17,5.18,5.12
2016-10-12,5.16,5.18,5.19,5.14
2016-10-13,5.19,5.35,5.54,5.16
2016-10-14,5.29,5.29,5.34,5.2
2016-10-17,5.26,5.24,5.33,5.21
2016-10-18,5.23,5.32,5.32,5.22
2016-10-19,5.3,5.36,5.45,5.28
2016-10-20,5.33,5.3,5.36,5.27
2016-10-21,5.29,5.35,5.37,5.25
2016-10-24,5.33,5.5,5.56,5.32
2016-10-25,5.52,5.51,5.65,5.45
2016-10-26,5.52,5.76,5.86,5.5
2016-10-27,5.71,5.76,5.78,5.65
2016-10-28,5.7,5.79,5.81,5.65
2016-10-31,5.73,5.72,5.77,5.5
2016-11-01,5.7,5.94,5.96,5.64
2016-11-02,5.91,5.88,6.0,5.87
2016-11-03,5.81,5.85,5.91,5.75
2016-11-04,5.85,6.0,6.13,5.79
2016-11-07,6.0,6.19,6.3,5.99
2016-11-08,6.16,6.26,6.33,6.05
2016-11-09,6.2,6.19,6.36,6.15
2016-11-10,6.31,6.21,6.8,6.19
2016-11-11,6.22,6.08,6.34,6.05
2016-11-14,6.02,6.07,6.14,6.0
2016-11-15,6.07,5.98,6.1,5.94
2016-11-16,5.98,5.97,6.03,5.96
2016-11-17,5.97,6.01,6.02,5.91
2016-11-18,6.02,6.03,6.06,5.95
2016-11-21,6.01,5.99,6.03,5.95
2016-11-22,6.0,6.14,6.16,5.98
2016-11-23,6.09,6.02,6.15,5.99
2016-11-24,6.0,5.99,6.07,5.95
2016-11-25,5.99,5.91,6.02,5.76
2016-11-28,5.89,5.89,5.92,5.83
2016-11-29,5.85,5.89,6.11,5.85
2016-11-30,5.85,5.68,5.86,5.65
2016-12-01,5.7,5.73,5.77,5.67
2016-12-02,5.76,5.66,5.77,5.61
2016-12-05,5.56,5.62,5.66,5.5
2016-12-06,5.64,5.66,5.7,5.58
2016-12-07,5.66,5.73,5.81,5.64
2016-12-08,5.7,5.61,5.72,5.6
2016-12-09,5.61,5.68,5.73,5.6
2016-12-12,5.69,5.4,5.78,5.4
2016-12-13,5.35,5.46,5.47,5.3
2016-12-14,5.44,5.48,5.52,5.3
2016-12-15,5.4,5.64,5.78,5.36
2016-12-16,5.57,5.59,5.75,5.53
2016-12-19,5.56,5.64,5.67,5.48
2016-12-20,5.62,5.58,5.63,5.54
2016-12-21,5.58,5.61,5.64,5.57
2016-12-22,5.61,5.54,5.61,5.52
2016-12-23,5.53,5.43,5.6,5.42
2016-12-26,5.4,5.37,5.43,5.19
2016-12-27,5.35,5.38,5.43,5.34
2016-12-28,5.4,5.45,5.48,5.37
2016-12-29,5.44,5.48,5.51,5.4
2016-12-30,5.43,5.61,5.77,5.41
2017-01-03,5.61,5.59,5.64,5.53
2017-01-04,5.55,5.67,5.69,5.55
2017-01-05,5.67,5.78,5.85,5.64
2017-01-06,5.76,5.63,5.76,5.6
2017-01-09,5.59,5.69,5.71,5.58
2017-01-10,5.68,5.67,5.83,5.65
2017-01-11,5.68,5.74,5.88,5.66
2017-01-12,5.71,5.65,5.73,5.6
2017-01-13,5.64,5.4,5.65,5.39
2017-01-16,5.38,5.28,5.45,5.12
2017-01-17,5.27,5.34,5.34,5.25
2017-01-18,5.3,5.4,5.49,5.29
2017-01-19,5.36,5.33,5.41,5.31
2017-01-20,5.29,5.43,5.44,5.29
2017-01-23,5.45,5.49,5.52,5.4
2017-01-24,5.5,5.56,5.61,5.48
2017-01-25,5.6,5.63,5.76,5.59
2017-01-26,5.59,5.85,5.98,5.59
2017-02-03,5.84,5.84,5.91,5.79
2017-02-06,5.87,5.86,5.95,5.74
2017-02-07,5.87,5.84,5.89,5.78
2017-02-08,5.81,5.85,5.87,5.75
2017-02-09,5.82,6.05,6.14,5.82
2017-02-10,6.06,6.31,6.54,6.06
2017-02-13,6.31,6.17,6.39,6.14
2017-02-14,6.15,6.2,6.33,6.14
2017-02-15,6.16,6.05,6.18,6.02
2017-02-16,6.01,6.08,6.14,5.99
2017-02-17,6.05,6.06,6.26,5.99
2017-02-20,6.05,6.24,6.3,6.0
2017-02-21,6.25,6.19,6.35,6.13
2017-02-22,6.18,6.36,6.39,6.13
2017-02-23,6.32,6.18,6.41,6.13
2017-02-24,6.14,6.11,6.19,5.99
2017-02-27,6.1,5.94,6.11,5.92
2017-02-28,5.92,5.96,5.98,5.87
2017-03-01,5.96,6.05,6.11,5.91
2017-03-02,6.33,6.17,6.53,6.15
2017-03-03,6.12,6.01,6.16,6.0
2017-03-06,6.0,6.03,6.08,6.0
2017-03-07,6.04,5.97,6.05,5.96
2017-03-08,5.97,6.0,6.03,5.93
2017-03-09,5.98,5.82,5.98,5.78
2017-03-10,5.81,5.82,5.88,5.79
2017-03-13,5.78,5.84,5.85,5.72
2017-03-14,5.88,5.82,5.89,5.8
2017-03-15,5.82,5.85,5.86,5.8
2017-03-16,5.86,5.9,5.91,5.85
2017-03-17,5.88,5.74,5.91,5.73
2017-03-20,5.76,5.82,5.83,5.74
2017-03-21,5.79,5.8,5.85,5.78
2017-03-22,5.76,5.7,5.79,5.65
2017-03-23,5.71,5.8,5.81,5.66
2017-03-24,5.8,5.9,5.91,5.72
2017-03-27,5.88,5.89,5.95,5.84
2017-03-28,5.85,5.88,5.9,5.82
2017-03-29,5.88,5.96,6.09,5.82
2017-03-30,5.92,6.12,6.14,5.92
2017-03-31,6.07,6.15,6.37,5.98
2017-04-05,6.07,6.15,6.2,5.98
2017-04-06,6.15,6.09,6.15,6.04
2017-04-07,6.08,6.07,6.16,6.04
2017-04-10,6.06,6.11,6.14,6.0
2017-04-11,6.1,6.24,6.26,6.08
2017-04-12,6.25,6.05,6.25,6.01
2017-04-13,6.0,6.07,6.08,5.96
2017-04-14,6.08,6.01,6.14,5.96
2017-04-17,6.02,6.19,6.27,5.98
2017-04-18,6.19,6.03,6.23,6.02
2017-04-19,6.01,5.62,6.02,5.5
2017-04-20,5.6,5.51,5.65,5.42
2017-04-21,5.52,5.54,5.69,5.49
2017-04-24,5.49,5.16,5.49,5.13
2017-04-25,5.22,5.22,5.28,5.15
2017-04-26,5.24,5.2,5.27,5.18
2017-04-27,5.21,5.22,5.23,5.01
2017-04-28,5.22,5.29,5.36,5.19
2017-05-02,5.25,5.28,5.35,5.23
2017-05-03,5.28,5.34,5.37,5.24
2017-05-04,5.32,5.29,5.39,5.28
2017-05-05,5.25,5.09,5.27,5.08
2017-05-08,5.07,5.02,5.15,5.01
2017-05-09,5.03,5.1,5.11,5.01
2017-05-10,5.07,5.01,5.13,5.01
2017-05-11,5.0,4.92,5.0,4.7
2017-05-12,4.9,4.87,4.93,4.78
2017-05-15,4.87,4.88,4.92,4.84
2017-05-16,4.88,4.97,4.98,4.76
2017-05-17,4.98,4.95,5.02,4.93
2017-05-18,4.91,4.95,4.99,4.9
2017-05-19,4.95,4.98,4.98,4.94
2017-05-22,5.03,4.99,5.08,4.97
2017-05-23,4.98,4.77,4.98,4.73
2017-05-24,4.77,4.79,4.8,4.63
2017-05-25,4.76,4.9,4.92,4.69
2017-05-26,4.9,4.84,5.0,4.82
2017-05-31,4.89,4.82,4.89,4.81
2017-06-01,4.82,4.72,4.86,4.7
2017-06-02,4.69,4.76,4.78,4.65
2017-06-05,4.74,4.77,4.84,4.74
2017-06-06,4.76,4.82,4.83,4.75
2017-06-07,4.81,4.89,4.9,4.8
2017-06-08,4.89,4.88,4.91,4.85
2017-06-09,4.87,4.84,4.88,4.8
2017-06-12,4.82,4.75,4.84,4.73
2017-06-13,4.67,4.82,4.83,4.67
2017-06-14,4.79,4.9,5.09,4.79
2017-06-15,4.85,4.93,4.95,4.85
2017-06-16,4.94,4.92,4.96,4.9
2017-06-19,4.91,5.02,5.03,4.89
2017-06-20,4.99,5.04,5.15,4.99
2017-06-21,5.0,5.02,5.09,4.98
2017-06-22,5.02,4.9,5.03,4.89
2017-06-23,4.91,4.89,4.93,4.8
2017-06-26,4.89,5.04,5.05,4.84
2017-06-27,5.03,5.04,5.05,4.97
2017-06-28,5.03,5.03,5.08,4.99
2017-06-29,5.02,5.07,5.11,5.02
2017-06-30,5.05,5.04,5.05,4.96
2017-07-03,5.03,5.15,5.17,5.01
2017-07-04,5.14,5.13,5.19,5.09
2017-07-05,5.12,5.16,5.19,5.1
2017-07-06,5.14,5.24,5.25,5.14
2017-07-07,5.2,5.26,5.27,5.15
2017-07-10,5.23,5.35,5.52,5.21
2017-07-11,5.35,5.17,5.35,5.16
2017-07-12,5.23,5.2,5.24,5.07
2017-07-13,5.19,5.3,5.38,5.18
2017-07-14,5.27,5.2,5.28,5.15
2017-07-17,5.16,4.91,5.2,4.85
2017-07-18,4.91,5.11,5.13,4.87
2017-07-19,5.09,5.4,5.55,5.07
2017-07-20,5.41,5.55,5.71,5.32
2017-07-21,5.5,5.45,5.59,5.41
2017-07-24,5.46,5.69,5.7,5.41
2017-07-25,6.06,6.26,6.26,5.68
2017-07-26,6.58,6.46,6.79,6.2
2017-07-27,7.11,7.11,7.11,6.9
2017-07-28,6.99,7.82,7.82,6.9
2017-07-31,8.21,8.6,8.6,8.1
2017-08-01,8.5,8.85,9.06,8.37
2017-08-03,8.5,8.64,8.94,8.23
2017-08-04,8.43,8.05,8.93,7.93
2017-08-07,8.05,8.42,8.49,7.71
2017-08-08,8.2,7.88,8.28,7.68
2017-08-09,7.93,7.99,8.1,7.56
2017-08-10,7.8,7.69,7.9,7.66
2017-08-11,7.49,7.12,7.58,7.02
2017-08-14,7.2,7.2,7.27,7.05
2017-08-15,7.2,7.51,7.68,7.16
2017-08-16,7.35,7.28,7.43,6.9
2017-08-17,7.35,7.51,7.58,7.15
2017-08-18,7.32,7.29,7.49,7.15
2017-08-21,7.34,7.43,7.53,7.22
2017-08-22,7.31,7.14,7.36,7.04
2017-08-23,6.99,6.75,7.1,6.73
2017-08-24,6.79,6.84,6.92,6.7
2017-08-25,6.89,6.96,7.09,6.78
2017-08-28,6.83,7.08,7.2,6.76
2017-08-29,7.07,7.02,7.29,6.99
2017-08-30,6.88,7.53,7.72,6.86
2017-08-31,7.35,7.43,7.53,7.25
2017-09-01,7.4,7.77,8.06,7.39
2017-09-04,7.91,7.97,8.18,7.57
2017-09-05,7.79,7.71,7.94,7.53
2017-09-06,7.5,7.79,8.09,7.41
2017-09-07,7.69,7.52,7.77,7.5
2017-09-08,7.5,7.45,7.64,7.36
2017-09-11,7.27,7.47,7.49,7.15
2017-09-12,7.47,7.77,7.95,7.4
2017-09-13,7.65,7.87,7.97,7.61
2017-09-14,7.81,7.51,7.88,7.45
2017-09-15,7.48,7.1,7.48,7.0
2017-09-18,7.01,7.1,7.15,6.96
2017-09-19,7.1,7.04,7.15,7.0
2017-09-20,7.1,7.28,7.32,7.02
2017-09-21,7.18,7.14,7.38,7.12
2017-09-22,7.03,7.15,7.31,6.89
2017-09-25,7.11,6.96,7.15,6.94
2017-09-26,6.92,7.11,7.19,6.92
2017-09-27,7.15,7.22,7.35,7.11
2017-09-28,7.2,6.99,7.2,6.98
2017-09-29,6.96,6.85,7.08,6.72
2017-10-09,6.91,6.93,7.01,6.86
2017-10-10,6.88,6.77,6.93,6.7
2017-10-11,6.78,6.7,6.8,6.61
2017-10-12,6.67,6.75,6.78,6.55
2017-10-13,6.8,6.73,6.8,6.69
2017-10-16,6.75,6.68,6.85,6.62
2017-10-17,6.68,6.5,6.68,6.5
2017-10-18,6.5,6.27,6.53,6.21
2017-10-19,6.24,6.06,6.24,6.04
2017-10-20,6.11,6.22,6.25,6.06
2017-10-23,6.19,6.17,6.19,6.09
2017-10-24,6.16,6.19,6.27,6.12
2017-10-25,6.22,6.18,6.22,6.13
2017-10-26,6.15,6.23,6.27,6.1
2017-10-27,6.19,6.03,6.21,6.03
2017-10-30,6.03,5.73,6.06,5.7
2017-10-31,5.6,5.72,5.74,5.51
2017-11-01,5.72,5.6,5.77,5.59
2017-11-02,5.59,5.49,5.65,5.42
2017-11-03,5.47,5.34,5.49,5.22
2017-11-06,5.4,5.45,5.5,5.34
2017-11-07,5.43,5.66,5.79,5.41
2017-11-08,5.59,5.61,5.7,5.52
2017-11-09,5.61,5.65,5.77,5.59
2017-11-10,5.8,5.8,5.91,5.73
2017-11-13,5.7,5.93,5.95,5.63
2017-11-14,5.91,5.81,6.09,5.78
2017-11-15,5.8,5.63,5.8,5.59
2017-11-16,5.57,5.53,5.7,5.52
2017-11-17,5.53,5.23,5.56,5.21
2017-11-20,5.2,5.27,5.3,5.0
2017-11-21,5.26,5.24,5.38,5.21
2017-11-22,5.27,5.31,5.37,5.25
2017-11-23,5.33,5.16,5.38,5.14
2017-11-24,5.11,5.26,5.29,5.0
2017-11-27,5.35,5.23,5.38,5.22
2017-11-28,5.2,5.4,5.44,5.16
2017-11-29,5.42,5.81,5.88,5.37
2017-11-30,5.75,5.69,5.98,5.68
2017-12-01,5.63,5.75,5.76,5.56
2017-12-04,5.74,5.88,6.03,5.71
2017-12-05,5.89,5.54,5.95,5.32
2017-12-06,5.48,5.54,5.59,5.35
2017-12-07,5.5,5.43,5.64,5.42
2017-12-08,5.34,5.5,5.56,5.3
2017-12-11,5.48,5.51,5.53,5.42
2017-12-12,5.53,5.37,5.58,5.37
2017-12-13,5.32,5.42,5.43,5.3
2017-12-14,5.4,5.37,5.43,5.33
2017-12-15,5.36,5.29,5.36,5.24
2017-12-18,5.33,5.38,5.38,5.26
2017-12-19,5.37,5.39,5.41,5.34
2017-12-20,5.36,5.25,5.38,5.25
2017-12-21,5.25,5.29,5.33,5.2
2017-12-22,5.29,5.26,5.33,5.23
2017-12-25,5.28,5.08,5.28,5.07
2017-12-26,5.08,5.12,5.13,5.04
2017-12-27,5.1,5.16,5.24,5.08
2017-12-28,5.54,5.68,5.68,5.43
2017-12-29,5.75,5.69,5.99,5.68
2018-01-02,5.56,5.79,5.9,5.45
2018-01-03,5.71,5.81,5.86,5.67
2018-01-04,5.76,6.01,6.17,5.66
2018-01-05,5.91,5.9,6.03,5.87
2018-01-08,5.9,6.0,6.1,5.8
2018-01-09,5.99,6.02,6.11,5.83
2018-01-10,5.94,5.89,6.05,5.86
2018-01-11,5.83,5.71,5.95,5.71
2018-01-12,5.79,5.77,5.88,5.63
2018-01-15,5.71,5.39,5.72,5.32
2018-01-16,5.35,5.4,5.46,5.32
2018-01-17,5.36,5.45,5.51,5.27
2018-01-18,5.44,5.56,5.64,5.4
2018-01-19,5.51,5.48,5.59,5.42
2018-01-22,5.51,5.6,5.66,5.5
2018-01-23,5.6,5.56,5.6,5.5
2018-01-24,5.54,5.51,5.55,5.42
2018-01-25,5.54,5.55,5.6,5.5
2018-03-20,5.01,5.19,5.4,5.01
2018-03-21,5.37,5.25,5.39,5.18
2018-03-22,5.21,5.18,5.34,5.15
2018-03-23,5.0,4.66,5.0,4.66
2018-03-26,4.5,4.54,4.54,4.23
2018-03-27,4.61,4.6,4.68,4.55
2018-03-28,4.54,4.53,4.64,4.45
2018-03-29,4.55,4.98,4.98,4.52
2018-03-30,5.1,5.07,5.15,4.93
2018-04-02,4.97,4.99,5.14,4.96
2018-04-03,4.9,4.78,4.9,4.71
2018-04-04,4.78,4.73,4.84,4.71
2018-04-09,4.71,4.76,4.88,4.57
2018-04-10,4.8,4.9,4.99,4.77
2018-04-11,4.96,4.85,4.96,4.82
2018-04-12,4.82,4.77,4.86,4.75
2018-04-13,4.77,4.8,4.86,4.75
2018-04-16,4.81,4.65,4.82,4.6
2018-04-17,4.65,4.58,4.72,4.57
2018-04-18,4.63,4.63,4.67,4.54
2018-04-19,4.66,4.7,4.77,4.6
2018-04-20,4.68,4.52,4.7,4.5
2018-04-23,4.53,4.5,4.55,4.45
2018-04-24,4.5,4.63,4.7,4.5
2018-04-25,4.59,4.57,4.59,4.53
2018-04-26,4.56,4.46,4.57,4.46
2018-04-27,4.47,4.47,4.51,4.41
2018-05-02,4.45,4.48,4.5,4.41
2018-05-03,4.48,4.52,4.54,4.46
2018-05-04,4.53,4.46,4.54,4.45
2018-05-07,4.45,4.5,4.52,4.43
2018-05-08,4.5,4.54,4.56,4.48
2018-05-09,4.52,4.5,4.56,4.48
2018-05-10,4.51,4.54,4.54,4.5
2018-05-11,4.54,4.57,4.58,4.48
2018-05-14,4.56,4.54,4.6,4.51
2018-05-15,4.53,4.55,4.56,4.49
2018-05-16,4.52,4.48,4.54,4.46
2018-05-17,4.48,4.44,4.49,4.42
2018-05-18,4.43,4.46,4.48,4.4
2018-05-21,4.5,4.7,4.75,4.5
2018-05-22,4.64,4.64,4.67,4.61
2018-05-23,4.67,4.57,4.68,4.56
2018-05-24,4.55,4.56,4.59,4.53
2018-05-25,4.55,4.53,4.64,4.52
