date,open,close,high,low
2016-01-04,12.995,11.688,13.065,11.688
2016-01-05,10.58,10.859,11.508,10.52
2016-01-06,10.989,11.089,11.139,10.67
2016-01-07,10.78,9.981,10.939,9.981
2016-01-08,10.161,9.821,10.38,9.033
2016-01-11,9.632,8.843,9.632,8.843
2016-01-12,8.813,8.853,9.033,8.454
2016-01-13,8.893,8.364,8.963,8.354
2016-01-14,8.015,8.763,8.803,7.835
2016-01-15,8.684,8.554,9.043,8.364
2016-01-18,8.394,8.803,8.983,8.155
2016-01-19,8.803,9.292,9.422,8.703
2016-01-20,9.173,9.073,9.392,8.973
2016-01-21,8.943,8.484,9.163,8.484
2016-01-22,8.634,8.644,8.753,8.264
2016-01-25,8.763,8.833,8.923,8.664
2016-01-26,8.773,7.955,8.773,7.955
2016-01-27,7.965,7.665,8.055,7.186
2016-01-28,7.566,7.196,7.745,7.017
2016-01-29,7.196,7.586,7.665,7.146
2016-02-01,7.685,7.675,7.885,7.566
2016-02-02,7.715,8.035,8.075,7.665
2016-02-03,8.085,8.155,8.354,7.995
2016-02-04,8.085,8.444,8.524,8.025
2016-02-05,8.374,8.504,8.803,8.374
2016-02-15,8.015,8.803,8.983,8.015
2016-02-16,8.853,9.023,9.063,8.733
2016-02-17,9.013,9.183,9.262,8.913
2016-02-18,9.133,9.013,9.362,8.983
2016-02-19,8.973,8.983,9.103,8.893
2016-02-22,9.123,9.183,9.213,8.993
2016-02-23,9.183,9.203,9.232,8.993
2016-02-24,9.203,9.183,9.302,9.013
2016-02-25,9.133,8.264,9.252,8.264
2016-02-26,8.264,8.085,8.314,7.845
2016-02-29,7.965,7.326,8.045,7.276
2016-03-01,7.436,7.576,7.606,7.196
2016-03-02,7.586,8.055,8.075,7.566
2016-03-03,7.985,8.135,8.374,7.985
2016-03-04,8.095,7.885,8.184,7.586
2016-03-07,7.985,8.554,8.584,7.925
2016-03-08,8.564,8.454,8.564,8.045
2016-03-09,8.234,8.095,8.364,7.985
2016-03-10,8.184,7.985,8.204,7.935
2016-03-11,7.885,8.085,8.105,7.755
2016-03-14,8.184,8.354,8.504,8.155
2016-03-15,8.304,8.364,8.524,8.234
2016-03-16,8.434,8.384,8.783,8.364
2016-03-17,8.394,8.743,8.783,8.394
2016-03-18,8.773,9.073,9.083,8.703
2016-03-21,9.173,9.222,9.332,9.023
2016-03-22,9.073,9.312,9.412,9.033
2016-03-23,9.213,9.362,9.402,9.163
2016-03-24,9.302,9.063,9.382,9.053
2016-03-25,9.063,9.242,9.252,9.033
2016-03-28,9.302,9.432,9.592,9.282
2016-03-29,9.282,9.113,9.412,9.043
2016-03-30,9.213,9.452,9.482,9.173
2016-03-31,9.482,9.732,9.771,9.472
2016-04-01,9.831,9.722,10.211,9.622
2016-04-05,9.682,9.901,9.981,9.492
2016-04-06,9.901,9.871,10.021,9.742
2016-04-07,9.881,10.031,10.39,9.712
2016-04-08,9.921,9.841,10.011,9.632
2016-04-11,9.921,10.021,10.131,9.841
2016-04-12,9.971,10.021,10.181,9.861
2016-04-13,10.081,10.111,10.251,10.031
2016-04-14,10.221,10.51,10.54,10.101
2016-04-15,10.54,10.859,11.029,10.38
2016-04-18,10.78,11.009,11.358,10.7
2016-04-19,11.149,11.019,11.249,10.76
2016-04-20,11.109,10.171,11.328,9.921
2016-04-21,10.151,9.971,10.32,9.931
2016-04-22,9.861,10.181,10.201,9.722
2016-04-25,10.011,10.041,10.131,9.881
2016-04-26,10.051,10.27,10.28,10.031
2016-04-27,10.29,10.5,10.829,10.28
2016-04-28,10.56,10.62,10.74,10.33
2016-04-29,10.52,10.45,10.72,10.39
2016-05-03,10.45,10.7,10.71,10.38
2016-05-04,10.68,10.899,11.009,10.54
2016-05-05,10.819,10.829,10.949,10.69
2016-05-06,10.799,9.961,10.919,9.951
2016-05-09,9.791,9.312,9.961,9.173
2016-05-10,9.282,9.173,9.422,8.993
2016-05-11,9.193,9.083,9.282,9.023
2016-05-12,8.973,8.843,8.973,8.404
2016-05-13,8.773,8.763,8.953,8.634
2016-05-16,8.763,9.073,9.093,8.684
2016-05-17,9.153,9.013,9.163,8.903
2016-05-18,8.953,8.554,8.953,8.394
2016-05-19,8.504,8.544,8.783,8.484
2016-05-20,8.584,8.674,8.684,8.424
2016-05-23,8.694,8.853,8.883,8.634
2016-05-24,8.773,8.703,8.853,8.654
2016-05-25,8.873,8.674,8.873,8.664
2016-05-26,8.733,8.654,8.733,8.364
2016-05-27,8.624,8.703,8.843,8.584
2016-05-30,8.604,8.743,8.803,8.564
2016-05-31,8.783,9.103,9.123,8.773
2016-06-01,9.083,9.213,9.362,9.083
2016-06-02,9.232,9.761,9.961,9.222
2016-06-03,9.742,9.512,9.742,9.442
2016-06-06,9.532,9.582,9.751,9.452
2016-06-07,9.582,9.422,9.642,8.863
2016-06-08,9.342,9.392,9.472,9.252
2016-06-13,9.203,8.733,9.342,8.664
2016-06-14,8.574,9.023,9.203,8.574
2016-06-15,8.863,9.572,9.642,8.753
2016-06-16,9.482,9.592,9.632,9.402
2016-06-17,9.542,9.911,9.951,9.542
2016-06-20,9.761,10.251,10.29,9.642
2016-06-21,10.33,9.981,10.33,9.881
2016-06-22,10.011,10.121,10.221,9.971
2016-06-23,10.131,10.001,10.181,9.881
2016-06-24,10.061,9.682,10.061,9.462
2016-06-27,9.632,10.241,10.3,9.582
2016-06-28,10.171,10.27,10.33,10.081
2016-06-29,10.27,10.17,10.43,10.08
2016-06-30,10.2,10.2,10.42,10.17
2016-07-01,10.25,10.11,10.29,10.04
2016-07-04,10.0,10.28,10.34,9.92
2016-07-05,10.28,10.38,10.53,10.18
2016-07-06,10.32,10.27,10.38,10.2
2016-07-07,10.26,10.24,10.33,10.13
2016-07-08,10.25,10.24,10.32,10.17
2016-07-11,10.28,10.13,10.37,10.1
2016-07-12,10.25,10.2,10.29,9.98
2016-07-13,10.25,10.46,10.48,10.1
2016-07-14,10.69,10.6,10.8,10.39
2016-07-15,10.6,10.57,10.72,10.51
2016-07-18,10.5,10.3,10.62,10.24
2016-07-19,10.3,10.25,10.33,10.14
2016-07-20,10.27,10.78,10.88,10.2
2016-07-21,10.77,10.53,10.79,10.5
2016-07-22,10.54,10.24,10.64,10.21
2016-07-25,10.24,10.37,10.47,10.15
2016-07-26,10.3,10.5,10.56,10.3
2016-07-27,10.54,10.1,10.63,9.91
2016-07-28,10.01,10.2,10.24,9.99
2016-07-29,10.21,10.02,10.27,9.95
2016-08-01,9.93,9.59,9.99,9.35
2016-08-02,9.59,9.66,9.68,9.46
2016-08-03,9.64,9.69,9.73,9.58
2016-08-04,9.68,10.03,10.19,9.63
2016-08-05,9.94,9.98,10.08,9.9
2016-08-08,9.98,10.1,10.12,9.94
2016-08-09,10.12,10.12,10.18,10.06
2016-08-10,10.11,10.01,10.14,9.99
2016-08-11,9.98,9.84,10.04,9.8
2016-08-12,9.84,10.02,10.15,9.8
2016-08-15,10.03,10.18,10.21,10.0
2016-08-16,10.24,10.16,10.24,10.11
2016-08-17,10.16,10.19,10.2,10.09
2016-08-18,10.19,10.22,10.25,10.13
2016-08-19,10.22,10.33,10.38,10.08
2016-08-22,10.28,10.1,10.4,10.09
2016-08-23,10.06,10.11,10.2,10.0
2016-08-24,10.18,10.1,10.2,10.02
2016-08-25,10.09,9.9,10.1,9.81
2016-08-26,9.9,9.92,10.03,9.86
2016-08-29,9.99,10.27,10.38,9.96
2016-08-30,10.28,10.37,10.57,10.21
2016-08-31,10.35,10.24,10.35,10.12
2016-09-01,10.2,10.12,10.34,10.12
2016-09-02,10.1,10.13,10.24,10.1
2016-09-05,10.13,10.11,10.26,10.08
2016-09-06,10.17,10.18,10.21,9.95
2016-09-07,10.18,10.29,10.43,10.16
2016-09-08,10.29,10.5,10.67,10.25
2016-09-09,10.45,10.39,10.52,10.34
2016-09-12,10.25,9.98,10.3,9.94
2016-09-13,10.05,10.02,10.1,9.95
2016-09-14,9.96,9.87,10.02,9.82
2016-09-19,9.88,10.0,10.04,9.88
2016-09-20,10.02,10.0,10.04,9.93
2016-09-21,10.03,10.16,10.22,10.0
2016-09-22,10.15,10.18,10.28,10.14
2016-09-23,10.22,10.09,10.29,10.03
2016-09-26,10.07,9.86,10.11,9.81
2016-09-27,9.9,9.89,9.93,9.72
2016-09-28,9.91,9.83,9.96,9.8
2016-09-29,9.84,9.83,9.98,9.7
2016-09-30,9.83,9.99,10.04,9.82
2016-10-10,10.01,10.31,10.32,9.98
2016-10-11,10.26,10.36,10.42,10.25
2016-10-12,10.35,10.38,10.43,10.24
2016-10-13,10.32,10.6,10.75,10.27
2016-10-14,10.58,10.52,10.64,10.38
2016-10-17,10.46,10.37,10.73,10.15
2016-10-18,10.29,11.41,11.41,10.29
2016-10-19,12.2,12.55,12.55,12.1
2016-10-20,12.0,12.47,12.53,11.93
2016-10-21,12.23,12.0,12.25,11.81
2016-10-24,11.9,12.09,12.19,11.83
2016-10-25,12.05,12.07,12.18,11.9
2016-10-26,12.07,11.71,12.07,11.66
2016-10-27,11.75,11.87,11.91,11.66
2016-10-28,11.92,11.44,11.92,11.36
2016-10-31,11.44,11.34,11.48,11.16
2016-11-01,11.34,11.52,11.55,11.26
2016-11-02,11.49,11.41,11.49,11.36
2016-11-03,11.33,11.68,11.81,11.31
2016-11-04,11.59,11.55,11.81,11.49
2016-11-07,11.46,11.87,12.03,11.11
2016-11-08,11.71,11.8,11.85,11.6
2016-11-09,11.78,11.34,11.84,11.21
2016-11-10,11.46,11.39,11.53,11.31
2016-11-11,11.47,11.5,11.62,11.32
2016-11-14,11.51,11.84,11.98,11.43
2016-11-15,11.83,11.87,11.95,11.7
2016-11-16,11.86,11.56,11.9,11.52
2016-11-17,11.56,12.03,12.08,11.4
2016-11-18,12.0,11.8,12.1,11.7
2016-11-21,11.7,11.61,11.83,11.56
2016-11-22,11.61,11.64,11.72,11.53
2016-11-23,11.7,11.33,11.74,11.31
2016-11-24,11.29,11.14,11.5,11.1
2016-11-25,11.16,11.6,11.63,10.99
2016-11-28,11.49,11.38,11.56,11.35
2016-11-29,11.4,11.12,11.43,11.11
2016-11-30,11.06,11.26,11.43,11.03
2016-12-01,11.33,11.24,11.39,11.18
2016-12-02,11.33,10.85,11.33,10.84
2016-12-05,10.68,10.87,10.98,10.62
2016-12-06,10.9,10.86,10.98,10.78
2016-12-07,10.86,10.91,10.93,10.63
2016-12-08,10.91,10.81,10.94,10.73
2016-12-09,10.8,10.79,10.88,10.74
2016-12-12,10.81,10.36,10.84,10.12
2016-12-13,10.28,10.37,10.4,10.19
2016-12-14,10.38,10.26,10.38,10.2
2016-12-15,10.25,10.43,10.53,10.21
2016-12-16,10.43,10.66,10.74,10.37
2016-12-19,10.65,10.5,10.65,10.45
2016-12-20,10.55,10.61,10.87,10.48
2016-12-21,10.65,10.64,10.77,10.58
2016-12-22,10.65,10.72,10.84,10.6
2016-12-23,10.8,10.44,10.95,10.29
2016-12-26,10.25,10.4,10.45,10.23
2016-12-27,10.4,10.61,10.65,10.4
2016-12-28,10.65,10.73,10.83,10.56
2016-12-29,10.73,10.54,10.76,10.5
2016-12-30,10.59,10.59,10.69,10.47
2017-01-03,10.6,10.74,10.78,10.57
2017-01-04,10.78,10.87,10.92,10.72
2017-01-05,11.2,11.96,11.96,11.19
2017-01-06,12.48,12.14,12.88,12.12
2017-01-09,11.75,11.79,11.9,11.57
2017-01-10,11.68,11.66,11.86,11.42
2017-01-11,11.5,11.72,11.9,11.46
2017-01-12,11.56,11.8,12.08,11.28
2017-01-13,11.69,11.44,11.8,11.3
2017-01-16,11.33,10.69,11.42,10.3
2017-01-17,10.5,10.83,10.86,10.42
2017-01-18,10.7,10.87,11.09,10.62
2017-01-19,10.81,10.77,10.96,10.68
2017-01-20,10.61,10.95,11.14,10.61
2017-01-23,10.88,11.0,11.08,10.79
2017-01-24,10.93,10.8,11.01,10.73
2017-01-25,10.8,10.58,10.8,10.54
2017-01-26,10.68,10.67,10.68,10.54
2017-02-03,10.61,10.79,10.95,10.61
2017-02-06,10.82,10.89,10.92,10.66
2017-02-07,10.88,11.14,11.36,10.81
2017-02-08,11.07,11.36,11.4,10.9
2017-02-09,11.28,11.56,11.8,11.25
2017-02-10,11.48,11.46,11.75,11.35
2017-02-13,11.38,11.5,11.74,11.38
2017-02-14,11.48,11.63,11.71,11.4
2017-02-15,11.6,11.28,11.65,11.21
2017-02-16,11.26,11.74,12.2,11.26
2017-02-17,11.63,11.85,12.2,11.63
2017-02-20,11.78,11.76,11.9,11.37
2017-02-21,11.7,11.92,12.15,11.6
2017-02-22,11.9,11.87,11.91,11.62
2017-02-23,11.85,11.62,11.85,11.43
2017-02-24,11.51,11.52,11.63,11.4
2017-02-27,11.54,11.37,11.66,11.22
2017-02-28,11.37,11.29,11.4,11.17
2017-03-01,11.29,11.39,11.43,11.18
2017-03-02,11.42,11.23,11.48,11.19
2017-03-03,11.04,11.28,11.32,11.04
2017-03-06,11.3,11.31,11.45,11.22
2017-03-07,11.28,11.35,11.39,11.22
2017-03-08,11.34,11.2,11.44,11.16
2017-03-09,11.22,11.12,11.23,11.01
2017-03-10,11.15,10.97,11.15,10.95
2017-03-13,10.88,10.89,10.95,10.69
2017-03-14,10.84,10.98,10.98,10.81
2017-03-15,10.92,10.83,11.06,10.8
2017-03-16,10.79,10.97,10.98,10.79
2017-03-17,10.95,10.86,11.08,10.81
2017-03-20,10.85,11.03,11.1,10.85
2017-03-21,11.11,11.05,11.11,10.98
2017-03-22,10.99,11.22,11.28,10.9
2017-03-23,11.17,11.74,11.94,11.15
2017-03-24,11.65,11.53,11.72,11.41
2017-03-27,11.55,12.07,12.35,11.34
2017-03-28,12.1,11.7,12.1,11.59
2017-03-29,11.52,11.43,11.64,11.26
2017-03-30,11.42,12.57,12.57,11.4
2017-03-31,12.23,11.8,12.31,11.6
2017-04-05,11.5,11.92,12.16,11.5
2017-04-06,11.77,12.3,12.38,11.66
2017-04-07,12.14,11.96,12.21,11.91
2017-04-10,11.9,11.88,11.9,11.61
2017-04-11,11.88,11.49,11.93,11.1
2017-04-12,11.39,11.0,11.48,10.92
2017-04-13,10.9,10.96,11.17,10.85
2017-04-14,10.9,10.69,11.17,10.67
2017-04-17,10.67,10.03,10.67,9.86
2017-04-18,10.1,9.98,10.22,9.93
2017-04-19,9.94,9.94,10.0,9.51
2017-04-20,9.95,9.77,10.07,9.67
2017-04-21,10.05,9.88,10.05,9.76
2017-04-24,9.8,9.56,9.9,9.53
2017-04-25,9.56,9.64,9.75,9.52
2017-04-26,9.62,9.57,9.68,9.52
2017-04-27,9.57,9.4,9.57,9.1
2017-04-28,9.33,9.47,9.49,9.28
2017-05-02,9.45,9.56,9.65,9.45
2017-05-03,9.56,9.7,9.71,9.56
2017-05-04,9.65,9.56,9.72,9.52
2017-05-05,9.52,9.2,9.61,8.9
2017-05-08,9.07,9.04,9.17,9.0
2017-05-09,9.05,9.18,9.23,9.02
2017-05-10,9.18,8.91,9.28,8.9
2017-05-11,8.95,8.86,8.95,8.45
2017-05-12,8.85,8.78,8.92,8.7
2017-05-31,9.66,9.66,9.66,9.51
2017-06-01,9.69,9.43,9.88,9.38
2017-06-02,9.3,9.18,9.3,8.71
2017-06-05,9.01,9.38,9.4,9.01
2017-06-06,9.32,9.22,9.38,9.1
2017-06-07,9.18,9.31,9.33,9.15
2017-06-08,9.3,9.15,9.37,9.11
2017-06-09,9.12,8.98,9.12,8.91
2017-06-12,8.88,8.66,8.95,8.5
2017-06-13,8.66,8.87,8.88,8.62
2017-06-14,8.85,8.9,8.96,8.72
2017-06-15,8.93,9.0,9.06,8.87
2017-06-16,9.06,8.98,9.06,8.9
2017-06-19,9.04,9.08,9.09,8.9
2017-06-20,9.1,9.01,9.13,8.96
2017-06-21,8.99,9.06,9.1,8.95
2017-06-22,9.02,8.76,9.05,8.71
2017-06-23,8.7,8.74,8.81,8.53
2017-06-26,8.76,8.74,8.83,8.69
2017-06-27,8.77,9.05,9.15,8.68
2017-06-28,8.94,8.85,8.96,8.76
2017-06-29,8.82,8.86,8.91,8.8
2017-06-30,8.85,8.83,8.87,8.7
2017-07-03,8.84,8.91,8.93,8.77
2017-07-04,8.91,8.93,8.96,8.86
2017-07-05,8.92,9.0,9.01,8.89
2017-07-06,9.05,8.96,9.05,8.82
2017-07-07,8.92,8.96,8.97,8.85
2017-07-10,8.94,9.01,9.11,8.9
2017-07-11,9.03,9.01,9.27,8.93
2017-07-12,8.94,8.72,8.94,8.56
2017-07-13,8.7,8.7,8.78,8.66
2017-07-14,8.7,8.53,8.71,8.52
2017-07-17,8.51,7.68,8.53,7.68
2017-07-18,7.6,7.74,7.76,7.47
2017-07-19,7.69,7.86,7.88,7.62
2017-07-20,7.85,7.89,8.04,7.81
2017-07-21,7.91,7.89,8.02,7.85
2017-07-24,7.85,7.98,7.99,7.84
2017-07-25,7.98,8.03,8.12,7.93
2017-07-26,7.99,7.93,8.09,7.84
2017-07-27,7.88,8.1,8.12,7.86
2017-07-28,8.09,8.09,8.14,8.06
2017-07-31,8.06,8.09,8.1,8.0
2017-08-01,8.06,8.16,8.19,8.04
2017-08-02,8.12,7.97,8.18,7.96
2017-08-03,7.92,8.12,8.27,7.91
2017-08-04,8.14,8.22,8.34,8.05
2017-08-07,8.18,8.25,8.26,8.15
2017-08-08,8.25,8.35,8.45,8.19
2017-08-09,8.3,8.27,8.38,8.19
2017-08-10,8.27,8.06,8.27,8.02
2017-08-11,8.02,7.96,8.05,7.92
2017-08-14,7.96,8.06,8.07,7.92
2017-08-15,8.04,8.07,8.1,8.02
2017-08-16,8.08,8.14,8.17,8.05
2017-08-17,8.14,8.26,8.29,8.13
2017-08-18,8.21,8.24,8.26,8.16
2017-08-21,8.24,8.28,8.33,8.2
2017-08-22,8.24,8.19,8.24,8.15
2017-08-23,8.2,8.18,8.24,8.11
2017-08-24,8.16,8.07,8.17,8.03
2017-08-25,8.08,8.13,8.17,7.99
2017-08-28,8.15,8.25,8.27,8.09
2017-08-29,8.25,8.25,8.28,8.19
2017-08-30,8.25,8.25,8.29,8.23
2017-08-31,8.25,8.34,8.35,8.24
2017-09-01,8.36,8.3,8.36,8.27
2017-09-04,8.27,8.25,8.31,8.2
2017-09-05,8.25,8.28,8.3,8.22
2017-09-06,8.28,8.29,8.3,8.17
2017-09-07,8.29,8.28,8.35,8.24
2017-09-08,8.31,8.26,8.37,8.23
2017-09-11,8.27,8.45,8.54,8.27
2017-09-12,8.42,8.36,8.45,8.33
2017-09-13,8.36,8.47,8.48,8.33
2017-09-14,8.43,8.44,8.54,8.37
2017-09-15,8.5,8.65,8.84,8.45
2017-09-18,8.52,8.66,8.75,8.48
2017-09-19,8.62,8.79,8.8,8.57
2017-09-20,8.79,8.9,8.96,8.72
2017-09-21,8.88,8.59,8.88,8.56
2017-09-22,8.57,8.59,8.6,8.44
2017-09-25,8.55,8.52,8.65,8.45
2017-09-26,8.51,8.34,8.52,8.3
2017-09-27,8.34,8.36,8.41,8.3
2017-09-28,8.39,8.24,8.39,8.23
2017-09-29,8.25,8.31,8.38,8.25
2017-10-09,8.39,8.36,8.42,8.33
2017-10-10,8.36,8.53,8.54,8.35
2017-10-11,8.53,8.5,8.59,8.46
2017-10-12,8.51,8.4,8.53,8.35
2017-10-13,8.41,8.44,8.45,8.37
2017-10-16,8.43,8.17,8.45,8.12
2017-10-17,8.17,8.18,8.25,8.13
2017-10-18,8.19,7.97,8.2,7.97
2017-10-19,7.91,7.72,7.96,7.71
2017-10-20,7.67,7.9,7.92,7.67
2017-10-23,7.92,7.93,7.94,7.85
2017-10-24,7.91,7.86,7.95,7.77
2017-10-25,7.82,7.9,7.92,7.81
2017-10-26,7.9,8.04,8.08,7.83
2017-10-27,8.01,7.91,8.04,7.89
2017-10-30,7.82,7.75,7.87,7.62
2017-10-31,7.74,7.75,7.8,7.66
2017-11-01,7.74,7.76,7.8,7.67
2017-11-02,7.72,7.61,7.74,7.59
2017-11-03,7.54,7.52,7.7,7.49
2017-11-06,7.5,7.58,7.6,7.43
2017-11-07,7.64,7.6,7.64,7.53
2017-11-08,7.57,7.62,7.66,7.52
2017-11-09,7.6,7.66,7.67,7.57
2017-11-10,7.66,7.64,7.69,7.61
2017-11-13,7.65,7.6,7.65,7.52
2017-11-14,7.61,7.42,7.63,7.35
2017-11-15,7.4,7.4,7.46,7.36
2017-11-16,7.38,7.32,7.38,7.26
2017-11-17,7.3,6.89,7.33,6.81
2017-11-20,6.83,6.83,6.9,6.73
2017-11-21,6.8,6.77,6.86,6.74
2017-11-22,6.75,6.93,6.99,6.71
2017-11-23,6.88,6.94,7.02,6.83
2017-11-24,6.95,7.01,7.06,6.95
2017-11-27,6.97,6.94,7.03,6.9
2017-11-28,6.95,7.1,7.13,6.94
2017-11-29,7.08,7.12,7.15,7.06
2017-11-30,7.14,7.12,7.15,7.05
2017-12-01,7.06,7.18,7.18,7.06
2017-12-04,7.18,7.1,7.18,7.05
2017-12-05,7.12,6.84,7.18,6.82
2017-12-06,6.86,7.06,7.11,6.86
2017-12-07,7.07,7.05,7.08,6.96
2017-12-08,7.06,7.11,7.18,7.05
2017-12-11,7.09,7.17,7.26,7.09
2017-12-12,7.18,7.09,7.22,7.05
2017-12-13,7.08,7.14,7.16,7.06
2017-12-14,7.2,7.13,7.2,7.08
2017-12-15,7.09,7.1,7.15,7.07
2017-12-18,7.08,7.02,7.1,6.98
2017-12-19,7.01,7.17,7.18,7.01
2017-12-20,7.16,7.19,7.24,7.12
2017-12-21,7.16,7.16,7.2,7.08
2017-12-22,7.15,7.14,7.24,7.12
2017-12-25,7.12,6.91,7.15,6.9
2017-12-26,6.85,6.89,6.93,6.77
2017-12-27,6.82,6.78,6.88,6.72
2017-12-28,6.78,6.78,6.88,6.76
2017-12-29,6.76,6.83,6.83,6.76
2018-01-02,6.86,6.88,6.89,6.81
2018-01-03,6.92,6.97,6.98,6.85
2018-01-04,6.93,6.97,7.05,6.93
2018-01-05,6.98,7.01,7.04,6.94
2018-01-08,6.96,6.96,7.05,6.87
2018-01-09,6.94,6.92,6.99,6.89
2018-01-10,6.9,6.84,6.97,6.81
2018-01-11,6.83,6.87,6.9,6.8
2018-01-12,6.89,6.94,6.96,6.86
2018-01-15,6.9,6.92,6.99,6.79
2018-01-16,7.23,7.4,7.61,7.23
2018-01-17,7.34,7.11,7.37,7.07
2018-01-18,7.08,7.08,7.15,7.05
2018-01-19,7.05,7.0,7.08,6.95
2018-01-22,6.93,7.01,7.08,6.88
2018-01-23,6.99,6.95,7.03,6.91
2018-01-24,6.93,6.97,7.04,6.92
2018-01-25,6.96,6.92,7.03,6.9
2018-01-26,6.92,6.94,6.96,6.9
2018-01-29,6.95,7.0,7.01,6.93
2018-01-30,7.0,6.97,7.03,6.95
2018-01-31,6.96,6.68,6.96,6.65
2018-02-01,6.67,6.3,6.67,6.28
2018-02-02,6.16,6.15,6.27,6.05
2018-02-05,6.12,6.16,6.17,6.05
2018-02-06,6.08,5.72,6.24,5.61
2018-02-07,5.78,5.81,5.88,5.57
2018-02-08,5.81,5.93,5.95,5.81
2018-02-09,5.86,5.78,5.91,5.7
2018-02-12,5.81,5.95,6.05,5.81
2018-02-13,6.03,5.99,6.06,5.93
2018-02-14,6.01,6.04,6.05,5.96
2018-02-22,6.05,6.09,6.1,6.05
2018-02-23,6.1,6.13,6.16,6.06
2018-02-26,6.16,6.19,6.23,6.12
2018-02-27,6.2,6.28,6.3,6.15
2018-02-28,6.3,6.35,6.45,6.2
2018-03-01,6.36,6.36,6.37,6.22
2018-03-02,6.35,6.28,6.39,6.25
2018-03-05,6.23,6.42,6.59,6.21
2018-03-06,6.34,6.35,6.44,6.27
2018-03-07,6.35,6.31,6.38,6.29
2018-03-08,6.3,6.31,6.35,6.22
2018-03-09,6.28,6.39,6.4,6.26
2018-03-12,6.39,6.48,6.49,6.35
2018-03-13,6.43,6.48,6.52,6.41
2018-03-14,6.41,6.56,6.6,6.41
2018-03-15,6.56,6.36,6.56,6.3
2018-03-16,6.4,6.41,6.42,6.33
2018-03-19,6.41,6.4,6.45,6.37
2018-03-20,6.36,6.5,6.5,6.31
2018-03-21,6.52,6.42,6.6,6.4
2018-03-22,6.41,6.55,6.57,6.37
2018-03-23,6.55,6.23,6.57,6.03
2018-03-26,6.11,6.21,6.23,5.87
2018-03-27,6.3,6.39,6.48,6.25
2018-03-28,6.37,6.5,6.65,6.29
2018-03-29,6.53,6.6,6.64,6.44
2018-03-30,6.64,6.6,6.66,6.54
2018-04-02,6.57,6.67,6.82,6.57
2018-04-03,6.6,6.53,6.62,6.52
2018-04-04,6.65,6.52,6.65,6.51
2018-04-09,6.5,6.49,6.5,6.31
2018-04-10,6.49,6.42,6.49,6.35
2018-04-11,6.46,6.42,6.47,6.4
2018-04-12,6.34,6.38,6.45,6.32
2018-04-13,6.41,6.34,6.48,6.32
2018-04-16,6.25,6.28,6.38,6.24
2018-04-17,6.28,6.23,6.36,6.21
2018-04-18,6.35,6.53,6.6,6.11
2018-04-19,6.52,6.33,6.52,6.28
2018-04-20,6.1,5.7,6.1,5.7
2018-04-23,5.55,5.76,5.77,5.48
2018-04-24,5.71,5.77,5.82,5.67
2018-04-25,5.68,5.78,5.83,5.68
2018-04-26,5.8,5.72,5.84,5.62
2018-04-27,5.72,5.72,5.75,5.66
2018-05-02,5.54,5.71,5.74,5.54
2018-05-03,5.7,5.71,5.73,5.56
2018-05-04,5.7,5.71,5.73,5.62
2018-05-07,5.71,5.8,5.83,5.7
2018-05-08,5.8,5.82,5.85,5.78
2018-05-09,5.82,5.81,5.84,5.77
2018-05-10,5.78,5.87,5.9,5.78
2018-05-11,5.91,5.77,5.91,5.77
2018-05-14,5.77,5.71,5.79,5.67
2018-05-15,5.64,5.77,5.79,5.64
2018-05-16,5.79,5.82,5.84,5.69
2018-05-17,5.77,5.8,5.83,5.74
2018-05-18,5.76,5.79,5.84,5.76
2018-05-21,5.8,5.86,5.94,5.77
2018-05-22,5.86,5.84,5.89,5.82
2018-05-23,5.83,5.75,5.86,5.71
2018-05-24,5.76,5.74,5.8,5.73
2018-05-25,5.73,5.66,5.75,5.62
