date,open,close,high,low
2016-01-04,10.771,9.657,10.771,9.657
2016-01-05,9.381,8.742,10.046,8.689
2016-01-06,8.926,9.618,9.618,8.518
2016-01-07,9.684,9.084,10.138,8.972
2016-01-08,9.769,9.572,9.921,8.768
2016-01-11,8.88,8.617,9.144,8.617
2016-01-12,8.169,7.754,8.485,7.754
2016-01-13,7.872,7.003,7.892,6.983
2016-01-14,6.614,7.227,7.378,6.43
2016-01-15,7.095,6.66,7.358,6.574
2016-01-18,6.449,6.772,6.97,6.397
2016-01-19,6.752,7.233,7.312,6.64
2016-01-20,7.181,7.253,7.49,7.036
2016-01-21,7.055,6.719,7.319,6.653
2016-01-22,6.851,7.134,7.148,6.555
2016-01-25,7.181,7.846,7.846,7.134
2016-01-26,7.655,7.062,7.806,7.062
2016-01-27,7.378,7.523,7.596,6.785
2016-01-28,7.253,7.009,7.437,6.864
2016-01-29,6.917,7.345,7.477,6.904
2016-02-01,7.339,7.306,7.536,7.049
2016-02-02,7.246,7.51,7.576,7.246
2016-02-03,7.372,7.694,7.727,7.187
2016-02-04,7.576,7.813,7.925,7.549
2016-02-05,7.773,7.661,7.773,7.563
2016-02-15,7.378,7.596,7.635,7.279
2016-02-16,7.655,7.892,7.931,7.615
2016-02-17,7.846,8.011,8.3,7.793
2016-02-18,7.991,7.8,8.05,7.787
2016-02-19,7.787,7.8,7.859,7.661
2016-02-22,7.964,7.951,8.011,7.806
2016-02-23,8.037,8.748,8.748,7.978
2016-02-24,8.65,8.63,9.335,8.57
2016-02-25,8.531,7.767,8.59,7.767
2016-02-26,7.78,8.096,8.445,7.312
2016-02-29,7.872,7.721,8.103,7.345
2016-03-01,7.721,7.813,8.03,7.582
2016-03-02,8.07,8.294,8.32,7.905
2016-03-03,8.294,8.373,8.827,8.202
2016-03-04,8.208,8.109,8.498,7.826
2016-03-07,8.314,8.393,8.419,8.169
2016-03-08,8.3,8.333,8.432,7.846
2016-03-09,8.076,8.202,8.531,7.978
2016-03-10,8.267,7.819,8.333,7.787
2016-03-11,7.642,7.609,7.787,7.457
2016-03-14,7.51,7.773,7.951,7.497
2016-03-15,7.754,7.556,7.806,7.49
2016-03-16,7.688,7.437,7.701,7.418
2016-03-17,7.503,7.628,7.675,7.431
2016-03-18,7.773,8.09,8.169,7.655
2016-03-21,8.136,8.406,8.478,8.024
2016-03-22,8.241,8.267,8.412,8.182
2016-03-23,8.267,8.393,8.412,8.175
2016-03-24,8.314,8.61,8.959,8.235
2016-03-25,8.57,8.847,8.88,8.472
2016-03-28,8.696,8.373,8.748,8.241
2016-03-29,8.307,8.182,8.393,8.116
2016-03-30,8.3,8.636,8.682,8.267
2016-03-31,8.643,8.445,8.748,8.419
2016-04-01,8.32,8.327,8.386,8.182
2016-04-05,8.333,8.518,8.597,8.221
2016-04-06,8.452,8.458,8.518,8.294
2016-04-07,8.472,8.406,8.663,8.386
2016-04-08,8.287,8.248,8.34,8.057
2016-04-11,8.458,8.452,8.564,8.32
2016-04-12,8.412,8.314,8.419,8.202
2016-04-13,8.333,8.386,8.57,8.287
2016-04-14,8.432,8.419,8.458,8.314
2016-04-15,8.439,8.518,8.59,8.379
2016-04-18,8.452,8.287,8.472,8.267
2016-04-19,8.353,8.511,8.524,8.274
2016-04-20,8.682,7.951,8.748,7.787
2016-04-21,7.846,8.155,8.228,7.833
2016-04-22,8.248,8.215,8.307,8.076
2016-04-25,8.116,7.971,8.116,7.905
2016-04-26,7.925,8.03,8.05,7.892
2016-04-27,8.017,7.925,8.037,7.899
2016-04-28,7.925,7.734,7.938,7.576
2016-04-29,7.681,7.78,7.806,7.655
2016-05-03,7.78,7.971,7.971,7.675
2016-05-04,7.912,7.905,7.978,7.872
2016-05-05,7.872,7.951,8.011,7.872
2016-05-06,7.984,7.622,7.997,7.609
2016-05-09,7.53,7.213,7.543,7.115
2016-05-10,7.26,7.213,7.319,7.069
2016-05-11,7.273,7.121,7.279,7.101
2016-05-12,7.036,7.075,7.108,6.838
2016-05-13,7.069,6.989,7.134,6.91
2016-05-16,6.97,7.075,7.082,6.904
2016-05-17,7.082,6.963,7.095,6.917
2016-05-18,6.851,6.68,6.91,6.601
2016-05-19,6.68,6.713,6.825,6.647
2016-05-20,6.621,7.069,7.332,6.561
2016-05-23,6.976,7.062,7.115,6.937
2016-05-24,7.121,6.983,7.134,6.937
2016-05-25,7.055,6.97,7.161,6.963
2016-05-26,6.983,6.963,7.055,6.812
2016-05-27,6.891,6.95,7.009,6.891
2016-05-30,6.943,6.858,6.996,6.818
2016-05-31,6.868,7.166,7.176,6.868
2016-06-01,7.096,7.206,7.275,7.057
2016-06-02,7.166,7.206,7.265,7.136
2016-06-03,7.236,7.146,7.256,7.116
2016-06-06,7.176,7.246,7.305,7.126
2016-06-07,7.186,7.176,7.216,7.116
2016-06-08,7.196,7.126,7.196,7.067
2016-06-13,7.037,6.629,7.037,6.58
2016-06-14,6.639,6.639,6.739,6.56
2016-06-15,6.57,6.818,6.868,6.51
2016-06-16,6.769,6.778,6.838,6.749
2016-06-17,6.778,6.778,6.858,6.749
2016-06-20,6.788,6.739,6.798,6.669
2016-06-21,6.788,6.689,6.868,6.679
2016-06-22,6.659,6.749,6.749,6.609
2016-06-23,6.749,6.868,6.928,6.669
2016-06-24,6.808,6.659,6.928,6.47
2016-06-27,6.609,7.206,7.246,6.56
2016-06-28,7.534,7.305,7.752,7.275
2016-06-29,7.206,7.196,7.256,7.067
2016-06-30,7.186,7.087,7.216,7.057
2016-07-01,7.096,7.106,7.146,7.057
2016-07-04,7.057,7.206,7.236,7.027
2016-07-05,7.216,7.256,7.285,7.186
2016-07-06,7.256,7.484,7.643,7.186
2016-07-07,7.434,7.454,7.633,7.355
2016-07-08,7.395,7.484,7.693,7.236
2016-07-11,7.424,7.365,7.544,7.355
2016-07-12,7.325,7.405,7.444,7.196
2016-07-13,7.405,7.405,7.504,7.345
2016-07-14,7.365,7.415,7.454,7.355
2016-07-15,7.534,7.405,7.574,7.375
2016-07-18,7.365,7.305,7.405,7.265
2016-07-19,7.305,7.464,7.484,7.256
2016-07-20,7.444,7.365,7.484,7.355
2016-07-21,7.345,7.544,7.603,7.335
2016-07-22,7.514,7.484,7.683,7.464
2016-07-25,7.484,7.544,7.653,7.355
2016-07-26,7.494,7.683,7.703,7.474
2016-07-27,7.633,7.335,7.782,7.216
2016-07-28,7.295,7.236,7.365,7.176
2016-07-29,7.256,7.236,7.365,7.206
2016-08-01,7.216,6.967,7.216,6.848
2016-08-02,6.957,7.126,7.126,6.937
2016-08-03,7.106,7.295,7.444,7.067
2016-08-04,7.256,7.415,7.544,7.156
2016-08-05,7.375,7.375,7.484,7.305
2016-08-08,7.315,7.574,7.584,7.305
2016-08-09,7.554,7.643,7.772,7.504
2016-08-10,7.564,7.494,7.683,7.484
2016-08-11,7.703,7.554,7.921,7.544
2016-08-12,7.564,7.574,7.603,7.415
2016-08-15,7.534,7.653,7.723,7.514
2016-08-16,7.633,7.623,7.703,7.603
2016-08-17,7.613,7.693,7.752,7.554
2016-08-18,7.683,7.723,7.762,7.623
2016-08-19,7.703,7.623,7.713,7.554
2016-08-22,7.643,7.464,7.643,7.454
2016-08-23,7.415,7.434,7.504,7.385
2016-08-24,7.444,7.444,7.494,7.385
2016-08-25,7.355,7.355,7.405,7.275
2016-08-26,7.375,7.345,7.424,7.335
2016-08-29,7.375,7.514,7.534,7.365
2016-08-30,7.514,7.782,8.001,7.464
2016-08-31,7.733,7.852,7.902,7.703
2016-09-01,8.001,7.762,8.21,7.752
2016-09-02,7.693,7.633,7.752,7.564
2016-09-05,7.673,7.623,7.693,7.593
2016-09-06,7.613,7.673,7.693,7.464
2016-09-07,7.673,7.643,7.713,7.603
2016-09-08,7.613,7.603,7.683,7.564
2016-09-09,7.623,7.484,7.633,7.474
2016-09-12,7.355,7.216,7.355,7.186
2016-09-13,7.236,7.256,7.295,7.206
2016-09-14,7.216,7.186,7.236,7.156
2016-09-19,7.216,7.246,7.246,7.176
2016-09-20,7.246,7.325,7.415,7.186
2016-09-21,7.285,7.256,7.355,7.256
2016-09-22,7.275,7.246,7.325,7.216
2016-09-23,7.265,7.206,7.265,7.186
2016-09-26,7.156,6.957,7.176,6.937
2016-09-27,6.878,7.037,7.047,6.878
2016-09-28,7.037,6.987,7.037,6.967
2016-09-29,6.987,6.987,7.027,6.977
2016-09-30,6.977,7.007,7.037,6.977
2016-10-10,7.077,7.166,7.176,7.047
2016-10-11,7.166,7.236,7.256,7.136
2016-10-12,7.206,7.285,7.315,7.176
2016-10-13,7.265,7.275,7.345,7.206
2016-10-14,7.256,7.246,7.295,7.206
2016-10-17,7.246,7.146,7.285,7.087
2016-10-18,7.106,7.236,7.256,7.106
2016-10-19,7.265,7.265,7.295,7.216
2016-10-20,7.236,7.246,7.265,7.206
2016-10-21,7.246,7.226,7.305,7.176
2016-10-24,7.275,7.375,7.424,7.226
2016-10-25,7.385,7.335,7.385,7.305
2016-10-26,7.335,7.345,7.355,7.285
2016-10-27,7.335,7.295,7.335,7.265
2016-10-28,7.295,7.176,7.315,7.166
2016-10-31,7.176,7.156,7.176,7.087
2016-11-01,7.176,7.285,7.315,7.156
2016-11-02,7.275,7.156,7.275,7.136
2016-11-03,7.146,7.216,7.265,7.126
2016-11-04,7.216,7.226,7.236,7.176
2016-11-07,7.236,7.246,7.265,7.186
2016-11-08,7.265,7.275,7.315,7.236
2016-11-09,7.275,7.146,7.305,7.087
2016-11-10,7.216,7.265,7.275,7.206
2016-11-11,7.256,7.385,7.464,7.246
2016-11-14,7.375,7.474,7.613,7.345
2016-11-15,7.474,7.534,7.653,7.474
2016-11-16,7.514,7.743,7.921,7.474
2016-11-17,7.683,7.554,7.743,7.494
2016-11-18,7.484,7.494,7.603,7.454
2016-11-21,7.484,7.504,7.554,7.484
2016-11-22,7.514,7.524,7.534,7.464
2016-11-23,7.504,7.434,7.554,7.415
2016-11-24,7.444,7.405,7.494,7.385
2016-11-25,7.434,7.424,7.434,7.305
2016-11-28,7.415,7.444,7.484,7.395
2016-11-29,7.434,7.325,7.434,7.315
2016-11-30,7.325,7.236,7.345,7.206
2016-12-01,7.226,7.335,7.375,7.206
2016-12-02,7.315,7.176,7.335,7.176
2016-12-05,7.146,7.166,7.216,7.096
2016-12-06,7.206,7.176,7.216,7.146
2016-12-07,7.156,7.236,7.246,7.156
2016-12-08,7.236,7.186,7.256,7.176
2016-12-09,7.156,7.196,7.226,7.156
2016-12-12,7.196,6.858,7.196,6.848
2016-12-13,6.838,6.977,7.027,6.749
2016-12-14,6.928,6.838,6.928,6.798
2016-12-15,6.828,6.928,6.977,6.798
2016-12-16,6.918,7.087,7.136,6.898
2016-12-19,7.096,7.146,7.166,7.057
2016-12-20,7.196,7.176,7.216,7.047
2016-12-21,7.136,7.415,7.444,7.116
2016-12-22,7.285,7.226,7.315,7.216
2016-12-23,7.265,7.166,7.285,7.116
2016-12-26,7.087,7.285,7.295,7.017
2016-12-27,7.285,7.325,7.385,7.236
2016-12-28,7.285,7.206,7.375,7.186
2016-12-29,7.186,7.156,7.256,7.146
2016-12-30,7.156,7.176,7.216,7.126
2017-01-03,7.196,7.256,7.285,7.176
2017-01-04,7.256,7.325,7.335,7.216
2017-01-05,7.315,7.285,7.325,7.246
2017-01-06,7.285,7.444,7.554,7.265
2017-01-09,7.415,7.444,7.484,7.285
2017-01-10,7.434,7.335,7.474,7.315
2017-01-11,7.335,7.385,7.484,7.305
2017-01-12,7.355,7.236,7.415,7.216
2017-01-13,7.216,7.087,7.265,7.007
2017-01-16,7.087,6.878,7.096,6.56
2017-01-17,6.858,6.937,6.937,6.759
2017-01-18,6.868,6.997,7.067,6.868
2017-01-19,6.987,6.957,6.987,6.918
2017-01-20,6.987,7.077,7.176,6.957
2017-01-23,7.067,7.087,7.116,7.057
2017-01-24,7.057,7.087,7.106,7.057
2017-01-25,7.057,7.096,7.106,7.037
2017-01-26,7.096,7.106,7.126,7.067
2017-02-03,7.106,7.077,7.106,7.057
2017-02-06,7.077,7.156,7.156,7.077
2017-02-07,7.156,7.226,7.305,7.096
2017-02-08,7.236,7.216,7.236,7.126
2017-02-09,7.216,7.265,7.275,7.176
2017-02-10,7.256,7.395,7.464,7.256
2017-02-13,7.415,7.554,7.633,7.365
2017-02-14,7.554,7.544,7.574,7.434
2017-02-15,7.464,7.395,7.584,7.375
2017-02-16,7.365,8.13,8.13,7.355
2017-02-17,8.448,8.011,8.528,7.971
2017-02-20,7.902,8.041,8.13,7.862
2017-02-21,8.001,7.941,8.011,7.872
2017-02-22,7.921,7.921,8.021,7.822
2017-02-23,7.921,7.822,7.931,7.653
2017-02-24,7.782,7.842,7.902,7.683
2017-02-27,7.772,7.633,7.842,7.603
2017-02-28,7.633,7.703,7.713,7.603
2017-03-01,7.673,7.703,7.772,7.633
2017-03-02,7.683,7.643,7.792,7.613
2017-03-03,7.574,7.544,7.603,7.484
2017-03-06,7.514,7.653,7.663,7.514
2017-03-07,7.643,7.713,7.762,7.593
2017-03-08,7.683,7.603,7.733,7.554
2017-03-09,7.613,7.713,7.782,7.564
2017-03-10,7.713,7.643,7.733,7.584
2017-03-13,7.623,7.623,7.643,7.434
2017-03-14,7.593,7.514,7.643,7.494
2017-03-15,7.484,7.454,7.514,7.424
2017-03-16,7.484,7.623,7.633,7.484
2017-03-17,7.593,7.484,7.603,7.464
2017-03-20,7.534,7.544,7.564,7.464
2017-03-21,7.564,7.633,7.693,7.504
2017-03-22,7.574,7.693,7.733,7.514
2017-03-23,7.703,7.762,7.772,7.613
2017-03-24,7.733,7.941,8.001,7.703
2017-03-27,7.941,7.911,8.12,7.872
2017-03-28,7.882,7.792,7.921,7.733
2017-03-29,7.842,8.17,8.438,7.822
2017-03-30,8.18,8.061,8.528,7.961
2017-03-31,8.11,7.723,8.289,7.574
2017-04-05,7.802,7.892,7.991,7.723
2017-04-06,7.902,8.08,8.249,7.782
2017-04-07,7.961,7.862,8.031,7.832
2017-04-10,7.822,7.812,7.931,7.762
2017-04-11,7.792,8.11,8.17,7.762
2017-04-12,8.08,8.279,8.627,7.981
2017-04-13,8.19,9.104,9.104,8.19
2017-04-14,8.786,8.577,9.005,8.399
2017-04-17,8.448,8.319,8.498,8.17
2017-04-18,8.319,8.309,8.528,8.239
2017-04-19,8.17,7.951,8.21,7.713
2017-04-20,7.911,8.011,8.19,7.872
2017-04-21,7.951,7.593,8.011,7.534
2017-04-24,7.564,7.077,7.623,7.027
2017-04-25,7.096,7.126,7.295,7.077
2017-04-26,7.166,7.206,7.275,7.156
2017-04-27,7.136,7.375,7.444,7.007
2017-04-28,7.305,7.474,7.603,7.275
2017-05-02,7.514,7.474,7.673,7.424
2017-05-03,7.444,7.633,7.663,7.365
2017-05-04,7.554,7.494,7.593,7.405
2017-05-05,7.454,7.345,7.584,7.315
2017-05-08,7.365,7.027,7.405,6.997
2017-05-09,6.967,7.126,7.126,6.928
2017-05-10,7.116,6.908,7.166,6.898
2017-05-11,6.918,7.057,7.116,6.659
2017-05-12,6.997,7.106,7.226,6.888
2017-05-15,7.116,6.987,7.176,6.967
2017-05-16,6.918,7.087,7.087,6.719
2017-05-17,7.047,7.087,7.196,7.007
2017-05-18,6.967,7.007,7.136,6.937
2017-05-19,6.977,7.007,7.116,6.967
2017-05-22,7.017,6.818,7.047,6.769
2017-05-23,6.798,6.57,6.838,6.56
2017-05-24,6.55,6.639,6.669,6.441
2017-05-25,6.629,6.689,6.719,6.52
2017-05-26,6.669,6.629,6.719,6.57
2017-05-31,6.689,6.639,6.739,6.629
2017-06-01,6.659,6.47,6.659,6.46
2017-06-02,6.46,6.5,6.51,6.291
2017-06-05,6.5,6.57,6.6,6.47
2017-06-06,6.55,6.6,6.62,6.51
2017-06-07,6.6,6.73,6.76,6.56
2017-06-08,6.73,6.75,6.87,6.7
2017-06-09,6.76,6.71,6.79,6.66
2017-06-12,6.71,6.74,6.91,6.68
2017-06-13,6.7,6.8,6.81,6.69
2017-06-14,6.9,6.84,7.04,6.83
2017-06-15,6.81,6.89,6.95,6.75
2017-06-16,6.86,6.95,7.07,6.83
2017-06-19,6.87,6.91,6.96,6.85
2017-06-20,6.93,6.88,6.93,6.83
2017-06-21,6.88,6.82,6.9,6.76
2017-06-22,6.79,6.66,6.85,6.64
2017-06-23,6.67,6.63,6.69,6.5
2017-06-26,6.6,6.72,6.73,6.58
2017-06-27,6.71,6.74,6.83,6.69
2017-06-28,6.7,6.66,6.73,6.6
2017-06-29,6.67,6.79,6.95,6.66
2017-06-30,6.75,6.74,6.76,6.65
2017-07-03,6.73,6.81,6.82,6.71
2017-07-04,6.8,6.75,6.81,6.72
2017-07-05,6.75,6.79,6.8,6.72
2017-07-06,6.77,6.84,6.93,6.76
2017-07-07,6.8,6.83,6.84,6.77
2017-07-10,6.81,6.84,6.87,6.77
2017-07-11,6.85,6.86,6.93,6.84
2017-07-12,6.86,6.82,6.91,6.7
2017-07-13,6.8,6.99,7.07,6.78
2017-07-14,6.94,6.89,6.95,6.84
2017-07-17,6.86,6.48,6.86,6.44
2017-07-18,6.4,6.52,6.53,6.4
2017-07-19,6.5,6.62,6.63,6.48
2017-07-20,6.62,6.61,6.69,6.58
2017-07-21,6.61,6.63,6.68,6.6
2017-07-24,6.63,6.77,6.8,6.62
2017-07-25,6.72,6.74,6.83,6.65
2017-07-26,6.74,6.69,6.75,6.64
2017-07-27,6.68,6.73,6.76,6.61
2017-07-28,6.69,6.67,6.72,6.66
2017-07-31,6.67,6.69,6.71,6.65
2017-08-01,6.7,6.74,6.75,6.61
2017-08-02,6.73,6.7,6.85,6.68
2017-08-03,6.7,7.12,7.24,6.7
2017-08-04,6.99,7.0,7.1,6.93
2017-08-07,7.0,7.2,7.29,6.97
2017-08-08,7.15,7.23,7.25,7.1
2017-08-09,7.16,7.08,7.21,7.0
2017-08-10,7.09,7.02,7.14,6.93
2017-08-11,6.94,6.88,6.98,6.76
2017-08-14,6.87,7.03,7.06,6.85
2017-08-15,7.03,7.04,7.12,6.96
2017-08-16,7.04,6.97,7.04,6.94
2017-08-17,6.97,7.07,7.16,6.97
2017-08-18,7.01,7.04,7.14,7.0
2017-08-21,7.02,7.01,7.1,6.99
2017-08-22,7.01,6.96,7.05,6.93
2017-08-23,6.94,6.9,6.95,6.87
2017-08-24,6.9,6.81,6.9,6.76
2017-08-25,6.85,6.93,7.02,6.83
2017-08-28,6.94,6.99,7.05,6.9
2017-08-29,7.0,6.97,7.02,6.93
2017-08-30,6.97,7.0,7.1,6.96
2017-08-31,7.0,7.01,7.05,6.98
2017-09-01,7.01,6.99,7.05,6.97
2017-09-04,6.98,6.99,7.01,6.94
2017-09-05,7.01,7.04,7.06,6.94
2017-09-06,7.01,7.03,7.06,6.97
2017-09-07,7.04,6.94,7.05,6.92
2017-09-08,6.95,6.93,6.96,6.88
2017-09-11,6.93,6.94,6.95,6.87
2017-09-12,6.94,6.85,6.95,6.8
2017-09-13,6.83,6.87,6.88,6.82
2017-09-14,6.89,6.88,6.95,6.82
2017-09-15,6.86,6.84,6.87,6.81
2017-09-18,6.84,6.86,6.87,6.8
2017-09-19,6.89,6.85,6.9,6.83
2017-09-20,6.84,6.87,6.89,6.83
2017-09-21,6.86,6.88,6.93,6.83
2017-09-22,6.85,6.77,6.88,6.76
2017-09-25,6.77,6.68,6.79,6.66
2017-09-26,6.68,6.69,6.72,6.65
2017-09-27,6.69,6.7,6.72,6.67
2017-09-28,6.7,6.7,6.73,6.67
2017-09-29,6.71,6.75,6.76,6.71
2017-10-09,6.83,6.79,6.84,6.78
2017-10-10,6.81,6.86,6.87,6.78
2017-10-11,6.83,6.87,6.91,6.81
2017-10-12,6.85,6.82,6.86,6.79
2017-10-13,6.83,6.85,6.86,6.79
2017-10-16,6.86,6.74,6.87,6.73
2017-10-17,6.75,6.74,6.76,6.69
2017-10-18,6.74,6.75,6.85,6.72
2017-10-19,6.74,6.64,6.74,6.61
2017-10-20,6.7,6.91,6.97,6.69
2017-10-23,6.86,6.83,6.92,6.79
2017-10-24,6.81,6.88,6.89,6.75
2017-10-25,6.84,6.88,6.92,6.82
2017-10-26,6.85,6.86,6.93,6.81
2017-10-27,6.89,6.88,7.01,6.85
2017-10-30,6.84,6.64,6.86,6.63
2017-10-31,6.64,6.73,6.76,6.64
2017-11-01,6.7,6.66,6.73,6.65
2017-11-02,6.69,6.64,6.73,6.62
2017-11-03,6.62,6.49,6.63,6.46
2017-11-06,6.52,6.54,6.55,6.47
2017-11-07,6.54,6.58,6.62,6.53
2017-11-08,6.57,6.56,6.6,6.55
2017-11-09,6.55,6.59,6.61,6.55
2017-11-10,6.57,6.54,6.57,6.5
2017-11-13,6.56,6.52,6.58,6.5
2017-11-14,6.53,6.48,6.53,6.42
2017-11-15,6.47,6.42,6.47,6.4
2017-11-16,6.4,6.37,6.45,6.36
2017-11-17,6.39,6.14,6.4,6.1
2017-11-20,6.1,6.12,6.14,5.96
2017-11-21,6.08,6.09,6.15,6.05
2017-11-22,6.1,6.06,6.13,6.03
2017-11-23,6.06,5.97,6.07,5.95
2017-11-24,5.95,6.04,6.15,5.93
2017-11-27,6.03,5.98,6.04,5.95
2017-11-28,5.99,6.03,6.04,5.97
2017-11-29,6.04,6.06,6.1,6.01
2017-11-30,6.04,6.02,6.08,6.01
2017-12-01,6.03,6.07,6.08,6.02
2017-12-04,6.05,6.07,6.14,6.04
2017-12-05,6.06,5.89,6.08,5.84
2017-12-06,5.9,5.86,5.93,5.69
2017-12-07,5.82,5.81,5.86,5.78
2017-12-08,5.81,5.85,5.88,5.81
2017-12-11,5.88,5.9,5.92,5.84
2017-12-12,5.87,5.82,5.9,5.82
2017-12-13,5.81,5.84,5.86,5.78
2017-12-14,5.85,5.86,5.91,5.81
2017-12-15,5.86,5.84,5.86,5.81
2017-12-18,5.86,5.89,5.92,5.86
2017-12-19,5.86,5.86,5.91,5.82
2017-12-20,5.85,5.81,5.89,5.79
2017-12-21,5.84,5.83,5.86,5.79
2017-12-22,5.83,5.82,5.84,5.81
2017-12-25,5.8,5.74,5.84,5.72
2017-12-26,5.74,5.79,5.81,5.74
2017-12-27,5.79,5.8,5.84,5.78
2017-12-28,5.81,5.84,5.89,5.79
2017-12-29,5.88,5.87,5.88,5.82
2018-01-02,5.87,5.89,5.93,5.82
2018-01-03,5.89,5.95,5.95,5.89
2018-01-04,5.95,5.96,5.98,5.92
2018-01-05,5.98,6.06,6.16,5.95
2018-01-08,6.0,6.04,6.05,5.97
2018-01-09,6.03,6.01,6.07,5.99
2018-01-10,6.0,6.15,6.18,5.9
2018-01-11,6.09,6.07,6.14,6.02
2018-01-12,6.09,6.02,6.12,6.0
2018-01-15,6.0,5.89,6.01,5.84
2018-01-16,5.9,5.93,5.94,5.86
2018-01-17,5.91,5.97,6.03,5.83
2018-01-18,5.93,5.98,5.99,5.93
2018-01-19,5.97,5.93,6.04,5.92
2018-01-22,5.93,5.98,6.0,5.92
2018-01-23,5.96,6.04,6.07,5.96
2018-01-24,6.03,6.07,6.07,6.0
2018-01-25,6.05,6.08,6.19,6.04
2018-01-26,6.05,6.08,6.14,6.04
2018-01-29,6.09,5.98,6.09,5.98
2018-01-30,6.14,6.09,6.2,6.08
2018-01-31,6.03,6.2,6.24,6.01
2018-02-01,6.17,6.09,6.24,6.04
2018-02-02,6.03,5.99,6.07,5.79
2018-02-05,5.85,5.98,6.0,5.82
2018-02-06,5.88,5.71,5.95,5.67
2018-02-07,5.79,5.76,5.85,5.68
2018-02-08,5.78,5.84,5.87,5.76
2018-02-09,5.75,5.62,5.79,5.55
2018-02-12,5.66,5.75,5.76,5.65
2018-02-13,5.76,5.76,5.83,5.75
2018-02-14,5.78,5.79,5.8,5.73
2018-02-22,5.83,5.86,5.89,5.81
2018-02-23,5.87,5.93,5.98,5.85
2018-02-26,6.01,6.01,6.06,5.94
2018-02-27,6.01,6.11,6.13,5.97
2018-02-28,6.14,6.05,6.15,6.01
2018-03-01,6.01,6.03,6.04,5.97
2018-03-02,6.02,5.97,6.04,5.94
2018-03-05,5.96,6.0,6.03,5.95
2018-03-06,6.0,6.03,6.04,5.98
2018-03-07,6.02,6.01,6.07,6.01
2018-03-08,5.98,5.99,6.01,5.96
2018-03-09,6.01,6.06,6.07,5.98
2018-03-12,6.06,6.09,6.09,6.03
2018-03-13,6.07,6.1,6.18,6.03
2018-03-14,6.06,6.02,6.07,6.0
2018-03-15,6.0,6.0,6.03,5.95
2018-03-16,6.0,5.97,6.03,5.96
2018-03-19,5.98,5.94,5.98,5.92
2018-03-20,5.91,5.92,5.94,5.87
2018-03-21,5.94,5.9,5.99,5.88
2018-03-22,5.9,5.91,5.95,5.87
2018-03-23,5.78,5.65,5.87,5.59
2018-03-26,5.61,5.73,5.74,5.53
2018-03-27,5.75,5.84,5.91,5.75
2018-03-28,5.8,5.91,5.94,5.8
2018-03-29,5.97,5.88,6.05,5.88
2018-03-30,5.9,5.93,5.96,5.9
2018-04-02,5.95,6.0,6.02,5.93
2018-04-03,5.97,5.95,5.99,5.91
2018-04-04,5.96,5.96,6.02,5.92
2018-04-09,5.93,6.01,6.02,5.86
2018-04-10,6.0,6.02,6.04,5.97
2018-04-11,6.04,6.06,6.1,6.02
2018-04-12,6.03,6.04,6.09,6.02
2018-04-13,6.03,6.0,6.09,6.0
2018-04-16,5.96,6.12,6.35,5.96
2018-04-17,6.09,5.94,6.12,5.91
2018-04-18,5.96,6.02,6.04,5.86
2018-04-19,6.01,6.01,6.05,5.98
2018-04-20,5.98,5.85,6.01,5.81
2018-04-23,5.9,5.99,6.09,5.85
2018-04-24,6.02,6.22,6.35,5.99
2018-04-25,6.15,6.24,6.34,6.12
2018-04-26,6.26,6.11,6.26,6.09
2018-04-27,6.1,5.95,6.15,5.83
2018-05-02,5.87,5.72,5.9,5.7
2018-05-03,5.7,5.76,5.77,5.66
2018-05-04,5.74,5.68,5.74,5.67
2018-05-07,5.7,5.74,5.75,5.69
2018-05-08,5.75,5.8,5.82,5.73
2018-05-09,5.78,5.77,5.79,5.72
2018-05-10,5.76,5.78,5.81,5.74
2018-05-11,5.78,5.74,5.79,5.73
2018-05-14,5.72,5.68,5.78,5.66
2018-05-15,5.7,5.72,5.73,5.65
2018-05-16,5.71,5.68,5.71,5.66
2018-05-17,5.67,5.67,5.69,5.65
2018-05-18,5.68,5.71,5.72,5.66
2018-05-21,5.73,5.76,5.79,5.73
2018-05-22,5.76,5.77,5.78,5.73
2018-05-23,5.75,5.68,5.76,5.67
2018-05-24,5.68,5.67,5.72,5.66
2018-05-25,5.68,5.61,5.69,5.6
