date,open,close,high,low
2016-01-04,11.14,10.04,11.22,10.03
2016-01-05,9.08,9.67,9.99,9.05
2016-01-06,9.67,9.9,9.95,9.6
2016-01-07,9.61,8.93,9.73,8.91
2016-01-08,9.02,8.76,9.35,8.28
2016-01-11,8.68,7.88,8.85,7.88
2016-01-12,7.81,7.47,8.18,7.19
2016-01-13,7.48,7.39,7.68,7.25
2016-01-14,7.2,7.52,7.68,7.0
2016-01-15,7.59,7.2,7.81,7.17
2016-01-18,6.99,7.3,7.46,6.78
2016-01-19,7.2,7.92,7.96,7.2
2016-01-20,7.77,7.67,7.98,7.59
2016-01-21,7.54,7.26,7.76,7.23
2016-01-22,7.14,7.45,7.75,7.14
2016-01-25,7.55,7.44,7.58,7.37
2016-01-26,7.39,6.7,7.43,6.7
2016-01-27,6.76,6.56,6.84,6.06
2016-01-28,6.43,6.1,6.55,5.9
2016-01-29,6.12,6.25,6.43,5.96
2016-02-01,6.3,6.25,6.4,6.19
2016-02-02,6.29,6.58,6.65,6.28
2016-02-03,6.53,6.9,6.96,6.52
2016-02-04,6.92,7.09,7.2,6.85
2016-02-05,7.13,6.98,7.29,6.94
2016-02-15,6.78,7.48,7.5,6.66
2016-02-16,7.6,7.65,7.68,7.4
2016-02-17,7.51,7.56,7.62,7.37
2016-02-18,7.54,7.39,7.63,7.36
2016-02-19,7.3,7.37,7.43,7.28
2016-02-22,7.49,7.55,7.75,7.45
2016-02-23,7.55,7.34,7.56,7.22
2016-02-24,7.35,7.43,7.46,7.15
2016-02-25,7.4,6.7,7.44,6.69
2016-02-26,6.78,6.72,6.85,6.5
2016-02-29,6.7,6.42,6.7,6.2
2016-03-01,6.5,6.6,6.62,6.3
2016-03-02,6.6,7.15,7.17,6.55
2016-03-03,7.1,7.45,7.66,7.06
2016-03-04,7.23,6.96,7.4,6.8
2016-06-16,7.18,6.71,7.6,6.62
2016-06-17,6.63,6.62,6.74,6.51
2016-06-20,6.51,6.39,6.58,6.31
2016-06-21,6.43,6.43,6.56,6.38
2016-06-22,6.47,6.57,6.57,6.4
2016-06-23,6.56,6.49,6.57,6.42
2016-06-24,6.52,6.4,6.53,6.33
2016-06-27,6.38,6.59,6.61,6.31
2016-06-28,6.57,6.66,6.68,6.51
2016-06-29,6.72,6.72,6.8,6.67
2016-06-30,6.75,7.07,7.1,6.69
2016-07-01,7.02,6.91,7.06,6.89
2016-07-04,6.85,6.95,7.02,6.82
2016-07-05,6.91,7.01,7.09,6.91
2016-07-06,7.01,7.02,7.04,6.93
2016-07-07,7.0,7.1,7.26,6.88
2016-07-08,7.02,7.06,7.12,6.9
2016-07-11,7.03,6.99,7.09,6.99
2016-07-12,7.01,7.03,7.07,6.92
2016-07-13,7.04,7.1,7.14,7.03
2016-07-14,7.1,7.15,7.17,7.05
2016-07-15,7.14,7.1,7.17,7.07
2016-07-18,7.1,7.02,7.13,7.0
2016-07-19,7.02,7.06,7.1,6.97
2016-07-20,7.08,7.16,7.21,7.05
2016-07-21,7.13,7.21,7.25,7.1
2016-07-22,7.21,7.17,7.23,7.14
2016-07-25,7.13,7.2,7.23,7.1
2016-07-26,7.27,7.37,7.54,7.26
2016-07-27,7.33,7.02,7.34,6.87
2016-07-28,6.98,6.99,7.04,6.82
2016-07-29,7.01,6.97,7.05,6.93
2016-08-01,6.94,6.88,6.94,6.71
2016-08-02,6.88,6.94,6.94,6.85
2016-08-03,6.9,7.08,7.13,6.9
2016-08-04,7.05,7.14,7.15,6.95
2016-08-05,7.13,7.5,7.72,7.06
2016-08-08,7.41,7.61,7.67,7.31
2016-08-09,7.58,7.61,7.67,7.42
2016-08-10,7.57,7.93,8.0,7.52
2016-08-11,8.0,7.62,8.0,7.56
2016-08-12,7.58,8.0,8.04,7.45
2016-08-15,7.9,8.07,8.3,7.88
2016-08-16,8.03,7.98,8.16,7.94
2016-08-17,8.0,7.87,8.04,7.76
2016-08-18,7.88,7.93,8.09,7.8
2016-08-19,7.89,7.76,7.9,7.76
2016-08-22,7.76,7.71,7.83,7.68
2016-08-23,7.71,7.79,7.91,7.71
2016-08-24,7.81,7.71,7.87,7.66
2016-08-25,7.7,7.49,7.7,7.4
2016-08-26,7.52,7.49,7.6,7.47
2016-08-29,7.52,7.58,7.75,7.5
2016-08-30,7.59,7.93,7.95,7.5
2016-08-31,7.85,7.87,7.94,7.73
2016-09-01,7.83,7.73,7.89,7.7
2016-09-02,7.68,7.59,7.76,7.56
2016-09-05,7.62,7.68,7.7,7.58
2016-09-06,7.7,7.74,7.76,7.57
2016-09-07,7.74,7.87,7.94,7.74
2016-09-08,7.89,7.96,7.97,7.83
2016-09-09,7.93,7.91,8.07,7.88
2016-09-12,7.75,7.55,7.79,7.53
2016-09-13,7.58,7.8,7.82,7.54
2016-09-14,7.74,7.86,7.89,7.67
2016-09-19,7.87,7.92,7.95,7.82
2016-09-20,7.92,7.88,7.95,7.82
2016-09-21,7.93,8.26,8.51,7.92
2016-09-22,8.28,8.24,8.4,8.18
2016-09-23,8.24,8.3,8.39,8.14
2016-09-26,8.51,8.05,8.54,8.0
2016-09-27,7.9,8.06,8.18,7.9
2016-09-28,8.02,8.13,8.2,8.02
2016-09-29,8.15,8.13,8.23,8.12
2016-09-30,8.11,8.26,8.3,8.11
2016-10-10,8.33,8.26,8.44,8.14
2016-10-11,8.23,8.69,8.81,8.19
2016-10-12,8.6,8.63,8.65,8.41
2016-10-13,8.63,8.68,8.7,8.52
2016-10-14,8.68,8.72,8.99,8.64
2016-10-17,8.68,8.46,8.71,8.42
2016-10-18,8.43,8.61,8.63,8.4
2016-10-19,8.76,8.64,8.82,8.58
2016-10-20,8.6,8.51,8.63,8.38
2016-10-21,8.57,8.45,8.58,8.39
2016-10-24,8.45,8.54,8.59,8.42
2016-10-25,8.6,8.61,8.74,8.53
2016-10-26,8.61,8.64,8.67,8.52
2016-10-27,8.64,8.87,9.0,8.6
2016-10-28,8.86,8.6,8.86,8.59
2016-10-31,8.51,8.45,8.61,8.35
2016-11-01,8.45,8.48,8.5,8.42
2016-11-02,8.46,8.44,8.52,8.4
2016-11-03,8.41,8.57,8.63,8.34
2016-11-04,8.53,8.44,8.58,8.44
2016-11-07,8.46,8.62,8.68,8.42
2016-11-08,8.72,8.87,9.17,8.68
2016-11-09,8.81,8.79,8.93,8.61
2016-11-10,8.89,8.98,9.02,8.82
2016-11-11,9.03,9.21,9.41,8.94
2016-11-14,9.19,9.2,9.27,9.11
2016-11-15,9.21,9.2,9.29,9.11
2016-11-16,9.17,9.1,9.21,9.05
2016-11-17,9.25,9.18,9.35,9.1
2016-11-18,9.11,9.15,9.24,9.11
2016-11-21,9.2,9.5,9.56,9.16
2016-11-22,9.44,9.47,9.93,9.4
2016-11-23,9.54,9.52,9.72,9.41
2016-11-24,9.54,9.68,9.72,9.46
2016-11-25,9.76,9.64,9.8,9.4
2016-11-28,9.64,9.36,9.68,9.31
2016-11-29,9.38,9.12,9.4,9.1
2016-11-30,9.11,9.59,9.65,9.02
2016-12-01,9.54,9.58,9.77,9.45
2016-12-02,9.6,9.31,9.63,9.29
2016-12-05,9.2,9.58,9.66,9.15
2016-12-06,9.73,9.66,9.8,9.55
2016-12-07,9.63,10.2,10.44,9.63
2016-12-08,10.29,10.49,10.5,10.1
2016-12-09,10.4,11.22,11.49,10.38
2016-12-30,12.34,12.34,12.34,12.34
2017-01-03,13.57,13.57,13.57,13.57
2017-01-04,14.93,14.93,14.93,14.79
2017-01-20,13.44,13.44,15.4,13.44
2017-01-23,13.0,14.04,14.78,12.85
2017-01-24,13.62,12.87,13.67,12.64
2017-01-25,12.61,12.03,12.76,11.92
2017-01-26,12.0,11.68,12.17,11.61
2017-02-03,11.77,11.86,11.97,11.7
2017-02-06,11.88,12.06,12.14,11.48
2017-02-07,11.92,12.15,12.23,11.88
2017-02-08,12.05,12.35,12.65,12.03
2017-02-09,12.38,12.29,12.78,12.16
2017-02-10,12.16,12.06,12.2,11.91
2017-02-13,12.05,11.92,12.07,11.71
2017-02-14,11.92,12.25,12.28,11.85
2017-02-15,12.27,11.72,12.27,11.54
2017-02-16,11.65,11.75,11.83,11.55
2017-02-17,11.76,11.46,11.79,11.12
2017-02-20,11.36,11.41,11.57,11.18
2017-02-21,11.46,11.58,11.86,11.35
2017-02-22,11.67,11.77,11.86,11.51
2017-02-23,11.85,11.49,11.85,11.4
2017-02-24,11.52,11.39,11.52,11.31
2017-02-27,11.46,11.35,11.56,11.22
2017-02-28,11.41,11.57,11.61,11.35
2017-03-01,11.6,11.44,11.62,11.4
2017-03-02,11.48,11.03,11.57,11.0
2017-03-03,11.04,11.02,11.18,10.9
2017-03-06,11.07,11.53,11.56,11.01
2017-03-07,11.49,11.38,11.52,11.34
2017-03-08,11.4,11.48,11.56,11.34
2017-03-09,11.51,12.63,12.63,11.42
2017-03-10,12.76,12.91,13.17,12.63
2017-03-13,12.79,12.49,12.9,12.26
2017-03-14,12.5,12.3,12.58,12.1
2017-03-15,12.3,12.19,12.32,12.02
2017-03-16,12.3,12.4,12.51,12.13
2017-03-17,12.35,11.94,12.44,11.91
2017-03-20,12.03,12.19,12.37,11.92
2017-03-21,12.22,12.09,12.23,11.97
2017-03-22,12.07,13.3,13.3,11.94
2017-03-23,13.1,12.94,13.38,12.69
2017-03-24,12.85,13.49,14.18,12.71
2017-03-27,13.4,13.58,13.96,13.03
2017-03-28,13.5,13.71,14.2,13.36
2017-03-29,13.6,13.22,13.74,13.19
2017-03-30,13.2,12.79,13.46,12.73
2017-03-31,12.74,13.32,13.61,12.74
2017-04-05,13.44,13.58,13.65,12.98
2017-04-06,13.58,13.59,13.84,13.35
2017-04-07,13.59,14.17,14.2,13.41
2017-04-10,14.08,13.91,14.43,13.85
2017-04-11,13.86,13.78,13.99,13.39
2017-04-12,13.76,14.23,14.39,13.62
2017-04-13,14.32,14.06,14.62,14.01
2017-04-14,13.98,14.05,14.24,13.77
2017-04-17,13.87,13.55,13.92,13.41
2017-04-18,13.55,12.62,13.78,12.52
2017-04-19,12.69,12.36,12.79,11.8
2017-04-20,12.36,12.36,12.63,12.23
2017-04-21,12.7,12.55,13.56,12.44
2017-04-24,12.41,11.63,12.54,11.35
2017-04-25,11.69,11.46,11.86,11.42
2017-04-26,11.46,11.2,11.67,11.17
2017-04-27,11.2,11.51,11.82,11.0
2017-04-28,11.41,11.49,11.79,11.27
2017-05-02,11.48,11.4,11.52,11.29
2017-05-03,11.41,11.3,11.47,11.11
2017-05-04,11.3,11.59,11.63,11.21
2017-05-05,11.5,11.4,11.57,11.33
2017-05-08,11.4,11.27,11.45,11.22
2017-05-09,11.3,11.2,11.36,11.03
2017-05-10,11.09,10.52,11.25,10.45
2017-05-11,10.4,9.99,10.4,9.48
2017-05-12,9.88,9.82,10.06,9.72
2017-05-15,9.81,9.85,9.96,9.8
2017-05-16,9.82,9.97,10.0,9.41
2017-05-17,10.01,10.43,10.73,9.99
2017-05-18,10.33,10.28,10.6,10.2
2017-05-19,10.29,10.56,10.72,10.29
2017-05-22,10.55,10.19,10.57,10.16
2017-05-23,10.25,9.81,10.29,9.7
2017-05-24,9.79,10.13,10.18,9.6
2017-05-25,10.1,10.18,10.3,9.96
2017-05-26,10.21,10.26,10.49,10.21
2017-05-31,10.31,10.02,10.45,9.98
2017-06-01,10.02,9.92,10.14,9.85
2017-06-02,9.95,10.12,10.19,9.68
2017-06-05,10.02,10.15,10.2,10.02
2017-06-06,10.19,10.09,10.19,10.03
2017-06-07,10.13,10.37,10.4,10.1
2017-06-08,10.38,10.29,10.45,10.25
2017-06-09,10.28,10.23,10.33,10.15
2017-06-12,10.19,9.9,10.24,9.82
2017-06-13,9.93,10.01,10.08,9.77
2017-06-14,10.01,10.15,10.18,9.95
2017-06-15,10.14,10.19,10.37,10.06
2017-06-16,10.32,10.17,10.32,10.07
2017-06-19,10.15,10.16,10.18,10.06
2017-06-20,10.17,10.21,10.29,10.13
2017-06-21,10.21,10.49,10.52,10.15
2017-06-22,10.44,10.21,10.49,10.16
2017-06-23,10.16,10.2,10.24,10.0
2017-06-26,10.17,10.28,10.46,10.16
2017-06-27,10.29,10.9,11.31,10.19
2017-06-28,10.8,10.98,11.22,10.64
2017-06-29,10.89,10.75,11.16,10.7
2017-06-30,10.72,10.94,11.15,10.7
2017-07-03,10.85,11.24,11.3,10.85
2017-07-04,11.32,11.45,11.63,11.25
2017-07-05,11.45,11.43,11.55,11.29
2017-07-06,11.45,11.63,11.65,11.29
2017-07-07,11.65,11.62,11.78,11.52
2017-07-10,11.55,11.61,11.72,11.2
2017-07-11,11.43,11.4,11.58,11.29
2017-07-12,11.44,11.38,11.49,11.02
2017-07-13,11.31,11.36,11.39,11.1
2017-07-14,11.36,11.29,11.44,11.23
2017-07-17,11.25,10.21,11.26,10.18
2017-07-18,10.1,10.4,10.53,10.02
2017-07-19,10.37,10.52,10.65,10.29
2017-07-20,10.61,10.48,10.64,10.45
2017-07-21,10.49,10.47,10.78,10.41
2017-07-24,10.47,10.4,10.52,10.25
2017-07-25,10.38,10.23,10.41,10.2
2017-07-26,10.23,10.22,10.35,10.15
2017-07-27,10.21,10.3,10.38,10.1
2017-07-28,10.25,10.38,10.44,10.25
2017-07-31,10.3,10.28,10.44,10.26
2017-08-01,10.28,10.32,10.43,10.27
2017-08-02,10.3,10.22,10.41,10.18
2017-08-03,10.22,10.16,10.3,10.1
2017-08-04,10.2,10.2,10.23,10.1
2017-08-07,10.2,10.16,10.24,10.12
2017-08-08,10.12,10.32,10.34,10.03
2017-08-09,10.26,10.25,10.35,10.15
2017-08-10,10.25,10.19,10.3,10.07
2017-08-11,10.15,10.04,10.15,9.92
2017-08-14,10.04,10.12,10.16,10.04
2017-08-15,10.08,10.08,10.13,10.0
2017-08-16,10.03,10.13,10.15,10.0
2017-08-17,10.15,10.09,10.15,10.02
2017-08-18,10.09,10.06,10.09,10.01
2017-08-21,10.04,10.11,10.16,10.04
2017-08-22,10.09,10.08,10.15,10.05
2017-08-23,10.1,10.0,10.1,9.99
2017-08-24,10.01,9.99,10.05,9.96
2017-08-25,9.97,9.99,10.03,9.88
2017-08-28,9.97,10.12,10.19,9.9
2017-08-29,10.15,10.47,10.68,10.05
2017-08-30,10.42,10.39,10.57,10.2
2017-08-31,10.41,10.42,10.48,10.32
2017-09-01,10.38,10.59,10.65,10.36
2017-09-04,10.57,10.59,10.68,10.49
2017-09-05,10.58,10.36,10.66,10.33
2017-09-06,10.38,10.31,10.4,10.27
2017-09-07,10.28,10.29,10.4,10.25
2017-09-08,10.28,10.32,10.34,10.25
2017-09-11,10.27,10.12,10.35,10.07
2017-09-12,10.13,9.98,10.18,9.97
2017-09-13,10.01,10.03,10.29,10.0
2017-09-14,10.01,10.14,10.15,10.01
2017-09-15,10.15,10.09,10.16,10.01
2017-09-18,10.1,10.03,10.14,10.0
2017-09-19,10.01,10.09,10.19,10.01
2017-09-20,10.1,10.11,10.15,10.05
2017-09-21,10.13,10.05,10.14,10.04
2017-09-22,10.05,10.06,10.09,10.0
2017-09-25,10.04,9.96,10.07,9.95
2017-09-26,9.96,9.96,10.01,9.91
2017-09-27,9.96,10.01,10.07,9.91
2017-09-28,10.03,10.16,10.24,9.97
2017-09-29,10.17,10.21,10.22,10.11
2017-10-09,10.31,10.17,10.35,10.13
2017-10-10,10.18,10.19,10.22,10.12
2017-10-11,10.15,10.18,10.23,10.15
2017-10-12,10.13,10.12,10.22,10.1
2017-10-13,10.15,10.17,10.18,10.09
2017-10-16,10.17,10.13,10.19,10.1
2017-10-17,10.1,10.14,10.14,10.01
2017-10-18,10.07,10.06,10.14,10.06
2017-10-19,10.07,10.72,11.07,10.03
2017-10-20,10.4,10.98,11.15,10.3
2017-10-23,10.85,10.87,10.96,10.7
2017-10-24,10.78,10.8,10.87,10.67
2017-10-25,10.88,10.77,11.16,10.71
2017-10-26,10.71,10.6,10.76,10.56
2017-10-27,10.6,10.61,10.71,10.43
2017-10-30,10.54,10.28,10.63,10.2
2017-10-31,10.24,10.26,10.35,10.22
2017-11-01,10.2,10.23,10.3,10.2
2017-11-02,10.25,10.09,10.26,10.09
2017-11-03,10.1,10.34,10.37,10.05
2017-11-06,10.28,10.36,10.38,10.2
2017-11-07,10.35,10.65,10.73,10.23
2017-11-08,10.6,10.8,11.1,10.56
2017-11-09,10.75,11.07,11.41,10.73
2017-11-10,11.0,10.93,11.3,10.92
2017-11-13,10.97,10.91,11.1,10.75
2017-11-14,10.96,11.2,11.28,10.8
2017-11-15,11.17,11.15,11.25,10.9
2017-11-16,11.15,11.06,11.23,10.97
2017-11-17,11.1,10.57,11.16,10.55
2017-11-20,10.48,10.77,10.79,10.38
2017-11-21,10.77,11.51,11.66,10.66
2017-11-22,11.53,11.42,11.58,11.25
2017-11-23,11.38,11.22,11.75,11.21
2017-11-24,11.36,11.89,11.91,11.33
2017-11-27,11.93,12.16,12.41,11.66
2017-11-28,12.05,12.39,12.58,11.88
2017-11-29,12.25,12.25,12.54,12.17
2017-11-30,12.27,12.08,12.34,11.91
2017-12-01,12.11,12.24,12.43,11.95
2017-12-04,12.18,11.94,12.36,11.92
2017-12-05,11.89,11.47,12.03,11.31
2017-12-06,11.49,11.28,11.68,10.74
2017-12-07,11.21,11.21,11.47,11.06
2017-12-08,11.15,11.31,11.38,11.12
2017-12-11,11.2,11.71,11.76,11.2
2017-12-12,11.75,12.02,12.05,11.55
2017-12-13,12.04,11.97,12.05,11.82
2017-12-14,11.9,12.0,12.07,11.81
2017-12-15,12.01,11.79,12.01,11.76
2017-12-18,11.65,11.29,11.8,11.25
2017-12-19,11.29,11.32,11.46,11.29
2017-12-20,11.38,11.17,11.39,11.05
2017-12-21,11.19,11.18,11.28,10.96
2017-12-22,11.16,11.21,11.26,11.05
2017-12-25,11.24,11.08,11.3,10.98
2017-12-26,11.08,11.11,11.14,10.92
2017-12-27,11.08,10.57,11.08,10.53
2017-12-28,10.5,10.57,10.8,10.44
2017-12-29,10.57,10.66,10.73,10.57
2018-01-02,10.7,10.74,10.82,10.65
2018-01-03,10.7,10.83,10.87,10.45
2018-01-04,10.75,10.74,10.85,10.67
2018-01-05,10.67,10.84,10.9,10.55
2018-01-08,10.76,10.87,10.88,10.64
2018-01-09,10.8,10.92,10.99,10.72
2018-01-10,10.85,10.69,10.94,10.63
2018-01-11,10.6,10.69,10.8,10.54
2018-01-12,10.76,10.68,10.76,10.63
2018-01-15,10.65,10.24,10.67,10.18
2018-01-16,10.25,10.35,10.43,10.2
2018-01-17,10.37,10.33,10.4,10.23
2018-01-18,10.29,10.17,10.36,10.14
2018-01-19,10.16,10.22,10.24,10.12
2018-01-22,10.15,10.2,10.34,10.14
2018-01-23,10.17,10.21,10.3,10.1
2018-01-24,10.23,10.22,10.27,10.15
2018-01-25,10.19,10.26,10.5,10.18
2018-01-26,10.33,10.34,10.47,10.28
2018-01-29,10.38,10.25,10.38,10.16
2018-01-30,10.26,10.3,10.32,10.15
2018-01-31,10.28,10.03,10.28,10.01
2018-02-01,10.02,9.46,10.13,9.45
2018-02-02,9.37,9.39,9.63,9.3
2018-02-05,9.35,9.29,9.49,9.07
2018-02-06,9.13,8.36,9.2,8.36
2018-02-07,8.44,8.52,8.75,8.23
2018-02-08,8.51,8.6,8.66,8.44
2018-02-09,8.5,8.19,8.5,7.88
2018-02-12,8.26,8.51,8.55,8.26
2018-02-13,9.36,9.36,9.36,9.36
2018-02-14,9.92,10.3,10.3,9.79
2018-02-22,10.45,10.72,11.33,10.41
2018-02-23,10.63,10.5,10.7,10.38
2018-02-26,10.54,10.63,10.75,10.39
2018-02-27,10.68,10.88,10.97,10.49
2018-02-28,10.72,10.67,11.05,10.62
2018-03-01,10.55,10.71,10.79,10.55
2018-03-02,10.75,10.5,10.75,10.48
2018-03-05,10.53,10.54,10.67,10.5
2018-03-06,10.56,10.5,10.57,10.4
2018-03-07,10.54,10.51,10.81,10.45
2018-03-08,10.51,10.52,10.57,10.46
2018-03-09,10.48,10.66,10.68,10.46
2018-03-12,10.68,11.1,11.15,10.68
2018-03-13,11.03,11.0,11.18,10.9
2018-03-14,11.18,11.17,11.49,11.05
2018-03-15,11.0,10.77,11.17,10.73
2018-03-16,10.8,10.84,10.89,10.7
2018-03-19,10.86,10.78,10.86,10.71
2018-03-20,10.81,10.75,10.87,10.72
2018-03-21,10.77,10.59,10.8,10.57
2018-03-22,10.58,10.44,10.59,10.34
2018-03-23,10.17,9.66,10.17,9.64
2018-03-26,9.31,9.66,9.79,9.31
2018-03-27,10.3,10.63,10.63,10.11
2018-03-28,10.81,10.48,11.05,10.45
2018-03-29,10.48,10.28,10.48,10.21
2018-03-30,10.37,10.33,10.57,10.28
2018-04-02,10.27,10.36,10.6,10.24
2018-04-03,10.27,10.14,10.33,10.12
2018-04-04,10.2,10.34,10.43,10.2
2018-04-09,10.34,10.32,10.43,10.2
2018-04-10,10.37,10.29,10.39,10.21
2018-04-11,10.6,10.3,10.6,10.26
2018-04-12,10.2,10.36,10.37,10.1
2018-04-13,10.37,10.65,10.66,10.26
2018-04-16,10.64,10.57,10.64,10.46
2018-04-17,10.5,10.22,10.58,10.2
2018-04-18,10.33,10.35,10.38,10.17
2018-04-19,10.33,10.56,10.65,10.25
2018-04-20,10.47,10.27,10.5,10.19
2018-04-23,10.88,10.45,11.28,10.42
2018-04-24,10.1,10.17,10.28,9.96
2018-04-25,10.0,10.04,10.14,9.97
2018-04-26,10.01,10.03,10.17,9.96
2018-04-27,10.01,9.98,10.06,9.84
2018-05-02,10.0,10.01,10.08,9.81
2018-05-03,10.0,9.97,10.0,9.81
2018-05-04,9.87,9.84,9.99,9.84
2018-05-07,9.88,9.86,9.91,9.81
2018-05-08,9.89,9.7,9.89,9.69
2018-05-09,9.71,9.63,9.77,9.58
2018-05-10,9.6,9.53,9.69,9.51
2018-05-11,9.5,9.41,9.6,9.35
2018-05-14,9.42,9.6,9.62,9.01
2018-05-15,9.58,9.68,9.88,9.55
2018-05-16,9.56,9.49,9.67,9.48
2018-05-17,9.49,9.4,9.55,9.3
2018-05-18,9.42,9.36,9.47,9.18
2018-05-21,9.4,9.38,9.44,9.29
2018-05-22,9.36,9.31,9.36,9.27
2018-05-23,9.27,9.18,9.34,9.14
2018-05-24,9.22,9.02,9.22,9.0
2018-05-25,9.05,9.13,9.18,9.0
