date,open,close,high,low
2016-01-04,13.11,12.1,13.4,11.93
2016-01-05,11.8,13.29,13.33,11.66
2016-01-06,13.29,13.87,14.0,13.02
2016-01-07,13.52,12.48,13.58,12.48
2016-01-08,12.79,12.08,12.79,11.26
2016-01-11,11.5,10.87,11.66,10.87
2016-01-12,10.35,11.46,11.83,9.78
2016-01-13,11.19,11.51,11.67,11.03
2016-01-14,11.23,12.24,12.3,11.15
2016-01-15,12.09,12.57,12.6,11.85
2016-01-18,12.1,12.66,12.82,12.04
2016-01-19,12.48,12.79,12.89,12.28
2016-01-20,12.7,13.27,13.34,12.57
2016-01-21,12.99,12.94,13.5,12.66
2016-01-22,12.99,13.4,13.6,12.75
2016-01-25,13.5,13.43,13.5,12.99
2016-01-26,13.23,13.38,13.88,12.9
2016-01-27,13.24,13.97,14.21,13.05
2016-01-28,13.8,13.78,14.37,13.4
2016-01-29,13.62,14.75,15.1,13.34
2016-02-01,14.48,14.09,14.8,13.64
2016-02-02,13.82,13.38,14.1,13.3
2016-02-03,13.02,13.68,13.75,12.11
2016-02-04,13.55,13.76,14.04,13.31
2016-02-05,13.61,13.52,14.1,13.45
2016-02-15,12.96,12.17,12.97,12.17
2016-02-16,11.95,12.38,12.58,11.94
2016-02-17,12.23,12.28,12.36,11.71
2016-02-18,12.33,13.19,13.3,12.17
2016-02-19,13.0,12.93,13.07,12.78
2016-02-22,13.03,13.17,13.2,12.91
2016-02-23,13.18,12.43,13.23,12.0
2016-02-24,12.28,12.52,12.67,12.1
2016-02-25,12.54,11.27,12.6,11.27
2016-02-26,11.35,11.47,11.57,10.9
2016-02-29,11.35,10.32,11.4,10.32
2016-03-01,10.34,10.43,10.68,9.99
2016-03-02,10.41,11.07,11.3,10.37
2016-03-03,11.12,10.94,11.28,10.88
2016-03-04,10.9,10.26,10.95,10.0
2016-03-07,10.37,10.51,10.68,10.36
2016-03-08,10.6,10.8,10.85,10.08
2016-03-09,10.51,10.48,10.76,10.31
2016-03-10,10.49,10.4,10.65,10.32
2016-03-11,10.35,10.38,10.43,10.12
2016-03-14,10.54,10.9,11.1,10.4
2016-03-15,10.95,10.71,10.95,10.68
2016-03-16,10.82,10.7,11.03,10.63
2016-03-17,10.73,10.96,11.03,10.7
2016-03-18,10.98,11.69,11.74,10.98
2016-03-21,12.0,11.91,12.37,11.74
2016-03-22,11.8,12.06,12.2,11.53
2016-03-23,12.05,12.63,12.76,11.9
2016-03-24,12.59,12.77,13.14,12.43
2016-04-12,12.2,11.66,12.69,11.5
2016-04-13,11.7,11.96,12.51,11.58
2016-04-14,11.97,12.0,12.12,11.88
2016-04-15,11.98,11.85,11.99,11.7
2016-04-18,11.76,11.89,12.04,11.58
2016-04-19,11.9,11.91,12.03,11.67
2016-04-20,11.88,11.74,12.23,11.01
2016-04-21,11.51,11.27,11.78,11.2
2016-04-22,11.14,11.28,11.42,11.05
2016-04-25,11.2,11.02,11.24,10.95
2016-04-26,11.05,11.36,11.38,11.03
2016-04-27,11.49,11.4,11.73,11.36
2016-04-28,11.33,11.4,11.45,11.06
2016-04-29,11.35,11.3,11.43,11.16
2016-05-03,11.35,11.62,11.66,11.26
2016-05-04,11.6,11.73,11.84,11.53
2016-05-05,11.65,11.72,11.79,11.5
2016-05-06,11.66,10.91,11.73,10.89
2016-05-09,10.55,10.01,10.55,9.96
2016-05-10,9.9,10.07,10.14,9.88
2016-05-11,10.09,9.93,10.2,9.83
2016-05-12,9.78,9.53,9.78,9.18
2016-05-13,9.5,9.36,9.68,9.26
2016-05-16,9.41,9.62,9.63,9.27
2016-05-17,9.65,9.42,9.68,9.3
2016-05-18,9.21,8.87,9.24,8.7
2016-05-19,8.81,8.85,9.1,8.81
2016-05-20,8.78,9.05,9.06,8.66
2016-05-23,9.07,9.18,9.26,9.07
2016-05-24,9.15,9.15,9.34,9.09
2016-05-25,9.25,9.03,9.26,8.95
2016-05-26,8.92,9.17,9.19,8.75
2016-05-27,9.12,9.03,9.15,9.0
2016-05-30,8.91,9.05,9.15,8.83
2016-05-31,9.08,9.83,9.88,8.92
2016-06-01,9.78,9.94,9.96,9.68
2016-06-02,9.86,10.25,10.27,9.85
2016-06-03,10.28,10.33,10.35,10.03
2016-06-06,10.3,10.71,10.76,10.3
2016-06-07,10.7,10.91,10.93,10.48
2016-06-08,10.84,10.57,11.0,10.54
2016-06-13,10.41,9.65,10.45,9.62
2016-06-14,9.58,9.79,9.89,9.5
2016-06-15,9.67,10.21,10.25,9.55
2016-06-16,10.16,10.36,10.52,10.1
2016-06-17,10.36,10.17,10.44,9.95
2016-06-20,9.87,10.01,10.13,9.74
2016-06-21,10.01,9.95,10.24,9.8
2016-06-22,9.9,10.05,10.09,9.7
2016-06-23,10.0,9.99,10.05,9.9
2016-06-24,9.99,9.87,10.03,9.5
2016-06-27,9.71,10.11,10.13,9.7
2016-06-28,10.02,10.29,10.33,9.92
2016-06-29,10.24,10.3,10.36,10.12
2016-06-30,10.26,10.31,10.36,10.17
2016-07-01,10.31,10.37,10.58,10.25
2016-07-04,10.27,10.53,10.63,10.21
2016-07-05,10.56,10.74,10.93,10.56
2016-07-06,10.79,10.84,10.87,10.57
2016-07-07,10.75,10.63,10.88,10.58
2016-07-08,10.55,10.53,10.65,10.47
2016-07-11,10.53,10.49,10.61,10.34
2016-07-12,10.47,10.49,10.51,10.21
2016-07-13,10.48,10.81,10.84,10.3
2016-07-14,10.76,10.63,10.8,10.55
2016-07-15,10.62,10.94,10.99,10.56
2016-07-18,10.98,10.59,11.02,10.57
2016-07-19,10.55,10.7,10.79,10.5
2016-07-20,10.69,10.74,10.92,10.56
2016-07-21,10.74,10.92,11.06,10.66
2016-07-22,10.84,10.68,10.92,10.62
2016-07-25,10.57,10.72,10.82,10.55
2016-07-26,10.7,10.82,10.83,10.63
2016-07-27,10.8,10.34,10.89,10.01
2016-07-28,10.34,10.14,10.43,10.03
2016-07-29,10.17,10.26,10.48,10.1
2016-08-01,10.2,9.92,10.2,9.78
2016-08-02,9.93,9.99,10.05,9.87
2016-08-03,9.99,10.07,10.17,9.92
2016-08-04,10.18,10.37,10.65,10.18
2016-08-05,10.26,10.18,10.37,10.15
2016-08-08,10.0,10.22,10.29,9.9
2016-08-09,10.23,10.27,10.3,10.11
2016-08-10,10.26,10.44,10.53,10.21
2016-08-11,10.4,10.12,10.44,10.12
2016-08-12,10.12,10.19,10.25,10.07
2016-08-15,10.17,10.26,10.3,10.05
2016-08-16,10.21,10.31,10.43,10.21
2016-08-17,10.37,10.97,11.23,10.25
2016-08-18,10.81,10.84,10.94,10.68
2016-08-19,10.74,10.78,10.89,10.69
2016-08-22,10.85,10.47,10.86,10.45
2016-08-23,10.47,10.56,10.7,10.37
2016-08-24,10.56,10.55,10.86,10.45
2016-08-25,10.48,10.48,10.55,10.25
2016-08-26,10.52,10.47,10.58,10.44
2016-08-29,10.45,10.47,10.61,10.3
2016-08-30,10.47,10.66,10.85,10.47
2016-08-31,10.67,10.68,10.74,10.51
2016-09-01,10.67,10.59,10.69,10.55
2016-09-02,10.59,10.44,10.6,10.4
2016-09-05,10.5,10.39,10.52,10.33
2016-09-06,10.35,10.5,10.51,10.29
2016-09-07,10.55,10.66,10.71,10.55
2016-09-08,10.58,10.71,10.85,10.58
2016-09-09,10.73,10.96,11.14,10.65
2016-09-12,10.79,10.7,10.88,10.67
2016-09-13,10.78,11.01,11.28,10.75
2016-09-14,10.95,11.13,11.2,10.92
2016-09-19,11.12,11.57,11.65,11.1
2016-09-20,11.43,11.55,11.59,11.34
2016-09-21,11.57,11.51,11.65,11.46
2016-09-22,11.5,11.55,11.64,11.48
2016-09-23,11.55,11.51,11.75,11.44
2016-09-26,11.4,10.99,11.47,10.96
2016-09-27,10.93,11.17,11.22,10.93
2016-09-28,11.18,11.16,11.23,11.0
2016-09-29,11.16,11.25,11.33,11.16
2016-09-30,11.25,11.78,11.8,11.19
2016-10-10,11.78,12.06,12.09,11.66
2016-10-11,11.95,11.91,12.09,11.83
2016-10-12,11.8,11.81,12.08,11.71
2016-10-13,11.78,11.82,11.9,11.6
2016-10-14,11.8,11.85,11.88,11.62
2016-10-17,11.85,11.4,11.86,11.26
2016-10-18,11.4,11.59,11.68,11.31
2016-10-19,11.77,11.81,11.88,11.64
2016-10-20,11.8,11.66,11.8,11.57
2016-10-21,11.65,11.58,11.78,11.45
2016-10-24,11.63,12.73,12.74,11.58
2016-10-25,12.5,12.72,12.91,12.35
2016-10-26,12.62,12.31,12.66,12.25
2016-10-27,12.31,12.33,12.53,12.29
2016-10-28,12.32,12.23,12.42,12.12
2016-10-31,12.16,12.16,12.32,11.95
2016-11-01,12.18,12.55,12.87,12.06
2016-11-02,12.75,12.5,12.77,12.44
2016-11-03,12.3,12.61,12.88,12.2
2016-11-04,12.5,12.43,12.69,12.24
2016-11-07,12.38,12.42,12.64,12.26
2016-11-08,12.46,12.58,12.89,12.46
2016-11-09,12.59,12.61,12.64,12.2
2016-11-10,12.68,12.93,13.05,12.54
2016-11-11,12.92,12.91,13.29,12.79
2016-11-14,12.81,12.86,13.05,12.78
2016-11-15,12.85,12.8,12.88,12.62
2016-11-16,12.71,12.7,12.85,12.68
2016-11-17,12.86,12.85,12.98,12.66
2016-11-18,12.78,12.66,12.84,12.55
2016-11-21,12.66,12.38,12.77,12.37
2016-11-22,12.46,12.52,12.59,12.36
2016-11-23,12.5,12.11,12.64,12.07
2016-11-24,12.0,12.11,12.28,12.0
2016-11-25,12.12,12.27,12.39,11.81
2016-11-28,12.36,12.2,12.39,12.14
2016-11-29,12.24,12.03,12.36,11.93
2016-11-30,12.08,11.74,12.08,11.65
2016-12-01,11.75,11.77,11.92,11.69
2016-12-02,11.81,11.79,11.97,11.67
2016-12-05,11.62,11.49,11.77,11.39
2016-12-06,11.47,11.84,11.95,11.47
2016-12-07,11.8,11.76,11.84,11.68
2016-12-08,11.85,12.05,12.17,11.75
2016-12-09,11.99,11.97,12.05,11.86
2016-12-12,11.95,11.2,11.98,11.05
2016-12-13,11.08,11.33,11.37,10.98
2016-12-14,11.26,11.5,11.76,11.26
2016-12-15,11.43,11.55,11.76,11.43
2016-12-16,11.55,11.5,11.66,11.47
2016-12-19,11.5,11.61,11.8,11.5
2016-12-20,11.55,11.63,11.76,11.55
2016-12-21,11.63,11.49,11.74,11.34
2016-12-22,11.52,11.34,11.52,11.27
2016-12-23,11.37,11.23,11.44,11.2
2016-12-26,11.23,11.07,11.23,10.8
2016-12-27,11.01,11.1,11.2,11.0
2016-12-28,11.16,11.03,11.18,10.92
2016-12-29,11.0,11.56,11.88,10.94
2016-12-30,11.7,12.1,12.58,11.58
2017-01-18,12.1,12.21,13.0,11.73
2017-01-19,11.82,11.11,11.89,11.0
2017-01-20,10.78,11.14,11.39,10.57
2017-01-23,11.0,12.25,12.25,11.0
2017-01-24,12.3,12.38,12.79,12.03
2017-01-25,12.18,12.19,12.45,11.8
2017-01-26,12.23,12.21,12.69,12.13
2017-02-03,12.3,12.61,12.79,11.97
2017-02-06,12.58,12.63,12.74,12.2
2017-02-07,12.5,12.94,13.0,12.26
2017-02-08,12.72,12.69,12.89,12.63
2017-02-09,12.64,12.96,13.39,12.6
2017-02-10,12.83,13.34,13.76,12.77
2017-02-13,13.3,13.41,14.09,13.14
2017-02-14,13.3,13.14,13.52,13.03
2017-02-15,13.06,13.37,13.47,13.06
2017-02-16,13.22,13.12,13.48,13.08
2017-02-17,13.12,12.47,13.22,12.25
2017-02-20,12.8,12.82,13.1,12.55
2017-02-21,12.75,13.24,13.29,12.69
2017-02-22,13.18,13.65,13.86,13.12
2017-02-23,13.53,13.64,13.9,13.43
2017-02-24,13.52,13.58,13.78,13.45
2017-02-27,13.55,13.35,13.55,13.06
2017-02-28,13.39,13.39,13.47,13.15
2017-03-01,13.4,13.33,13.47,13.25
2017-03-02,13.3,13.34,13.49,13.16
2017-03-03,13.27,13.39,13.42,13.03
2017-03-06,13.34,13.33,13.57,13.3
2017-03-07,13.3,13.65,13.85,13.3
2017-03-08,13.5,13.5,13.76,13.44
2017-03-09,13.41,13.22,13.49,13.08
2017-03-10,13.21,12.91,13.29,12.89
2017-03-13,12.92,13.05,13.12,12.72
2017-03-14,13.03,13.05,13.24,12.97
2017-03-15,12.97,13.08,13.28,12.97
2017-03-16,13.1,13.44,13.45,13.1
2017-03-17,13.43,13.8,13.81,13.4
2017-03-20,13.85,14.68,15.06,13.82
2017-03-21,14.59,14.54,14.88,14.45
2017-03-22,14.5,14.71,14.99,14.47
2017-03-23,14.81,14.73,14.86,14.51
2017-03-24,14.78,15.04,15.36,14.75
2017-03-27,15.15,14.81,15.35,14.6
2017-03-28,14.72,14.48,15.2,14.35
2017-03-29,14.37,14.57,14.74,14.35
2017-03-30,14.53,14.12,14.66,13.95
2017-03-31,14.13,14.68,14.79,14.13
2017-04-05,14.58,15.2,15.27,14.46
2017-04-06,15.2,15.2,15.47,14.98
2017-04-07,15.2,15.22,15.4,15.05
2017-04-10,15.29,15.24,15.41,14.94
2017-04-11,15.23,14.84,15.23,14.51
2017-04-12,14.99,14.61,15.0,14.49
2017-04-13,14.69,14.93,14.94,14.55
2017-04-14,14.97,14.76,14.98,14.67
2017-04-17,14.81,14.04,14.81,13.97
2017-04-18,14.02,14.21,14.37,13.94
2017-04-19,14.23,14.02,14.35,13.45
2017-04-20,13.99,14.03,14.2,13.8
2017-04-21,14.15,14.36,14.47,14.0
2017-04-24,14.3,14.15,14.5,13.91
2017-04-25,14.2,13.91,14.24,13.61
2017-04-26,13.9,14.43,14.47,13.66
2017-04-27,14.45,14.79,14.85,14.25
2017-04-28,14.72,15.31,15.42,14.64
2017-05-02,15.41,15.29,15.43,15.1
2017-05-03,15.33,15.13,15.38,15.07
2017-05-04,15.0,15.04,15.25,14.97
2017-05-05,15.1,15.7,15.86,15.1
2017-05-08,15.67,14.68,15.67,14.3
2017-05-09,14.63,14.61,14.87,14.11
2017-05-10,14.59,14.44,14.86,14.36
2017-05-11,14.51,13.75,14.52,13.3
2017-05-12,13.83,14.11,14.14,13.7
2017-05-15,14.11,14.54,14.77,14.01
2017-05-16,14.51,14.56,14.68,14.26
2017-05-17,15.5,14.72,15.5,14.68
2017-05-18,14.54,16.19,16.19,14.52
2017-05-19,16.17,15.78,16.3,15.66
2017-05-22,15.88,15.11,15.88,15.0
2017-05-23,15.22,15.27,15.8,15.07
2017-05-24,14.91,15.19,15.45,14.7
2017-05-25,14.92,13.67,15.05,13.67
2017-05-26,13.52,13.56,14.18,13.4
2017-05-31,13.5,12.88,13.5,12.31
2017-06-01,12.69,11.85,12.82,11.65
2017-06-02,11.85,11.94,12.21,11.75
2017-06-05,12.05,12.41,12.55,12.05
2017-06-06,12.33,12.3,12.64,12.1
2017-06-07,12.29,12.45,12.55,12.2
2017-06-08,12.39,12.59,12.62,12.31
2017-06-09,12.5,12.49,12.79,12.42
2017-06-12,12.3,11.95,12.45,11.9
2017-06-13,11.88,12.18,12.23,11.88
2017-06-14,12.27,12.18,12.36,12.15
2017-06-15,12.16,12.37,12.45,12.16
2017-06-16,12.37,12.48,12.53,12.32
2017-06-19,12.48,12.49,12.58,12.34
2017-06-20,12.51,12.51,12.71,12.46
2017-06-21,12.51,12.25,12.57,12.19
2017-06-22,12.22,12.14,12.4,12.1
2017-06-23,12.17,11.96,12.2,11.85
2017-06-26,12.0,13.14,13.16,11.88
2017-06-27,12.96,12.62,12.96,12.58
2017-06-28,12.62,13.38,13.57,12.45
2017-06-29,13.25,13.8,13.9,13.13
2017-06-30,13.6,13.83,13.99,13.54
2017-07-03,13.9,13.7,13.9,13.58
2017-07-04,13.63,13.68,13.89,13.33
2017-07-05,13.63,13.77,13.85,13.52
2017-07-06,13.7,13.45,13.77,13.43
2017-07-07,13.49,13.55,13.79,13.37
2017-07-10,13.64,13.19,13.64,12.66
2017-07-11,12.86,12.88,13.2,12.86
2017-07-12,12.88,12.93,13.06,12.73
2017-07-13,12.85,12.88,12.99,12.8
2017-07-14,12.8,12.4,12.8,12.02
2017-07-17,12.34,11.64,12.34,11.16
2017-07-18,11.36,11.55,11.72,11.16
2017-07-19,11.45,11.39,11.45,11.23
2017-07-20,11.37,11.26,11.38,11.2
2017-07-21,11.24,10.84,11.24,10.75
2017-07-24,10.77,10.56,10.77,10.44
2017-07-25,10.64,10.86,10.95,10.62
2017-07-26,10.87,10.61,10.89,10.5
2017-07-27,10.68,10.78,10.88,10.62
2017-07-28,10.88,11.23,11.26,10.81
2017-07-31,11.54,11.35,11.8,11.32
2017-08-01,11.18,11.31,11.42,11.04
2017-08-02,11.2,11.23,11.49,11.17
2017-08-03,11.2,11.17,11.45,11.11
2017-08-04,11.14,11.09,11.3,11.06
2017-08-07,11.15,11.23,11.38,11.13
2017-08-08,11.15,10.97,11.23,10.93
2017-08-09,11.07,10.87,11.07,10.68
2017-08-10,10.84,10.76,10.91,10.66
2017-08-11,10.71,10.56,10.71,10.5
2017-08-14,10.44,10.7,10.72,10.44
2017-08-15,10.76,10.75,10.87,10.64
2017-08-16,10.75,10.81,10.86,10.67
2017-08-17,10.81,10.86,10.92,10.77
2017-08-18,10.78,10.8,10.88,10.73
2017-08-21,10.85,10.79,10.86,10.76
2017-08-22,10.8,10.65,10.8,10.63
2017-08-23,10.61,10.62,10.69,10.57
2017-08-24,10.62,10.52,10.67,10.5
2017-08-25,10.52,10.69,10.77,10.5
2017-08-28,10.68,10.82,10.85,10.63
2017-08-29,10.79,10.79,10.82,10.71
2017-08-30,10.78,10.74,10.82,10.71
2017-08-31,10.69,10.74,10.79,10.59
2017-09-01,10.74,10.71,10.74,10.62
2017-09-04,10.7,11.19,11.36,10.62
2017-09-05,11.13,10.92,11.27,10.91
2017-09-06,10.92,11.1,11.27,10.81
2017-09-07,11.1,10.94,11.19,10.92
2017-09-08,10.87,10.94,11.05,10.86
2017-09-11,10.93,11.07,11.15,10.88
2017-09-12,11.12,10.93,11.14,10.87
2017-09-13,10.93,11.03,11.07,10.91
2017-09-14,11.04,10.9,11.07,10.85
2017-09-15,10.85,10.85,10.89,10.7
2017-09-18,10.84,10.78,10.84,10.75
2017-09-19,10.81,10.71,10.87,10.7
2017-09-20,10.71,10.71,10.73,10.6
2017-09-21,10.7,10.63,10.75,10.61
2017-09-22,10.63,10.56,10.68,10.53
2017-09-25,10.64,10.36,10.64,10.31
2017-09-26,10.19,10.22,10.35,10.18
2017-09-27,10.27,10.41,10.55,10.23
2017-09-28,10.34,10.56,10.69,10.25
2017-09-29,10.64,10.86,10.97,10.53
2017-10-09,10.87,10.86,10.99,10.61
2017-10-10,10.85,10.83,10.88,10.7
2017-10-11,10.78,10.76,10.87,10.73
2017-10-12,10.78,10.77,10.89,10.68
2017-10-13,10.77,10.74,10.77,10.68
2017-10-16,10.71,10.36,10.72,10.34
2017-10-17,10.37,10.42,10.54,10.35
2017-10-18,10.36,10.44,10.48,10.31
2017-10-19,10.38,10.38,10.46,10.13
2017-10-20,10.36,10.43,10.47,10.2
2017-10-23,10.37,10.41,10.44,10.28
2017-10-24,10.33,10.29,10.39,10.21
2017-10-25,10.29,10.25,10.29,10.21
2017-10-26,10.2,10.25,10.28,10.19
2017-10-27,10.28,10.2,10.29,10.2
2017-10-30,10.2,10.02,10.27,9.75
2017-10-31,10.02,9.89,10.02,9.81
2017-11-01,9.8,9.78,9.9,9.6
2017-11-02,9.86,9.41,9.86,9.28
2017-11-03,9.42,9.18,9.42,9.0
2017-11-06,9.18,9.06,9.19,8.98
2017-11-07,9.05,9.03,9.08,8.8
2017-11-08,9.02,9.01,9.08,8.91
2017-11-09,9.0,9.91,9.91,8.96
2017-11-10,9.98,10.12,10.37,9.71
2017-11-13,10.0,9.7,10.0,9.62
2017-11-14,9.65,9.8,10.17,9.55
2017-11-15,9.7,9.8,9.99,9.61
2017-11-16,9.81,10.02,10.18,9.8
2017-11-17,10.02,9.49,10.08,9.45
2017-11-20,9.13,9.4,9.49,9.13
2017-11-21,9.46,9.12,9.47,9.05
2017-11-22,9.1,9.64,9.94,8.92
2017-11-23,9.59,9.18,9.62,9.16
2017-11-24,9.11,9.24,9.38,9.11
2017-11-27,8.32,8.32,8.32,8.32
2017-11-28,7.49,7.62,8.16,7.49
2017-11-29,7.49,7.59,7.7,7.29
2017-11-30,7.48,7.35,7.57,7.3
2017-12-01,7.43,7.39,7.49,7.29
2017-12-04,7.42,7.17,7.42,7.11
2017-12-05,7.18,7.03,7.37,6.92
2017-12-06,7.01,7.13,7.15,6.94
2017-12-07,7.12,7.3,7.42,7.08
2017-12-08,7.28,7.24,7.36,7.23
2017-12-11,7.24,7.13,7.29,7.08
2017-12-12,7.08,6.85,7.08,6.79
2017-12-13,6.81,6.86,6.87,6.7
2017-12-14,6.88,6.82,6.9,6.76
2017-12-15,6.82,6.73,6.84,6.64
2017-12-18,6.75,6.79,6.87,6.67
2017-12-19,6.8,6.77,6.88,6.75
2017-12-20,6.74,6.58,6.79,6.51
2017-12-21,6.58,6.36,6.58,6.29
2017-12-22,6.31,6.31,6.43,6.27
2017-12-25,6.38,6.0,6.38,5.99
2017-12-26,5.93,6.12,6.15,5.88
2017-12-27,6.12,6.16,6.34,6.06
2017-12-28,6.16,6.12,6.19,6.05
2017-12-29,6.09,6.14,6.14,6.01
2018-01-02,6.13,6.17,6.21,6.07
2018-01-03,6.19,6.24,6.25,6.12
2018-01-04,6.22,6.22,6.39,6.18
2018-01-05,6.28,6.29,6.29,6.15
2018-01-08,6.29,6.27,6.34,6.21
2018-01-09,6.27,6.16,6.28,6.13
2018-01-10,6.17,6.06,6.17,6.01
2018-01-11,6.09,6.11,6.16,6.02
2018-01-12,6.09,6.37,6.72,6.09
2018-01-15,6.31,7.01,7.01,6.31
2018-01-16,7.05,7.71,7.71,7.02
2018-01-17,8.35,7.46,8.35,7.41
2018-01-18,7.42,7.93,8.1,7.21
2018-01-19,7.8,7.54,7.95,7.52
2018-01-22,7.42,7.38,7.49,7.21
2018-01-23,7.36,7.26,7.36,7.22
2018-01-24,7.33,7.28,7.45,7.22
2018-01-25,7.22,7.04,7.28,7.03
2018-01-26,7.12,7.74,7.74,7.08
2018-01-29,7.66,8.13,8.42,7.57
2018-01-30,7.34,7.6,8.12,7.34
2018-01-31,7.7,7.61,7.99,7.49
2018-02-01,7.52,7.05,7.52,6.96
2018-02-02,6.39,6.65,6.9,6.39
2018-02-05,6.65,6.29,6.65,6.26
2018-02-06,6.27,6.92,6.92,6.13
2018-02-07,7.14,7.34,7.61,6.93
2018-02-08,7.28,7.77,7.9,7.05
2018-02-09,7.37,6.99,7.64,6.99
2018-02-12,6.6,7.33,7.38,6.6
2018-02-13,7.28,7.01,7.39,6.98
2018-02-14,6.99,7.27,7.58,6.95
2018-02-22,7.32,7.43,7.5,7.31
2018-02-23,7.5,7.33,7.53,7.23
2018-02-26,7.3,7.67,7.88,7.28
2018-02-27,7.49,7.84,7.87,7.46
2018-02-28,7.72,7.68,7.97,7.64
2018-03-01,7.64,7.72,7.73,7.55
2018-03-02,7.64,7.54,7.68,7.5
2018-03-05,7.6,7.66,7.8,7.52
2018-03-06,7.7,7.55,7.7,7.4
2018-03-07,7.51,7.36,7.63,7.35
2018-03-08,7.31,7.28,7.47,7.21
2018-03-09,7.3,7.34,7.37,7.18
2018-03-12,7.31,8.07,8.07,7.3
2018-03-13,8.36,8.49,8.88,8.32
2018-03-14,8.28,8.18,8.45,8.11
2018-03-15,8.18,8.45,8.81,8.13
2018-03-16,8.44,8.72,9.21,8.18
2018-03-19,8.5,8.55,9.04,8.4
2018-03-20,8.77,8.75,8.97,8.57
2018-03-21,8.65,8.67,8.89,8.46
2018-03-22,8.54,8.82,8.85,8.5
2018-03-23,8.6,8.38,8.73,7.94
2018-03-26,7.9,8.18,8.4,7.9
2018-03-27,8.27,8.58,8.71,8.23
2018-03-28,8.37,8.31,8.47,8.27
2018-03-29,8.31,8.57,8.81,8.24
2018-03-30,8.52,8.6,8.78,8.52
2018-04-02,8.55,8.47,8.87,8.45
2018-04-03,8.2,8.21,8.33,8.15
2018-04-04,8.23,8.26,8.35,8.12
2018-04-09,8.15,7.89,8.24,7.74
2018-04-10,7.9,7.69,7.94,7.51
2018-04-11,7.7,7.99,8.16,7.7
2018-04-12,7.93,8.22,8.25,7.81
2018-04-13,8.15,8.47,8.66,8.03
2018-04-16,8.18,8.26,8.34,7.99
2018-04-17,8.23,8.01,8.26,7.8
2018-04-18,7.21,7.21,7.21,7.21
2018-04-19,6.49,6.74,7.15,6.49
2018-04-20,6.5,6.29,6.64,6.18
2018-04-23,6.15,6.08,6.23,5.88
2018-04-25,5.78,5.78,5.78,5.78
2018-04-26,5.49,5.49,5.49,5.49
2018-04-27,5.22,5.22,5.22,5.22
2018-05-02,4.96,4.96,5.16,4.96
2018-05-03,4.93,4.71,4.95,4.71
2018-05-04,4.77,4.76,4.82,4.73
2018-05-07,4.74,4.91,4.99,4.72
2018-05-08,4.88,5.01,5.1,4.86
2018-05-09,5.01,4.94,5.02,4.89
2018-05-10,4.99,4.9,4.99,4.83
2018-05-11,4.88,4.89,4.97,4.85
2018-05-14,4.9,4.78,4.94,4.77
2018-05-15,4.8,4.71,4.84,4.68
2018-05-16,4.67,4.48,4.68,4.47
2018-05-17,4.48,4.56,4.59,4.47
2018-05-18,4.58,4.71,4.74,4.54
2018-05-21,4.78,4.74,4.81,4.7
2018-05-22,4.75,4.85,4.9,4.71
2018-05-23,4.76,4.74,4.84,4.71
2018-05-24,4.76,4.67,4.76,4.66
2018-05-25,4.65,4.54,4.71,4.47
