date,open,close,high,low
2016-01-04,9.15,8.45,9.29,8.36
2016-01-05,8.17,8.75,8.96,8.14
2016-01-06,8.63,8.84,8.86,8.5
2016-01-07,8.74,7.96,8.74,7.96
2016-01-08,7.95,7.63,8.17,7.33
2016-01-11,7.4,6.87,7.65,6.87
2016-01-12,6.65,6.32,6.77,6.18
2016-01-13,6.3,5.97,6.58,5.94
2016-01-14,5.65,6.21,6.31,5.65
2016-01-15,6.15,5.89,6.24,5.68
2016-01-18,5.81,6.13,6.24,5.77
2016-01-19,6.1,6.37,6.39,6.05
2016-01-20,6.3,6.27,6.46,6.23
2016-01-21,6.21,5.96,6.46,5.9
2016-01-22,6.09,6.24,6.28,5.8
2016-01-25,6.23,6.31,6.43,6.2
2016-01-26,6.18,5.68,6.25,5.68
2016-01-27,5.6,5.29,5.67,5.11
2016-01-28,5.27,4.78,5.28,4.76
2016-01-29,4.81,5.05,5.06,4.67
2016-02-01,5.05,4.85,5.05,4.62
2016-02-02,4.85,5.09,5.17,4.82
2016-02-03,5.11,5.15,5.28,5.0
2016-02-04,5.17,5.19,5.24,5.05
2016-02-05,5.21,5.13,5.25,5.11
2016-02-15,4.88,5.08,5.09,4.81
2016-02-16,5.14,5.32,5.41,5.09
2016-02-17,5.3,5.39,5.44,5.26
2016-02-18,5.45,5.48,5.51,5.33
2016-02-19,5.43,5.54,5.6,5.41
2016-02-22,5.65,5.68,5.75,5.54
2016-02-23,5.71,5.78,5.79,5.56
2016-02-24,5.75,5.85,5.94,5.67
2016-02-25,5.88,5.37,6.02,5.27
2016-02-26,5.42,5.69,5.77,5.21
2016-02-29,5.52,5.33,5.68,5.12
2016-03-01,5.35,5.76,5.79,5.27
2016-03-02,5.62,6.12,6.29,5.62
2016-03-03,6.16,6.05,6.33,6.04
2016-03-04,6.05,5.84,6.14,5.57
2016-03-07,5.91,5.95,6.06,5.88
2016-03-08,5.93,5.86,5.93,5.53
2016-03-09,5.67,5.63,5.77,5.59
2016-03-10,5.69,5.54,5.72,5.5
2016-03-11,5.5,5.53,5.55,5.29
2016-03-14,5.56,5.74,5.91,5.54
2016-03-15,5.71,5.66,5.8,5.6
2016-03-16,5.7,5.55,5.72,5.5
2016-03-17,5.58,5.7,5.75,5.55
2016-03-18,5.68,5.93,6.03,5.68
2016-03-21,5.97,6.14,6.21,5.92
2016-03-22,6.09,6.07,6.16,5.98
2016-03-23,6.06,6.04,6.12,5.98
2016-03-24,6.05,5.91,6.13,5.84
2016-03-25,5.85,5.93,5.99,5.83
2016-03-28,5.95,6.05,6.13,5.91
2016-03-29,6.01,5.95,6.08,5.86
2016-03-30,6.04,6.11,6.13,5.95
2016-03-31,6.11,6.05,6.15,5.99
2016-04-01,6.05,6.06,6.09,5.94
2016-04-05,6.04,6.24,6.25,6.0
2016-04-06,6.22,6.14,6.29,6.07
2016-04-07,6.13,6.13,6.18,6.09
2016-04-08,6.07,6.0,6.11,5.91
2016-04-11,6.06,6.07,6.1,6.0
2016-04-12,6.06,5.86,6.07,5.69
2016-04-13,5.85,5.9,5.98,5.81
2016-04-14,5.91,6.02,6.07,5.91
2016-04-15,6.01,5.97,6.06,5.91
2016-04-18,5.94,5.85,5.96,5.78
2016-04-19,5.87,5.88,5.9,5.82
2016-04-20,5.9,5.5,5.9,5.38
2016-04-21,5.52,5.45,5.57,5.4
2016-04-22,5.33,5.45,5.52,5.33
2016-04-25,5.43,5.4,5.44,5.21
2016-04-26,5.4,5.45,5.46,5.36
2016-04-27,5.45,5.49,5.61,5.41
2016-04-28,5.49,5.45,5.55,5.35
2016-04-29,5.4,5.43,5.49,5.39
2016-05-03,5.43,5.58,5.61,5.42
2016-05-04,5.57,5.65,5.72,5.53
2016-05-05,5.62,5.66,5.68,5.58
2016-05-06,5.67,5.38,5.72,5.37
2016-05-09,5.35,5.17,5.38,5.09
2016-05-10,5.15,5.16,5.21,5.12
2016-05-11,5.19,5.12,5.24,5.08
2016-05-12,5.03,5.05,5.07,4.97
2016-05-13,5.03,5.02,5.1,4.98
2016-05-16,5.01,5.08,5.09,4.98
2016-05-17,5.1,5.04,5.1,5.03
2016-05-18,5.04,4.9,5.04,4.86
2016-05-19,4.89,4.9,4.97,4.89
2016-05-20,4.89,4.95,4.96,4.83
2016-05-23,4.96,5.01,5.06,4.95
2016-05-24,5.02,4.94,5.02,4.9
2016-05-25,4.99,4.95,5.05,4.93
2016-05-26,4.94,4.93,4.99,4.77
2016-05-27,4.9,4.92,4.95,4.86
2016-05-30,4.92,4.87,4.92,4.81
2016-05-31,4.88,5.06,5.07,4.83
2016-06-01,5.05,5.15,5.19,5.05
2016-06-02,5.15,5.18,5.21,5.1
2016-06-03,5.18,5.23,5.25,5.15
2016-06-06,5.22,5.15,5.28,5.14
2016-06-07,5.17,5.14,5.21,5.06
2016-06-08,5.12,5.13,5.15,5.04
2016-06-13,5.06,4.92,5.1,4.91
2016-06-14,4.94,4.91,4.96,4.85
2016-06-15,4.87,5.03,5.06,4.84
2016-06-16,5.05,4.96,5.05,4.93
2016-06-17,4.96,5.01,5.08,4.96
2016-06-20,5.0,4.98,5.01,4.91
2016-06-21,5.0,4.94,5.06,4.86
2016-06-22,4.92,4.99,5.01,4.89
2016-06-23,4.97,4.97,4.99,4.92
2016-06-24,4.97,4.88,5.02,4.82
2016-06-27,4.84,4.95,4.95,4.83
2016-06-28,4.93,5.05,5.07,4.92
2016-06-29,5.05,5.18,5.26,5.0
2016-06-30,5.14,5.1,5.24,5.03
2016-07-01,5.09,5.1,5.14,5.05
2016-07-04,5.05,5.18,5.23,5.04
2016-07-05,5.19,5.27,5.28,5.17
2016-07-06,5.31,5.25,5.31,5.22
2016-07-07,5.27,5.25,5.27,5.18
2016-07-08,5.23,5.25,5.32,5.23
2016-07-11,5.26,5.24,5.39,5.22
2016-07-12,5.27,5.31,5.32,5.16
2016-07-13,5.31,5.37,5.37,5.29
2016-07-14,5.34,5.39,5.41,5.32
2016-07-15,5.39,5.34,5.41,5.32
2016-07-18,5.35,5.34,5.37,5.28
2016-07-19,5.3,5.34,5.34,5.24
2016-07-20,5.34,5.35,5.37,5.28
2016-07-21,5.35,5.39,5.4,5.31
2016-07-22,5.36,5.34,5.4,5.33
2016-07-25,5.3,5.32,5.36,5.28
2016-07-26,5.32,5.48,5.6,5.31
2016-07-27,5.45,5.24,5.58,5.13
2016-07-28,5.22,5.19,5.25,5.1
2016-07-29,5.17,5.15,5.2,5.1
2016-08-01,5.15,4.98,5.15,4.9
2016-08-02,4.98,5.03,5.03,4.94
2016-08-03,5.02,5.2,5.25,4.99
2016-08-04,5.17,5.37,5.39,5.17
2016-08-05,5.39,5.37,5.42,5.29
2016-08-08,5.33,5.39,5.45,5.28
2016-08-09,5.36,5.36,5.39,5.29
2016-08-10,5.37,5.36,5.39,5.29
2016-08-11,5.35,5.27,5.37,5.19
2016-08-12,5.23,5.48,5.55,5.21
2016-08-25,5.54,5.44,5.68,5.34
2016-08-26,5.4,5.31,5.49,5.26
2016-08-29,5.34,5.33,5.4,5.3
2016-08-30,5.33,5.35,5.37,5.31
2016-08-31,5.36,5.39,5.43,5.32
2016-09-01,5.38,5.29,5.41,5.28
2016-09-02,5.3,5.31,5.34,5.27
2016-09-05,5.33,5.4,5.42,5.3
2016-09-06,5.38,5.42,5.42,5.29
2016-09-07,5.42,5.41,5.46,5.4
2016-09-08,5.4,5.47,5.51,5.38
2016-09-09,5.47,5.34,5.47,5.33
2016-09-12,5.27,5.21,5.32,5.19
2016-09-13,5.22,5.32,5.33,5.22
2016-09-14,5.3,5.45,5.53,5.27
2016-09-19,5.4,5.47,5.51,5.39
2016-09-20,5.48,5.59,5.65,5.44
2016-09-21,5.53,5.6,5.72,5.53
2016-09-22,5.59,5.77,5.87,5.58
2016-09-23,5.77,5.67,5.77,5.59
2016-09-26,5.65,5.66,5.8,5.58
2016-09-27,5.65,5.92,6.07,5.54
2016-09-28,5.9,5.8,5.9,5.65
2016-09-29,5.76,5.73,5.79,5.67
2016-09-30,5.69,5.69,5.74,5.63
2016-10-10,5.62,5.48,5.68,5.43
2016-10-11,5.48,5.58,5.6,5.46
2016-10-12,5.55,5.53,5.56,5.49
2016-10-13,5.53,5.62,5.64,5.52
2016-10-14,5.61,5.56,5.63,5.53
2016-10-17,5.54,5.51,5.63,5.46
2016-10-18,5.48,5.59,5.6,5.46
2016-10-19,5.58,5.59,5.63,5.56
2016-10-20,5.59,5.57,5.61,5.54
2016-10-21,5.58,5.54,5.59,5.51
2016-10-24,5.52,5.62,5.66,5.52
2016-10-25,5.6,5.64,5.64,5.56
2016-10-26,5.64,5.73,5.8,5.6
2016-10-27,5.72,5.67,5.72,5.61
2016-10-28,5.67,5.7,5.8,5.66
2016-10-31,5.74,5.82,5.86,5.7
2016-11-01,5.84,5.78,5.84,5.74
2016-11-02,5.75,5.67,5.77,5.66
2016-11-03,5.63,5.67,5.72,5.63
2016-11-04,5.65,5.66,5.69,5.64
2016-11-07,5.68,5.72,5.73,5.65
2016-11-08,5.72,5.89,5.9,5.72
2016-11-09,5.85,5.97,6.07,5.82
2016-11-10,6.0,5.94,6.05,5.92
2016-11-11,5.95,5.94,6.1,5.92
2016-11-14,5.92,6.0,6.01,5.91
2016-11-15,6.02,6.02,6.03,5.97
2016-11-16,6.02,5.98,6.09,5.96
2016-11-17,5.98,5.93,5.98,5.87
2016-11-18,5.93,5.97,6.0,5.9
2016-11-21,5.96,5.95,6.0,5.9
2016-11-22,5.93,5.98,5.98,5.89
2016-11-23,5.98,5.96,6.15,5.92
2016-11-24,5.93,5.89,5.96,5.8
2016-11-25,5.91,5.88,5.93,5.79
2016-11-28,5.88,5.9,5.96,5.83
2016-11-29,5.89,5.93,6.01,5.85
2016-11-30,5.92,5.87,5.94,5.78
2016-12-01,5.86,5.9,5.94,5.85
2016-12-02,5.87,5.69,5.94,5.68
2016-12-05,5.66,5.71,5.82,5.62
2016-12-06,5.73,5.71,5.74,5.67
2016-12-07,5.72,5.77,5.77,5.67
2016-12-08,5.77,5.77,5.8,5.74
2016-12-09,5.77,5.72,5.79,5.64
2016-12-12,5.7,5.43,5.7,5.35
2016-12-13,5.45,5.45,5.5,5.29
2016-12-14,5.42,5.38,5.46,5.32
2016-12-15,5.38,5.45,5.46,5.33
2016-12-16,5.43,5.48,5.52,5.38
2016-12-19,5.49,5.5,5.52,5.43
2016-12-20,5.45,5.49,5.54,5.43
2016-12-21,5.7,5.59,5.85,5.5
2016-12-22,5.54,5.58,5.64,5.52
2016-12-23,5.58,5.49,5.58,5.47
2016-12-26,5.44,5.42,5.46,5.33
2016-12-27,5.41,5.43,5.45,5.37
2016-12-28,5.4,5.44,5.48,5.4
2016-12-29,5.44,5.45,5.5,5.39
2016-12-30,5.45,5.44,5.49,5.41
2017-01-03,5.44,5.53,5.54,5.43
2017-01-04,5.55,5.66,5.72,5.51
2017-01-05,5.65,5.65,5.69,5.61
2017-01-06,5.61,5.6,5.67,5.55
2017-01-09,5.57,5.77,5.96,5.56
2017-01-10,5.76,5.79,5.83,5.64
2017-01-11,5.74,5.77,5.8,5.66
2017-01-12,5.77,5.64,5.77,5.61
2017-01-13,5.64,5.6,5.69,5.58
2017-01-16,5.57,5.34,5.57,5.2
2017-01-17,5.33,5.33,5.4,5.07
2017-01-18,5.28,5.26,5.34,5.25
2017-01-19,5.28,5.19,5.28,5.17
2017-01-20,5.2,5.31,5.34,5.18
2017-01-23,5.33,5.36,5.4,5.27
2017-01-24,5.35,5.38,5.4,5.34
2017-01-25,5.37,5.39,5.4,5.35
2017-01-26,5.39,5.4,5.47,5.38
2017-02-03,5.37,5.35,5.44,5.32
2017-02-06,5.35,5.4,5.41,5.35
2017-02-07,5.4,5.41,5.42,5.34
2017-02-08,5.4,5.41,5.41,5.32
2017-02-09,5.38,5.47,5.49,5.37
2017-02-10,5.45,5.47,5.5,5.44
2017-02-13,5.46,5.51,5.58,5.46
2017-02-14,5.53,5.48,5.53,5.45
2017-02-15,5.5,5.49,5.53,5.44
2017-02-16,5.49,5.59,5.69,5.45
2017-02-17,5.6,5.55,5.62,5.53
2017-02-20,5.58,5.69,5.72,5.57
2017-02-21,5.68,5.69,5.71,5.61
2017-02-22,5.66,5.71,5.74,5.64
2017-02-23,5.71,5.68,5.72,5.64
2017-02-24,5.65,5.65,5.67,5.58
2017-02-27,5.65,5.64,5.7,5.62
2017-02-28,5.64,5.64,5.67,5.6
2017-03-01,5.62,5.72,5.76,5.61
2017-03-02,5.68,5.68,5.74,5.66
2017-03-03,5.65,5.63,5.68,5.6
2017-03-06,5.65,5.71,5.72,5.62
2017-03-07,5.71,5.77,5.8,5.66
2017-03-08,5.76,5.65,5.76,5.63
2017-03-09,5.65,5.76,5.77,5.61
2017-03-10,5.75,5.69,5.76,5.66
2017-03-13,5.69,5.72,5.73,5.64
2017-03-14,5.75,5.74,5.79,5.7
2017-03-15,5.74,5.71,5.75,5.67
2017-03-16,5.73,5.82,5.91,5.71
2017-03-17,5.85,5.75,5.86,5.74
2017-03-20,5.75,5.69,5.76,5.63
2017-03-21,5.67,5.76,5.79,5.65
2017-03-22,5.95,5.77,5.99,5.69
2017-03-23,5.71,5.68,5.76,5.57
2017-03-24,5.66,5.59,5.67,5.55
2017-03-27,5.61,5.56,5.62,5.49
2017-03-28,5.53,5.47,5.54,5.45
2017-03-29,5.46,5.47,5.49,5.39
2017-03-30,5.45,5.3,5.45,5.29
2017-03-31,5.33,5.32,5.37,5.29
2017-04-05,5.35,5.47,5.5,5.35
2017-04-06,5.47,5.45,5.48,5.42
2017-04-07,5.45,5.44,5.47,5.4
2017-04-10,5.42,5.43,5.49,5.33
2017-04-11,5.42,5.53,5.54,5.41
2017-04-12,5.53,5.55,5.62,5.51
2017-04-13,5.52,5.61,5.65,5.52
2017-04-14,5.58,5.52,5.63,5.5
2017-04-17,5.52,5.38,5.53,5.34
2017-04-18,5.4,5.26,5.41,5.26
2017-04-19,5.27,5.15,5.27,5.09
2017-04-20,5.13,5.13,5.22,5.06
2017-04-21,5.14,5.13,5.18,5.09
2017-04-24,5.14,4.92,5.14,4.9
2017-04-25,4.94,4.92,4.97,4.86
2017-04-26,4.92,4.93,4.97,4.9
2017-04-27,4.93,4.95,4.98,4.78
2017-04-28,4.92,4.98,5.0,4.91
2017-05-02,4.98,5.01,5.04,4.95
2017-05-03,5.0,4.93,5.04,4.92
2017-05-04,4.95,4.97,5.0,4.88
2017-05-05,4.96,4.89,5.03,4.87
2017-05-08,4.86,4.81,4.89,4.76
2017-05-09,4.8,4.82,4.84,4.76
2017-05-10,4.84,4.67,4.84,4.61
2017-05-11,4.53,4.54,4.62,4.31
2017-05-12,4.55,4.54,4.55,4.46
2017-05-15,4.54,4.55,4.63,4.5
2017-05-16,4.56,4.65,4.67,4.46
2017-05-17,4.64,4.63,4.7,4.61
2017-05-18,4.58,4.59,4.67,4.55
2017-05-19,4.6,4.58,4.63,4.56
2017-05-22,4.58,4.47,4.6,4.45
2017-05-23,4.48,4.39,4.54,4.36
2017-05-24,4.4,4.39,4.41,4.3
2017-05-25,4.4,4.48,4.5,4.37
2017-05-26,4.48,4.58,4.59,4.46
2017-05-31,4.59,4.57,4.67,4.55
2017-06-01,4.56,4.44,4.56,4.42
2017-06-02,4.41,4.56,4.6,4.36
2017-06-05,4.58,4.55,4.61,4.51
2017-06-06,4.54,4.61,4.62,4.5
2017-06-07,4.61,4.66,4.67,4.54
2017-06-08,4.66,4.64,4.68,4.62
2017-06-09,4.66,4.64,4.66,4.6
2017-06-12,4.63,4.56,4.65,4.55
2017-06-13,4.56,4.61,4.63,4.54
2017-06-14,4.61,4.62,4.64,4.59
2017-06-15,4.61,4.65,4.69,4.6
2017-06-16,4.68,4.64,4.68,4.62
2017-06-19,4.61,4.65,4.67,4.61
2017-06-20,4.67,4.66,4.69,4.64
2017-06-21,4.66,4.66,4.68,4.61
2017-06-22,4.63,4.59,4.67,4.58
2017-06-23,4.59,4.52,4.59,4.47
2017-06-26,4.52,4.61,4.62,4.5
2017-06-27,4.61,4.64,4.66,4.59
2017-06-28,4.63,4.62,4.65,4.59
2017-06-29,4.61,4.63,4.64,4.61
2017-06-30,4.62,4.66,4.66,4.59
2017-07-03,4.66,4.69,4.69,4.61
2017-07-04,4.67,4.63,4.68,4.6
2017-07-05,4.63,4.65,4.66,4.6
2017-07-06,4.66,4.64,4.66,4.62
2017-07-07,4.64,4.63,4.65,4.61
2017-07-10,4.63,4.66,4.72,4.62
2017-07-11,4.68,4.63,4.68,4.62
2017-07-12,4.65,4.57,4.65,4.5
2017-07-13,4.55,4.58,4.59,4.52
2017-07-14,4.56,4.54,4.56,4.52
2017-07-17,4.54,4.29,4.54,4.28
2017-07-18,4.24,4.42,4.43,4.24
2017-07-19,4.37,4.45,4.47,4.37
2017-07-20,4.45,4.49,4.52,4.43
2017-07-21,4.47,4.47,4.5,4.42
2017-07-24,4.46,4.5,4.52,4.43
2017-07-25,4.53,4.5,4.54,4.47
2017-07-26,4.5,4.51,4.52,4.45
2017-07-27,4.51,4.57,4.57,4.49
2017-07-28,4.57,4.58,4.61,4.53
2017-07-31,4.58,4.63,4.64,4.56
2017-08-01,4.63,4.62,4.64,4.59
2017-08-02,4.6,4.59,4.63,4.58
2017-08-03,4.58,4.61,4.62,4.57
2017-08-04,4.61,4.58,4.64,4.58
2017-08-07,4.56,4.61,4.62,4.56
2017-08-08,4.61,4.56,4.63,4.54
2017-08-09,4.57,4.56,4.58,4.53
2017-08-10,4.57,4.54,4.6,4.51
2017-08-11,4.54,4.46,4.55,4.42
2017-08-14,4.45,4.5,4.52,4.45
2017-08-15,4.49,4.52,4.53,4.48
2017-08-16,4.5,4.52,4.54,4.5
2017-08-17,4.52,4.56,4.56,4.5
2017-08-18,4.56,4.58,4.6,4.53
2017-08-21,4.6,4.6,4.61,4.56
2017-08-22,4.58,4.63,4.64,4.58
2017-08-23,4.61,4.64,4.65,4.59
2017-08-24,4.64,4.61,4.65,4.58
2017-08-25,4.59,4.65,4.68,4.58
2017-08-28,4.66,4.69,4.69,4.65
2017-08-29,4.68,4.66,4.7,4.65
2017-08-30,4.68,4.67,4.69,4.65
2017-08-31,4.68,4.67,4.69,4.66
2017-09-01,4.68,4.69,4.74,4.67
2017-09-04,4.69,4.71,4.72,4.67
2017-09-05,4.71,4.78,4.79,4.69
2017-09-06,4.76,4.73,4.81,4.73
2017-09-07,4.74,4.7,4.8,4.7
2017-09-08,4.67,4.71,4.73,4.67
2017-09-11,4.71,4.7,4.72,4.68
2017-09-12,4.7,4.69,4.72,4.67
2017-09-13,4.68,4.71,4.71,4.67
2017-09-14,4.69,4.71,4.76,4.68
2017-09-15,4.7,4.95,5.18,4.7
2017-09-18,4.89,4.92,4.97,4.83
2017-09-19,4.9,5.02,5.22,4.86
2017-09-20,4.98,5.05,5.05,4.91
2017-09-21,5.03,4.9,5.03,4.89
2017-09-22,4.86,4.87,4.93,4.85
2017-09-25,4.83,4.7,4.88,4.65
2017-09-26,4.67,4.7,4.73,4.65
2017-09-27,4.73,4.7,4.73,4.67
2017-09-28,4.7,4.59,4.71,4.56
2017-09-29,4.62,4.59,4.62,4.57
2017-10-09,4.65,4.66,4.72,4.63
2017-10-10,4.66,4.69,4.7,4.65
2017-10-11,4.68,4.69,4.72,4.67
2017-10-12,4.69,4.71,4.77,4.67
2017-10-13,4.69,4.73,4.75,4.69
2017-10-16,4.7,4.6,4.73,4.58
2017-10-17,4.58,4.6,4.64,4.58
2017-10-18,4.61,4.55,4.63,4.53
2017-10-19,4.56,4.45,4.56,4.42
2017-10-20,4.46,4.52,4.53,4.44
2017-10-23,4.52,4.56,4.58,4.5
2017-10-24,4.56,4.54,4.6,4.49
2017-10-25,4.52,4.55,4.58,4.51
2017-10-26,4.52,4.55,4.56,4.51
2017-10-27,4.55,4.55,4.59,4.54
2017-10-30,4.54,4.48,4.54,4.4
2017-10-31,4.45,4.5,4.52,4.43
2017-11-01,4.5,4.46,4.52,4.45
2017-11-02,4.46,4.38,4.47,4.34
2017-11-03,4.38,4.32,4.38,4.28
2017-11-06,4.32,4.33,4.34,4.25
2017-11-07,4.33,4.35,4.36,4.3
2017-11-08,4.34,4.36,4.39,4.33
2017-11-09,4.38,4.35,4.38,4.3
2017-11-10,4.35,4.33,4.35,4.31
2017-11-13,4.31,4.32,4.34,4.3
2017-11-14,4.33,4.3,4.33,4.27
2017-11-15,4.31,4.29,4.31,4.24
2017-11-16,4.29,4.29,4.32,4.26
2017-11-17,4.28,4.08,4.29,4.05
2017-11-20,4.05,4.02,4.05,3.96
2017-11-21,4.02,4.09,4.15,4.01
2017-11-22,4.09,4.04,4.11,3.96
2017-11-23,4.05,3.97,4.05,3.95
2017-11-24,3.99,3.99,4.01,3.96
2017-11-27,4.01,3.96,4.01,3.9
2017-11-28,3.95,4.0,4.0,3.94
2017-11-29,3.99,4.06,4.06,3.96
2017-11-30,4.05,4.03,4.06,4.0
2017-12-01,4.0,4.03,4.05,4.0
2017-12-04,4.03,3.99,4.04,3.97
2017-12-05,4.01,3.92,4.01,3.85
2017-12-06,3.92,3.86,3.92,3.8
2017-12-07,3.87,3.88,3.9,3.82
2017-12-08,3.85,3.86,3.94,3.85
2017-12-11,3.88,3.86,3.88,3.83
2017-12-12,3.86,3.81,3.86,3.77
2017-12-13,3.8,3.82,3.83,3.78
2017-12-14,3.84,3.81,3.84,3.78
2017-12-15,3.8,3.82,3.83,3.79
2017-12-18,3.82,4.11,4.2,3.79
2017-12-19,3.98,4.05,4.16,3.95
2017-12-20,4.05,3.89,4.05,3.88
2017-12-21,3.9,3.87,3.9,3.8
2017-12-22,3.86,3.83,3.86,3.8
2017-12-25,3.83,3.85,3.89,3.8
2017-12-26,3.85,3.86,3.88,3.82
2017-12-27,3.86,3.83,3.86,3.82
2017-12-28,3.84,3.85,3.86,3.82
2017-12-29,3.85,3.87,3.87,3.84
2018-01-02,3.88,3.94,3.97,3.87
2018-01-03,3.93,3.96,3.97,3.91
2018-01-04,3.95,3.98,4.04,3.91
2018-01-05,3.97,4.12,4.2,3.97
2018-01-08,4.12,4.14,4.25,4.09
2018-01-09,4.14,4.25,4.32,4.12
2018-01-10,4.22,4.15,4.31,4.1
2018-01-11,4.14,4.2,4.25,4.1
2018-01-12,4.17,4.33,4.55,4.17
2018-01-15,4.32,4.18,4.34,4.15
2018-01-16,4.18,4.37,4.39,4.17
2018-01-17,4.39,4.22,4.39,4.18
2018-01-18,4.18,4.22,4.27,4.17
2018-01-19,4.2,4.24,4.31,4.2
2018-01-22,4.25,4.24,4.27,4.22
2018-01-23,4.26,4.29,4.34,4.25
2018-01-24,4.29,4.28,4.31,4.21
2018-01-25,4.27,4.22,4.27,4.19
2018-01-26,4.21,4.25,4.28,4.18
2018-01-29,4.26,4.21,4.27,4.18
2018-01-30,4.21,4.23,4.23,4.16
2018-01-31,4.19,4.07,4.19,4.03
2018-02-01,4.06,3.88,4.1,3.84
2018-02-02,3.88,3.89,3.93,3.81
2018-02-05,3.85,3.86,3.91,3.82
2018-02-06,3.82,3.63,3.82,3.58
2018-02-07,3.66,3.62,3.72,3.58
2018-02-08,3.65,3.63,3.68,3.6
2018-02-09,3.59,3.57,3.64,3.41
2018-02-12,3.57,3.58,3.63,3.53
2018-02-13,3.6,3.52,3.63,3.47
2018-02-14,3.53,3.5,3.53,3.42
2018-02-22,3.51,3.55,3.57,3.48
2018-02-23,3.54,3.59,3.62,3.54
2018-02-26,3.6,3.64,3.65,3.58
2018-02-27,3.65,3.63,3.65,3.61
2018-02-28,3.59,3.64,3.66,3.56
2018-03-01,3.61,3.66,3.66,3.59
2018-03-02,3.66,3.68,3.7,3.63
2018-03-05,3.69,3.68,3.71,3.65
2018-03-06,3.69,3.72,3.73,3.65
2018-03-07,3.71,3.69,3.73,3.66
2018-03-08,3.67,3.71,3.72,3.66
2018-03-09,3.71,3.72,3.73,3.68
2018-03-12,3.72,3.75,3.76,3.72
2018-03-13,3.75,3.75,3.78,3.73
2018-03-14,3.74,3.74,3.76,3.7
2018-03-15,3.72,3.7,3.74,3.68
2018-03-16,3.69,3.7,3.73,3.68
2018-03-19,3.7,3.71,3.73,3.67
2018-03-20,3.68,3.73,3.75,3.67
2018-03-21,3.74,3.78,3.86,3.71
2018-03-22,3.76,3.76,3.81,3.71
2018-03-23,3.7,3.54,3.73,3.5
2018-03-26,3.54,3.57,3.6,3.48
2018-03-27,3.58,3.64,3.69,3.58
2018-03-28,3.62,3.64,3.66,3.61
2018-03-29,3.64,3.7,3.72,3.62
2018-03-30,3.69,3.7,3.72,3.66
2018-04-02,3.69,3.68,3.72,3.65
2018-04-03,3.56,3.63,3.64,3.55
2018-04-04,3.63,3.61,3.67,3.6
2018-04-09,3.61,3.61,3.65,3.57
2018-04-10,3.62,3.63,3.65,3.58
2018-04-11,3.63,3.64,3.66,3.61
2018-04-12,3.62,3.62,3.63,3.59
2018-04-13,3.62,3.62,3.63,3.6
2018-04-16,3.63,3.57,3.63,3.55
2018-04-17,3.57,3.53,3.58,3.52
2018-04-18,3.55,3.55,3.56,3.5
2018-04-19,3.55,3.54,3.56,3.53
2018-04-20,3.55,3.5,3.55,3.48
2018-04-23,3.52,3.43,3.52,3.33
2018-04-24,3.43,3.51,3.52,3.43
2018-04-25,3.5,3.49,3.51,3.47
2018-04-26,3.49,3.45,3.49,3.43
2018-04-27,3.45,3.44,3.47,3.42
2018-05-02,3.46,3.44,3.46,3.41
2018-05-03,3.44,3.45,3.45,3.4
2018-05-04,3.44,3.46,3.47,3.43
2018-05-07,3.46,3.5,3.5,3.43
2018-05-08,3.5,3.49,3.5,3.47
2018-05-09,3.49,3.49,3.51,3.46
2018-05-10,3.5,3.51,3.52,3.48
2018-05-11,3.51,3.5,3.54,3.48
2018-05-14,3.51,3.47,3.53,3.47
2018-05-15,3.47,3.48,3.49,3.44
2018-05-16,3.48,3.46,3.49,3.45
2018-05-17,3.46,3.45,3.48,3.44
2018-05-18,3.46,3.48,3.49,3.44
2018-05-21,3.5,3.51,3.53,3.48
2018-05-22,3.5,3.51,3.53,3.5
2018-05-23,3.52,3.58,3.6,3.46
2018-05-24,3.55,3.62,3.74,3.47
2018-05-25,3.56,3.52,3.59,3.5
