date,open,close,high,low
2016-01-04,21.6,20.24,22.37,20.24
2016-01-05,19.25,19.23,20.47,19.23
2016-01-06,19.48,19.31,19.75,18.27
2016-01-07,18.92,18.34,18.92,18.34
2016-01-08,17.99,17.42,18.55,17.42
2016-01-11,17.53,16.55,17.53,16.55
2016-01-12,15.98,15.72,16.45,15.72
2016-01-13,15.28,14.93,15.68,14.93
2016-01-14,14.18,15.26,15.36,14.18
2016-01-15,15.0,15.29,16.02,14.72
2016-01-18,14.63,15.16,15.57,14.53
2016-01-19,15.23,15.92,15.92,15.23
2016-01-20,16.25,16.35,16.71,15.81
2016-01-21,15.96,15.53,16.58,15.53
2016-01-22,15.66,15.9,16.19,15.1
2016-01-25,15.87,15.75,16.2,15.62
2016-01-26,15.65,14.96,15.65,14.96
2016-01-27,14.21,14.21,14.66,14.21
2016-01-28,14.0,13.5,14.0,13.5
2016-01-29,12.99,14.18,14.18,12.87
2016-02-01,14.89,14.23,14.89,13.89
2016-02-02,14.69,14.94,14.94,14.51
2016-02-03,15.0,15.69,15.69,14.8
2016-02-04,15.87,15.97,16.47,15.68
2016-02-05,15.92,15.37,16.25,15.25
2016-02-15,14.6,14.76,14.97,14.6
2016-02-16,14.96,15.5,15.5,14.79
2016-02-17,15.9,15.67,16.17,15.35
2016-02-18,15.95,15.7,16.25,15.66
2016-02-19,15.55,16.12,16.4,15.41
2016-02-22,16.3,16.16,16.4,15.93
2016-02-23,16.04,15.86,16.45,15.57
2016-02-24,15.71,15.93,16.08,15.5
2016-02-25,15.99,15.13,15.99,15.13
2016-02-26,14.42,14.37,14.99,14.37
2016-02-29,14.11,13.65,14.42,13.65
2016-03-01,13.15,13.13,13.5,12.97
2016-03-02,13.15,13.79,13.79,13.15
2016-03-03,14.4,14.1,14.48,13.91
2016-03-04,13.93,13.44,14.21,13.4
2016-03-07,13.8,13.96,14.07,13.58
2016-03-08,13.8,14.03,14.15,13.26
2016-03-09,13.69,13.61,13.9,13.42
2016-03-10,13.69,14.13,14.29,13.6
2016-03-11,14.01,14.84,14.84,13.94
2016-03-14,15.13,15.08,15.58,15.0
2016-03-15,15.1,15.46,15.78,14.89
2016-03-16,15.8,15.16,15.93,15.0
2016-03-17,15.4,15.71,15.9,15.11
2016-03-18,15.85,16.0,16.17,15.63
2016-03-21,16.18,16.03,16.24,15.85
2016-03-22,15.74,16.18,16.35,15.33
2016-03-23,16.0,16.17,16.26,15.93
2016-03-24,16.08,16.31,16.88,15.95
2016-03-25,16.3,16.36,16.58,16.11
2016-03-28,16.3,17.18,17.18,16.3
2016-03-29,17.06,16.85,17.41,16.6
2016-03-30,17.07,17.36,17.37,17.0
2016-03-31,17.41,18.04,18.23,17.39
2016-04-01,18.0,17.95,18.29,17.5
2016-04-05,18.0,17.87,18.1,17.63
2016-04-06,17.89,17.59,18.16,17.4
2016-04-07,17.58,16.89,17.79,16.75
2016-04-08,16.88,16.73,16.88,16.26
2016-04-11,16.84,17.29,17.31,16.77
2016-04-12,17.29,16.99,17.45,16.8
2016-04-13,16.95,17.07,17.42,16.95
2016-04-14,17.2,17.39,17.47,17.05
2016-04-15,17.28,17.42,17.73,17.22
2016-04-18,17.6,17.09,17.68,16.93
2016-04-19,17.38,17.17,17.48,16.99
2016-04-20,17.19,16.31,17.3,16.31
2016-04-21,16.05,16.02,16.37,15.91
2016-04-22,15.9,16.82,16.82,15.8
2016-04-25,16.91,17.64,17.66,16.73
2016-04-26,17.52,17.78,17.95,17.51
2016-04-27,17.75,18.29,18.58,17.65
2016-04-28,18.3,17.38,18.47,17.38
2016-04-29,17.11,17.4,17.67,16.91
2016-05-03,17.39,17.61,17.7,17.26
2016-05-04,17.61,17.94,18.44,17.6
2016-05-05,18.07,18.42,18.44,17.84
2016-05-09,17.5,17.5,17.5,17.5
2016-05-10,16.63,16.63,16.63,16.63
2016-05-11,15.8,15.8,15.96,15.8
2016-05-12,15.02,15.01,15.1,15.01
2016-05-13,14.51,14.37,15.11,14.26
2016-05-16,13.99,14.34,14.54,13.65
2016-05-17,14.25,13.99,14.41,13.79
2016-05-18,13.3,13.29,13.63,13.29
2016-05-19,13.23,12.85,13.38,12.71
2016-05-20,12.66,12.72,12.77,12.28
2016-05-23,12.08,13.11,13.36,12.08
2016-05-24,12.88,12.85,13.2,12.81
2016-05-25,12.99,12.74,13.27,12.69
2016-05-26,12.8,12.42,12.83,12.13
2016-05-27,12.44,12.86,12.95,12.3
2016-05-30,12.93,12.54,12.93,12.52
2016-05-31,12.62,13.14,13.16,12.62
2016-06-01,13.18,13.05,13.33,13.01
2016-06-02,13.04,13.14,13.2,13.03
2016-06-03,13.14,13.19,13.27,13.02
2016-06-06,13.27,13.38,13.52,13.12
2016-06-07,13.38,13.19,13.45,13.1
2016-06-08,13.17,12.76,13.22,12.63
2016-06-13,12.33,12.12,12.55,12.12
2016-06-14,11.75,11.51,11.92,11.51
2016-06-15,11.36,11.63,11.79,11.3
2016-06-16,11.68,11.6,12.07,11.53
2016-06-17,11.64,11.8,11.88,11.61
2016-06-20,11.21,11.21,11.42,11.21
2016-06-21,11.13,11.18,11.42,11.13
2016-06-22,11.25,11.23,11.26,11.05
2016-06-23,11.23,11.64,11.79,11.2
2016-06-24,11.68,11.33,11.68,11.06
2016-06-27,11.23,11.69,11.74,11.2
2016-06-28,11.69,11.69,11.75,11.54
2016-06-29,11.75,11.73,11.84,11.57
2016-06-30,11.8,12.15,12.32,11.74
2016-07-01,12.2,11.8,12.34,11.6
2016-07-04,11.79,11.87,12.03,11.47
2016-07-05,11.81,11.74,11.86,11.64
2016-07-06,11.77,11.76,11.8,11.62
2016-07-07,11.74,11.68,11.85,11.66
2016-07-08,11.69,11.76,11.98,11.6
2016-07-11,11.77,11.49,11.83,11.48
2016-07-12,11.48,11.27,11.55,10.98
2016-07-13,11.27,11.43,11.45,11.17
2016-07-14,11.5,11.32,11.5,11.22
2016-07-15,11.36,11.11,11.36,11.05
2016-07-18,11.11,11.11,11.25,11.01
2016-07-19,11.13,11.06,11.17,11.01
2016-07-20,11.12,11.21,11.37,11.06
2016-07-21,11.23,11.57,11.66,11.19
2016-07-22,11.6,11.81,11.86,11.49
2016-07-25,11.96,12.4,12.4,11.96
2016-07-26,13.02,13.02,13.02,13.02
2016-07-27,13.43,12.66,13.43,12.37
2016-07-28,12.66,13.12,13.29,12.66
2016-07-29,13.12,13.12,13.22,12.73
2016-08-01,13.02,12.83,13.28,12.51
2016-08-02,12.83,13.09,13.29,12.83
2016-08-03,13.08,13.19,13.37,13.06
2016-08-04,13.19,13.33,13.35,13.17
2016-08-05,13.32,13.78,13.89,13.25
2016-08-08,13.6,13.46,13.79,13.37
2016-08-09,13.58,13.68,13.89,13.52
2016-08-10,13.59,13.12,13.77,13.09
2016-08-11,13.24,13.13,13.36,13.07
2016-08-12,13.14,13.15,13.25,13.03
2016-08-15,13.15,13.21,13.29,13.05
2016-08-16,13.18,13.06,13.23,13.02
2016-08-17,13.04,13.14,13.3,13.01
2016-08-18,13.09,12.58,13.14,12.56
2016-08-19,12.58,12.72,12.82,12.55
2016-08-22,12.76,12.98,13.28,12.72
2016-08-23,13.02,13.12,13.24,12.99
2016-08-24,13.19,13.17,13.3,12.99
2016-08-25,13.28,13.23,13.35,13.06
2016-08-26,13.17,13.51,13.6,13.15
2016-08-29,13.56,13.35,13.79,13.31
2016-08-30,13.26,13.32,13.5,13.26
2016-08-31,13.33,13.27,13.38,13.08
2016-09-01,13.11,13.19,13.41,13.05
2016-09-02,13.85,13.85,13.85,13.76
2016-09-05,14.3,14.54,14.54,14.0
2016-09-06,14.98,14.86,15.09,14.68
2016-09-07,14.81,14.77,14.93,14.55
2016-09-08,14.74,15.51,15.51,14.71
2016-09-09,15.67,15.38,15.74,15.3
2016-09-12,14.63,14.61,14.99,14.61
2016-09-13,14.73,15.34,15.34,14.61
2016-09-14,15.2,15.69,16.07,15.13
2016-09-19,15.4,15.53,15.85,15.31
2016-09-20,15.52,15.53,15.85,15.42
2016-09-21,15.86,16.31,16.31,15.8
2016-09-22,16.5,16.28,16.6,16.17
2016-09-23,16.43,16.55,16.87,16.25
2016-09-26,16.6,15.74,16.6,15.72
2016-09-27,15.6,15.93,15.98,15.11
2016-09-28,15.88,15.91,16.1,15.6
2016-09-29,15.86,15.91,16.15,15.84
2016-09-30,15.62,15.92,16.1,15.62
2016-10-10,16.01,15.91,16.06,15.81
2016-10-11,15.98,16.35,16.43,15.92
2016-10-12,16.3,16.31,16.46,16.2
2016-10-13,16.29,16.37,16.4,16.25
2016-10-14,16.3,16.18,16.38,15.95
2016-10-17,16.18,15.52,16.19,15.4
2016-10-18,15.52,15.85,15.92,15.4
2016-10-19,15.78,15.72,15.9,15.68
2016-10-20,15.75,15.7,15.76,15.45
2016-10-21,15.7,15.55,15.75,15.45
2016-10-24,15.6,15.48,15.67,15.31
2016-10-25,15.5,15.6,15.66,15.5
2016-10-26,15.62,15.34,15.62,15.32
2016-10-27,15.32,15.71,15.9,15.32
2016-10-28,15.71,15.68,15.89,15.62
2016-10-31,15.62,15.5,15.7,15.44
2016-11-01,15.5,15.63,15.85,15.5
2016-11-02,15.66,15.59,15.76,15.56
2016-11-03,15.58,15.47,15.66,15.4
2016-11-04,15.36,15.29,15.53,15.16
2016-11-07,15.17,15.06,15.24,14.91
2016-11-08,15.08,15.22,15.24,15.08
2016-11-09,15.3,15.24,15.3,15.08
2016-11-10,15.34,16.0,16.0,15.3
2016-11-11,16.2,16.02,16.32,15.82
2016-11-14,16.07,16.06,16.53,15.85
2016-11-15,16.2,16.24,16.37,16.0
2016-11-16,16.16,16.2,16.3,16.13
2016-11-17,16.21,16.28,16.45,16.13
2016-11-18,16.22,16.3,16.47,16.22
2016-11-21,16.2,15.87,16.22,15.76
2016-11-22,15.87,15.77,15.97,15.7
2016-11-23,15.76,15.63,15.86,15.6
2016-11-24,15.63,15.46,15.7,15.31
2016-11-25,15.43,15.84,15.86,15.15
2016-11-28,15.85,15.52,15.88,15.5
2016-11-29,15.63,15.03,15.63,14.95
2016-11-30,15.03,15.07,15.26,14.93
2016-12-01,15.07,15.05,15.17,14.96
2016-12-02,15.11,15.43,15.8,14.98
2016-12-05,15.58,15.76,16.15,15.58
2016-12-06,15.9,15.67,15.9,15.6
2016-12-07,15.62,15.86,15.86,15.59
2016-12-08,15.95,16.13,16.25,15.86
2016-12-09,16.11,15.86,16.23,15.5
2016-12-12,15.82,15.07,15.89,15.07
2016-12-13,14.95,14.57,15.01,14.32
2016-12-14,14.73,14.69,15.1,14.56
2016-12-15,14.92,14.88,15.07,14.7
2016-12-16,14.9,14.93,15.07,14.7
2016-12-19,14.96,14.74,14.98,14.71
2016-12-20,14.71,14.83,14.9,14.64
2016-12-21,15.0,15.14,15.2,14.84
2016-12-22,15.09,15.05,15.1,14.93
2016-12-23,15.05,14.87,15.07,14.84
2016-12-26,14.75,14.41,14.75,14.16
2016-12-27,14.42,14.32,14.58,14.26
2016-12-28,14.25,14.32,14.42,14.25
2016-12-29,14.28,14.43,14.78,14.23
2016-12-30,15.15,15.15,15.15,15.02
2017-01-03,15.38,15.34,15.39,15.05
2017-01-04,15.38,15.28,15.38,15.21
2017-01-05,15.29,15.1,15.38,15.06
2017-01-06,15.11,14.73,15.2,14.7
2017-01-09,14.73,14.79,14.88,14.53
2017-01-10,14.88,14.67,14.88,14.6
2017-01-11,15.05,14.79,15.28,14.78
2017-01-12,14.79,14.59,14.94,14.58
2017-01-13,14.65,14.24,14.7,14.17
2017-01-16,14.25,13.53,14.41,13.53
2017-01-17,13.33,13.53,13.64,13.05
2017-01-18,13.45,13.41,13.58,13.35
2017-01-19,13.43,13.23,13.51,13.2
2017-01-20,13.21,13.55,13.85,13.14
2017-01-23,13.55,13.64,13.72,13.43
2017-01-24,13.64,13.65,13.8,13.64
2017-01-25,13.65,13.72,13.85,13.51
2017-01-26,13.14,13.53,13.66,13.14
2017-02-03,13.42,13.11,13.57,12.86
2017-02-06,13.12,13.11,13.2,12.93
2017-02-07,13.13,13.1,13.45,13.0
2017-02-08,13.1,13.13,13.17,13.06
2017-02-09,13.16,13.2,13.28,13.11
2017-02-10,13.02,12.91,13.15,12.83
2017-02-13,12.85,12.58,12.85,12.38
2017-02-14,12.59,12.56,12.68,12.49
2017-02-15,12.56,11.98,12.69,11.93
2017-02-16,11.95,12.58,12.58,11.93
2017-02-17,12.67,12.52,12.74,12.44
2017-02-20,12.3,12.39,12.6,12.23
2017-02-21,12.39,12.28,12.4,12.04
2017-02-22,12.3,12.34,12.45,12.25
2017-02-23,12.48,12.24,12.48,12.18
2017-02-24,12.26,12.29,12.32,12.13
2017-02-27,12.29,12.34,12.43,12.25
2017-02-28,12.34,12.36,12.44,12.27
2017-03-01,12.36,12.56,12.65,12.34
2017-03-02,12.65,12.51,12.69,12.38
2017-03-03,12.51,12.59,12.79,12.36
2017-03-06,12.73,12.77,12.84,12.6
2017-03-07,12.73,12.89,12.95,12.63
2017-03-08,12.81,12.6,12.87,12.59
2017-03-09,12.62,12.38,12.7,12.33
2017-03-10,12.37,12.46,12.55,12.26
2017-03-13,12.37,12.34,12.45,12.27
2017-03-14,12.36,12.58,12.63,12.33
2017-03-15,12.42,12.91,13.17,12.42
2017-03-16,13.0,12.91,13.04,12.89
2017-03-17,12.91,12.77,12.99,12.72
2017-03-20,13.41,13.41,13.41,13.41
2017-03-21,14.08,14.08,14.08,14.08
2017-03-22,14.78,14.78,14.78,14.78
2017-03-23,15.52,14.91,15.52,14.33
2017-03-24,14.95,15.49,15.6,14.81
2017-03-27,15.53,15.5,15.77,15.25
2017-03-28,15.63,15.25,15.63,15.2
2017-03-29,15.26,14.99,15.3,14.6
2017-03-30,14.91,14.72,15.04,14.64
2017-03-31,14.8,15.46,15.46,14.75
2017-04-05,15.6,15.31,15.83,15.21
2017-04-06,15.28,15.4,15.72,15.22
2017-04-07,15.35,14.88,15.41,14.82
2017-04-10,14.81,14.36,14.81,14.32
2017-04-11,14.37,14.39,14.68,14.2
2017-04-12,14.37,14.52,14.58,14.3
2017-04-13,14.52,14.51,14.79,14.44
2017-04-14,14.43,14.01,14.57,13.78
2017-04-17,14.09,13.7,14.29,13.45
2017-04-18,13.72,13.65,13.88,13.6
2017-04-19,13.52,13.49,13.66,13.2
2017-04-20,13.5,13.69,13.89,13.46
2017-04-21,13.6,13.7,13.86,13.56
2017-04-24,13.6,13.09,13.86,13.02
2017-04-25,13.14,13.0,13.28,12.99
2017-04-26,13.12,13.05,13.36,12.98
2017-04-27,13.2,12.42,13.2,12.4
2017-04-28,12.51,12.74,12.82,12.38
2017-05-02,12.73,12.72,12.88,12.3
2017-05-03,12.72,12.77,12.91,12.6
2017-05-04,12.8,12.78,12.89,12.62
2017-05-05,12.71,12.65,12.83,12.57
2017-05-08,12.7,12.04,12.7,12.02
2017-05-09,11.61,11.78,12.14,11.44
2017-05-10,11.72,11.37,11.85,11.36
2017-05-11,11.38,11.39,11.41,11.01
2017-05-12,11.39,11.43,11.48,11.21
2017-05-15,11.69,11.6,11.73,11.38
2017-05-16,11.6,11.67,11.75,11.34
2017-05-17,11.7,11.57,11.71,11.5
2017-05-18,11.4,11.32,11.43,11.0
2017-05-19,11.31,11.13,11.39,11.02
2017-05-22,11.07,10.57,11.22,10.57
2017-05-23,10.4,10.04,10.4,10.04
2017-05-24,9.75,9.54,9.75,9.54
2017-05-25,9.14,9.52,9.7,9.12
2017-05-26,9.44,9.2,9.57,9.05
2017-05-31,9.11,8.84,9.3,8.74
2017-06-01,8.85,9.28,9.28,8.76
2017-06-02,9.22,8.93,9.22,8.82
2017-06-07,9.27,9.38,9.38,9.04
2017-06-08,9.58,9.85,9.85,9.51
2017-06-09,10.32,10.34,10.34,10.15
2017-06-12,10.86,10.32,10.86,9.87
2017-06-13,10.12,10.36,10.49,10.04
2017-06-14,10.36,10.37,10.72,10.36
2017-06-15,10.55,10.35,10.55,10.23
2017-06-16,10.35,10.24,10.41,10.1
2017-06-19,10.25,10.18,10.28,9.78
2017-06-20,10.17,10.2,10.28,10.1
2017-06-21,10.3,10.4,10.47,10.26
2017-06-22,10.36,10.02,10.4,10.0
2017-06-23,10.1,10.06,10.15,9.89
2017-06-26,10.14,10.14,10.15,10.0
2017-06-27,10.28,10.18,10.28,10.13
2017-06-28,10.2,10.1,10.2,10.01
2017-06-29,10.1,10.31,10.49,10.03
2017-06-30,10.35,10.45,10.75,10.26
2017-07-03,10.37,10.5,10.58,10.21
2017-07-04,10.37,10.33,10.47,10.3
2017-07-05,10.28,10.21,10.39,10.11
2017-07-06,10.22,9.88,10.22,9.8
2017-07-07,9.76,9.83,9.89,9.39
2017-07-10,9.56,9.74,9.82,9.56
2017-07-11,9.75,9.57,9.89,9.52
2017-07-12,9.48,9.62,9.66,9.4
2017-07-13,9.62,9.32,9.7,9.29
2017-07-14,9.34,9.47,9.5,9.11
2017-07-17,9.38,9.0,9.44,9.0
2017-07-18,9.0,8.91,9.0,8.62
2017-07-19,8.76,9.06,9.1,8.7
2017-07-20,9.04,9.51,9.51,9.04
2017-07-21,9.68,9.6,9.85,9.52
2017-07-24,9.43,9.32,9.6,9.3
2017-07-25,9.3,9.14,9.39,9.05
2017-07-26,9.14,9.28,9.57,9.13
2017-07-27,9.32,9.24,9.32,9.05
2017-07-28,9.23,9.14,9.34,9.12
2017-07-31,9.0,9.0,9.14,8.9
2017-08-01,9.01,9.0,9.1,8.89
2017-08-02,9.0,8.83,9.0,8.79
2017-08-03,8.8,8.9,8.93,8.77
2017-08-04,8.89,8.85,8.9,8.81
2017-08-07,8.86,8.86,8.91,8.75
2017-08-08,8.85,8.86,8.87,8.78
2017-08-09,8.81,8.79,8.86,8.73
2017-08-10,8.76,8.41,8.79,8.35
2017-08-11,8.41,8.43,8.74,8.31
2017-08-14,8.42,8.52,8.56,8.41
2017-08-15,8.48,8.57,8.64,8.48
2017-08-16,8.55,8.59,8.6,8.5
2017-08-17,8.6,8.75,8.87,8.52
2017-08-18,8.75,8.91,8.96,8.71
2017-08-21,8.98,8.89,9.01,8.82
2017-08-22,8.89,8.79,8.89,8.78
2017-08-23,8.77,8.88,9.02,8.72
2017-08-24,8.92,9.22,9.32,8.84
2017-08-25,9.16,9.21,9.3,9.15
2017-08-28,9.17,9.25,9.33,9.12
2017-08-29,9.26,9.17,9.29,9.16
2017-08-30,9.15,9.09,9.3,9.07
2017-08-31,9.1,9.14,9.27,9.03
2017-09-01,9.12,9.03,9.18,9.01
2017-09-04,9.07,8.95,9.13,8.94
2017-09-05,9.0,9.38,9.4,8.96
2017-09-06,9.22,9.36,9.37,9.12
2017-09-07,9.27,9.4,9.66,9.25
2017-09-08,9.52,9.39,9.52,9.26
2017-09-11,9.39,9.42,9.44,9.3
2017-09-12,9.49,9.41,9.49,9.33
2017-09-13,9.4,9.46,9.67,9.33
2017-09-14,9.45,9.39,9.52,9.35
2017-09-15,9.37,9.33,9.41,9.29
2017-09-18,9.4,9.42,9.46,9.21
2017-09-19,9.47,9.37,9.48,9.3
2017-09-20,9.28,9.36,9.41,9.26
2017-09-21,9.31,8.89,9.34,8.89
2017-09-22,8.9,8.9,9.06,8.74
2017-09-25,8.9,8.68,8.9,8.52
2017-09-26,8.67,8.58,8.67,8.5
2017-09-27,8.56,8.63,8.65,8.51
2017-09-28,8.63,8.47,8.63,8.42
2017-09-29,8.46,8.5,8.56,8.3
2017-10-09,8.52,8.5,8.57,8.4
2017-10-10,8.5,8.57,8.59,8.47
2017-10-11,8.56,8.6,8.64,8.53
2017-10-12,8.58,8.59,8.61,8.51
2017-10-13,8.59,8.53,8.6,8.46
2017-10-16,8.5,8.29,8.54,8.11
2017-10-17,8.27,8.1,8.29,8.0
2017-10-18,8.05,7.97,8.18,7.95
2017-10-19,7.97,8.06,8.16,7.88
2017-10-20,8.06,8.25,8.27,7.92
2017-10-23,8.3,8.66,8.66,8.25
2017-10-24,8.98,8.71,8.98,8.6
2017-10-25,8.7,8.7,8.8,8.56
2017-10-26,8.7,8.7,8.76,8.62
2017-10-27,8.7,8.68,8.74,8.55
2017-10-30,8.52,8.32,8.66,8.25
2017-10-31,8.28,8.28,8.3,8.08
2017-11-01,8.69,8.69,8.69,8.69
2017-11-02,9.12,9.12,9.12,8.91
2017-11-03,9.0,9.07,9.39,8.9
2017-11-06,9.07,9.51,9.52,8.88
2017-11-07,9.5,9.52,9.75,9.39
2017-11-08,9.46,9.51,9.7,9.42
2017-11-09,9.51,9.42,9.52,9.22
2017-11-10,9.43,9.51,9.54,9.3
2017-11-13,9.46,9.41,9.53,9.25
2017-11-14,9.41,9.35,9.47,9.03
2017-11-15,9.3,9.29,9.33,9.17
2017-11-16,9.2,9.26,9.27,9.1
2017-11-17,9.37,8.91,9.38,8.86
2017-11-20,8.88,8.65,8.93,8.47
2017-11-21,8.59,9.08,9.08,8.49
2017-11-22,9.08,9.15,9.5,9.01
2017-11-23,9.15,9.23,9.55,9.01
2017-11-24,9.25,9.23,9.37,9.11
2017-11-27,9.22,9.03,9.29,8.91
2017-11-28,9.4,9.48,9.48,9.21
2017-11-29,9.78,9.33,9.78,9.3
2017-11-30,9.31,9.14,9.31,9.09
2017-12-01,9.14,9.21,9.22,9.05
2017-12-04,9.65,9.16,9.65,9.12
2017-12-05,9.16,8.99,9.17,8.88
2017-12-06,8.99,9.24,9.26,8.82
2017-12-07,9.13,9.15,9.34,9.03
2017-12-08,9.2,9.25,9.27,9.12
2017-12-11,9.12,9.29,9.31,9.12
2017-12-12,9.21,9.24,9.32,9.18
2017-12-13,9.16,9.23,9.29,9.09
2017-12-14,9.2,9.35,9.43,9.17
2017-12-15,9.35,9.41,9.46,9.3
2017-12-18,9.4,9.3,9.51,9.24
2017-12-19,9.23,9.29,9.38,9.21
2017-12-20,9.27,9.27,9.34,9.16
2017-12-21,9.29,9.25,9.32,9.17
2017-12-22,9.27,9.14,9.27,9.08
2017-12-25,9.17,8.93,9.17,8.72
2017-12-26,8.86,8.67,8.91,8.5
2017-12-27,8.67,8.64,8.67,8.3
2017-12-28,8.62,8.61,8.72,8.46
2017-12-29,9.04,9.04,9.04,8.66
2018-01-02,9.05,8.89,9.13,8.82
2018-01-03,8.89,9.02,9.18,8.82
2018-01-04,9.07,9.01,9.17,8.95
2018-01-05,9.01,8.99,9.06,8.89
2018-01-08,8.9,8.84,8.9,8.72
2018-01-09,8.87,8.92,8.95,8.73
2018-01-10,8.93,8.78,8.93,8.73
2018-01-11,8.73,8.68,8.78,8.55
2018-01-12,8.86,8.81,8.97,8.75
2018-01-15,8.74,8.73,8.85,8.5
2018-01-16,8.7,8.66,8.7,8.54
2018-01-17,8.61,8.71,8.72,8.5
2018-01-18,8.58,8.66,8.76,8.49
2018-01-19,8.55,8.68,8.73,8.55
2018-01-22,8.6,8.59,8.7,8.5
2018-01-23,8.53,8.51,8.56,8.47
2018-01-24,8.49,8.48,8.52,8.33
2018-01-25,8.43,8.37,8.46,8.3
2018-01-26,8.31,8.37,8.49,8.28
2018-01-29,8.42,8.59,8.75,8.28
2018-01-30,8.59,8.55,8.64,8.51
2018-01-31,8.13,8.12,8.21,8.12
2018-02-01,7.87,7.71,8.0,7.71
2018-02-02,7.32,7.32,7.5,7.32
2018-02-05,6.98,6.96,7.2,6.95
2018-02-06,6.65,6.61,6.81,6.61
2018-02-07,6.43,6.28,6.59,6.28
2018-02-08,6.01,6.35,6.54,5.97
2018-02-09,6.05,6.06,6.2,6.03
2018-02-12,6.14,6.33,6.36,6.06
2018-02-13,6.42,6.39,6.58,6.21
2018-02-14,6.71,6.71,6.71,6.71
2018-02-22,6.89,7.05,7.05,6.79
2018-02-23,7.12,7.4,7.4,7.05
2018-02-26,7.71,7.77,7.77,7.71
2018-02-27,8.16,8.16,8.16,8.16
2018-03-01,8.5,8.4,8.57,7.77
2018-03-02,8.48,7.98,8.56,7.98
2018-03-05,7.77,8.1,8.12,7.77
2018-03-06,8.1,8.51,8.51,8.02
2018-03-07,8.58,8.54,8.94,8.49
2018-03-08,8.28,8.43,8.6,8.28
2018-03-09,8.4,8.54,8.84,8.32
2018-03-12,8.6,8.62,8.85,8.43
2018-03-13,8.5,8.41,8.73,8.38
2018-03-14,8.41,8.05,8.5,7.99
2018-03-15,8.26,8.45,8.45,8.12
2018-03-16,8.43,8.33,8.56,8.24
2018-03-19,8.31,8.05,8.36,8.02
2018-03-20,7.93,8.02,8.05,7.84
2018-03-21,7.98,7.87,8.18,7.84
2018-03-22,7.83,7.85,8.14,7.8
2018-03-23,7.6,7.46,7.73,7.46
2018-03-26,7.28,7.11,7.38,7.09
2018-03-27,7.18,7.03,7.34,6.96
2018-03-28,7.08,7.1,7.21,6.96
2018-03-29,7.28,7.46,7.46,7.11
2018-03-30,7.58,7.62,7.83,7.47
2018-04-02,7.54,7.41,7.62,7.4
2018-04-03,7.35,7.78,7.78,7.12
2018-04-04,7.83,7.85,8.15,7.73
2018-04-09,7.84,7.83,7.88,7.6
2018-04-10,7.83,7.57,7.93,7.45
2018-04-11,7.64,7.54,7.65,7.52
2018-04-12,7.55,7.32,7.55,7.28
2018-04-13,7.33,7.69,7.69,7.33
2018-04-16,7.7,7.39,7.76,7.35
2018-04-17,7.42,7.43,7.58,7.39
2018-04-18,7.48,7.49,7.57,7.26
2018-04-19,7.42,7.51,7.57,7.42
2018-04-20,7.5,7.34,7.5,7.26
2018-04-23,7.45,7.39,7.47,7.31
2018-04-24,7.37,7.65,7.7,7.37
2018-04-25,7.63,7.57,7.64,7.51
2018-04-26,7.52,7.55,7.76,7.52
2018-04-27,7.57,7.55,7.6,7.47
2018-05-03,7.17,7.24,7.53,7.17
2018-05-04,7.26,7.3,7.46,7.26
2018-05-07,7.3,7.38,7.43,7.22
2018-05-08,7.4,7.75,7.75,7.4
2018-05-09,7.79,7.61,7.79,7.58
2018-05-10,7.56,7.63,7.68,7.55
2018-05-11,7.63,7.63,7.64,7.52
2018-05-14,7.6,7.33,7.6,7.29
2018-05-15,7.31,7.4,7.53,7.3
2018-05-16,7.37,7.41,7.47,7.32
2018-05-17,7.45,7.31,7.45,7.28
2018-05-18,7.34,7.27,7.39,7.25
2018-05-21,7.37,7.46,7.63,7.29
2018-05-22,7.5,7.33,7.5,7.28
2018-05-23,7.3,7.16,7.3,7.13
2018-05-24,7.17,7.16,7.28,7.14
2018-05-25,7.13,7.08,7.18,7.0
