date,open,close,high,low
2016-01-04,8.25,7.4,8.29,7.4
2016-01-05,7.1,7.06,7.3,6.66
2016-01-06,7.08,7.15,7.19,6.99
2016-01-07,7.01,6.46,7.04,6.45
2016-01-08,6.64,6.45,6.69,6.08
2016-01-11,6.41,5.82,6.41,5.81
2016-01-12,5.86,5.99,6.04,5.67
2016-01-13,6.01,5.7,6.09,5.6
2016-01-14,5.5,5.99,6.0,5.5
2016-01-15,6.0,5.8,6.14,5.75
2016-01-18,5.66,5.9,6.02,5.6
2016-01-19,5.91,6.17,6.22,5.9
2016-01-20,6.15,6.03,6.22,5.89
2016-01-21,5.93,5.76,6.1,5.75
2016-01-22,5.88,5.91,5.93,5.71
2016-01-25,5.98,5.99,6.08,5.9
2016-01-26,5.9,5.41,5.94,5.39
2016-01-27,5.49,5.39,5.52,5.01
2016-01-28,5.3,5.07,5.42,5.03
2016-01-29,5.12,5.3,5.36,5.08
2016-02-01,5.24,5.18,5.36,5.1
2016-02-02,5.2,5.39,5.41,5.2
2016-02-03,5.31,5.4,5.44,5.28
2016-02-04,5.42,5.52,5.56,5.4
2016-02-05,5.53,5.42,5.62,5.38
2016-02-15,5.16,5.42,5.45,5.12
2016-02-16,5.43,5.68,5.69,5.39
2016-02-17,5.64,5.78,5.8,5.59
2016-02-18,5.79,5.72,5.84,5.69
2016-02-19,5.74,5.76,5.83,5.7
2016-03-07,5.76,6.34,6.34,5.75
2016-03-08,6.45,6.35,6.59,6.0
2016-03-09,6.11,6.03,6.23,6.02
2016-03-10,6.05,5.82,6.16,5.81
2016-03-11,5.82,5.72,5.82,5.65
2016-03-14,5.8,5.93,6.03,5.79
2016-03-15,5.98,6.0,6.19,5.9
2016-03-16,6.07,5.96,6.1,5.83
2016-03-17,5.96,6.11,6.12,5.96
2016-03-18,6.14,6.49,6.56,6.08
2016-03-21,6.66,6.59,6.85,6.48
2016-03-22,6.5,7.25,7.25,6.4
2016-03-23,7.98,7.29,7.98,7.26
2016-03-24,7.1,6.96,7.39,6.95
2016-03-25,6.91,6.77,6.93,6.66
2016-03-28,6.82,6.79,6.91,6.71
2016-03-29,6.8,6.59,6.84,6.47
2016-03-30,6.62,6.79,6.83,6.61
2016-03-31,6.76,6.66,6.86,6.57
2016-04-01,6.61,6.57,6.65,6.44
2016-04-05,6.58,6.74,6.76,6.56
2016-04-06,6.69,6.72,6.78,6.65
2016-04-07,6.83,6.73,6.9,6.7
2016-04-08,6.6,6.47,6.62,6.4
2016-04-11,6.55,6.71,6.77,6.5
2016-04-12,6.64,6.65,6.72,6.48
2016-04-13,6.69,6.93,7.03,6.68
2016-04-14,6.9,6.8,6.9,6.72
2016-04-15,6.78,6.75,6.81,6.7
2016-04-18,6.69,6.64,6.69,6.55
2016-04-19,6.65,6.65,6.69,6.56
2016-04-20,6.66,6.18,6.69,6.05
2016-04-21,6.1,6.15,6.35,6.1
2016-04-22,6.12,6.25,6.27,6.07
2016-04-25,6.16,6.35,6.37,6.06
2016-04-26,6.33,6.39,6.39,6.27
2016-04-27,6.41,6.37,6.43,6.34
2016-04-28,6.35,6.52,6.6,6.14
2016-04-29,6.48,6.58,6.7,6.44
2016-05-03,6.6,6.78,6.8,6.6
2016-05-04,6.72,6.81,6.9,6.64
2016-05-05,6.79,6.76,6.99,6.72
2016-05-06,6.76,6.33,6.85,6.3
2016-05-09,6.28,6.28,6.3,6.08
2016-05-10,6.2,6.33,6.43,6.2
2016-05-11,6.34,6.33,6.45,6.22
2016-05-12,6.24,6.43,6.5,6.12
2016-05-13,6.36,6.47,6.58,6.31
2016-05-16,6.41,6.75,6.78,6.34
2016-05-17,6.7,6.59,6.85,6.52
2016-05-18,6.51,6.42,6.58,6.15
2016-05-19,6.38,6.72,6.76,6.3
2016-05-20,6.65,6.68,6.72,6.5
2016-05-23,6.64,6.75,6.77,6.6
2016-05-24,6.7,6.52,6.72,6.41
2016-05-25,6.57,6.42,6.68,6.38
2016-05-26,6.34,6.41,6.43,6.11
2016-05-27,6.38,6.31,6.42,6.3
2016-05-30,6.25,6.24,6.35,6.21
2016-05-31,6.22,6.46,6.49,6.22
2016-06-01,6.46,6.55,6.62,6.4
2016-06-02,6.55,6.74,6.75,6.51
2016-06-03,6.7,6.64,6.78,6.63
2016-06-06,6.67,6.89,6.92,6.63
2016-06-07,6.84,6.76,6.88,6.73
2016-06-08,6.75,6.81,6.98,6.6
2016-06-13,6.7,6.62,7.04,6.6
2016-06-14,6.64,6.51,6.7,6.32
2016-06-15,6.38,6.88,6.99,6.36
2016-06-16,6.8,7.16,7.17,6.8
2016-06-17,7.09,7.11,7.2,6.96
2016-06-20,7.09,7.13,7.3,7.06
2016-06-21,7.13,6.92,7.17,6.8
2016-06-22,6.88,7.06,7.07,6.85
2016-06-23,7.01,6.83,7.07,6.77
2016-06-24,6.83,6.82,6.95,6.6
2016-06-27,6.75,6.96,6.99,6.73
2016-06-28,6.92,7.06,7.1,6.83
2016-06-29,7.07,6.99,7.08,6.98
2016-06-30,7.0,7.05,7.14,6.99
2016-07-01,7.05,7.11,7.35,7.02
2016-07-04,7.03,7.18,7.23,6.99
2016-07-05,7.16,7.24,7.29,7.13
2016-07-06,7.24,7.25,7.3,7.16
2016-07-07,7.22,7.16,7.33,7.11
2016-07-08,7.16,7.17,7.23,7.11
2016-07-11,7.16,7.14,7.23,7.13
2016-07-12,7.12,7.15,7.19,6.93
2016-07-13,7.15,7.18,7.23,7.12
2016-07-14,7.17,7.22,7.23,7.14
2016-07-15,7.22,7.25,7.36,7.2
2016-07-18,7.28,7.12,7.28,7.08
2016-07-19,7.1,7.14,7.16,7.02
2016-07-20,7.13,7.17,7.24,7.1
2016-07-21,7.28,7.47,7.86,7.26
2016-07-22,7.49,7.41,7.54,7.31
2016-07-25,7.36,7.63,7.68,7.31
2016-07-26,7.58,7.68,7.69,7.53
2016-07-27,7.68,7.05,7.68,6.97
2016-07-28,7.07,6.99,7.12,6.87
2016-07-29,6.97,7.03,7.15,6.95
2016-08-01,6.99,7.1,7.14,6.88
2016-08-02,7.07,7.19,7.2,7.06
2016-08-03,7.19,7.17,7.25,7.09
2016-08-04,7.15,7.38,7.39,7.15
2016-08-05,7.36,7.41,7.56,7.33
2016-08-08,7.27,7.48,7.59,7.27
2016-08-09,7.48,7.49,7.58,7.42
2016-08-10,7.55,7.47,7.77,7.46
2016-08-11,7.56,7.52,7.71,7.47
2016-08-12,7.47,7.5,7.58,7.35
2016-08-15,7.46,7.63,7.66,7.35
2016-08-16,7.62,7.78,7.9,7.54
2016-08-17,7.8,7.89,7.95,7.64
2016-08-18,8.15,7.76,8.16,7.72
2016-08-19,7.79,7.96,8.05,7.66
2016-08-22,8.01,8.21,8.35,7.89
2016-08-23,8.17,8.12,8.28,8.0
2016-08-24,8.12,8.14,8.26,8.01
2016-08-25,8.14,8.06,8.14,7.93
2016-08-26,8.07,8.01,8.15,7.99
2016-08-29,8.03,7.84,8.04,7.72
2016-08-30,7.84,7.75,7.88,7.7
2016-08-31,7.68,7.76,7.84,7.66
2016-09-01,7.77,7.78,7.83,7.7
2016-09-02,7.8,7.71,7.8,7.48
2016-09-05,7.66,7.63,7.75,7.6
2016-09-06,7.61,7.91,8.04,7.59
2016-09-07,7.88,8.01,8.22,7.85
2016-09-08,8.04,8.06,8.15,7.92
2016-09-09,8.02,8.06,8.19,7.89
2016-09-12,7.89,7.89,8.05,7.76
2016-09-13,7.9,8.21,8.24,7.87
2016-09-14,8.13,8.16,8.3,8.1
2016-09-19,8.16,8.16,8.19,8.06
2016-09-20,8.15,8.07,8.16,7.9
2016-09-21,8.03,7.94,8.18,7.85
2016-09-22,7.99,7.76,8.07,7.73
2016-09-23,7.82,7.97,7.99,7.74
2016-09-26,8.04,7.69,8.04,7.65
2016-09-27,7.78,8.06,8.07,7.65
2016-09-28,8.09,8.01,8.14,7.99
2016-09-29,8.1,7.95,8.15,7.91
2016-09-30,7.9,7.9,8.02,7.85
2016-10-10,7.96,8.19,8.24,7.85
2016-10-11,8.25,8.19,8.25,8.09
2016-10-12,8.19,8.16,8.2,8.07
2016-10-13,8.19,8.18,8.24,8.12
2016-10-14,8.2,8.04,8.21,7.96
2016-10-17,8.02,7.86,8.06,7.8
2016-10-18,7.88,8.0,8.01,7.84
2016-10-19,8.02,7.94,8.03,7.88
2016-10-20,7.9,7.93,7.97,7.86
2016-10-21,7.94,8.02,8.06,7.78
2016-10-24,8.0,8.0,8.04,7.96
2016-10-25,8.02,7.88,8.03,7.87
2016-10-26,7.89,7.89,7.92,7.82
2016-10-27,7.88,7.88,7.88,7.81
2016-10-28,7.88,7.76,7.88,7.75
2016-10-31,7.79,7.62,7.79,7.58
2016-11-01,7.65,7.75,7.78,7.62
2016-11-02,7.77,7.64,7.77,7.55
2016-11-03,7.64,7.66,7.7,7.58
2016-11-04,7.62,7.64,7.7,7.56
2016-11-07,7.6,7.75,7.82,7.58
2016-11-08,7.81,7.77,7.81,7.73
2016-11-09,7.84,7.75,7.85,7.69
2016-11-10,7.8,7.91,7.92,7.75
2016-11-11,8.0,7.95,8.01,7.92
2016-11-14,7.98,8.09,8.15,7.95
2016-11-15,8.1,8.06,8.12,7.99
2016-11-16,8.1,8.08,8.11,8.0
2016-11-17,8.05,7.99,8.05,7.93
2016-11-18,8.06,7.87,8.06,7.86
2016-11-21,7.89,7.88,7.95,7.82
2016-11-22,7.88,8.02,8.02,7.84
2016-11-23,8.02,7.87,8.03,7.86
2016-11-24,7.87,7.95,8.03,7.84
2016-11-25,7.92,8.02,8.08,7.77
2016-11-28,8.03,8.01,8.1,7.94
2016-11-29,7.96,7.94,8.12,7.88
2016-11-30,7.89,7.83,7.95,7.78
2016-12-01,7.84,7.78,7.89,7.73
2016-12-02,7.79,7.67,7.81,7.64
2016-12-05,7.64,7.66,7.75,7.58
2016-12-06,7.66,7.97,7.98,7.66
2016-12-07,7.94,8.0,8.04,7.89
2016-12-08,7.99,8.07,8.28,7.93
2016-12-09,8.13,8.01,8.25,8.0
2016-12-12,7.98,7.61,8.03,7.59
2016-12-13,7.69,7.7,7.76,7.58
2016-12-14,7.68,7.7,7.78,7.62
2016-12-15,7.69,7.87,7.89,7.69
2016-12-16,7.9,7.97,8.07,7.84
2016-12-19,7.99,8.1,8.16,7.93
2016-12-20,8.05,8.18,8.23,7.95
2016-12-21,8.19,8.14,8.23,8.05
2016-12-22,8.13,8.28,8.34,8.06
2016-12-23,8.31,8.01,8.33,8.0
2016-12-26,8.01,8.26,8.28,7.92
2016-12-27,8.25,8.28,8.48,8.18
2016-12-28,8.19,8.12,8.3,8.1
2016-12-29,8.12,8.03,8.15,7.99
2016-12-30,8.05,8.04,8.11,8.0
2017-01-03,8.14,7.99,8.16,7.93
2017-01-04,8.0,8.51,8.67,7.93
2017-01-05,8.36,8.49,8.6,8.36
2017-01-06,8.41,8.49,8.57,8.35
2017-01-09,8.5,8.53,8.74,8.45
2017-01-10,8.54,8.31,8.54,8.3
2017-01-11,8.3,8.47,8.61,8.23
2017-01-12,8.44,8.58,8.69,8.33
2017-01-13,8.55,8.11,8.61,8.02
2017-01-16,8.13,7.66,8.14,7.3
2017-01-17,7.42,7.49,7.59,7.15
2017-01-18,7.55,7.49,7.63,7.45
2017-01-19,7.5,7.43,7.55,7.39
2017-01-20,7.42,7.57,7.59,7.4
2017-01-23,7.58,7.59,7.63,7.48
2017-01-24,7.58,7.57,7.63,7.51
2017-01-25,7.55,7.59,7.63,7.54
2017-01-26,7.6,7.63,7.65,7.55
2017-02-03,7.65,7.55,7.65,7.5
2017-02-06,7.55,7.59,7.6,7.51
2017-02-07,7.57,7.6,7.63,7.54
2017-02-08,7.67,7.76,7.85,7.64
2017-02-09,7.72,7.81,7.81,7.68
2017-02-10,7.78,7.8,7.94,7.75
2017-02-13,7.86,7.81,7.91,7.76
2017-02-14,7.78,7.81,7.85,7.74
2017-02-15,7.81,7.65,7.81,7.63
2017-02-16,7.69,7.67,7.71,7.6
2017-02-17,7.63,7.64,7.72,7.61
2017-02-20,7.65,7.84,7.86,7.65
2017-02-21,7.8,7.83,7.86,7.75
2017-02-22,7.85,7.88,7.89,7.78
2017-02-23,7.85,7.79,7.88,7.72
2017-02-24,7.75,7.95,7.97,7.75
2017-02-27,7.93,7.8,7.97,7.77
2017-02-28,7.84,7.85,7.86,7.77
2017-03-01,7.82,7.83,7.89,7.77
2017-03-02,7.84,7.7,7.85,7.69
2017-03-03,7.68,7.67,7.69,7.61
2017-03-06,7.67,7.76,7.77,7.67
2017-03-07,7.75,7.73,7.75,7.68
2017-03-08,7.74,7.63,7.74,7.61
2017-03-09,7.61,7.63,7.67,7.58
2017-03-10,7.63,7.58,7.65,7.57
2017-03-13,7.58,7.6,7.6,7.46
2017-03-14,7.58,7.56,7.62,7.47
2017-03-15,7.55,7.67,7.68,7.47
2017-03-16,7.68,7.69,7.71,7.6
2017-03-17,7.69,7.54,7.69,7.52
2017-03-20,7.55,7.53,7.58,7.45
2017-03-21,7.5,7.53,7.56,7.49
2017-03-22,7.51,7.42,7.51,7.32
2017-03-23,7.41,7.34,7.43,7.29
2017-03-24,7.35,7.38,7.4,7.29
2017-03-27,7.38,7.36,7.41,7.35
2017-03-28,7.39,7.34,7.41,7.31
2017-03-29,7.33,7.33,7.4,7.31
2017-03-30,7.31,7.18,7.34,7.16
2017-03-31,7.18,7.2,7.22,7.12
2017-04-05,7.2,7.33,7.34,7.19
2017-04-06,7.33,7.27,7.34,7.25
2017-04-07,7.27,7.22,7.28,7.21
2017-04-10,7.22,7.08,7.23,7.06
2017-04-11,7.08,7.15,7.16,7.06
2017-04-12,7.14,7.1,7.17,7.08
2017-04-13,7.13,7.15,7.16,7.09
2017-04-14,7.15,6.84,7.15,6.8
2017-04-17,6.87,6.88,6.99,6.84
2017-04-18,6.88,6.71,6.89,6.66
2017-04-19,6.69,6.54,6.72,6.31
2017-04-20,6.5,6.43,6.55,6.37
2017-04-21,6.44,6.38,6.45,6.27
2017-04-24,6.36,5.99,6.4,5.97
2017-04-25,6.0,6.01,6.1,6.0
2017-04-26,6.04,6.03,6.09,5.98
2017-04-27,6.02,6.29,6.33,5.82
2017-04-28,6.22,6.23,6.29,6.18
2017-05-02,6.23,6.26,6.32,6.21
2017-05-03,6.29,6.26,6.29,6.19
2017-05-04,6.23,6.27,6.33,6.18
2017-05-05,6.27,6.2,6.27,6.17
2017-05-08,6.15,6.02,6.17,6.0
2017-05-09,6.09,6.08,6.14,5.99
2017-05-10,6.04,5.99,6.1,5.98
2017-05-11,5.91,5.83,5.95,5.66
2017-05-12,5.79,5.84,5.92,5.77
2017-05-15,5.82,5.87,5.95,5.75
2017-05-16,5.87,5.99,6.0,5.82
2017-05-17,6.0,5.98,6.05,5.95
2017-05-18,5.95,5.94,6.03,5.9
2017-05-19,5.95,5.94,5.96,5.9
2017-05-22,5.94,5.78,5.97,5.76
2017-05-23,5.77,5.52,5.79,5.5
2017-05-24,5.5,5.52,5.55,5.33
2017-05-25,5.49,5.58,5.63,5.39
2017-05-26,5.56,5.57,5.64,5.53
2017-05-31,5.61,5.56,5.71,5.55
2017-06-01,5.55,5.37,5.59,5.3
2017-06-02,5.31,5.41,5.43,5.2
2017-06-05,5.4,5.44,5.47,5.39
2017-06-06,5.41,5.59,5.65,5.4
2017-06-07,5.53,5.69,5.7,5.53
2017-06-08,5.7,5.64,5.72,5.63
2017-06-09,5.66,5.67,5.7,5.61
2017-06-12,5.65,5.53,5.65,5.51
2017-06-13,5.53,5.67,5.69,5.53
2017-06-14,5.63,5.67,5.7,5.63
2017-06-15,5.66,5.76,5.79,5.66
2017-06-16,5.77,5.81,5.92,5.75
2017-06-19,5.81,5.9,5.93,5.79
2017-06-20,5.88,5.86,5.93,5.83
2017-06-21,5.87,5.85,5.89,5.77
2017-06-22,5.86,5.72,5.87,5.72
2017-06-23,5.73,5.68,5.78,5.58
2017-06-26,5.68,5.93,6.18,5.66
2017-06-27,5.9,5.9,5.93,5.84
2017-06-28,5.9,5.79,5.9,5.77
2017-06-29,5.78,5.82,5.83,5.77
2017-06-30,5.81,5.81,5.82,5.76
2017-07-03,5.81,5.83,5.84,5.77
2017-07-04,5.83,6.02,6.1,5.81
2017-07-05,6.03,6.39,6.48,5.95
2017-07-06,6.32,6.36,6.37,6.22
2017-07-07,6.31,6.26,6.32,6.19
2017-07-10,6.27,6.37,6.68,6.27
2017-07-11,6.3,6.18,6.37,6.17
2017-07-12,6.15,6.2,6.29,6.04
2017-07-13,6.2,6.25,6.27,6.16
2017-07-14,6.25,6.18,6.25,6.1
2017-07-17,6.11,5.77,6.19,5.73
2017-07-18,5.78,5.86,5.88,5.71
2017-07-19,5.85,6.03,6.05,5.83
2017-07-20,6.0,6.07,6.08,5.97
2017-07-21,6.06,6.07,6.12,6.0
2017-07-24,6.06,6.19,6.22,6.03
2017-07-25,6.25,6.09,6.25,6.05
2017-07-26,6.09,6.09,6.11,5.94
2017-07-27,6.05,6.11,6.14,5.99
2017-07-28,6.1,6.14,6.17,6.05
2017-07-31,6.12,6.2,6.21,6.08
2017-08-01,6.21,6.13,6.21,6.09
2017-08-02,6.11,6.0,6.13,5.98
2017-08-03,6.0,6.07,6.12,5.9
2017-08-04,6.21,6.18,6.38,6.14
2017-08-07,6.1,6.13,6.14,6.02
2017-08-08,6.13,6.12,6.18,6.08
2017-08-09,6.12,6.11,6.13,6.05
2017-08-10,6.11,6.03,6.11,5.97
2017-08-11,5.98,5.81,6.01,5.8
2017-08-14,5.8,5.92,5.95,5.79
2017-08-15,5.91,5.92,5.94,5.89
2017-08-16,5.93,5.96,5.99,5.91
2017-08-17,5.97,6.03,6.04,5.97
2017-08-18,5.98,5.92,5.98,5.87
2017-08-21,5.93,6.02,6.03,5.92
2017-08-22,6.02,5.95,6.03,5.93
2017-08-23,5.95,5.93,5.95,5.87
2017-08-24,5.92,5.88,5.93,5.79
2017-08-25,5.89,5.95,5.97,5.87
2017-08-28,5.99,6.0,6.01,5.92
2017-08-29,5.99,5.96,6.0,5.93
2017-08-30,5.93,5.95,5.97,5.93
2017-08-31,5.93,5.93,5.95,5.85
2017-09-01,5.9,5.96,5.97,5.87
2017-09-04,5.94,5.98,5.99,5.91
2017-09-05,5.98,6.04,6.07,5.96
2017-09-06,6.03,6.05,6.06,5.98
2017-09-07,6.05,6.01,6.13,6.0
2017-09-08,6.01,6.04,6.09,5.99
2017-09-11,6.06,6.19,6.21,6.04
2017-09-12,6.19,6.23,6.45,6.13
2017-09-13,6.17,6.26,6.3,6.15
2017-09-14,6.23,6.19,6.29,6.14
2017-09-15,6.14,6.15,6.2,6.11
2017-09-18,6.17,6.16,6.18,6.12
2017-09-19,6.17,6.13,6.21,6.1
2017-09-20,6.14,6.17,6.18,6.08
2017-09-21,6.18,6.12,6.25,6.11
2017-09-22,6.12,5.99,6.13,5.96
2017-09-25,5.95,5.89,6.04,5.85
2017-09-26,5.9,5.89,5.92,5.83
2017-09-27,5.89,5.95,5.97,5.89
2017-09-28,5.95,5.89,5.99,5.88
2017-09-29,5.88,5.84,5.93,5.82
2017-10-09,5.93,5.97,5.98,5.89
2017-10-10,5.98,6.01,6.02,5.91
2017-10-11,6.02,6.11,6.13,5.98
2017-10-12,6.1,6.02,6.11,6.01
2017-10-13,6.02,6.05,6.06,5.99
2017-10-16,6.05,5.96,6.05,5.91
2017-10-17,5.94,5.96,6.0,5.91
2017-10-18,5.96,6.01,6.12,5.94
2017-10-19,6.0,5.87,6.0,5.82
2017-10-20,5.89,5.9,5.91,5.82
2017-10-23,5.91,5.91,5.91,5.85
2017-10-24,5.88,5.89,5.92,5.85
2017-10-25,5.88,5.92,5.94,5.86
2017-10-26,5.91,5.96,6.0,5.88
2017-10-27,5.95,5.86,5.95,5.85
2017-10-30,5.86,5.69,5.87,5.64
2017-10-31,5.67,5.63,5.7,5.57
2017-11-01,5.63,5.54,5.68,5.54
2017-11-02,5.56,5.43,5.57,5.42
2017-11-03,5.41,5.43,5.44,5.36
2017-11-06,5.44,5.46,5.47,5.39
2017-11-07,5.47,5.51,5.53,5.46
2017-11-08,5.48,5.5,5.57,5.48
2017-11-09,5.49,5.56,5.56,5.44
2017-11-10,5.49,5.65,5.68,5.47
2017-11-13,5.59,5.62,5.68,5.49
2017-11-14,5.59,5.53,5.63,5.51
2017-11-15,5.55,5.52,5.6,5.5
2017-11-16,5.52,5.51,5.54,5.47
2017-11-17,5.54,5.26,5.54,5.22
2017-11-20,5.25,5.21,5.26,5.12
2017-11-21,5.2,5.19,5.26,5.16
2017-11-22,5.19,5.19,5.22,5.13
2017-11-23,5.2,5.12,5.2,5.06
2017-11-24,5.1,5.03,5.12,5.0
2017-11-27,5.03,4.97,5.04,4.96
2017-11-28,4.99,5.03,5.05,4.98
2017-11-29,5.01,5.04,5.05,4.96
2017-11-30,5.03,4.96,5.04,4.9
2017-12-01,4.93,4.98,5.0,4.92
2017-12-04,4.97,4.93,5.0,4.92
2017-12-05,4.91,4.84,4.97,4.81
2017-12-06,4.84,4.85,4.9,4.71
2017-12-07,4.82,4.82,4.84,4.78
2017-12-08,4.81,4.93,4.93,4.78
2017-12-11,4.92,4.94,4.96,4.89
2017-12-12,4.93,4.84,4.94,4.83
2017-12-13,4.85,4.87,4.88,4.82
2017-12-14,4.87,4.93,4.93,4.83
2017-12-15,4.93,5.01,5.04,4.88
2017-12-18,5.01,5.02,5.09,4.97
2017-12-19,5.03,5.06,5.08,5.0
2017-12-20,5.09,5.09,5.23,5.06
2017-12-21,5.06,4.99,5.09,4.93
2017-12-22,5.0,5.05,5.07,4.94
2017-12-25,5.06,5.01,5.06,4.98
2017-12-26,5.01,5.02,5.04,4.98
2017-12-27,5.02,4.98,5.03,4.97
2017-12-28,4.99,4.96,5.02,4.95
2017-12-29,4.95,5.02,5.04,4.88
2018-01-02,5.04,5.05,5.07,4.98
2018-01-03,5.06,5.1,5.11,5.03
2018-01-04,5.1,5.1,5.11,5.07
2018-01-05,5.11,5.1,5.12,5.06
2018-01-08,5.1,5.1,5.12,5.05
2018-01-09,5.1,5.08,5.11,5.04
2018-01-10,5.09,4.99,5.09,4.99
2018-01-11,4.99,4.97,5.0,4.92
2018-01-12,4.96,4.97,4.99,4.93
2018-01-15,4.96,4.84,4.97,4.83
2018-01-16,4.84,4.84,4.86,4.79
2018-01-17,4.84,4.88,4.89,4.8
2018-01-18,4.88,4.88,4.89,4.85
2018-01-19,4.87,4.89,4.94,4.8
2018-01-22,4.89,4.93,4.97,4.84
2018-01-23,4.95,4.93,4.96,4.87
2018-01-24,4.92,4.93,4.93,4.87
2018-01-25,4.91,4.95,4.97,4.9
2018-01-26,4.94,4.99,5.0,4.93
2018-01-29,4.99,4.87,5.0,4.83
2018-01-30,4.87,4.85,4.92,4.85
2018-01-31,4.85,4.69,4.87,4.67
2018-02-01,4.7,4.22,4.72,4.22
2018-02-02,4.23,4.09,4.23,3.99
2018-02-05,4.05,4.07,4.08,3.92
2018-02-06,4.0,4.1,4.14,3.96
2018-02-07,4.12,4.09,4.15,4.0
2018-02-08,4.16,4.2,4.28,4.12
2018-02-09,4.1,4.12,4.14,4.04
2018-02-12,4.14,4.22,4.23,4.13
2018-02-13,4.22,4.19,4.25,4.18
2018-02-14,4.16,4.17,4.22,4.15
2018-02-22,4.25,4.32,4.47,4.2
2018-02-23,4.29,4.28,4.3,4.24
2018-02-26,4.29,4.33,4.35,4.26
2018-02-27,4.32,4.31,4.34,4.3
2018-02-28,4.31,4.29,4.31,4.25
2018-03-01,4.3,4.37,4.38,4.27
2018-03-02,4.35,4.37,4.49,4.34
2018-03-05,4.36,4.37,4.38,4.33
2018-03-06,4.36,4.42,4.42,4.33
2018-03-07,4.41,4.39,4.42,4.36
2018-03-08,4.39,4.41,4.41,4.37
2018-03-09,4.41,4.49,4.51,4.38
2018-03-12,4.49,4.56,4.57,4.47
2018-03-13,4.56,4.54,4.61,4.51
2018-03-14,4.56,4.45,4.56,4.44
2018-03-15,4.43,4.41,4.45,4.35
2018-03-16,4.39,4.41,4.46,4.39
2018-03-19,4.41,4.52,4.63,4.41
2018-03-20,4.47,4.49,4.51,4.43
2018-03-21,4.49,4.5,4.56,4.47
2018-03-22,4.5,4.63,4.63,4.5
2018-03-23,4.66,4.38,4.66,4.26
2018-03-26,4.28,4.37,4.38,3.95
2018-03-27,4.44,4.45,4.48,4.37
2018-03-28,4.4,4.39,4.43,4.35
2018-03-29,4.39,4.44,4.45,4.36
2018-03-30,4.46,4.48,4.49,4.43
2018-04-02,4.55,4.57,4.67,4.52
2018-04-03,4.5,4.68,4.96,4.44
2018-04-04,4.6,4.6,4.65,4.57
2018-04-09,4.55,4.55,4.62,4.53
2018-04-10,4.51,4.58,4.61,4.5
2018-04-11,4.57,4.56,4.63,4.55
2018-04-12,4.55,4.41,4.55,4.41
2018-04-13,4.41,4.4,4.45,4.34
2018-04-16,4.41,4.35,4.43,4.32
2018-04-17,4.35,4.27,4.42,4.25
2018-04-18,4.31,4.35,4.4,4.24
2018-04-19,4.4,4.38,4.44,4.34
2018-04-20,4.37,4.24,4.38,4.24
2018-04-23,4.26,4.24,4.29,4.2
2018-04-24,4.24,4.32,4.35,4.23
2018-04-25,4.3,4.37,4.41,4.28
2018-04-26,4.35,4.34,4.41,4.32
2018-04-27,4.33,4.27,4.36,4.24
2018-05-02,4.27,4.29,4.34,4.22
2018-05-03,4.33,4.31,4.33,4.24
2018-05-04,4.27,4.3,4.33,4.25
2018-05-07,4.3,4.37,4.38,4.3
2018-05-08,4.38,4.57,4.66,4.34
2018-05-09,4.51,4.54,4.61,4.49
2018-05-10,4.6,4.71,4.74,4.55
2018-05-11,4.68,4.63,4.7,4.6
2018-05-14,4.64,4.62,4.66,4.56
2018-05-15,4.61,4.59,4.62,4.51
2018-05-16,4.65,4.67,4.76,4.59
2018-05-17,4.61,4.69,4.73,4.6
2018-05-18,4.65,4.78,4.8,4.65
2018-05-21,4.94,4.81,4.94,4.75
2018-05-22,4.81,4.8,4.85,4.75
2018-05-23,4.8,4.73,4.8,4.72
2018-05-24,4.73,4.76,4.84,4.71
2018-05-25,4.73,4.65,4.79,4.65
