date,open,close,high,low
2016-01-04,12.392,11.284,12.491,11.244
2016-01-05,10.715,10.97,11.264,10.548
2016-01-06,10.989,11.244,11.274,10.891
2016-01-07,11.097,10.116,11.097,10.116
2016-01-08,9.616,10.116,10.587,9.616
2016-01-11,9.841,9.616,9.959,9.184
2016-01-12,9.518,9.773,9.91,9.204
2016-01-13,9.822,9.626,9.93,9.606
2016-01-14,9.419,9.861,9.91,9.017
2016-01-15,9.733,9.204,9.743,9.184
2016-01-18,9.007,9.606,9.694,8.899
2016-01-19,9.518,9.969,10.096,9.488
2016-01-20,9.89,9.763,10.008,9.567
2016-01-21,9.635,9.282,9.89,9.272
2016-01-22,9.469,9.478,9.557,9.125
2016-01-25,9.469,9.665,9.743,9.469
2016-01-26,9.576,8.782,9.626,8.703
2016-01-27,8.811,8.487,8.899,8.046
2016-01-28,8.33,8.173,8.536,8.124
2016-01-29,8.154,8.713,8.939,8.075
2016-02-01,8.693,8.546,8.782,8.34
2016-02-02,8.536,8.772,8.89,8.536
2016-02-03,8.723,8.791,8.841,8.595
2016-02-04,8.88,8.978,9.007,8.782
2016-02-05,9.007,8.978,9.155,8.939
2016-02-15,8.733,8.939,9.007,8.635
2016-02-16,9.027,9.233,9.253,8.948
2016-02-17,9.223,9.488,9.547,9.145
2016-02-18,9.576,9.37,9.576,9.233
2016-02-19,9.38,9.361,9.41,9.272
2016-02-22,9.459,9.635,9.655,9.361
2016-02-23,9.616,9.547,9.665,9.459
2016-02-24,9.547,9.822,9.832,9.518
2016-02-25,9.792,8.841,9.792,8.841
2016-02-26,8.929,8.86,8.998,8.684
2016-02-29,8.85,8.34,8.909,8.164
2016-03-01,8.34,8.517,8.585,8.262
2016-03-02,8.507,8.939,8.968,8.458
2016-03-03,8.909,8.968,9.184,8.909
2016-03-04,8.939,8.635,9.066,8.546
2016-03-07,8.713,8.939,9.115,8.713
2016-03-08,8.978,9.204,9.223,8.625
2016-03-09,9.017,8.929,9.066,8.811
2016-03-10,8.929,9.037,9.164,8.841
2016-03-11,8.899,9.125,9.145,8.811
2016-03-14,9.056,9.292,9.527,9.056
2016-03-15,9.174,9.194,9.37,9.155
2016-03-16,9.498,9.223,9.527,9.204
2016-03-17,9.312,9.498,9.567,9.223
2016-03-18,9.498,9.733,9.802,9.498
2016-03-21,9.763,10.116,10.136,9.645
2016-03-22,10.273,10.273,10.538,10.204
2016-03-23,10.087,10.155,10.303,10.028
2016-03-24,10.126,10.165,10.499,9.969
2016-03-25,10.244,10.214,10.293,10.038
2016-03-28,10.293,10.253,10.42,10.106
2016-03-29,10.381,9.939,10.381,9.792
2016-03-30,10.057,10.204,10.244,9.939
2016-03-31,10.342,10.361,10.41,10.204
2016-04-01,10.322,10.263,10.391,10.077
2016-04-05,10.273,10.783,10.842,10.165
2016-04-06,10.656,10.823,10.901,10.656
2016-04-07,10.823,10.646,10.901,10.509
2016-04-08,10.626,10.724,10.773,10.41
2016-04-11,10.773,10.999,11.186,10.773
2016-04-12,10.921,11.048,11.127,10.901
2016-04-13,11.127,11.038,11.362,11.029
2016-04-14,11.087,11.244,11.264,11.019
2016-04-15,11.343,11.5,11.549,11.235
2016-04-18,11.382,11.235,11.411,11.087
2016-04-19,11.431,11.303,11.5,11.235
2016-04-20,11.303,10.881,11.382,10.322
2016-04-21,10.754,10.95,11.048,10.754
2016-04-22,10.989,11.637,11.745,10.862
2016-04-25,11.49,11.539,11.853,11.244
2016-04-26,11.431,11.441,11.666,11.274
2016-04-27,11.5,11.696,11.902,11.46
2016-04-28,11.588,11.47,11.676,11.205
2016-04-29,11.451,11.853,11.971,11.401
2016-05-03,11.833,12.01,12.157,11.696
2016-05-04,12.029,11.774,12.088,11.676
2016-05-05,11.715,11.598,11.823,11.509
2016-05-06,11.578,11.097,11.774,11.029
2016-05-09,10.891,10.597,10.891,10.381
2016-05-10,10.675,10.352,10.715,10.253
2016-05-11,10.479,10.303,10.518,10.136
2016-05-12,10.234,10.067,10.234,9.91
2016-05-13,10.136,10.106,10.253,10.038
2016-05-16,10.303,10.283,10.303,10.087
2016-05-17,10.312,10.43,10.46,10.155
2016-05-18,10.293,9.684,10.303,9.596
2016-05-19,9.684,9.586,9.871,9.547
2016-05-20,9.518,9.714,9.714,9.37
2016-05-23,9.753,9.802,9.939,9.635
2016-05-24,9.832,9.763,9.851,9.704
2016-05-25,9.841,9.802,9.939,9.724
2016-05-26,9.861,9.812,9.881,9.586
2016-05-27,9.782,9.822,9.91,9.743
2016-05-30,9.763,9.822,9.939,9.635
2016-05-31,9.812,10.234,10.244,9.763
2016-06-01,10.234,10.253,10.332,10.165
2016-06-02,10.293,10.391,10.401,10.067
2016-06-03,10.411,10.421,10.49,10.203
2016-06-06,10.47,10.322,10.48,10.242
2016-06-07,10.371,10.361,10.381,10.223
2016-06-08,10.381,10.312,10.45,10.193
2016-06-13,10.143,9.896,10.272,9.896
2016-06-14,9.955,9.876,9.955,9.817
2016-06-15,9.837,10.163,10.341,9.777
2016-06-16,10.143,10.084,10.223,10.025
2016-06-17,10.124,10.43,10.48,10.094
2016-06-20,10.421,10.242,10.421,10.114
2016-06-21,10.223,10.094,10.381,9.955
2016-06-22,10.094,10.262,10.272,10.094
2016-06-23,10.282,10.262,10.302,10.173
2016-06-24,10.262,10.025,10.381,9.876
2016-06-27,9.965,10.242,10.312,9.965
2016-06-28,10.193,10.421,10.45,10.114
2016-06-29,10.401,10.421,10.519,10.341
2016-06-30,10.44,10.589,10.757,10.421
2016-07-01,10.569,10.658,10.836,10.569
2016-07-04,10.569,10.856,10.925,10.569
2016-07-05,10.856,11.153,11.212,10.747
2016-07-06,11.133,11.143,11.183,10.965
2016-07-07,11.084,11.034,11.143,10.965
2016-07-08,11.004,11.004,11.153,10.975
2016-07-11,11.074,10.846,11.192,10.777
2016-07-12,10.866,10.995,11.074,10.767
2016-07-13,10.985,11.093,11.113,10.965
2016-07-14,11.074,11.202,11.272,11.044
2016-07-15,11.232,11.143,11.242,11.014
2016-07-18,11.084,11.143,11.232,11.004
2016-07-19,11.143,11.103,11.222,11.004
2016-07-20,11.113,11.173,11.281,11.064
2016-07-21,11.212,11.133,11.371,11.103
2016-07-22,11.143,11.133,11.291,11.093
2016-07-25,11.123,11.4,11.43,11.093
2016-07-26,11.38,11.539,11.549,11.311
2016-07-27,11.549,10.896,11.549,10.519
2016-07-28,10.896,10.836,10.955,10.638
2016-07-29,10.836,10.757,10.925,10.698
2016-08-01,10.708,10.539,10.846,10.351
2016-08-02,10.539,10.648,10.668,10.5
2016-08-03,10.678,10.698,10.717,10.579
2016-08-04,10.717,10.727,10.747,10.618
2016-08-05,10.717,10.747,10.767,10.648
2016-08-08,10.747,11.034,11.113,10.628
2016-08-09,10.995,11.103,11.192,10.985
2016-08-10,11.163,11.133,11.331,11.103
2016-08-11,11.113,11.014,11.133,11.004
2016-08-12,10.985,11.123,11.143,10.935
2016-08-15,11.123,11.252,11.311,11.024
2016-08-16,11.252,11.281,11.38,11.222
2016-08-17,11.242,11.331,11.4,11.242
2016-08-18,11.281,11.272,11.351,11.192
2016-08-19,11.242,11.281,11.41,11.192
2016-08-22,11.341,11.222,11.341,11.212
2016-08-23,11.212,11.272,11.41,11.192
2016-08-24,11.371,11.519,11.638,11.311
2016-08-25,11.45,11.311,11.499,11.103
2016-08-26,11.281,11.351,11.529,11.281
2016-08-29,11.321,11.341,11.47,11.301
2016-08-30,11.361,11.331,11.479,11.272
2016-08-31,11.341,11.321,11.42,11.103
2016-09-01,11.321,11.202,11.4,11.183
2016-09-02,11.202,11.212,11.272,11.103
2016-09-05,11.212,11.519,11.529,11.212
2016-09-06,11.47,11.598,11.648,11.351
2016-09-07,11.529,11.519,11.638,11.45
2016-09-08,11.559,11.766,11.826,11.489
2016-09-09,11.855,11.727,11.855,11.618
2016-09-12,11.549,11.371,11.549,11.163
2016-09-13,11.41,11.42,11.45,11.321
2016-09-14,11.39,11.291,11.39,11.232
2016-09-19,11.281,11.47,11.499,11.262
2016-09-20,11.499,11.45,11.509,11.38
2016-09-21,11.47,11.43,11.559,11.42
2016-09-22,11.489,11.529,11.717,11.479
2016-09-23,11.529,11.39,11.568,11.371
2016-09-26,11.42,10.965,11.45,10.955
2016-09-27,10.955,11.212,11.232,10.955
2016-09-28,11.232,11.291,11.331,11.093
2016-09-29,11.41,11.41,11.489,11.291
2016-09-30,11.38,11.46,11.529,11.38
2016-10-10,11.489,11.578,11.608,11.4
2016-10-11,11.628,11.667,11.776,11.559
2016-10-12,11.648,11.727,11.806,11.578
2016-10-13,11.717,11.717,11.766,11.648
2016-10-14,11.677,11.816,11.865,11.618
2016-10-17,11.796,11.588,12.053,11.529
2016-10-18,11.638,11.865,11.875,11.559
2016-10-19,11.964,11.855,12.004,11.776
2016-10-20,11.826,11.935,12.004,11.826
2016-10-21,11.895,11.776,12.034,11.667
2016-10-24,11.796,11.984,12.063,11.737
2016-10-25,12.024,12.043,12.093,11.925
2016-10-26,12.053,12.123,12.142,11.945
2016-10-27,12.172,12.103,12.271,12.024
2016-10-28,12.172,11.806,12.182,11.776
2016-10-31,11.786,11.925,11.945,11.687
2016-11-01,11.954,12.063,12.162,11.855
2016-11-02,12.024,12.034,12.093,11.925
2016-11-03,12.024,12.202,12.222,11.974
2016-11-04,12.152,12.152,12.36,12.093
2016-11-07,12.093,12.073,12.251,11.974
2016-11-08,12.162,12.192,12.261,12.093
2016-11-09,12.222,12.162,12.509,11.875
2016-11-10,12.222,12.37,12.479,12.182
2016-11-11,12.429,12.439,12.548,12.271
2016-11-14,12.39,12.954,12.984,12.39
2016-11-15,13.083,12.815,13.122,12.687
2016-11-16,12.815,12.736,12.875,12.677
2016-11-17,12.865,12.835,12.984,12.736
2016-11-18,12.855,12.657,12.855,12.617
2016-11-21,12.657,12.914,12.974,12.37
2016-11-22,12.904,12.934,12.984,12.776
2016-11-23,13.003,12.796,13.053,12.707
2016-11-24,12.815,12.944,13.211,12.756
2016-11-25,12.895,12.825,12.993,12.449
2016-11-28,12.766,12.726,12.865,12.667
2016-11-29,12.667,12.192,12.786,12.162
2016-11-30,12.192,12.281,12.4,12.103
2016-12-01,12.241,12.429,12.479,12.241
2016-12-02,12.42,12.093,12.459,12.004
2016-12-05,11.974,12.083,12.202,11.885
2016-12-06,12.133,12.073,12.162,12.034
2016-12-07,12.063,12.251,12.261,12.034
2016-12-08,12.271,12.192,12.36,12.073
2016-12-09,12.271,12.261,12.33,12.162
2016-12-12,12.311,11.38,12.311,11.331
2016-12-13,11.38,11.43,11.519,11.301
2016-12-14,11.42,11.42,11.568,11.361
2016-12-15,11.41,11.489,11.628,11.331
2016-12-16,11.489,11.836,12.024,11.46
2016-12-19,11.796,12.053,12.123,11.766
2016-12-20,12.123,12.004,12.123,11.836
2016-12-21,12.063,12.073,12.123,11.964
2016-12-22,12.073,11.935,12.073,11.836
2016-12-23,11.945,11.747,12.043,11.707
2016-12-26,11.776,11.895,11.905,11.578
2016-12-27,11.915,12.103,12.192,11.865
2016-12-28,12.152,12.103,12.202,11.974
2016-12-29,12.073,11.925,12.172,11.915
2016-12-30,11.954,12.083,12.113,11.954
2017-01-03,12.113,12.162,12.202,12.053
2017-01-04,12.162,12.33,12.42,12.093
2017-01-05,12.321,12.528,12.598,12.251
2017-01-06,12.528,12.548,12.617,12.4
2017-01-09,12.548,12.805,13.043,12.449
2017-01-10,12.815,12.707,12.924,12.627
2017-01-11,12.637,12.528,12.756,12.4
2017-01-12,12.469,12.538,12.746,12.429
2017-01-13,12.538,12.528,13.053,12.499
2017-01-16,12.38,11.539,12.38,11.272
2017-01-17,11.4,11.766,11.895,11.371
2017-01-18,11.756,11.747,11.954,11.687
2017-01-19,11.677,11.717,11.796,11.628
2017-01-20,11.756,11.915,11.994,11.648
2017-01-23,11.905,11.964,12.113,11.836
2017-01-24,11.954,11.984,12.024,11.875
2017-01-25,12.004,12.053,12.182,11.925
2017-01-26,12.063,12.133,12.222,12.043
2017-02-03,12.152,12.073,12.232,11.885
2017-02-06,12.103,12.123,12.123,11.925
2017-02-07,12.063,12.043,12.123,11.945
2017-02-08,12.014,12.133,12.152,11.945
2017-02-09,12.113,12.39,12.499,12.093
2017-02-10,12.33,12.291,12.459,12.232
2017-02-13,12.291,12.37,12.41,12.251
2017-02-14,12.39,12.301,12.4,12.232
2017-02-15,12.301,12.281,12.568,12.241
2017-02-16,12.172,12.39,12.469,12.172
2017-02-17,12.4,12.479,12.499,12.271
2017-02-20,12.449,12.578,12.598,12.291
2017-02-21,12.509,12.528,12.617,12.449
2017-02-22,12.499,12.598,12.598,12.41
2017-02-23,12.588,12.469,12.835,12.4
2017-02-24,12.439,12.548,12.598,12.33
2017-02-27,12.528,12.518,12.697,12.42
2017-02-28,12.518,12.736,12.766,12.479
2017-03-01,12.716,12.835,12.993,12.677
2017-03-02,12.815,12.766,12.914,12.568
2017-03-03,12.716,12.845,12.934,12.627
2017-03-06,12.865,13.063,13.092,12.796
2017-03-07,13.063,12.993,13.142,12.954
2017-03-08,13.023,12.805,13.122,12.697
2017-03-09,12.815,12.677,12.855,12.617
2017-03-10,12.558,12.479,12.657,12.251
2017-03-13,12.429,12.499,12.538,12.33
2017-03-14,12.528,12.291,12.548,12.281
2017-03-15,12.281,12.37,12.41,12.241
2017-03-16,12.39,12.528,12.558,12.34
2017-03-17,12.558,12.301,12.578,12.281
2017-03-20,12.37,12.598,12.687,12.321
2017-03-21,12.568,12.627,12.687,12.518
2017-03-22,12.558,12.578,12.726,12.509
2017-03-23,12.578,12.37,12.647,12.133
2017-03-24,12.35,12.37,12.42,12.182
2017-03-27,12.34,12.212,12.42,12.152
2017-03-28,12.182,12.251,12.34,12.142
2017-03-29,12.271,11.984,12.311,11.954
2017-03-30,11.974,11.727,11.984,11.658
2017-03-31,11.687,11.836,11.875,11.677
2017-04-05,11.855,12.083,12.133,11.727
2017-04-06,12.073,12.142,12.261,12.004
2017-04-07,12.202,12.182,12.232,12.113
2017-04-10,12.172,11.964,12.172,11.954
2017-04-11,11.974,12.063,12.103,11.816
2017-04-12,12.103,12.083,12.182,12.004
2017-04-13,12.103,12.182,12.232,12.053
2017-04-14,12.172,11.865,12.212,11.826
2017-04-17,11.776,11.539,11.776,11.489
2017-04-18,11.539,11.252,11.618,11.242
2017-04-19,11.232,10.856,11.371,10.727
2017-04-20,10.806,10.688,10.935,10.519
2017-04-21,10.698,10.678,10.747,10.618
2017-04-24,10.678,10.331,10.688,10.153
2017-04-25,10.292,10.391,10.51,10.292
2017-04-26,10.411,10.5,10.529,10.312
2017-04-27,10.47,10.579,10.599,10.203
2017-04-28,10.638,10.727,10.836,10.589
2017-05-02,10.717,10.896,11.084,10.698
2017-05-03,10.905,10.896,11.054,10.876
2017-05-04,10.826,10.757,10.995,10.737
2017-05-05,10.747,10.5,10.826,10.5
2017-05-08,10.49,10.114,10.569,10.104
2017-05-09,10.114,10.223,10.272,10.044
2017-05-10,10.262,9.936,10.341,9.896
2017-05-11,9.995,9.866,10.025,9.688
2017-05-12,9.896,9.718,9.896,9.599
2017-05-15,9.698,9.748,9.847,9.649
2017-05-16,9.738,10.143,10.173,9.649
2017-05-17,10.183,10.242,10.341,10.094
2017-05-18,10.114,10.114,10.381,10.074
2017-05-19,10.124,10.114,10.203,10.025
2017-05-22,10.134,9.728,10.143,9.649
2017-05-23,9.767,9.411,9.767,9.362
2017-05-24,9.302,9.372,9.49,9.203
2017-05-25,9.391,9.55,9.619,9.243
2017-05-26,9.58,9.6,9.73,9.55
2017-05-31,9.64,9.52,9.79,9.49
2017-06-01,9.56,9.16,9.57,9.11
2017-06-02,9.1,9.29,9.37,9.0
2017-06-05,9.3,9.4,9.44,9.28
2017-06-06,9.42,9.43,9.44,9.33
2017-06-07,9.43,9.72,9.74,9.4
2017-06-08,9.72,9.64,9.73,9.6
2017-06-09,9.63,9.6,9.68,9.48
2017-06-12,9.5,9.42,9.65,9.33
2017-06-13,9.36,9.57,9.59,9.36
2017-06-14,9.53,9.58,9.6,9.47
2017-06-15,9.56,9.71,9.75,9.54
2017-06-16,9.72,9.7,9.73,9.64
2017-06-19,9.7,9.76,9.78,9.65
2017-06-20,9.77,9.84,9.89,9.74
2017-06-21,9.82,9.82,9.89,9.71
2017-06-22,9.82,9.57,9.84,9.54
2017-06-23,9.55,9.55,9.65,9.46
2017-06-26,9.6,9.78,9.8,9.53
2017-06-27,9.8,9.82,9.86,9.71
2017-06-28,9.82,9.76,9.86,9.7
2017-06-29,9.71,9.88,9.89,9.71
2017-06-30,9.88,9.94,9.98,9.77
2017-07-03,9.96,10.11,10.17,9.94
2017-07-04,10.12,10.06,10.17,10.03
2017-07-05,10.06,10.35,10.47,10.0
2017-07-06,10.28,10.2,10.37,10.12
2017-07-07,10.18,10.36,10.5,10.13
2017-07-10,10.38,10.22,10.44,10.18
2017-07-11,10.17,10.01,10.24,10.0
2017-07-12,10.0,10.11,10.11,9.88
2017-07-13,10.1,10.31,10.45,10.04
2017-07-14,10.21,10.16,10.26,10.13
2017-07-17,10.05,9.4,10.16,9.38
2017-07-18,9.39,9.53,9.53,9.35
2017-07-19,9.51,9.71,9.73,9.44
2017-07-20,9.72,9.68,9.84,9.65
2017-07-21,9.65,9.7,9.79,9.58
2017-07-24,9.63,9.8,9.83,9.62
2017-07-25,9.81,9.71,9.81,9.64
2017-07-26,9.72,9.66,9.74,9.52
2017-07-27,9.63,9.8,9.85,9.61
2017-07-28,9.84,9.79,9.84,9.75
2017-07-31,9.62,10.15,10.24,9.62
2017-08-01,10.14,10.09,10.14,9.96
2017-08-02,10.08,9.92,10.08,9.88
2017-08-03,9.91,9.99,10.01,9.86
2017-08-04,9.98,9.83,10.07,9.82
2017-08-07,9.81,9.98,9.99,9.78
2017-08-08,9.98,10.0,10.07,9.96
2017-08-09,9.93,9.97,10.01,9.91
2017-08-10,10.0,9.87,10.06,9.81
2017-08-11,9.83,9.65,10.07,9.63
2017-08-14,9.6,9.79,9.83,9.55
2017-08-15,9.81,9.77,9.84,9.72
2017-08-16,9.75,9.85,9.86,9.75
2017-08-17,9.84,9.97,10.01,9.84
2017-08-18,9.97,10.0,10.02,9.86
2017-08-21,9.99,10.0,10.06,9.94
2017-08-22,9.99,10.1,10.11,9.96
2017-08-23,10.04,9.98,10.08,9.92
2017-08-24,9.97,9.75,9.97,9.68
2017-08-25,9.76,9.82,9.84,9.71
2017-08-28,9.78,9.92,9.93,9.78
2017-08-29,9.91,9.96,10.02,9.89
2017-08-30,9.97,9.99,10.02,9.91
2017-08-31,9.99,10.02,10.1,9.97
2017-09-01,10.08,10.14,10.14,9.97
2017-09-04,10.1,10.26,10.31,10.1
2017-09-05,10.23,10.22,10.38,10.16
2017-09-06,10.23,10.17,10.23,10.05
2017-09-07,10.16,10.07,10.18,10.06
2017-09-08,10.09,10.23,10.27,10.08
2017-09-11,10.23,10.49,10.5,10.2
2017-09-12,10.51,10.3,10.51,10.28
2017-09-13,10.36,10.8,10.93,10.32
2017-09-14,10.7,10.65,10.73,10.54
2017-09-15,10.58,10.5,10.63,10.34
2017-09-18,10.49,10.57,10.58,10.38
2017-09-19,10.53,10.37,10.56,10.35
2017-09-20,10.31,10.36,10.37,10.22
2017-09-21,10.35,10.22,10.43,10.21
2017-09-22,10.16,10.19,10.24,10.12
2017-09-25,10.2,9.95,10.24,9.91
2017-09-26,10.0,9.94,10.02,9.86
2017-09-27,9.91,10.04,10.05,9.9
2017-09-28,10.04,9.87,10.06,9.86
2017-09-29,9.89,10.06,10.14,9.89
2017-10-09,10.25,10.12,10.27,10.08
2017-10-10,10.12,10.2,10.21,10.08
2017-10-11,10.2,10.16,10.24,10.12
2017-10-12,10.13,10.09,10.19,9.95
2017-10-13,10.08,10.14,10.15,10.0
2017-10-16,10.16,9.95,10.23,9.93
2017-10-17,9.98,9.89,9.98,9.85
2017-10-18,9.92,9.77,9.93,9.75
2017-10-19,9.72,9.6,9.79,9.57
2017-10-20,9.57,9.72,9.73,9.52
2017-10-23,9.66,9.74,9.75,9.66
2017-10-24,9.74,9.62,9.74,9.56
2017-10-25,9.59,9.69,9.71,9.58
2017-10-26,9.7,9.7,9.73,9.63
2017-10-27,9.71,9.58,9.75,9.51
2017-10-30,9.57,9.21,9.58,9.19
2017-10-31,9.21,9.32,9.33,9.2
2017-11-01,9.3,9.24,9.33,9.22
2017-11-02,9.26,9.07,9.27,9.0
2017-11-03,9.08,8.96,9.13,8.92
2017-11-06,8.97,9.05,9.06,8.9
2017-11-07,9.04,9.07,9.08,8.99
2017-11-08,9.03,9.12,9.17,9.03
2017-11-09,9.12,9.13,9.15,9.06
2017-11-10,9.1,9.12,9.17,9.04
2017-11-13,9.13,9.09,9.16,9.03
2017-11-14,9.09,9.03,9.09,9.0
2017-11-15,9.04,9.03,9.07,8.94
2017-11-16,9.01,8.95,9.06,8.93
2017-11-17,8.95,8.66,8.98,8.57
2017-11-20,8.66,8.58,8.66,8.42
2017-11-21,8.6,8.52,8.6,8.46
2017-11-22,8.52,8.5,8.57,8.43
2017-11-23,8.5,8.43,8.53,8.42
2017-11-24,8.42,8.45,8.47,8.41
2017-11-27,8.46,8.44,8.54,8.41
2017-11-28,8.48,8.54,8.54,8.43
2017-11-29,8.54,8.58,8.61,8.39
2017-11-30,8.57,8.49,8.57,8.46
2017-12-01,8.48,8.55,8.57,8.46
2017-12-04,8.54,8.37,8.56,8.36
2017-12-05,8.36,8.09,8.4,8.0
2017-12-06,8.09,8.15,8.17,8.01
2017-12-07,8.1,8.12,8.19,8.09
2017-12-08,8.12,8.2,8.25,8.12
2017-12-11,8.21,8.25,8.26,8.19
2017-12-12,8.25,8.1,8.26,8.09
2017-12-13,8.1,8.15,8.16,8.06
2017-12-14,8.17,8.16,8.17,8.11
2017-12-15,8.16,8.16,8.18,8.11
2017-12-18,8.16,8.14,8.2,8.08
2017-12-19,8.13,8.19,8.24,8.13
2017-12-20,8.2,8.25,8.25,8.14
2017-12-21,8.27,8.35,8.41,8.27
2017-12-22,8.25,8.28,8.34,8.25
2017-12-25,8.34,8.15,8.34,8.13
2017-12-26,8.15,8.26,8.28,8.11
2017-12-27,8.26,8.19,8.28,8.17
2017-12-28,8.14,8.27,8.3,8.14
2017-12-29,8.24,8.3,8.31,8.24
2018-01-02,8.3,8.4,8.48,8.28
2018-01-03,8.42,8.44,8.48,8.37
2018-01-04,8.41,8.41,8.45,8.36
2018-01-05,8.43,8.5,8.56,8.39
2018-01-08,8.47,8.55,8.57,8.39
2018-01-09,8.51,8.47,8.59,8.41
2018-01-10,8.46,8.34,8.46,8.3
2018-01-11,8.31,8.39,8.41,8.31
2018-01-12,8.36,8.4,8.47,8.36
2018-01-15,8.38,8.18,8.4,8.14
2018-01-16,8.16,8.24,8.26,8.16
2018-01-17,8.24,8.27,8.3,8.2
2018-01-18,8.27,8.3,8.35,8.26
2018-01-19,8.3,8.34,8.41,8.3
2018-01-22,8.33,8.53,8.55,8.26
2018-01-23,8.85,8.56,8.85,8.53
2018-01-24,8.5,8.49,8.55,8.39
2018-01-25,8.5,8.48,8.58,8.46
2018-01-26,8.45,8.47,8.55,8.45
2018-01-29,8.48,8.36,8.51,8.32
2018-01-30,8.37,8.41,8.42,8.32
2018-01-31,8.38,8.28,8.45,8.26
2018-02-01,8.26,7.99,8.36,7.9
2018-02-02,7.91,8.01,8.08,7.9
2018-02-05,7.95,8.02,8.04,7.92
2018-02-06,7.92,7.55,7.98,7.48
2018-02-07,7.66,7.56,7.74,7.45
2018-02-08,7.56,7.7,7.71,7.56
2018-02-09,7.58,7.38,7.58,7.25
2018-02-12,7.4,7.48,7.5,7.38
2018-02-13,7.5,7.44,7.55,7.42
2018-02-14,7.38,7.43,7.48,7.38
2018-02-22,7.46,7.52,7.53,7.43
2018-02-23,7.52,7.74,7.87,7.49
2018-02-26,7.72,7.86,7.87,7.67
2018-02-27,7.88,7.81,7.88,7.73
2018-02-28,7.79,7.8,7.92,7.68
2018-03-01,7.73,7.88,7.88,7.73
2018-03-02,7.85,7.84,7.93,7.79
2018-03-05,7.85,7.86,7.88,7.81
2018-03-06,7.86,7.91,7.92,7.82
2018-03-07,7.92,7.91,7.94,7.88
2018-03-08,7.89,7.94,7.96,7.88
2018-03-09,7.95,8.05,8.07,7.92
2018-03-12,8.06,8.1,8.12,8.02
2018-03-13,8.1,8.02,8.11,7.99
2018-03-14,8.0,7.91,8.05,7.9
2018-03-15,7.91,7.85,7.94,7.79
2018-03-16,7.85,7.92,7.93,7.82
2018-03-19,7.9,7.91,7.97,7.86
2018-03-20,7.91,7.92,7.94,7.84
2018-03-21,7.92,7.93,8.07,7.9
2018-03-22,7.95,8.11,8.15,7.93
2018-03-23,7.93,7.62,7.93,7.49
2018-03-26,7.55,7.63,7.64,7.45
2018-03-27,7.69,7.75,7.82,7.67
2018-03-28,7.68,7.77,7.79,7.66
2018-03-29,7.77,7.82,7.83,7.74
2018-03-30,7.83,7.98,7.98,7.81
2018-04-02,7.98,7.96,8.02,7.94
2018-04-03,7.87,7.83,7.91,7.81
2018-04-04,7.85,7.93,7.96,7.85
2018-04-09,7.92,7.9,7.95,7.83
2018-04-10,7.9,7.96,7.96,7.89
2018-04-11,7.98,8.13,8.14,7.98
2018-04-12,8.08,8.02,8.12,7.98
2018-04-13,8.01,7.95,8.09,7.95
2018-04-16,7.96,7.78,8.03,7.76
2018-04-17,7.77,7.61,7.88,7.55
2018-04-18,7.7,7.7,7.77,7.48
2018-04-19,7.7,7.77,7.79,7.67
2018-04-20,7.77,7.58,7.8,7.52
2018-04-23,7.57,7.51,7.63,7.4
2018-04-24,7.5,7.65,7.66,7.48
2018-04-25,7.61,7.66,7.66,7.57
2018-04-26,7.65,7.53,7.68,7.51
2018-04-27,7.56,7.59,7.6,7.5
2018-05-02,7.52,7.3,7.54,7.24
2018-05-03,7.3,7.29,7.3,7.13
2018-05-04,7.27,7.2,7.29,7.19
2018-05-07,7.25,7.35,7.38,7.23
2018-05-08,7.36,7.35,7.37,7.3
2018-05-09,7.32,7.36,7.39,7.31
2018-05-10,7.39,7.38,7.4,7.33
2018-05-11,7.39,7.28,7.39,7.24
2018-05-14,7.3,7.26,7.34,7.21
2018-05-15,7.26,7.27,7.28,7.19
2018-05-16,7.26,7.23,7.27,7.21
2018-05-17,7.24,7.22,7.25,7.18
2018-05-18,7.22,7.26,7.27,7.18
2018-05-21,7.3,7.34,7.35,7.28
2018-05-22,7.34,7.33,7.35,7.28
2018-05-23,7.3,7.25,7.33,7.24
2018-05-24,7.28,7.22,7.28,7.2
2018-05-25,7.23,7.16,7.23,7.16
