date,open,close,high,low
2016-01-04,9.74,8.812,9.769,8.803
2016-01-05,8.295,8.773,8.881,8.276
2016-01-06,9.076,9.008,9.125,8.861
2016-01-07,8.803,8.188,8.92,8.159
2016-01-08,8.51,8.295,8.578,7.837
2016-01-11,8.178,7.466,8.324,7.466
2016-01-12,7.485,7.68,7.797,7.349
2016-01-13,7.71,7.641,8.451,7.612
2016-01-14,7.417,8.051,8.198,7.358
2016-01-15,7.983,7.817,8.188,7.758
2016-01-18,7.661,7.837,7.973,7.661
2016-01-19,7.837,8.081,8.09,7.797
2016-01-20,8.002,7.944,8.129,7.876
2016-01-21,7.885,7.554,7.954,7.524
2016-01-22,7.632,7.573,7.729,7.417
2016-01-25,7.671,8.002,8.071,7.671
2016-01-26,7.915,7.427,7.954,7.3
2016-01-27,7.514,7.036,7.534,6.695
2016-01-28,6.831,6.675,7.095,6.656
2016-01-29,6.734,7.222,7.339,6.656
2016-02-01,7.222,7.046,7.251,6.841
2016-02-02,7.066,7.251,7.3,7.066
2016-02-03,7.036,7.173,7.231,7.036
2016-02-04,7.222,7.388,7.407,7.202
2016-02-05,7.407,7.28,7.417,7.271
2016-02-15,7.241,7.339,7.388,7.046
2016-02-16,7.397,7.612,7.71,7.349
2016-02-17,7.593,7.641,7.788,7.514
2016-02-18,7.69,7.622,7.758,7.583
2016-02-19,7.602,7.661,7.68,7.534
2016-02-22,7.778,7.788,7.807,7.68
2016-02-23,7.788,7.837,7.915,7.671
2016-02-24,7.827,7.856,7.866,7.661
2016-02-25,7.846,7.075,7.846,7.075
2016-02-26,7.153,7.124,7.231,6.919
2016-02-29,7.114,6.704,7.114,6.519
2016-03-01,6.792,6.958,7.105,6.724
2016-03-02,6.948,7.31,7.339,6.89
2016-03-03,7.3,7.417,7.495,7.231
2016-03-04,7.368,7.134,7.427,7.036
2016-03-07,7.261,7.329,7.388,7.153
2016-03-08,7.319,7.407,7.427,7.134
2016-03-09,7.28,7.222,7.368,7.173
2016-03-10,7.222,7.124,7.3,7.095
2016-03-11,7.036,7.212,7.28,7.027
2016-03-14,7.28,7.427,7.534,7.222
2016-03-15,7.427,7.3,7.466,7.261
2016-03-16,7.339,7.319,7.397,7.212
2016-03-17,7.329,7.554,7.573,7.3
2016-03-18,7.534,7.719,7.758,7.534
2016-03-21,7.807,7.973,7.993,7.758
2016-03-22,8.002,7.944,8.041,7.905
2016-03-23,7.905,7.973,8.002,7.895
2016-03-24,7.915,8.012,8.344,7.915
2016-03-25,8.002,8.129,8.129,7.963
2016-03-28,8.139,8.412,8.783,8.139
2016-03-29,8.315,8.168,8.442,8.012
2016-03-30,8.237,8.393,8.442,8.217
2016-03-31,8.403,8.539,8.637,8.373
2016-04-01,8.461,8.451,8.539,8.246
2016-04-05,8.432,8.539,8.647,8.403
2016-04-06,8.539,8.559,8.588,8.49
2016-04-07,8.559,8.481,8.627,8.393
2016-04-08,8.422,8.451,8.5,8.266
2016-04-11,8.51,8.617,8.793,8.51
2016-04-12,8.656,8.617,8.705,8.5
2016-04-13,8.647,8.647,8.734,8.607
2016-04-14,8.607,8.734,8.803,8.607
2016-04-15,8.715,8.627,8.734,8.529
2016-04-18,8.588,8.549,8.627,8.403
2016-04-19,8.539,8.578,8.647,8.5
2016-04-20,8.607,8.139,8.637,7.983
2016-04-21,8.12,7.973,8.217,7.963
2016-04-22,8.051,8.041,8.149,7.973
2016-04-25,7.983,8.022,8.12,7.837
2016-04-26,8.041,8.149,8.227,7.973
2016-04-27,8.139,8.139,8.276,8.1
2016-04-28,8.217,8.315,8.334,8.149
2016-04-29,8.285,8.51,8.686,8.207
2016-05-03,8.52,8.647,8.666,8.364
2016-05-04,8.578,8.744,8.812,8.549
2016-05-05,8.754,8.744,8.783,8.637
2016-05-06,8.783,8.373,8.803,8.364
2016-05-09,8.422,8.334,8.451,8.168
2016-05-10,8.315,8.276,8.373,8.217
2016-05-11,8.276,8.207,8.344,8.12
2016-05-12,8.168,8.11,8.168,7.993
2016-05-13,8.12,8.129,8.227,8.09
2016-05-16,8.051,8.217,8.217,8.041
2016-05-17,8.217,8.11,8.217,8.041
2016-05-18,8.061,7.788,8.09,7.671
2016-05-19,7.807,7.768,7.924,7.719
2016-05-20,7.71,7.846,7.895,7.641
2016-05-23,7.905,7.954,8.002,7.856
2016-05-24,8.071,8.081,8.246,8.041
2016-05-25,8.139,8.051,8.159,7.934
2016-05-26,8.032,8.139,8.149,7.846
2016-05-27,8.1,8.139,8.324,8.051
2016-05-30,8.081,8.159,8.276,8.012
2016-05-31,8.178,8.412,8.451,8.149
2016-06-01,8.412,8.364,8.461,8.334
2016-06-02,8.364,8.598,8.627,8.324
2016-06-03,8.549,8.539,8.627,8.442
2016-06-06,8.539,8.481,8.627,8.393
2016-06-07,8.49,8.412,8.51,8.354
2016-06-08,8.393,8.451,8.49,8.305
2016-06-13,8.354,8.032,8.393,7.993
2016-06-14,8.002,8.041,8.071,7.915
2016-06-15,7.973,8.285,8.315,7.963
2016-06-16,8.315,8.285,8.315,8.207
2016-06-17,8.256,8.305,8.451,8.256
2016-06-20,8.539,8.383,8.549,8.344
2016-06-21,8.393,8.305,8.481,8.256
2016-06-22,8.305,8.412,8.442,8.256
2016-06-23,8.432,8.354,8.442,8.305
2016-06-24,8.344,8.237,8.442,8.1
2016-06-27,8.217,8.403,8.422,8.198
2016-06-28,8.354,8.471,8.49,8.324
2016-06-29,8.481,8.422,8.51,8.403
2016-06-30,8.471,8.705,8.822,8.442
2016-07-01,8.734,8.578,8.773,8.559
2016-07-04,8.568,8.725,8.822,8.52
2016-07-05,8.725,8.998,9.154,8.725
2016-07-06,8.988,9.027,9.095,8.881
2016-07-07,9.3,9.076,9.525,9.027
2016-07-08,9.047,9.056,9.164,8.959
2016-07-11,9.095,9.144,9.3,9.095
2016-07-12,9.134,9.115,9.222,8.89
2016-07-13,9.154,9.125,9.252,9.115
2016-07-14,9.115,9.174,9.232,9.086
2016-07-15,9.222,9.281,9.291,9.115
2016-07-18,9.261,9.408,9.476,9.232
2016-07-19,9.349,9.349,9.476,9.242
2016-07-20,9.359,9.213,9.447,9.203
2016-07-21,9.174,9.252,9.32,9.086
2016-07-22,9.232,9.359,9.457,9.174
2016-07-25,9.359,9.437,9.554,9.31
2016-07-26,9.417,9.408,9.505,9.281
2016-07-27,9.398,9.017,9.437,8.93
2016-07-28,8.988,9.037,9.115,8.93
2016-07-29,9.027,9.086,9.193,8.998
2016-08-01,9.027,8.89,9.076,8.627
2016-08-02,8.89,8.949,9.037,8.793
2016-08-03,8.89,8.959,9.056,8.89
2016-08-04,8.939,9.008,9.037,8.93
2016-08-05,9.008,8.978,9.037,8.949
2016-08-08,8.978,9.017,9.027,8.91
2016-08-09,9.008,9.037,9.076,8.959
2016-08-10,9.037,9.008,9.095,8.988
2016-08-11,8.978,8.832,9.027,8.832
2016-08-12,8.832,8.949,8.949,8.783
2016-08-15,8.939,9.115,9.144,8.89
2016-08-16,9.144,9.183,9.222,9.086
2016-08-17,9.164,9.174,9.203,9.086
2016-08-18,9.174,9.271,9.349,9.105
2016-08-19,9.291,9.427,9.466,9.291
2016-08-22,9.457,9.32,9.476,9.203
2016-08-23,9.3,9.183,9.339,9.125
2016-08-24,9.242,9.095,9.261,9.047
2016-08-25,9.056,9.066,9.144,8.92
2016-08-26,9.105,9.017,9.174,8.998
2016-08-29,9.008,9.164,9.174,8.978
2016-08-30,9.164,9.115,9.203,9.105
2016-08-31,9.115,9.115,9.164,9.066
2016-09-01,9.056,9.056,9.144,9.037
2016-09-02,9.047,9.027,9.115,9.008
2016-09-05,9.047,9.056,9.193,8.998
2016-09-06,9.086,9.222,9.252,8.939
2016-09-07,9.193,9.183,9.261,9.154
2016-09-08,9.193,9.164,9.222,9.115
2016-09-09,9.164,9.134,9.222,9.105
2016-09-12,9.017,8.812,9.027,8.793
2016-09-13,8.851,8.822,8.9,8.764
2016-09-14,8.803,8.734,8.842,8.715
2016-09-19,8.744,8.871,8.959,8.744
2016-09-20,8.881,8.939,8.969,8.861
2016-09-21,8.939,8.93,9.008,8.91
2016-09-22,8.969,9.017,9.115,8.949
2016-09-23,9.027,8.998,9.076,8.969
2016-09-26,8.978,8.734,9.027,8.695
2016-09-27,8.695,8.842,8.871,8.695
2016-09-28,8.851,8.803,8.881,8.764
2016-09-29,8.803,9.105,9.417,8.803
2016-09-30,9.066,9.105,9.154,8.998
2016-10-10,9.115,9.174,9.183,9.047
2016-10-11,9.174,9.232,9.359,9.105
2016-10-12,9.164,9.154,9.222,9.125
2016-10-13,9.164,9.154,9.203,9.115
2016-10-14,9.134,9.095,9.164,9.008
2016-10-17,9.095,9.066,9.213,9.047
2016-10-18,9.056,9.203,9.222,9.017
2016-10-19,9.213,9.144,9.222,9.125
2016-10-20,9.134,9.183,9.242,9.125
2016-10-21,9.193,9.105,9.242,9.027
2016-10-24,9.105,9.174,9.193,9.095
2016-10-25,9.193,9.32,9.408,9.174
2016-10-26,9.3,9.261,9.359,9.203
2016-10-27,9.291,9.183,9.291,9.144
2016-10-28,9.174,9.388,9.515,9.164
2016-10-31,9.349,9.359,9.378,9.174
2016-11-01,9.3,9.32,9.369,9.213
2016-11-02,9.32,9.222,9.388,9.213
2016-11-03,9.203,9.271,9.3,9.115
2016-11-04,9.222,9.164,9.281,9.125
2016-11-07,9.174,9.164,9.222,9.125
2016-11-08,9.203,9.222,9.252,9.164
2016-11-09,9.183,9.066,9.232,8.959
2016-11-10,9.115,9.213,9.232,9.115
2016-11-11,9.222,9.281,9.31,9.174
2016-11-14,9.271,9.32,9.369,9.232
2016-11-15,9.291,9.388,9.408,9.291
2016-11-16,9.378,9.378,9.408,9.33
2016-11-17,9.378,9.339,9.378,9.291
2016-11-18,9.339,9.271,9.408,9.183
2016-11-21,9.291,9.515,9.515,9.242
2016-11-22,9.515,9.515,9.72,9.466
2016-11-23,9.496,9.808,10.003,9.486
2016-11-24,9.769,9.769,9.876,9.613
2016-11-25,9.808,9.71,9.808,9.544
2016-11-28,9.788,9.72,9.788,9.632
2016-11-29,9.71,9.447,9.73,9.447
2016-11-30,9.476,9.398,9.544,9.359
2016-12-01,9.417,9.457,9.515,9.359
2016-12-02,9.457,9.174,9.486,9.154
2016-12-05,9.174,9.242,9.271,9.095
2016-12-06,9.271,9.193,9.281,9.154
2016-12-07,9.232,9.457,9.505,9.164
2016-12-08,9.749,9.515,9.749,9.447
2016-12-09,9.505,9.544,9.7,9.369
2016-12-12,9.515,8.988,9.515,8.93
2016-12-13,8.978,8.92,9.027,8.734
2016-12-14,8.881,8.9,8.92,8.754
2016-12-15,8.861,8.949,9.047,8.832
2016-12-16,8.959,9.008,9.037,8.91
2016-12-19,9.008,8.939,9.027,8.871
2016-12-20,8.92,8.851,8.949,8.803
2016-12-21,8.861,8.939,8.959,8.851
2016-12-22,8.93,8.988,9.017,8.861
2016-12-23,9.008,8.871,9.037,8.842
2016-12-26,8.783,8.89,8.91,8.705
2016-12-27,8.881,8.959,9.037,8.871
2016-12-28,8.939,9.027,9.047,8.91
2016-12-29,8.881,9.056,9.261,8.881
2016-12-30,8.998,9.076,9.125,8.998
2017-01-03,9.056,9.193,9.213,9.047
2017-01-04,9.144,9.271,9.291,9.144
2017-01-05,9.222,9.261,9.281,9.213
2017-01-06,9.242,9.232,9.281,9.193
2017-01-09,9.213,9.33,9.339,9.174
2017-01-10,9.31,9.339,9.476,9.281
2017-01-11,9.31,9.369,9.417,9.281
2017-01-12,9.349,9.32,9.486,9.203
2017-01-13,9.222,9.252,9.32,9.134
2017-01-16,9.183,8.881,9.222,8.578
2017-01-17,8.881,8.959,9.056,8.793
2017-01-18,8.959,8.998,9.017,8.9
2017-01-19,8.959,8.92,9.047,8.881
2017-01-20,8.89,9.164,9.213,8.89
2017-01-23,9.164,9.105,9.242,9.066
2017-01-24,9.086,9.076,9.125,9.008
2017-01-25,9.056,9.076,9.125,9.017
2017-01-26,9.105,9.076,9.115,9.056
2017-02-03,9.076,9.31,9.798,9.037
2017-02-06,9.359,9.369,9.388,9.232
2017-02-07,9.33,9.349,9.388,9.261
2017-02-08,9.33,9.349,9.369,9.242
2017-02-09,9.369,9.437,9.466,9.291
2017-02-10,9.447,9.447,9.505,9.388
2017-02-13,9.466,9.525,9.632,9.457
2017-02-14,9.535,9.447,9.544,9.369
2017-02-15,9.417,9.3,9.486,9.281
2017-02-16,9.31,9.652,9.681,9.281
2017-02-17,9.603,9.535,9.7,9.476
2017-02-20,9.535,9.847,9.876,9.476
2017-02-21,9.847,9.779,9.944,9.652
2017-02-22,9.798,9.837,9.876,9.671
2017-02-23,9.857,9.661,9.866,9.613
2017-02-24,9.652,9.642,9.681,9.544
2017-02-27,9.632,9.525,9.671,9.496
2017-02-28,9.525,9.544,9.613,9.476
2017-03-01,9.564,9.515,9.652,9.505
2017-03-02,9.564,9.408,9.613,9.369
2017-03-03,9.398,9.398,9.457,9.378
2017-03-06,9.408,9.544,9.554,9.408
2017-03-07,9.544,9.476,9.574,9.369
2017-03-08,9.486,9.408,9.525,9.378
2017-03-09,9.388,9.281,9.427,9.242
2017-03-10,9.261,9.281,9.31,9.232
2017-03-13,9.339,9.369,9.408,9.3
2017-03-14,9.398,9.281,9.398,9.252
2017-03-15,9.281,9.31,9.349,9.261
2017-03-16,9.32,9.447,9.486,9.32
2017-03-17,9.437,9.291,9.466,9.281
2017-03-20,9.281,9.242,9.31,9.164
2017-03-21,9.242,9.242,9.261,9.174
2017-03-22,9.242,9.271,9.281,9.193
2017-03-23,9.271,9.222,9.33,9.174
2017-03-24,9.222,9.339,9.378,9.222
2017-03-27,9.33,9.281,9.378,9.252
2017-03-28,9.261,9.252,9.3,9.193
2017-03-29,9.222,9.037,9.261,9.037
2017-03-30,9.056,8.89,9.095,8.842
2017-03-31,8.9,8.959,8.998,8.89
2017-04-05,8.959,9.125,9.164,8.959
2017-04-06,9.095,9.154,9.252,9.095
2017-04-07,9.164,9.105,9.203,9.086
2017-04-10,9.125,9.037,9.134,9.008
2017-04-11,9.008,9.115,9.115,8.939
2017-04-12,9.076,9.027,9.115,9.008
2017-04-13,9.027,9.047,9.066,8.978
2017-04-14,9.047,8.9,9.047,8.881
2017-04-17,8.881,8.851,8.93,8.764
2017-04-18,8.842,8.695,8.871,8.695
2017-04-19,8.705,8.568,8.734,8.461
2017-04-20,8.578,8.549,8.627,8.432
2017-04-21,8.607,8.539,8.607,8.49
2017-04-24,8.549,8.315,8.598,8.295
2017-04-25,8.373,8.295,8.442,8.285
2017-04-26,8.315,8.276,8.334,8.246
2017-04-27,8.276,8.227,8.276,7.983
2017-04-28,8.256,8.364,8.422,8.237
2017-05-02,8.364,8.403,8.461,8.324
2017-05-03,8.393,8.393,8.412,8.246
2017-05-04,8.383,8.324,8.393,8.276
2017-05-05,8.315,8.198,8.344,8.198
2017-05-08,8.178,8.227,8.315,8.159
2017-05-09,8.139,8.198,8.227,8.071
2017-05-10,8.188,8.041,8.256,8.032
2017-05-11,8.022,7.983,8.051,7.797
2017-05-12,7.993,7.915,8.002,7.846
2017-05-15,7.944,7.934,7.983,7.905
2017-05-16,7.924,8.1,8.1,7.866
2017-05-17,8.081,8.081,8.149,8.061
2017-05-18,8.032,8.041,8.11,8.002
2017-05-19,8.061,8.012,8.061,7.983
2017-05-22,7.983,7.856,8.022,7.817
2017-05-23,7.827,7.69,7.885,7.671
2017-05-24,7.71,7.71,7.739,7.583
2017-05-25,7.71,7.788,7.827,7.563
2017-05-26,7.807,7.778,7.837,7.739
2017-05-31,7.885,7.866,7.954,7.856
2017-06-01,7.846,7.632,7.846,7.612
2017-06-02,7.632,7.768,7.778,7.593
2017-06-05,7.797,7.797,7.827,7.778
2017-06-06,7.807,7.846,7.876,7.778
2017-06-07,7.846,8.002,8.012,7.827
2017-06-08,8.002,7.954,8.012,7.944
2017-06-09,7.963,7.973,8.149,7.934
2017-06-12,7.915,7.885,7.973,7.876
2017-06-13,7.895,7.983,8.002,7.895
2017-06-14,7.973,7.973,8.012,7.954
2017-06-15,7.973,8.071,8.09,7.973
2017-06-16,8.051,8.032,8.071,7.993
2017-06-19,8.051,8.1,8.11,7.993
2017-06-20,8.14,8.07,8.14,8.03
2017-06-21,8.08,8.06,8.1,8.02
2017-06-22,8.06,7.97,8.09,7.97
2017-06-23,8.0,7.95,8.02,7.82
2017-06-26,7.98,8.14,8.14,7.95
2017-06-27,8.14,8.15,8.16,8.09
2017-06-28,8.12,8.09,8.14,8.08
2017-06-29,8.09,8.16,8.17,8.09
2017-06-30,8.13,8.19,8.19,8.1
2017-07-03,8.17,8.26,8.26,8.16
2017-07-04,8.26,8.21,8.26,8.16
2017-07-05,8.22,8.28,8.29,8.2
2017-07-06,8.26,8.25,8.28,8.18
2017-07-07,8.22,8.25,8.25,8.18
2017-07-10,8.23,8.23,8.26,8.19
2017-07-11,8.18,8.27,8.32,8.18
2017-07-12,8.29,8.25,8.41,8.19
2017-07-13,8.21,8.23,8.26,8.16
2017-07-14,8.25,8.24,8.26,8.19
2017-07-17,8.2,7.75,8.2,7.73
2017-07-18,7.78,7.87,7.87,7.6
2017-07-19,7.86,8.04,8.06,7.81
2017-07-20,8.0,8.05,8.09,8.0
2017-07-21,8.01,8.18,8.24,8.0
2017-07-24,8.2,8.42,8.47,8.17
2017-07-25,8.38,8.33,8.39,8.24
2017-07-26,8.33,8.35,8.36,8.23
2017-07-27,8.34,8.37,8.42,8.29
2017-07-28,8.35,8.3,8.35,8.27
2017-07-31,8.32,8.4,8.46,8.31
2017-08-01,8.38,8.43,8.52,8.38
2017-08-02,8.41,8.26,8.47,8.24
2017-08-03,8.26,8.34,8.35,8.26
2017-08-04,8.34,8.26,8.36,8.25
2017-08-07,8.25,8.31,8.32,8.24
2017-08-08,8.29,8.32,8.33,8.27
2017-08-09,8.32,8.25,8.32,8.21
2017-08-10,8.22,8.09,8.26,8.05
2017-08-11,8.02,7.95,8.1,7.91
2017-08-14,7.96,8.04,8.07,7.95
2017-08-15,8.04,8.15,8.21,8.03
2017-08-16,8.14,8.19,8.2,8.12
2017-08-17,8.19,8.19,8.23,8.15
2017-08-18,8.24,8.28,8.36,8.22
2017-08-21,8.27,8.35,8.35,8.26
2017-08-22,8.39,8.31,8.39,8.28
2017-08-23,8.3,8.28,8.33,8.23
2017-08-24,8.28,8.26,8.3,8.24
2017-08-25,8.26,8.35,8.36,8.24
2017-08-28,8.37,8.42,8.46,8.35
2017-08-29,8.48,8.34,8.48,8.32
2017-08-30,8.34,8.36,8.39,8.31
2017-08-31,8.38,8.41,8.44,8.34
2017-09-01,8.4,8.53,8.54,8.39
2017-09-04,8.49,8.52,8.53,8.45
2017-09-05,8.51,8.44,8.51,8.42
2017-09-06,8.42,8.44,8.45,8.36
2017-09-07,8.42,8.4,8.52,8.39
2017-09-08,8.42,8.4,8.46,8.36
2017-09-11,8.38,8.48,8.49,8.38
2017-09-12,8.48,8.5,8.52,8.4
2017-09-13,8.7,8.63,8.84,8.6
2017-09-14,8.58,8.52,8.66,8.5
2017-09-15,8.51,8.48,8.53,8.42
2017-09-18,8.47,8.55,8.55,8.44
2017-09-19,8.54,8.46,8.56,8.43
2017-09-20,8.44,8.53,8.55,8.42
2017-09-21,8.52,8.59,8.64,8.5
2017-09-22,8.57,8.54,8.62,8.49
2017-09-25,8.51,8.38,8.56,8.35
2017-09-26,8.42,8.38,8.44,8.32
2017-09-27,8.39,8.36,8.41,8.35
2017-09-28,8.36,8.35,8.41,8.34
2017-09-29,8.35,8.42,8.44,8.35
2017-10-09,8.5,8.53,8.54,8.45
2017-10-10,8.53,8.58,8.58,8.5
2017-10-11,8.58,8.57,8.63,8.53
2017-10-12,8.57,8.49,8.58,8.44
2017-10-13,8.47,8.48,8.49,8.41
2017-10-16,8.48,8.29,8.48,8.27
2017-10-17,8.28,8.31,8.34,8.25
2017-10-18,8.31,8.21,8.32,8.2
2017-10-19,8.21,8.09,8.22,8.05
2017-10-20,8.11,8.18,8.19,8.06
2017-10-23,8.17,8.22,8.22,8.14
2017-10-24,8.18,8.16,8.22,8.12
2017-10-25,8.14,8.19,8.21,8.13
2017-10-26,8.18,8.23,8.26,8.15
2017-10-27,8.25,8.21,8.26,8.19
2017-10-30,8.2,7.95,8.24,7.94
2017-10-31,7.98,8.0,8.01,7.92
2017-11-01,8.02,8.04,8.05,7.98
2017-11-02,8.04,7.95,8.05,7.93
2017-11-03,7.95,7.84,7.97,7.78
2017-11-06,7.86,7.88,7.89,7.79
2017-11-07,7.88,7.88,7.89,7.85
2017-11-08,7.87,7.96,7.99,7.85
2017-11-09,8.04,8.1,8.23,8.04
2017-11-10,8.04,8.02,8.06,7.99
2017-11-13,8.01,7.96,8.03,7.94
2017-11-14,7.96,7.94,7.99,7.89
2017-11-15,7.94,7.86,7.96,7.85
2017-11-16,7.86,7.85,7.89,7.83
2017-11-17,7.86,7.64,7.87,7.62
2017-11-20,7.66,7.67,7.7,7.52
2017-11-21,7.65,7.74,7.75,7.58
2017-11-22,7.81,7.75,7.83,7.69
2017-11-23,7.71,7.62,7.76,7.61
2017-11-24,7.6,7.65,7.67,7.6
2017-11-27,7.63,7.58,7.63,7.56
2017-11-28,7.56,7.69,7.69,7.56
2017-11-29,7.71,7.71,7.73,7.55
2017-11-30,7.68,7.65,7.73,7.62
2017-12-01,7.65,7.69,7.7,7.62
2017-12-04,7.67,7.56,7.67,7.55
2017-12-05,7.57,7.47,7.58,7.43
2017-12-06,7.48,7.48,7.49,7.38
2017-12-07,7.46,7.46,7.5,7.45
2017-12-08,7.46,7.53,7.56,7.41
2017-12-11,7.54,7.58,7.58,7.52
2017-12-12,7.56,7.47,7.58,7.46
2017-12-13,7.47,7.49,7.51,7.45
2017-12-14,7.47,7.58,7.59,7.44
2017-12-15,7.58,7.73,7.86,7.56
2017-12-18,7.68,7.57,7.71,7.52
2017-12-19,7.55,7.59,7.59,7.54
2017-12-20,7.58,7.59,7.64,7.55
2017-12-21,7.56,7.53,7.57,7.46
2017-12-22,7.52,7.52,7.58,7.48
2017-12-25,7.53,7.42,7.53,7.4
2017-12-26,7.41,7.45,7.46,7.39
2017-12-27,7.45,7.4,7.47,7.4
2017-12-28,7.42,7.45,7.47,7.41
2017-12-29,7.44,7.47,7.49,7.43
2018-01-02,7.47,7.55,7.56,7.46
2018-01-03,7.56,7.56,7.6,7.52
2018-01-04,7.56,7.55,7.57,7.51
2018-01-05,7.55,7.57,7.59,7.52
2018-01-08,7.58,7.58,7.59,7.54
2018-01-09,7.58,7.59,7.61,7.56
2018-01-10,7.57,7.52,7.59,7.49
2018-01-11,7.52,7.58,7.59,7.49
2018-01-12,7.56,7.58,7.59,7.54
2018-01-15,7.58,7.41,7.58,7.39
2018-01-16,7.41,7.43,7.45,7.38
2018-01-17,7.43,7.43,7.45,7.36
2018-01-18,7.43,7.42,7.44,7.38
2018-01-19,7.43,7.45,7.48,7.4
2018-01-22,7.46,7.52,7.54,7.42
2018-01-23,7.52,7.51,7.52,7.47
2018-01-24,7.49,7.54,7.54,7.47
2018-01-25,7.55,7.54,7.57,7.51
2018-01-26,7.55,7.52,7.56,7.5
2018-01-29,7.52,7.42,7.54,7.39
2018-01-30,7.42,7.46,7.55,7.41
2018-01-31,7.47,7.36,7.47,7.33
2018-02-01,7.35,7.09,7.41,7.08
2018-02-02,7.0,7.01,7.08,6.95
2018-02-05,6.95,7.01,7.02,6.91
2018-02-06,6.94,6.61,6.95,6.6
2018-02-07,6.72,6.62,6.75,6.52
2018-02-08,6.63,6.7,6.72,6.58
2018-02-09,6.61,6.46,6.62,6.38
2018-02-12,6.48,6.57,6.61,6.45
2018-02-13,6.57,6.6,6.64,6.56
2018-02-14,6.62,6.61,6.63,6.58
2018-02-22,6.63,6.68,6.69,6.63
2018-02-23,6.68,6.67,6.7,6.64
2018-02-26,6.7,6.8,6.81,6.68
2018-02-27,6.8,6.75,6.81,6.73
2018-02-28,6.72,6.75,6.76,6.68
2018-03-01,6.73,6.83,6.85,6.7
2018-03-02,6.84,6.86,6.97,6.8
2018-03-05,6.84,6.87,6.88,6.81
2018-03-06,6.88,6.92,6.92,6.82
2018-03-07,6.88,6.84,6.91,6.83
2018-03-08,6.83,6.88,6.88,6.83
2018-03-09,6.88,6.93,6.94,6.86
2018-03-12,6.94,7.02,7.03,6.92
2018-03-13,7.0,6.98,7.05,6.97
2018-03-14,6.99,6.94,6.99,6.92
2018-03-15,6.89,6.86,6.93,6.83
2018-03-16,6.87,6.97,6.99,6.85
2018-03-19,6.98,7.02,7.04,6.92
2018-03-20,6.99,6.98,7.01,6.89
2018-03-21,6.99,6.98,7.08,6.95
2018-03-22,7.01,7.06,7.09,6.9
2018-03-23,6.93,6.64,6.96,6.57
2018-03-26,6.67,6.7,6.73,6.52
2018-03-27,6.71,6.88,7.14,6.71
2018-03-28,6.78,6.8,6.86,6.73
2018-03-29,6.82,6.83,6.87,6.78
2018-03-30,6.85,6.94,6.96,6.85
2018-04-02,6.93,6.94,7.05,6.91
2018-04-03,6.88,6.81,6.88,6.79
2018-04-04,6.84,6.82,6.86,6.8
2018-04-09,6.76,6.8,6.82,6.71
2018-04-10,6.8,6.86,6.86,6.75
2018-04-11,6.89,6.95,6.96,6.86
2018-04-12,6.93,6.86,6.95,6.83
2018-04-13,6.88,6.82,6.9,6.8
2018-04-16,6.8,6.77,6.82,6.72
2018-04-17,6.8,6.69,6.8,6.66
2018-04-18,6.89,6.83,6.94,6.72
2018-04-19,6.78,6.88,6.93,6.78
2018-04-20,6.89,6.76,6.9,6.75
2018-04-23,6.77,6.75,6.8,6.7
2018-04-24,6.77,6.89,6.9,6.75
2018-04-25,6.85,6.91,6.93,6.85
2018-04-26,6.93,6.81,6.93,6.77
2018-04-27,6.82,6.92,6.92,6.77
2018-05-02,7.01,7.08,7.2,7.01
2018-05-03,7.09,7.22,7.25,7.04
2018-05-04,7.19,7.17,7.24,7.16
2018-05-07,7.19,7.3,7.3,7.18
2018-05-08,7.29,7.28,7.32,7.24
2018-05-09,7.28,7.27,7.3,7.2
2018-05-10,7.27,7.27,7.29,7.2
2018-05-11,7.27,7.24,7.31,7.23
2018-05-14,7.24,7.24,7.3,7.22
2018-05-15,7.25,7.32,7.32,7.23
2018-05-16,7.31,7.4,7.46,7.28
2018-05-17,7.38,7.33,7.39,7.29
2018-05-18,7.3,7.36,7.38,7.29
2018-05-21,7.4,7.38,7.43,7.33
2018-05-22,7.39,7.39,7.4,7.34
2018-05-23,7.63,7.48,7.88,7.43
2018-05-24,7.37,7.21,7.38,7.2
2018-05-25,7.23,7.13,7.24,7.11
