date,open,close,high,low
2016-01-04,17.13,15.3,17.13,15.3
2016-01-05,14.01,14.06,15.2,13.77
2016-01-06,14.26,14.71,14.74,13.7
2016-01-07,14.33,13.24,14.33,13.24
2016-01-08,13.4,13.18,13.85,12.05
2016-01-11,12.9,11.86,12.96,11.86
2016-01-12,11.86,11.56,12.05,11.13
2016-01-13,11.8,10.63,11.9,10.5
2016-01-14,10.2,10.93,10.99,9.8
2016-01-15,10.78,10.54,11.32,10.36
2016-01-18,10.28,10.95,11.16,10.25
2016-01-19,10.88,11.49,11.66,10.75
2016-01-20,11.3,11.25,11.61,11.11
2016-01-21,10.95,10.52,11.43,10.5
2016-01-22,10.79,10.83,10.98,10.1
2016-01-25,11.05,11.0,11.26,10.77
2016-01-26,10.76,9.9,10.86,9.9
2016-01-27,9.86,9.74,9.99,9.21
2016-01-28,9.59,9.16,9.67,8.93
2016-01-29,9.15,9.51,9.78,9.1
2016-02-01,9.51,9.55,9.68,9.3
2016-02-02,9.55,10.1,10.19,9.51
2016-02-03,9.9,10.62,10.9,9.9
2016-02-04,10.66,11.6,11.63,10.54
2016-02-05,11.6,11.15,11.69,11.0
2016-02-15,10.55,11.92,11.95,10.54
2016-02-16,11.99,12.36,12.5,11.62
2016-02-17,12.3,12.28,12.74,12.0
2016-02-18,12.5,13.34,13.48,12.43
2016-02-19,12.9,13.14,13.45,12.83
2016-02-22,13.35,13.09,13.48,12.73
2016-02-23,13.2,12.67,13.2,12.3
2016-02-24,12.65,12.87,13.15,12.53
2016-02-25,12.78,11.58,12.97,11.58
2016-02-26,11.68,11.24,11.79,11.1
2016-02-29,11.2,10.12,11.2,10.12
2016-03-01,10.24,10.39,10.56,9.47
2016-03-02,10.3,11.1,11.25,10.18
2016-03-03,11.13,11.22,11.52,10.96
2016-03-04,11.22,10.41,11.31,10.23
2016-03-07,10.5,10.7,10.86,10.42
2016-03-08,10.7,10.74,10.75,10.0
2016-03-09,10.3,10.32,10.64,10.21
2016-03-10,10.26,10.81,11.35,10.2
2016-03-11,10.66,10.8,11.21,10.35
2016-03-14,10.95,11.27,11.6,10.8
2016-03-15,11.16,11.07,11.37,10.92
2016-03-16,11.18,10.76,11.25,10.72
2016-03-17,10.8,11.29,11.3,10.8
2016-03-18,11.37,11.93,12.09,11.25
2016-03-21,12.1,12.42,12.59,12.1
2016-03-22,12.21,12.96,13.66,12.09
2016-03-23,12.81,12.91,13.3,12.5
2016-03-24,12.7,12.68,13.45,12.55
2016-03-25,12.58,12.4,12.79,12.19
2016-03-28,12.59,12.87,13.6,12.5
2016-03-29,12.65,12.5,12.89,12.35
2016-03-30,12.9,13.13,13.29,12.58
2016-03-31,13.33,13.57,14.12,13.21
2016-04-01,13.4,13.5,13.55,13.02
2016-08-05,12.57,12.15,12.98,12.15
2016-08-08,11.62,11.1,11.68,10.99
2016-08-09,11.05,11.18,11.27,10.96
2016-08-10,11.24,11.29,11.46,11.08
2016-08-11,11.2,10.9,11.28,10.87
2016-08-12,10.98,10.88,11.02,10.61
2016-08-15,10.8,11.15,11.24,10.72
2016-08-16,11.1,11.2,11.29,11.08
2016-08-17,11.17,11.12,11.18,11.01
2016-08-18,11.07,11.29,11.38,11.03
2016-08-19,11.25,11.14,11.36,11.07
2016-08-22,11.1,10.83,11.21,10.8
2016-08-23,10.83,10.95,10.98,10.73
2016-08-24,11.05,10.91,11.05,10.88
2016-08-25,10.81,10.58,10.82,10.4
2016-08-26,10.62,10.6,10.75,10.55
2016-08-29,10.59,10.62,10.63,10.48
2016-08-30,10.69,10.58,10.69,10.48
2016-08-31,10.54,10.54,10.6,10.4
2016-09-01,10.54,10.6,10.82,10.5
2016-09-02,10.57,10.57,10.74,10.53
2016-09-05,10.65,10.6,10.66,10.55
2016-09-06,10.6,10.63,10.64,10.27
2016-09-07,10.62,10.69,10.76,10.55
2016-09-08,10.69,10.73,10.75,10.63
2016-09-09,10.72,11.03,11.05,10.64
2016-09-12,10.85,11.39,11.47,10.79
2016-09-13,11.3,11.58,11.66,11.19
2016-09-14,11.42,11.16,11.47,11.15
2016-09-19,11.16,11.38,11.42,11.06
2016-09-20,11.37,11.23,11.57,11.2
2016-09-21,11.17,11.14,11.35,11.08
2016-09-22,11.22,11.16,11.3,11.1
2016-09-23,11.18,11.22,11.25,11.09
2016-09-26,11.2,10.53,11.2,10.47
2016-09-27,10.52,10.35,10.52,10.07
2016-09-28,10.29,10.12,10.32,10.07
2016-09-29,10.19,10.16,10.26,10.13
2016-09-30,10.18,10.19,10.23,10.11
2016-10-10,10.27,10.41,10.42,10.17
2016-10-11,10.43,10.47,10.55,10.37
2016-10-12,10.46,10.5,10.64,10.39
2016-10-13,10.44,10.48,10.54,10.44
2016-10-14,10.48,10.32,10.53,10.22
2016-10-17,10.35,10.26,10.38,10.2
2016-10-18,10.25,10.46,10.48,10.22
2016-10-19,10.49,10.41,10.51,10.34
2016-10-20,10.42,10.51,10.57,10.37
2016-10-21,10.46,10.43,10.55,10.35
2016-10-24,10.46,10.52,10.54,10.3
2016-10-25,10.54,10.61,10.63,10.46
2016-10-26,10.6,10.79,10.92,10.48
2016-10-27,10.7,10.72,10.83,10.66
2016-10-28,10.72,10.43,10.72,10.42
2016-10-31,10.38,10.34,10.43,10.24
2016-11-01,10.32,10.45,10.54,10.31
2016-11-02,10.4,10.38,10.47,10.38
2016-11-03,10.32,10.54,10.65,10.31
2016-11-04,10.56,10.48,10.6,10.44
2016-11-07,10.43,10.43,10.55,10.37
2016-11-08,10.45,10.74,10.8,10.42
2016-11-09,10.68,10.77,10.89,10.51
2016-11-10,10.8,10.81,10.92,10.74
2016-11-11,10.79,10.84,11.09,10.73
2016-11-14,10.88,10.97,11.07,10.83
2016-11-15,10.93,11.32,11.45,10.86
2016-11-16,11.38,11.21,11.45,11.17
2016-11-17,11.22,11.28,11.32,11.04
2016-11-18,11.27,11.33,11.49,11.18
2016-11-21,11.3,11.18,11.45,11.15
2016-11-22,11.19,11.4,11.4,11.11
2016-11-23,11.45,11.23,11.48,11.18
2016-11-24,11.21,11.25,11.33,11.14
2016-11-25,11.26,11.18,11.45,11.0
2016-11-28,11.14,10.87,11.19,10.84
2016-11-29,10.79,10.64,11.07,10.62
2016-11-30,10.56,10.36,10.59,10.24
2016-12-01,10.4,10.43,10.49,10.35
2016-12-02,10.41,10.21,10.59,10.2
2016-12-13,9.21,9.43,9.56,9.19
2016-12-14,9.26,9.43,9.68,9.23
2016-12-15,9.44,9.63,9.79,9.31
2016-12-16,9.56,9.97,10.39,9.54
2016-12-19,10.01,9.96,10.3,9.81
2016-12-20,9.95,10.11,10.18,9.88
2016-12-21,10.03,10.06,10.18,10.0
2016-12-22,10.1,10.15,10.25,10.05
2016-12-23,10.18,9.93,10.19,9.89
2016-12-26,9.93,9.79,9.97,9.5
2016-12-27,9.82,9.72,9.87,9.7
2016-12-28,9.72,9.63,9.84,9.6
2016-12-29,9.63,9.84,10.0,9.51
2016-12-30,9.92,10.08,10.16,9.82
2017-01-03,10.05,10.3,10.39,10.05
2017-01-04,10.3,10.36,10.45,10.2
2017-01-05,10.32,10.43,10.54,10.12
2017-01-06,10.43,10.35,10.55,10.3
2017-01-09,10.35,10.63,10.78,10.31
2017-01-10,10.62,10.8,10.87,10.51
2017-01-11,10.74,11.14,11.25,10.74
2017-01-12,11.08,10.88,11.18,10.86
2017-01-13,10.91,10.86,11.04,10.71
2017-01-16,10.8,10.55,11.2,10.11
2017-01-17,10.43,10.65,10.77,10.19
2017-01-18,10.62,10.71,10.84,10.39
2017-01-19,10.62,10.34,10.75,10.3
2017-01-20,10.3,10.54,10.71,10.21
2017-01-23,10.56,10.58,10.74,10.46
2017-01-24,10.58,10.39,10.7,10.35
2017-01-25,10.4,9.83,10.41,9.82
2017-01-26,9.77,9.96,10.0,9.76
2017-02-03,10.0,9.71,10.1,9.7
2017-02-06,9.72,9.95,9.97,9.69
2017-02-07,10.06,10.44,10.47,9.96
2017-02-08,10.41,10.59,10.78,10.32
2017-02-09,10.5,10.58,10.64,10.47
2017-02-10,10.6,10.53,10.64,10.46
2017-04-07,10.05,9.8,10.45,9.65
2017-04-10,9.7,8.84,9.73,8.82
2017-04-11,8.85,8.84,8.9,8.5
2017-04-12,8.8,8.9,9.0,8.63
2017-04-13,8.9,8.77,8.96,8.7
2017-04-14,8.77,8.77,8.84,8.67
2017-04-17,8.7,8.59,8.76,8.4
2017-04-18,8.6,8.61,8.75,8.52
2017-04-19,8.51,8.35,8.58,8.0
2017-04-20,8.29,8.32,8.35,8.16
2017-04-21,8.22,8.23,8.35,8.2
2017-04-24,8.23,7.43,8.23,7.41
2017-04-25,7.43,7.08,7.55,7.0
2017-04-26,7.09,7.17,7.26,7.01
2017-04-27,7.1,7.39,7.46,7.03
2017-04-28,7.38,7.84,8.12,7.35
2017-05-02,7.85,7.99,8.23,7.81
2017-05-03,8.2,7.95,8.2,7.92
2017-05-04,7.9,7.83,8.1,7.78
2017-05-05,7.9,7.78,7.9,7.53
2017-05-08,7.75,7.76,8.08,7.65
2017-05-09,7.69,7.83,7.93,7.51
2017-05-10,7.83,7.64,7.97,7.6
2017-05-11,7.58,7.66,7.75,7.49
2017-05-12,7.78,7.91,7.96,7.66
2017-05-15,7.92,7.82,8.06,7.8
2017-05-16,7.9,7.92,7.96,7.76
2017-05-17,7.87,8.02,8.04,7.87
2017-05-18,7.71,8.08,8.2,7.71
2017-05-19,8.04,7.94,8.11,7.87
2017-05-22,7.85,7.72,7.96,7.7
2017-05-23,7.74,7.37,7.78,7.35
2017-05-24,7.36,7.26,7.38,7.02
2017-05-25,7.28,7.22,7.28,6.98
2017-05-26,7.19,7.09,7.26,7.05
2017-05-31,7.14,7.42,7.49,7.1
2017-06-01,7.32,7.16,7.38,7.1
2017-06-02,7.19,7.0,7.21,6.96
2017-10-16,7.7,7.7,7.7,7.7
2017-10-17,8.47,7.82,8.47,7.81
2017-10-18,7.59,7.63,7.88,7.47
2017-10-19,7.49,7.18,7.59,7.1
2017-10-20,7.31,7.9,7.9,7.23
2017-10-23,8.01,8.11,8.36,7.81
2017-10-24,8.01,7.88,8.11,7.8
2017-10-25,7.93,8.03,8.18,7.87
2017-10-26,7.96,7.97,8.03,7.86
2017-10-27,7.96,7.89,7.99,7.82
2017-10-30,7.86,7.54,7.86,7.36
2017-10-31,7.53,8.29,8.29,7.5
2017-11-01,8.27,8.38,8.47,8.03
2017-11-02,8.24,8.15,8.33,8.13
2017-11-03,8.16,8.26,8.44,8.07
2017-11-06,8.27,8.27,8.38,8.08
2017-11-07,8.22,8.19,8.23,8.06
2017-11-08,8.12,8.27,8.43,8.06
2017-11-09,8.22,8.6,8.66,8.12
2017-11-10,8.5,8.57,8.87,8.46
2017-11-13,8.55,8.43,8.58,8.38
2017-11-14,8.37,8.17,8.43,8.09
2017-11-15,8.12,8.14,8.26,8.11
2017-11-16,8.13,8.14,8.37,8.12
2017-11-17,8.14,7.56,8.14,7.53
2017-11-20,7.53,7.42,7.56,7.0
2017-11-21,7.38,7.47,7.56,7.34
2017-11-22,7.45,7.29,7.48,7.22
2017-11-23,7.28,7.09,7.34,7.05
2017-11-24,7.01,7.14,7.18,6.9
2017-11-27,7.1,7.1,7.23,7.07
2017-11-28,7.06,7.16,7.2,7.05
2017-11-29,7.16,7.18,7.2,7.1
2017-11-30,7.18,7.06,7.24,7.06
2017-12-01,7.11,7.11,7.13,7.05
2017-12-04,7.11,6.95,7.11,6.94
2017-12-05,6.92,6.26,6.98,6.26
2017-12-06,6.24,6.31,6.33,6.07
2017-12-07,6.26,6.32,6.37,6.21
2017-12-08,6.32,6.37,6.41,6.28
2017-12-11,6.37,6.33,6.39,6.3
2017-12-12,6.33,6.57,6.72,6.16
2017-12-13,6.48,6.48,6.63,6.35
2017-12-14,6.45,6.46,6.58,6.36
2017-12-15,6.42,6.46,6.54,6.39
2017-12-18,6.47,6.41,6.56,6.38
2017-12-19,6.41,6.41,6.48,6.38
2017-12-20,6.39,6.25,6.41,6.15
2017-12-21,6.23,6.36,6.43,6.13
2017-12-22,6.36,6.26,6.38,6.25
2017-12-25,6.24,6.22,6.26,6.18
2017-12-26,6.14,6.39,6.47,6.14
2017-12-27,6.43,6.5,6.54,6.4
2017-12-28,6.4,6.45,6.48,6.34
2017-12-29,6.37,6.54,6.57,6.37
2018-01-02,6.53,6.51,6.6,6.45
2018-01-03,6.52,6.6,6.95,6.5
2018-01-11,6.2,6.37,6.5,6.1
2018-01-12,6.22,6.24,6.31,6.2
2018-01-15,6.24,6.1,6.25,6.08
2018-01-16,6.11,6.27,6.39,6.08
2018-01-17,6.2,6.21,6.28,6.08
2018-01-18,6.22,6.31,6.33,6.16
2018-01-19,6.28,6.41,6.56,6.25
2018-01-22,6.33,6.4,6.48,6.28
2018-01-23,6.36,6.42,6.44,6.33
2018-01-24,6.41,6.36,6.41,6.3
2018-01-25,6.34,6.36,6.51,6.34
2018-01-26,6.35,6.5,6.68,6.34
2018-01-29,6.51,6.55,6.57,6.41
2018-01-30,6.55,6.65,6.8,6.41
2018-01-31,6.55,6.4,6.64,6.35
2018-02-01,6.34,5.96,6.38,5.76
2018-02-02,5.8,5.97,6.1,5.37
2018-02-05,5.71,5.72,5.96,5.71
2018-02-06,5.72,5.7,5.75,5.39
2018-02-07,5.68,5.71,5.77,5.41
2018-02-08,5.69,5.98,6.05,5.62
2018-02-09,5.83,5.79,5.95,5.75
2018-02-12,5.79,5.88,6.0,5.77
2018-02-13,6.0,6.08,6.25,5.88
2018-02-14,6.07,5.99,6.08,5.96
2018-02-22,5.98,6.11,6.17,5.95
2018-02-23,6.1,6.07,6.1,6.0
2018-02-26,6.09,6.13,6.2,6.02
2018-02-27,6.13,6.13,6.21,6.08
2018-02-28,6.12,6.11,6.19,6.03
2018-03-01,6.09,6.11,6.16,6.06
2018-03-02,6.06,6.1,6.16,5.93
2018-03-05,6.06,6.02,6.09,6.01
2018-03-06,6.03,6.13,6.15,5.98
2018-03-07,6.14,6.21,6.24,6.1
2018-03-08,6.2,6.24,6.3,6.17
2018-03-09,6.26,6.39,6.48,6.18
2018-03-12,6.5,6.52,6.67,6.35
2018-03-13,6.47,6.6,6.7,6.36
2018-03-14,6.6,6.44,6.7,6.4
2018-03-15,6.45,6.61,6.63,6.4
2018-03-16,6.64,6.59,6.64,6.51
2018-03-19,6.57,6.77,6.8,6.45
2018-03-20,6.68,6.69,7.12,6.65
2018-03-21,6.69,6.67,6.77,6.59
2018-03-22,6.67,6.8,6.87,6.45
2018-03-23,6.64,6.61,6.76,6.45
2018-03-26,6.54,6.71,6.74,6.41
2018-03-27,6.77,7.03,7.05,6.77
2018-03-28,6.92,6.99,7.02,6.89
2018-03-29,6.98,6.97,7.06,6.87
2018-03-30,6.94,6.97,7.17,6.91
2018-04-02,6.95,6.88,6.96,6.82
2018-04-03,6.82,6.87,6.88,6.68
2018-04-04,6.95,6.84,6.96,6.8
2018-04-09,6.83,6.78,6.9,6.65
2018-04-10,6.83,6.89,6.93,6.76
2018-04-11,6.89,6.78,6.93,6.78
2018-04-12,6.74,6.66,6.82,6.63
2018-04-13,6.66,6.67,6.76,6.57
2018-04-16,6.87,6.95,7.02,6.77
2018-04-17,6.86,6.68,6.94,6.66
2018-04-18,6.68,6.73,6.75,6.58
2018-04-19,6.7,6.96,7.05,6.64
2018-04-20,6.97,6.77,6.98,6.75
2018-04-23,6.65,6.89,6.91,6.65
2018-04-24,6.9,6.85,6.93,6.84
2018-04-25,6.79,6.8,6.86,6.74
2018-04-26,6.79,6.88,6.95,6.73
2018-04-27,6.86,6.76,6.89,6.5
2018-05-02,6.72,6.58,6.73,6.54
2018-05-03,6.6,6.62,6.7,6.5
2018-05-04,6.66,6.65,6.66,6.6
2018-05-07,6.64,6.73,6.75,6.57
2018-05-08,6.73,6.68,6.79,6.64
2018-05-09,6.68,6.68,6.72,6.65
2018-05-10,6.66,6.62,6.74,6.6
2018-05-11,6.64,6.61,6.7,6.57
2018-05-14,6.58,6.83,6.84,6.58
2018-05-15,6.84,6.9,6.95,6.79
2018-05-16,6.88,6.86,6.92,6.78
2018-05-17,6.86,7.03,7.04,6.82
2018-05-18,7.03,7.09,7.12,6.93
2018-05-21,7.08,7.01,7.2,6.97
2018-05-22,6.95,6.86,6.97,6.79
2018-05-23,6.76,7.06,7.1,6.76
2018-05-24,7.07,7.0,7.12,6.94
2018-05-25,6.96,6.96,7.04,6.89
