date,open,close,high,low
2016-01-04,8.661,7.792,8.73,7.777
2016-01-05,7.07,7.448,7.782,7.021
2016-01-06,7.429,7.66,7.684,7.429
2016-01-07,7.365,6.928,7.512,6.903
2016-01-08,7.11,7.247,7.424,6.412
2016-01-11,6.923,6.525,7.198,6.52
2016-01-12,6.506,6.599,6.707,6.422
2016-01-13,6.678,6.481,6.923,6.471
2016-01-14,6.182,6.707,6.771,6.137
2016-01-15,6.628,6.295,6.756,6.187
2016-01-18,6.285,6.447,6.57,6.093
2016-01-19,6.481,6.712,6.746,6.368
2016-01-20,6.874,7.021,7.11,6.741
2016-01-21,6.771,6.678,7.119,6.663
2016-01-22,6.874,6.727,6.918,6.398
2016-01-25,6.751,6.795,6.903,6.678
2016-01-26,6.658,6.118,6.766,6.118
2016-01-27,6.177,5.853,6.26,5.504
2016-01-28,5.73,5.362,5.877,5.288
2016-01-29,5.44,5.548,5.759,5.362
2016-02-01,5.563,5.553,5.646,5.489
2016-02-02,5.563,5.853,5.892,5.563
2016-02-03,5.789,6.069,6.113,5.745
2016-02-04,6.069,6.368,6.555,5.995
2016-02-05,6.378,6.245,6.437,6.231
2016-02-15,6.118,6.295,6.349,6.069
2016-02-16,6.236,6.535,6.57,6.201
2016-02-17,6.506,6.525,6.599,6.383
2016-02-18,6.53,6.442,6.579,6.388
2016-02-19,6.398,6.496,6.604,6.398
2016-02-22,6.717,6.594,6.766,6.579
2016-02-23,6.57,6.53,6.648,6.349
2016-02-24,6.466,6.55,6.56,6.358
2016-02-25,6.54,5.897,6.54,5.897
2016-02-26,5.936,5.799,6.059,5.627
2016-02-29,5.799,5.313,5.799,5.224
2016-03-01,5.342,5.425,5.529,5.205
2016-03-02,5.401,5.794,5.853,5.401
2016-03-03,5.75,5.735,5.916,5.71
2016-03-04,5.71,5.406,5.804,5.357
2016-03-07,5.475,5.666,5.691,5.425
2016-03-08,5.646,5.661,5.696,5.411
2016-03-09,5.509,5.548,5.622,5.489
2016-03-10,5.475,5.465,5.617,5.44
2016-03-11,5.411,5.465,5.548,5.357
2016-03-14,5.548,5.691,5.828,5.548
2016-03-15,5.696,5.651,5.725,5.607
2016-03-16,5.745,5.637,5.779,5.529
2016-03-17,5.637,6.201,6.201,5.637
2016-03-18,6.304,6.57,6.658,6.304
2016-03-21,6.668,6.682,6.913,6.584
2016-03-22,6.668,7.085,7.306,6.53
2016-03-23,6.874,7.213,7.345,6.805
2016-03-24,7.144,7.08,7.257,6.972
2016-03-25,7.119,7.203,7.311,7.021
2016-03-28,7.237,7.051,7.797,6.962
2016-03-29,7.085,6.987,7.365,6.913
2016-03-30,7.218,7.473,7.512,6.952
2016-03-31,7.851,8.003,8.205,7.512
2016-04-01,8.322,8.229,8.587,8.018
2016-04-05,8.219,8.681,8.725,8.126
2016-04-06,8.357,8.401,8.632,8.273
2016-04-07,8.396,8.342,8.681,8.337
2016-04-08,8.347,8.612,8.912,8.303
2016-04-11,8.597,9.295,9.461,8.494
2016-04-12,9.24,9.064,9.427,8.735
2016-04-13,9.147,8.931,9.152,8.833
2016-04-14,8.931,8.754,9.024,8.617
2016-04-15,8.784,8.745,8.902,8.681
2016-04-18,8.745,8.862,9.029,8.2
2016-04-19,8.794,8.74,8.877,8.475
2016-04-20,8.892,8.17,9.02,8.101
2016-04-21,8.028,7.679,8.19,7.645
2016-04-22,7.664,8.042,8.175,7.576
2016-04-25,7.949,8.317,8.494,7.88
2016-04-26,8.342,8.705,8.725,8.254
2016-04-27,8.779,8.71,8.887,8.543
2016-04-28,8.641,8.656,8.862,8.15
2016-04-29,8.548,9.191,9.407,8.548
2016-05-03,9.172,10.11,10.11,9.128
2016-05-04,10.434,10.11,10.743,9.923
2016-05-05,10.33,10.065,10.36,9.79
2016-05-06,10.07,9.756,10.488,9.722
2016-05-09,9.722,9.673,10.006,9.329
2016-05-10,9.623,9.461,10.286,9.452
2016-05-11,9.761,9.26,9.766,8.887
2016-05-12,9.167,9.638,9.717,8.794
2016-05-13,9.638,9.761,10.154,9.525
2016-05-16,9.574,10.733,10.738,9.432
2016-05-17,10.802,10.139,10.9,10.031
2016-05-18,10.114,9.648,10.114,9.427
2016-05-19,9.697,9.766,9.967,9.623
2016-05-20,9.56,9.795,9.81,9.324
2016-05-23,9.722,9.869,9.908,9.668
2016-05-24,9.781,9.324,9.83,9.27
2016-05-25,9.422,8.838,9.452,8.789
2016-05-26,8.848,9.216,9.27,8.627
2016-05-27,9.137,9.378,9.55,9.113
2016-05-30,9.24,9.864,10.213,9.231
2016-05-31,9.771,10.07,10.164,9.746
2016-06-01,10.07,9.977,10.434,9.943
2016-06-02,9.997,10.08,10.203,9.81
2016-06-03,9.992,9.889,10.355,9.874
2016-06-06,9.889,10.566,10.581,9.889
2016-06-07,10.551,10.404,10.571,10.218
2016-06-08,10.355,10.247,10.399,9.81
2016-06-13,9.82,9.727,10.242,9.722
2016-06-14,9.746,9.255,9.864,9.226
2016-06-15,9.162,10.183,10.183,9.162
2016-06-16,10.311,10.335,10.797,10.168
2016-06-17,10.424,9.731,10.689,9.609
2016-06-20,9.722,9.677,9.805,9.412
2016-06-21,9.751,9.623,10.129,9.363
2016-06-22,9.501,9.785,9.869,9.329
2016-06-23,9.79,9.466,9.79,9.329
2016-06-24,9.471,9.339,9.584,8.838
2016-06-27,9.329,9.422,9.452,9.25
2016-06-28,9.477,9.293,9.566,9.214
2016-06-29,9.333,9.472,9.492,9.229
2016-06-30,9.497,9.254,9.526,9.219
2016-07-01,9.249,9.12,9.268,9.05
2016-07-04,9.174,9.358,9.397,9.12
2016-07-05,9.358,9.368,9.417,8.976
2016-07-06,9.273,9.576,9.695,9.259
2016-07-07,9.571,9.516,9.621,9.323
2016-07-08,9.536,9.442,9.536,9.373
2016-07-11,9.407,9.159,9.467,9.075
2016-07-12,9.125,9.04,9.174,8.911
2016-07-13,9.125,9.13,9.194,9.03
2016-07-14,9.075,9.139,9.154,8.986
2016-07-15,9.139,8.956,9.139,8.936
2016-07-18,8.956,8.936,9.025,8.921
2016-07-19,8.926,8.768,8.926,8.629
2016-07-20,8.892,9.288,9.363,8.892
2016-07-21,9.288,9.125,9.288,9.04
2016-07-22,9.11,8.991,9.139,8.961
2016-07-25,8.926,8.936,8.971,8.777
2016-07-26,9.02,8.961,9.02,8.906
2016-07-27,8.966,8.237,9.001,8.063
2016-07-28,8.232,8.009,8.247,7.726
2016-07-29,7.994,7.939,8.024,7.806
2016-08-01,7.969,7.944,8.014,7.766
2016-08-02,7.984,8.138,8.232,7.934
2016-08-03,8.143,8.019,8.143,8.009
2016-08-04,8.034,8.058,8.083,7.939
2016-08-05,8.044,7.855,8.078,7.835
2016-08-08,7.885,7.949,7.959,7.791
2016-08-09,7.949,8.291,8.316,7.939
2016-08-10,8.301,8.287,8.465,8.232
2016-08-11,8.232,8.108,8.341,8.103
2016-08-12,8.078,8.192,8.331,8.014
2016-08-15,8.287,8.321,8.366,8.113
2016-08-16,8.321,8.505,8.644,8.277
2016-08-17,8.569,8.678,8.728,8.465
2016-08-18,8.663,8.569,8.663,8.48
2016-08-19,8.867,8.673,9.095,8.579
2016-08-22,8.554,8.411,8.668,8.406
2016-08-23,8.406,8.817,8.852,8.406
2016-08-24,8.817,8.877,8.931,8.668
2016-08-25,8.926,8.906,8.951,8.594
2016-08-26,8.812,8.832,8.906,8.683
2016-08-29,8.743,8.559,8.802,8.525
2016-08-30,8.579,8.594,8.614,8.495
2016-08-31,8.594,8.926,9.016,8.5
2016-09-01,8.867,8.981,9.05,8.787
2016-09-02,9.229,8.544,9.373,8.42
2016-09-05,8.425,8.212,8.495,8.143
2016-09-06,8.257,8.252,8.287,7.939
2016-09-07,8.257,8.133,8.257,8.118
2016-09-08,8.148,8.172,8.182,8.118
2016-09-09,8.172,8.004,8.202,7.974
2016-09-12,7.86,7.771,7.91,7.736
2016-09-13,7.771,7.652,7.83,7.567
2016-09-14,7.627,7.513,7.627,7.498
2016-09-19,7.518,7.592,7.597,7.518
2016-09-20,7.602,7.607,7.672,7.587
2016-09-21,7.652,7.652,7.711,7.617
2016-09-22,7.706,7.632,7.736,7.602
2016-09-23,7.637,7.558,7.662,7.538
2016-09-26,7.558,7.379,7.602,7.369
2016-09-27,7.389,7.369,7.439,7.28
2016-09-28,7.414,7.404,7.414,7.329
2016-09-29,7.404,7.434,7.558,7.329
2016-09-30,7.463,7.577,7.607,7.439
2016-10-10,7.612,7.89,7.964,7.612
2016-10-11,7.86,7.984,8.024,7.86
2016-10-12,7.979,7.865,7.989,7.806
2016-10-13,7.885,7.865,7.915,7.801
2016-10-14,7.825,7.865,7.895,7.815
2016-10-17,7.885,7.781,7.969,7.751
2016-10-18,7.786,7.925,7.934,7.786
2016-10-19,7.925,7.92,8.222,7.875
2016-10-20,7.87,7.92,7.959,7.86
2016-10-21,7.92,7.845,7.92,7.781
2016-10-24,7.81,7.9,7.91,7.786
2016-10-25,7.89,7.999,8.049,7.89
2016-10-26,7.974,7.85,8.029,7.81
2016-10-27,7.85,7.855,7.88,7.815
2016-10-28,7.835,7.682,7.865,7.672
2016-10-31,7.667,7.652,7.726,7.439
2016-11-01,7.662,7.796,7.81,7.597
2016-11-02,7.81,7.677,7.825,7.652
2016-11-03,7.642,7.696,7.806,7.642
2016-11-04,7.716,7.647,7.771,7.637
2016-11-07,7.652,7.528,7.736,7.463
2016-11-08,7.553,7.528,7.602,7.488
2016-11-09,7.503,7.488,7.563,7.344
2016-11-10,7.553,7.622,7.662,7.513
2016-11-11,7.602,7.607,7.627,7.439
2016-11-14,7.577,7.632,7.726,7.577
2016-11-15,7.632,7.587,7.647,7.493
2016-11-16,7.602,7.726,7.781,7.602
2016-11-17,7.726,7.637,7.726,7.553
2016-11-18,7.662,7.582,7.672,7.558
2016-11-21,7.597,7.553,7.622,7.538
2016-11-22,7.563,7.582,7.612,7.513
2016-11-23,7.597,7.553,7.622,7.488
2016-11-24,7.553,7.523,7.582,7.513
2016-11-25,7.558,7.548,7.563,7.439
2016-11-28,7.582,7.607,7.622,7.508
2016-11-29,7.865,8.039,8.331,7.865
2016-11-30,7.974,7.786,7.974,7.686
2016-12-01,7.736,7.642,7.786,7.597
2016-12-02,7.686,7.444,7.686,7.439
2016-12-05,7.339,7.205,7.384,7.201
2016-12-06,7.24,7.23,7.32,7.215
2016-12-07,7.225,7.3,7.305,7.205
2016-12-08,7.315,7.141,7.315,7.126
2016-12-09,7.136,7.126,7.191,7.101
2016-12-12,7.181,6.561,7.181,6.521
2016-12-13,6.591,6.511,6.596,6.392
2016-12-14,6.511,6.407,6.511,6.348
2016-12-15,6.387,6.472,6.491,6.357
2016-12-16,6.893,6.834,6.982,6.769
2016-12-19,7.339,7.518,7.518,7.29
2016-12-20,7.27,7.131,7.399,7.091
2016-12-21,7.136,7.176,7.334,7.007
2016-12-22,7.176,7.032,7.176,6.977
2016-12-23,7.067,6.804,7.072,6.734
2016-12-26,6.784,6.848,6.878,6.571
2016-12-27,6.819,6.829,6.878,6.744
2016-12-28,6.853,6.724,6.853,6.65
2016-12-29,6.7,6.7,6.764,6.645
2016-12-30,6.665,6.62,6.729,6.576
2017-01-03,6.625,6.729,6.749,6.625
2017-01-04,6.695,6.824,6.853,6.685
2017-01-05,6.804,6.938,6.962,6.789
2017-01-06,6.918,6.794,6.933,6.784
2017-01-09,6.794,6.928,6.938,6.754
2017-01-10,6.938,6.853,7.012,6.824
2017-01-11,6.839,6.834,6.898,6.794
2017-01-12,6.814,6.734,6.858,6.695
2017-01-13,6.719,6.63,6.819,6.586
2017-01-16,6.64,6.248,6.685,6.05
2017-01-17,6.288,6.357,6.372,6.159
2017-01-18,6.343,6.348,6.442,6.303
2017-01-19,6.338,6.481,6.546,6.298
2017-01-20,6.481,6.546,6.586,6.462
2017-01-23,6.551,6.62,6.759,6.546
2017-01-24,6.61,6.695,6.938,6.61
2017-01-25,6.715,6.645,6.719,6.496
2017-01-26,6.665,6.71,6.784,6.645
2017-02-03,6.7,6.69,6.779,6.625
2017-02-06,6.7,6.724,6.729,6.65
2017-02-07,6.729,6.764,6.819,6.68
2017-02-08,6.769,6.804,6.809,6.685
2017-02-09,6.804,6.809,6.819,6.734
2017-02-10,6.814,6.754,6.824,6.744
2017-02-13,6.754,6.734,6.774,6.68
2017-02-14,6.71,6.744,6.759,6.69
2017-02-15,6.715,6.759,6.824,6.715
2017-02-16,6.938,6.948,7.161,6.918
2017-02-17,6.923,6.764,6.923,6.749
2017-02-20,6.729,6.848,6.863,6.729
2017-02-21,6.878,6.938,6.967,6.868
2017-02-22,6.893,6.977,6.987,6.873
2017-02-23,7.007,6.933,7.017,6.858
2017-02-24,6.967,6.997,7.012,6.908
2017-02-27,6.997,6.903,7.007,6.893
2017-02-28,6.903,6.873,6.933,6.794
2017-03-01,6.873,6.938,6.943,6.848
2017-03-02,6.967,6.992,7.136,6.962
2017-03-03,6.923,7.042,7.082,6.853
2017-03-06,7.141,7.225,7.329,7.116
2017-03-07,7.215,7.215,7.364,7.171
2017-03-08,7.21,7.111,7.22,7.062
2017-03-09,7.111,7.116,7.22,7.022
2017-03-10,7.106,7.062,7.166,6.982
2017-03-13,7.027,7.072,7.106,6.972
2017-03-14,7.101,7.106,7.186,7.047
2017-03-15,7.091,7.027,7.101,6.997
2017-03-16,7.062,7.077,7.116,7.042
2017-03-17,7.106,7.022,7.156,7.017
2017-03-22,7.24,7.463,7.627,7.201
2017-03-23,7.389,7.354,7.439,7.215
2017-03-24,7.324,7.354,7.379,7.245
2017-03-27,7.339,7.245,7.369,7.22
2017-03-28,7.265,7.29,7.32,7.225
2017-03-29,7.29,7.201,7.32,7.191
2017-03-30,7.166,6.928,7.181,6.893
2017-03-31,6.943,6.953,7.042,6.893
2017-04-05,7.091,7.26,7.32,7.091
2017-04-06,7.24,7.28,7.29,7.186
2017-04-07,7.339,7.429,7.637,7.215
2017-04-10,7.349,7.434,7.558,7.29
2017-04-11,7.434,7.677,8.019,7.394
2017-04-12,7.543,7.419,7.597,7.379
2017-04-13,7.364,7.567,7.652,7.344
2017-04-14,7.572,7.369,7.647,7.339
2017-04-17,7.359,7.439,7.488,7.285
2017-04-18,7.473,7.086,7.473,7.072
2017-04-19,7.052,6.948,7.136,6.873
2017-04-20,6.953,6.769,7.022,6.719
2017-04-21,6.794,6.824,6.839,6.759
2017-04-24,6.819,6.467,6.819,6.427
2017-04-25,6.477,6.501,6.615,6.477
2017-04-26,6.501,6.6,6.645,6.472
2017-04-27,6.551,6.7,6.779,6.447
2017-04-28,6.645,6.71,6.729,6.605
2017-05-02,6.69,6.759,6.893,6.67
2017-05-03,6.719,6.685,6.769,6.645
2017-05-04,6.69,6.734,6.834,6.65
2017-05-05,6.665,6.749,6.843,6.665
2017-05-08,6.67,6.367,6.754,6.328
2017-05-09,6.367,6.402,6.407,6.179
2017-05-10,6.377,6.238,6.472,6.224
2017-05-11,6.224,6.238,6.328,6.015
2017-05-12,6.243,6.288,6.313,6.214
2017-05-15,6.283,6.348,6.417,6.258
2017-05-16,6.372,6.491,6.496,6.303
2017-05-17,6.491,6.541,6.615,6.491
2017-05-18,6.541,6.486,6.586,6.477
2017-05-19,6.506,6.447,6.526,6.367
2017-05-22,6.402,6.556,6.719,6.323
2017-05-23,6.556,6.224,6.576,6.164
2017-05-24,6.149,6.293,6.298,6.05
2017-05-25,6.263,6.318,6.333,6.144
2017-05-26,6.348,6.377,6.417,6.328
2017-05-31,6.462,6.343,6.531,6.338
2017-06-01,6.328,6.164,6.372,6.139
2017-06-02,6.174,6.293,6.303,6.149
2017-06-05,6.288,6.348,6.372,6.273
2017-06-06,6.348,6.397,6.442,6.308
2017-06-07,6.392,6.531,6.561,6.367
2017-06-08,6.571,6.566,6.744,6.526
2017-06-09,6.576,6.6,6.685,6.511
2017-06-12,6.571,6.472,6.62,6.452
2017-06-13,6.442,6.586,6.605,6.437
2017-06-14,6.531,6.566,6.645,6.531
2017-06-15,6.6,6.64,6.655,6.556
2017-06-16,6.66,6.61,6.665,6.576
2017-06-19,6.61,6.64,6.66,6.581
2017-06-20,6.64,6.65,6.685,6.615
2017-06-21,6.655,6.591,6.66,6.541
2017-06-22,6.591,6.496,6.64,6.486
2017-06-23,6.437,6.417,6.486,6.278
2017-06-26,6.412,6.506,6.511,6.367
2017-06-27,6.511,6.531,6.571,6.462
2017-06-28,6.501,6.491,6.561,6.472
2017-06-29,6.491,6.546,6.62,6.472
2017-06-30,6.506,6.596,6.605,6.506
2017-07-03,6.615,6.635,6.65,6.596
2017-07-04,6.645,6.615,6.66,6.576
2017-07-05,6.596,6.685,6.705,6.596
2017-07-06,6.695,6.685,6.754,6.64
2017-07-07,6.69,6.754,6.754,6.68
2017-07-10,6.739,6.71,6.774,6.675
2017-07-11,6.71,6.675,6.715,6.605
2017-07-12,6.66,6.61,6.675,6.516
2017-07-13,6.64,6.6,6.64,6.546
2017-07-14,6.615,6.521,6.615,6.511
2017-07-17,6.516,6.124,6.516,6.09
2017-07-18,6.124,6.194,6.209,6.065
2017-07-19,6.194,6.243,6.253,6.139
2017-07-20,6.238,6.243,6.308,6.199
2017-07-21,6.263,6.278,6.288,6.224
2017-07-24,6.273,6.343,6.357,6.243
2017-07-25,6.348,6.303,6.353,6.243
2017-07-26,6.323,6.273,6.323,6.238
2017-07-27,6.273,6.397,6.422,6.253
2017-07-28,6.397,6.338,6.417,6.323
2017-07-31,6.338,6.392,6.432,6.288
2017-08-01,6.392,6.556,6.581,6.353
2017-08-02,6.551,6.457,6.586,6.437
2017-08-03,6.447,6.506,6.62,6.437
2017-08-04,6.506,6.521,6.6,6.467
2017-08-07,6.531,6.561,6.615,6.511
2017-08-08,6.566,6.491,6.566,6.447
2017-08-09,6.496,6.501,6.536,6.462
2017-08-10,6.501,6.442,6.521,6.402
2017-08-11,6.432,6.382,6.467,6.362
2017-08-14,6.392,6.536,6.541,6.392
2017-08-15,6.521,6.69,6.784,6.501
2017-08-16,6.685,6.645,6.695,6.605
2017-08-17,6.66,6.724,6.754,6.625
2017-08-18,6.739,6.6,6.819,6.596
2017-08-21,6.605,6.744,6.754,6.605
2017-08-22,6.759,6.675,6.764,6.605
2017-08-23,6.675,6.62,6.724,6.581
2017-08-24,6.64,6.45,6.64,6.44
2017-08-25,6.41,6.46,6.5,6.25
2017-08-28,6.4,6.65,6.69,6.38
2017-08-29,6.67,6.54,6.71,6.52
2017-08-30,6.49,6.43,6.54,6.4
2017-08-31,6.41,6.38,6.47,6.33
2017-09-01,6.4,6.41,6.48,6.36
2017-09-04,6.41,6.41,6.46,6.35
2017-09-05,6.4,6.45,6.45,6.35
2017-09-06,6.41,6.4,6.44,6.39
2017-09-07,6.39,6.46,6.57,6.38
2017-09-08,6.46,6.43,6.5,6.37
2017-09-11,6.43,7.07,7.07,6.41
2017-09-12,7.1,7.12,7.4,7.0
2017-09-13,7.05,6.97,7.1,6.93
2017-09-14,7.0,6.94,7.08,6.9
2017-09-15,6.89,6.95,6.96,6.81
2017-09-18,6.95,7.24,7.28,6.91
2017-09-19,7.13,7.14,7.23,7.03
2017-09-20,7.17,7.03,7.17,6.96
2017-09-21,7.0,6.89,7.1,6.84
2017-09-22,6.9,6.92,6.96,6.87
2017-09-25,6.9,6.75,6.96,6.73
2017-09-26,6.73,6.73,6.81,6.66
2017-09-27,6.73,6.8,6.84,6.69
2017-09-28,6.82,6.71,6.82,6.68
2017-09-29,6.71,6.75,6.81,6.71
2017-10-09,6.9,6.85,7.01,6.81
2017-10-10,6.82,6.92,6.93,6.8
2017-10-11,6.93,6.85,6.95,6.83
2017-10-12,6.83,6.81,6.93,6.74
2017-10-13,6.78,6.82,6.83,6.74
2017-10-16,6.84,6.64,6.85,6.6
2017-10-17,6.67,6.64,6.69,6.6
2017-10-18,6.64,6.58,6.66,6.57
2017-10-19,6.58,6.44,6.6,6.42
2017-10-20,6.45,6.53,6.53,6.45
2017-10-23,6.54,6.51,6.6,6.47
2017-10-24,6.52,6.44,6.53,6.41
2017-10-25,6.44,6.47,6.49,6.39
2017-10-26,6.46,6.47,6.51,6.44
2017-10-27,6.46,6.42,6.5,6.41
2017-10-30,6.4,6.22,6.45,6.15
2017-10-31,6.18,6.22,6.26,6.15
2017-11-01,6.21,6.24,6.29,6.21
2017-11-02,6.24,6.11,6.26,6.06
2017-11-03,6.11,6.07,6.16,6.04
2017-11-06,6.09,6.11,6.12,6.01
2017-11-07,6.11,6.12,6.13,6.05
2017-11-08,6.11,6.29,6.38,6.08
2017-11-09,6.26,6.26,6.31,6.2
2017-11-10,6.26,6.24,6.26,6.15
2017-11-13,6.26,6.2,6.26,6.17
2017-11-14,6.19,6.07,6.23,6.05
2017-11-15,6.08,6.06,6.15,6.05
2017-11-16,6.07,6.14,6.22,6.07
2017-11-17,6.21,5.95,6.22,5.8
2017-11-20,5.93,5.91,5.98,5.78
2017-11-21,5.86,5.8,5.87,5.75
2017-11-22,5.82,5.83,5.88,5.79
2017-11-23,5.85,5.71,5.87,5.7
2017-11-24,5.68,5.7,5.73,5.62
2017-11-27,5.74,5.62,5.74,5.58
2017-11-28,5.63,5.66,5.69,5.6
2017-11-29,5.65,5.6,5.66,5.48
2017-11-30,5.6,5.53,5.6,5.51
2017-12-01,5.56,5.55,5.59,5.53
2017-12-04,5.56,5.46,5.57,5.44
2017-12-05,5.44,5.23,5.48,5.2
2017-12-06,5.23,5.35,5.4,5.22
2017-12-07,5.33,5.36,5.38,5.3
2017-12-08,5.37,5.38,5.39,5.32
2017-12-11,5.35,5.39,5.41,5.35
2017-12-12,5.39,5.33,5.4,5.33
2017-12-13,5.32,5.36,5.37,5.32
2017-12-14,5.36,5.31,5.41,5.24
2017-12-15,5.34,5.32,5.34,5.28
2017-12-18,5.33,5.27,5.34,5.26
2017-12-19,5.27,5.31,5.34,5.27
2017-12-20,5.3,5.24,5.32,5.23
2017-12-21,5.26,5.23,5.26,5.19
2017-12-22,5.23,5.2,5.28,5.18
2017-12-25,5.18,5.15,5.22,4.98
2017-12-26,5.14,5.18,5.22,5.11
2017-12-27,5.18,5.13,5.19,5.1
2017-12-28,5.1,5.12,5.16,5.1
2017-12-29,5.08,5.1,5.14,5.08
2018-01-02,5.1,5.19,5.2,5.1
2018-01-03,5.16,5.25,5.28,5.16
2018-01-04,5.25,5.31,5.34,5.21
2018-01-05,5.32,5.29,5.32,5.25
2018-01-08,5.28,5.29,5.31,5.25
2018-01-09,5.28,5.25,5.3,5.22
2018-01-10,5.26,5.19,5.26,5.16
2018-01-11,5.17,5.28,5.28,5.14
2018-01-12,5.27,5.26,5.29,5.24
2018-01-15,5.27,5.06,5.28,5.06
2018-01-16,5.05,5.09,5.12,5.05
2018-01-17,5.08,5.02,5.1,4.9
2018-01-18,5.0,5.0,5.03,4.97
2018-01-19,4.99,4.96,4.99,4.91
2018-01-22,4.97,5.03,5.04,4.93
2018-01-23,5.02,5.05,5.05,4.99
2018-01-24,5.01,5.12,5.14,5.01
2018-01-25,5.11,5.63,5.63,5.1
2018-01-26,5.74,5.51,5.74,5.45
2018-01-29,5.47,5.31,5.49,5.25
2018-01-30,5.3,5.31,5.34,5.25
2018-01-31,5.3,5.06,5.32,5.05
2018-02-01,5.06,4.94,5.09,4.89
2018-02-02,4.87,4.82,4.96,4.5
2018-02-05,4.71,4.73,4.84,4.7
2018-02-06,4.68,4.44,4.77,4.3
2018-02-07,4.5,4.49,4.57,4.38
2018-02-08,4.52,4.6,4.63,4.44
2018-02-09,4.51,4.47,4.55,4.33
2018-02-12,4.46,4.58,4.6,4.46
2018-02-13,4.61,4.57,4.62,4.56
2018-02-14,4.53,4.68,4.88,4.53
2018-02-22,4.71,4.8,4.83,4.64
2018-02-23,4.8,4.78,4.8,4.73
2018-02-26,4.77,4.83,4.87,4.77
2018-02-27,4.85,4.78,4.85,4.76
2018-02-28,4.78,4.74,4.79,4.71
2018-03-01,4.72,4.96,5.15,4.72
2018-03-02,4.88,5.14,5.25,4.88
2018-03-05,5.11,5.07,5.15,5.02
2018-03-06,5.12,5.1,5.15,5.02
2018-03-07,5.1,5.01,5.1,5.0
2018-03-08,5.02,4.98,5.04,4.95
2018-03-09,5.05,5.06,5.11,5.02
2018-03-12,5.06,5.08,5.13,5.02
2018-03-13,5.08,5.08,5.13,5.07
2018-03-14,5.1,5.04,5.15,5.04
2018-03-15,5.05,4.92,5.05,4.85
2018-03-16,4.92,5.41,5.41,4.91
2018-03-19,5.7,5.51,5.7,5.42
2018-03-20,5.27,5.31,5.39,5.17
2018-03-21,5.27,5.19,5.39,5.16
2018-03-22,5.2,5.18,5.23,5.11
2018-03-23,5.05,4.73,5.1,4.66
2018-03-26,4.65,4.82,4.85,4.6
2018-03-27,4.89,5.3,5.3,4.83
2018-03-28,5.17,5.29,5.38,5.12
2018-03-29,5.21,5.25,5.35,5.19
2018-03-30,5.28,5.32,5.45,5.24
2018-04-02,5.34,5.24,5.43,5.21
2018-04-03,5.08,5.19,5.21,5.06
2018-04-04,5.21,5.15,5.29,5.12
2018-04-09,5.16,5.11,5.22,5.09
2018-04-10,5.13,5.16,5.16,5.09
2018-04-11,5.19,5.13,5.19,5.12
2018-04-12,5.13,5.21,5.43,5.11
2018-04-13,5.2,5.26,5.35,5.16
2018-04-16,5.21,5.15,5.3,5.12
2018-04-17,5.14,4.97,5.18,4.95
2018-04-18,5.02,5.02,5.05,4.86
2018-04-19,4.98,5.0,5.1,4.98
2018-04-20,5.0,4.85,5.03,4.84
2018-04-23,4.85,4.8,4.9,4.75
2018-04-24,4.85,4.93,4.96,4.8
2018-04-25,4.93,4.98,5.02,4.87
2018-04-26,4.95,4.83,4.99,4.81
2018-04-27,4.84,4.83,4.9,4.79
2018-05-02,4.82,4.71,4.86,4.69
2018-05-03,4.68,4.78,4.84,4.61
2018-05-04,4.77,4.73,4.79,4.72
2018-05-07,4.75,4.82,4.83,4.74
2018-05-08,4.82,4.9,4.94,4.78
2018-05-09,4.9,4.89,4.92,4.85
2018-05-10,4.93,4.94,4.95,4.87
2018-05-11,4.97,4.98,5.17,4.94
2018-05-14,4.9,4.97,4.99,4.84
2018-05-15,4.96,4.98,4.99,4.9
2018-05-16,4.97,4.92,4.98,4.91
2018-05-17,4.92,4.84,4.95,4.83
2018-05-18,4.83,4.83,4.87,4.8
2018-05-21,4.84,4.91,4.92,4.83
2018-05-22,4.91,4.93,4.96,4.89
2018-05-23,4.97,4.85,4.97,4.78
2018-05-24,4.85,4.84,4.86,4.81
2018-05-25,4.82,4.77,4.85,4.75
