date,open,close,high,low
2016-01-04,6.963,6.29,6.983,6.29
2016-01-05,5.775,6.141,6.369,5.775
2016-01-06,6.151,6.339,6.389,6.131
2016-01-07,6.25,5.775,6.26,5.735
2016-01-08,5.953,5.953,6.082,5.537
2016-01-11,5.834,5.448,5.963,5.378
2016-01-12,5.517,5.527,5.646,5.388
2016-01-13,5.547,5.378,5.616,5.359
2016-01-14,5.299,5.487,5.507,5.121
2016-01-15,5.478,5.151,5.478,5.062
2016-01-18,5.002,5.161,5.22,5.002
2016-01-19,5.151,5.309,5.339,5.121
2016-01-20,5.279,5.398,5.458,5.151
2016-01-21,5.27,5.101,5.378,5.062
2016-01-22,5.18,5.141,5.2,5.032
2016-01-25,5.17,5.2,5.22,5.101
2016-01-26,5.151,4.764,5.19,4.735
2016-01-27,4.814,4.665,4.834,4.477
2016-01-28,4.636,4.457,4.665,4.437
2016-01-29,4.467,4.586,4.616,4.447
2016-02-01,4.566,4.517,4.576,4.437
2016-02-02,4.457,4.626,4.675,4.457
2016-02-03,4.586,4.665,4.685,4.537
2016-02-04,4.675,4.764,4.834,4.675
2016-02-05,4.804,4.705,4.814,4.705
2016-02-15,4.556,4.655,4.705,4.507
2016-02-16,4.665,4.834,4.854,4.655
2016-02-17,4.854,4.893,4.903,4.794
2016-02-18,4.913,4.923,5.022,4.873
2016-02-19,4.903,4.943,4.943,4.863
2016-02-22,4.992,5.042,5.062,4.962
2016-02-23,5.062,5.002,5.062,4.943
2016-02-24,4.962,5.23,5.299,4.962
2016-02-25,5.151,4.705,5.21,4.705
2016-02-26,4.774,4.854,4.913,4.636
2016-02-29,4.854,4.586,4.854,4.477
2016-03-01,4.616,4.655,4.695,4.527
2016-03-02,4.655,4.933,4.943,4.636
2016-03-03,4.883,4.943,5.002,4.883
2016-03-04,4.913,4.844,4.982,4.784
2016-03-07,4.873,4.943,5.002,4.863
2016-03-08,4.953,4.933,4.962,4.725
2016-03-09,4.854,4.794,4.854,4.735
2016-03-10,4.804,4.745,4.844,4.745
2016-03-11,4.745,4.715,4.774,4.665
2016-03-14,4.735,4.844,4.923,4.735
2016-03-15,4.863,4.854,4.883,4.804
2016-03-16,4.854,4.804,4.893,4.754
2016-03-17,4.814,4.893,4.943,4.804
2016-03-18,4.903,5.002,5.042,4.893
2016-03-21,5.052,5.101,5.111,5.012
2016-03-22,5.062,5.101,5.161,5.012
2016-03-23,5.071,5.101,5.111,5.042
2016-03-24,5.081,4.953,5.081,4.943
2016-03-25,4.923,5.002,5.022,4.913
2016-03-28,5.012,5.002,5.071,4.972
2016-03-29,5.012,4.893,5.012,4.834
2016-03-30,4.913,5.042,5.052,4.913
2016-03-31,5.052,5.111,5.141,5.022
2016-04-01,5.062,5.24,5.26,5.032
2016-04-05,5.289,5.765,5.765,5.25
2016-04-06,5.874,5.606,5.874,5.547
2016-04-07,5.626,5.468,5.656,5.438
2016-04-08,5.388,5.478,5.517,5.319
2016-04-11,5.487,5.448,5.567,5.448
2016-04-12,5.388,5.418,5.448,5.329
2016-04-13,5.458,5.517,5.606,5.428
2016-04-14,5.517,5.547,5.567,5.458
2016-04-15,5.527,5.478,5.527,5.448
2016-04-18,5.448,5.329,5.448,5.309
2016-04-19,5.369,5.369,5.398,5.309
2016-04-20,5.369,5.062,5.388,4.923
2016-04-21,5.052,5.002,5.121,4.992
2016-04-22,4.992,5.071,5.071,4.933
2016-04-25,5.081,5.032,5.081,4.982
2016-04-26,5.042,5.101,5.121,5.002
2016-04-27,5.141,5.111,5.21,5.101
2016-04-28,5.101,5.081,5.131,4.953
2016-04-29,5.052,5.062,5.081,5.002
2016-05-03,5.062,5.2,5.2,5.022
2016-05-04,5.19,5.17,5.21,5.131
2016-05-05,5.151,5.2,5.2,5.131
2016-05-06,5.21,5.002,5.24,4.982
2016-05-09,4.962,4.814,5.012,4.754
2016-05-10,4.834,4.854,4.873,4.784
2016-05-11,4.854,4.814,4.883,4.784
2016-05-12,4.804,4.913,5.002,4.695
2016-05-13,4.923,4.903,4.953,4.834
2016-05-16,4.873,4.933,4.943,4.834
2016-05-17,4.933,4.893,4.933,4.863
2016-05-18,4.883,4.754,4.883,4.715
2016-05-19,4.764,4.764,4.834,4.754
2016-05-20,4.754,4.804,4.814,4.725
2016-05-23,4.844,4.834,4.873,4.804
2016-05-24,4.804,4.804,4.834,4.754
2016-05-25,4.814,4.794,4.844,4.774
2016-05-26,4.784,4.784,4.824,4.705
2016-05-27,4.804,4.804,4.824,4.754
2016-05-30,4.774,4.794,4.824,4.715
2016-05-31,4.764,4.943,4.953,4.764
2016-06-01,4.943,4.923,4.962,4.893
2016-06-02,4.903,4.943,4.943,4.893
2016-06-03,5.002,5.428,5.438,4.982
2016-06-06,5.24,5.299,5.388,5.19
2016-06-07,5.26,5.21,5.289,5.17
2016-06-08,5.21,5.21,5.279,5.2
2016-06-13,5.151,4.953,5.151,4.953
2016-06-14,4.943,4.913,5.002,4.883
2016-06-15,4.883,5.022,5.071,4.834
2016-06-16,5.032,4.992,5.042,4.982
2016-06-17,4.992,5.032,5.101,4.992
2016-06-20,5.042,5.2,5.23,5.012
2016-06-21,5.24,5.062,5.26,5.042
2016-06-22,5.032,5.111,5.121,5.022
2016-06-23,5.111,5.052,5.111,5.032
2016-06-24,5.071,4.982,5.131,4.913
2016-06-27,4.953,5.052,5.062,4.933
2016-06-28,5.052,5.161,5.21,5.002
2016-06-29,5.17,5.161,5.21,5.121
2016-06-30,5.2,5.19,5.2,5.091
2016-07-01,5.19,5.151,5.22,5.141
2016-07-04,5.131,5.22,5.24,5.081
2016-07-05,5.24,5.26,5.319,5.22
2016-07-06,5.26,5.27,5.299,5.21
2016-07-07,5.26,5.22,5.27,5.18
2016-07-08,5.22,5.21,5.23,5.18
2016-07-11,5.21,5.2,5.24,5.18
2016-07-12,5.22,5.26,5.27,5.17
2016-07-13,5.28,5.33,5.35,5.27
2016-07-14,5.33,5.31,5.34,5.27
2016-07-15,5.33,5.3,5.33,5.28
2016-07-18,5.31,5.22,5.31,5.21
2016-07-19,5.22,5.29,5.34,5.22
2016-07-20,5.29,5.23,5.3,5.23
2016-07-21,5.23,5.24,5.29,5.23
2016-07-22,5.25,5.19,5.26,5.18
2016-07-25,5.2,5.23,5.25,5.19
2016-07-26,5.24,5.29,5.29,5.23
2016-07-27,5.35,5.49,5.8,5.35
2016-07-28,5.48,5.6,5.7,5.46
2016-07-29,5.61,5.43,5.65,5.41
2016-08-01,5.46,5.25,5.46,5.16
2016-08-02,5.25,5.37,5.39,5.2
2016-08-03,5.32,5.33,5.37,5.27
2016-08-04,5.33,5.3,5.36,5.25
2016-08-05,5.31,5.27,5.32,5.25
2016-08-08,5.26,5.33,5.33,5.22
2016-08-09,5.32,5.38,5.39,5.3
2016-08-10,5.36,5.3,5.39,5.29
2016-08-11,5.29,5.22,5.33,5.21
2016-08-12,5.21,5.29,5.3,5.2
2016-08-15,5.29,5.41,5.41,5.29
2016-08-16,5.41,5.38,5.44,5.37
2016-08-17,5.38,5.4,5.41,5.36
2016-08-18,5.42,5.39,5.46,5.36
2016-08-19,5.38,5.36,5.4,5.32
2016-08-22,5.36,5.32,5.37,5.31
2016-08-23,5.32,5.34,5.36,5.3
2016-08-24,5.35,5.38,5.42,5.33
2016-08-25,5.35,5.33,5.37,5.26
2016-08-26,5.36,5.41,5.49,5.35
2016-08-29,5.35,5.37,5.4,5.35
2016-08-30,5.37,5.34,5.38,5.3
2016-08-31,5.32,5.34,5.35,5.3
2016-09-01,5.31,5.29,5.35,5.28
2016-09-02,5.28,5.26,5.31,5.23
2016-09-05,5.28,5.29,5.31,5.26
2016-09-06,5.28,5.33,5.33,5.23
2016-09-07,5.33,5.37,5.37,5.31
2016-09-08,5.36,5.38,5.42,5.36
2016-09-09,5.38,5.37,5.42,5.36
2016-09-12,5.26,5.17,5.29,5.16
2016-09-13,5.2,5.24,5.24,5.19
2016-09-14,5.2,5.21,5.24,5.18
2016-09-19,5.21,5.26,5.26,5.21
2016-09-20,5.26,5.26,5.27,5.23
2016-09-21,5.26,5.3,5.31,5.25
2016-09-22,5.31,5.31,5.36,5.31
2016-09-23,5.31,5.34,5.34,5.29
2016-09-26,5.34,5.22,5.34,5.21
2016-09-27,5.21,5.26,5.26,5.21
2016-09-28,5.27,5.26,5.27,5.21
2016-09-29,5.26,5.27,5.32,5.24
2016-09-30,5.27,5.3,5.31,5.26
2016-10-10,5.31,5.41,5.42,5.31
2016-10-11,5.4,5.43,5.46,5.38
2016-10-12,5.42,5.49,5.53,5.39
2016-10-13,5.47,5.46,5.5,5.43
2016-10-14,5.44,5.5,5.5,5.42
2016-10-17,5.5,5.43,5.56,5.41
2016-10-18,5.43,5.49,5.5,5.41
2016-10-19,5.5,5.53,5.62,5.48
2016-10-20,5.53,5.47,5.53,5.44
2016-10-21,5.48,5.45,5.49,5.38
2016-10-24,5.45,5.5,5.51,5.43
2016-10-25,5.51,5.48,5.52,5.45
2016-10-26,5.48,5.49,5.5,5.44
2016-10-27,5.49,5.48,5.49,5.45
2016-10-28,5.48,5.4,5.49,5.37
2016-10-31,5.37,5.37,5.39,5.34
2016-11-01,5.37,5.42,5.42,5.36
2016-11-02,5.4,5.38,5.42,5.36
2016-11-03,5.37,5.39,5.43,5.33
2016-11-04,5.38,5.37,5.41,5.36
2016-11-07,5.37,5.39,5.4,5.34
2016-11-08,5.4,5.43,5.44,5.39
2016-11-09,5.43,5.36,5.44,5.3
2016-11-10,5.39,5.45,5.46,5.39
2016-11-11,5.45,5.49,5.5,5.42
2016-11-14,5.48,5.5,5.52,5.46
2016-11-15,5.5,5.51,5.52,5.47
2016-11-16,5.51,5.53,5.54,5.46
2016-11-17,5.58,5.54,5.59,5.52
2016-11-18,5.54,5.49,5.54,5.48
2016-11-21,5.47,5.58,5.6,5.47
2016-11-22,5.58,5.63,5.64,5.55
2016-11-23,5.63,5.54,5.64,5.52
2016-11-24,5.56,5.51,5.6,5.48
2016-11-25,5.49,5.52,5.54,5.41
2016-11-28,5.53,5.61,5.63,5.5
2016-11-29,5.59,5.53,5.6,5.53
2016-11-30,5.5,5.7,5.71,5.5
2016-12-01,5.73,5.61,5.73,5.55
2016-12-02,5.57,5.44,5.63,5.39
2016-12-05,5.38,5.33,5.42,5.32
2016-12-06,5.34,5.3,5.36,5.29
2016-12-07,5.31,5.36,5.36,5.27
2016-12-08,5.36,5.31,5.36,5.29
2016-12-09,5.31,5.29,5.35,5.27
2016-12-12,5.29,5.08,5.3,5.06
2016-12-13,5.1,5.12,5.13,5.06
2016-12-14,5.13,5.06,5.13,5.05
2016-12-15,5.05,5.08,5.11,5.04
2016-12-16,5.08,5.14,5.15,5.07
2016-12-19,5.16,5.14,5.16,5.11
2016-12-20,5.14,5.11,5.14,5.07
2016-12-21,5.12,5.17,5.19,5.12
2016-12-22,5.16,5.2,5.23,5.15
2016-12-23,5.2,5.12,5.21,5.12
2016-12-26,5.09,5.12,5.15,5.04
2016-12-27,5.2,5.14,5.27,5.14
2016-12-28,5.12,5.17,5.19,5.11
2016-12-29,5.15,5.19,5.2,5.13
2016-12-30,5.18,5.21,5.23,5.17
2017-01-03,5.21,5.22,5.25,5.21
2017-01-04,5.23,5.23,5.25,5.19
2017-01-05,5.21,5.26,5.26,5.21
2017-01-06,5.25,5.24,5.29,5.23
2017-01-09,5.24,5.29,5.31,5.23
2017-01-10,5.27,5.27,5.32,5.24
2017-01-11,5.27,5.23,5.29,5.21
2017-01-12,5.24,5.13,5.25,5.12
2017-01-13,5.13,5.13,5.17,5.1
2017-01-16,5.14,5.01,5.14,4.87
2017-01-17,4.97,5.02,5.04,4.94
2017-01-18,5.03,4.98,5.03,4.97
2017-01-19,4.96,4.94,4.99,4.93
2017-01-20,4.94,5.0,5.02,4.92
2017-01-23,4.99,5.03,5.04,4.99
2017-01-24,5.01,4.99,5.01,4.96
2017-01-25,4.99,4.99,5.01,4.96
2017-01-26,4.99,5.03,5.04,4.98
2017-02-03,5.02,5.0,5.03,4.98
2017-02-06,5.0,5.05,5.06,4.99
2017-02-07,5.06,5.08,5.08,5.01
2017-02-08,5.07,5.07,5.09,5.03
2017-02-09,5.06,5.09,5.09,5.06
2017-02-10,5.09,5.11,5.13,5.07
2017-02-13,5.1,5.13,5.15,5.1
2017-02-14,5.13,5.1,5.14,5.07
2017-02-15,5.09,5.1,5.18,5.08
2017-02-16,5.08,5.13,5.14,5.05
2017-02-17,5.11,5.12,5.18,5.1
2017-02-20,5.12,5.16,5.17,5.1
2017-02-21,5.17,5.21,5.21,5.15
2017-02-22,5.2,5.21,5.21,5.16
2017-02-23,5.18,5.17,5.21,5.16
2017-02-24,5.17,5.17,5.19,5.14
2017-02-27,5.17,5.12,5.18,5.12
2017-02-28,5.12,5.18,5.19,5.12
2017-03-01,5.18,5.2,5.2,5.16
2017-03-02,5.19,5.16,5.22,5.12
2017-03-03,5.15,5.14,5.17,5.12
2017-03-06,5.14,5.21,5.22,5.12
2017-03-07,5.21,5.19,5.25,5.18
2017-03-08,5.2,5.17,5.22,5.16
2017-03-09,5.17,5.13,5.17,5.12
2017-03-10,5.13,5.16,5.16,5.12
2017-03-13,5.16,5.18,5.18,5.11
2017-03-14,5.17,5.18,5.21,5.16
2017-03-15,5.18,5.13,5.2,5.12
2017-03-16,5.13,5.19,5.19,5.12
2017-03-17,5.2,5.14,5.22,5.14
2017-03-20,5.14,5.2,5.2,5.13
2017-03-21,5.2,5.21,5.24,5.19
2017-03-22,5.19,5.19,5.24,5.18
2017-03-23,5.22,5.13,5.22,5.1
2017-03-24,5.12,5.14,5.15,5.11
2017-03-27,5.11,5.09,5.14,5.06
2017-03-28,5.09,5.04,5.09,5.03
2017-03-29,5.05,5.0,5.06,5.0
2017-03-30,5.0,5.01,5.07,4.91
2017-03-31,5.0,4.95,5.05,4.93
2017-04-05,4.95,4.99,4.99,4.91
2017-04-06,4.99,5.0,5.05,4.96
2017-04-07,4.98,4.95,4.98,4.94
2017-04-10,4.95,4.89,4.96,4.87
2017-04-11,4.89,4.92,4.93,4.84
2017-04-12,4.92,4.95,4.96,4.88
2017-04-13,4.92,4.95,4.98,4.91
2017-04-14,4.93,4.89,4.94,4.89
2017-04-17,4.9,4.82,4.9,4.79
2017-04-18,4.82,4.7,4.84,4.7
2017-04-19,4.7,4.57,4.71,4.52
2017-04-20,4.58,4.47,4.6,4.43
2017-04-21,4.46,4.48,4.5,4.45
2017-04-24,4.48,4.24,4.49,4.18
2017-04-25,4.23,4.23,4.27,4.2
2017-04-26,4.22,4.14,4.22,4.12
2017-04-27,4.12,4.01,4.12,3.81
2017-04-28,3.99,4.05,4.05,3.96
2017-05-02,4.04,4.04,4.09,4.0
2017-05-03,4.04,4.04,4.07,4.0
2017-05-04,4.02,4.0,4.05,3.97
2017-05-05,3.98,3.9,4.0,3.9
2017-05-08,3.92,3.81,3.92,3.81
2017-05-09,3.81,3.94,3.95,3.8
2017-05-10,3.93,3.83,3.95,3.83
2017-05-11,3.82,3.85,3.87,3.73
2017-05-12,3.83,3.84,3.86,3.8
2017-05-15,3.84,3.9,3.9,3.83
2017-05-16,3.9,3.94,3.95,3.83
2017-05-17,3.93,3.93,3.98,3.91
2017-05-18,3.9,3.9,3.93,3.88
2017-05-19,3.89,3.97,4.0,3.88
2017-05-22,3.93,3.88,3.96,3.85
2017-05-23,3.86,3.73,3.87,3.72
2017-05-24,3.7,3.74,3.74,3.65
2017-05-25,3.72,3.78,3.8,3.69
2017-05-26,3.77,3.78,3.81,3.75
2017-05-31,3.81,3.76,3.83,3.74
2017-06-01,3.75,3.67,3.78,3.66
2017-06-02,3.69,3.75,3.76,3.66
2017-06-05,3.75,3.81,3.81,3.74
2017-06-06,3.8,3.82,3.82,3.77
2017-06-07,3.8,3.87,3.87,3.8
2017-06-08,3.86,3.85,3.88,3.84
2017-06-09,3.86,3.87,3.87,3.82
2017-06-12,3.85,3.82,3.86,3.81
2017-06-13,3.8,3.86,3.86,3.8
2017-06-14,3.85,3.86,3.87,3.83
2017-06-15,3.87,3.9,3.92,3.83
2017-06-16,3.9,3.89,3.91,3.86
2017-06-19,3.89,3.92,3.92,3.87
2017-06-20,3.92,3.92,3.93,3.9
2017-06-21,3.93,3.9,3.93,3.87
2017-06-22,3.88,3.82,3.92,3.82
2017-06-23,3.82,3.79,3.83,3.75
2017-06-26,3.79,3.82,3.82,3.78
2017-06-27,3.82,3.88,3.9,3.81
2017-06-28,3.9,3.92,3.94,3.84
2017-06-29,3.92,3.91,3.94,3.88
2017-06-30,3.9,3.89,3.9,3.85
2017-07-03,3.88,3.91,3.91,3.86
2017-07-04,3.91,3.87,3.91,3.86
2017-07-05,3.89,3.91,3.92,3.87
2017-07-06,3.91,3.91,3.93,3.86
2017-07-07,3.89,3.92,3.92,3.88
2017-07-10,3.91,3.94,3.95,3.9
2017-07-11,3.94,3.97,3.99,3.93
2017-07-12,3.98,3.89,3.99,3.86
2017-07-13,3.87,3.88,3.89,3.85
2017-07-14,3.89,3.87,3.9,3.85
2017-07-17,3.85,3.7,3.86,3.7
2017-07-18,3.71,3.72,3.73,3.66
2017-07-19,3.71,3.76,3.77,3.7
2017-07-20,3.77,3.83,3.88,3.75
2017-07-21,3.8,3.8,3.83,3.79
2017-07-24,3.8,3.82,3.84,3.79
2017-07-25,3.82,3.81,3.84,3.79
2017-07-26,3.8,3.78,3.81,3.76
2017-07-27,3.79,3.83,3.84,3.78
2017-07-28,3.83,3.85,3.88,3.81
2017-07-31,3.85,3.86,3.89,3.83
2017-08-01,3.86,3.88,3.89,3.84
2017-08-02,3.88,3.89,3.92,3.86
2017-08-03,3.89,3.94,3.96,3.88
2017-08-04,3.95,3.93,3.95,3.91
2017-08-07,3.93,3.96,3.96,3.9
2017-08-08,3.94,3.94,3.96,3.92
2017-08-09,3.94,3.94,3.95,3.91
2017-08-10,3.93,3.91,3.94,3.88
2017-08-11,3.89,3.85,3.9,3.84
2017-08-14,3.83,3.87,3.87,3.81
2017-08-15,3.86,3.85,3.88,3.84
2017-08-16,3.85,3.89,3.89,3.84
2017-08-17,3.88,3.96,3.96,3.87
2017-08-18,3.97,3.96,3.97,3.92
2017-08-21,3.97,3.98,4.0,3.96
2017-08-22,3.97,3.93,3.98,3.91
2017-08-23,3.92,3.91,3.94,3.9
2017-08-24,3.91,3.87,3.92,3.86
2017-08-25,3.87,3.92,3.92,3.85
2017-08-28,3.92,3.93,3.95,3.91
2017-08-29,3.97,4.12,4.32,3.95
2017-08-30,4.06,4.06,4.11,4.04
2017-08-31,4.05,4.04,4.06,4.01
2017-09-01,4.05,4.04,4.09,4.03
2017-09-04,4.04,4.04,4.05,4.01
2017-09-05,4.03,4.01,4.04,4.0
2017-09-06,4.0,4.05,4.05,3.98
2017-09-07,4.03,4.08,4.08,4.03
2017-09-08,4.06,4.03,4.08,4.03
2017-09-11,4.03,4.04,4.05,4.01
2017-09-12,4.05,4.01,4.05,4.0
2017-09-13,4.01,4.0,4.01,3.98
2017-09-14,4.01,4.01,4.02,3.99
2017-09-15,4.0,4.0,4.02,3.99
2017-09-18,4.0,4.02,4.04,3.99
2017-09-19,4.01,4.04,4.05,4.01
2017-09-20,4.02,4.05,4.05,4.02
2017-09-21,4.05,4.0,4.05,3.99
2017-09-22,4.02,3.96,4.02,3.96
2017-09-25,3.96,3.9,3.97,3.89
2017-09-26,3.91,3.91,3.92,3.89
2017-09-27,3.9,3.91,3.92,3.89
2017-09-28,3.9,3.87,3.91,3.87
2017-09-29,3.87,3.91,3.92,3.87
2017-10-09,3.92,3.94,3.94,3.92
2017-10-10,3.94,3.96,3.96,3.92
2017-10-11,3.95,3.99,4.0,3.94
2017-10-12,3.98,3.97,3.99,3.95
2017-10-13,3.96,4.0,4.0,3.96
2017-10-16,3.98,3.91,4.01,3.91
2017-10-17,3.91,3.91,3.93,3.9
2017-10-18,3.93,3.88,3.93,3.87
2017-10-19,3.88,3.8,3.89,3.79
2017-10-20,3.79,3.83,3.83,3.79
2017-10-23,3.81,3.85,3.85,3.81
2017-10-24,3.84,3.83,3.87,3.81
2017-10-25,3.84,3.84,3.84,3.82
2017-10-26,3.83,3.83,3.85,3.81
2017-10-27,3.81,3.77,3.82,3.77
2017-10-30,3.76,3.67,3.76,3.66
2017-10-31,3.68,3.69,3.71,3.66
2017-11-01,3.69,3.66,3.7,3.65
2017-11-02,3.68,3.61,3.68,3.61
2017-11-03,3.61,3.57,3.63,3.55
2017-11-06,3.57,3.54,3.57,3.48
2017-11-07,3.52,3.56,3.56,3.51
2017-11-08,3.56,3.58,3.6,3.54
2017-11-09,3.58,3.58,3.59,3.57
2017-11-10,3.59,3.54,3.6,3.53
2017-11-13,3.54,3.49,3.54,3.48
2017-11-14,3.5,3.46,3.5,3.43
2017-11-15,3.46,3.35,3.46,3.34
2017-11-16,3.35,3.37,3.39,3.34
2017-11-17,3.38,3.18,3.38,3.08
2017-11-20,3.15,3.15,3.16,3.07
2017-11-21,3.15,3.15,3.17,3.12
2017-11-22,3.14,3.15,3.16,3.12
2017-11-23,3.15,3.08,3.15,3.07
2017-11-24,3.08,3.11,3.13,3.06
2017-11-27,3.09,3.1,3.11,3.08
2017-11-28,3.1,3.16,3.17,3.08
2017-11-29,3.15,3.17,3.18,3.13
2017-11-30,3.15,3.17,3.18,3.15
2017-12-01,3.17,3.19,3.2,3.16
2017-12-04,3.19,3.14,3.19,3.13
2017-12-05,3.14,3.08,3.15,3.05
2017-12-06,3.08,3.1,3.11,3.05
2017-12-07,3.1,3.11,3.12,3.08
2017-12-08,3.09,3.12,3.14,3.09
2017-12-11,3.13,3.15,3.16,3.12
2017-12-12,3.16,3.1,3.16,3.1
2017-12-13,3.09,3.13,3.13,3.09
2017-12-14,3.13,3.13,3.13,3.09
2017-12-15,3.11,3.15,3.16,3.11
2017-12-18,3.15,3.15,3.17,3.13
2017-12-19,3.14,3.16,3.17,3.14
2017-12-20,3.17,3.12,3.17,3.11
2017-12-21,3.13,3.1,3.13,3.07
2017-12-22,3.09,3.11,3.12,3.09
2017-12-25,3.1,3.07,3.12,3.06
2017-12-26,3.07,3.09,3.09,3.05
2017-12-27,3.09,3.07,3.09,3.05
2017-12-28,3.08,3.08,3.1,3.07
2017-12-29,3.09,3.1,3.11,3.09
2018-01-02,3.1,3.12,3.13,3.08
2018-01-03,3.12,3.17,3.18,3.11
2018-01-04,3.17,3.2,3.25,3.15
2018-01-05,3.2,3.2,3.21,3.15
2018-01-08,3.2,3.18,3.21,3.17
2018-01-09,3.18,3.19,3.21,3.17
2018-01-10,3.19,3.16,3.19,3.14
2018-01-11,3.16,3.17,3.18,3.13
2018-01-12,3.17,3.2,3.2,3.16
2018-01-15,3.19,3.09,3.21,3.08
2018-01-16,3.07,3.11,3.12,3.07
2018-01-17,3.1,3.1,3.11,3.06
2018-01-18,3.09,3.11,3.12,3.08
2018-01-19,3.11,3.11,3.12,3.09
2018-01-22,3.1,3.12,3.12,3.08
2018-01-23,3.1,3.12,3.14,3.1
2018-01-24,3.11,3.12,3.12,3.09
2018-01-25,3.12,3.15,3.16,3.1
2018-01-26,3.14,3.13,3.16,3.13
2018-01-29,3.13,3.1,3.15,3.09
2018-01-30,3.07,3.03,3.07,3.02
2018-01-31,3.03,2.89,3.04,2.88
2018-02-01,2.9,2.65,2.91,2.6
2018-02-02,2.62,2.61,2.62,2.47
2018-02-05,2.57,2.58,2.6,2.54
2018-02-06,2.55,2.65,2.84,2.52
2018-02-07,2.62,2.67,2.75,2.61
2018-02-08,2.66,2.68,2.72,2.62
2018-02-09,2.66,2.6,2.67,2.53
2018-02-12,2.6,2.72,2.73,2.6
2018-02-13,2.71,2.68,2.72,2.67
2018-02-14,2.69,2.67,2.69,2.64
2018-02-22,2.68,2.69,2.7,2.66
2018-02-23,2.7,2.69,2.7,2.67
2018-02-26,2.69,2.72,2.72,2.69
2018-02-27,2.72,2.73,2.78,2.71
2018-02-28,2.72,2.73,2.73,2.7
2018-03-01,2.72,2.76,2.76,2.7
2018-03-02,2.76,2.75,2.78,2.73
2018-03-05,2.74,2.73,2.74,2.7
2018-03-06,2.73,2.75,2.75,2.71
2018-03-07,2.75,2.79,2.82,2.73
2018-03-08,2.78,2.88,2.88,2.76
2018-03-09,2.88,2.85,2.88,2.82
2018-03-12,2.87,2.87,2.89,2.85
2018-03-13,2.86,2.83,2.87,2.82
2018-03-14,2.83,2.79,2.83,2.79
2018-03-15,2.8,2.88,2.93,2.78
2018-03-16,2.85,2.85,2.91,2.84
2018-03-19,2.85,2.82,2.85,2.81
2018-03-20,2.82,2.85,2.91,2.8
2018-03-21,2.85,2.82,2.87,2.82
2018-03-22,2.82,2.87,2.9,2.77
2018-03-23,2.83,2.68,2.83,2.66
2018-03-26,2.66,2.66,2.67,2.54
2018-03-27,2.68,2.72,2.74,2.67
2018-03-28,2.7,2.67,2.71,2.67
2018-03-29,2.68,2.7,2.71,2.67
2018-03-30,2.7,2.71,2.72,2.69
2018-04-02,2.71,2.7,2.73,2.7
2018-04-03,2.66,2.66,2.68,2.64
2018-04-04,2.65,2.66,2.69,2.65
2018-04-09,2.65,2.65,2.66,2.62
2018-04-10,2.65,2.65,2.66,2.63
2018-04-11,2.65,2.67,2.69,2.65
2018-04-12,2.66,2.65,2.67,2.63
2018-04-13,2.66,2.66,2.67,2.65
2018-04-16,2.65,2.62,2.67,2.61
2018-04-17,2.62,2.58,2.65,2.58
2018-04-18,2.58,2.58,2.64,2.56
2018-04-19,2.59,2.6,2.62,2.58
2018-04-20,2.6,2.53,2.6,2.51
2018-04-23,2.53,2.54,2.56,2.51
2018-04-24,2.54,2.58,2.6,2.53
2018-04-25,2.56,2.57,2.59,2.56
2018-04-26,2.57,2.54,2.58,2.53
2018-04-27,2.57,2.56,2.57,2.54
2018-05-02,2.56,2.6,2.6,2.55
2018-05-03,2.59,2.6,2.61,2.56
2018-05-04,2.59,2.61,2.62,2.57
2018-05-07,2.63,2.63,2.64,2.61
2018-05-08,2.62,2.63,2.65,2.61
2018-05-09,2.63,2.65,2.65,2.62
2018-05-10,2.65,2.65,2.66,2.63
2018-05-11,2.65,2.65,2.68,2.63
2018-05-14,2.64,2.63,2.67,2.62
2018-05-15,2.62,2.64,2.65,2.58
2018-05-16,2.62,2.62,2.64,2.6
2018-05-17,2.61,2.6,2.62,2.59
2018-05-18,2.6,2.64,2.65,2.58
2018-05-21,2.65,2.67,2.68,2.63
2018-05-22,2.67,2.66,2.68,2.65
2018-05-23,2.66,2.7,2.78,2.65
2018-05-24,2.69,2.7,2.73,2.68
2018-05-25,2.69,2.63,2.7,2.62
