date,open,close,high,low
2016-01-04,10.47,9.42,10.47,9.42
2016-01-05,8.91,9.2,9.35,8.53
2016-01-06,9.18,9.41,9.45,9.03
2016-01-07,9.3,8.5,9.3,8.48
2016-01-08,8.92,8.69,8.92,8.05
2016-01-11,8.5,7.82,8.5,7.82
2016-01-12,7.76,7.58,7.82,7.18
2016-01-13,7.56,6.98,7.75,6.9
2016-01-14,6.79,7.31,7.38,6.63
2016-01-15,7.24,7.01,7.45,6.85
2016-01-18,6.98,7.07,7.29,6.71
2016-01-19,7.04,7.42,7.45,7.04
2016-01-20,7.44,7.39,7.53,7.25
2016-01-21,7.28,7.15,7.54,7.13
2016-01-22,7.16,7.46,7.48,7.04
2016-01-25,7.53,7.52,7.61,7.41
2016-01-26,7.45,6.77,7.48,6.77
2016-01-27,6.84,6.88,6.95,6.3
2016-01-28,6.75,6.45,6.9,6.38
2016-01-29,6.49,6.79,6.88,6.26
2016-02-01,6.8,7.0,7.14,6.7
2016-02-02,6.9,7.15,7.24,6.88
2016-02-03,7.03,7.18,7.23,6.95
2016-02-04,7.15,7.31,7.41,7.13
2016-02-05,7.33,7.28,7.51,7.21
2016-02-15,7.08,7.32,7.38,7.01
2016-02-16,7.41,7.65,7.68,7.35
2016-02-17,7.65,7.67,7.75,7.51
2016-02-18,7.71,7.64,7.86,7.64
2016-02-19,7.64,8.22,8.25,7.58
2016-02-22,8.2,8.3,8.36,8.0
2016-02-23,8.21,8.09,8.25,7.97
2016-02-24,8.0,8.01,8.15,7.77
2016-02-25,8.0,7.21,8.13,7.21
2016-02-26,7.27,7.18,7.36,6.92
2016-02-29,7.17,6.6,7.17,6.46
2016-03-01,6.64,6.86,6.92,6.52
2016-03-02,6.86,7.28,7.33,6.82
2016-03-03,7.28,7.35,7.46,7.19
2016-03-04,7.29,7.06,7.42,6.92
2016-03-07,7.17,7.27,7.36,7.08
2016-03-08,7.27,7.59,7.83,6.94
2016-03-09,7.4,7.2,7.48,7.1
2016-03-10,7.23,7.17,7.36,7.09
2016-03-11,7.12,7.22,7.25,7.02
2016-03-14,7.3,7.47,7.58,7.28
2016-03-15,7.44,7.38,7.51,7.33
2016-03-16,7.77,7.44,7.96,7.4
2016-03-17,7.47,7.8,7.9,7.44
2016-03-18,7.8,8.14,8.33,7.76
2016-03-21,8.28,8.26,8.48,8.15
2016-03-22,8.27,8.47,8.63,8.16
2016-03-23,8.38,8.51,8.54,8.3
2016-03-24,8.4,8.25,8.47,8.2
2016-03-25,8.28,8.4,8.43,8.22
2016-03-28,8.45,8.39,8.67,8.36
2016-03-29,8.4,8.04,8.42,7.82
2016-03-30,8.17,8.36,8.38,8.12
2016-03-31,8.47,8.52,8.6,8.37
2016-04-01,8.49,8.7,8.85,8.44
2016-04-05,8.78,9.2,9.38,8.76
2016-04-06,9.31,9.22,9.4,9.0
2016-04-07,9.25,9.1,9.33,9.03
2016-04-08,9.04,8.97,9.1,8.69
2016-04-11,9.02,9.14,9.24,9.01
2016-04-12,9.14,9.01,9.14,8.77
2016-04-13,9.05,9.07,9.3,9.04
2016-04-14,9.18,9.98,9.98,9.03
2016-04-15,9.98,10.34,10.77,9.71
2016-04-18,10.2,10.13,10.4,9.88
2016-04-19,10.23,10.26,10.4,10.04
2016-04-20,10.26,9.86,10.61,9.26
2016-04-21,9.62,9.18,9.84,9.12
2016-04-22,9.21,9.13,9.22,8.9
2016-04-25,9.07,9.19,9.26,8.83
2016-04-26,9.12,9.31,9.38,9.0
2016-04-27,9.32,9.34,9.65,9.27
2016-04-28,9.31,9.36,9.43,8.94
2016-04-29,9.28,9.35,9.46,9.12
2016-05-03,9.35,9.55,9.6,9.2
2016-05-04,9.46,9.47,9.66,9.4
2016-05-05,9.43,9.38,9.48,9.23
2016-05-06,9.37,8.51,9.38,8.48
2016-05-09,8.25,7.83,8.36,7.66
2016-05-10,7.75,7.84,7.91,7.73
2016-05-11,7.9,7.66,7.95,7.61
2016-05-12,7.51,7.65,7.67,7.33
2016-05-13,7.65,7.59,7.7,7.55
2016-05-16,7.63,8.03,8.2,7.63
2016-05-17,7.99,7.89,8.02,7.81
2016-05-18,7.78,7.44,7.78,7.37
2016-05-19,7.44,7.69,7.89,7.44
2016-05-20,7.6,7.78,7.8,7.57
2016-05-23,7.79,7.84,7.92,7.79
2016-05-24,7.88,7.86,7.9,7.69
2016-05-25,7.9,7.79,7.98,7.7
2016-05-26,7.74,7.84,7.85,7.49
2016-05-27,7.79,7.86,7.95,7.73
2016-05-30,7.61,7.87,7.98,7.61
2016-05-31,7.8,8.23,8.3,7.8
2016-06-01,8.25,8.28,8.33,8.18
2016-06-02,8.28,8.34,8.35,8.23
2016-06-03,8.31,8.35,8.42,8.3
2016-06-06,8.33,8.63,8.65,8.33
2016-06-07,8.66,8.56,8.66,8.43
2016-06-08,8.53,8.52,8.64,8.35
2016-06-13,8.4,7.85,8.4,7.83
2016-06-14,7.7,7.84,7.89,7.7
2016-06-15,7.78,8.16,8.22,7.73
2016-06-16,8.16,8.26,8.28,8.1
2016-06-17,8.26,8.35,8.44,8.2
2016-06-20,8.16,8.21,8.28,7.98
2016-06-21,8.22,8.19,8.37,8.11
2016-06-22,8.17,8.3,8.31,8.03
2016-06-23,8.27,8.2,8.32,8.18
2016-06-24,8.2,8.1,8.26,7.8
2016-06-27,8.04,8.31,8.33,8.04
2016-06-28,8.24,8.37,8.4,8.21
2016-06-29,8.39,8.37,8.52,8.3
2016-06-30,8.38,8.4,8.45,8.32
2016-07-01,8.44,8.41,8.52,8.29
2016-07-04,8.35,8.6,8.65,8.33
2016-07-05,8.63,8.93,9.08,8.58
2016-07-06,8.86,8.84,8.87,8.71
2016-07-07,8.84,8.88,8.97,8.77
2016-07-08,8.89,8.82,8.94,8.76
2016-07-11,8.78,8.67,8.84,8.66
2016-07-12,8.64,8.74,8.75,8.49
2016-07-13,8.79,8.98,9.17,8.75
2016-07-14,8.98,8.95,9.05,8.82
2016-07-15,8.96,8.85,8.97,8.8
2016-07-18,8.8,8.83,8.88,8.72
2016-07-19,8.86,8.81,8.86,8.65
2016-07-20,8.81,8.82,8.86,8.75
2016-07-21,8.81,8.88,8.99,8.78
2016-07-22,8.88,8.84,8.92,8.77
2016-07-25,8.84,9.03,9.04,8.78
2016-07-26,9.03,9.08,9.14,8.95
2016-07-27,9.06,8.6,9.24,8.55
2016-07-28,8.54,8.73,8.78,8.38
2016-07-29,8.67,8.46,8.69,8.44
2016-08-01,8.38,8.07,8.44,7.9
2016-08-02,8.05,8.15,8.19,8.02
2016-08-03,8.17,8.26,8.29,8.09
2016-08-04,8.27,8.39,8.43,8.13
2016-08-05,8.39,8.71,8.82,8.33
2016-08-08,8.64,8.75,8.79,8.5
2016-08-09,8.71,8.75,8.86,8.68
2016-08-10,8.73,8.75,8.92,8.7
2016-08-11,8.62,8.75,8.99,8.62
2016-08-12,8.72,9.08,9.09,8.65
2016-08-15,9.01,9.19,9.3,9.01
2016-08-16,9.18,9.59,9.63,9.03
2016-08-17,9.49,9.43,9.57,9.3
2016-08-18,9.45,9.36,9.48,9.23
2016-08-19,9.29,9.33,9.38,9.25
2016-08-22,9.3,9.16,9.4,9.12
2016-08-23,9.13,9.11,9.23,8.99
2016-08-24,9.15,9.19,9.29,9.11
2016-08-25,9.09,8.99,9.11,8.9
2016-08-26,9.02,9.66,9.89,9.02
2016-08-29,9.51,9.62,9.85,9.5
2016-08-30,9.52,9.48,9.68,9.43
2016-08-31,9.48,9.57,9.65,9.46
2016-09-01,9.54,9.25,9.57,9.2
2016-09-02,9.2,9.18,9.3,9.0
2016-09-05,9.22,9.12,9.24,9.05
2016-09-06,9.16,9.41,9.44,9.11
2016-09-07,9.4,9.24,9.45,9.19
2016-09-08,9.25,9.5,9.55,9.24
2016-09-09,9.53,9.35,9.55,9.3
2016-09-12,9.09,9.04,9.2,8.91
2016-09-13,9.1,9.24,9.27,9.04
2016-09-14,9.15,9.24,9.26,9.08
2016-09-19,9.24,9.44,9.55,9.19
2016-09-20,9.42,9.59,9.7,9.32
2016-09-21,9.59,9.43,9.69,9.41
2016-09-22,9.5,10.01,10.05,9.44
2016-09-23,9.95,9.8,9.97,9.79
2016-09-26,9.78,9.31,9.85,9.3
2016-09-27,9.36,9.43,9.45,9.18
2016-09-28,9.44,9.29,9.45,9.26
2016-09-29,9.33,9.51,9.61,9.31
2016-09-30,9.5,9.74,9.82,9.44
2016-10-10,9.84,9.81,9.84,9.67
2016-10-11,9.79,10.11,10.23,9.75
2016-10-12,9.99,10.37,10.67,9.95
2016-10-13,10.31,10.35,10.41,10.16
2016-10-14,10.25,10.27,10.33,10.16
2016-10-17,10.28,10.22,10.64,10.12
2016-10-18,10.18,10.51,10.63,10.18
2016-10-19,10.51,10.41,10.59,10.29
2016-10-20,10.43,10.34,10.43,10.17
2016-10-21,10.34,10.1,10.34,9.98
2016-10-24,10.12,10.49,10.53,10.09
2016-10-25,10.5,10.53,10.6,10.36
2016-10-26,10.51,10.59,10.9,10.4
2016-10-27,10.68,10.76,10.96,10.54
2016-10-28,10.8,10.41,10.8,10.38
2016-10-31,10.3,10.3,10.38,10.16
2016-11-01,10.3,10.41,10.5,10.24
2016-11-02,10.39,10.38,10.61,10.32
2016-11-03,10.3,10.37,10.5,10.3
2016-11-04,10.37,10.2,10.45,10.15
2016-11-07,10.28,10.24,10.32,10.16
2016-11-08,10.37,10.45,10.54,10.25
2016-11-09,10.4,10.27,10.47,10.09
2016-11-10,10.4,10.55,10.59,10.34
2016-11-11,10.6,10.79,10.93,10.51
2016-11-14,10.81,10.83,11.05,10.69
2016-11-15,10.78,10.77,10.88,10.66
2016-11-16,10.77,10.77,10.95,10.75
2016-11-17,10.73,11.09,11.3,10.64
2016-11-18,11.09,11.45,11.89,11.0
2016-11-21,11.34,11.46,11.56,11.17
2016-11-22,11.32,11.36,11.44,11.25
2016-11-23,11.36,11.36,11.63,11.14
2016-11-24,11.29,11.22,11.44,11.13
2016-11-25,11.27,11.27,11.29,10.75
2016-11-28,11.13,11.1,11.29,11.01
2016-11-29,11.1,10.62,11.27,10.58
2016-11-30,10.6,10.42,10.76,10.38
2016-12-01,10.47,10.51,10.62,10.35
2016-12-02,10.49,10.31,10.68,10.16
2016-12-05,10.21,10.28,10.35,10.0
2016-12-06,10.32,10.42,10.48,10.29
2016-12-07,10.36,10.54,10.64,10.33
2016-12-08,10.54,10.45,10.69,10.4
2016-12-09,10.45,10.34,10.58,10.28
2016-12-12,10.3,9.7,10.35,9.65
2016-12-13,9.6,9.72,9.77,9.48
2016-12-14,9.69,9.76,9.87,9.68
2016-12-15,9.75,9.9,9.98,9.51
2016-12-16,9.9,10.11,10.23,9.89
2016-12-19,10.13,10.18,10.33,10.04
2016-12-20,10.17,10.2,10.27,10.09
2016-12-21,10.17,10.31,10.42,10.17
2016-12-22,10.27,10.41,10.42,10.21
2016-12-23,10.31,10.24,10.42,10.08
2016-12-26,10.18,10.33,10.35,10.05
2016-12-27,10.23,10.54,10.74,10.23
2016-12-28,10.5,10.51,10.66,10.42
2016-12-29,10.5,10.59,10.66,10.44
2016-12-30,10.55,10.82,10.98,10.5
2017-01-03,10.76,10.93,10.97,10.69
2017-01-04,10.87,11.07,11.09,10.83
2017-01-05,11.07,11.84,12.18,11.01
2017-01-06,11.6,10.87,11.65,10.83
2017-01-09,10.83,11.26,11.38,10.83
2017-01-10,11.13,11.12,11.26,10.93
2017-01-11,11.02,10.81,11.18,10.68
2017-01-12,10.8,10.64,10.99,10.6
2017-01-13,10.6,10.29,10.7,10.15
2017-01-16,10.19,9.59,10.2,9.26
2017-01-17,9.55,9.74,9.78,9.38
2017-01-18,9.69,9.75,9.77,9.61
2017-01-19,9.7,9.66,9.77,9.47
2017-01-20,9.59,9.78,9.93,9.56
2017-01-23,9.77,9.89,9.96,9.77
2017-01-24,9.87,10.02,10.08,9.79
2017-01-25,10.0,10.08,10.17,9.97
2017-01-26,10.08,10.23,10.3,10.02
2017-02-03,10.25,10.13,10.31,10.1
2017-02-06,10.02,10.27,10.28,10.02
2017-02-07,10.24,10.32,10.35,10.15
2017-02-08,10.26,10.34,10.36,10.15
2017-02-09,10.28,10.39,10.47,10.28
2017-02-10,10.37,10.62,10.65,10.3
2017-02-13,10.63,10.59,10.71,10.5
2017-02-14,10.57,10.5,10.63,10.44
2017-02-15,10.45,10.28,10.49,10.21
2017-02-16,10.21,10.46,10.57,10.19
2017-02-17,10.42,10.34,10.53,10.23
2017-02-20,10.28,10.54,10.58,10.28
2017-02-21,10.53,10.56,10.61,10.48
2017-02-22,10.57,10.82,10.87,10.52
2017-02-23,10.81,10.73,10.88,10.57
2017-02-24,10.71,10.96,11.16,10.68
2017-02-27,10.98,10.8,11.05,10.75
2017-02-28,10.73,10.77,10.82,10.62
2017-03-01,10.75,10.78,10.85,10.63
2017-03-02,10.77,10.67,11.03,10.65
2017-03-03,10.6,10.64,10.7,10.5
2017-03-06,10.64,10.91,10.93,10.58
2017-03-07,10.88,10.89,10.97,10.84
2017-03-08,10.86,10.91,11.06,10.85
2017-03-09,10.85,10.73,10.92,10.66
2017-03-10,10.68,10.9,10.98,10.67
2017-03-13,10.83,10.79,10.91,10.68
2017-03-14,10.87,10.64,10.87,10.58
2017-03-15,10.63,10.5,10.67,10.44
2017-03-16,10.51,10.58,10.7,10.5
2017-03-17,10.55,10.58,10.7,10.55
2017-03-20,10.57,10.68,10.75,10.56
2017-03-21,10.65,10.83,10.87,10.63
2017-03-22,10.77,10.93,10.99,10.7
2017-03-23,10.94,10.86,10.94,10.59
2017-03-24,10.8,10.7,10.84,10.63
2017-03-27,10.69,10.57,10.73,10.49
2017-03-28,10.53,10.57,10.6,10.41
2017-03-29,10.56,10.06,10.56,10.0
2017-03-30,10.0,9.62,10.13,9.58
2017-03-31,9.63,9.76,9.9,9.63
2017-04-05,9.8,9.93,10.02,9.77
2017-04-06,9.97,10.1,10.2,9.92
2017-04-07,10.08,10.0,10.13,9.97
2017-04-10,10.0,9.78,10.05,9.77
2017-04-11,9.86,9.9,9.92,9.65
2017-04-12,9.87,9.71,9.9,9.67
2017-04-13,9.7,9.75,9.81,9.65
2017-04-14,9.71,9.49,9.78,9.45
2017-04-17,9.43,9.17,9.44,8.98
2017-04-18,9.15,8.84,9.22,8.82
2017-04-19,8.8,8.58,8.81,8.45
2017-04-20,8.58,8.48,8.72,8.4
2017-04-21,8.5,8.35,8.59,8.25
2017-04-24,8.35,7.84,8.36,7.81
2017-04-25,7.93,7.88,8.06,7.82
2017-04-26,7.9,7.92,8.0,7.88
2017-04-27,7.92,8.05,8.09,7.64
2017-04-28,8.02,8.26,8.33,7.98
2017-05-02,8.34,8.35,8.47,8.28
2017-05-03,8.35,8.51,8.61,8.29
2017-05-04,8.49,8.45,8.62,8.4
2017-05-05,8.41,8.21,8.48,8.18
2017-05-08,8.19,8.07,8.34,8.01
2017-05-09,8.05,8.45,8.47,8.0
2017-05-10,8.42,8.2,8.49,8.19
2017-05-11,8.15,8.48,8.48,8.04
2017-05-12,8.4,8.49,8.53,8.35
2017-05-15,8.48,8.41,8.56,8.36
2017-05-16,8.38,8.48,8.49,8.05
2017-05-17,8.41,8.56,8.59,8.4
2017-05-18,8.5,8.35,8.52,8.33
2017-05-19,8.35,8.38,8.45,8.33
2017-05-22,8.31,8.08,8.42,8.0
2017-05-23,8.08,7.63,8.1,7.62
2017-05-24,7.65,7.69,7.79,7.4
2017-05-25,7.65,7.79,7.88,7.47
2017-05-26,7.73,7.76,7.84,7.73
2017-05-31,7.87,7.66,7.96,7.66
2017-06-01,7.68,7.39,7.69,7.38
2017-06-02,7.39,7.5,7.59,7.11
2017-06-05,7.51,7.56,7.6,7.46
2017-06-06,7.55,7.73,7.74,7.49
2017-06-07,7.73,7.88,7.91,7.68
2017-06-08,7.85,7.82,7.96,7.81
2017-06-09,7.84,7.8,7.85,7.69
2017-06-12,7.79,7.55,7.79,7.51
2017-06-13,7.55,7.76,7.8,7.5
2017-06-14,7.79,7.81,7.88,7.74
2017-06-15,7.76,7.93,8.02,7.76
2017-06-16,7.9,7.95,8.01,7.83
2017-06-19,7.95,8.04,8.05,7.93
2017-06-20,8.04,8.07,8.18,7.99
2017-06-21,8.06,8.1,8.17,7.99
2017-06-22,8.1,7.81,8.12,7.8
2017-06-23,7.8,7.89,7.95,7.7
2017-06-26,7.92,8.07,8.09,7.76
2017-06-27,8.07,8.06,8.18,8.02
2017-06-28,8.02,7.98,8.04,7.86
2017-06-29,8.05,8.26,8.31,8.05
2017-06-30,8.18,8.3,8.36,8.13
2017-07-03,8.3,8.34,8.36,8.21
2017-07-04,8.3,8.21,8.34,8.18
2017-07-05,8.21,8.24,8.26,8.09
2017-07-06,8.23,8.21,8.25,8.1
2017-07-07,8.21,8.27,8.27,8.15
2017-07-10,8.27,8.24,8.33,8.17
2017-07-11,8.24,8.18,8.3,8.1
2017-07-12,8.16,7.95,8.19,7.81
2017-07-13,7.96,7.95,7.99,7.89
2017-07-14,7.94,7.91,7.94,7.82
2017-07-17,7.85,7.17,7.89,7.12
2017-07-18,7.16,7.23,7.33,7.1
2017-07-19,7.16,7.31,7.32,7.05
2017-07-20,7.31,7.42,7.48,7.2
2017-07-21,7.39,7.41,7.46,7.35
2017-07-24,7.36,7.47,7.48,7.3
2017-07-25,7.47,7.37,7.49,7.3
2017-07-26,7.39,7.34,7.39,7.23
2017-07-27,7.32,7.6,7.62,7.31
2017-07-28,7.62,7.57,7.66,7.5
2017-07-31,7.53,7.57,7.62,7.47
2017-08-01,7.56,7.58,7.67,7.49
2017-08-02,7.58,7.49,7.58,7.43
2017-08-03,7.47,7.49,7.55,7.37
2017-08-04,7.47,7.5,7.54,7.45
2017-08-07,7.5,7.57,7.58,7.45
2017-08-08,7.54,7.58,7.62,7.48
2017-08-09,7.57,7.97,8.07,7.54
2017-08-10,7.91,7.98,8.15,7.84
2017-08-11,7.9,7.87,8.1,7.78
2017-08-14,7.85,7.93,7.97,7.7
2017-08-15,7.92,7.94,7.96,7.84
2017-08-16,7.92,7.95,8.0,7.83
2017-08-17,7.91,7.95,7.99,7.9
2017-08-18,7.93,8.12,8.13,7.89
2017-08-21,8.08,8.26,8.43,8.03
2017-08-22,8.21,8.33,8.51,8.21
2017-08-23,8.32,8.29,8.34,8.19
2017-08-24,8.26,8.32,8.56,8.15
2017-08-25,8.28,8.3,8.36,8.22
2017-08-28,8.29,8.3,8.35,8.23
2017-08-29,8.3,8.27,8.33,8.24
2017-08-30,8.29,8.26,8.38,8.21
2017-08-31,8.26,8.44,8.56,8.22
2017-09-01,8.4,8.36,8.43,8.33
2017-09-04,8.36,8.56,8.64,8.3
2017-09-05,8.51,8.51,8.7,8.48
2017-09-06,8.5,8.58,8.68,8.45
2017-09-07,8.58,8.54,8.64,8.43
2017-09-08,8.5,8.47,8.55,8.43
2017-09-11,8.43,8.47,8.52,8.43
2017-09-12,8.44,8.5,8.77,8.43
2017-09-13,8.47,8.43,8.55,8.4
2017-09-14,8.4,8.42,8.46,8.37
2017-09-15,8.44,8.41,8.59,8.39
2017-09-18,8.4,8.4,8.5,8.3
2017-09-19,8.41,8.39,8.52,8.32
2017-09-20,8.4,8.39,8.43,8.23
2017-09-21,8.39,8.31,8.42,8.25
2017-09-22,8.28,8.29,8.37,8.19
2017-09-25,8.31,8.15,8.31,8.11
2017-09-26,8.16,7.98,8.21,7.94
2017-09-27,7.98,8.02,8.03,7.97
2017-09-28,8.0,7.86,8.04,7.8
2017-09-29,7.9,7.9,7.95,7.7
2017-10-09,7.94,7.96,7.97,7.91
2017-10-10,7.98,8.04,8.07,7.9
2017-10-11,8.05,8.14,8.21,8.04
2017-10-12,8.18,8.07,8.18,7.94
2017-10-13,8.06,8.07,8.09,7.98
2017-10-16,8.08,7.89,8.1,7.8
2017-10-17,7.88,7.89,7.96,7.78
2017-10-18,7.89,7.72,7.92,7.65
2017-10-19,7.71,7.59,7.74,7.53
2017-10-20,7.54,7.79,7.8,7.54
2017-10-23,7.78,7.88,7.91,7.67
2017-10-24,7.84,8.38,8.67,7.76
2017-10-25,8.25,8.49,8.55,8.15
2017-10-26,8.34,8.62,9.34,8.3
2017-10-27,8.5,8.19,8.59,8.06
2017-10-30,8.18,7.68,8.19,7.64
2017-10-31,7.65,7.74,7.76,7.61
2017-11-01,7.78,7.76,7.88,7.7
2017-11-02,7.77,7.63,7.8,7.62
2017-11-03,7.65,7.7,7.72,7.56
2017-11-06,7.66,7.81,7.82,7.65
2017-11-07,7.77,7.82,7.85,7.74
2017-11-08,7.82,8.0,8.1,7.81
2017-11-09,8.0,8.09,8.19,7.95
2017-11-10,8.04,8.17,8.22,8.04
2017-11-13,8.15,8.04,8.16,8.02
2017-11-14,8.03,7.82,8.03,7.73
2017-11-15,7.82,7.84,7.91,7.75
2017-11-16,7.82,7.95,8.05,7.81
2017-11-17,7.93,7.58,7.95,7.54
2017-11-20,7.48,7.46,7.51,7.25
2017-11-21,7.46,7.2,7.54,7.18
2017-11-22,7.21,7.23,7.3,7.12
2017-11-23,7.19,7.22,7.26,7.16
2017-11-24,7.22,6.97,7.23,6.9
2017-11-27,6.95,6.69,6.97,6.64
2017-11-28,6.69,6.7,6.75,6.66
2017-11-29,6.7,6.75,6.83,6.66
2017-11-30,6.74,6.77,6.8,6.67
2017-12-01,6.75,6.77,6.81,6.72
2017-12-04,6.78,6.53,6.78,6.5
2017-12-05,6.52,6.3,6.59,6.26
2017-12-06,6.29,6.33,6.35,6.14
2017-12-07,6.32,6.24,6.35,6.21
2017-12-08,6.26,6.39,6.39,6.22
2017-12-11,6.4,6.45,6.47,6.39
2017-12-12,6.45,6.38,6.53,6.36
2017-12-13,6.39,6.39,6.43,6.3
2017-12-14,6.39,6.34,6.4,6.3
2017-12-15,6.31,6.39,6.41,6.31
2017-12-18,6.39,6.34,6.41,6.3
2017-12-19,6.32,6.42,6.44,6.29
2017-12-20,6.42,6.33,6.43,6.3
2017-12-21,6.33,6.29,6.36,6.16
2017-12-22,6.26,6.22,6.29,6.2
2017-12-25,6.22,6.07,6.23,6.05
2017-12-26,6.08,6.0,6.11,5.99
2017-12-27,5.99,6.0,6.03,5.95
2017-12-28,5.99,5.97,6.01,5.91
2017-12-29,5.97,5.98,6.01,5.89
2018-01-02,5.94,6.04,6.05,5.92
2018-01-03,6.04,6.09,6.1,6.0
2018-01-04,6.09,6.08,6.12,6.05
2018-01-05,6.1,6.15,6.18,6.07
2018-01-08,6.15,6.15,6.16,6.05
2018-01-09,6.09,6.11,6.14,6.07
2018-01-10,6.13,5.99,6.13,5.96
2018-01-11,6.01,6.08,6.09,5.96
2018-01-12,6.08,6.08,6.1,6.03
2018-01-15,6.08,5.8,6.08,5.77
2018-01-16,5.8,5.83,5.88,5.73
2018-01-17,5.8,5.78,5.84,5.67
2018-01-18,5.77,5.87,6.03,5.71
2018-01-19,5.86,5.87,5.96,5.82
2018-01-22,5.86,5.94,5.95,5.78
2018-01-23,5.92,6.01,6.11,5.91
2018-01-24,6.01,6.05,6.08,5.93
2018-01-25,6.04,6.0,6.08,5.98
2018-01-26,6.0,5.94,6.04,5.92
2018-01-29,5.95,6.08,6.1,5.91
2018-01-30,6.01,6.06,6.21,6.01
2018-01-31,6.04,5.69,6.04,5.65
2018-02-01,5.66,5.2,5.73,5.18
2018-02-02,5.15,5.09,5.19,4.9
2018-02-05,5.06,5.02,5.16,4.92
2018-02-06,4.96,4.68,4.98,4.67
2018-02-07,4.77,4.76,4.88,4.6
2018-02-08,4.77,4.9,4.92,4.75
2018-02-09,4.78,4.85,4.95,4.71
2018-02-12,4.86,4.99,5.18,4.86
2018-02-13,4.98,4.98,5.13,4.98
2018-02-14,5.0,5.06,5.09,4.93
2018-02-22,5.07,5.22,5.35,5.04
2018-02-23,5.2,5.16,5.25,5.15
2018-02-26,5.17,5.26,5.3,5.17
2018-02-27,5.26,5.26,5.31,5.21
2018-02-28,5.25,5.31,5.36,5.15
2018-03-01,5.27,5.33,5.37,5.24
2018-03-02,5.33,5.35,5.53,5.29
2018-03-05,5.35,5.3,5.38,5.26
2018-03-06,5.31,5.4,5.43,5.29
2018-03-07,5.39,5.46,5.57,5.37
2018-03-08,5.39,5.46,5.46,5.38
2018-03-09,5.45,5.56,5.66,5.41
2018-03-12,5.56,5.63,5.67,5.5
2018-03-13,5.62,5.76,5.81,5.58
2018-03-14,5.84,5.56,5.84,5.5
2018-03-15,5.56,5.51,5.56,5.42
2018-03-16,5.51,5.6,5.8,5.5
2018-03-19,5.54,5.64,5.68,5.54
2018-03-20,5.64,5.78,5.85,5.5
2018-03-21,5.73,5.74,6.03,5.73
2018-03-22,5.74,5.99,6.01,5.71
2018-03-23,5.93,5.84,6.19,5.77
2018-03-26,5.57,5.75,5.83,5.26
2018-03-27,5.76,5.97,6.0,5.75
2018-03-28,5.88,5.98,6.03,5.85
2018-03-29,5.98,6.08,6.08,5.96
2018-03-30,6.07,6.07,6.2,6.06
2018-04-02,6.04,5.97,6.18,5.96
2018-04-03,5.94,5.85,5.94,5.81
2018-04-04,5.86,5.88,5.96,5.82
2018-04-09,5.83,5.85,5.88,5.71
2018-04-10,5.84,5.75,5.86,5.69
2018-04-11,5.75,5.82,5.84,5.74
2018-04-12,5.82,5.81,5.92,5.76
2018-04-13,5.83,5.77,5.86,5.69
2018-04-16,5.72,5.71,5.74,5.6
2018-04-17,5.72,5.53,5.75,5.4
2018-04-18,5.55,5.57,5.59,5.4
2018-04-19,5.56,5.53,5.62,5.51
2018-04-20,5.53,5.2,5.56,5.19
2018-04-23,5.15,5.25,5.32,5.15
2018-04-24,5.22,5.35,5.42,5.22
2018-04-25,5.31,5.44,5.48,5.3
2018-04-26,5.4,5.25,5.5,5.23
2018-04-27,5.27,5.27,5.33,5.24
2018-05-02,5.28,5.17,5.34,5.15
2018-05-03,5.05,5.23,5.24,5.04
2018-05-04,5.23,5.2,5.26,5.14
2018-05-07,5.21,5.31,5.32,5.19
2018-05-08,5.27,5.37,5.37,5.27
2018-05-09,5.34,5.35,5.41,5.3
2018-05-10,5.36,5.42,5.49,5.34
2018-05-11,5.43,5.31,5.45,5.3
2018-05-14,5.31,5.31,5.38,5.26
2018-05-15,5.31,5.35,5.35,5.23
2018-05-16,5.34,5.32,5.35,5.24
2018-05-17,5.28,5.26,5.31,5.22
2018-05-18,5.25,5.3,5.31,5.25
2018-05-21,5.33,5.36,5.38,5.28
2018-05-22,5.33,5.37,5.42,5.32
2018-05-23,5.36,5.29,5.4,5.27
2018-05-24,5.26,5.26,5.32,5.25
2018-05-25,5.27,5.16,5.27,5.15
