date,open,close,high,low
2016-01-04,23.28,22.01,23.28,22.01
2016-01-05,20.91,21.15,21.78,20.91
2016-01-06,21.15,21.46,21.64,21.15
2016-01-07,21.05,20.39,21.48,20.39
2016-01-08,20.0,19.97,20.71,19.37
2016-01-11,19.79,18.97,19.81,18.97
2016-01-12,18.31,18.07,18.8,18.02
2016-01-13,18.35,17.29,18.5,17.25
2016-01-14,16.95,17.67,17.7,16.43
2016-01-15,17.67,17.09,17.95,17.01
2016-01-18,16.3,17.21,17.55,16.3
2016-01-19,17.21,17.94,18.0,17.14
2016-01-20,17.81,17.89,18.2,17.38
2016-01-21,17.61,17.1,18.14,17.09
2016-01-22,17.31,17.47,17.49,16.65
2016-01-25,17.65,18.34,18.34,17.51
2016-01-26,18.18,17.42,18.43,17.42
2016-01-27,17.27,16.98,17.3,16.55
2016-01-28,16.78,17.02,17.83,16.78
2016-01-29,16.9,17.53,17.79,16.6
2016-02-01,17.56,16.99,17.61,16.73
2016-02-02,17.08,17.74,17.82,16.93
2016-02-03,17.55,17.79,17.95,17.3
2016-02-04,17.98,18.36,18.67,17.98
2016-02-05,18.45,18.4,18.8,18.33
2016-02-15,17.95,18.1,18.28,17.52
2016-02-16,18.39,18.74,18.88,18.04
2016-02-17,18.52,19.14,19.38,18.52
2016-02-18,19.18,18.88,19.38,18.8
2016-02-19,18.8,18.99,19.14,18.7
2016-02-22,19.27,19.05,19.27,18.91
2016-02-23,19.0,18.9,19.12,18.64
2016-02-24,18.8,18.93,18.99,18.47
2016-02-25,18.91,17.98,18.91,17.98
2016-02-26,17.49,17.09,17.72,17.08
2016-02-29,16.99,16.24,17.1,16.24
2016-03-01,15.63,15.5,15.85,15.43
2016-03-02,15.58,16.28,16.28,15.51
2016-03-03,16.31,16.63,16.98,16.29
2016-03-04,16.59,16.03,16.66,15.8
2016-03-07,15.72,16.83,16.83,15.72
2016-03-08,16.7,16.7,16.77,16.02
2016-03-09,16.59,16.71,16.93,16.13
2016-03-10,16.88,16.22,16.88,16.17
2016-03-11,16.01,16.3,16.33,16.01
2016-03-14,16.67,17.01,17.12,16.4
2016-03-15,16.97,17.17,17.27,16.76
2016-03-16,17.9,17.22,17.92,17.2
2016-03-17,17.22,17.74,17.87,17.16
2016-03-18,17.66,18.63,18.63,17.6
2016-03-21,18.81,18.66,18.86,18.52
2016-03-22,18.55,18.92,19.3,18.35
2016-03-23,18.96,19.09,19.1,18.7
2016-03-24,18.88,19.2,19.5,18.83
2016-03-25,19.38,19.44,19.45,19.2
2016-03-28,19.75,19.57,19.97,19.48
2016-03-29,19.41,18.65,19.74,18.59
2016-03-30,18.8,19.51,19.58,18.8
2016-03-31,19.58,20.28,20.32,19.53
2016-04-01,20.1,20.87,20.88,20.1
2016-04-05,20.98,21.12,21.18,20.68
2016-04-06,20.89,21.71,21.85,20.8
2016-04-07,21.71,21.51,21.94,21.22
2016-04-08,21.35,20.96,21.35,20.79
2016-04-11,21.14,21.7,21.8,20.1
2016-04-12,21.6,21.63,21.78,21.3
2016-04-13,21.79,21.85,22.25,21.63
2016-04-14,22.07,22.2,22.45,21.79
2016-04-15,22.25,22.12,22.8,22.01
2016-04-18,22.03,21.75,22.08,21.43
2016-04-19,21.71,22.42,22.45,21.38
2016-04-20,22.38,21.43,22.6,21.3
2016-04-21,21.21,20.52,21.4,20.4
2016-04-25,20.98,19.94,21.29,19.22
2016-04-26,19.73,20.44,20.54,19.53
2016-04-27,20.5,20.37,21.23,20.24
2016-04-28,20.37,20.18,20.86,19.65
2016-04-29,19.91,20.15,20.36,19.84
2016-05-03,20.15,20.6,20.86,20.01
2016-05-04,20.57,20.73,21.15,20.3
2016-05-05,20.8,20.66,20.89,20.48
2016-05-06,20.72,19.24,20.97,19.15
2016-05-09,18.5,17.33,18.9,17.32
2016-05-10,17.32,17.32,17.65,17.06
2016-05-11,17.47,17.04,17.86,16.98
2016-05-12,16.68,16.9,17.17,16.08
2016-05-13,16.96,17.08,17.22,16.83
2016-05-16,17.1,18.13,18.15,16.85
2016-05-17,17.95,17.83,18.22,17.47
2016-05-18,17.81,17.16,17.81,17.0
2016-05-19,17.16,17.25,17.46,17.1
2016-05-20,17.11,17.39,17.4,17.0
2016-05-23,17.5,17.82,17.83,17.49
2016-05-24,17.71,17.66,17.83,17.4
2016-05-25,17.73,17.39,17.83,17.31
2016-05-26,17.4,17.67,17.7,17.14
2016-05-27,17.67,17.94,18.08,17.6
2016-05-30,18.05,17.77,18.08,17.7
2016-05-31,17.7,18.46,18.47,17.7
2016-06-01,18.52,18.54,18.95,18.42
2016-06-02,18.54,18.55,18.67,18.31
2016-06-03,18.6,20.41,20.41,18.48
2016-06-06,20.56,20.14,20.65,19.83
2016-06-07,20.02,19.99,20.04,19.47
2016-06-08,19.9,19.64,19.98,19.54
2016-06-13,19.41,18.3,19.41,18.11
2016-06-14,18.12,18.3,18.47,18.02
2016-06-15,18.11,19.11,19.26,18.11
2016-06-16,19.18,18.69,19.24,18.61
2016-06-17,18.79,18.96,19.25,18.72
2016-06-20,18.71,19.37,19.48,18.35
2016-06-21,19.37,19.07,19.69,18.91
2016-06-22,19.2,19.48,19.56,19.08
2016-06-23,19.54,19.83,20.0,19.14
2016-06-24,19.83,19.26,19.93,18.41
2016-06-27,18.91,19.49,19.53,18.9
2016-06-28,19.43,19.66,19.69,19.26
2016-06-29,19.72,19.49,19.72,19.44
2016-06-30,19.58,19.51,19.63,19.37
2016-07-01,19.55,19.6,19.73,19.38
2016-07-04,19.62,20.39,20.44,19.43
2016-07-05,20.3,20.87,20.97,20.08
2016-07-06,20.86,20.97,21.05,20.61
2016-07-07,20.97,20.89,21.38,20.71
2016-07-08,20.79,20.79,20.85,20.43
2016-07-11,20.74,20.59,20.97,20.47
2016-07-12,20.48,20.72,20.8,20.11
2016-07-13,20.58,20.72,20.81,20.58
2016-07-14,20.79,20.78,20.98,20.4
2016-07-15,20.76,20.45,20.77,20.2
2016-07-18,20.17,19.93,20.21,19.81
2016-07-19,19.96,20.0,20.03,19.7
2016-07-20,20.03,20.05,20.15,19.81
2016-07-21,20.0,19.96,20.19,19.84
2016-07-22,20.18,19.87,20.18,19.7
2016-07-25,19.71,19.83,20.09,19.71
2016-07-26,19.84,20.05,20.1,19.84
2016-07-27,20.16,18.84,20.23,18.67
2016-07-28,18.8,18.78,18.88,18.31
2016-07-29,18.85,18.41,18.85,18.4
2016-08-01,18.41,18.19,18.56,17.92
2016-08-02,18.14,18.48,18.55,18.14
2016-08-03,18.48,18.84,18.98,18.34
2016-08-04,18.8,18.9,18.98,18.71
2016-08-05,18.75,18.81,18.99,18.75
2016-08-08,18.81,19.0,19.03,18.69
2016-08-09,18.99,19.16,19.28,18.81
2016-08-10,19.29,19.15,19.29,19.09
2016-08-11,19.06,18.87,19.19,18.82
2016-08-12,18.92,19.09,19.1,18.74
2016-08-15,19.01,19.63,19.68,19.01
2016-08-16,19.68,19.71,19.87,19.53
2016-08-17,19.83,19.73,19.83,19.48
2016-08-18,19.73,19.72,19.8,19.6
2016-08-19,19.73,19.44,19.73,19.32
2016-08-22,19.44,19.52,19.64,19.33
2016-08-23,19.57,19.52,19.65,19.37
2016-08-24,19.46,19.53,19.6,19.44
2016-08-25,19.54,19.28,19.54,19.14
2016-08-26,19.39,19.39,19.45,19.2
2016-08-29,19.48,19.81,19.97,19.2
2016-08-30,19.87,19.87,19.93,19.69
2016-08-31,19.92,20.01,20.08,19.84
2016-09-01,20.02,19.99,20.08,19.79
2016-09-02,20.01,19.72,20.01,19.68
2016-09-05,19.67,19.93,19.98,19.6
2016-09-06,19.89,20.13,20.2,19.63
2016-09-07,20.28,20.22,20.57,20.17
2016-09-08,20.36,20.47,20.48,20.17
2016-09-09,20.54,20.36,20.61,20.11
2016-09-12,20.1,19.49,20.1,19.43
2016-09-13,19.5,19.87,19.92,19.5
2016-09-14,19.89,19.73,19.89,19.28
2016-09-19,19.85,20.23,20.36,19.73
2016-09-20,20.15,20.43,20.58,20.15
2016-09-21,20.34,20.42,20.73,20.2
2016-09-22,20.5,20.5,20.7,20.41
2016-09-23,20.64,20.94,21.14,20.45
2016-09-26,20.9,20.2,20.95,20.16
2016-09-27,20.16,20.31,20.4,19.9
2016-09-28,20.3,20.32,20.54,20.05
2016-09-29,20.45,20.65,20.66,20.28
2016-09-30,20.59,20.59,20.72,20.46
2016-10-10,20.61,20.9,20.93,20.6
2016-10-11,20.98,21.72,21.77,20.9
2016-10-12,21.5,21.35,21.65,21.21
2016-10-13,21.34,21.51,21.63,21.3
2016-10-14,21.4,21.54,21.58,21.2
2016-10-17,21.5,21.17,21.69,21.1
2016-10-18,21.36,21.41,21.46,21.06
2016-10-19,21.49,21.38,21.69,21.3
2016-10-20,21.4,21.35,21.5,21.31
2016-10-21,21.45,21.23,21.45,20.84
2016-10-24,21.18,21.24,21.4,21.01
2016-10-25,21.32,21.3,21.36,21.19
2016-10-26,21.52,21.41,22.2,21.38
2016-10-27,21.6,22.11,22.5,21.5
2016-10-28,22.09,21.3,22.09,21.26
2016-10-31,21.35,21.63,21.91,21.2
2016-11-01,21.7,21.82,21.83,21.43
2016-11-02,21.73,22.29,22.78,21.58
2016-11-03,22.22,22.32,22.56,22.01
2016-11-04,22.32,22.12,22.43,22.1
2016-11-07,22.11,22.28,22.79,22.01
2016-11-08,22.28,22.38,22.57,22.19
2016-11-09,22.4,22.52,22.86,21.97
2016-11-10,22.78,23.08,23.43,22.62
2016-11-11,23.12,23.82,23.97,23.11
2016-11-14,23.74,24.17,24.26,23.5
2016-11-15,24.04,23.78,24.24,23.72
2016-11-16,23.9,23.69,23.97,23.64
2016-11-17,23.72,23.45,23.77,23.22
2016-11-18,23.49,23.51,23.71,23.31
2016-11-21,23.56,23.5,23.71,23.4
2016-11-22,23.38,23.61,23.62,23.38
2016-11-23,23.62,22.9,23.77,22.88
2016-11-24,22.99,22.71,23.32,22.61
2016-11-25,22.71,23.11,23.17,22.41
2016-11-28,23.16,22.74,23.24,22.5
2016-11-29,22.67,22.04,22.88,22.0
2016-11-30,21.9,21.98,22.12,21.8
2016-12-01,22.05,22.22,22.49,21.92
2016-12-02,22.07,22.29,22.89,22.07
2016-12-05,22.1,21.63,22.15,21.58
2016-12-06,21.58,21.86,21.91,21.57
2016-12-07,21.86,22.17,22.22,21.6
2016-12-08,22.19,22.08,22.26,21.98
2016-12-09,22.08,21.74,22.1,21.7
2016-12-12,21.74,21.1,21.96,20.12
2016-12-13,20.75,20.98,21.2,20.2
2016-12-14,20.97,21.55,21.56,20.8
2016-12-15,21.45,21.89,22.0,21.34
2016-12-16,21.71,22.58,22.6,21.71
2016-12-19,22.43,22.62,22.77,22.37
2016-12-20,22.6,22.53,22.78,22.3
2016-12-21,22.5,22.67,22.68,22.49
2016-12-22,22.83,22.24,22.84,22.17
2016-12-23,22.24,22.36,22.42,21.81
2016-12-26,22.28,22.22,22.36,21.87
2016-12-27,22.33,23.06,23.18,22.2
2016-12-28,23.13,22.93,24.11,22.77
2016-12-29,22.75,22.66,23.12,22.62
2016-12-30,22.73,22.49,23.1,22.33
2017-01-03,22.55,23.11,23.18,22.52
2017-01-04,23.05,23.26,23.65,22.87
2017-01-05,23.36,23.45,23.58,23.24
2017-01-06,23.5,23.2,23.77,23.18
2017-01-09,23.01,23.19,23.22,22.49
2017-01-10,23.19,23.14,23.44,22.9
2017-01-11,22.94,22.49,23.49,22.41
2017-01-12,22.55,22.1,22.69,22.0
2017-01-13,22.02,21.66,22.28,21.51
2017-01-16,21.5,19.92,21.68,19.5
2017-01-17,19.8,20.28,20.44,19.76
2017-01-18,20.11,20.04,20.33,19.98
2017-01-19,20.06,19.86,20.06,19.62
2017-01-20,19.9,20.43,20.58,19.83
2017-01-23,20.55,20.87,21.24,20.43
2017-01-24,20.87,20.86,20.96,20.71
2017-01-25,20.86,21.04,21.16,20.73
2017-01-26,20.83,21.21,21.28,20.83
2017-02-03,21.12,20.92,21.39,20.88
2017-02-06,20.92,21.39,21.42,20.82
2017-02-07,21.41,21.6,21.8,21.31
2017-02-08,21.58,21.56,21.75,21.4
2017-02-09,21.65,21.64,21.82,21.55
2017-02-10,21.76,21.46,21.86,21.42
2017-02-13,21.43,21.69,21.87,21.23
2017-02-14,21.87,21.56,21.97,21.45
2017-02-15,21.62,21.25,21.63,21.2
2017-02-16,21.25,21.4,21.56,21.07
2017-02-17,21.3,21.08,21.67,21.01
2017-02-20,21.08,20.9,21.1,20.66
2017-02-21,21.0,21.09,21.17,20.72
2017-02-22,21.02,21.19,21.25,20.91
2017-02-23,21.17,21.07,21.19,20.87
2017-02-24,21.12,21.46,21.57,21.01
2017-02-27,21.46,21.27,21.6,21.25
2017-02-28,21.25,21.38,21.43,21.17
2017-03-01,21.38,21.56,21.59,21.35
2017-03-02,21.56,21.36,22.01,21.31
2017-03-03,21.5,21.39,21.54,21.17
2017-03-06,21.39,21.6,21.66,21.22
2017-03-07,21.58,21.65,21.7,21.5
2017-03-08,21.57,21.86,22.0,21.57
2017-03-09,21.85,21.6,21.99,21.01
2017-03-10,21.55,21.36,21.58,21.26
2017-03-13,21.36,21.51,21.55,21.21
2017-03-14,21.55,21.54,21.84,21.49
2017-03-15,21.5,21.4,21.54,21.14
2017-03-16,21.39,21.55,21.64,21.35
2017-03-17,21.6,21.57,21.81,21.47
2017-03-20,21.68,21.69,21.78,21.37
2017-03-21,21.68,21.66,21.74,21.5
2017-03-22,21.66,21.36,21.66,21.31
2017-03-23,21.41,21.12,21.49,20.9
2017-03-24,21.11,21.12,21.23,21.01
2017-03-27,21.1,21.05,21.33,20.94
2017-03-28,21.02,21.03,21.19,20.91
2017-03-29,21.02,20.61,21.13,20.41
2017-03-30,20.59,19.85,20.59,19.58
2017-03-31,19.84,19.79,20.01,19.7
2017-04-05,19.85,20.27,20.28,19.71
2017-04-06,20.27,20.58,20.75,20.15
2017-04-07,20.58,20.47,20.7,20.41
2017-04-10,20.42,19.81,20.48,19.73
2017-04-11,20.0,20.17,20.18,19.82
2017-04-12,20.23,19.89,20.23,19.87
2017-04-13,19.86,19.97,20.06,19.86
2017-04-14,20.0,19.15,20.0,19.08
2017-04-17,18.74,18.62,19.03,18.42
2017-04-18,18.8,18.22,18.8,18.1
2017-04-19,18.07,17.64,18.1,17.32
2017-04-20,17.6,17.19,17.76,16.91
2017-04-21,17.25,17.28,17.46,17.13
2017-04-24,17.78,17.35,18.33,17.28
2017-04-25,16.8,17.16,17.59,16.8
2017-04-26,17.0,16.91,17.16,16.76
2017-04-27,16.9,17.2,17.27,16.31
2017-04-28,17.15,17.59,17.66,17.06
2017-05-02,17.42,17.5,17.7,17.29
2017-05-03,17.5,17.48,17.63,17.31
2017-05-04,17.48,17.58,17.82,17.4
2017-05-05,17.5,16.99,17.54,16.97
2017-05-08,16.88,16.79,17.09,16.52
2017-05-09,16.7,16.94,16.94,16.45
2017-05-10,17.01,16.62,17.2,16.61
2017-05-11,16.63,16.19,16.63,15.55
2017-05-12,16.19,16.14,16.24,15.88
2017-05-15,16.14,16.14,16.29,16.06
2017-05-16,16.22,16.74,16.82,16.0
2017-05-17,16.69,16.78,16.95,16.6
2017-05-18,16.64,17.26,17.4,16.41
2017-05-19,17.25,17.17,17.35,17.1
2017-05-22,17.01,16.99,17.29,16.74
2017-05-23,16.83,16.68,16.95,16.61
2017-05-24,16.36,16.57,16.88,16.11
2017-05-25,16.68,16.96,17.15,16.36
2017-05-26,17.0,17.04,17.33,16.88
2017-05-31,17.37,17.01,17.37,16.94
2017-06-01,16.96,16.41,17.01,16.17
2017-06-02,16.35,17.11,17.14,16.01
2017-06-05,17.11,17.22,17.35,17.05
2017-06-06,17.35,17.26,17.35,17.17
2017-06-07,17.26,17.55,17.6,17.18
2017-06-08,17.5,17.42,17.62,17.36
2017-06-09,17.42,17.35,17.43,17.1
2017-06-12,17.3,16.97,17.35,16.91
2017-06-13,16.96,17.5,17.52,16.86
2017-06-14,17.45,17.44,17.57,17.32
2017-06-15,17.46,17.6,17.75,17.42
2017-06-16,17.47,17.53,17.65,17.3
2017-06-19,17.53,17.57,17.64,17.42
2017-06-20,17.51,17.72,17.76,17.46
2017-06-21,17.69,18.1,18.15,17.58
2017-06-22,17.98,18.87,18.89,17.98
2017-06-23,18.86,18.42,18.86,17.61
2017-06-26,18.17,18.8,18.85,17.99
2017-06-27,18.8,18.27,18.82,18.18
2017-06-28,18.16,18.36,18.56,18.16
2017-06-29,18.3,18.61,18.88,18.3
2017-06-30,18.41,18.89,18.95,18.01
2017-07-03,18.87,18.85,19.15,18.63
2017-07-04,18.85,18.85,18.9,18.72
2017-07-05,18.85,18.68,18.9,18.51
2017-07-06,18.55,18.31,18.67,18.15
2017-07-07,18.44,18.28,18.47,18.2
2017-07-10,18.22,17.94,18.36,17.88
2017-07-11,17.85,17.67,18.01,17.61
2017-07-12,17.61,17.6,17.84,17.28
2017-07-13,17.52,17.63,17.68,17.45
2017-07-14,17.7,17.25,17.75,17.06
2017-07-17,17.1,15.8,17.45,15.75
2017-07-18,15.78,15.8,15.88,15.41
2017-07-19,15.8,15.93,16.07,15.54
2017-07-20,15.91,16.33,16.89,15.91
2017-07-21,16.12,16.2,16.47,16.11
2017-07-24,16.28,16.34,16.45,16.12
2017-07-25,16.4,16.23,16.41,16.14
2017-07-26,16.27,16.3,16.38,16.1
2017-07-27,16.35,16.67,16.8,16.06
2017-07-28,16.55,16.31,17.05,16.21
2017-07-31,16.31,16.47,16.52,16.23
2017-08-01,16.6,16.5,16.69,16.32
2017-08-02,16.61,16.33,16.61,16.32
2017-08-03,16.47,16.59,16.59,15.8
2017-08-04,16.43,16.04,16.44,15.96
2017-08-07,16.18,16.14,16.28,16.01
2017-08-08,16.3,16.15,16.3,16.06
2017-08-09,16.1,16.73,17.36,16.04
2017-08-10,16.53,16.24,16.59,16.2
2017-08-11,16.09,16.07,16.27,16.05
2017-08-14,16.05,16.23,16.25,16.02
2017-08-15,16.23,16.25,16.36,16.14
2017-08-16,16.25,16.49,16.69,16.15
2017-08-17,16.49,16.81,16.9,16.49
2017-08-18,16.66,16.86,16.97,16.51
2017-08-21,16.78,17.08,17.14,16.67
2017-08-22,17.09,16.92,17.09,16.85
2017-08-23,16.83,16.95,17.12,16.76
2017-08-24,16.88,16.82,17.1,16.73
2017-08-25,16.72,16.85,16.94,16.68
2017-08-28,16.72,16.95,16.99,16.72
2017-08-29,16.96,16.95,17.04,16.83
2017-08-30,16.91,16.93,17.01,16.84
2017-08-31,16.91,17.06,17.08,16.87
2017-09-01,17.06,17.15,17.17,16.83
2017-09-04,17.15,17.07,17.25,16.97
2017-09-05,17.07,17.56,18.0,17.0
2017-09-06,17.45,17.53,18.0,17.01
2017-09-07,17.45,17.27,17.58,17.22
2017-09-08,17.35,17.15,17.35,17.02
2017-09-11,17.05,17.22,17.26,17.05
2017-09-12,17.22,17.15,17.29,17.0
2017-09-13,17.13,17.23,17.27,17.13
2017-09-14,17.06,17.13,17.26,17.0
2017-09-15,17.24,16.78,17.24,16.65
2017-09-18,16.77,16.77,16.89,16.66
2017-09-19,16.76,16.71,16.96,16.67
2017-09-20,16.75,16.86,16.92,16.65
2017-09-21,16.94,16.97,17.11,16.85
2017-09-22,18.67,18.67,18.67,18.35
2017-09-25,18.39,17.62,18.87,17.54
2017-09-26,17.55,17.29,17.87,16.97
2017-09-27,17.36,19.02,19.02,17.34
2017-09-28,19.58,19.89,20.3,19.18
2017-09-29,19.81,19.42,19.94,19.19
2017-10-09,19.6,19.78,20.27,19.11
2017-10-10,19.47,19.33,19.62,19.18
2017-10-11,19.2,18.79,19.28,18.54
2017-10-12,18.79,18.63,18.79,18.06
2017-10-13,18.44,18.58,18.68,18.24
2017-10-16,18.45,17.79,18.45,17.75
2017-10-17,17.79,17.87,18.15,17.75
2017-10-18,17.87,17.35,17.96,17.33
2017-10-19,17.33,16.88,17.48,16.78
2017-10-20,16.77,17.04,17.16,16.72
2017-10-23,16.97,17.04,17.17,16.88
2017-10-24,17.04,16.69,17.05,16.64
2017-10-25,16.72,16.91,16.94,16.6
2017-10-26,16.83,16.85,16.97,16.78
2017-10-27,16.88,16.91,17.11,16.84
2017-10-30,16.96,17.4,17.85,16.96
2017-10-31,17.24,17.65,17.71,17.04
2017-11-01,17.67,17.4,17.67,17.3
2017-11-02,17.4,16.81,17.4,16.64
2017-11-03,16.81,16.66,16.92,16.5
2017-11-06,16.94,17.29,17.88,16.75
2017-11-07,17.27,17.22,17.5,17.0
2017-11-08,17.2,17.19,17.33,17.04
2017-11-09,17.09,17.25,17.33,17.08
2017-11-10,17.16,17.15,17.35,17.08
2017-11-13,17.29,17.01,17.29,17.0
2017-11-14,16.93,16.51,17.1,16.45
2017-11-15,16.51,16.56,16.66,16.4
2017-11-16,16.65,16.42,16.72,16.4
2017-11-17,16.5,15.33,16.5,15.28
2017-11-20,15.25,15.2,15.25,14.68
2017-11-21,15.19,14.94,15.32,14.9
2017-11-22,14.87,15.01,15.19,14.87
2017-11-23,15.08,14.66,15.08,14.65
2017-11-24,14.79,14.5,14.8,14.0
2017-11-27,14.33,14.14,14.49,14.13
2017-11-28,14.11,14.31,14.39,14.03
2017-11-29,14.35,14.23,14.35,14.09
2017-11-30,14.23,14.33,14.35,14.1
2017-12-01,14.28,14.53,14.56,14.23
2017-12-04,14.53,14.03,14.53,13.86
2017-12-05,13.98,13.39,14.06,13.26
2017-12-06,13.35,13.73,13.76,13.27
2017-12-07,13.69,13.67,13.74,13.57
2017-12-08,13.7,13.84,13.89,13.57
2017-12-11,13.88,13.99,14.01,13.72
2017-12-12,13.99,13.74,14.07,13.62
2017-12-13,13.81,13.81,13.86,13.62
2017-12-14,13.86,13.68,13.86,13.4
2017-12-15,13.6,14.05,14.07,13.59
2017-12-18,13.93,14.1,14.23,13.78
2017-12-19,13.98,14.18,14.19,13.96
2017-12-20,14.19,14.1,14.19,13.92
2017-12-21,14.1,14.08,14.14,13.84
2017-12-22,14.07,14.02,14.08,13.95
2017-12-25,14.01,14.02,14.1,13.84
2017-12-26,14.03,14.33,14.35,13.88
2017-12-27,14.42,14.87,15.31,14.28
2017-12-28,14.81,15.06,15.1,14.6
2017-12-29,15.06,15.53,15.6,14.81
2018-01-02,15.48,15.33,15.48,15.13
2018-01-03,15.33,15.06,15.43,14.83
2018-01-04,14.94,14.99,15.09,14.84
2018-01-05,15.13,14.95,15.13,14.7
2018-01-08,15.02,14.93,15.02,14.84
2018-01-09,15.0,14.98,15.11,14.94
2018-01-10,15.01,14.94,15.02,14.73
2018-01-11,14.84,14.95,15.07,14.7
2018-01-12,14.9,15.02,15.04,14.82
2018-01-15,15.02,14.75,15.02,14.73
2018-01-16,14.65,14.88,15.13,14.65
2018-01-17,14.81,14.88,14.9,14.5
2018-01-18,14.88,15.44,15.5,14.81
2018-01-19,15.53,15.06,15.55,15.03
2018-01-22,15.05,15.26,15.29,14.65
2018-01-23,15.24,14.99,15.24,14.95
2018-01-24,15.1,15.14,15.21,14.88
2018-01-25,15.1,14.97,15.22,14.94
2018-01-26,14.97,14.98,15.09,14.82
2018-01-29,14.96,14.93,15.03,14.91
2018-01-30,15.02,14.91,15.38,14.88
2018-01-31,14.77,14.58,14.88,14.32
2018-02-01,14.56,14.17,14.72,13.85
2018-02-02,14.15,13.99,14.28,13.76
2018-02-05,13.98,13.88,14.0,13.63
2018-02-06,13.5,12.93,13.7,12.87
2018-02-07,13.01,13.11,13.38,12.7
2018-02-08,13.1,13.18,13.24,12.9
2018-02-09,12.9,12.88,13.21,12.21
2018-02-12,12.87,13.03,13.18,12.73
2018-02-13,13.14,13.04,13.19,12.93
2018-02-14,13.04,13.14,13.18,12.96
2018-02-22,13.23,13.27,13.3,13.14
2018-02-23,13.26,13.26,13.37,13.21
2018-02-26,13.28,13.63,13.64,13.28
2018-02-27,13.74,13.71,13.75,13.5
2018-02-28,13.72,13.6,13.72,13.5
2018-03-01,13.5,13.83,13.85,13.5
2018-03-02,13.8,13.86,14.0,13.6
2018-03-05,13.77,13.7,13.88,13.53
2018-03-06,13.75,13.79,13.85,13.62
2018-03-07,13.81,13.64,13.81,13.55
2018-03-08,13.57,13.66,13.74,13.57
2018-03-09,13.66,13.86,13.88,13.63
2018-03-12,13.86,14.15,14.29,13.85
2018-03-13,14.18,14.02,14.19,13.95
2018-03-14,13.9,13.8,14.04,13.7
2018-03-15,13.76,13.94,14.19,13.66
2018-03-16,13.87,13.96,14.16,13.79
2018-03-19,13.89,14.04,14.12,13.89
2018-03-20,13.96,15.44,15.44,13.81
2018-03-21,16.25,15.91,16.98,15.87
2018-03-22,15.36,15.44,15.94,15.2
2018-03-23,14.66,13.9,14.97,13.9
2018-03-26,13.5,13.74,13.9,12.88
2018-03-27,13.81,14.17,14.66,13.8
2018-03-28,13.82,14.26,14.69,13.72
2018-03-29,14.16,14.48,14.55,14.16
2018-03-30,14.5,15.31,15.47,14.4
2018-04-02,15.19,16.07,16.75,15.06
2018-04-03,16.56,15.88,16.58,15.65
2018-04-04,15.44,14.95,15.75,14.86
2018-04-09,14.8,14.59,15.08,14.2
2018-04-10,14.6,14.58,14.9,14.36
2018-04-11,14.65,14.6,14.84,14.48
2018-04-12,14.65,14.38,14.67,14.32
2018-04-13,14.46,14.54,14.6,14.35
2018-04-16,14.63,14.31,14.63,14.21
2018-04-17,14.43,13.69,14.43,13.66
2018-04-18,13.8,14.07,14.09,13.5
2018-04-19,13.83,13.58,13.83,13.36
2018-04-20,13.45,13.0,13.69,12.93
2018-04-23,12.81,12.86,13.15,12.71
2018-04-24,12.97,13.22,13.25,12.86
2018-04-25,13.2,13.33,13.35,13.1
2018-04-26,13.33,12.92,13.33,12.74
2018-04-27,12.8,12.91,13.04,12.66
2018-05-02,12.9,12.77,13.12,12.7
2018-05-03,12.77,12.95,12.98,12.56
2018-05-04,12.9,12.89,13.07,12.82
2018-05-07,12.93,13.28,13.42,12.82
2018-05-08,13.29,13.27,13.45,13.22
2018-05-09,13.4,13.39,13.48,13.15
2018-05-10,13.47,13.59,13.68,13.39
2018-05-11,13.68,13.29,13.68,13.23
2018-05-14,13.18,13.1,13.27,13.05
2018-05-15,13.05,13.27,13.29,12.92
2018-05-16,13.25,13.25,13.34,13.1
2018-05-17,13.3,13.13,13.3,13.12
2018-05-18,13.1,13.18,13.24,13.1
2018-05-21,13.23,13.39,13.4,13.2
2018-05-22,13.39,13.49,13.52,13.25
2018-05-23,13.52,13.18,13.55,13.14
2018-05-24,13.18,13.22,13.33,13.1
2018-05-25,13.26,13.08,13.32,13.04
