date,open,close,high,low
2016-01-04,13.12,12.47,13.17,12.47
2016-01-05,11.85,11.85,12.04,11.85
2016-01-06,11.85,12.12,12.15,11.78
2016-01-07,11.87,11.51,11.88,11.51
2016-01-08,11.0,11.57,11.68,10.93
2016-01-11,11.35,10.99,11.47,10.99
2016-01-12,10.64,10.44,10.91,10.44
2016-01-13,10.56,9.92,10.68,9.92
2016-01-14,9.5,10.29,10.34,9.42
2016-01-15,10.2,10.68,10.8,10.14
2016-07-26,11.21,11.21,11.21,11.21
2016-07-27,11.77,11.33,11.77,11.3
2016-07-28,11.45,11.59,11.65,11.36
2016-07-29,11.62,12.17,12.17,11.61
2016-08-01,12.18,12.16,12.49,11.86
2016-08-02,12.1,12.68,12.77,12.1
2016-08-03,12.76,12.67,12.93,12.59
2016-08-04,12.54,12.85,12.89,12.54
2016-08-05,12.85,12.99,13.04,12.84
2016-08-08,13.0,12.57,13.0,12.34
2016-08-09,12.56,12.87,12.95,12.54
2016-08-10,12.82,12.88,13.01,12.82
2016-08-11,12.88,12.89,12.96,12.83
2016-08-12,12.92,12.9,12.98,12.81
2016-08-15,12.9,12.75,12.9,12.65
2016-08-16,12.74,12.8,13.0,12.69
2016-08-17,12.7,12.88,12.94,12.7
2016-08-18,12.97,12.9,12.97,12.86
2016-08-19,12.98,13.55,13.55,12.88
2016-08-22,13.57,13.9,14.15,13.39
2016-08-23,13.93,14.12,14.52,13.88
2016-08-24,14.06,14.43,14.59,14.06
2016-08-25,14.44,13.98,14.53,13.92
2016-08-26,14.09,14.68,14.68,14.09
2016-08-29,14.76,14.86,15.22,14.59
2016-08-30,14.9,14.74,14.92,14.45
2016-08-31,14.66,14.81,15.03,14.66
2016-09-01,14.85,14.69,14.97,14.67
2016-09-02,14.68,13.96,14.88,13.96
2016-09-05,13.71,14.66,14.66,13.71
2016-09-06,14.67,14.97,15.15,14.57
2016-09-07,14.86,15.21,15.28,14.86
2016-09-08,15.32,15.26,15.32,15.03
2016-09-09,15.29,15.55,15.83,15.2
2016-09-12,15.19,15.16,15.44,14.94
2016-09-13,15.22,15.31,15.5,15.22
2016-09-14,15.3,15.63,15.75,15.25
2016-09-19,15.69,16.41,16.41,15.5
2016-09-20,16.32,16.27,16.46,16.1
2016-09-21,16.27,16.0,16.54,15.9
2016-09-22,16.09,15.9,16.09,15.63
2016-09-23,15.85,15.91,16.14,15.85
2016-09-26,16.04,15.59,16.04,15.51
2016-09-27,15.54,15.1,15.6,15.03
2016-09-28,15.11,15.24,15.27,15.07
2016-09-29,15.23,15.59,15.84,15.15
2016-09-30,15.59,15.85,15.9,15.56
2016-10-10,15.95,15.75,15.95,15.67
2016-10-11,15.75,15.74,15.89,15.61
2016-10-12,15.65,15.73,15.75,15.55
2016-10-13,15.7,16.0,16.0,15.7
2016-10-14,15.96,15.79,15.97,15.61
2016-10-17,15.79,15.65,15.84,15.57
2016-10-18,15.74,15.72,15.79,15.52
2016-10-19,15.7,16.12,16.25,15.54
2016-10-20,16.14,16.12,16.42,16.03
2016-10-21,16.16,16.07,16.3,15.31
2016-10-24,16.18,16.45,16.65,16.1
2016-10-25,16.55,16.83,16.89,16.39
2016-10-26,16.79,17.27,17.57,16.74
2016-10-27,17.27,17.28,17.7,17.2
2016-10-28,17.37,17.21,17.37,17.09
2016-10-31,17.33,17.38,17.74,17.21
2016-11-01,17.44,17.5,17.55,17.3
2016-11-02,17.54,17.19,17.54,17.16
2016-11-03,17.16,16.85,17.28,16.8
2016-11-04,16.87,17.18,17.34,16.51
2016-11-07,16.88,17.08,17.47,16.88
2016-11-08,17.16,17.23,17.31,17.05
2016-11-09,17.28,17.23,17.34,16.89
2016-11-10,17.21,17.22,17.29,17.15
2016-11-11,17.14,17.23,17.34,17.1
2016-12-23,17.23,17.02,17.29,16.37
2016-12-26,16.86,17.03,17.38,16.68
2016-12-27,16.89,17.17,17.22,16.89
2016-12-28,17.05,17.07,17.24,16.51
2016-12-29,16.83,17.0,17.24,16.83
2016-12-30,16.92,17.02,17.18,16.82
2017-01-03,17.02,16.99,17.18,16.84
2017-01-04,17.03,16.92,17.03,16.87
2017-01-05,16.92,16.57,16.98,16.14
2017-01-06,16.35,16.16,16.69,16.15
2017-01-09,16.28,15.95,16.28,15.7
2017-01-10,15.96,15.95,16.17,15.86
2017-01-11,15.96,15.92,16.08,15.88
2017-01-12,15.92,15.58,15.99,15.35
2017-01-13,15.66,15.6,15.66,14.99
2017-01-16,15.58,15.27,15.6,14.82
2017-01-17,15.24,15.5,15.57,14.88
2017-01-18,15.58,15.78,15.85,15.49
2017-01-19,15.69,15.8,15.89,15.69
2017-01-20,15.88,16.45,16.55,15.79
2017-01-23,16.39,16.45,16.55,16.32
2017-01-24,16.59,16.95,16.99,16.39
2017-01-25,16.96,16.73,17.04,16.71
2017-01-26,16.75,16.96,17.19,16.75
2017-02-03,16.96,16.69,17.04,16.64
2017-02-06,16.7,16.58,16.78,16.52
2017-02-07,16.66,16.89,16.94,16.6
2017-02-08,16.81,16.9,16.97,16.81
2017-02-09,16.98,17.5,17.55,16.98
2017-02-10,17.49,17.38,17.83,17.36
2017-02-13,17.38,17.47,17.49,17.01
2017-02-14,17.53,17.37,17.58,17.36
2017-02-15,17.37,17.48,17.56,17.11
2017-02-16,17.4,17.56,17.58,17.39
2017-02-17,17.55,17.52,17.58,17.2
2017-02-20,17.51,18.24,18.25,17.45
2017-02-21,18.28,18.2,18.52,17.97
2017-02-22,18.2,18.46,18.46,18.07
2017-02-23,18.46,18.48,18.61,18.34
2017-02-24,18.56,18.71,18.77,18.3
2017-02-27,18.64,18.82,18.95,18.64
2017-02-28,18.84,19.11,19.27,18.84
2017-03-01,19.18,19.7,19.77,19.09
2017-03-02,19.8,18.95,19.95,18.72
2017-03-03,18.5,19.21,19.25,18.39
2017-03-06,19.2,19.32,19.59,19.01
2017-03-07,19.34,19.14,19.54,19.07
2017-03-08,19.24,19.09,19.29,18.56
2017-03-09,19.09,19.18,19.24,18.91
2017-03-10,19.24,19.0,19.24,18.92
2017-03-13,19.0,19.26,19.33,18.91
2017-03-14,19.26,19.21,19.32,19.08
2017-03-15,19.2,18.94,19.22,18.92
2017-03-16,19.09,19.1,19.24,18.89
2017-03-17,19.1,18.93,19.18,18.65
2017-03-20,18.86,18.92,19.09,18.83
2017-03-21,18.89,18.71,18.89,18.69
2017-03-22,18.62,18.7,18.88,18.62
2017-03-23,18.72,18.2,18.75,17.86
2017-03-24,18.16,17.79,18.16,17.77
2017-03-27,17.69,18.52,18.68,17.15
2017-03-28,18.47,18.38,18.57,18.29
2017-03-29,18.4,18.3,18.45,18.2
2017-03-30,18.44,17.96,18.44,17.9
2017-03-31,17.76,18.13,18.15,17.76
2017-04-05,18.01,18.55,18.62,17.96
2017-04-06,18.55,18.85,18.89,18.55
2017-04-07,18.85,19.4,19.55,18.71
2017-04-10,19.5,19.52,19.86,19.4
2017-04-11,19.52,19.52,19.65,19.2
2017-04-12,19.49,19.61,19.73,19.31
2017-04-13,19.62,20.04,20.14,19.61
2017-04-17,18.43,19.01,19.95,18.43
2017-04-18,19.0,18.92,19.19,18.6
2017-04-19,18.99,18.73,18.99,18.23
2017-04-20,18.73,18.83,18.94,18.25
2017-04-21,19.03,18.75,19.03,18.58
2017-04-24,18.5,18.29,18.5,17.5
2017-04-25,18.6,18.72,18.75,18.21
2017-04-26,18.84,18.78,18.86,18.0
2017-04-27,18.26,18.88,18.89,18.26
2017-04-28,18.92,19.44,19.58,18.8
2017-05-02,19.33,19.62,19.63,19.24
2017-05-03,19.63,19.6,19.7,19.37
2017-05-04,19.56,19.63,19.7,19.45
2017-05-05,19.5,19.22,19.6,18.8
2017-05-08,19.22,19.15,19.26,18.87
2017-05-09,19.03,19.1,19.2,18.71
2017-05-10,19.1,18.71,19.1,17.22
2017-05-11,18.69,18.27,18.69,17.82
2017-05-12,18.2,18.0,18.49,17.6
2017-05-15,17.82,17.79,18.21,17.52
2017-05-16,17.86,17.96,18.0,17.26
2017-05-17,18.0,18.02,18.24,17.83
2017-05-18,17.84,17.98,18.47,17.84
2017-05-19,17.98,17.96,18.15,17.82
2017-05-22,17.96,17.69,18.18,17.5
2017-05-23,17.42,17.4,17.88,17.04
2017-05-24,17.57,17.35,17.65,17.23
2017-05-25,17.36,17.4,17.53,16.48
2017-05-26,17.6,17.47,17.85,17.31
2017-05-31,17.55,17.43,17.7,17.01
2017-06-01,17.55,17.13,17.55,16.99
2017-06-02,17.13,17.11,17.28,16.92
2017-06-05,17.15,17.15,17.59,17.1
2017-06-06,17.3,16.88,17.3,16.81
2017-06-07,16.88,16.49,16.88,16.12
2017-06-08,16.48,16.41,16.48,16.27
2017-06-09,16.42,16.4,16.46,15.91
2017-06-12,16.28,16.44,16.48,15.98
2017-06-13,16.44,16.4,16.49,16.29
2017-06-14,16.33,16.4,16.46,16.08
2017-06-15,16.4,16.5,16.56,16.33
2017-06-16,16.57,17.22,17.29,16.24
2017-06-19,17.26,17.14,17.29,16.87
2017-06-20,17.14,17.14,17.3,16.9
2017-06-21,17.12,17.0,17.13,16.88
2017-06-22,16.81,16.97,17.14,16.81
2017-06-23,17.09,17.06,17.09,16.72
2017-06-26,17.09,17.16,17.37,17.07
2017-06-27,17.16,17.35,17.4,17.02
2017-07-10,18.88,18.01,18.88,17.52
2017-07-11,17.91,18.04,18.21,17.45
2017-07-12,17.8,18.07,18.18,17.8
2017-07-13,18.0,18.25,18.4,17.9
2017-07-14,18.0,18.54,18.64,18.0
2017-07-17,18.26,18.09,18.68,18.0
2017-07-18,18.0,18.04,18.29,17.8
2017-07-19,18.0,17.69,18.25,17.56
2017-07-20,18.15,17.81,18.15,17.5
2017-07-21,17.7,17.75,17.92,17.53
2017-07-24,17.9,17.28,17.9,17.02
2017-07-25,17.39,17.63,17.8,17.26
2017-07-26,17.68,17.69,17.77,17.59
2017-07-27,17.75,17.3,17.75,17.1
2017-07-28,17.2,17.45,17.49,17.15
2017-07-31,17.56,17.38,17.56,17.16
2017-08-01,16.45,17.39,17.45,16.45
2017-08-02,17.48,17.38,17.48,17.08
2017-08-03,17.35,17.39,17.48,17.28
2017-08-04,17.2,17.3,17.4,17.16
2017-08-07,17.29,17.19,17.3,17.0
2017-08-08,17.15,17.58,17.79,17.15
2017-08-09,17.62,17.8,17.81,17.59
2017-08-10,17.8,17.71,17.84,17.57
2017-08-11,17.6,17.63,17.75,17.4
2017-08-14,17.61,17.58,17.77,16.66
2017-08-15,17.52,17.46,17.62,17.1
2017-08-16,17.57,17.22,17.57,17.15
2017-08-17,17.11,17.3,17.3,17.11
2017-08-18,17.21,17.37,17.4,17.1
2017-08-21,17.27,17.26,17.4,17.21
2017-08-22,17.26,17.17,17.41,17.15
2017-08-23,17.16,17.2,17.23,17.02
2017-08-24,17.82,17.76,18.68,17.6
2017-08-25,17.54,17.39,17.76,17.22
2017-08-28,17.19,17.25,17.37,17.19
2017-08-29,17.2,17.24,17.34,17.16
2017-08-30,17.24,17.36,17.73,17.12
2017-08-31,17.53,17.58,17.77,17.36
2017-09-01,17.56,17.74,17.8,17.56
2017-09-04,17.71,17.88,17.99,17.47
2017-09-05,17.71,17.88,17.96,17.61
2017-09-06,17.92,17.87,17.92,17.6
2017-09-07,17.83,17.69,17.91,17.67
2017-09-08,18.08,17.8,18.18,17.76
2017-09-11,17.6,18.0,18.3,17.43
2017-09-12,18.09,17.74,18.09,17.71
2017-09-13,17.74,17.89,18.06,17.6
2017-09-14,17.98,17.82,18.01,17.72
2017-09-15,17.93,17.78,17.97,17.7
2017-09-18,17.65,17.74,17.93,17.51
2017-09-19,17.83,17.79,17.96,17.72
2017-09-20,17.71,17.81,17.85,17.53
2017-09-21,17.9,17.81,17.9,17.68
2017-09-22,17.63,17.77,17.86,17.63
2017-09-25,17.87,17.81,17.89,17.77
2017-09-26,17.7,17.78,17.8,17.5
2017-09-27,17.83,17.74,17.83,17.61
2017-09-28,17.7,17.69,17.8,17.67
2017-09-29,17.68,17.72,17.76,17.6
2017-10-09,17.74,17.58,17.74,17.52
2017-10-10,17.6,17.64,17.74,17.5
2017-10-11,17.69,17.57,17.74,17.51
2017-10-12,17.06,17.5,17.57,17.02
2017-10-13,17.43,17.53,17.59,17.43
2017-10-16,17.56,17.43,17.56,17.41
2017-10-17,17.43,17.55,17.58,17.38
2017-10-18,17.55,17.26,17.55,17.25
2017-10-19,17.35,17.34,17.42,17.13
2017-10-20,17.32,17.38,17.4,17.11
2017-10-23,17.18,17.4,17.41,17.17
2017-10-24,17.38,17.51,17.6,17.3
2017-10-25,17.45,17.94,18.41,17.4
2017-10-26,17.75,17.48,17.75,17.4
2017-10-27,17.32,17.33,17.48,17.28
2017-10-30,17.3,17.43,17.58,17.03
2017-10-31,17.89,17.48,17.89,17.39
2017-11-01,17.49,17.3,17.49,17.2
2017-11-02,17.15,17.29,17.46,17.1
2017-11-03,17.33,17.32,17.46,17.2
2017-11-06,17.3,17.36,17.4,17.12
2017-11-07,17.18,17.34,17.36,17.18
2017-11-08,17.24,17.34,17.35,17.22
2017-11-09,17.34,17.31,17.87,17.22
2017-11-10,17.26,17.16,17.29,17.15
2017-11-13,17.17,17.18,17.29,17.06
2017-11-14,17.38,17.52,17.7,17.27
2017-11-15,17.41,17.25,17.41,16.68
2017-11-16,17.2,17.21,17.26,17.07
2017-11-17,17.21,17.16,17.32,17.0
2017-11-20,17.14,17.23,17.37,16.56
2017-11-21,17.08,17.14,17.2,17.06
2017-11-22,17.18,17.07,17.25,16.8
2017-11-23,17.08,17.07,17.27,16.97
2017-11-24,17.16,17.08,17.16,16.98
2017-11-27,17.08,17.01,17.08,16.96
2017-11-28,17.04,17.01,17.04,16.96
2017-11-29,17.02,17.09,17.32,17.0
2017-11-30,17.09,17.02,17.09,16.88
2017-12-01,17.01,17.0,17.1,16.91
2017-12-04,16.97,17.0,17.05,16.9
2017-12-05,16.98,16.9,17.0,16.8
2017-12-06,16.86,16.9,16.91,16.73
2017-12-07,16.91,16.84,16.91,16.7
2017-12-08,16.87,16.73,16.87,16.68
2017-12-11,16.73,16.65,16.77,16.56
2017-12-12,16.66,16.51,16.82,16.5
2017-12-13,16.55,16.54,16.6,15.9
2017-12-14,16.48,16.48,16.52,16.29
2017-12-15,16.49,16.54,16.88,16.48
2017-12-18,16.53,16.54,16.8,16.26
2017-12-19,17.03,16.82,17.68,16.7
2017-12-20,16.65,16.77,17.1,16.53
2017-12-21,16.97,17.12,17.17,16.82
2017-12-22,17.41,17.11,17.41,17.03
2017-12-25,17.14,17.0,17.29,16.9
2017-12-26,16.99,16.8,16.99,16.08
2018-04-02,15.12,15.12,15.12,15.12
2018-04-03,13.61,13.61,13.61,13.61
2018-04-04,12.25,13.05,13.6,12.25
2018-04-09,12.05,11.75,12.13,11.75
2018-04-10,10.58,10.67,11.37,10.58
2018-04-11,10.66,10.69,11.07,10.48
2018-04-12,10.55,10.6,10.67,10.3
2018-04-13,10.61,10.39,10.64,10.36
2018-04-16,9.35,9.35,9.35,9.35
2018-04-17,8.42,8.42,8.85,8.42
2018-04-18,8.25,8.18,8.38,7.96
2018-04-19,8.13,8.45,8.54,8.07
2018-04-20,8.32,7.8,8.39,7.65
2018-04-23,7.5,7.02,7.5,7.02
2018-04-25,6.67,6.76,6.89,6.67
2018-04-26,6.72,6.94,7.1,6.71
2018-04-27,6.95,6.97,7.04,6.87
2018-05-02,7.2,7.02,7.2,6.99
2018-05-03,7.02,7.08,7.15,6.98
2018-05-04,7.06,7.07,7.22,7.03
2018-05-07,7.05,7.11,7.15,7.03
2018-05-08,7.47,7.47,7.47,7.36
2018-05-09,7.49,7.55,7.6,7.38
2018-05-10,7.55,7.51,7.58,7.43
2018-05-11,7.45,7.44,7.55,7.43
2018-05-14,7.4,7.34,7.52,7.31
2018-05-15,7.34,7.45,7.49,7.33
2018-05-16,7.45,7.48,7.53,7.39
2018-05-17,7.46,7.42,7.53,7.37
2018-05-18,7.41,7.42,7.47,7.38
2018-05-21,7.43,7.7,7.79,7.39
2018-05-22,7.7,7.82,7.85,7.6
2018-05-23,7.76,7.76,7.88,7.74
2018-05-24,7.71,7.74,7.81,7.71
2018-05-25,7.69,7.76,7.93,7.69
