date,open,close,high,low
2016-01-04,16.705,15.079,16.973,15.059
2016-01-05,14.037,13.809,15.456,13.581
2016-01-06,13.888,14.047,14.275,12.926
2016-01-07,13.848,12.638,13.878,12.638
2016-01-08,12.876,11.894,13.065,11.517
2016-01-11,11.785,10.704,11.785,10.704
2016-01-12,10.446,10.863,11.438,9.89
2016-01-13,10.813,10.099,11.249,10.059
2016-01-14,9.523,10.644,10.714,9.424
2016-01-15,10.426,10.515,11.2,10.317
2016-01-18,10.228,10.942,11.091,10.228
2016-01-19,10.962,12.033,12.033,10.823
2016-01-20,11.983,12.003,12.36,11.607
2016-01-21,11.626,11.111,12.132,11.091
2016-01-22,11.408,11.497,11.636,10.912
2016-01-25,11.785,11.448,11.874,11.299
2016-01-26,11.22,10.307,11.279,10.307
2016-01-27,10.128,9.444,10.218,9.275
2016-01-28,9.007,8.502,9.315,8.502
2016-01-29,8.353,8.819,8.978,7.946
2016-02-01,8.73,8.472,8.819,8.035
2016-02-02,8.631,9.315,9.315,8.581
2016-02-03,9.325,9.672,10.079,9.176
2016-02-04,9.771,10.188,10.376,9.722
2016-02-05,10.208,10.099,10.495,9.94
2016-02-15,9.573,9.9,10.069,9.434
2016-02-16,9.99,10.525,10.704,9.99
2016-02-17,10.466,10.793,11.051,10.376
2016-02-18,11.011,10.277,11.19,10.138
2016-02-19,10.208,10.495,10.624,10.099
2016-02-22,10.714,10.495,10.793,10.218
2016-02-23,10.416,10.109,10.436,9.97
2016-02-24,10.039,9.702,10.267,9.464
2016-02-25,9.722,8.73,9.732,8.73
2016-02-26,8.779,8.591,8.918,8.283
2016-02-29,8.581,8.006,8.591,7.728
2016-03-01,7.936,8.204,8.254,7.599
2016-03-02,8.154,8.74,8.789,8.095
2016-03-03,8.68,8.313,8.898,8.273
2016-03-04,8.194,7.807,8.214,7.619
2016-03-07,7.837,7.986,8.224,7.837
2016-03-08,8.144,8.353,8.383,7.767
2016-03-09,8.085,7.896,8.154,7.837
2016-03-10,7.926,7.648,7.966,7.599
2016-03-11,7.549,7.48,7.619,7.371
2016-03-14,7.658,8.224,8.224,7.589
2016-03-15,8.263,8.085,8.383,8.035
2016-03-16,8.154,7.847,8.234,7.688
2016-03-17,7.847,8.244,8.482,7.847
2016-03-18,8.472,8.879,9.027,8.462
2016-03-21,9.047,9.136,9.484,8.968
2016-03-22,9.077,9.117,9.355,9.007
2016-03-23,9.017,9.394,9.474,9.007
2016-03-24,9.295,9.047,9.295,9.017
2016-03-25,9.017,9.027,9.097,8.759
2016-03-28,9.047,8.839,9.265,8.819
2016-03-29,8.839,8.561,8.839,8.482
2016-03-30,8.7,9.117,9.127,8.631
2016-03-31,9.186,8.998,9.295,8.918
2016-04-01,8.948,8.898,9.017,8.68
2016-04-05,8.839,9.206,9.265,8.839
2016-04-06,9.136,9.246,9.355,9.087
2016-04-07,9.275,8.978,9.345,8.948
2016-04-08,8.879,8.829,8.898,8.68
2016-04-11,8.879,9.047,9.146,8.839
2016-04-12,9.007,8.819,9.067,8.74
2016-04-13,8.888,9.047,9.246,8.888
2016-04-14,9.136,9.712,9.91,9.057
2016-04-15,9.652,9.821,9.89,9.494
2016-04-18,9.642,9.474,9.781,9.384
2016-04-19,9.672,9.632,10.029,9.523
2016-04-20,9.652,9.196,9.88,8.928
2016-04-21,9.077,8.869,9.315,8.759
2016-04-22,8.869,8.948,8.968,8.66
2016-04-25,8.879,8.938,8.958,8.64
2016-04-26,8.869,9.127,9.176,8.829
2016-04-27,9.127,8.948,9.156,8.928
2016-04-28,8.968,8.809,9.017,8.492
2016-04-29,8.799,8.799,8.888,8.73
2016-05-03,8.799,9.067,9.087,8.7
2016-05-04,9.007,9.226,9.404,8.948
2016-05-05,9.127,9.206,9.285,9.097
2016-05-06,9.176,8.809,9.285,8.789
2016-05-09,8.73,8.214,8.73,8.125
2016-05-10,8.204,8.283,8.392,8.135
2016-05-11,8.333,8.144,8.392,8.095
2016-05-12,8.035,8.115,8.154,7.847
2016-05-13,8.095,8.154,8.333,8.065
2016-05-16,8.154,8.263,8.273,7.966
2016-05-17,8.244,8.125,8.313,8.095
2016-05-18,8.035,7.807,8.055,7.688
2016-05-19,7.837,7.976,8.154,7.787
2016-05-20,7.896,8.194,8.214,7.787
2016-05-23,8.214,8.482,8.521,8.194
2016-05-24,8.432,8.373,8.492,8.303
2016-05-25,8.432,8.343,8.591,8.333
2016-05-26,8.313,8.462,8.482,8.025
2016-05-27,8.432,8.482,8.561,8.363
2016-05-30,8.402,8.442,8.601,8.293
2016-05-31,8.462,8.849,8.888,8.442
2016-06-01,8.829,8.958,9.265,8.779
2016-06-02,8.968,9.176,9.216,8.938
2016-06-03,9.136,9.127,9.375,9.027
2016-06-06,9.166,9.226,9.335,9.077
2016-06-07,9.226,9.107,9.226,8.988
2016-06-08,9.087,8.968,9.107,8.879
2016-06-13,8.789,8.234,8.849,8.204
2016-06-14,8.174,8.323,8.412,8.174
2016-06-15,8.204,8.601,8.71,8.144
2016-06-16,8.591,8.958,9.077,8.531
2016-06-17,8.928,9.117,9.265,8.888
2016-06-20,9.107,9.047,9.107,8.888
2016-06-21,9.136,8.898,9.226,8.869
2016-06-22,8.958,9.107,9.107,8.839
2016-06-23,9.107,8.948,9.117,8.789
2016-06-24,8.879,8.69,8.998,8.402
2016-06-27,8.571,9.563,9.563,8.561
2016-06-28,9.791,10.128,10.396,9.722
2016-06-29,10.019,10.059,10.168,9.871
2016-06-30,10.178,10.069,10.297,9.94
2016-07-01,10.049,9.91,10.257,9.9
2016-07-04,9.781,9.91,10.019,9.672
2016-07-05,9.94,9.91,10.089,9.831
2016-07-06,9.88,9.95,10.009,9.811
2016-07-07,9.9,9.851,9.98,9.642
2016-07-08,9.801,9.999,10.099,9.642
2016-07-11,9.95,10.049,10.376,9.93
2016-07-12,10.049,10.039,10.158,9.692
2016-07-13,10.019,10.297,10.317,9.94
2016-07-14,10.327,10.297,10.684,10.218
2016-07-15,10.119,10.019,10.208,9.99
2016-07-18,9.97,10.029,10.267,9.801
2016-07-19,9.98,10.168,10.178,9.91
2016-07-20,10.178,10.069,10.307,10.009
2016-07-21,10.109,10.089,10.208,10.009
2016-07-22,10.079,10.347,10.496,10.079
2016-07-25,10.377,10.883,10.903,10.218
2016-07-26,10.764,10.784,11.062,10.675
2016-07-27,10.705,9.91,10.804,9.861
2016-07-28,9.98,9.741,10.069,9.513
2016-07-29,9.811,9.602,9.811,9.374
2016-08-01,9.553,9.761,9.861,9.235
2016-08-02,9.731,9.791,9.821,9.632
2016-08-03,9.731,9.692,9.781,9.652
2016-08-04,9.731,9.731,9.781,9.573
2016-08-05,9.761,9.731,10.029,9.731
2016-08-08,9.682,9.801,9.811,9.493
2016-08-09,9.791,9.861,9.88,9.731
2016-08-10,9.88,9.682,9.91,9.662
2016-08-11,9.652,9.334,9.672,9.304
2016-08-12,9.374,9.443,9.453,9.295
2016-08-15,9.463,9.622,9.692,9.324
2016-08-16,9.652,9.682,9.791,9.582
2016-08-17,9.712,9.682,9.741,9.642
2016-08-18,9.682,9.702,9.831,9.642
2016-08-19,9.751,9.662,9.751,9.582
2016-08-22,9.712,9.801,9.93,9.582
2016-08-23,9.702,9.642,9.761,9.523
2016-08-24,9.662,9.672,9.761,9.632
2016-08-25,9.632,9.523,9.632,9.414
2016-08-26,9.503,9.513,9.582,9.473
2016-09-12,9.92,10.228,10.456,9.781
2016-09-13,10.039,10.436,10.576,9.88
2016-09-14,10.288,9.99,10.307,9.9
2016-09-19,10.079,10.089,10.119,9.9
2016-09-20,10.059,9.95,10.059,9.91
2016-09-21,9.96,9.95,10.009,9.89
2016-09-22,10.009,9.841,10.029,9.821
2016-09-23,9.851,9.96,10.009,9.791
2016-09-26,9.89,9.543,10.0,9.493
2016-09-27,9.434,9.354,9.582,9.056
2016-09-28,9.354,9.275,9.424,9.185
2016-09-29,9.245,9.404,9.463,9.235
2016-09-30,9.344,9.493,9.582,9.344
2016-10-10,9.513,9.652,9.712,9.493
2016-10-11,9.652,9.612,9.662,9.543
2016-10-12,9.602,9.582,9.602,9.533
2016-10-13,9.602,9.523,9.632,9.503
2016-10-14,9.443,9.493,9.563,9.404
2016-10-17,9.483,9.295,9.543,9.285
2016-10-18,9.295,9.483,9.493,9.285
2016-10-19,9.543,9.394,9.543,9.364
2016-10-20,9.344,9.503,9.553,9.344
2016-10-21,9.513,9.463,9.513,9.314
2016-10-24,9.473,9.533,9.533,9.394
2016-10-25,9.712,9.682,9.9,9.672
2016-10-26,9.612,9.493,9.642,9.453
2016-10-27,9.463,9.503,9.543,9.443
2016-10-28,9.483,9.285,9.523,9.285
2016-10-31,9.295,9.225,9.334,9.185
2016-11-01,9.235,9.384,9.434,9.235
2016-11-02,9.334,9.354,9.434,9.265
2016-11-03,9.344,9.463,9.563,9.314
2016-11-04,9.453,9.503,9.533,9.384
2016-11-07,9.493,9.414,9.523,9.364
2016-11-08,9.434,9.553,9.573,9.394
2016-11-09,9.563,9.463,9.632,9.344
2016-11-10,9.523,9.573,9.652,9.483
2016-11-11,9.553,9.602,9.612,9.503
2016-11-14,9.553,9.602,9.672,9.533
2016-11-15,9.612,9.692,9.781,9.563
2016-11-16,9.682,9.642,9.692,9.602
2016-11-17,9.612,9.582,9.652,9.553
2016-11-18,9.582,9.533,9.652,9.513
2016-11-21,9.503,9.513,9.573,9.473
2016-11-22,9.553,9.573,9.582,9.493
2016-11-23,9.553,9.612,9.662,9.553
2016-11-24,9.543,9.543,9.652,9.523
2016-11-25,9.543,9.493,9.582,9.344
2016-11-28,9.513,9.434,9.543,9.414
2016-11-29,9.414,9.354,9.473,9.344
2016-11-30,9.344,9.414,9.513,9.324
2016-12-01,9.493,9.443,9.493,9.364
2016-12-02,9.424,9.215,9.443,9.165
2016-12-05,9.165,9.185,9.255,9.126
2016-12-06,9.185,9.215,9.255,9.175
2016-12-07,9.215,9.275,9.285,9.165
2016-12-08,9.275,9.165,9.285,9.126
2016-12-09,9.185,9.086,9.185,9.076
2016-12-12,9.205,8.47,9.235,8.45
2016-12-13,8.45,8.58,8.619,8.302
2016-12-14,8.59,8.53,8.609,8.49
2016-12-15,8.52,8.679,8.699,8.381
2016-12-16,8.639,8.788,8.818,8.629
2016-12-19,8.758,8.798,8.818,8.689
2016-12-20,8.748,8.659,8.798,8.639
2016-12-21,8.659,8.748,8.798,8.659
2016-12-22,8.758,8.858,8.887,8.709
2016-12-23,8.858,8.798,8.947,8.788
2016-12-26,8.798,8.858,8.927,8.669
2016-12-27,8.848,8.957,9.007,8.808
2016-12-28,8.927,8.838,8.997,8.818
2016-12-29,8.808,8.679,8.868,8.669
2016-12-30,8.659,8.689,8.778,8.649
2017-01-03,8.679,8.838,8.868,8.679
2017-01-04,8.858,8.967,8.987,8.798
2017-01-05,8.937,8.917,8.977,8.838
2017-01-06,8.887,8.818,8.897,8.778
2017-01-09,8.808,8.868,8.887,8.758
2017-01-10,8.877,8.788,8.877,8.788
2017-01-11,8.808,8.719,8.868,8.719
2017-01-12,8.719,8.52,8.738,8.5
2017-01-13,8.52,8.48,8.639,8.45
2017-01-16,8.49,7.964,8.49,7.736
2017-01-17,8.103,7.954,8.103,7.726
2017-01-18,7.944,7.875,7.994,7.845
2017-01-19,7.875,7.865,7.924,7.825
2017-01-20,7.884,8.033,8.053,7.835
2017-01-23,7.994,8.083,8.113,7.994
2017-01-24,8.103,8.063,8.123,8.014
2017-01-25,8.083,8.093,8.123,8.043
2017-01-26,8.103,8.222,8.242,8.073
2017-02-03,8.202,8.133,8.202,8.083
2017-02-06,8.133,8.192,8.202,8.093
2017-02-07,8.153,8.222,8.242,8.133
2017-02-08,8.192,8.252,8.262,8.143
2017-02-09,8.272,8.331,8.361,8.172
2017-02-10,8.341,8.302,8.371,8.282
2017-02-13,8.311,8.361,8.371,8.262
2017-02-14,8.361,8.282,8.361,8.242
2017-02-15,8.331,8.331,8.47,8.302
2017-02-16,8.331,8.371,8.391,8.292
2017-02-17,8.351,8.232,8.391,8.222
2017-02-20,8.242,8.292,8.302,8.192
2017-02-21,8.302,8.361,8.381,8.262
2017-02-22,8.381,8.46,8.48,8.351
2017-02-23,8.51,8.431,8.609,8.401
2017-02-24,8.441,8.272,8.441,8.093
2017-02-27,8.232,8.212,8.262,8.182
2017-02-28,8.212,8.222,8.262,8.182
2017-03-01,8.222,8.292,8.302,8.192
2017-03-02,8.252,8.232,8.292,8.192
2017-03-03,8.252,8.46,8.49,8.202
2017-03-06,8.421,8.48,8.52,8.361
2017-03-07,8.441,8.48,8.5,8.401
2017-03-08,8.441,8.431,8.45,8.361
2017-03-09,8.431,8.302,8.431,8.292
2017-03-10,8.321,8.58,8.59,8.272
2017-03-13,8.54,8.639,8.699,8.222
2017-03-14,8.59,8.947,9.007,8.57
2017-03-15,8.838,8.838,8.967,8.738
2017-03-16,8.818,8.868,9.056,8.798
2017-03-17,8.858,8.699,8.887,8.639
2017-03-20,8.689,8.729,8.748,8.629
2017-03-21,8.699,8.709,8.748,8.649
2017-03-22,8.679,8.59,8.719,8.52
2017-03-23,8.56,8.57,8.639,8.47
2017-03-24,8.57,8.788,8.818,8.47
2017-03-27,8.729,8.729,8.848,8.689
2017-03-28,8.729,8.599,8.729,8.59
2017-03-29,8.669,8.748,8.868,8.619
2017-03-30,8.709,8.391,8.748,8.351
2017-03-31,8.421,8.401,8.441,8.311
2017-04-05,8.411,8.54,8.57,8.381
2017-04-06,8.55,8.48,8.59,8.45
2017-04-07,8.45,8.58,8.659,8.421
2017-04-10,8.58,8.46,8.639,8.45
2017-04-11,8.46,8.54,8.57,8.381
2017-04-12,8.54,8.629,8.768,8.54
2017-04-13,8.57,8.59,8.699,8.55
2017-04-14,8.56,8.421,8.58,8.411
2017-04-17,8.391,8.242,8.391,8.192
2017-04-18,8.232,8.113,8.302,8.093
2017-04-19,8.103,7.944,8.133,7.865
2017-04-20,7.934,7.944,7.994,7.855
2017-04-21,7.944,7.944,8.004,7.904
2017-04-24,7.924,7.596,7.944,7.527
2017-04-25,7.577,7.636,7.706,7.577
2017-04-26,7.636,7.656,7.706,7.626
2017-04-27,7.646,7.706,7.736,7.467
2017-04-28,7.656,7.775,7.835,7.656
2017-05-02,7.755,7.845,7.884,7.716
2017-05-03,7.894,7.845,7.894,7.745
2017-05-04,7.825,7.785,7.875,7.755
2017-05-05,7.745,7.606,7.775,7.567
2017-05-08,7.587,7.537,7.626,7.497
2017-05-09,7.547,7.567,7.606,7.467
2017-05-10,7.527,7.199,7.577,7.14
2017-05-11,7.179,7.239,7.299,7.021
2017-05-12,7.229,7.229,7.259,7.16
2017-05-15,7.219,7.179,7.259,7.11
2017-05-16,7.179,7.318,7.438,7.03
2017-05-17,7.249,7.309,7.428,7.249
2017-05-18,7.239,7.289,7.358,7.199
2017-05-19,7.318,7.269,7.318,7.209
2017-05-22,7.289,7.09,7.299,7.08
2017-05-23,7.09,6.872,7.14,6.852
2017-05-24,6.862,6.862,6.901,6.713
2017-05-25,6.981,7.08,7.13,6.961
2017-05-26,7.06,7.14,7.229,7.03
2017-05-31,7.17,7.15,7.269,7.1
2017-06-01,7.08,6.951,7.12,6.931
2017-06-02,6.941,7.06,7.1,6.872
2017-06-05,7.06,7.13,7.179,7.05
2017-06-06,7.1,7.14,7.15,7.06
2017-06-07,7.15,7.309,7.328,7.1
2017-06-08,7.269,7.209,7.309,7.199
2017-06-09,7.219,7.219,7.249,7.17
2017-06-12,7.15,7.12,7.229,7.12
2017-06-13,7.12,7.219,7.249,7.08
2017-06-14,7.239,7.209,7.249,7.17
2017-06-15,7.199,7.309,7.408,7.17
2017-06-16,7.299,7.318,7.338,7.239
2017-06-19,7.279,7.368,7.388,7.269
2017-06-20,7.378,7.378,7.487,7.348
2017-06-21,7.378,7.318,7.408,7.289
2017-06-22,7.338,7.219,7.338,7.189
2017-06-23,7.179,7.14,7.199,7.04
2017-06-26,7.14,7.15,7.199,7.05
2017-06-27,7.179,7.289,7.318,7.16
2017-06-28,7.259,7.318,7.338,7.229
2017-06-29,7.279,7.309,7.338,7.239
2017-06-30,7.269,7.259,7.269,7.17
2017-07-03,7.259,7.209,7.279,7.17
2017-07-04,7.209,7.249,7.279,7.199
2017-07-05,7.239,7.289,7.309,7.209
2017-07-06,7.289,7.229,7.309,7.15
2017-07-07,7.199,7.239,7.239,7.17
2017-07-10,7.219,7.289,7.408,7.199
2017-07-11,7.249,7.17,7.279,7.16
2017-07-12,7.16,7.11,7.229,7.03
2017-07-13,7.12,7.14,7.15,7.1
2017-07-14,7.14,7.17,7.22,7.1
2017-07-17,7.17,6.76,7.19,6.7
2017-07-18,6.73,6.81,6.83,6.71
2017-07-19,6.8,7.26,7.35,6.69
2017-07-20,7.1,7.36,7.63,7.05
2017-07-21,7.31,7.25,7.33,7.23
2017-07-24,7.24,7.41,7.43,7.21
2017-07-25,7.39,7.3,7.4,7.26
2017-07-26,7.3,7.41,7.42,7.25
2017-07-27,7.4,7.43,7.54,7.35
2017-07-28,7.39,7.52,7.54,7.33
2017-07-31,7.59,7.76,7.79,7.56
2017-08-01,8.05,7.89,8.48,7.81
2017-08-02,7.77,7.63,7.86,7.61
2017-08-03,7.55,7.58,7.67,7.46
2017-08-04,7.54,7.44,7.58,7.44
2017-08-07,7.42,7.48,7.5,7.41
2017-08-08,7.5,7.45,7.52,7.41
2017-08-09,7.43,7.46,7.48,7.39
2017-08-10,7.43,7.4,7.47,7.31
2017-08-11,7.37,7.24,7.37,7.14
2017-08-14,7.21,7.32,7.32,7.2
2017-08-15,7.31,7.42,7.44,7.3
2017-08-16,7.4,7.38,7.41,7.32
2017-08-17,7.39,7.44,7.44,7.35
2017-08-18,7.42,7.37,7.44,7.34
2017-08-21,7.36,7.41,7.42,7.35
2017-08-22,7.41,7.21,7.42,7.19
2017-08-23,7.21,7.16,7.22,7.13
2017-08-24,7.17,7.13,7.18,7.1
2017-08-25,7.11,7.18,7.2,7.11
2017-08-28,7.18,7.22,7.24,7.16
2017-08-29,7.21,7.2,7.24,7.18
2017-08-30,7.19,7.18,7.22,7.16
2017-08-31,7.19,7.2,7.21,7.16
2017-09-01,7.2,7.21,7.23,7.15
2017-09-04,7.21,7.38,7.39,7.21
2017-09-05,7.38,7.32,7.38,7.3
2017-09-06,7.32,7.44,7.45,7.28
2017-09-07,7.35,7.31,7.43,7.3
2017-09-08,7.31,7.27,7.35,7.24
2017-09-11,7.27,7.58,7.65,7.23
2017-09-12,7.8,7.51,7.9,7.49
2017-09-13,7.41,7.42,7.46,7.38
2017-09-14,7.42,7.5,7.56,7.41
2017-09-15,7.5,7.44,7.51,7.41
2017-09-18,7.4,7.42,7.43,7.38
2017-09-19,7.41,7.34,7.42,7.32
2017-09-20,7.33,7.3,7.34,7.21
2017-09-21,7.3,7.23,7.3,7.22
2017-09-22,7.23,7.22,7.26,7.15
2017-09-25,7.21,7.17,7.25,7.16
2017-09-26,7.16,7.16,7.2,7.12
2017-09-27,7.16,7.18,7.2,7.16
2017-09-28,7.18,7.13,7.2,7.12
2017-09-29,7.16,7.24,7.25,7.14
2017-10-09,7.3,7.28,7.35,7.26
2017-10-10,7.27,7.33,7.34,7.24
2017-10-11,7.32,7.32,7.33,7.28
2017-10-12,7.32,7.3,7.37,7.25
2017-10-13,7.3,7.31,7.32,7.24
2017-10-16,7.3,7.07,7.3,7.06
2017-10-17,7.07,7.08,7.12,7.05
2017-10-18,7.08,7.0,7.13,6.99
2017-10-19,6.99,6.96,7.0,6.84
2017-10-20,7.0,7.05,7.07,6.97
2017-10-23,7.05,7.03,7.05,6.96
2017-10-24,7.03,6.98,7.03,6.95
2017-10-25,6.97,7.02,7.03,6.97
2017-10-26,7.02,7.04,7.05,6.96
2017-10-27,7.03,6.9,7.04,6.9
2017-10-30,6.9,6.73,6.9,6.63
2017-10-31,6.7,6.75,6.76,6.7
2017-11-01,6.75,6.79,6.86,6.73
2017-11-02,6.78,6.75,6.78,6.7
2017-11-03,6.72,6.75,6.76,6.67
2017-11-06,6.75,6.73,6.76,6.69
2017-11-07,6.75,6.73,6.75,6.68
2017-11-08,6.72,6.78,6.83,6.68
2017-11-09,6.78,6.9,6.91,6.75
2017-11-10,6.86,6.9,6.97,6.86
2017-11-13,6.9,6.87,6.92,6.8
2017-11-14,6.85,6.77,6.86,6.72
2017-11-15,6.77,6.74,6.77,6.71
2017-11-16,6.72,6.7,6.78,6.68
2017-11-17,6.67,6.64,6.72,6.54
2017-11-20,6.6,6.54,6.6,6.41
2017-11-21,6.51,6.46,6.56,6.41
2017-11-22,6.47,6.5,6.56,6.44
2017-11-23,6.5,6.38,6.56,6.36
2017-11-24,6.4,6.41,6.47,6.37
2017-11-27,6.38,6.26,6.42,6.26
2017-11-28,6.27,6.3,6.3,6.22
2017-11-29,6.3,6.26,6.3,6.19
2017-11-30,6.25,6.22,6.26,6.2
2017-12-01,6.24,6.25,6.26,6.15
2017-12-04,6.23,6.16,6.25,6.15
2017-12-05,6.16,5.99,6.17,5.96
2017-12-06,5.98,6.03,6.05,5.87
2017-12-07,6.05,5.99,6.05,5.95
2017-12-08,6.0,6.06,6.1,5.97
2017-12-11,6.24,6.24,6.4,6.2
2017-12-12,6.2,6.2,6.35,6.17
2017-12-13,6.17,6.22,6.25,6.12
2017-12-14,6.22,6.18,6.22,6.08
2017-12-15,6.17,6.16,6.2,6.12
2017-12-18,6.2,6.18,6.22,6.13
2017-12-19,6.18,6.25,6.25,6.15
2017-12-20,6.25,6.09,6.25,6.07
2017-12-21,6.1,6.08,6.11,6.01
2017-12-22,6.09,6.07,6.12,6.0
2017-12-25,6.09,6.09,6.17,6.0
2017-12-26,6.11,6.22,6.32,6.06
2017-12-27,6.23,6.13,6.26,6.12
2017-12-28,6.13,6.13,6.17,6.11
2017-12-29,6.14,6.07,6.17,6.0
2018-01-02,6.07,6.12,6.13,6.06
2018-01-03,6.13,6.19,6.19,6.06
2018-01-04,6.18,6.17,6.21,6.14
2018-01-05,6.17,6.24,6.26,6.15
2018-01-08,6.22,6.19,6.25,6.17
2018-01-09,6.18,6.14,6.21,6.13
2018-01-10,6.16,6.1,6.16,6.04
2018-01-11,6.08,6.13,6.14,6.05
2018-01-12,6.11,6.18,6.2,6.09
2018-01-15,6.21,6.26,6.37,6.15
2018-01-16,6.21,6.25,6.27,6.18
2018-01-17,6.19,6.16,6.25,6.06
2018-01-18,6.15,6.18,6.2,6.14
2018-01-19,6.18,6.16,6.26,6.11
2018-01-22,6.15,6.16,6.2,6.1
2018-01-23,6.15,6.38,6.45,6.12
2018-01-24,6.38,6.71,6.86,6.3
2018-01-25,6.66,6.53,7.05,6.52
2018-01-26,6.56,6.39,6.64,6.38
2018-01-29,6.36,6.23,6.39,6.21
2018-01-30,6.23,6.16,6.25,6.15
2018-01-31,6.16,6.0,6.18,5.95
2018-02-01,5.99,5.71,6.02,5.7
2018-02-02,5.68,5.64,5.7,5.5
2018-02-05,5.56,5.63,5.68,5.5
2018-02-06,5.56,5.29,5.57,5.18
2018-02-07,5.39,5.35,5.41,5.2
2018-02-08,5.38,5.47,5.48,5.32
2018-02-09,5.4,5.29,5.4,5.22
2018-02-12,5.37,5.59,5.65,5.33
2018-02-13,5.54,5.51,5.58,5.46
2018-02-14,5.5,5.44,5.53,5.4
2018-02-22,5.5,5.5,5.51,5.44
2018-02-23,5.5,5.48,5.5,5.44
2018-02-26,5.49,5.58,5.59,5.46
2018-02-27,5.58,5.58,5.65,5.57
2018-02-28,5.58,5.6,5.61,5.47
2018-03-01,5.67,5.78,5.8,5.53
2018-03-02,5.72,5.83,6.05,5.69
2018-03-05,5.9,5.93,5.95,5.82
2018-03-06,5.91,6.03,6.13,5.91
2018-03-07,6.03,5.88,6.08,5.85
2018-03-08,5.85,5.86,5.91,5.82
2018-03-09,5.84,5.98,5.99,5.84
2018-03-12,6.08,6.04,6.13,6.0
2018-03-13,6.01,5.98,6.03,5.96
2018-03-14,5.98,5.86,5.99,5.85
2018-03-15,5.82,5.85,5.87,5.75
2018-03-16,5.85,5.84,5.9,5.82
2018-03-19,5.83,5.83,5.88,5.81
2018-03-20,5.8,5.82,5.84,5.75
2018-03-21,5.8,5.78,5.95,5.77
2018-03-22,5.77,5.76,5.81,5.73
2018-03-23,5.63,5.29,5.63,5.24
2018-03-26,5.26,5.34,5.34,5.12
2018-03-27,5.34,5.51,5.52,5.33
2018-03-28,5.4,5.4,5.46,5.38
2018-03-29,5.4,5.46,5.47,5.4
2018-03-30,5.47,5.56,5.59,5.45
2018-04-02,5.7,5.61,5.79,5.56
2018-04-03,5.5,5.44,5.53,5.39
2018-04-04,5.46,5.44,5.51,5.39
2018-04-09,5.4,5.43,5.45,5.34
2018-04-10,5.43,5.48,5.49,5.37
2018-04-11,5.48,5.5,5.53,5.47
2018-04-12,5.48,5.48,5.51,5.44
2018-04-13,5.52,5.47,5.53,5.44
2018-04-16,5.47,5.41,5.47,5.37
2018-04-17,5.41,5.29,5.47,5.27
2018-04-18,5.32,5.31,5.37,5.2
2018-04-19,5.32,5.4,5.4,5.3
2018-04-20,5.43,5.47,5.71,5.4
2018-04-23,5.5,5.38,5.54,5.28
2018-04-24,5.37,5.51,5.58,5.35
2018-04-25,5.47,5.57,5.58,5.45
2018-04-26,5.56,5.48,5.6,5.46
2018-04-27,5.51,5.62,5.64,5.41
2018-05-02,5.61,5.49,5.64,5.48
2018-05-03,5.5,5.56,5.56,5.43
2018-05-04,5.52,5.5,5.56,5.44
2018-05-07,5.51,5.58,5.63,5.5
2018-05-08,5.57,5.62,5.62,5.53
2018-05-09,5.63,5.68,5.7,5.61
2018-05-10,5.68,5.68,5.7,5.63
2018-05-11,5.68,5.58,5.69,5.56
2018-05-14,5.57,5.44,5.58,5.42
2018-05-15,5.49,5.53,5.54,5.42
2018-05-16,5.56,5.54,5.57,5.51
2018-05-17,5.53,5.49,5.53,5.45
2018-05-18,5.53,5.57,5.63,5.52
2018-05-21,5.58,5.68,5.72,5.58
2018-05-22,5.66,5.68,5.68,5.61
2018-05-23,5.65,5.53,5.66,5.53
2018-05-24,5.52,5.5,5.55,5.49
2018-05-25,5.51,5.43,5.51,5.37
