date,open,close,high,low
2016-01-04,10.803,9.81,11.071,9.8
2016-01-05,9.085,9.443,9.929,9.085
2016-01-06,9.502,9.661,9.711,9.502
2016-01-07,9.532,8.777,9.532,8.728
2016-01-08,9.036,8.966,9.234,8.45
2016-01-11,8.817,8.082,8.916,8.072
2016-01-12,8.142,8.082,8.261,7.844
2016-01-13,8.211,8.082,8.48,8.043
2016-01-14,7.745,8.301,8.311,7.626
2016-01-15,8.122,7.914,8.43,7.745
2016-01-18,7.765,7.953,7.993,7.546
2016-01-19,7.933,8.241,8.291,7.715
2016-01-20,8.142,8.221,8.46,7.904
2016-01-21,7.933,7.765,8.202,7.755
2016-01-22,7.814,7.904,7.973,7.645
2016-01-25,7.953,7.993,8.112,7.844
2016-01-26,7.943,7.397,7.943,7.328
2016-01-27,7.407,7.338,7.526,6.911
2016-01-28,7.238,7.308,7.417,7.05
2016-01-29,7.228,7.526,7.695,7.209
2016-02-01,7.546,7.516,7.636,7.248
2016-02-02,7.348,7.745,7.794,7.348
2016-02-03,7.685,7.715,7.745,7.596
2016-02-04,7.745,7.993,8.072,7.745
2016-02-05,7.943,7.794,8.023,7.765
2016-02-15,7.358,7.745,7.844,7.358
2016-02-16,7.874,8.023,8.082,7.685
2016-02-17,8.023,8.092,8.142,7.864
2016-02-18,8.092,8.122,8.301,8.043
2016-02-19,8.112,8.271,8.43,7.993
2016-02-22,8.36,8.579,8.638,8.241
2016-02-23,8.539,8.45,8.579,8.321
2016-02-24,8.45,8.559,8.738,8.341
2016-02-25,8.489,7.705,8.509,7.705
2016-02-26,7.834,7.854,7.914,7.556
2016-02-29,7.814,7.258,7.814,7.07
2016-03-01,7.387,7.377,7.487,7.089
2016-03-02,7.397,7.775,7.784,7.397
2016-03-03,7.775,7.784,7.953,7.695
2016-03-04,7.784,7.645,7.914,7.477
2016-03-07,7.645,8.112,8.162,7.645
2016-03-08,8.053,7.963,8.053,7.487
2016-03-09,7.804,7.914,7.943,7.665
2016-03-10,7.844,7.824,8.033,7.745
2016-03-11,7.636,7.705,7.784,7.487
2016-03-14,7.745,7.933,8.043,7.745
2016-03-15,7.963,8.013,8.013,7.884
2016-03-16,8.013,7.943,8.112,7.894
2016-03-17,8.003,8.152,8.211,7.923
2016-03-18,8.152,8.37,8.38,8.152
2016-03-21,8.37,8.589,8.619,8.37
2016-03-22,8.46,8.767,8.956,8.44
2016-03-23,8.619,8.678,8.718,8.549
2016-03-24,8.619,8.797,8.916,8.44
2016-03-25,8.678,8.797,8.986,8.678
2016-03-28,8.797,8.539,8.867,8.47
2016-03-29,8.499,8.331,8.569,8.202
2016-03-30,8.37,8.638,8.668,8.37
2016-03-31,8.668,8.658,8.827,8.628
2016-04-01,8.609,8.857,8.897,8.579
2016-04-05,8.857,8.966,8.986,8.718
2016-04-06,8.966,8.976,9.045,8.837
2016-04-07,8.956,8.777,9.045,8.678
2016-04-08,8.688,8.857,8.956,8.619
2016-04-11,8.857,9.036,9.095,8.857
2016-04-12,9.016,8.916,9.026,8.767
2016-04-13,8.986,9.095,9.184,8.986
2016-04-14,9.095,9.165,9.175,9.036
2016-04-15,9.184,9.373,9.482,9.165
2016-04-18,9.234,9.393,9.492,9.155
2016-04-19,9.393,9.343,9.472,9.244
2016-04-20,9.353,8.897,9.502,8.619
2016-04-21,8.738,8.758,9.016,8.668
2016-04-22,8.638,8.758,8.767,8.489
2016-04-25,8.748,8.758,8.867,8.559
2016-04-26,8.787,9.095,9.284,8.738
2016-04-27,9.045,9.085,9.383,8.916
2016-04-28,9.036,8.956,9.145,8.718
2016-04-29,8.887,9.244,9.393,8.847
2016-05-03,9.333,9.482,9.582,9.204
2016-05-04,9.562,9.373,9.631,9.314
2016-05-05,9.373,9.403,9.522,9.254
2016-05-06,9.433,8.926,9.433,8.897
2016-05-09,8.748,8.48,8.906,8.44
2016-05-10,8.48,8.341,8.609,8.211
2016-05-11,8.41,8.261,8.42,8.172
2016-05-12,8.221,8.35,8.37,7.953
2016-05-13,8.341,8.509,8.569,8.291
2016-05-16,8.44,8.46,8.46,8.192
2016-05-17,8.44,8.509,8.599,8.4
2016-05-18,8.44,8.182,8.48,7.993
2016-05-19,8.172,8.122,8.341,8.043
2016-05-20,8.053,8.172,8.211,7.923
2016-05-23,8.172,8.281,8.341,8.142
2016-05-24,8.311,8.241,8.311,8.132
2016-05-25,8.331,8.241,8.38,8.202
2016-05-26,8.192,8.281,8.301,7.963
2016-05-27,8.291,8.311,8.341,8.241
2016-05-30,8.291,8.36,8.41,8.142
2016-05-31,8.4,8.658,8.688,8.4
2016-06-01,8.638,8.678,8.738,8.619
2016-06-02,8.628,8.787,8.787,8.559
2016-06-03,8.787,8.758,8.857,8.688
2016-06-06,8.758,8.748,8.787,8.658
2016-06-07,8.688,8.698,8.748,8.648
2016-06-08,8.648,8.748,8.787,8.599
2016-06-13,8.668,8.231,8.718,8.221
2016-06-14,8.192,8.251,8.261,8.092
2016-06-15,8.221,8.539,8.638,8.132
2016-06-16,8.539,8.579,8.678,8.47
2016-06-17,8.579,8.658,8.748,8.539
2016-06-20,8.599,8.628,8.718,8.46
2016-06-21,8.698,8.609,8.807,8.509
2016-06-22,8.649,8.748,8.768,8.519
2016-06-23,8.748,8.659,8.808,8.619
2016-06-24,8.659,8.589,8.738,8.22
2016-06-27,8.45,8.738,8.758,8.45
2016-06-28,8.719,8.898,8.928,8.669
2016-06-29,8.888,8.888,8.968,8.818
2016-06-30,8.908,8.888,8.928,8.858
2016-07-01,8.908,8.898,8.988,8.848
2016-07-04,8.918,9.117,9.117,8.888
2016-07-05,9.117,9.117,9.167,9.047
2016-07-06,9.077,9.137,9.197,9.017
2016-07-07,9.137,9.217,9.237,9.067
2016-07-08,9.207,9.177,9.257,9.127
2016-07-11,9.117,9.008,9.207,8.988
2016-07-12,9.027,9.167,9.217,8.998
2016-07-13,9.137,9.097,9.167,9.037
2016-07-14,9.057,9.067,9.107,8.998
2016-07-15,9.087,8.928,9.097,8.908
2016-07-18,8.878,8.908,8.948,8.768
2016-07-19,8.888,8.978,9.027,8.848
2016-07-20,8.968,9.147,9.217,8.908
2016-07-21,9.077,9.097,9.157,9.008
2016-07-22,9.057,9.027,9.117,9.008
2016-07-25,8.978,9.157,9.167,8.968
2016-07-26,9.127,9.257,9.267,9.107
2016-07-27,9.237,8.778,9.296,8.549
2016-07-28,8.709,8.709,8.818,8.489
2016-07-29,8.699,8.659,8.748,8.569
2016-08-01,8.609,8.479,8.709,8.38
2016-08-02,8.479,8.669,8.679,8.459
2016-08-03,8.629,8.778,8.838,8.579
2016-08-04,8.768,9.117,9.157,8.738
2016-08-05,9.067,8.988,9.147,8.978
2016-08-08,8.988,9.027,9.047,8.818
2016-08-09,9.027,9.077,9.117,8.978
2016-08-10,9.067,9.047,9.117,9.017
2016-08-11,9.027,8.848,9.067,8.848
2016-08-12,8.828,9.017,9.017,8.828
2016-08-15,9.037,9.197,9.257,9.017
2016-08-16,9.237,9.217,9.257,9.137
2016-08-17,9.187,9.227,9.286,9.167
2016-08-18,9.247,9.316,9.396,9.157
2016-08-19,9.277,9.286,9.316,9.167
2016-08-22,9.286,9.227,9.306,9.197
2016-08-23,9.257,9.306,9.416,9.187
2016-08-24,9.316,9.306,9.436,9.267
2016-08-25,9.277,9.346,9.426,8.988
2016-08-26,9.336,9.416,9.556,9.277
2016-08-29,9.416,9.386,9.536,9.277
2016-08-30,9.386,9.247,9.386,9.217
2016-08-31,9.237,9.267,9.336,9.147
2016-09-01,9.267,9.227,9.436,9.197
2016-09-02,9.207,9.356,9.426,9.207
2016-09-05,9.356,9.376,9.446,9.296
2016-09-06,9.376,9.526,9.546,9.257
2016-09-07,9.516,9.476,9.655,9.416
2016-09-08,9.496,9.854,9.904,9.446
2016-09-09,9.815,9.635,9.835,9.625
2016-09-12,9.446,9.167,9.456,9.137
2016-09-13,9.217,9.386,9.416,9.197
2016-09-14,9.376,9.366,9.436,9.237
2016-09-19,9.306,9.546,9.565,9.306
2016-09-20,9.506,9.556,9.635,9.476
2016-09-21,9.556,9.605,9.755,9.556
2016-09-22,9.625,9.655,9.795,9.605
2016-09-23,9.655,9.695,9.735,9.536
2016-09-26,9.725,9.615,9.765,9.556
2016-09-27,9.565,9.695,9.705,9.466
2016-09-28,9.645,9.795,9.815,9.546
2016-09-29,9.765,9.795,9.874,9.755
2016-09-30,9.755,9.894,9.904,9.675
2016-10-10,9.904,10.034,10.054,9.825
2016-10-11,9.964,10.064,10.143,9.944
2016-10-12,10.094,10.343,10.353,10.004
2016-10-13,10.333,10.233,10.402,10.213
2016-10-14,10.163,10.104,10.243,10.014
2016-10-17,10.104,9.914,10.243,9.844
2016-10-18,9.954,10.123,10.133,9.884
2016-10-19,10.343,10.293,10.831,10.193
2016-10-20,10.213,11.05,11.2,10.193
2016-10-21,10.96,10.751,10.96,10.662
2016-10-24,10.681,10.881,10.921,10.681
2016-10-25,10.821,10.95,11.11,10.791
2016-10-26,10.861,10.871,10.96,10.612
2016-10-27,10.861,11.489,11.807,10.741
2016-10-28,11.608,11.369,11.937,11.329
2016-10-31,11.249,11.18,11.538,11.0
2016-11-01,11.17,11.17,11.309,11.03
2016-11-02,11.2,11.578,11.797,11.18
2016-11-03,11.399,11.538,11.588,11.16
2016-11-04,11.479,11.16,11.479,11.14
2016-11-07,11.08,10.671,11.08,10.462
2016-11-08,10.662,10.701,10.791,10.572
2016-11-09,10.711,10.602,10.771,10.263
2016-11-10,10.711,10.731,10.791,10.632
2016-11-11,10.791,10.941,11.03,10.721
2016-11-14,10.911,10.921,11.05,10.811
2016-11-15,10.811,10.921,11.02,10.811
2016-11-16,10.931,10.791,10.941,10.781
2016-11-17,10.891,10.711,10.891,10.532
2016-11-18,10.711,10.801,10.821,10.622
2016-11-21,10.911,10.751,10.911,10.711
2016-11-22,10.751,10.831,10.861,10.721
2016-11-23,10.861,10.811,10.941,10.781
2016-11-24,10.801,11.17,11.558,10.781
2016-11-25,11.21,11.02,11.21,10.761
2016-11-28,11.16,11.239,11.429,11.11
2016-11-29,11.239,11.02,11.259,10.99
2016-11-30,10.99,10.662,11.0,10.652
2016-12-01,10.711,10.632,10.761,10.562
2016-12-02,10.662,10.562,10.691,10.552
2016-12-05,10.353,10.114,10.412,10.034
2016-12-06,10.104,10.243,10.313,10.064
2016-12-07,10.243,10.373,10.393,10.123
2016-12-08,10.283,10.263,10.442,10.253
2016-12-09,10.213,10.223,10.402,10.193
2016-12-12,10.223,9.655,10.293,9.546
2016-12-13,9.665,9.745,9.854,9.416
2016-12-14,9.755,9.556,9.884,9.556
2016-12-15,9.556,9.665,9.815,9.516
2016-12-16,9.665,10.014,10.064,9.665
2016-12-19,10.054,10.064,10.383,9.904
2016-12-20,10.094,10.084,10.213,9.964
2016-12-21,10.074,10.233,10.353,10.064
2016-12-22,10.173,10.233,10.343,10.163
2016-12-23,10.173,10.223,10.393,10.163
2016-12-26,10.273,10.123,10.273,9.815
2016-12-27,10.104,10.173,10.293,10.074
2016-12-28,10.193,10.173,10.343,10.163
2016-12-29,10.133,9.994,10.173,9.934
2016-12-30,10.004,10.114,10.153,9.964
2017-01-03,10.163,10.313,10.313,10.114
2017-01-04,10.333,10.442,10.492,10.233
2017-01-05,10.442,10.671,10.831,10.343
2017-01-06,10.671,10.691,11.05,10.592
2017-01-09,10.662,10.931,11.05,10.662
2017-01-10,10.921,10.841,10.921,10.781
2017-01-11,10.771,10.701,10.911,10.681
2017-01-12,10.642,10.941,11.21,10.642
2017-01-13,10.831,10.263,10.841,10.243
2017-01-16,10.163,9.745,10.173,9.237
2017-01-17,9.615,9.506,9.615,9.177
2017-01-18,9.506,9.456,9.595,9.376
2017-01-19,9.396,9.476,9.565,9.237
2017-01-20,9.456,9.825,9.854,9.376
2017-01-23,9.745,9.805,9.874,9.675
2017-01-24,9.745,9.715,9.825,9.695
2017-01-25,9.705,9.725,9.785,9.655
2017-01-26,9.725,9.765,9.795,9.695
2017-02-03,9.765,9.765,9.805,9.705
2017-02-06,9.795,9.944,9.964,9.765
2017-02-07,9.904,9.884,9.964,9.765
2017-02-08,9.884,9.964,9.994,9.775
2017-02-09,9.964,10.034,10.044,9.934
2017-02-10,10.034,10.153,10.223,10.034
2017-02-13,10.153,10.163,10.213,10.004
2017-02-14,10.143,10.522,10.542,10.143
2017-02-15,10.562,10.243,10.861,10.233
2017-02-16,10.193,10.462,10.532,10.133
2017-02-17,10.662,10.711,10.941,10.562
2017-02-20,10.662,10.831,10.861,10.562
2017-02-21,10.861,10.95,11.01,10.652
2017-02-22,10.901,10.921,10.96,10.811
2017-02-23,10.891,10.771,10.891,10.612
2017-02-24,10.781,10.761,10.781,10.612
2017-02-27,10.662,10.592,10.891,10.363
2017-02-28,10.482,10.592,10.731,10.482
2017-03-01,10.532,10.751,10.761,10.522
2017-03-02,10.911,10.811,11.359,10.791
2017-03-03,10.652,10.642,10.662,10.492
2017-03-06,10.542,10.691,10.711,10.522
2017-03-07,10.701,10.921,11.249,10.681
2017-03-08,10.921,10.851,10.941,10.632
2017-03-09,10.711,10.642,10.781,10.582
2017-03-10,10.671,10.442,10.681,10.412
2017-03-13,10.432,10.542,10.552,10.173
2017-03-14,10.542,10.383,10.542,10.373
2017-03-15,10.313,10.313,10.432,10.213
2017-03-16,10.283,10.532,10.572,10.283
2017-03-17,10.562,10.353,10.562,10.273
2017-03-20,10.273,10.502,10.542,10.273
2017-03-21,10.492,10.602,10.622,10.442
2017-03-22,10.542,10.632,10.701,10.482
2017-03-23,10.552,10.582,10.632,10.452
2017-03-24,10.492,10.701,10.711,10.492
2017-03-27,10.671,10.741,10.801,10.632
2017-03-28,10.731,10.592,10.771,10.562
2017-03-29,10.572,10.562,10.632,10.462
2017-03-30,10.462,11.0,11.459,10.363
2017-03-31,11.01,10.931,11.339,10.811
2017-04-05,10.622,10.881,10.921,10.502
2017-04-06,10.861,11.05,11.18,10.781
2017-04-07,10.96,10.96,11.04,10.821
2017-04-10,10.851,10.781,10.95,10.662
2017-04-11,10.612,10.801,10.861,10.562
2017-04-12,10.731,10.95,11.06,10.592
2017-04-13,10.871,10.851,11.03,10.821
2017-04-14,10.851,10.153,10.851,10.074
2017-04-17,10.114,9.954,10.233,9.785
2017-04-18,10.004,9.815,10.153,9.785
2017-04-19,9.835,9.635,9.874,9.565
2017-04-20,9.695,9.635,9.735,9.585
2017-04-21,9.635,9.486,9.725,9.426
2017-04-24,9.496,8.778,9.506,8.729
2017-04-25,8.788,8.669,8.888,8.659
2017-04-26,8.619,8.689,8.768,8.619
2017-04-27,8.659,8.788,8.898,8.18
2017-04-28,8.699,9.037,9.057,8.669
2017-05-02,9.027,9.017,9.127,8.938
2017-05-03,8.968,9.197,9.286,8.968
2017-05-04,9.177,9.077,9.217,9.017
2017-05-05,9.008,8.998,9.127,8.738
2017-05-08,8.958,8.569,8.958,8.569
2017-05-09,8.549,8.639,8.788,8.479
2017-05-10,8.659,8.619,8.709,8.529
2017-05-11,8.549,8.519,8.589,8.19
2017-05-12,8.519,8.519,8.659,8.38
2017-05-15,8.489,8.549,8.589,8.42
2017-05-16,8.559,8.659,8.659,8.36
2017-05-17,8.659,8.659,8.768,8.569
2017-05-18,8.509,8.529,8.619,8.43
2017-05-19,8.489,8.509,8.579,8.37
2017-05-22,8.43,8.3,8.489,8.27
2017-05-23,8.29,7.752,8.29,7.573
2017-05-24,7.543,7.672,7.722,7.433
2017-05-25,7.593,7.792,7.822,7.573
2017-05-26,7.742,7.722,7.842,7.672
2017-05-31,7.812,7.732,7.931,7.672
2017-06-01,7.702,7.324,7.712,7.294
2017-06-02,7.344,7.543,7.603,7.284
2017-06-05,7.623,7.692,7.812,7.523
2017-06-06,7.692,7.732,7.842,7.623
2017-06-07,7.812,7.971,7.971,7.752
2017-06-08,7.991,8.021,8.121,7.911
2017-06-09,8.021,8.051,8.071,7.842
2017-06-12,7.991,7.792,8.041,7.782
2017-06-13,7.782,7.941,7.981,7.752
2017-06-14,7.951,7.951,8.041,7.892
2017-06-15,7.902,8.101,8.151,7.902
2017-06-16,8.081,8.071,8.111,7.991
2017-06-19,8.061,8.36,8.43,8.021
2017-06-20,8.34,8.27,8.37,8.25
2017-06-21,8.26,8.26,8.36,8.161
2017-06-22,8.26,8.021,8.27,8.021
2017-06-23,7.991,8.101,8.171,7.921
2017-06-26,8.111,8.25,8.36,7.991
2017-06-27,8.24,8.18,8.31,8.121
2017-06-28,8.19,8.23,8.24,8.101
2017-06-29,8.28,8.32,8.33,8.16
2017-06-30,8.26,8.37,8.42,8.13
2017-07-03,8.35,8.36,8.38,8.3
2017-07-04,8.43,8.56,8.59,8.21
2017-07-05,8.8,8.53,8.8,8.46
2017-07-06,8.45,8.54,8.56,8.39
2017-07-07,8.43,8.58,8.62,8.42
2017-07-10,8.53,8.62,8.67,8.52
2017-07-11,8.63,8.45,8.64,8.44
2017-07-12,8.42,8.53,8.66,8.19
2017-07-13,8.53,8.56,8.57,8.38
2017-07-14,8.5,8.57,8.6,8.45
2017-07-17,8.54,8.56,8.6,8.05
2017-07-18,8.44,8.5,8.55,8.31
2017-07-19,8.45,8.85,8.94,8.34
2017-07-20,8.78,9.13,9.17,8.7
2017-07-21,9.13,8.96,9.13,8.92
2017-07-24,8.9,8.93,9.12,8.86
2017-07-25,8.97,8.85,9.04,8.81
2017-07-26,8.81,8.87,8.92,8.8
2017-07-27,8.89,8.81,8.91,8.7
2017-07-28,8.79,9.01,9.05,8.76
2017-07-31,8.88,9.07,9.16,8.82
2017-08-01,9.01,8.95,9.12,8.91
2017-08-02,8.91,8.78,8.92,8.75
2017-08-03,8.75,8.83,8.97,8.75
2017-08-04,8.79,8.8,8.93,8.76
2017-08-07,8.8,9.07,9.13,8.8
2017-08-08,9.05,8.95,9.1,8.81
2017-08-09,8.98,8.93,9.0,8.88
2017-08-10,8.93,8.73,8.97,8.61
2017-08-11,8.69,8.39,8.79,8.35
2017-08-14,8.39,8.46,8.5,8.36
2017-08-15,8.46,8.46,8.52,8.41
2017-08-16,8.46,8.54,8.57,8.41
2017-08-17,8.54,8.66,8.7,8.54
2017-08-18,8.54,8.81,8.96,8.54
2017-08-21,8.83,8.81,8.96,8.76
2017-08-22,8.81,8.73,8.84,8.67
2017-08-23,8.72,8.64,8.76,8.61
2017-08-24,8.64,8.62,8.72,8.54
2017-08-25,8.62,8.72,8.73,8.59
2017-08-28,8.77,8.8,8.88,8.73
2017-08-29,8.75,8.94,9.13,8.75
2017-08-30,8.93,8.82,8.97,8.79
2017-08-31,8.8,8.81,8.85,8.75
2017-09-01,8.9,8.83,8.93,8.79
2017-09-04,8.89,8.92,9.06,8.7
2017-09-05,8.88,8.8,8.88,8.75
2017-09-06,8.79,8.85,8.89,8.7
2017-09-07,8.8,8.7,8.87,8.66
2017-09-08,8.67,8.71,8.76,8.67
2017-09-11,8.72,8.74,8.75,8.65
2017-09-12,8.7,8.66,8.75,8.62
2017-09-13,8.65,8.7,8.71,8.63
2017-09-14,8.7,8.78,8.81,8.65
2017-09-15,8.73,8.75,8.85,8.7
2017-09-18,8.75,8.86,8.89,8.73
2017-09-19,8.81,8.92,8.98,8.79
2017-09-20,9.3,9.04,9.31,9.0
2017-09-21,8.91,8.83,8.95,8.79
2017-09-22,8.83,8.7,8.84,8.66
2017-09-25,8.62,8.51,8.73,8.5
2017-09-26,8.55,8.54,8.6,8.48
2017-09-27,8.52,8.54,8.61,8.51
2017-09-28,8.59,8.44,8.59,8.41
2017-09-29,8.43,8.47,8.51,8.39
2017-10-09,8.49,8.55,8.55,8.45
2017-10-10,8.6,8.63,8.63,8.53
2017-10-11,8.63,8.67,8.73,8.58
2017-10-12,8.66,8.66,8.77,8.49
2017-10-13,8.66,8.62,8.75,8.55
2017-10-16,8.62,8.47,8.66,8.42
2017-10-17,8.47,8.42,8.52,8.39
2017-10-18,8.42,8.36,8.52,8.32
2017-10-19,8.33,8.16,8.4,8.15
2017-10-20,8.16,8.22,8.23,8.13
2017-10-23,8.27,8.34,8.35,8.19
2017-10-24,8.38,8.27,8.38,8.2
2017-10-25,8.31,8.27,8.32,8.22
2017-10-26,8.28,8.29,8.31,8.22
2017-10-27,8.32,8.21,8.32,8.2
2017-10-30,8.2,7.94,8.25,7.91
2017-10-31,7.97,8.02,8.03,7.9
2017-11-01,8.07,7.98,8.07,7.95
2017-11-02,8.01,7.87,8.01,7.85
2017-11-03,7.91,7.77,7.98,7.76
2017-11-06,7.85,7.79,7.85,7.68
2017-11-07,7.79,7.86,7.87,7.75
2017-11-08,7.83,7.89,7.95,7.83
2017-11-09,7.9,7.9,7.94,7.84
2017-11-10,7.9,8.22,8.58,7.81
2017-11-13,8.15,8.04,8.16,7.99
2017-11-14,8.05,7.9,8.07,7.87
2017-11-15,7.9,7.86,7.95,7.85
2017-11-16,7.82,7.84,7.89,7.78
2017-11-17,7.85,7.59,7.88,7.51
2017-11-20,7.66,7.56,7.66,7.3
2017-11-21,7.54,7.54,7.59,7.49
2017-11-22,7.51,7.49,7.52,7.45
2017-11-23,7.52,7.37,7.52,7.35
2017-11-24,7.32,7.39,7.45,7.31
2017-11-27,7.34,7.36,7.4,7.3
2017-11-28,7.3,7.47,7.48,7.3
2017-11-29,7.47,7.53,7.54,7.46
2017-11-30,7.52,7.46,7.57,7.44
2017-12-01,7.55,7.52,7.59,7.47
2017-12-04,7.52,7.38,7.53,7.37
2017-12-05,7.4,7.17,7.4,7.08
2017-12-06,7.17,7.18,7.2,7.08
2017-12-07,7.15,7.21,7.36,7.15
2017-12-08,7.17,7.26,7.27,7.16
2017-12-11,7.29,7.28,7.3,7.23
2017-12-12,7.25,7.22,7.32,7.2
2017-12-13,7.21,7.26,7.27,7.2
2017-12-14,7.23,7.27,7.29,7.22
2017-12-15,7.27,7.2,7.27,7.19
2017-12-18,7.2,7.39,7.56,7.2
2017-12-19,7.3,7.37,7.4,7.3
2017-12-20,7.35,7.29,7.44,7.27
2017-12-21,7.23,7.24,7.33,7.16
2017-12-22,7.24,7.21,7.24,7.16
2017-12-25,7.16,7.14,7.26,7.12
2017-12-26,7.14,7.2,7.21,7.13
2017-12-27,7.2,7.16,7.24,7.15
2017-12-28,7.14,7.21,7.35,7.14
2017-12-29,7.18,7.23,7.23,7.18
2018-01-02,7.22,7.39,7.45,7.21
2018-01-03,7.43,7.38,7.43,7.32
2018-01-04,7.38,7.39,7.48,7.33
2018-01-05,7.4,7.39,7.41,7.34
2018-01-08,7.36,7.36,7.39,7.32
2018-01-09,7.34,7.35,7.4,7.32
2018-01-10,7.32,7.19,7.34,7.15
2018-01-11,7.19,7.24,7.26,7.15
2018-01-12,7.24,7.24,7.25,7.16
2018-01-15,7.22,7.06,7.24,7.04
2018-01-16,7.06,7.12,7.2,7.05
2018-01-17,7.12,7.16,7.22,7.04
2018-01-18,7.14,7.4,7.45,7.09
2018-01-19,7.39,7.38,7.61,7.31
2018-01-22,7.25,7.15,7.31,7.02
2018-01-23,7.21,7.14,7.21,7.11
2018-01-24,7.1,7.14,7.16,7.1
2018-01-25,7.15,7.14,7.18,7.13
2018-01-26,7.14,7.12,7.14,7.1
2018-01-29,7.08,7.09,7.13,7.06
2018-01-30,7.08,7.03,7.1,7.02
2018-01-31,7.0,6.85,7.05,6.79
2018-02-01,6.9,6.57,6.9,6.54
2018-02-02,6.57,6.5,6.68,6.35
2018-02-05,6.55,6.42,6.55,6.38
2018-02-06,6.4,5.94,6.4,5.94
2018-02-07,6.0,5.82,6.08,5.68
2018-02-08,5.72,5.89,5.96,5.72
2018-02-09,5.76,5.78,5.84,5.68
2018-02-12,5.85,6.06,6.07,5.83
2018-02-13,6.01,5.98,6.08,5.96
2018-02-14,6.01,6.01,6.03,5.93
2018-02-22,6.03,6.13,6.21,6.02
2018-02-23,6.13,6.14,6.26,6.08
2018-02-26,6.15,6.24,6.27,6.14
2018-02-27,6.35,6.24,6.35,6.18
2018-02-28,6.23,6.27,6.3,6.13
2018-03-01,6.22,6.29,6.33,6.22
2018-03-02,6.26,6.29,6.36,6.25
2018-03-05,6.29,6.33,6.35,6.25
2018-03-06,6.33,6.41,6.42,6.29
2018-03-07,6.38,6.5,6.6,6.34
2018-03-08,6.51,6.48,6.56,6.42
2018-03-09,6.49,6.51,6.53,6.42
2018-03-12,6.51,6.55,6.55,6.48
2018-03-13,6.53,6.51,6.58,6.47
2018-03-14,6.44,6.41,6.52,6.4
2018-03-15,6.3,6.47,6.6,6.3
2018-03-16,6.48,6.67,6.73,6.48
2018-03-19,6.62,6.54,6.63,6.49
2018-03-20,6.55,6.78,6.81,6.45
2018-03-21,6.78,6.68,6.85,6.66
2018-03-22,6.65,6.81,6.88,6.55
2018-03-23,6.66,6.26,6.67,6.25
2018-03-26,6.01,6.35,6.5,5.78
2018-03-27,6.51,6.79,6.99,6.45
2018-03-28,6.41,6.59,6.78,6.36
2018-03-29,6.5,6.57,6.68,6.5
2018-03-30,6.65,6.48,6.65,6.47
2018-04-02,6.45,6.37,6.52,6.34
2018-04-03,6.26,6.33,6.4,6.24
2018-04-04,6.34,6.29,6.43,6.28
2018-04-09,6.28,6.34,6.35,6.15
2018-04-10,6.38,6.34,6.38,6.28
2018-04-11,6.3,6.37,6.45,6.3
2018-04-12,6.34,6.27,6.37,6.27
2018-04-13,6.31,6.25,6.36,6.24
2018-04-16,6.25,6.14,6.28,6.1
2018-04-17,6.1,6.01,6.21,5.95
2018-04-18,6.06,6.03,6.09,5.9
2018-04-19,5.99,6.04,6.06,5.95
2018-04-20,6.04,5.93,6.04,5.88
2018-04-23,5.87,5.87,5.97,5.79
2018-04-24,5.87,5.94,5.96,5.82
2018-04-25,5.94,5.9,5.94,5.87
2018-04-26,5.91,5.8,5.92,5.78
2018-04-27,5.85,5.79,5.87,5.73
2018-05-02,5.79,5.75,5.89,5.7
2018-05-03,5.73,5.74,5.76,5.6
2018-05-04,5.68,5.71,5.78,5.68
2018-05-07,5.72,5.81,5.84,5.72
2018-05-08,5.79,5.92,5.92,5.77
2018-05-09,5.92,5.93,5.97,5.84
2018-05-10,5.92,5.9,5.96,5.88
2018-05-11,5.92,5.83,5.92,5.81
2018-05-14,5.83,5.77,5.84,5.76
2018-05-15,5.83,5.86,5.86,5.75
2018-05-16,5.79,5.8,5.84,5.76
2018-05-17,5.82,5.76,5.83,5.74
2018-05-18,5.76,5.83,5.85,5.76
2018-05-21,5.84,5.92,5.94,5.84
2018-05-22,5.93,5.96,6.0,5.86
2018-05-23,5.95,5.95,6.05,5.88
2018-05-24,5.94,5.91,5.99,5.88
2018-05-25,5.88,5.82,5.9,5.8
