date,open,close,high,low
2016-01-04,26.87,24.6,28.49,24.36
2016-01-05,22.2,24.69,25.8,22.2
2016-01-06,24.85,24.81,25.19,23.58
2016-01-07,24.5,22.33,24.5,22.33
2016-01-08,23.22,23.09,23.53,20.2
2016-01-11,22.9,20.78,22.9,20.78
2016-01-12,20.0,18.7,20.94,18.7
2016-01-18,16.99,17.56,18.87,16.94
2016-01-19,15.8,15.8,15.8,15.8
2016-07-07,14.22,14.22,14.22,14.22
2016-07-08,13.37,15.64,15.64,13.37
2016-07-11,14.88,14.63,15.4,14.09
2016-07-12,14.23,14.14,14.79,13.83
2016-07-13,14.09,14.03,14.14,13.5
2016-07-15,14.05,15.43,15.43,14.05
2016-07-18,15.9,16.95,16.96,15.4
2016-07-19,16.3,17.47,18.5,16.02
2016-07-20,17.5,16.9,17.74,16.8
2016-07-21,16.63,16.66,17.15,16.4
2016-07-22,16.5,16.21,16.86,16.0
2016-07-25,16.08,16.77,17.09,16.08
2016-07-26,16.85,16.53,16.96,16.2
2016-07-27,16.55,14.93,16.68,14.88
2016-07-28,15.13,15.14,15.37,14.51
2016-07-29,15.17,14.72,15.25,14.62
2016-08-09,16.15,16.19,16.19,15.21
2016-08-10,17.2,17.48,17.81,16.82
2016-08-11,17.14,16.79,17.42,16.53
2016-08-12,16.45,16.81,17.16,16.39
2016-08-15,17.18,16.94,17.35,16.4
2016-08-16,16.6,17.77,18.63,16.6
2016-08-17,17.45,17.29,17.59,17.1
2016-08-29,15.56,15.56,16.5,15.56
2016-08-30,15.0,16.37,16.96,14.79
2016-08-31,15.92,15.72,16.25,15.61
2016-09-01,15.58,15.56,16.14,15.45
2016-09-02,15.5,15.5,15.7,15.0
2016-09-05,15.6,15.55,15.75,15.24
2016-09-06,15.53,15.34,15.55,15.07
2016-09-07,16.39,16.87,16.87,16.38
2016-09-08,16.86,17.36,18.39,16.15
2016-09-09,16.6,16.25,17.16,16.01
2016-09-13,15.44,15.44,15.44,15.44
2016-09-14,14.67,14.67,14.67,14.67
2016-09-19,13.94,13.94,13.94,13.94
2016-09-20,13.24,13.24,13.88,13.24
2016-09-21,13.17,13.29,13.33,12.94
2016-09-22,13.36,13.3,13.55,13.2
2016-09-23,13.3,13.04,13.32,13.01
2016-09-27,12.39,12.39,12.58,12.39
2016-09-28,12.0,11.81,12.36,11.77
2016-09-29,11.86,11.83,12.1,11.73
2016-09-30,11.87,12.42,12.42,11.83
2016-10-10,12.48,12.43,12.53,12.18
2016-10-11,12.53,12.81,12.98,12.51
2016-10-12,12.71,13.16,13.27,12.65
2016-10-13,13.25,12.99,13.26,12.95
2016-10-14,12.98,12.84,12.98,12.78
2016-10-17,12.85,12.54,12.92,12.46
2016-10-18,12.47,12.68,12.7,12.45
2016-10-19,12.68,12.5,12.77,12.48
2016-10-20,12.53,12.89,13.07,12.33
2016-10-21,12.8,12.63,12.87,12.51
2016-10-24,12.59,12.66,12.74,12.56
2016-10-25,12.65,12.72,12.86,12.55
2016-10-26,12.72,12.89,12.97,12.64
2016-10-27,12.88,12.89,13.06,12.84
2016-10-28,12.85,12.65,12.95,12.65
2016-10-31,12.4,12.02,12.42,12.02
2016-11-01,11.91,12.03,12.06,11.83
2016-11-02,11.99,12.0,12.19,11.96
2016-11-03,12.0,11.94,12.02,11.84
2016-11-04,12.05,12.03,12.35,12.0
2016-11-07,11.95,12.04,12.05,11.87
2016-11-08,12.04,12.17,12.32,11.96
2016-11-09,12.11,12.05,12.26,11.88
2016-11-10,12.13,12.17,12.18,12.08
2016-11-11,12.13,12.21,12.27,12.12
2016-11-14,12.22,12.28,12.33,12.2
2016-11-15,12.3,12.51,12.67,12.28
2016-11-16,12.57,13.0,13.12,12.43
2016-11-17,12.95,12.72,13.08,12.71
2016-11-18,12.74,12.83,13.05,12.74
2016-11-21,12.86,12.7,12.93,12.56
2016-11-22,12.7,12.73,12.75,12.57
2016-11-23,12.68,12.71,12.97,12.64
2016-11-24,12.7,12.38,12.76,12.3
2016-11-25,12.43,12.12,12.48,11.85
2016-11-28,12.09,12.1,12.22,11.99
2016-11-29,12.04,11.93,12.14,11.92
2016-11-30,11.89,11.63,12.05,11.53
2016-12-01,11.55,11.71,11.73,11.55
2016-12-02,11.7,11.64,11.73,11.56
2016-12-05,11.59,11.82,11.94,11.5
2016-12-06,11.88,12.13,12.15,11.81
2016-12-07,12.42,12.24,12.69,12.15
2016-12-08,12.15,12.01,12.22,11.99
2016-12-09,12.02,12.08,12.18,12.0
2016-12-12,12.08,11.48,12.09,11.48
2016-12-13,11.4,11.61,11.68,11.11
2016-12-14,11.51,11.66,11.73,11.51
2016-12-15,11.65,11.83,11.97,11.61
2016-12-16,11.79,11.79,11.91,11.74
2016-12-19,11.93,12.38,12.38,11.9
2016-12-20,12.53,12.39,12.63,12.24
2016-12-21,12.31,12.39,12.49,12.23
2016-12-22,12.39,12.44,12.65,12.24
2016-12-23,12.36,12.01,12.39,11.82
2016-12-26,12.07,12.14,12.23,11.91
2016-12-27,12.2,12.1,12.21,12.03
2016-12-28,12.12,12.02,12.12,11.95
2016-12-29,11.99,11.84,11.99,11.72
2016-12-30,11.86,11.93,12.02,11.82
2017-01-03,11.87,12.04,12.1,11.86
2017-01-04,12.04,12.05,12.07,11.93
2017-01-05,12.02,11.93,12.02,11.91
2017-09-11,11.33,11.33,11.33,11.33
2017-09-12,10.76,10.76,10.76,10.76
2017-09-13,10.22,10.22,10.22,10.22
2017-09-14,9.71,9.71,9.71,9.71
2017-09-15,9.22,9.22,9.5,9.22
2017-09-18,9.05,8.76,9.08,8.76
2017-09-19,8.73,8.69,8.78,8.54
2017-09-20,8.69,8.69,8.83,8.63
2017-09-21,8.68,8.41,8.71,8.34
2017-09-22,8.39,8.26,8.39,8.23
2017-09-25,8.28,8.28,8.46,8.24
2017-09-26,8.35,8.37,8.45,8.31
2017-09-27,8.39,8.31,8.42,8.26
2017-09-28,8.33,8.25,8.36,8.23
2017-09-29,8.25,8.39,8.51,8.14
2017-10-09,8.45,8.38,8.47,8.36
2017-10-10,8.4,8.46,8.46,8.36
2017-10-11,8.48,8.43,8.48,8.41
2017-10-12,8.43,8.29,8.43,8.23
2017-10-13,8.26,8.36,8.39,8.21
2017-10-16,8.33,8.03,8.35,8.02
2017-10-17,8.01,8.07,8.2,7.99
2017-10-18,8.07,8.05,8.15,8.03
2017-10-19,8.03,7.65,8.04,7.65
2017-10-20,7.5,7.66,7.71,7.42
2017-10-23,7.63,7.61,7.7,7.51
2017-10-24,7.62,7.55,7.65,7.43
2017-10-25,7.54,7.54,7.57,7.48
2017-10-26,7.54,7.49,7.56,7.46
2017-10-27,7.49,7.46,7.53,7.45
2017-10-30,7.4,7.09,7.4,7.09
2017-10-31,7.01,7.04,7.13,6.96
2017-11-01,7.04,6.92,7.07,6.9
2017-11-02,6.95,6.79,6.98,6.75
2017-11-03,6.79,6.68,6.84,6.63
2017-11-06,6.63,7.01,7.01,6.56
2017-11-07,7.02,7.05,7.2,6.94
2017-11-08,7.04,7.15,7.28,6.94
2017-11-09,7.2,7.2,7.26,7.11
2017-11-10,7.18,7.28,7.31,7.13
2017-11-13,7.23,7.22,7.39,7.12
2017-11-14,7.22,7.22,7.34,7.16
2017-11-15,7.19,7.05,7.25,7.03
2017-11-16,7.0,6.97,7.08,6.95
2017-11-17,6.98,6.83,7.01,6.78
2017-11-20,6.79,7.17,7.17,6.52
2017-11-21,7.21,7.25,7.38,7.14
2017-11-22,7.22,7.11,7.28,7.06
2017-11-23,7.09,7.03,7.25,7.02
2017-11-24,6.99,7.18,7.23,6.96
2017-11-27,7.17,7.25,7.33,7.11
2017-11-28,7.22,7.26,7.3,7.19
2017-11-29,7.23,7.15,7.26,7.07
2017-11-30,7.13,7.15,7.22,7.1
2017-12-01,7.14,7.16,7.18,7.08
2017-12-04,7.11,6.95,7.15,6.86
2017-12-05,6.92,6.67,6.97,6.65
2017-12-06,6.66,6.8,6.81,6.65
2017-12-07,6.99,6.87,7.1,6.86
2017-12-08,6.82,6.9,6.95,6.82
2017-12-11,6.89,7.09,7.21,6.89
2017-12-12,7.09,6.99,7.09,6.97
2017-12-13,6.96,7.05,7.11,6.96
2017-12-14,7.06,7.15,7.3,7.06
2017-12-15,7.14,7.08,7.18,7.02
2017-12-18,7.05,6.92,7.1,6.89
2017-12-19,6.96,7.0,7.02,6.9
2017-12-20,6.93,7.11,7.16,6.93
2017-12-21,7.1,7.06,7.12,6.94
2017-12-22,7.19,7.06,7.29,7.03
2017-12-25,6.98,6.93,7.02,6.85
2017-12-26,6.93,6.99,7.01,6.88
2017-12-27,6.91,6.97,7.05,6.91
2017-12-28,6.95,6.99,7.02,6.91
2017-12-29,7.01,7.0,7.02,6.94
2018-01-02,7.0,7.0,7.05,6.96
2018-01-03,7.04,7.08,7.14,7.0
2018-01-04,7.05,7.08,7.2,7.05
2018-01-05,7.1,7.1,7.15,7.04
2018-01-08,7.12,7.11,7.13,7.07
2018-01-09,7.09,7.1,7.12,7.07
2018-01-10,7.1,6.99,7.17,6.98
2018-01-11,7.02,6.95,7.02,6.89
2018-01-12,6.93,6.91,6.95,6.88
2018-01-15,6.89,6.69,6.89,6.66
2018-01-16,6.68,6.74,6.79,6.65
2018-01-17,6.71,6.73,6.76,6.62
2018-01-18,6.73,6.8,6.87,6.7
2018-01-19,6.8,6.81,6.89,6.78
2018-01-22,6.84,6.8,6.87,6.7
2018-01-23,6.8,6.8,6.85,6.77
2018-01-24,6.81,6.68,6.81,6.63
2018-01-25,6.63,6.66,6.75,6.61
2018-01-26,6.64,6.64,6.72,6.63
2018-01-29,6.67,6.58,6.74,6.58
2018-01-30,6.55,6.57,6.62,6.53
2018-01-31,6.64,6.26,6.64,6.24
2018-02-01,6.15,5.95,6.23,5.95
2018-02-02,5.68,5.65,5.78,5.65
2018-02-05,5.37,5.37,5.51,5.37
2018-02-06,5.23,5.11,5.47,5.1
2018-02-07,5.2,5.04,5.23,4.87
2018-02-08,5.04,5.11,5.29,4.96
2018-02-09,4.98,4.9,5.06,4.85
2018-02-12,4.91,4.89,5.06,4.88
2018-02-13,4.9,4.66,4.93,4.65
2018-02-14,4.75,4.69,4.76,4.5
2018-02-22,4.69,4.81,4.85,4.68
2018-02-23,4.79,4.85,4.94,4.76
2018-02-26,4.87,5.05,5.07,4.84
2018-02-27,5.02,5.09,5.17,5.02
2018-02-28,5.02,5.05,5.12,4.95
2018-03-01,5.05,5.24,5.3,5.03
2018-03-02,5.22,5.28,5.29,5.19
2018-03-05,5.23,5.44,5.53,5.21
2018-03-06,5.42,5.71,5.71,5.4
2018-03-07,5.83,5.88,6.0,5.74
2018-03-08,5.81,5.88,5.98,5.8
2018-03-09,5.85,6.17,6.17,5.85
2018-03-12,6.1,6.22,6.27,6.1
2018-03-13,6.22,6.08,6.22,6.03
2018-03-14,6.01,6.06,6.13,6.01
2018-03-15,6.06,6.07,6.25,6.03
2018-03-16,6.07,6.15,6.18,6.05
2018-03-19,6.16,6.11,6.16,6.07
2018-03-20,6.07,6.13,6.17,6.05
2018-03-21,6.15,6.07,6.23,6.05
2018-03-22,6.08,6.05,6.11,5.94
2018-03-23,5.91,5.75,5.97,5.75
2018-03-26,5.51,5.91,5.93,5.46
2018-03-27,6.13,6.04,6.13,5.93
2018-03-28,6.0,5.91,6.06,5.9
2018-03-29,5.9,6.03,6.05,5.9
2018-03-30,6.04,6.12,6.12,6.03
2018-04-02,6.08,6.11,6.14,6.07
2018-04-03,6.02,6.15,6.15,5.97
2018-04-04,6.18,6.13,6.18,6.08
2018-04-09,6.1,6.01,6.11,5.99
2018-04-10,6.01,5.96,6.03,5.92
2018-04-11,5.97,6.02,6.07,5.95
2018-04-12,6.03,5.97,6.04,5.94
2018-04-13,6.0,6.0,6.04,5.95
2018-04-16,6.03,5.77,6.03,5.7
2018-04-17,5.79,5.48,5.81,5.48
2018-04-18,5.56,5.75,5.75,5.32
2018-04-19,5.75,5.67,5.83,5.62
2018-04-20,5.62,5.45,5.68,5.42
2018-04-23,5.39,5.43,5.49,5.32
2018-04-24,5.4,5.49,5.53,5.34
2018-04-25,5.41,5.48,5.5,5.41
2018-04-26,5.42,5.42,5.48,5.37
2018-04-27,5.46,5.47,5.53,5.39
2018-05-02,5.46,5.34,5.5,5.31
2018-05-03,5.34,5.45,5.47,5.28
2018-05-04,5.4,5.52,5.54,5.4
2018-05-07,5.52,5.57,5.67,5.49
2018-05-08,5.57,5.53,5.57,5.5
2018-05-09,5.5,5.58,5.64,5.5
2018-05-10,5.57,5.55,5.61,5.53
2018-05-11,5.59,5.45,5.59,5.38
2018-05-14,5.45,5.42,5.49,5.38
2018-05-15,5.38,5.4,5.43,5.34
2018-05-16,5.38,5.34,5.42,5.29
2018-05-17,5.29,5.21,5.33,5.2
2018-05-18,5.23,5.19,5.24,5.06
2018-05-21,5.19,5.23,5.27,5.17
2018-05-22,5.25,5.17,5.25,5.14
2018-05-23,5.16,5.01,5.17,4.98
2018-05-24,4.99,5.03,5.04,4.96
2018-05-25,4.99,4.83,5.05,4.8
