date,open,close,high,low
2016-01-04,18.242,16.378,18.331,16.378
2016-01-05,15.002,15.5,16.368,14.743
2016-01-06,15.48,16.069,16.258,15.48
2016-01-07,15.62,14.464,15.929,14.464
2016-01-08,14.484,14.773,15.141,13.238
2016-01-11,14.633,13.297,14.633,13.297
2016-01-12,12.958,12.719,13.696,12.261
2016-01-13,12.659,11.802,13.028,11.712
2016-01-14,11.663,12.44,12.56,11.194
2016-01-15,12.161,12.161,12.44,11.563
2016-01-18,11.962,13.138,13.317,11.683
2016-01-19,12.978,13.955,14.195,12.709
2016-01-20,13.806,13.796,14.145,13.467
2016-01-21,13.656,13.686,14.354,13.507
2016-01-22,13.886,13.796,14.025,13.168
2016-01-25,13.925,13.965,14.254,13.856
2016-01-26,13.806,12.909,14.105,12.739
2016-01-27,12.909,12.33,13.287,11.742
2016-01-28,12.061,11.802,12.62,11.772
2016-01-29,11.812,12.42,12.59,11.673
2016-02-01,12.46,12.181,12.53,12.121
2016-02-02,12.41,12.749,12.859,12.201
2016-02-03,12.57,12.679,12.759,12.42
2016-02-04,12.759,13.208,13.407,12.759
2016-02-05,13.198,13.108,13.397,12.958
2016-02-15,12.43,13.427,13.557,12.241
2016-02-16,13.357,13.826,13.905,13.357
2016-02-17,13.856,13.766,13.995,13.527
2016-02-18,13.786,13.457,13.955,13.357
2016-02-19,13.407,13.387,13.596,13.008
2016-02-22,13.487,13.886,13.925,13.457
2016-02-23,13.816,13.915,14.304,13.686
2016-02-24,13.915,14.045,14.095,13.616
2016-02-25,14.045,12.64,14.055,12.64
2016-02-26,12.769,12.799,13.108,12.63
2016-02-29,12.759,11.523,12.759,11.523
2016-03-01,11.533,11.543,11.653,11.045
2016-03-02,11.513,12.261,12.35,11.463
2016-03-03,12.171,12.44,12.53,12.091
2016-03-04,12.55,12.201,12.939,12.012
2016-03-07,12.4,12.58,12.739,12.321
2016-03-08,12.659,12.5,12.659,11.882
2016-03-09,12.241,12.161,12.39,11.962
2016-03-10,12.091,12.101,12.36,11.962
2016-03-11,12.071,11.683,12.071,11.493
2016-03-14,11.762,12.041,12.301,11.732
2016-03-15,12.041,12.271,12.54,11.982
2016-03-16,12.47,12.689,13.497,12.47
2016-03-17,12.46,13.736,13.955,12.46
2016-03-18,13.776,15.112,15.112,13.636
2016-03-21,15.45,15.042,15.45,14.653
2016-03-22,14.852,14.982,15.75,14.693
2016-03-23,14.852,14.822,15.122,14.613
2016-03-24,14.902,14.494,15.401,14.434
2016-03-25,14.832,15.261,15.331,14.334
2016-03-28,15.221,14.783,15.401,14.603
2016-03-29,14.803,14.145,14.803,13.806
2016-03-30,14.284,14.504,14.593,14.254
2016-03-31,14.783,14.474,14.912,14.334
2016-04-01,14.354,14.195,14.354,13.836
2016-04-05,14.195,14.803,14.892,14.195
2016-04-06,14.872,16.288,16.288,14.733
2016-04-07,16.417,15.73,16.437,15.67
2016-04-08,15.351,15.769,16.039,15.351
2016-04-11,15.769,15.959,16.866,15.769
2016-04-12,16.049,16.118,16.198,15.64
2016-04-13,16.069,16.248,16.427,15.949
2016-04-14,16.198,16.138,16.338,15.799
2016-04-15,16.397,17.255,17.534,16.168
2016-04-18,16.896,16.637,16.896,16.487
2016-04-19,16.716,16.557,16.826,16.467
2016-04-20,16.547,15.48,16.617,14.972
2016-04-21,15.411,15.46,15.799,15.381
2016-04-22,15.55,15.65,15.859,15.241
2016-04-25,15.53,16.517,16.547,15.261
2016-04-26,16.447,17.215,17.334,16.248
2016-04-27,16.966,16.816,17.275,16.746
2016-04-28,16.647,17.514,17.923,16.477
2016-04-29,17.315,17.235,17.952,17.175
2016-05-03,17.195,17.354,17.893,17.145
2016-05-04,17.364,17.315,17.793,17.305
2016-05-05,17.315,16.966,17.414,16.846
2016-05-06,16.647,15.271,17.095,15.271
2016-05-09,14.842,13.846,14.842,13.776
2016-05-10,13.557,13.746,14.005,13.267
2016-05-11,13.856,13.886,14.603,13.756
2016-05-12,13.258,13.018,13.557,12.58
2016-05-13,12.988,12.919,13.248,12.809
2016-05-16,13.068,13.477,13.507,12.919
2016-05-17,13.557,13.397,13.656,13.228
2016-05-18,13.118,12.33,13.118,12.081
2016-05-19,12.261,12.46,12.689,12.251
2016-05-20,12.43,12.859,12.929,12.291
2016-05-23,12.939,13.118,13.228,12.859
2016-05-24,13.317,13.128,13.317,12.759
2016-05-25,13.178,12.859,13.248,12.58
2016-05-26,12.809,12.859,12.909,12.39
2016-05-27,12.929,13.098,13.238,12.799
2016-05-30,13.118,13.088,13.158,12.739
2016-05-31,13.138,13.457,13.547,13.128
2016-06-01,13.507,13.696,13.915,13.447
2016-06-02,13.676,13.846,13.876,13.517
2016-06-03,13.816,13.935,14.254,13.646
2016-06-06,14.035,13.736,14.045,13.596
2016-06-07,13.706,13.975,14.055,13.626
2016-06-08,13.866,13.856,13.935,13.557
2016-06-13,13.826,12.679,13.955,12.56
2016-06-14,12.699,12.899,12.929,12.56
2016-06-15,12.769,13.238,13.347,12.669
2016-06-16,13.357,13.148,13.357,13.108
2016-06-17,13.198,13.557,14.085,13.148
2016-06-20,13.487,13.108,13.497,12.859
2016-06-21,13.158,12.859,13.238,12.739
2016-06-22,12.769,13.018,13.038,12.719
2016-06-23,13.008,12.879,13.048,12.769
2016-06-24,12.889,12.679,12.998,12.171
2016-06-27,12.689,12.929,12.949,12.57
2016-06-28,12.799,13.188,13.208,12.769
2016-06-29,13.188,13.208,13.258,12.988
2016-06-30,13.198,13.238,13.327,13.088
2016-07-01,13.178,13.158,13.327,13.108
2016-07-04,12.949,13.347,13.457,12.949
2016-07-05,13.317,13.606,13.716,13.257
2016-07-06,13.517,13.876,14.086,13.507
2016-07-07,13.866,13.916,13.966,13.686
2016-07-08,13.826,13.786,13.886,13.736
2016-07-11,13.786,13.537,13.836,13.517
2016-07-12,13.527,13.666,13.726,13.377
2016-07-13,13.776,13.786,13.936,13.616
2016-07-14,13.826,13.936,13.986,13.726
2016-07-15,13.976,13.876,14.026,13.796
2016-07-18,13.666,14.575,14.875,13.666
2016-07-19,14.885,14.176,14.885,13.916
2016-07-20,14.096,14.016,14.146,13.926
2016-07-21,14.006,13.986,14.176,13.916
2016-07-22,13.976,13.686,14.066,13.676
2016-07-25,13.686,13.796,13.846,13.467
2016-07-26,13.806,14.066,14.076,13.696
2016-07-27,14.096,13.187,14.096,13.067
2016-07-28,13.177,13.057,13.427,12.907
2016-07-29,13.187,13.107,13.187,12.987
2016-08-01,13.087,12.737,13.117,12.508
2016-08-02,12.737,12.837,12.867,12.677
2016-08-03,12.897,13.077,13.107,12.817
2016-08-04,13.077,13.057,13.107,12.867
2016-08-05,13.057,13.017,13.087,12.957
2016-08-08,12.977,13.037,13.067,12.737
2016-08-09,13.017,13.177,13.237,12.957
2016-08-10,13.217,13.177,13.267,13.097
2016-08-11,13.167,12.897,13.187,12.787
2016-08-12,12.947,13.037,13.037,12.827
2016-08-15,13.037,13.187,13.307,13.037
2016-08-16,13.187,13.257,13.317,13.167
2016-08-17,13.257,13.397,13.447,13.167
2016-08-18,13.397,13.427,13.546,13.307
2016-08-19,13.487,13.427,13.537,13.377
2016-08-22,13.397,13.347,13.546,13.337
2016-08-23,13.287,13.566,13.736,13.287
2016-08-24,13.586,13.596,13.696,13.497
2016-08-25,13.537,13.367,13.546,13.247
2016-08-26,13.387,13.457,13.626,13.317
2016-08-29,13.437,13.537,13.636,13.347
2016-08-30,13.537,13.606,13.756,13.537
2016-08-31,13.606,13.696,13.706,13.537
2016-09-01,13.616,13.636,13.786,13.566
2016-09-02,13.656,13.576,13.716,13.387
2016-09-05,13.527,13.966,13.976,13.507
2016-09-06,13.886,13.906,14.046,13.686
2016-09-07,13.936,13.806,14.016,13.756
2016-09-08,13.836,13.876,13.966,13.696
2016-09-09,13.886,13.746,13.976,13.696
2016-09-12,13.477,13.327,13.616,13.267
2016-09-13,13.407,13.297,13.407,13.157
2016-09-14,13.207,13.067,13.297,13.017
2016-09-19,13.087,13.287,13.457,13.087
2016-09-20,13.337,13.806,13.956,13.337
2016-09-21,13.926,13.996,14.206,13.756
2016-09-22,13.986,14.006,14.306,13.586
2016-09-23,13.936,14.126,14.406,13.866
2016-09-26,14.126,13.676,14.236,13.586
2016-09-27,13.676,13.856,13.866,13.517
2016-09-28,13.736,13.856,14.026,13.736
2016-09-29,13.826,13.906,14.136,13.826
2016-09-30,13.956,14.216,14.286,13.956
2016-10-10,14.166,14.336,14.406,14.166
2016-10-11,14.336,14.436,14.755,14.296
2016-10-12,14.386,14.466,14.735,14.286
2016-10-13,14.486,14.675,14.685,14.346
2016-10-14,14.655,14.595,14.755,14.396
2016-10-17,14.625,14.835,15.165,14.496
2016-10-18,14.805,15.025,15.065,14.675
2016-10-19,14.985,14.895,15.265,14.855
2016-10-20,14.905,14.945,15.165,14.835
2016-10-21,14.865,14.695,14.975,14.486
2016-10-24,14.655,14.745,14.955,14.496
2016-10-25,14.785,14.935,15.065,14.785
2016-10-26,14.865,14.885,15.065,14.775
2016-10-27,14.885,14.895,14.975,14.725
2016-10-28,14.885,14.715,14.965,14.665
2016-10-31,14.585,14.545,14.765,14.486
2016-11-01,14.765,14.955,14.985,14.625
2016-11-02,14.905,14.935,15.025,14.825
2016-11-03,14.985,15.485,15.535,14.885
2016-11-04,15.405,15.415,15.634,15.315
2016-11-07,15.335,15.075,15.455,15.025
2016-11-08,15.075,15.155,15.265,14.995
2016-11-09,15.155,15.165,15.335,14.885
2016-11-10,15.265,15.395,15.714,15.185
2016-11-11,15.395,15.974,15.984,15.285
2016-11-14,15.984,15.954,16.184,15.784
2016-11-15,16.054,15.934,16.224,15.824
2016-11-16,15.984,15.834,16.204,15.744
2016-11-17,15.824,16.134,16.144,15.764
2016-11-18,16.084,16.314,16.444,15.914
2016-11-21,16.304,15.734,16.484,15.634
2016-11-22,15.784,15.874,16.144,15.614
2016-11-23,15.884,15.654,15.984,15.644
2016-11-24,15.684,15.664,15.874,15.584
2016-11-25,15.634,15.734,15.874,15.385
2016-11-28,15.764,15.764,15.984,15.634
2016-11-29,15.834,15.764,16.174,15.724
2016-11-30,15.634,15.285,15.794,15.265
2016-12-01,15.295,15.415,15.525,15.185
2016-12-02,15.435,15.295,15.974,15.265
2016-12-05,15.155,14.945,15.185,14.785
2016-12-06,14.855,15.095,15.215,14.855
2016-12-07,14.995,15.355,15.485,14.965
2016-12-08,15.355,15.355,15.515,15.195
2016-12-09,15.305,15.235,15.385,15.135
2016-12-12,15.315,14.336,15.315,14.126
2016-12-13,14.396,14.336,14.396,13.996
2016-12-14,14.286,14.246,14.695,14.186
2016-12-15,14.236,14.366,14.486,14.096
2016-12-16,14.356,14.985,15.075,14.276
2016-12-19,14.905,14.865,15.035,14.715
2016-12-20,14.895,15.005,15.135,14.675
2016-12-21,15.005,15.165,15.335,15.005
2016-12-22,15.165,15.305,15.485,15.065
2016-12-23,15.285,15.385,15.475,14.985
2016-12-26,15.355,15.375,15.475,15.015
2016-12-27,15.305,15.335,15.435,15.025
2016-12-28,15.335,15.205,15.335,15.155
2016-12-29,15.215,15.544,15.654,15.155
2016-12-30,15.515,15.535,15.734,15.435
2017-01-03,15.535,15.435,15.694,15.355
2017-01-04,15.405,15.884,15.964,15.335
2017-01-05,15.854,15.894,16.014,15.674
2017-01-06,15.864,15.884,16.334,15.774
2017-01-09,15.884,15.944,16.154,15.794
2017-01-10,15.994,15.944,16.064,15.884
2017-01-11,15.984,15.834,16.064,15.734
2017-01-12,15.684,15.425,15.844,15.415
2017-01-13,15.634,15.065,15.634,14.985
2017-01-16,14.985,14.246,15.055,13.986
2017-01-17,14.246,14.436,14.446,13.796
2017-01-18,14.406,14.476,14.625,14.286
2017-01-19,14.386,14.486,14.536,14.186
2017-01-20,14.366,14.755,14.865,14.316
2017-01-23,14.705,14.925,14.985,14.705
2017-01-24,14.865,14.945,15.145,14.785
2017-01-25,14.795,15.125,15.195,14.785
2017-01-26,15.035,15.145,15.315,15.035
2017-02-03,15.135,15.215,15.255,14.865
2017-02-06,15.235,15.724,15.844,15.045
2017-02-07,15.684,15.654,15.864,15.385
2017-02-08,15.455,15.634,15.784,15.455
2017-02-09,15.564,15.495,15.724,15.465
2017-02-10,15.614,15.634,15.764,15.385
2017-02-13,15.544,15.684,15.704,15.385
2017-02-14,15.674,15.564,15.744,15.505
2017-02-15,15.564,15.175,15.634,15.165
2017-02-16,15.165,15.684,16.064,15.085
2017-02-17,15.734,15.574,15.764,15.235
2017-02-20,15.405,15.075,15.554,14.795
2017-02-21,15.025,15.045,15.095,14.735
2017-02-22,15.015,15.285,15.335,14.895
2017-02-23,15.285,15.115,15.345,15.035
2017-02-24,15.015,15.185,15.265,14.965
2017-02-27,15.185,15.075,15.335,15.015
2017-02-28,15.075,15.195,15.235,15.015
2017-03-01,15.155,15.085,15.335,15.065
2017-03-02,15.135,15.025,15.185,14.855
2017-03-03,14.955,14.895,15.085,14.805
2017-03-06,14.905,14.945,15.035,14.815
2017-03-07,14.955,14.905,15.015,14.825
2017-03-08,14.905,15.145,15.205,14.825
2017-03-09,15.075,14.955,15.145,14.915
2017-03-10,14.985,14.765,14.985,14.735
2017-03-13,14.755,14.795,14.835,14.565
2017-03-14,14.785,14.875,14.945,14.705
2017-03-15,14.805,14.685,14.875,14.685
2017-03-16,14.725,14.855,14.905,14.595
2017-03-17,14.815,14.855,15.015,14.775
2017-03-20,14.745,15.255,15.724,14.745
2017-03-21,15.255,14.825,15.255,14.705
2017-03-22,14.785,14.615,14.825,14.575
2017-03-23,14.665,14.635,14.815,14.466
2017-03-24,14.635,14.705,14.805,14.635
2017-03-27,14.675,14.565,14.715,14.536
2017-03-28,14.555,14.575,14.665,14.486
2017-03-29,14.585,14.216,14.635,14.186
2017-03-30,14.246,13.437,14.256,13.387
2017-03-31,13.517,13.517,13.636,13.217
2017-04-05,13.517,13.706,13.786,13.417
2017-04-06,13.726,13.856,13.966,13.686
2017-04-07,13.856,13.616,13.956,13.586
2017-04-10,13.686,13.507,13.716,13.427
2017-04-11,13.447,13.157,13.606,12.947
2017-04-12,13.187,13.117,13.187,12.997
2017-04-13,13.117,13.127,13.197,12.977
2017-04-14,13.117,12.627,13.117,12.468
2017-04-17,12.677,12.298,12.677,12.108
2017-04-18,12.288,11.798,12.428,11.768
2017-04-19,11.848,11.828,11.908,11.439
2017-04-20,11.798,11.419,11.798,11.289
2017-04-21,11.389,11.309,11.499,10.989
2017-04-24,11.189,10.609,11.219,10.569
2017-04-25,10.619,10.699,10.869,10.53
2017-04-26,10.689,10.729,10.839,10.569
2017-04-27,10.689,10.949,11.059,10.28
2017-04-28,10.889,11.019,11.129,10.839
2017-05-02,11.029,11.139,11.259,10.899
2017-05-03,11.139,10.899,11.279,10.769
2017-05-04,10.919,10.929,11.089,10.829
2017-05-05,10.969,10.52,10.969,10.49
2017-05-08,10.52,10.19,10.52,10.17
2017-05-09,10.09,10.34,10.36,10.09
2017-05-10,10.34,10.05,10.52,9.99
2017-05-11,10.02,9.96,10.07,9.531
2017-05-12,9.96,9.9,10.04,9.7
2017-05-15,9.9,10.01,10.16,9.82
2017-05-16,10.02,10.41,10.47,9.79
2017-05-17,10.39,10.32,10.549,10.29
2017-05-18,10.23,10.29,10.41,10.07
2017-05-19,10.3,10.21,10.36,10.19
2017-05-22,10.2,10.0,10.26,9.84
2017-05-23,9.98,9.58,9.98,9.491
2017-05-24,9.491,9.501,9.57,9.081
2017-05-25,9.441,9.61,9.8,9.201
2017-05-26,9.59,9.75,9.87,9.511
2017-05-31,9.74,9.82,9.93,9.74
2017-06-01,9.79,9.121,9.8,9.051
2017-06-02,9.091,9.201,9.231,8.891
2017-06-05,9.221,9.461,9.491,9.191
2017-06-06,9.471,9.501,9.55,9.351
2017-06-07,9.491,9.77,9.81,9.461
2017-06-08,9.76,9.71,9.84,9.64
2017-06-09,9.66,9.76,9.78,9.58
2017-06-12,9.69,9.55,9.69,9.371
2017-06-13,9.54,9.71,9.75,9.411
2017-06-14,9.79,9.78,9.84,9.64
2017-06-15,9.81,9.99,10.14,9.8
2017-06-16,9.99,9.91,10.06,9.79
2017-06-19,9.96,10.05,10.13,9.92
2017-06-20,10.07,10.19,10.32,10.02
2017-06-21,10.14,10.24,10.32,10.06
2017-06-22,10.25,9.94,10.25,9.81
2017-06-23,9.9,9.87,10.01,9.66
2017-06-26,9.99,9.91,9.99,9.81
2017-06-27,9.92,9.87,9.98,9.82
2017-06-28,9.83,9.81,9.87,9.68
2017-06-29,9.79,9.95,10.14,9.71
2017-06-30,9.92,10.14,10.49,9.7
2017-07-03,10.07,10.13,10.2,9.95
2017-07-04,10.25,10.12,10.36,10.06
2017-07-05,10.18,10.35,10.45,10.04
2017-07-06,10.27,10.44,10.56,10.22
2017-07-07,10.41,10.4,10.54,10.3
2017-07-10,10.26,10.27,10.38,10.18
2017-07-11,10.27,10.3,10.38,10.22
2017-07-12,10.22,10.17,10.39,9.96
2017-07-13,10.11,10.18,10.3,10.01
2017-07-14,10.16,10.12,10.16,10.03
2017-07-17,10.11,9.5,10.11,9.4
2017-07-18,9.52,9.66,9.7,9.39
2017-07-19,9.65,9.81,9.95,9.41
2017-07-20,9.76,9.87,10.04,9.73
2017-07-21,9.87,9.83,9.95,9.72
2017-07-24,9.75,10.07,10.08,9.75
2017-07-25,10.05,10.86,10.98,10.04
2017-07-26,10.8,11.52,11.74,10.64
2017-07-27,11.3,11.21,11.42,11.04
2017-07-28,11.08,11.01,11.29,10.88
2017-07-31,10.91,10.97,11.0,10.66
2017-08-01,10.87,10.77,10.97,10.72
2017-08-02,10.75,10.83,10.95,10.71
2017-08-03,10.77,10.72,10.83,10.53
2017-08-04,10.72,10.79,10.8,10.59
2017-08-07,10.81,11.0,11.01,10.7
2017-08-08,11.0,10.88,11.04,10.76
2017-08-09,10.81,10.6,10.82,10.55
2017-08-10,10.61,11.34,11.5,10.5
2017-08-11,11.12,10.78,11.22,10.7
2017-08-14,10.62,10.78,10.93,10.61
2017-08-15,10.71,10.67,10.8,10.62
2017-08-16,10.66,10.73,10.78,10.52
2017-08-17,10.73,10.72,10.76,10.63
2017-08-18,10.67,10.38,10.68,10.27
2017-08-21,10.38,10.6,10.61,10.32
2017-08-22,10.63,10.56,10.66,10.5
2017-08-23,10.53,10.58,10.6,10.45
2017-08-24,10.64,10.61,10.64,10.49
2017-08-25,10.6,10.68,10.72,10.44
2017-08-28,10.65,10.82,10.89,10.62
2017-08-29,10.82,10.86,10.89,10.73
2017-08-30,10.88,10.88,11.03,10.75
2017-08-31,10.84,10.94,10.95,10.71
2017-09-01,10.89,10.9,10.95,10.75
2017-09-04,10.82,10.91,10.91,10.79
2017-09-05,10.9,11.04,11.14,10.81
2017-09-06,11.04,10.92,11.13,10.82
2017-09-07,11.17,11.05,11.3,10.97
2017-09-08,11.04,10.92,11.04,10.81
2017-09-11,10.84,10.85,10.95,10.72
2017-09-12,10.85,10.79,10.9,10.72
2017-09-13,10.76,10.79,10.82,10.64
2017-09-14,10.75,10.79,10.83,10.68
2017-09-15,10.71,10.72,10.79,10.66
2017-09-18,10.71,10.76,10.86,10.62
2017-09-19,10.74,10.71,10.8,10.7
2017-09-20,10.69,10.7,10.76,10.64
2017-09-21,10.7,10.48,10.72,10.41
2017-09-22,10.48,10.52,10.63,10.39
2017-09-25,10.52,10.2,10.58,10.19
2017-09-26,10.2,10.06,10.24,9.99
2017-09-27,10.05,10.25,10.28,10.02
2017-09-28,10.12,10.06,10.26,10.05
2017-09-29,10.1,10.4,10.45,10.09
2017-10-09,10.42,10.43,10.5,10.37
2017-10-10,10.49,10.63,10.71,10.44
2017-10-11,10.68,10.75,10.93,10.61
2017-10-12,10.77,10.62,10.82,10.51
2017-10-13,10.7,10.66,10.75,10.52
2017-10-16,10.61,10.25,10.62,10.24
2017-10-17,10.22,10.27,10.42,10.19
2017-10-18,10.22,10.18,10.39,10.13
2017-10-19,10.17,10.14,10.25,10.08
2017-10-20,10.14,10.19,10.24,10.07
2017-10-23,10.16,10.34,10.35,10.16
2017-10-24,10.33,10.28,10.39,10.19
2017-10-25,10.28,10.25,10.35,10.18
2017-10-26,10.32,10.28,10.32,10.17
2017-10-27,10.3,9.99,10.3,9.91
2017-10-30,9.99,9.69,10.01,9.51
2017-10-31,9.64,9.73,9.77,9.63
2017-11-01,9.76,9.74,9.78,9.66
2017-11-02,9.76,9.55,9.76,9.51
2017-11-03,9.53,9.55,9.61,9.5
2017-11-06,9.52,9.54,9.56,9.23
2017-11-07,9.54,9.49,9.59,9.42
2017-11-08,9.5,9.62,9.67,9.5
2017-11-09,9.58,9.74,9.75,9.58
2017-11-10,9.72,9.76,9.89,9.62
2017-11-13,9.72,9.6,9.74,9.57
2017-11-14,9.63,9.51,9.68,9.49
2017-11-15,9.51,9.48,9.61,9.38
2017-11-16,9.46,9.44,9.52,9.41
2017-11-17,9.3,8.99,9.44,8.96
2017-11-20,8.97,9.0,9.02,8.47
2017-11-21,8.96,9.0,9.01,8.8
2017-11-22,8.98,8.85,8.98,8.82
2017-11-23,8.88,8.72,8.89,8.71
2017-11-24,8.63,8.68,8.77,8.56
2017-11-27,8.63,8.43,8.64,8.41
2017-11-28,8.45,8.49,8.51,8.38
2017-11-29,8.48,8.52,8.53,8.36
2017-11-30,8.48,8.54,8.57,8.45
2017-12-01,8.53,8.87,8.97,8.5
2017-12-04,8.8,8.77,8.8,8.6
2017-12-05,8.69,8.5,8.71,8.36
2017-12-06,8.51,8.73,8.74,8.42
2017-12-07,8.73,9.14,9.58,8.67
2017-12-08,9.13,9.17,9.29,9.04
2017-12-11,9.15,9.21,9.45,9.15
2017-12-12,9.2,9.27,9.38,9.15
2017-12-13,9.28,9.42,9.5,9.21
2017-12-14,9.42,9.41,9.43,9.25
2017-12-15,9.35,9.41,9.46,9.35
2017-12-18,9.49,9.15,9.49,9.1
2017-12-19,9.14,9.21,9.34,9.14
2017-12-20,9.24,9.28,9.43,9.11
2017-12-21,9.21,9.15,9.24,9.1
2017-12-22,9.13,9.56,9.64,9.13
2017-12-25,9.58,9.42,9.88,9.4
2017-12-26,9.33,9.23,9.4,9.1
2017-12-27,9.2,9.12,9.3,9.07
2017-12-28,9.09,9.02,9.21,9.0
2017-12-29,9.02,9.08,9.17,9.0
2018-01-02,9.1,9.06,9.13,8.9
2018-01-03,9.06,9.09,9.09,8.95
2018-01-04,9.1,9.12,9.13,8.99
2018-01-05,9.25,9.43,9.9,9.25
2018-01-08,9.21,9.29,9.31,9.14
2018-01-09,9.22,9.27,9.37,9.16
2018-01-10,9.26,9.11,9.26,9.03
2018-01-11,9.05,9.08,9.1,8.98
2018-01-12,9.05,8.96,9.1,8.95
2018-01-15,8.96,8.6,9.19,8.6
2018-01-16,8.66,9.01,9.26,8.62
2018-01-17,8.92,8.84,9.05,8.71
2018-01-18,8.79,8.95,8.99,8.75
2018-01-19,8.96,8.95,9.07,8.83
2018-01-22,8.87,8.95,8.99,8.85
2018-01-23,8.95,8.97,8.98,8.85
2018-01-24,8.96,8.9,8.98,8.8
2018-01-25,8.88,8.88,8.98,8.85
2018-01-26,8.87,8.88,8.95,8.82
2018-01-29,8.88,8.84,8.97,8.69
2018-01-30,8.81,8.97,8.98,8.8
2018-01-31,8.95,8.95,8.96,8.71
2018-02-01,8.9,8.56,8.9,8.46
2018-02-02,8.58,8.43,8.58,8.05
2018-02-05,8.21,8.25,8.36,8.21
2018-02-06,8.19,7.43,8.19,7.43
2018-02-07,7.47,7.1,7.64,6.99
2018-02-08,7.04,7.19,7.2,7.04
2018-02-09,6.98,6.94,7.09,6.84
2018-02-12,7.0,7.04,7.1,6.98
2018-02-13,7.05,7.11,7.13,7.03
2018-02-14,7.06,7.13,7.15,7.05
2018-02-22,7.14,7.22,7.26,7.09
2018-02-23,7.22,7.35,7.43,7.16
2018-02-26,7.33,7.46,7.48,7.32
2018-02-27,7.45,7.5,7.56,7.39
2018-02-28,7.42,7.48,7.52,7.31
2018-03-01,7.47,7.64,7.65,7.43
2018-03-02,7.53,7.61,7.68,7.53
2018-03-05,7.61,7.64,7.66,7.55
2018-03-06,7.66,7.74,7.84,7.66
2018-03-07,7.73,7.63,7.73,7.6
2018-03-08,7.61,7.66,7.68,7.58
2018-03-09,7.68,7.77,7.79,7.64
2018-03-12,7.92,8.06,8.15,7.88
2018-03-13,8.06,7.96,8.06,7.88
2018-03-14,7.97,7.81,8.05,7.78
2018-03-15,7.82,7.83,7.87,7.68
2018-03-16,7.84,7.83,7.9,7.75
2018-03-19,7.8,7.77,7.87,7.7
2018-03-20,7.73,7.84,7.85,7.65
2018-03-21,7.86,7.9,7.98,7.8
2018-03-22,7.85,8.01,8.11,7.82
2018-03-23,7.88,7.38,7.92,7.26
2018-03-26,7.14,7.52,7.56,7.1
2018-03-27,7.56,7.8,7.84,7.56
2018-03-28,7.66,7.73,7.79,7.61
2018-03-29,7.68,7.78,7.84,7.67
2018-03-30,7.8,7.85,7.92,7.78
2018-04-02,7.86,7.76,7.95,7.71
2018-04-03,7.64,7.69,7.73,7.6
2018-04-04,7.72,7.74,7.83,7.69
2018-04-09,7.7,7.66,7.73,7.56
2018-04-10,7.64,7.75,7.78,7.59
2018-04-11,7.75,7.91,7.94,7.71
2018-04-12,7.85,7.82,7.92,7.75
2018-04-13,7.85,7.83,8.05,7.81
2018-04-16,7.74,8.02,8.39,7.74
2018-04-17,7.92,8.19,8.28,7.82
2018-04-18,8.18,8.49,8.6,7.93
2018-04-19,8.34,8.43,8.51,8.31
2018-04-20,8.36,8.72,8.86,8.35
2018-04-23,8.61,8.56,8.71,8.26
2018-04-24,8.51,8.66,8.85,8.4
2018-04-25,8.6,8.69,8.7,8.51
2018-04-26,8.52,8.11,8.58,8.08
2018-04-27,8.15,8.01,8.21,7.74
2018-05-02,8.0,7.88,8.11,7.77
2018-05-03,7.88,7.85,7.88,7.59
2018-05-04,7.85,7.95,7.96,7.74
2018-05-07,7.95,8.36,8.37,7.93
2018-05-08,8.31,8.38,8.41,8.24
2018-05-09,8.35,8.35,8.36,8.19
2018-05-10,8.35,8.41,8.76,8.32
2018-05-11,8.35,8.18,8.38,8.17
2018-05-14,8.18,8.21,8.24,8.17
2018-05-15,8.16,8.32,8.34,8.07
2018-05-16,8.27,8.6,8.99,8.23
2018-05-17,8.53,8.55,8.6,8.4
2018-05-18,8.45,8.59,8.61,8.42
2018-05-21,8.6,8.77,8.8,8.49
2018-05-22,8.74,8.72,8.87,8.64
2018-05-23,8.69,8.55,8.72,8.53
2018-05-24,8.56,8.65,8.73,8.5
2018-05-25,8.6,8.72,8.88,8.59
