date,open,close,high,low
2016-01-04,15.871,14.338,16.177,14.338
2016-01-05,13.794,15.258,15.307,13.498
2016-01-06,15.129,15.683,15.772,15.001
2016-01-07,15.505,14.111,15.515,14.111
2016-01-08,14.279,13.992,14.783,12.934
2016-01-11,13.794,12.598,13.992,12.598
2016-01-12,12.311,12.716,12.855,11.451
2016-01-13,12.588,12.341,13.053,11.866
2016-01-14,11.579,12.558,12.657,11.47
2016-01-15,12.311,11.708,12.499,11.302
2016-01-18,11.51,11.599,11.817,11.075
2016-01-19,11.55,12.36,12.439,11.49
2016-01-20,12.143,12.123,12.647,12.054
2016-01-21,11.817,11.797,12.261,11.48
2016-01-22,11.718,11.787,11.965,11.203
2016-01-25,11.846,11.975,12.113,11.747
2016-01-26,11.708,11.184,11.975,10.778
2016-01-27,11.075,11.095,11.174,10.333
2016-01-28,10.917,10.867,11.273,10.58
2016-01-29,10.976,11.441,11.757,10.689
2016-02-01,11.52,11.579,11.648,11.203
2016-02-02,11.668,11.886,11.965,11.589
2016-02-03,11.718,11.757,11.856,11.451
2016-02-04,11.708,11.797,12.044,11.678
2016-02-05,11.836,11.599,11.856,11.5
2016-02-15,11.124,11.411,11.569,11.124
2016-02-16,11.411,12.133,12.153,11.381
2016-02-17,12.014,12.153,12.172,11.915
2016-02-18,12.291,12.212,12.449,12.064
2016-02-19,12.163,12.113,12.242,11.985
2016-02-22,12.43,12.242,12.489,12.093
2016-02-23,12.192,12.014,12.232,11.836
2016-02-24,11.955,12.113,12.163,11.896
2016-02-25,12.064,10.907,12.103,10.907
2016-02-26,10.877,10.936,11.065,10.412
2016-02-29,10.877,10.076,10.877,9.859
2016-03-01,10.155,10.244,10.383,9.958
2016-03-02,10.284,10.778,10.838,10.254
2016-03-03,10.768,10.877,11.025,10.689
2016-03-04,10.847,10.689,11.035,10.304
2016-03-07,10.689,10.867,10.976,10.63
2016-03-08,10.857,10.986,11.055,10.383
2016-03-09,10.778,10.857,10.986,10.62
2016-03-10,10.877,10.798,11.025,10.63
2016-03-11,10.689,10.491,10.778,10.333
2016-03-14,10.63,10.808,11.016,10.6
2016-03-15,10.897,11.016,11.332,10.808
2016-03-16,11.273,11.213,11.451,11.075
2016-03-17,11.174,11.411,11.52,11.095
2016-03-18,11.381,11.995,12.054,11.273
2016-03-21,11.965,12.202,12.232,11.866
2016-03-22,12.074,12.054,12.153,11.896
2016-03-23,12.004,12.113,12.163,11.866
2016-03-24,11.975,11.856,12.044,11.817
2016-03-25,11.836,11.906,11.955,11.668
2016-03-28,11.896,11.915,12.212,11.767
2016-03-29,11.906,11.728,11.915,11.372
2016-03-30,11.708,12.084,12.143,11.629
2016-03-31,12.064,12.291,12.41,12.064
2016-04-01,12.123,12.133,12.261,11.955
2016-04-05,12.133,12.469,12.598,12.113
2016-04-06,12.568,13.112,13.181,12.479
2016-04-07,13.043,13.072,13.339,12.766
2016-04-08,12.934,12.736,13.102,12.578
2016-04-11,12.865,13.072,13.181,12.756
2016-04-12,13.033,13.013,13.142,12.726
2016-04-13,13.013,13.26,13.418,12.964
2016-04-14,13.211,13.25,13.32,13.053
2016-04-15,13.25,13.488,13.715,13.112
2016-04-18,13.498,13.191,13.498,13.151
2016-04-19,13.25,13.231,13.349,13.112
2016-04-20,13.211,12.341,13.3,12.014
2016-04-21,12.252,12.113,12.568,12.004
2016-04-22,12.084,12.341,12.35,12.004
2016-04-25,12.252,12.281,12.341,12.024
2016-04-26,12.281,12.459,12.528,12.232
2016-04-27,12.439,12.697,12.825,12.439
2016-04-28,12.617,12.677,12.805,12.489
2016-04-29,12.677,12.884,12.964,12.578
2016-05-03,12.766,13.161,13.201,12.716
2016-05-04,12.983,13.181,13.428,12.983
2016-05-05,13.062,13.221,13.28,12.973
2016-05-06,13.231,12.726,13.3,12.687
2016-05-09,12.37,12.103,12.578,11.965
2016-05-10,12.064,12.074,12.281,12.064
2016-05-11,12.202,11.737,12.271,11.47
2016-05-12,11.619,11.381,11.619,11.223
2016-05-13,11.372,11.352,11.53,11.253
2016-05-16,11.352,11.559,11.619,11.124
2016-05-17,11.559,11.49,11.668,11.332
2016-05-18,11.431,10.927,11.451,10.778
2016-05-19,11.025,10.897,11.114,10.758
2016-05-20,10.867,11.025,11.065,10.729
2016-05-23,11.045,11.362,11.401,11.025
2016-05-24,11.352,11.391,11.54,11.253
2016-05-25,11.401,11.352,11.55,11.243
2016-05-26,11.312,11.322,11.362,10.986
2016-05-27,11.253,11.273,11.411,11.213
2016-05-30,11.273,11.144,11.273,11.124
2016-05-31,11.213,11.648,11.737,11.105
2016-06-01,11.619,11.698,11.767,11.619
2016-06-02,11.648,11.718,11.777,11.569
2016-06-03,11.718,11.935,12.024,11.688
2016-06-06,11.925,11.965,12.004,11.787
2016-06-07,11.955,11.856,11.955,11.777
2016-06-08,11.856,11.817,11.886,11.668
2016-06-13,11.767,11.213,11.767,10.986
2016-06-14,11.105,11.184,11.253,11.085
2016-06-15,11.055,11.451,11.609,11.055
2016-06-16,11.431,11.559,11.668,11.401
2016-06-17,11.52,11.619,11.728,11.49
2016-06-20,11.609,11.579,11.747,11.441
2016-06-21,11.639,11.817,12.064,11.589
2016-06-22,11.777,11.965,12.004,11.718
2016-06-23,11.965,11.856,12.064,11.797
2016-06-24,11.817,11.737,12.054,11.194
2016-06-27,11.589,11.896,11.965,11.569
2016-06-28,11.915,11.975,11.985,11.668
2016-06-29,12.004,11.896,12.014,11.826
2016-06-30,11.866,12.084,12.133,11.826
2016-07-01,12.024,11.925,12.182,11.866
2016-07-04,11.836,12.182,12.242,11.777
2016-07-05,12.153,12.172,12.281,12.074
2016-07-06,12.143,12.489,12.578,12.103
2016-07-07,12.42,12.41,12.469,12.252
2016-07-08,12.41,12.42,12.509,12.311
2016-07-11,12.42,12.202,12.509,12.163
2016-07-12,12.222,12.37,12.39,12.103
2016-07-13,12.37,12.627,12.716,12.35
2016-07-14,12.627,12.726,12.726,12.479
2016-07-15,12.726,12.756,12.825,12.617
2016-07-18,12.746,12.657,12.746,12.558
2016-07-19,12.637,12.588,12.647,12.42
2016-07-20,12.39,12.449,12.519,12.291
2016-07-21,12.449,12.499,12.588,12.291
2016-07-22,12.558,12.289,12.708,12.259
2016-07-25,12.259,12.349,12.379,12.2
2016-07-26,12.349,12.588,12.608,12.329
2016-07-27,12.549,12.04,12.718,11.861
2016-07-28,12.02,11.901,12.14,11.642
2016-07-29,11.911,11.841,11.941,11.771
2016-08-01,11.821,12.0,12.07,11.572
2016-08-02,11.96,12.13,12.21,11.871
2016-08-03,12.11,12.18,12.259,12.0
2016-08-04,12.259,12.489,12.758,12.23
2016-08-05,12.279,12.588,12.708,12.279
2016-08-08,12.558,12.509,12.708,12.19
2016-08-09,12.459,12.818,12.838,12.369
2016-08-10,12.688,12.568,12.838,12.539
2016-08-11,12.598,12.319,12.598,12.259
2016-08-12,12.299,12.349,12.519,12.23
2016-08-15,12.429,12.588,12.618,12.269
2016-08-16,12.578,12.638,12.718,12.489
2016-08-17,12.658,12.848,12.857,12.529
2016-08-18,12.867,12.758,12.887,12.668
2016-08-19,12.708,12.728,12.828,12.678
2016-08-22,12.798,12.549,12.808,12.529
2016-08-23,12.598,12.539,12.678,12.469
2016-08-24,12.529,12.549,12.628,12.489
2016-08-25,12.568,12.389,12.568,12.279
2016-08-26,12.409,12.519,12.549,12.359
2016-08-29,12.568,12.668,12.718,12.479
2016-08-30,12.668,12.618,12.748,12.459
2016-08-31,12.678,12.638,12.708,12.529
2016-09-01,12.658,12.618,12.738,12.558
2016-09-02,12.549,12.887,12.907,12.499
2016-09-05,12.857,12.877,12.997,12.758
2016-09-06,12.927,13.057,13.087,12.728
2016-09-07,13.077,13.147,13.226,12.937
2016-09-08,13.176,13.137,13.236,13.057
2016-09-09,13.137,12.947,13.206,12.917
2016-09-12,12.838,12.738,13.007,12.658
2016-09-13,12.738,12.788,12.818,12.648
2016-09-14,12.718,13.057,13.426,12.638
2016-09-19,13.087,13.406,13.446,12.917
2016-09-20,13.376,13.416,13.575,13.246
2016-09-21,13.426,13.426,13.565,13.316
2016-09-22,13.495,13.515,13.794,13.376
2016-09-23,13.585,13.635,13.705,13.286
2016-09-26,13.735,13.396,13.934,13.246
2016-09-27,13.256,13.446,13.475,13.077
2016-09-28,13.436,13.266,13.465,13.176
2016-09-29,13.316,13.735,13.755,13.226
2016-09-30,13.715,13.685,13.824,13.485
2016-10-10,13.705,13.884,13.924,13.545
2016-10-11,13.894,14.273,14.303,13.764
2016-10-12,14.203,14.303,14.353,14.054
2016-10-13,14.333,14.143,14.343,13.964
2016-10-14,14.173,14.083,14.173,13.884
2016-10-17,14.083,14.093,14.333,14.014
2016-10-18,14.133,14.233,14.343,14.063
2016-10-19,14.253,14.572,14.701,14.183
2016-10-20,14.582,14.432,14.901,14.382
2016-10-21,14.452,14.333,14.532,14.243
2016-10-24,14.253,14.303,14.382,14.113
2016-10-25,14.283,14.402,14.502,14.283
2016-10-26,14.482,14.083,14.482,13.994
2016-10-27,14.103,14.034,14.103,13.894
2016-10-28,14.034,14.004,14.173,13.954
2016-10-31,13.964,13.934,14.133,13.605
2016-11-01,13.914,14.153,14.223,13.874
2016-11-02,14.133,14.093,14.193,14.004
2016-11-03,14.004,14.313,14.512,14.004
2016-11-04,14.313,14.502,14.602,14.263
2016-11-07,14.432,14.731,14.821,14.432
2016-11-08,14.701,14.652,15.23,14.512
2016-11-09,14.582,14.552,14.751,14.233
2016-11-10,14.652,15.399,15.648,14.562
2016-11-11,15.24,15.549,15.598,15.05
2016-11-14,15.638,15.399,15.648,15.11
2016-11-15,15.25,15.21,15.439,15.04
2016-11-16,15.439,15.17,15.439,15.04
2016-11-17,15.17,15.15,15.25,14.97
2016-11-18,15.17,14.99,15.17,14.941
2016-11-21,15.15,15.09,15.279,14.931
2016-11-22,15.18,15.419,15.499,15.01
2016-11-23,15.349,15.19,15.728,15.08
2016-11-24,15.16,14.931,15.299,14.831
2016-11-25,14.871,15.06,15.14,14.582
2016-11-28,15.02,14.801,15.04,14.721
2016-11-29,14.791,14.044,14.881,13.834
2016-11-30,14.073,13.914,14.213,13.705
2016-12-01,13.904,14.123,14.123,13.874
2016-12-02,14.153,14.024,14.323,13.844
2016-12-05,13.924,13.735,14.024,13.645
2016-12-06,13.794,13.874,14.004,13.735
2016-12-07,13.884,14.203,14.243,13.794
2016-12-08,14.193,13.964,14.253,13.924
2016-12-09,14.004,14.044,14.143,13.854
2016-12-12,14.133,12.927,14.133,12.768
2016-12-13,12.857,13.037,13.117,12.718
2016-12-14,13.037,12.897,13.087,12.828
2016-12-15,12.857,13.147,13.266,12.798
2016-12-16,13.156,13.316,13.336,13.087
2016-12-19,13.316,13.246,13.346,13.077
2016-12-20,13.176,13.545,13.655,13.097
2016-12-21,13.545,13.545,13.635,13.475
2016-12-22,13.545,13.565,13.605,13.386
2016-12-23,13.525,13.306,13.575,13.206
2016-12-26,13.346,13.356,13.416,12.957
2016-12-27,13.356,13.715,14.004,13.286
2016-12-28,13.745,13.645,13.944,13.615
2016-12-29,13.635,13.645,13.824,13.605
2016-12-30,13.665,13.834,13.854,13.615
2017-01-03,13.854,14.034,14.063,13.764
2017-01-04,14.004,14.083,14.133,13.894
2017-01-05,14.083,14.213,14.492,14.024
2017-01-06,14.243,14.014,14.283,13.964
2017-01-09,14.014,14.183,14.273,14.004
2017-01-10,14.193,14.213,14.343,14.034
2017-01-11,14.203,13.725,14.243,13.675
2017-01-12,13.784,13.625,13.904,13.555
2017-01-13,13.605,13.127,13.635,12.997
2017-01-16,13.107,12.329,13.107,11.811
2017-01-17,12.23,12.558,12.568,12.07
2017-01-18,12.459,12.359,12.588,12.299
2017-01-19,12.409,12.19,12.459,12.11
2017-01-20,12.23,12.539,12.618,12.18
2017-01-23,12.459,12.857,12.947,12.459
2017-01-24,12.778,12.818,13.017,12.658
2017-01-25,12.857,12.778,12.947,12.678
2017-01-26,12.788,12.877,12.917,12.758
2017-02-03,12.848,12.768,12.937,12.698
2017-02-06,12.768,12.917,12.947,12.688
2017-02-07,12.828,12.887,13.017,12.778
2017-02-08,12.907,13.027,13.047,12.808
2017-02-09,12.987,13.087,13.137,12.957
2017-02-10,13.127,13.117,13.206,13.057
2017-02-13,13.087,13.107,13.137,12.897
2017-02-14,13.077,12.997,13.107,12.957
2017-02-15,12.977,12.838,13.017,12.788
2017-02-16,12.778,12.987,13.037,12.778
2017-02-17,13.027,12.877,13.097,12.828
2017-02-20,12.877,12.887,12.917,12.748
2017-02-21,12.857,13.057,13.137,12.857
2017-02-22,13.067,13.176,13.226,13.047
2017-02-23,13.166,13.147,13.206,13.037
2017-02-24,13.097,13.236,13.306,13.027
2017-02-27,13.236,13.137,13.296,13.097
2017-02-28,13.156,13.416,13.426,13.087
2017-03-01,13.296,13.436,13.774,13.286
2017-03-02,13.436,13.027,13.495,12.917
2017-03-03,13.017,13.156,13.186,12.957
2017-03-06,13.147,13.416,13.436,13.077
2017-03-07,13.416,13.436,13.505,13.226
2017-03-08,13.356,13.515,13.605,13.356
2017-03-09,13.515,13.495,13.555,13.276
2017-03-10,13.446,13.495,13.545,13.396
2017-03-13,13.475,13.456,13.505,13.196
2017-03-14,13.446,13.416,13.505,13.306
2017-03-15,13.326,13.416,13.485,13.296
2017-03-16,13.366,13.625,13.635,13.356
2017-03-17,13.655,13.485,13.665,13.346
2017-03-20,13.446,13.456,13.535,13.266
2017-03-21,13.356,13.426,13.446,13.326
2017-03-22,13.246,13.286,13.406,12.967
2017-03-23,13.186,13.156,13.296,12.957
2017-03-24,13.166,13.077,13.166,12.907
2017-03-27,13.037,13.087,13.196,12.967
2017-03-28,13.037,13.087,13.107,12.947
2017-03-29,13.047,12.927,13.097,12.818
2017-03-30,12.828,12.419,12.828,12.06
2017-03-31,12.359,12.319,12.379,12.23
2017-04-05,12.339,12.678,12.698,12.23
2017-04-06,12.648,12.977,12.987,12.598
2017-04-07,12.877,13.137,13.196,12.867
2017-04-10,13.047,12.927,13.137,12.798
2017-04-11,12.857,12.798,12.877,12.469
2017-04-12,12.738,12.828,12.857,12.588
2017-04-13,12.728,12.838,12.877,12.728
2017-04-14,12.838,12.419,12.838,12.1
2017-04-17,12.17,11.811,12.259,11.552
2017-04-18,11.761,11.392,11.761,11.342
2017-04-19,11.263,10.844,11.392,10.655
2017-04-20,10.884,10.645,10.924,10.525
2017-04-21,10.744,10.615,10.794,10.426
2017-04-24,10.625,9.967,10.625,9.947
2017-04-25,9.997,10.047,10.246,9.897
2017-04-26,10.097,10.087,10.146,10.007
2017-04-27,10.097,10.236,10.286,9.738
2017-04-28,10.176,10.196,10.286,10.037
2017-05-02,10.156,10.186,10.226,10.097
2017-05-03,10.196,10.186,10.316,10.087
2017-05-04,10.136,10.186,10.356,10.117
2017-05-05,10.166,9.967,10.166,9.927
2017-05-08,9.947,9.698,9.947,9.678
2017-05-09,9.648,9.867,9.927,9.588
2017-05-10,9.917,9.718,10.097,9.658
2017-05-11,9.588,9.558,9.718,9.279
2017-05-12,9.529,9.519,9.608,9.469
2017-05-15,9.529,9.568,9.648,9.529
2017-05-16,9.529,9.778,9.788,9.469
2017-05-17,9.788,10.027,10.107,9.768
2017-05-18,9.947,9.947,9.997,9.857
2017-05-19,9.897,9.887,9.957,9.798
2017-05-22,9.887,9.519,9.907,9.499
2017-05-23,9.479,8.97,9.519,8.95
2017-05-24,8.871,9.03,9.04,8.711
2017-05-25,8.97,9.13,9.269,8.791
2017-05-26,9.15,9.16,9.289,9.09
2017-05-31,9.349,9.11,9.399,9.09
2017-06-01,9.11,8.651,9.11,8.572
2017-06-02,8.612,8.881,8.921,8.582
2017-06-05,8.891,9.09,9.21,8.881
2017-06-06,9.14,9.15,9.2,9.01
2017-06-07,9.15,9.319,9.359,9.12
2017-06-08,9.329,9.279,9.439,9.229
2017-06-09,9.229,9.289,9.409,9.19
2017-06-12,9.229,8.901,9.249,8.851
2017-06-13,8.871,9.09,9.14,8.791
2017-06-14,9.09,9.17,9.22,9.06
2017-06-15,9.17,9.319,9.399,9.13
2017-06-16,9.439,9.299,9.439,9.249
2017-06-19,9.309,9.459,9.469,9.289
2017-06-20,9.469,9.459,9.529,9.419
2017-06-21,9.459,9.568,9.608,9.409
2017-06-22,9.558,9.269,9.558,9.18
2017-06-23,9.2,9.2,9.359,9.03
2017-06-26,9.239,9.319,9.339,9.13
2017-06-27,9.319,9.289,9.449,9.22
2017-06-28,9.269,9.09,9.289,9.03
2017-06-29,9.14,9.17,9.249,9.06
2017-06-30,9.17,9.249,9.309,9.07
2017-07-03,9.269,9.379,9.409,9.259
2017-07-04,9.399,9.349,9.529,9.309
2017-07-05,9.339,9.439,9.449,9.329
2017-07-06,9.459,9.389,9.479,9.299
2017-07-07,9.389,9.449,9.469,9.369
2017-07-10,9.439,9.489,9.548,9.369
2017-07-11,9.489,9.279,9.509,9.269
2017-07-12,9.239,9.16,9.319,9.0
2017-07-13,9.16,9.17,9.2,9.09
2017-07-14,9.15,9.08,9.21,9.04
2017-07-17,9.06,8.631,9.06,8.392
2017-07-18,8.532,8.552,8.631,8.342
2017-07-19,8.502,8.661,8.711,8.382
2017-07-20,8.651,8.751,8.871,8.572
2017-07-21,8.741,8.661,8.831,8.572
2017-07-24,8.641,8.711,8.751,8.562
2017-07-25,8.721,8.831,8.841,8.721
2017-07-26,8.831,9.01,9.01,8.781
2017-07-27,9.06,9.269,9.279,8.95
2017-07-28,9.269,9.379,9.459,9.17
2017-07-31,9.419,9.349,9.419,9.21
2017-08-01,9.289,9.239,9.369,9.18
2017-08-02,9.319,9.14,9.319,9.12
2017-08-03,9.09,9.289,9.299,9.08
2017-08-04,9.279,9.259,9.379,9.19
2017-08-07,9.16,9.319,9.349,9.16
2017-08-08,9.419,9.469,9.489,9.22
2017-08-09,9.399,9.369,9.419,9.289
2017-08-10,9.349,9.229,9.399,9.15
2017-08-11,9.17,9.14,9.249,9.07
2017-08-14,9.1,9.2,9.229,9.09
2017-08-15,9.2,9.19,9.239,9.13
2017-08-16,9.22,9.29,9.34,9.14
2017-08-17,9.3,9.38,9.43,9.26
2017-08-18,9.32,9.37,9.44,9.3
2017-08-21,9.37,9.43,9.46,9.37
2017-08-22,9.44,9.32,9.44,9.3
2017-08-23,9.32,9.31,9.37,9.28
2017-08-24,9.28,9.21,9.32,9.17
2017-08-25,9.32,9.44,9.46,9.26
2017-08-28,9.41,9.75,9.82,9.4
2017-08-29,9.69,9.72,9.82,9.64
2017-08-30,9.63,9.69,9.76,9.62
2017-08-31,9.8,9.8,9.81,9.67
2017-09-01,9.81,10.09,10.1,9.76
2017-09-04,10.09,10.0,10.09,9.83
2017-09-05,9.99,10.19,10.35,9.97
2017-09-06,10.19,10.17,10.32,10.09
2017-09-07,10.18,10.17,10.25,10.1
2017-09-08,10.14,10.03,10.2,9.97
2017-09-11,10.0,10.07,10.13,9.98
2017-09-12,9.76,9.9,10.09,9.76
2017-09-13,9.92,9.94,10.03,9.86
2017-09-14,9.99,9.95,10.02,9.92
2017-09-15,9.96,9.77,9.97,9.64
2017-09-18,10.2,9.91,10.2,9.79
2017-09-19,9.95,9.87,10.0,9.85
2017-09-20,9.82,9.88,9.92,9.8
2017-09-21,9.9,9.81,9.94,9.81
2017-09-22,9.81,9.73,9.85,9.55
2017-09-25,9.73,9.58,9.73,9.57
2017-09-26,9.51,9.46,9.58,9.43
2017-09-27,9.46,9.53,9.58,9.41
2017-09-28,9.51,9.43,9.55,9.42
2017-09-29,9.45,9.52,9.54,9.42
2017-10-09,9.59,9.59,9.67,9.54
2017-10-10,9.61,9.77,9.77,9.56
2017-10-11,9.79,9.75,9.84,9.67
2017-10-12,9.75,9.71,9.76,9.6
2017-10-13,9.68,9.72,9.73,9.56
2017-10-16,9.69,9.44,9.72,9.4
2017-10-17,9.36,9.45,9.5,9.36
2017-10-18,9.46,9.31,9.52,9.31
2017-10-19,9.26,9.16,9.36,9.12
2017-10-20,9.12,9.32,9.35,9.12
2017-10-23,9.31,9.46,9.47,9.28
2017-10-24,9.42,9.36,9.52,9.3
2017-10-25,9.36,9.42,9.43,9.32
2017-10-26,9.4,9.41,9.42,9.31
2017-10-27,9.4,9.34,9.4,9.28
2017-10-30,9.32,8.89,9.32,8.87
2017-10-31,8.87,9.03,9.04,8.86
2017-11-01,9.03,9.0,9.08,8.96
2017-11-02,8.99,8.83,8.99,8.79
2017-11-03,8.84,8.75,8.87,8.7
2017-11-06,8.8,8.88,8.92,8.71
2017-11-07,8.86,8.91,8.92,8.82
2017-11-08,8.9,9.02,9.06,8.9
2017-11-09,9.02,9.07,9.08,8.94
2017-11-10,9.05,9.02,9.06,8.9
2017-11-13,9.02,8.95,9.03,8.9
2017-11-14,8.93,8.81,8.94,8.78
2017-11-15,8.78,8.81,8.87,8.77
2017-11-16,8.8,8.81,8.85,8.73
2017-11-17,8.78,8.41,8.78,8.37
2017-11-20,8.33,8.38,8.4,8.14
2017-11-21,8.35,8.34,8.48,8.29
2017-11-22,8.3,8.31,8.45,8.26
2017-11-23,8.31,8.26,8.41,8.25
2017-11-24,8.22,8.3,8.32,8.2
2017-11-27,8.31,8.34,8.39,8.3
2017-11-28,8.32,8.38,8.42,8.26
2017-11-29,8.38,8.44,8.45,8.33
2017-11-30,8.41,8.41,8.46,8.31
2017-12-01,8.38,8.5,8.5,8.36
2017-12-04,8.46,8.29,8.55,8.26
2017-12-05,8.22,8.05,8.32,8.0
2017-12-06,8.01,8.2,8.2,8.01
2017-12-07,8.16,8.3,8.31,8.16
2017-12-08,8.32,8.42,8.44,8.29
2017-12-11,8.45,8.45,8.5,8.37
2017-12-12,8.41,8.36,8.47,8.32
2017-12-13,8.36,8.39,8.4,8.3
2017-12-14,8.37,8.4,8.45,8.31
2017-12-15,8.37,8.38,8.41,8.33
2017-12-18,8.42,8.25,8.42,8.22
2017-12-19,8.25,8.3,8.39,8.23
2017-12-20,8.29,8.18,8.32,8.14
2017-12-21,8.18,8.2,8.21,8.07
2017-12-22,8.18,8.18,8.21,8.13
2017-12-25,8.14,8.03,8.16,7.99
2017-12-26,7.99,8.04,8.09,7.98
2017-12-27,8.0,8.03,8.1,8.0
2017-12-28,8.01,8.06,8.1,7.98
2017-12-29,8.07,8.2,8.21,8.03
2018-01-02,8.23,8.26,8.29,8.15
2018-01-03,8.28,8.33,8.34,8.22
2018-01-04,8.32,8.55,8.55,8.27
2018-01-05,8.48,8.41,8.55,8.39
2018-01-08,8.44,8.4,8.45,8.36
2018-01-09,8.39,8.39,8.43,8.36
2018-01-10,8.39,8.37,8.4,8.3
2018-01-11,8.36,8.41,8.42,8.32
2018-01-12,8.37,8.38,8.42,8.32
2018-01-15,8.33,8.08,8.36,8.01
2018-01-16,8.03,8.11,8.13,8.03
2018-01-17,8.09,8.13,8.14,8.0
2018-01-18,8.15,8.22,8.25,8.1
2018-01-19,8.22,8.22,8.28,8.13
2018-01-22,8.23,8.25,8.3,8.13
2018-01-23,8.22,8.23,8.27,8.17
2018-01-24,8.21,8.23,8.24,8.16
2018-01-25,8.23,8.52,8.56,8.2
2018-01-26,8.46,8.41,8.67,8.28
2018-01-29,8.35,8.15,8.42,8.13
2018-01-30,8.13,8.18,8.24,8.11
2018-01-31,8.18,7.96,8.18,7.94
2018-02-01,7.88,7.43,7.95,7.38
2018-02-02,7.35,7.4,7.43,7.12
2018-02-05,7.26,7.35,7.4,7.26
2018-02-06,7.29,7.13,7.55,7.12
2018-02-07,7.22,7.2,7.34,7.0
2018-02-08,7.16,7.34,7.35,7.15
2018-02-09,7.21,7.11,7.22,7.05
2018-02-12,7.12,7.17,7.27,7.03
2018-02-13,7.16,7.16,7.21,7.09
2018-02-14,7.15,7.11,7.16,7.1
2018-02-22,7.13,7.19,7.19,7.09
2018-02-23,7.18,7.4,7.49,7.15
2018-02-26,7.4,7.63,7.66,7.36
2018-02-27,7.64,8.17,8.28,7.64
2018-02-28,8.1,8.18,8.21,8.0
2018-03-01,8.18,8.18,8.44,8.1
2018-03-02,8.17,8.23,8.34,8.15
2018-03-05,8.11,7.8,8.3,7.7
2018-03-06,7.75,7.87,7.92,7.6
2018-03-07,7.87,7.78,7.89,7.77
2018-03-08,7.76,7.81,7.9,7.74
2018-03-09,7.8,7.88,7.9,7.74
2018-03-12,7.9,7.95,7.96,7.84
2018-03-13,7.9,8.03,8.08,7.89
2018-03-14,8.03,8.26,8.34,8.03
2018-03-15,8.28,8.28,8.3,8.07
2018-03-16,8.26,8.24,8.35,8.2
2018-03-19,8.22,8.16,8.27,8.03
2018-03-20,8.14,8.17,8.21,8.07
2018-03-21,8.18,8.45,8.46,8.15
2018-03-22,8.46,8.49,8.66,8.39
2018-03-23,8.21,7.92,8.34,7.87
2018-03-26,7.83,8.07,8.09,7.63
2018-03-27,8.08,8.22,8.28,8.08
2018-03-28,8.11,8.2,8.39,8.1
2018-03-29,8.21,8.21,8.29,8.16
2018-03-30,8.27,8.3,8.3,8.2
2018-04-02,8.29,8.22,8.36,8.2
2018-04-03,8.1,8.1,8.13,8.01
2018-04-04,8.13,7.99,8.14,7.96
2018-04-09,7.99,7.89,7.99,7.76
2018-04-10,7.89,7.92,7.98,7.87
2018-04-11,7.92,7.98,8.05,7.92
2018-04-12,7.99,7.97,8.09,7.96
2018-04-13,7.96,7.98,8.06,7.94
2018-04-16,8.01,7.84,8.01,7.78
2018-04-17,7.85,7.7,7.85,7.66
2018-04-18,7.78,7.67,7.79,7.45
2018-04-19,7.66,7.63,7.68,7.53
2018-04-20,7.62,7.39,7.64,7.35
2018-04-23,7.39,7.66,7.78,7.35
2018-04-24,7.63,7.72,7.73,7.48
2018-04-25,7.69,7.6,7.69,7.54
2018-04-26,7.62,7.57,7.67,7.5
2018-04-27,7.57,7.61,7.65,7.5
2018-05-02,7.58,7.47,7.64,7.43
2018-05-03,7.42,7.46,7.49,7.32
2018-05-04,7.46,7.49,7.5,7.41
2018-05-07,7.47,7.68,7.71,7.47
2018-05-08,7.7,7.68,7.74,7.63
2018-05-09,7.66,7.67,7.69,7.62
2018-05-10,7.69,7.69,7.72,7.61
2018-05-11,7.7,7.59,7.74,7.54
2018-05-14,7.59,7.43,7.59,7.39
2018-05-15,7.43,7.51,7.53,7.39
2018-05-16,7.5,7.53,7.63,7.46
2018-05-17,7.51,7.8,7.92,7.5
2018-05-18,7.68,7.62,7.76,7.55
2018-05-21,7.63,7.69,7.71,7.61
2018-05-22,7.7,7.73,7.74,7.63
2018-05-23,7.7,7.73,7.86,7.7
2018-05-24,7.72,7.65,7.77,7.63
2018-05-25,7.63,7.58,7.68,7.55
