date,open,close,high,low
2016-01-04,16.075,14.713,16.193,14.595
2016-01-05,13.899,14.919,15.174,13.576
2016-01-06,14.948,14.948,15.066,14.409
2016-01-07,14.634,13.468,14.654,13.458
2016-01-08,13.899,13.272,14.046,12.253
2016-01-11,13.086,12.076,13.821,12.056
2016-01-12,12.204,11.978,12.576,11.645
2016-01-13,12.243,10.821,12.409,10.782
2016-01-14,10.312,11.184,11.233,10.292
2016-01-15,11.106,10.224,11.125,10.126
2016-01-18,9.792,10.371,10.665,9.792
2016-01-19,10.586,11.41,11.41,10.586
2016-01-20,12.409,12.115,12.547,12.017
2016-01-21,11.86,11.312,12.419,11.282
2016-01-22,11.762,12.155,12.341,11.449
2016-01-25,12.429,12.223,12.723,11.919
2016-01-26,11.958,11.037,12.135,10.998
2016-01-27,10.929,11.508,11.664,9.949
2016-01-28,11.106,11.076,11.802,10.978
2016-01-29,11.116,11.733,11.939,10.998
2016-02-01,11.762,11.223,11.86,10.978
2016-02-02,11.174,11.645,11.753,11.155
2016-02-03,11.351,11.459,11.537,11.125
2016-02-04,11.596,11.802,11.988,11.576
2016-02-05,11.929,11.596,12.125,11.576
2016-02-15,11.125,11.155,11.39,10.88
2016-02-16,11.331,11.753,11.811,11.321
2016-02-17,11.762,11.998,12.125,11.655
2016-02-18,12.253,12.468,12.978,11.919
2016-02-19,12.262,12.253,12.4,12.007
2016-02-22,12.409,12.478,12.615,12.253
2016-02-23,12.439,12.194,12.605,12.047
2016-02-24,12.233,12.958,13.037,12.056
2016-02-25,12.684,11.664,12.801,11.664
2016-02-26,11.802,11.439,11.88,11.174
2016-02-29,11.38,10.292,11.547,10.292
2016-03-01,10.41,10.41,10.557,9.792
2016-03-02,10.439,10.91,11.008,10.351
2016-03-03,10.949,10.959,11.331,10.919
2016-03-04,10.959,10.351,11.057,10.302
2016-03-07,10.527,10.606,10.704,10.488
2016-03-08,10.567,10.616,10.635,10.008
2016-03-09,10.371,10.39,10.655,10.224
2016-03-10,10.488,10.292,10.596,10.253
2016-03-11,10.243,10.371,10.518,10.076
2016-03-14,10.596,10.684,10.959,10.518
2016-03-15,10.684,10.616,10.861,10.508
2016-03-16,10.723,10.351,10.861,10.341
2016-03-17,10.449,10.802,10.841,10.263
2016-03-18,10.812,11.243,11.272,10.723
2016-03-21,11.351,11.508,11.851,11.341
2016-03-22,11.429,11.498,11.704,11.184
2016-03-23,11.468,11.566,11.645,11.37
2016-03-24,11.576,11.194,11.615,11.106
2016-03-25,11.253,11.576,11.606,11.125
2016-03-28,11.713,11.4,11.821,11.302
2016-03-29,11.4,11.096,11.41,10.929
2016-03-30,11.351,11.674,11.733,11.194
2016-03-31,11.743,11.596,11.929,11.517
2016-04-01,11.635,11.498,11.713,11.272
2016-04-05,11.517,11.802,11.88,11.468
2016-04-06,11.772,11.978,12.302,11.723
2016-04-07,12.047,11.625,12.155,11.566
2016-04-08,11.606,11.419,11.615,11.233
2016-04-11,11.566,11.517,11.713,11.508
2016-04-12,11.517,11.625,11.645,11.37
2016-04-13,11.713,11.704,11.88,11.615
2016-04-14,11.792,11.762,11.821,11.606
2016-04-15,11.782,11.909,12.017,11.704
2016-04-18,11.762,11.508,11.762,11.459
2016-04-19,11.615,11.547,11.645,11.439
2016-04-20,11.615,10.704,11.625,10.537
2016-04-21,10.684,10.586,10.959,10.557
2016-04-22,10.469,10.616,10.674,10.449
2016-04-25,10.547,10.635,10.831,10.39
2016-04-26,10.596,10.684,10.714,10.469
2016-04-27,10.743,10.674,10.919,10.645
2016-04-28,10.714,10.733,10.831,10.547
2016-04-29,10.812,11.008,11.027,10.684
2016-05-03,11.086,11.743,11.86,11.076
2016-05-04,11.645,11.704,11.821,11.586
2016-05-05,11.723,11.704,11.939,11.674
2016-05-06,11.762,11.096,11.841,11.086
2016-05-09,11.037,10.508,11.047,10.42
2016-05-10,10.557,10.635,10.704,10.488
2016-05-11,10.645,10.518,10.772,10.39
2016-05-12,10.38,10.41,10.41,10.096
2016-05-13,10.361,10.292,10.596,10.204
2016-05-16,10.331,10.527,10.567,10.292
2016-05-17,10.586,10.439,10.635,10.4
2016-05-18,10.439,10.322,10.527,10.175
2016-05-19,10.351,10.292,10.459,10.233
2016-05-20,10.194,10.292,10.331,10.057
2016-05-23,10.243,10.39,10.41,10.243
2016-05-24,10.371,10.194,10.371,10.145
2016-05-25,10.273,10.165,10.341,10.135
2016-05-26,10.116,10.096,10.184,9.802
2016-05-27,10.096,10.047,10.145,9.91
2016-05-30,9.998,10.037,10.126,9.91
2016-05-31,10.067,10.429,10.449,10.047
2016-06-01,10.42,10.42,10.586,10.361
2016-06-02,10.478,10.469,10.478,10.351
2016-06-03,10.488,10.459,10.518,10.39
2016-06-06,10.547,10.469,10.625,10.38
2016-06-07,10.459,10.469,10.557,10.38
2016-06-08,10.498,10.429,10.547,10.39
2016-06-13,10.292,9.773,10.42,9.753
2016-06-14,9.851,9.939,10.067,9.841
2016-06-15,9.822,10.224,10.371,9.773
2016-06-16,10.292,9.988,10.302,9.969
2016-06-17,9.998,10.057,10.243,9.988
2016-06-20,10.047,9.929,10.086,9.88
2016-06-21,10.057,9.88,10.076,9.851
2016-06-22,9.9,9.929,9.939,9.822
2016-06-23,9.959,9.939,9.998,9.9
2016-06-24,9.92,9.782,9.978,9.675
2016-06-27,9.753,9.969,9.988,9.694
2016-06-28,9.939,10.096,10.135,9.89
2016-06-29,10.106,10.331,10.39,10.106
2016-06-30,10.371,10.213,10.371,10.153
2016-07-01,10.262,10.252,10.519,10.223
2016-07-04,10.173,10.421,10.43,10.124
2016-07-05,10.519,10.529,10.668,10.421
2016-07-06,10.688,10.757,10.965,10.529
2016-07-07,10.688,10.589,10.737,10.5
2016-07-08,10.589,10.549,10.628,10.49
2016-07-11,10.539,10.559,10.737,10.5
2016-07-12,10.737,10.955,10.995,10.668
2016-07-13,11.064,10.886,11.064,10.806
2016-07-14,10.886,10.945,10.985,10.747
2016-07-15,10.975,10.836,11.024,10.787
2016-07-18,10.846,10.727,10.856,10.579
2016-07-19,10.767,10.856,10.866,10.618
2016-07-20,10.856,10.856,10.915,10.777
2016-07-21,10.866,11.272,11.677,10.846
2016-07-22,11.202,11.371,11.697,11.183
2016-07-25,11.341,11.311,11.608,11.212
2016-07-26,11.371,11.361,11.489,11.163
2016-07-27,11.46,12.499,12.499,11.43
2016-07-28,12.805,13.092,13.33,12.509
2016-07-29,12.776,12.568,12.805,12.222
2016-08-01,12.36,12.222,12.459,11.915
2016-08-02,12.222,13.241,13.449,12.172
2016-08-03,12.984,12.984,13.538,12.855
2016-08-04,12.756,12.954,13.023,12.578
2016-08-05,12.845,12.657,13.241,12.627
2016-08-08,12.578,12.786,12.954,12.518
2016-08-09,12.815,12.796,12.944,12.469
2016-08-10,12.677,12.499,12.776,12.479
2016-08-11,12.449,12.202,12.578,12.133
2016-08-12,12.261,12.439,12.449,12.152
2016-08-15,12.42,12.746,12.835,12.301
2016-08-16,12.756,12.657,13.013,12.588
2016-08-17,12.588,12.885,13.043,12.528
2016-08-18,12.766,12.815,13.023,12.617
2016-08-19,12.796,12.707,12.944,12.637
2016-08-22,12.687,12.212,12.766,12.152
2016-08-23,12.212,12.043,12.311,11.895
2016-08-24,12.073,12.004,12.202,11.915
2016-08-25,12.024,12.261,12.35,11.954
2016-08-26,12.232,12.133,12.321,12.053
2016-08-29,12.142,12.172,12.261,12.093
2016-08-30,12.212,12.113,12.251,12.053
2016-08-31,12.162,11.964,12.251,11.895
2016-09-01,11.994,11.697,12.024,11.677
2016-09-02,11.677,11.618,11.766,11.489
2016-09-05,11.697,11.766,11.816,11.628
2016-09-06,11.806,11.935,11.945,11.608
2016-09-07,11.925,11.826,12.004,11.786
2016-09-08,11.826,11.836,11.925,11.747
2016-09-09,11.836,11.687,11.915,11.677
2016-09-12,11.4,11.133,11.479,11.034
2016-09-13,11.212,11.153,11.281,11.054
2016-09-14,11.084,11.103,11.262,11.024
2016-09-19,11.093,11.232,11.242,11.093
2016-09-20,11.242,11.232,11.321,11.192
2016-09-21,11.281,11.331,11.341,11.232
2016-09-22,11.38,11.281,11.45,11.262
2016-09-23,11.301,11.103,11.38,11.093
2016-09-26,11.113,11.034,11.321,11.014
2016-09-27,11.034,11.153,11.163,11.004
2016-09-28,11.242,11.093,11.242,11.044
2016-09-29,11.192,11.39,11.489,11.183
2016-09-30,11.341,11.628,11.658,11.301
2016-10-10,11.707,11.697,11.806,11.529
2016-10-11,11.697,11.994,12.014,11.618
2016-10-12,11.875,11.885,11.994,11.836
2016-10-13,11.855,11.747,11.945,11.697
2016-10-14,11.707,11.717,11.756,11.598
2016-10-17,11.727,11.489,11.737,11.42
2016-10-18,11.479,11.697,11.727,11.42
2016-10-19,11.697,11.628,11.727,11.549
2016-10-20,11.628,11.598,11.667,11.499
2016-10-21,11.539,11.608,11.648,11.43
2016-10-24,11.618,11.717,11.727,11.549
2016-10-25,11.727,11.796,11.865,11.638
2016-10-26,11.786,11.539,11.786,11.499
2016-10-27,11.539,11.44,11.578,11.4
2016-10-28,11.479,11.341,11.529,11.321
2016-10-31,11.272,11.331,11.41,11.242
2016-11-01,11.331,11.41,11.45,11.331
2016-11-02,11.39,11.45,11.667,11.291
2016-11-03,11.38,11.47,11.529,11.291
2016-11-04,11.44,11.41,11.608,11.361
2016-11-07,11.42,11.331,11.43,11.262
2016-11-08,11.38,11.479,11.509,11.321
2016-11-09,11.43,11.272,11.479,11.153
2016-11-10,11.371,11.568,11.638,11.351
2016-11-11,11.568,11.539,11.618,11.46
2016-11-14,11.539,11.618,11.707,11.499
2016-11-15,11.618,11.747,11.836,11.568
2016-11-16,11.865,12.924,12.924,11.855
2016-11-17,13.053,12.588,13.092,12.489
2016-11-18,12.479,13.102,13.825,12.479
2016-11-21,12.885,13.419,13.785,12.766
2016-11-22,13.29,13.449,13.825,13.162
2016-11-23,13.36,12.974,13.409,12.875
2016-11-24,13.063,13.934,14.27,13.013
2016-11-25,13.419,13.597,13.706,13.221
2016-11-28,13.558,13.251,13.567,13.162
2016-11-29,13.182,12.875,13.201,12.855
2016-11-30,12.815,12.914,13.162,12.815
2016-12-01,12.885,12.815,12.974,12.677
2016-12-02,12.805,12.34,12.875,12.301
2016-12-05,12.182,12.37,12.518,12.133
2016-12-06,12.459,12.39,12.588,12.35
2016-12-07,12.37,12.548,12.627,12.311
2016-12-08,12.489,12.914,13.112,12.429
2016-12-09,12.766,12.786,13.162,12.677
2016-12-12,12.786,12.311,13.35,12.271
2016-12-13,11.984,12.964,13.152,11.865
2016-12-14,12.835,13.548,14.221,12.776
2017-01-12,13.558,13.152,14.141,12.944
2017-01-13,12.964,12.271,13.083,12.113
2017-01-16,12.172,11.262,12.192,11.044
2017-01-17,11.093,11.192,11.331,10.896
2017-01-18,11.093,11.351,11.608,11.093
2017-01-19,11.192,11.093,11.45,11.014
2017-01-20,11.103,11.212,11.311,11.024
2017-01-23,11.212,11.262,11.331,11.183
2017-01-24,11.202,11.034,11.291,11.024
2017-01-25,11.034,11.084,11.093,10.925
2017-01-26,11.074,11.084,11.163,11.064
2017-02-03,11.113,11.093,11.163,10.965
2017-02-06,11.133,11.568,11.677,11.133
2017-02-07,11.489,11.658,11.816,11.46
2017-02-08,11.618,11.677,11.677,11.46
2017-02-09,11.658,11.658,11.727,11.578
2017-02-10,11.658,11.519,11.707,11.489
2017-02-13,11.519,11.796,11.816,11.509
2017-02-14,11.776,11.747,11.915,11.648
2017-02-15,11.925,12.479,12.865,11.915
2017-02-16,12.36,12.4,12.647,12.232
2017-02-17,12.33,11.945,12.34,11.935
2017-02-20,11.974,12.34,12.37,11.945
2017-02-21,12.251,12.251,12.4,12.093
2017-02-22,12.241,12.192,12.301,12.133
2017-02-23,12.212,12.301,12.37,12.123
2017-02-24,12.271,12.241,12.311,12.152
2017-02-27,12.241,11.945,12.241,11.925
2017-02-28,11.925,12.034,12.053,11.925
2017-03-01,12.053,12.192,12.321,11.984
2017-03-02,12.192,12.024,12.271,11.994
2017-03-03,11.994,11.865,12.034,11.756
2017-03-06,11.865,11.945,11.954,11.806
2017-03-07,11.905,11.865,11.954,11.816
2017-03-08,11.865,11.667,11.915,11.608
2017-03-09,11.667,11.638,11.766,11.608
2017-03-10,11.628,11.648,11.737,11.618
2017-03-13,11.658,11.905,11.935,11.628
2017-03-14,11.915,11.816,11.945,11.786
2017-03-15,11.846,11.865,11.925,11.776
2017-03-16,11.875,11.945,11.945,11.766
2017-03-17,11.925,11.756,11.925,11.707
2017-03-20,11.796,11.727,11.816,11.667
2017-03-21,11.717,11.727,11.806,11.608
2017-03-22,11.677,11.281,11.707,11.262
2017-03-23,11.301,11.202,11.4,11.044
2017-03-24,11.163,11.272,11.301,11.163
2017-03-27,11.331,11.351,11.549,11.281
2017-03-28,11.361,11.351,11.46,11.311
2017-03-29,11.351,11.202,11.44,11.183
2017-03-30,11.173,10.995,11.262,10.965
2017-03-31,11.074,11.074,11.123,10.985
2017-04-05,11.074,11.321,11.351,10.995
2017-04-06,11.252,11.281,11.301,11.202
2017-04-07,11.272,11.321,11.46,11.232
2017-04-10,11.321,11.202,11.321,11.084
2017-04-11,11.202,11.084,11.202,10.935
2017-04-12,11.054,11.202,11.331,10.955
2017-04-13,11.133,11.084,11.262,11.054
2017-04-14,11.093,10.985,11.093,10.925
2017-04-17,10.886,10.925,11.034,10.886
2017-04-18,10.945,10.717,10.985,10.708
2017-04-19,10.717,10.282,10.717,10.193
2017-04-20,10.272,10.193,10.371,10.094
2017-04-21,10.272,10.193,10.292,10.143
2017-04-24,10.193,9.946,10.193,9.926
2017-04-25,10.005,9.916,10.074,9.906
2017-04-26,9.955,9.896,10.015,9.856
2017-04-27,9.886,9.926,9.955,9.52
2017-04-28,9.876,10.094,10.242,9.847
2017-05-02,10.025,9.985,10.114,9.946
2017-05-03,9.995,10.203,10.47,9.787
2017-05-04,10.044,10.044,10.223,10.005
2017-05-05,10.064,9.985,10.282,9.965
2017-05-08,10.044,9.995,10.163,9.975
2017-05-09,9.985,9.926,10.044,9.649
2017-05-10,9.866,9.659,9.965,9.629
2017-05-11,9.619,9.431,9.688,9.104
2017-05-12,9.609,9.569,9.817,9.54
2017-05-15,9.53,9.51,9.639,9.471
2017-05-16,9.51,9.649,9.678,9.342
2017-05-17,9.639,9.678,9.787,9.599
2017-05-18,9.649,9.629,9.748,9.579
2017-05-19,9.758,9.698,9.837,9.649
2017-05-22,9.649,9.431,9.688,9.391
2017-05-23,9.401,9.045,9.471,9.005
2017-05-24,9.065,8.946,9.085,8.748
2017-05-25,8.946,9.055,9.085,8.827
2017-05-26,9.055,9.025,9.193,9.005
2017-05-31,9.114,9.035,9.193,9.005
2017-06-01,9.075,8.768,9.075,8.738
2017-06-02,8.778,8.906,8.936,8.619
2017-06-05,8.966,8.916,8.986,8.897
2017-06-06,8.976,9.005,9.025,8.916
2017-06-07,9.005,9.164,9.174,9.005
2017-06-08,9.193,9.134,9.253,9.124
2017-06-09,9.144,9.471,9.738,9.124
2017-06-12,9.411,9.193,9.54,9.174
2017-06-13,9.144,9.302,9.381,9.144
2017-06-14,9.223,9.302,9.362,9.223
2017-06-15,9.282,9.411,9.48,9.253
2017-06-16,9.391,9.451,9.54,9.352
2017-06-19,9.381,9.49,9.678,9.372
2017-06-20,9.51,9.471,9.52,9.401
2017-06-21,9.471,9.609,9.847,9.431
2017-06-22,9.56,9.49,9.758,9.431
2017-06-23,9.49,9.431,9.49,9.233
2017-06-26,9.362,9.49,9.49,9.362
2017-06-27,9.51,9.55,9.649,9.411
2017-06-28,9.5,9.48,9.54,9.401
2017-06-29,9.45,9.43,9.54,9.38
2017-06-30,9.42,9.43,9.47,9.39
2017-07-03,9.41,9.52,9.53,9.41
2017-07-04,9.53,9.46,9.57,9.42
2017-07-05,9.5,9.58,9.65,9.44
2017-07-06,9.58,9.52,9.65,9.44
2017-07-07,9.51,9.62,9.63,9.42
2017-07-10,9.59,9.77,9.85,9.57
2017-07-11,9.74,9.62,9.79,9.61
2017-07-12,9.65,9.59,9.84,9.48
2017-07-13,9.61,9.84,9.87,9.53
2017-07-14,9.8,9.79,9.86,9.68
2017-07-17,9.78,9.05,9.78,8.81
2017-07-18,9.04,8.94,9.1,8.77
2017-07-19,8.84,9.11,9.12,8.84
2017-07-20,9.12,9.13,9.25,9.09
2017-07-21,9.1,9.1,9.16,9.08
2017-07-24,9.08,9.1,9.15,9.0
2017-07-25,9.1,9.13,9.16,9.05
2017-07-26,9.13,9.01,9.13,8.92
2017-07-27,9.01,9.13,9.16,8.97
2017-07-28,9.13,9.04,9.15,9.01
2017-07-31,9.04,9.09,9.11,9.0
2017-08-01,9.15,9.28,9.55,9.13
2017-08-02,9.22,9.12,9.28,9.11
2017-08-03,9.12,9.14,9.25,9.12
2017-08-04,9.23,9.16,9.3,9.12
2017-08-07,9.15,9.13,9.19,9.07
2017-08-08,9.15,9.11,9.15,9.05
2017-08-09,9.13,9.16,9.23,9.07
2017-08-10,9.11,9.1,9.21,9.05
2017-08-11,9.06,8.9,9.08,8.89
2017-08-14,8.92,9.05,9.06,8.91
2017-08-15,9.05,9.04,9.07,9.0
2017-08-16,9.05,9.15,9.15,9.01
2017-08-17,9.15,9.19,9.21,9.15
2017-08-18,9.19,10.11,10.11,9.16
2017-08-21,10.38,10.5,10.73,10.28
2017-08-22,10.34,10.24,10.42,10.12
2017-08-23,10.15,10.04,10.3,10.02
2017-08-24,10.03,10.18,10.48,9.88
2017-08-25,10.06,10.13,10.18,9.92
2017-08-28,10.18,10.16,10.26,10.06
2017-08-29,10.2,10.33,10.36,10.14
2017-09-01,10.6,10.27,10.7,10.18
2017-09-04,10.06,10.11,10.33,9.91
2017-09-05,10.05,10.02,10.08,9.96
2017-09-06,10.02,9.95,10.15,9.91
2017-09-07,9.96,9.95,10.09,9.92
2017-09-08,9.97,9.95,10.05,9.89
2017-09-11,9.95,9.95,10.0,9.9
2017-09-12,9.95,9.91,10.02,9.89
2017-09-13,9.89,9.92,9.95,9.89
2017-09-14,9.89,9.96,10.0,9.89
2017-09-15,10.01,9.82,10.04,9.8
2017-09-18,9.81,9.87,9.93,9.81
2017-09-19,9.86,9.92,10.0,9.86
2017-09-20,9.92,9.75,9.92,9.6
2017-09-21,9.72,9.71,9.89,9.65
2017-09-22,9.66,9.63,9.74,9.6
2017-09-25,9.66,9.4,9.7,9.38
2017-09-26,9.45,9.41,9.46,9.32
2017-09-27,9.41,9.41,9.56,9.4
2017-09-28,9.45,9.37,9.51,9.33
2017-09-29,9.37,9.36,9.43,9.3
2017-10-09,9.45,9.44,9.52,9.4
2017-10-10,9.44,9.59,9.59,9.43
2017-10-11,9.59,9.57,9.62,9.53
2017-10-12,9.55,9.55,9.63,9.48
2017-10-13,9.52,9.5,9.56,9.45
2017-10-16,9.49,9.29,9.5,9.19
2017-10-17,9.27,9.29,9.33,9.22
2017-10-18,9.28,9.2,9.33,9.12
2017-10-19,9.19,9.08,9.23,9.03
2017-10-20,9.2,9.99,9.99,9.2
2017-10-23,9.83,9.63,9.97,9.39
2017-10-24,9.58,9.37,9.6,9.26
2017-10-25,9.36,9.58,9.71,9.27
2017-10-26,9.52,9.72,9.95,9.48
2017-10-27,9.73,9.61,9.78,9.56
2017-10-30,9.51,9.2,9.58,9.12
2017-10-31,9.2,10.12,10.12,9.18
2017-11-01,10.1,9.92,10.1,9.82
2017-11-02,9.89,10.14,10.41,9.76
2017-11-03,10.07,10.14,10.16,9.93
2017-11-06,10.14,10.02,10.22,9.88
2017-11-07,10.15,10.08,10.26,9.88
2017-11-08,9.95,10.22,10.35,9.91
2017-11-09,10.14,10.06,10.18,9.99
2017-11-10,10.0,9.88,10.06,9.76
2017-11-13,10.09,9.9,10.2,9.82
2017-11-14,9.78,10.04,10.18,9.61
2017-11-15,9.9,9.82,9.96,9.7
2017-11-16,9.78,9.59,9.91,9.58
2017-11-17,9.56,9.13,9.62,9.02
2017-11-20,9.13,8.96,9.13,8.69
2017-11-21,8.94,8.86,9.04,8.8
2017-11-22,8.8,8.84,8.95,8.8
2017-11-23,8.88,8.42,8.88,8.39
2017-11-24,8.42,8.41,8.49,8.27
2017-11-27,8.43,8.41,8.51,8.27
2017-11-28,8.36,8.44,8.45,8.35
2017-11-29,8.45,8.43,8.46,8.28
2017-11-30,8.39,8.4,8.56,8.37
2017-12-01,8.4,8.48,8.48,8.38
2017-12-04,8.45,8.41,8.51,8.38
2017-12-05,8.38,7.81,8.41,7.65
2017-12-06,7.81,7.93,7.95,7.69
2017-12-07,7.9,7.84,7.98,7.83
2017-12-08,7.88,7.92,7.99,7.85
2017-12-11,7.92,7.98,7.98,7.86
2017-12-12,7.97,7.77,8.02,7.77
2017-12-13,7.83,8.08,8.34,7.81
2017-12-14,8.01,7.97,8.07,7.93
2017-12-15,7.97,7.88,7.97,7.84
2017-12-18,7.88,7.92,7.99,7.81
2017-12-19,7.95,7.97,8.06,7.92
2017-12-20,7.99,7.81,8.02,7.79
2017-12-21,7.86,7.79,7.86,7.73
2017-12-22,7.76,7.75,7.83,7.7
2017-12-25,7.72,7.49,7.82,7.48
2017-12-26,7.55,7.65,7.75,7.55
2017-12-27,7.63,7.56,7.7,7.5
2017-12-28,7.54,7.57,7.76,7.52
2017-12-29,7.59,7.68,7.69,7.58
2018-01-02,7.7,7.74,7.77,7.63
2018-01-03,7.78,7.88,7.89,7.72
2018-01-04,7.87,8.12,8.15,7.79
2018-01-05,7.97,7.92,8.07,7.9
2018-01-08,7.92,7.95,7.97,7.83
2018-01-09,7.9,7.9,7.95,7.86
2018-01-10,7.92,7.82,7.95,7.8
2018-01-11,7.82,7.81,7.84,7.7
2018-01-12,7.78,7.74,7.88,7.73
2018-01-15,7.77,7.56,7.79,7.56
2018-01-16,7.57,7.82,7.87,7.53
2018-01-17,7.82,8.03,8.15,7.76
2018-01-18,7.97,7.9,7.97,7.87
2018-01-19,7.94,7.85,7.97,7.82
2018-01-22,7.85,7.83,7.87,7.72
2018-01-23,7.8,7.85,7.9,7.78
2018-01-24,7.85,7.84,7.86,7.78
2018-01-25,7.84,7.87,7.92,7.8
2018-01-26,7.86,7.87,7.92,7.83
2018-01-29,7.86,7.7,7.86,7.63
2018-01-30,7.66,7.69,7.76,7.64
2018-01-31,7.68,7.54,7.69,7.52
2018-02-01,7.53,6.86,7.6,6.79
2018-02-02,6.9,6.73,6.9,6.56
2018-02-05,6.67,6.63,6.7,6.51
2018-02-06,6.48,5.97,6.5,5.97
2018-02-07,6.08,5.97,6.15,5.8
2018-02-08,5.95,6.08,6.11,5.95
2018-02-09,5.91,5.8,5.97,5.75
2018-02-12,5.81,5.94,5.97,5.81
2018-02-13,6.0,5.96,6.08,5.95
2018-02-14,5.96,6.01,6.07,5.94
2018-02-22,6.03,6.15,6.23,6.03
2018-02-23,6.16,6.24,6.32,6.16
2018-02-26,6.27,6.35,6.4,6.21
2018-02-27,6.35,6.36,6.56,6.3
2018-02-28,6.29,6.3,6.34,6.24
2018-03-01,6.28,6.42,6.46,6.26
2018-03-02,6.41,6.45,6.55,6.35
2018-03-05,6.45,6.46,6.5,6.39
2018-03-06,6.44,6.59,6.61,6.39
2018-03-07,6.55,6.68,6.86,6.51
2018-03-08,6.58,6.6,6.64,6.53
2018-03-09,6.65,6.65,6.7,6.59
2018-03-12,6.66,6.72,6.73,6.65
2018-03-13,6.72,6.91,7.0,6.69
2018-03-14,6.8,6.72,6.87,6.71
2018-03-15,6.7,6.85,7.09,6.59
2018-03-16,6.77,6.92,6.98,6.72
2018-03-19,6.91,6.85,6.94,6.78
2018-03-20,6.79,6.81,6.87,6.71
2018-03-21,6.85,7.03,7.17,6.81
2018-03-22,7.03,7.34,7.55,6.94
2018-03-23,7.08,6.65,7.24,6.61
2018-03-26,6.35,6.46,6.49,6.03
2018-03-27,6.53,6.67,6.69,6.51
2018-03-28,6.55,6.43,6.61,6.4
2018-03-29,6.45,6.56,6.64,6.45
2018-03-30,6.55,6.59,6.63,6.51
2018-04-02,6.56,6.57,6.64,6.54
2018-04-03,6.5,6.38,6.51,6.3
2018-04-04,6.38,6.31,6.48,6.3
2018-04-09,6.23,6.28,6.34,6.22
2018-04-10,6.28,6.73,6.91,6.26
2018-04-11,6.63,6.78,6.96,6.63
2018-04-12,6.73,6.63,6.79,6.58
2018-04-13,6.7,6.63,6.74,6.59
2018-04-16,6.6,6.54,6.75,6.44
2018-04-17,6.53,6.29,6.58,6.26
2018-04-18,6.35,6.37,6.4,6.2
2018-04-19,6.37,6.36,6.41,6.32
2018-04-20,6.36,6.13,6.4,6.1
2018-04-23,6.09,6.04,6.15,5.98
2018-04-24,6.04,6.19,6.21,6.04
2018-04-25,6.15,6.24,6.29,6.15
2018-04-26,6.23,6.07,6.23,6.06
2018-04-27,6.09,6.06,6.17,6.01
2018-05-02,6.07,6.12,6.15,6.04
2018-05-03,6.12,6.19,6.19,6.07
2018-05-04,6.18,6.36,6.42,6.12
2018-05-07,6.3,6.39,6.39,6.2
2018-05-08,6.39,6.41,6.51,6.35
2018-05-09,6.42,6.39,6.46,6.37
2018-05-10,6.39,6.45,6.47,6.32
2018-05-11,6.43,6.31,6.43,6.28
2018-05-14,6.28,6.26,6.34,6.23
2018-05-15,6.26,6.37,6.38,6.26
2018-05-16,6.39,6.33,6.39,6.3
2018-05-17,6.33,6.3,6.38,6.29
2018-05-18,6.31,6.33,6.35,6.25
2018-05-21,6.43,6.48,6.55,6.4
2018-05-22,6.49,6.56,6.58,6.43
2018-05-23,6.58,6.51,6.74,6.48
2018-05-24,6.5,6.49,6.58,6.46
2018-05-25,6.49,6.54,6.67,6.36
