date,open,close,high,low
2016-01-04,27.25,27.25,27.25,27.25
2016-01-05,29.98,29.98,29.98,29.98
2016-01-06,32.98,32.98,32.98,31.0
2016-01-07,36.0,32.82,36.28,31.88
2016-01-08,35.88,36.1,36.1,32.0
2016-01-11,35.7,37.68,39.71,32.49
2016-01-12,35.5,37.82,39.0,35.2
2016-01-13,36.12,34.04,37.1,34.04
2016-01-14,31.75,33.13,34.1,30.64
2016-01-15,32.0,32.17,34.25,31.1
2016-01-18,30.97,31.44,32.6,30.0
2016-01-19,31.44,33.04,33.22,30.92
2016-01-20,32.57,31.08,33.04,31.0
2016-01-21,30.5,28.22,31.0,27.97
2016-01-22,28.52,28.54,29.24,26.28
2016-01-25,28.7,28.94,29.91,28.0
2016-01-26,29.0,26.05,29.0,26.05
2016-01-27,25.81,24.74,25.81,23.45
2016-01-28,24.0,25.33,25.6,23.24
2016-01-29,24.7,27.41,27.6,24.02
2016-02-01,26.3,28.06,28.1,26.05
2016-02-02,27.51,28.21,28.49,27.34
2016-02-03,27.5,28.18,28.28,26.81
2016-02-04,28.3,28.18,28.5,27.51
2016-02-05,28.0,27.57,28.11,27.41
2016-02-15,25.25,26.69,26.9,25.25
2016-02-16,26.35,27.0,27.32,26.35
2016-02-17,26.98,27.5,27.98,26.4
2016-02-18,27.65,29.01,29.44,27.21
2016-02-19,28.6,28.23,28.89,27.9
2016-02-22,28.35,29.29,29.4,27.91
2016-02-23,28.9,28.5,29.24,28.18
2016-02-24,28.5,27.65,28.57,26.79
2016-02-25,27.34,24.89,27.67,24.89
2016-02-26,24.57,23.25,24.78,23.15
2016-02-29,23.03,23.05,23.4,21.03
2016-03-01,23.04,23.23,23.6,22.48
2016-03-02,23.11,24.06,24.35,22.85
2016-03-03,24.05,23.66,24.45,23.54
2016-03-04,23.5,22.57,23.78,21.7
2016-03-07,22.61,24.24,24.4,22.61
2016-03-08,23.8,24.09,25.0,22.68
2016-03-09,23.3,23.32,23.71,23.02
2016-03-10,23.2,22.65,23.46,22.6
2016-03-11,22.02,22.6,22.99,22.0
2016-03-14,22.8,23.34,23.9,22.58
2016-03-15,23.01,22.98,23.47,22.7
2016-03-16,23.7,23.65,24.19,23.0
2016-03-17,23.95,24.33,24.74,23.46
2016-03-18,24.33,24.92,25.33,24.03
2016-03-21,25.2,25.38,25.99,25.0
2016-03-22,25.38,27.2,27.88,24.91
2016-04-07,27.08,29.92,29.92,26.88
2016-04-08,29.1,32.91,32.91,29.08
2016-04-11,34.5,32.28,34.5,31.74
2016-04-12,32.2,31.45,32.27,30.84
2016-04-13,31.0,31.27,31.88,30.95
2016-04-14,31.36,31.32,31.54,30.36
2016-04-15,31.27,31.34,31.8,30.7
2016-04-18,31.35,31.35,32.78,31.02
2016-04-19,31.5,32.43,32.49,31.18
2016-04-20,32.49,30.49,32.74,29.58
2016-04-21,30.0,30.5,30.79,30.0
2016-04-22,30.24,31.18,31.46,30.01
2016-04-25,30.66,31.1,31.35,30.21
2016-04-26,31.09,32.19,32.4,30.51
2016-04-27,32.32,31.76,32.32,31.4
2016-04-28,31.97,31.73,31.97,30.4
2016-04-29,31.55,31.96,32.19,31.26
2016-05-03,31.95,32.25,32.48,31.5
2016-05-04,32.12,32.79,33.18,31.69
2016-05-05,32.63,32.03,32.79,31.18
2016-05-06,31.78,29.86,31.78,29.43
2016-05-09,29.0,26.87,29.0,26.87
2016-05-10,25.86,26.83,27.5,25.8
2016-05-11,28.54,29.51,29.51,28.4
2016-05-12,28.7,28.66,29.1,26.66
2016-05-13,28.88,31.53,31.53,28.88
2016-05-16,31.83,33.98,34.68,31.53
2016-05-17,34.0,35.26,35.7,33.51
2016-05-18,34.8,33.18,35.0,32.8
2016-05-19,33.99,36.36,36.5,33.6
2016-05-20,36.0,35.18,36.0,34.3
2016-05-23,33.99,35.24,36.89,33.52
2016-05-24,35.0,33.84,35.1,33.7
2016-05-25,33.86,33.29,34.68,32.97
2016-05-26,33.5,35.05,35.6,32.04
2016-05-27,34.9,33.83,34.98,33.54
2016-05-30,34.5,33.63,34.79,33.5
2016-05-31,33.8,34.78,35.0,33.56
2016-06-01,34.72,34.46,34.78,33.85
2016-06-02,34.0,34.17,34.29,33.81
2016-06-03,34.5,35.81,36.5,34.22
2016-06-06,35.28,35.97,37.8,35.28
2016-06-07,35.37,34.92,35.95,34.61
2016-06-08,34.8,34.45,34.99,33.96
2016-06-13,34.0,31.82,34.2,31.74
2016-06-14,31.12,32.79,32.83,30.01
2016-06-15,32.02,33.31,33.6,32.02
2016-06-16,32.79,32.87,33.47,32.4
2016-06-17,33.26,32.58,33.3,32.4
2016-06-20,31.99,31.02,31.99,29.35
2016-06-21,30.96,30.19,31.51,30.15
2016-06-22,30.0,30.7,30.75,29.3
2016-06-23,30.45,30.87,31.79,30.3
2016-06-24,30.87,30.49,31.56,29.77
2016-06-27,30.05,30.71,30.96,29.7
2016-06-28,30.4,31.06,31.1,30.32
2016-06-29,31.15,30.71,31.58,30.56
2016-06-30,30.9,30.73,31.0,30.03
2016-07-01,30.73,30.45,31.0,30.2
2016-07-04,30.0,30.63,30.79,29.9
2016-07-05,30.63,30.56,30.94,29.95
2016-07-06,30.42,33.62,33.62,30.0
2016-07-07,34.49,34.8,35.83,33.04
2016-07-08,34.8,33.4,34.8,33.2
2016-07-11,33.0,32.99,33.8,32.6
2016-07-12,32.69,33.07,33.18,32.33
2016-07-13,33.32,32.7,33.4,32.55
2016-07-14,32.59,32.66,32.9,32.33
2016-07-15,32.65,32.7,32.81,32.4
2016-07-18,32.7,32.86,33.1,32.49
2016-07-19,32.86,32.25,32.96,32.09
2016-07-20,32.26,32.32,32.67,31.84
2016-07-21,32.38,32.34,32.58,32.09
2016-07-22,32.5,31.68,32.5,31.6
2016-07-25,31.48,30.84,31.48,30.6
2016-07-26,31.1,32.09,32.17,30.84
2016-07-27,32.09,29.85,32.25,29.5
2016-07-28,29.71,29.94,30.17,29.62
2016-07-29,30.0,29.28,30.08,29.2
2016-08-01,29.29,28.2,29.5,27.8
2016-08-02,28.43,28.9,29.22,27.92
2016-08-03,28.91,29.18,29.51,28.56
2016-08-04,29.04,28.89,29.35,28.76
2016-08-05,28.98,29.47,29.5,28.4
2016-08-08,29.3,29.97,31.4,29.11
2016-08-09,29.5,30.09,30.5,29.5
2016-08-10,30.09,29.87,30.24,29.67
2016-08-11,29.61,29.6,30.3,29.5
2016-08-12,29.75,30.0,30.2,29.5
2016-11-16,33.0,32.03,33.0,31.42
2016-11-17,32.01,33.57,34.49,31.88
2016-11-18,32.84,33.57,34.35,32.31
2016-11-21,32.88,36.93,36.93,32.88
2016-11-22,36.8,36.81,38.7,36.41
2016-11-23,36.81,37.12,37.5,35.78
2016-11-24,37.0,36.56,37.0,35.2
2016-11-25,36.0,35.96,36.19,35.2
2016-11-28,35.62,35.76,35.85,34.73
2016-11-29,35.39,34.96,35.82,33.79
2016-11-30,34.48,35.0,35.15,33.55
2016-12-01,34.47,34.0,34.89,33.74
2016-12-02,33.78,32.06,33.78,31.9
2016-12-05,30.72,30.5,32.45,30.23
2016-12-06,30.48,31.6,32.1,30.47
2016-12-07,34.76,34.76,34.76,34.76
2016-12-08,36.01,36.71,37.37,35.96
2016-12-09,36.0,34.36,36.19,33.32
2016-12-12,33.0,31.19,34.12,30.92
2016-12-13,30.18,32.96,33.58,30.05
2016-12-14,32.16,32.87,33.62,31.3
2016-12-15,32.52,33.31,33.39,31.85
2016-12-16,33.1,32.78,33.65,32.52
2016-12-19,32.24,31.1,32.55,31.02
2016-12-20,30.7,30.95,31.39,30.61
2016-12-21,31.03,31.01,31.25,30.77
2016-12-22,31.01,31.36,31.94,30.9
2016-12-23,31.45,31.1,31.57,30.6
2016-12-26,30.9,31.47,31.66,29.33
2016-12-27,31.0,31.15,31.6,30.98
2016-12-28,31.03,30.55,31.34,30.19
2016-12-29,30.4,30.7,33.61,30.2
2016-12-30,30.86,30.81,30.86,30.34
2017-01-03,30.68,30.98,31.4,30.5
2017-01-04,30.82,31.18,31.37,30.82
2017-01-05,31.16,30.71,31.16,30.7
2017-01-06,30.73,30.52,30.79,30.22
2017-01-09,30.19,30.14,30.68,30.05
2017-01-10,30.31,30.42,30.59,29.91
2017-01-11,30.29,29.67,30.41,29.66
2017-01-12,29.22,28.15,29.39,27.66
2017-01-13,27.9,26.63,28.35,26.53
2017-01-16,26.78,26.73,27.19,24.06
2017-01-17,26.62,26.3,26.7,25.62
2017-01-18,25.94,25.71,26.14,25.52
2017-01-19,25.88,25.97,26.47,25.11
2017-01-20,26.01,27.0,27.6,25.8
2017-01-23,26.85,27.19,27.51,26.44
2017-01-24,27.17,27.37,27.98,27.04
2017-01-25,27.08,27.65,28.0,27.08
2017-01-26,27.68,27.95,28.12,27.68
2017-02-03,28.16,28.0,28.2,27.5
2017-02-06,27.7,27.82,28.09,27.5
2017-02-07,27.83,27.98,28.3,27.8
2017-02-08,30.0,30.78,30.78,29.38
2017-02-09,30.6,30.8,31.8,29.81
2017-02-10,30.11,29.51,30.45,29.47
2017-02-13,29.01,29.4,29.66,29.01
2017-02-14,29.15,29.46,29.55,29.1
2017-02-15,29.47,29.28,29.65,29.21
2017-02-16,29.39,29.37,29.44,29.01
2017-02-17,29.29,29.91,30.05,29.11
2017-02-20,29.98,29.65,30.18,29.45
2017-02-21,29.5,29.99,30.03,29.33
2017-02-22,29.92,29.93,30.12,29.61
2017-02-23,29.93,30.09,30.1,29.65
2017-02-24,30.15,30.63,31.37,30.1
2017-02-27,30.5,29.87,30.99,29.85
2017-02-28,29.6,29.93,30.17,29.6
2017-03-01,30.1,30.73,31.24,29.75
2017-03-02,30.9,30.58,30.9,30.34
2017-03-03,30.35,30.92,31.27,30.28
2017-03-06,30.86,31.4,31.46,30.86
2017-03-07,31.45,31.5,31.72,31.17
2017-03-08,32.5,32.43,34.59,31.99
2017-03-09,33.5,32.58,33.5,32.05
2017-03-10,31.5,31.62,32.5,31.0
2017-03-13,31.86,31.11,31.86,30.88
2017-03-14,32.0,32.12,32.49,31.3
2017-03-15,32.12,31.8,32.3,31.7
2017-03-16,32.08,31.51,32.08,31.35
2017-03-17,31.66,31.6,31.97,31.18
2017-03-20,31.4,31.34,31.66,31.14
2017-03-21,31.86,31.24,31.97,31.2
2017-03-22,31.2,31.36,31.43,30.68
2017-03-23,31.24,32.97,33.11,31.24
2017-03-24,33.02,32.89,33.37,32.52
2017-08-14,29.6,29.6,29.6,29.6
2017-08-15,28.2,27.89,28.88,27.18
2017-08-16,27.25,27.23,27.91,27.2
2017-08-17,26.5,27.18,27.49,26.5
2017-08-18,26.98,26.89,27.07,26.62
2017-08-21,26.89,27.02,27.08,26.8
2017-08-22,26.75,26.87,27.0,26.75
2017-08-23,26.99,26.45,26.99,26.41
2017-08-24,26.54,26.25,26.59,26.24
2017-08-25,26.18,26.29,26.5,26.07
2017-08-28,26.28,26.46,26.48,26.1
2017-08-29,26.26,27.24,27.4,26.2
2017-08-30,27.0,27.09,27.65,26.95
2017-08-31,27.1,26.54,27.11,26.3
2017-09-01,26.39,26.17,26.68,26.08
2017-09-04,26.03,26.17,26.24,26.02
2017-09-05,26.0,25.92,26.23,25.88
2017-09-06,25.9,25.5,25.94,25.35
2017-09-07,25.44,25.24,25.44,25.17
2017-09-08,25.29,25.48,25.65,25.25
2017-09-11,25.56,26.16,26.17,25.5
2017-09-12,26.25,25.92,26.4,25.8
2017-09-13,25.91,25.97,26.1,25.5
2017-09-14,26.07,26.84,27.25,26.07
2017-09-15,26.59,26.63,26.78,26.32
2017-09-18,26.63,26.98,27.25,26.45
2017-09-19,26.99,26.72,27.19,26.63
2017-09-20,26.72,26.4,26.73,26.26
2017-09-21,26.38,26.33,26.47,26.26
2017-09-22,26.48,25.74,26.5,25.67
2017-09-25,26.05,26.1,26.29,25.74
2017-09-26,26.11,27.18,27.8,26.11
2017-09-27,26.96,27.35,27.52,26.82
2017-09-28,27.21,28.07,28.14,27.21
2017-09-29,27.99,28.37,28.45,27.99
2017-10-09,28.49,29.15,29.16,28.49
2017-10-10,28.71,29.03,29.55,28.71
2017-10-11,29.03,29.28,29.33,28.88
2017-10-12,29.3,28.25,29.3,28.08
2017-10-13,28.39,29.19,29.31,28.39
2017-10-16,28.89,28.76,29.19,28.68
2017-10-17,28.51,28.27,28.9,28.02
2017-10-18,28.27,28.21,28.56,28.05
2017-10-19,27.9,28.16,29.27,27.9
2017-10-20,28.23,28.15,28.49,27.93
2017-10-23,28.5,27.31,28.5,27.29
2017-10-24,27.65,27.39,27.65,27.16
2017-10-25,27.39,27.0,27.39,26.7
2017-10-26,27.14,27.19,27.5,26.8
2017-10-27,27.2,27.24,27.31,27.03
2017-10-30,27.09,26.42,27.15,26.01
2017-10-31,26.34,26.59,26.85,26.34
2017-11-01,26.5,26.68,26.94,26.5
2017-11-02,26.85,26.22,26.88,26.2
2017-11-03,26.58,26.57,26.8,25.5
2017-11-06,26.67,27.44,28.9,26.44
2017-11-07,27.45,27.04,27.45,26.86
2017-11-08,26.81,26.88,27.34,26.8
2017-11-09,26.88,27.0,27.68,26.88
2017-11-10,26.8,26.44,26.81,26.02
2017-11-13,26.44,26.06,26.44,25.95
2017-11-14,26.23,25.22,26.23,25.1
2017-11-15,25.11,24.85,25.29,23.5
2017-11-16,24.49,24.63,24.88,24.2
2017-11-17,24.0,22.97,24.5,22.8
2017-11-20,23.1,23.24,23.6,22.28
2017-11-21,22.96,23.22,23.33,22.8
2017-11-22,23.25,22.98,23.25,22.74
2017-11-23,23.0,22.86,23.0,22.29
2017-11-24,22.94,23.1,23.18,22.74
2017-11-27,23.23,23.06,23.39,22.84
2017-11-28,23.2,23.05,23.2,22.61
2017-11-29,23.18,23.06,23.18,22.84
2017-11-30,23.18,23.9,24.07,22.89
2017-12-01,23.9,23.91,24.0,23.65
2017-12-04,24.0,23.64,24.71,23.6
2017-12-05,23.0,23.4,23.6,23.0
2017-12-06,23.41,23.42,23.56,23.13
2017-12-07,23.23,23.24,23.6,23.2
2017-12-08,23.3,23.33,23.65,23.02
2017-12-11,23.49,23.36,23.67,23.0
2017-12-12,23.33,23.39,23.6,23.23
2017-12-13,24.38,23.66,24.39,23.39
2017-12-14,23.39,23.31,23.64,23.3
2017-12-15,23.24,23.32,23.33,22.78
2017-12-18,23.28,23.02,23.31,22.22
2017-12-19,23.25,23.4,23.59,23.0
2017-12-20,24.3,23.69,24.3,23.17
2017-12-21,23.41,23.71,24.15,23.38
2017-12-22,23.72,24.19,24.24,23.55
2017-12-25,24.19,25.27,25.5,24.1
2018-01-03,24.03,24.15,24.8,23.12
2018-01-04,24.0,23.96,24.15,23.65
2018-01-05,24.5,23.9,24.5,23.62
2018-01-08,23.95,23.85,24.11,23.66
2018-01-09,23.85,23.73,23.98,23.68
2018-01-10,23.66,23.47,23.73,23.0
2018-01-11,24.2,23.44,24.2,23.12
2018-01-12,23.95,23.71,23.95,23.17
2018-01-15,23.71,23.3,23.71,23.02
2018-01-16,23.35,23.07,23.5,23.0
2018-01-17,23.27,23.05,23.27,22.39
2018-01-18,23.01,22.83,23.07,22.51
2018-01-19,22.62,23.05,23.18,22.62
2018-01-22,23.04,23.44,24.3,22.98
2018-01-23,23.34,22.99,23.43,22.9
2018-01-24,23.29,22.98,23.29,22.78
2018-01-25,23.2,23.06,23.2,22.82
2018-01-26,23.28,23.3,23.4,22.9
2018-01-29,23.24,23.05,23.24,21.03
2018-01-30,22.9,22.89,23.0,22.15
2018-01-31,23.14,22.7,23.14,22.15
2018-02-01,22.5,21.82,22.87,20.43
2018-02-02,21.02,21.82,21.86,19.7
2018-02-05,21.0,21.69,21.84,20.52
2018-02-06,21.05,21.81,21.9,20.88
2018-02-07,21.73,21.75,22.01,21.35
2018-02-08,21.71,22.13,22.28,20.79
2018-02-09,21.79,21.58,21.79,21.18
2018-02-12,21.58,23.58,23.74,20.5
2018-02-13,23.47,23.21,23.6,22.56
2018-02-14,23.0,23.0,23.21,22.61
2018-02-22,23.2,23.08,23.2,22.77
2018-02-23,23.02,22.76,23.1,22.65
2018-02-26,22.76,22.86,23.0,22.66
2018-02-27,22.95,22.67,22.95,22.59
2018-02-28,22.67,22.03,22.67,22.0
2018-03-01,21.9,22.17,22.21,21.78
2018-03-02,22.17,22.28,22.48,22.02
2018-03-05,22.3,22.14,22.5,22.01
2018-03-06,22.14,22.04,22.19,21.8
2018-03-07,21.9,21.82,22.2,21.79
2018-03-08,21.93,21.73,21.94,21.53
2018-03-09,21.74,21.53,21.78,21.19
2018-03-12,21.47,21.81,21.84,21.35
2018-03-13,21.85,21.69,21.85,21.5
2018-03-14,21.51,21.25,21.52,21.25
2018-03-15,21.21,20.77,21.35,20.65
2018-03-16,20.77,20.31,21.13,20.2
2018-03-19,20.4,20.27,20.42,20.17
2018-03-20,20.28,20.47,20.77,19.86
2018-03-21,20.48,20.19,20.7,20.1
2018-03-22,20.11,19.76,20.16,19.75
2018-03-23,19.0,18.53,19.43,18.5
2018-03-26,18.53,18.56,18.68,16.8
2018-03-27,18.4,18.81,18.96,18.15
2018-03-28,18.47,18.7,18.85,18.47
2018-03-29,18.7,18.82,19.26,18.68
2018-03-30,18.81,18.88,18.99,18.61
2018-04-02,18.96,18.71,19.17,18.7
2018-04-03,18.43,19.67,20.58,18.17
2018-04-04,19.41,19.46,19.91,19.1
2018-04-09,19.33,19.07,19.44,18.98
2018-04-10,19.1,18.65,19.29,18.02
2018-04-11,18.64,18.71,18.95,18.46
2018-04-12,18.67,18.34,18.84,18.3
2018-04-13,18.35,18.15,18.49,18.11
2018-04-16,18.15,18.28,18.3,17.79
2018-04-17,18.3,18.2,18.4,17.92
2018-04-18,18.0,18.18,18.21,17.68
2018-04-19,18.0,17.97,18.15,17.85
2018-04-20,17.94,17.94,17.98,17.6
2018-04-23,17.65,17.94,17.95,17.61
2018-04-24,17.87,17.88,17.94,17.65
2018-04-25,17.81,17.89,17.91,17.65
2018-04-26,16.11,18.41,19.13,16.11
2018-04-27,17.5,17.76,18.0,17.26
2018-05-02,17.87,18.15,18.51,17.59
2018-05-03,18.02,18.25,18.42,18.02
2018-05-04,18.2,18.57,18.59,18.1
2018-05-07,18.58,19.4,19.97,18.58
2018-05-08,19.43,19.33,19.64,19.12
2018-05-09,19.37,19.12,19.49,18.75
2018-05-10,19.03,19.26,19.3,18.86
2018-05-11,19.26,18.94,19.29,18.89
2018-05-14,18.62,18.48,18.9,18.46
2018-05-15,18.45,18.78,18.8,18.43
2018-05-16,18.8,19.16,19.18,18.69
2018-05-17,19.12,19.26,19.28,18.62
2018-05-18,19.37,19.16,19.39,19.06
2018-05-21,19.15,19.03,19.31,18.91
2018-05-22,19.03,19.01,19.16,18.86
2018-05-23,18.98,18.62,19.08,18.6
2018-05-24,18.44,19.01,19.04,18.43
2018-05-25,19.28,18.83,19.28,18.76
