date,open,close,high,low
2016-01-04,29.475,28.459,31.399,27.203
2016-01-05,26.983,31.2,31.23,26.983
2016-01-06,31.22,31.947,32.127,30.213
2016-01-07,31.1,28.758,31.1,28.758
2016-01-08,29.685,26.575,29.904,25.887
2016-01-11,24.442,23.913,24.98,23.913
2016-01-12,23.046,21.521,23.684,21.521
2016-01-13,22.926,20.375,23.525,19.787
2016-01-14,18.74,20.933,21.132,18.65
2016-01-15,20.434,19.667,21.411,19.109
2016-01-18,18.74,19.687,20.345,18.521
2016-01-19,19.886,21.371,21.621,19.816
2016-01-20,20.943,20.704,21.421,20.434
2016-01-21,20.076,18.909,20.634,18.86
2016-01-22,19.288,19.099,19.428,17.942
2016-01-25,19.547,19.836,20.415,19.418
2016-01-26,19.408,17.883,19.567,17.853
2016-01-27,17.982,18.351,18.61,16.358
2016-01-28,17.942,17.972,19.218,17.803
2016-01-29,17.982,18.69,19.039,17.743
2016-02-01,18.521,18.869,19.198,18.172
2016-02-02,18.79,19.717,19.787,18.74
2016-02-03,19.448,19.537,19.707,18.969
2016-02-04,20.454,19.737,20.913,19.687
2016-02-05,19.707,20.086,20.763,19.537
2016-02-15,18.989,19.747,20.145,18.989
2016-02-16,19.916,20.454,20.474,19.846
2016-02-17,20.285,20.913,21.112,20.285
2016-02-18,21.192,20.584,21.212,20.325
2016-02-19,20.385,20.504,20.634,20.086
2016-02-22,20.753,20.783,20.983,20.444
2016-02-23,20.733,20.514,21.292,20.106
2016-02-24,20.355,21.96,22.129,19.637
2016-02-25,21.431,19.767,22.398,19.767
2016-02-26,20.036,19.747,20.514,19.129
2016-02-29,19.507,17.773,19.517,17.773
2016-03-01,17.843,17.633,18.042,16.447
2016-03-02,17.753,18.481,18.69,17.554
2016-03-03,18.541,18.491,19.258,18.451
2016-03-04,18.301,17.235,18.63,16.956
2016-03-07,17.444,17.564,18.042,17.424
2016-03-08,17.474,17.614,17.803,16.457
2016-03-09,17.225,17.434,18.212,16.836
2016-03-10,17.464,17.683,18.112,17.364
2016-03-11,17.314,17.265,17.424,17.005
2016-03-14,17.693,17.873,18.102,17.474
2016-03-15,17.863,18.052,18.401,17.703
2016-03-16,18.291,17.623,18.421,17.444
2016-03-17,17.743,18.142,18.192,17.663
2016-03-18,18.351,19.139,19.149,18.112
2016-03-21,19.617,20.524,21.052,19.398
2016-03-22,20.016,20.644,21.212,19.916
2016-03-23,20.524,20.923,21.102,20.345
2016-03-24,20.614,21.172,21.67,20.544
2016-03-25,21.631,23.285,23.285,21.631
2016-03-28,24.721,22.089,24.751,22.039
2016-03-29,21.641,20.365,21.82,19.956
2016-03-30,20.684,21.052,21.302,20.145
2016-03-31,21.033,20.763,21.222,20.474
2016-04-01,20.684,20.704,21.052,20.434
2016-04-05,20.733,21.042,21.122,20.534
2016-04-06,20.943,21.042,21.511,20.803
2016-04-07,21.132,20.524,21.172,20.056
2016-04-08,20.145,20.265,20.644,20.026
2016-04-11,20.434,20.415,20.813,20.355
2016-04-12,20.255,20.424,20.614,20.026
2016-04-13,20.524,20.624,20.913,20.444
2016-04-14,20.664,20.654,20.813,20.454
2016-04-15,20.674,21.092,21.322,20.235
2016-04-18,20.853,20.345,20.853,20.245
2016-04-19,20.434,20.544,20.833,20.235
2016-04-20,20.544,18.869,20.704,18.65
2016-04-21,18.79,18.8,19.039,18.341
2016-04-22,18.57,18.879,18.939,18.56
2016-04-25,18.939,19.378,19.906,18.281
2016-04-26,19.139,19.318,19.527,19.029
2016-04-27,19.318,19.468,19.637,19.248
2016-04-28,19.757,19.627,20.036,19.368
2016-04-29,19.448,19.238,19.836,19.139
2016-05-03,19.468,19.806,19.936,19.129
2016-05-04,19.886,20.733,21.361,19.886
2016-05-05,20.684,21.242,21.302,20.295
2016-05-06,21.431,20.604,21.611,20.305
2016-05-09,20.235,19.906,20.843,19.737
2016-05-10,19.796,19.019,20.106,18.82
2016-05-11,19.238,18.7,19.328,18.56
2016-05-12,18.152,18.441,18.491,17.604
2016-05-13,18.531,18.441,18.82,18.241
2016-05-16,18.401,18.71,18.84,18.251
2016-05-17,18.76,18.531,18.889,18.391
2016-05-18,18.341,17.663,18.531,17.494
2016-05-19,17.753,17.703,18.391,17.544
2016-05-20,17.394,17.633,17.643,17.105
2016-05-23,17.843,18.162,18.192,17.653
2016-05-24,18.132,17.623,18.132,17.494
2016-05-25,17.783,17.334,17.903,17.245
2016-05-26,17.255,17.364,17.584,16.995
2016-05-27,17.344,17.494,17.873,17.205
2016-05-30,17.434,17.494,17.843,17.205
2016-05-31,17.444,18.291,18.381,17.364
2016-06-01,18.311,18.411,18.74,18.132
2016-06-02,18.411,18.521,18.63,18.261
2016-06-03,18.64,18.521,18.77,18.401
2016-06-06,18.61,18.83,19.368,18.61
2016-06-07,18.72,18.431,18.83,18.291
2016-06-08,18.451,18.83,18.889,18.441
2016-06-13,18.74,17.564,19.388,17.544
2016-06-14,17.564,17.693,17.773,17.065
2016-06-15,17.354,18.132,18.301,17.344
2016-06-16,18.002,17.414,18.042,17.195
2016-06-17,17.245,17.215,17.514,16.956
2016-06-20,17.205,16.537,17.205,16.517
2016-06-21,16.686,16.507,16.936,16.397
2016-06-22,16.437,16.706,16.746,16.328
2016-06-23,16.726,16.527,16.756,16.457
2016-06-24,16.567,16.039,16.706,15.151
2016-06-27,15.749,16.168,16.238,15.65
2016-06-28,16.049,16.358,16.497,15.889
2016-06-29,16.377,16.547,16.746,16.248
2016-06-30,16.567,16.358,16.627,16.298
2016-07-01,16.417,16.238,16.467,16.228
2016-07-04,16.168,16.417,16.517,15.989
2016-07-05,16.447,16.497,16.637,16.358
2016-07-06,16.477,16.397,16.517,16.348
2016-07-07,16.427,16.248,16.467,16.148
2016-07-08,16.228,16.068,16.248,16.009
2016-07-11,16.049,16.049,16.198,16.009
2016-07-12,16.039,16.158,16.188,15.849
2016-07-13,16.188,16.846,16.926,16.148
2016-07-14,16.846,16.776,17.075,16.637
2016-07-15,16.876,17.105,17.275,16.876
2016-07-18,17.075,16.836,17.075,16.657
2016-07-19,16.836,16.786,16.836,16.507
2016-07-20,16.806,16.846,17.115,16.746
2016-07-21,16.856,18.162,18.531,16.856
2016-07-22,18.002,18.57,19.119,18.002
2016-07-25,18.7,18.481,18.72,18.062
2016-07-26,18.43,18.23,18.43,17.85
2016-07-27,18.21,19.35,19.86,17.66
2016-07-28,18.93,18.96,19.39,18.62
2016-07-29,18.76,18.08,18.85,17.67
2016-08-01,17.93,16.85,17.93,16.8
2016-08-02,16.95,17.68,17.93,16.88
2016-08-03,17.6,18.28,18.55,17.41
2016-08-04,18.12,17.98,18.2,17.71
2016-08-05,17.94,18.11,18.78,17.9
2016-08-08,17.93,18.49,18.67,17.82
2016-08-09,18.51,18.65,18.78,18.14
2016-08-10,18.59,18.05,18.59,17.98
2016-08-11,18.01,17.52,18.25,17.5
2016-08-12,17.43,17.63,17.72,17.2
2016-08-15,17.67,17.94,18.1,17.43
2016-08-16,17.98,18.44,18.6,17.85
2016-08-17,18.24,18.34,18.83,18.09
2016-08-18,18.23,18.54,18.76,18.05
2016-08-19,18.56,18.28,18.74,18.11
2016-08-22,18.15,17.73,18.35,17.66
2016-08-23,17.62,17.87,18.14,17.61
2016-08-24,18.05,17.81,18.24,17.67
2016-08-25,17.83,17.45,17.83,17.32
2016-08-26,17.59,17.27,17.61,17.21
2016-08-29,17.3,17.37,17.56,17.2
2016-08-30,17.32,17.18,17.48,17.14
2016-08-31,17.28,17.12,17.28,16.9
2016-09-01,17.03,17.04,17.25,17.02
2016-09-02,17.04,16.78,17.07,16.66
2016-09-05,16.82,16.83,16.93,16.75
2016-09-06,16.83,17.03,17.04,16.5
2016-09-07,17.06,16.92,17.09,16.88
2016-09-08,16.71,16.76,16.85,16.6
2016-09-09,16.68,16.38,16.75,16.36
2016-09-12,16.1,15.54,16.1,15.5
2016-09-13,15.66,15.6,15.76,15.51
2016-09-14,15.57,15.57,15.76,15.42
2016-09-19,15.56,15.76,15.77,15.56
2016-09-20,15.77,15.72,15.77,15.65
2016-09-21,15.75,15.99,16.1,15.71
2016-09-22,16.16,16.0,16.16,15.85
2016-09-23,16.03,15.71,16.09,15.68
2016-09-26,15.71,15.22,15.73,15.2
2016-09-27,15.2,15.48,15.57,15.18
2016-09-28,15.45,15.49,15.56,15.35
2016-09-29,15.63,15.57,15.76,15.44
2016-09-30,15.51,15.68,15.7,15.47
2016-10-10,15.77,15.87,15.95,15.72
2016-10-11,15.9,16.17,16.29,15.77
2016-10-12,16.04,16.03,16.11,15.95
2016-10-13,16.04,15.88,16.1,15.84
2016-10-14,15.83,15.82,15.93,15.6
2016-10-17,15.85,15.76,15.97,15.65
2016-10-18,15.82,15.98,16.01,15.74
2016-10-19,16.0,15.9,16.02,15.83
2016-10-20,15.9,15.93,15.94,15.76
2016-10-21,15.89,15.77,15.9,15.64
2016-10-24,15.7,15.84,15.9,15.69
2016-10-25,15.87,16.58,16.59,15.81
2016-10-26,16.4,16.28,16.48,16.2
2016-10-27,16.25,16.19,16.35,16.14
2016-10-28,16.2,16.12,16.36,16.08
2016-10-31,16.16,15.93,16.17,15.83
2016-11-01,15.9,16.02,16.06,15.85
2016-11-02,15.97,16.2,16.32,15.83
2016-11-03,15.98,16.09,16.19,15.88
2016-11-04,16.09,16.14,16.35,16.01
2016-11-07,16.1,16.19,16.23,16.07
2016-11-08,16.32,16.16,16.34,16.14
2016-11-09,16.15,15.72,16.16,15.58
2016-11-10,15.9,16.0,16.14,15.77
2016-11-11,16.01,16.08,16.24,15.91
2016-11-14,16.09,16.13,16.2,15.96
2016-11-15,16.13,16.3,16.4,16.05
2016-11-16,16.3,17.31,17.48,16.26
2016-11-17,17.0,16.74,17.1,16.65
2016-11-18,16.68,16.78,17.26,16.66
2016-11-21,16.68,16.88,17.13,16.52
2016-11-22,16.9,17.02,17.26,16.8
2016-11-23,17.03,16.66,17.09,16.62
2016-11-24,16.76,17.28,17.48,16.71
2016-11-25,17.01,17.15,17.19,16.6
2016-11-28,17.16,17.24,17.45,16.93
2016-11-29,17.15,16.75,17.2,16.74
2016-11-30,16.74,16.51,16.93,16.43
2016-12-01,16.55,16.47,16.6,16.34
2016-12-02,16.47,15.99,16.54,15.97
2016-12-05,15.78,15.93,16.16,15.77
2016-12-06,15.99,15.85,16.03,15.79
2016-12-07,15.81,15.96,15.97,15.7
2016-12-08,15.9,16.08,16.24,15.87
2016-12-09,16.05,15.95,16.26,15.91
2016-12-12,15.92,15.04,16.1,15.01
2016-12-13,14.92,15.15,15.35,14.7
2016-12-14,15.06,15.46,15.93,15.01
2016-12-15,15.59,15.82,16.19,15.49
2016-12-16,15.86,15.91,16.37,15.86
2016-12-19,15.76,16.39,16.54,15.73
2016-12-20,16.3,16.15,16.32,15.9
2016-12-21,16.1,16.17,16.28,16.0
2016-12-22,16.13,16.38,16.6,16.04
2016-12-23,16.21,15.69,16.3,15.68
2016-12-26,15.47,15.72,15.76,15.38
2016-12-27,15.71,15.84,16.1,15.6
2016-12-28,15.8,15.63,16.05,15.6
2016-12-29,15.5,15.61,15.75,15.5
2016-12-30,15.5,15.44,15.69,15.4
2017-01-03,15.52,15.7,15.8,15.49
2017-01-04,15.7,15.98,15.99,15.6
2017-01-05,15.92,16.19,16.26,15.82
2017-01-06,16.19,16.04,16.33,15.93
2017-01-09,16.0,16.33,16.53,15.85
2017-01-10,16.22,16.34,16.48,16.15
2017-01-11,16.3,15.89,16.43,15.81
2017-01-12,15.84,16.47,16.98,15.83
2017-01-13,16.3,15.53,16.39,15.22
2017-01-16,15.3,14.46,15.39,13.98
2017-01-17,14.46,14.54,14.58,13.92
2017-01-18,14.5,14.61,14.89,14.38
2017-01-19,14.45,14.32,14.68,14.31
2017-01-20,14.3,14.43,14.53,14.26
2017-01-23,14.48,14.58,14.62,14.44
2017-01-24,14.57,14.42,14.61,14.37
2017-01-25,14.42,14.44,14.47,14.33
2017-01-26,14.5,14.48,14.56,14.41
2017-02-03,14.49,14.45,14.5,14.38
2017-02-06,14.5,14.74,14.84,14.5
2017-02-07,14.75,14.84,14.91,14.6
2017-02-08,14.78,14.82,14.85,14.61
2017-02-09,14.81,14.88,14.91,14.73
2017-02-10,14.85,14.72,14.9,14.66
2017-02-13,14.72,14.75,14.8,14.54
2017-02-14,14.75,14.96,15.33,14.63
2017-02-15,15.08,16.46,16.46,15.08
2017-02-16,17.0,16.97,18.0,16.71
2017-02-17,16.71,16.13,16.85,16.11
2017-02-20,15.94,16.16,16.3,15.78
2017-02-21,16.15,16.18,16.39,15.98
2017-02-22,16.1,15.99,16.17,15.82
2017-02-23,16.0,16.11,16.18,15.83
2017-02-24,16.16,16.02,16.26,15.9
2017-02-27,15.99,15.7,15.99,15.65
2017-02-28,15.68,15.81,15.82,15.65
2017-03-01,15.89,15.86,16.1,15.82
2017-03-02,15.9,15.83,16.19,15.8
2017-03-03,15.65,15.47,15.79,15.39
2017-03-06,15.47,15.56,15.58,15.35
2017-03-07,15.58,15.64,15.73,15.47
2017-03-08,15.62,15.54,15.63,15.41
2017-03-09,15.49,15.24,15.5,15.2
2017-03-10,15.05,15.09,15.26,15.05
2017-03-13,15.09,15.22,15.24,14.83
2017-03-14,15.18,15.28,15.46,15.14
2017-03-15,15.21,15.14,15.21,15.06
2017-03-16,15.16,15.36,15.37,15.16
2017-03-17,15.3,15.05,15.38,15.01
2017-03-20,15.0,15.14,15.15,14.95
2017-03-21,15.15,15.17,15.27,15.1
2017-03-22,15.1,14.91,15.13,14.84
2017-03-23,14.9,14.67,14.97,14.42
2017-03-24,14.64,14.82,14.85,14.55
2017-03-27,14.9,15.05,15.29,14.81
2017-03-28,15.04,14.92,15.05,14.87
2017-03-29,14.88,14.83,15.1,14.81
2017-03-30,14.88,14.37,14.97,14.37
2017-03-31,14.41,14.41,14.59,14.33
2017-04-05,14.43,14.76,15.0,14.43
2017-04-06,14.68,14.73,14.9,14.67
2017-04-07,14.73,14.92,15.1,14.68
2017-04-10,14.85,14.66,14.89,14.55
2017-04-11,14.53,14.61,14.64,14.32
2017-04-12,14.54,14.75,14.94,14.35
2017-04-13,14.7,14.68,14.73,14.58
2017-04-14,14.67,14.45,14.68,14.39
2017-04-17,14.46,14.24,14.49,14.2
2017-04-18,14.26,14.12,14.4,14.08
2017-04-19,14.03,13.48,14.03,13.15
2017-04-20,13.5,13.24,13.59,13.21
2017-04-21,13.45,13.27,13.46,13.2
2017-04-24,13.36,12.58,13.36,12.51
2017-04-25,12.61,12.58,12.79,12.56
2017-04-26,12.7,12.35,12.8,12.32
2017-04-27,12.33,12.11,12.33,11.7
2017-04-28,12.07,12.32,12.37,12.0
2017-05-02,12.26,12.22,12.37,12.17
2017-05-03,12.18,12.7,12.95,11.98
2017-05-04,12.51,12.43,12.66,12.38
2017-05-05,12.38,12.47,12.75,12.29
2017-05-08,12.45,12.66,12.83,12.4
2017-05-09,12.55,12.44,12.6,12.2
2017-05-10,12.42,11.94,12.5,11.91
2017-05-11,11.72,11.57,11.93,11.32
2017-05-12,11.5,11.81,12.22,11.24
2017-05-15,11.7,11.59,11.98,11.46
2017-05-16,11.5,11.76,11.78,11.32
2017-05-17,11.74,11.76,11.92,11.69
2017-05-18,11.6,11.57,11.74,11.5
2017-05-19,11.57,11.65,11.88,11.54
2017-05-22,11.56,11.09,11.63,11.06
2017-05-23,11.09,10.41,11.15,10.3
2017-05-24,10.4,10.46,10.48,10.05
2017-05-25,10.42,10.52,10.58,10.15
2017-05-26,10.54,10.42,10.62,10.4
2017-05-31,10.58,10.45,10.63,10.4
2017-06-01,10.45,9.92,10.45,9.91
2017-06-02,9.9,9.95,9.97,9.62
2017-06-05,9.94,10.03,10.08,9.91
2017-06-06,10.03,10.12,10.18,9.96
2017-06-07,10.15,10.39,10.45,10.1
2017-06-08,10.4,10.43,10.57,10.35
2017-06-09,10.35,11.47,11.47,10.34
2017-06-12,11.47,11.48,12.2,11.23
2017-06-13,11.2,11.64,12.0,11.12
2017-06-14,11.46,11.63,11.87,11.45
2017-06-15,11.55,11.94,11.98,11.55
2017-06-16,11.79,11.64,12.1,11.6
2017-06-19,11.54,11.68,11.99,11.45
2017-06-20,11.67,11.69,11.84,11.55
2017-06-21,11.65,12.19,12.5,11.62
2017-06-22,12.12,11.76,12.25,11.74
2017-06-23,11.6,11.58,11.7,11.17
2017-06-26,11.5,11.67,11.69,11.48
2017-06-27,11.68,11.77,11.97,11.63
2017-06-28,11.65,11.57,11.74,11.43
2017-06-29,11.6,11.54,11.61,11.46
2017-06-30,11.52,11.58,11.6,11.46
2017-07-03,11.58,11.91,11.93,11.57
2017-07-04,11.87,11.84,11.87,11.7
2017-07-05,11.86,12.07,12.1,11.8
2017-07-06,12.09,12.27,12.28,11.93
2017-07-07,12.25,12.44,12.89,12.15
2017-07-10,12.29,12.24,12.57,12.06
2017-07-11,12.17,11.91,12.3,11.9
2017-07-12,11.81,11.93,12.19,11.7
2017-07-13,11.82,11.95,12.04,11.82
2017-07-14,11.91,11.68,11.95,11.65
2017-07-17,11.64,10.53,11.64,10.52
2017-07-18,10.57,10.68,10.74,10.44
2017-07-19,10.7,10.79,10.9,10.57
2017-07-20,10.83,11.13,11.38,10.83
2017-07-21,11.03,11.17,11.37,10.97
2017-07-24,11.13,11.17,11.25,11.05
2017-07-25,11.25,10.9,11.26,10.8
2017-07-26,10.82,10.95,11.05,10.82
2017-07-27,10.95,11.26,11.47,10.85
2017-07-28,11.21,11.12,11.27,11.09
2017-07-31,11.08,11.13,11.25,11.06
2017-08-01,11.2,11.62,12.12,11.2
2017-08-02,11.48,11.41,11.55,11.3
2017-08-03,11.37,11.42,11.48,11.31
2017-08-04,11.67,11.48,11.85,11.43
2017-08-07,11.49,11.46,11.55,11.3
2017-08-08,11.41,11.46,11.59,11.37
2017-08-09,11.37,11.4,11.52,11.25
2017-08-10,11.4,11.29,11.5,11.25
2017-08-11,11.27,10.88,11.27,10.86
2017-08-14,10.81,11.06,11.08,10.8
2017-08-15,11.06,11.08,11.09,10.98
2017-08-16,11.07,11.25,11.26,11.03
2017-08-17,11.28,11.48,11.48,11.22
2017-08-18,11.4,11.65,12.0,11.35
2017-08-21,11.75,11.69,11.88,11.63
2017-08-22,11.68,11.49,11.83,11.46
2017-08-23,11.42,11.42,11.53,11.38
2017-08-24,11.43,12.1,12.56,11.4
2017-08-25,11.85,12.03,12.07,11.81
2017-08-28,11.91,12.04,12.2,11.9
2017-08-29,11.96,12.26,12.32,11.96
2017-09-01,12.99,12.52,12.99,12.33
2017-09-04,12.44,12.62,12.95,12.04
2017-09-05,12.44,12.27,12.51,12.2
2017-09-06,12.32,12.17,12.37,12.12
2017-09-07,12.17,12.08,12.21,12.06
2017-09-08,12.07,12.2,12.31,12.0
2017-09-11,12.21,12.13,12.25,12.08
2017-09-12,12.11,12.01,12.18,12.0
2017-09-13,12.06,12.14,12.2,12.01
2017-09-14,12.16,12.16,12.2,12.06
2017-09-15,12.18,12.04,12.18,12.01
2017-09-18,12.18,12.28,12.39,12.17
2017-09-19,12.28,12.44,12.49,12.21
2017-09-20,12.44,12.32,12.44,12.26
2017-09-21,12.45,12.37,12.55,12.32
2017-09-22,12.32,12.07,12.33,12.0
2017-09-25,12.05,11.78,12.13,11.75
2017-09-26,11.81,11.9,11.96,11.77
2017-09-27,11.9,11.93,11.99,11.85
2017-09-28,11.93,11.79,12.09,11.77
2017-09-29,11.81,11.88,11.92,11.76
2017-10-09,11.89,11.96,12.03,11.88
2017-10-10,11.92,11.99,12.0,11.83
2017-10-11,11.98,12.09,12.1,11.93
2017-10-12,12.08,12.09,12.27,12.01
2017-10-13,12.02,12.06,12.09,11.9
2017-10-16,12.04,11.61,12.04,11.59
2017-10-17,11.65,11.6,11.71,11.57
2017-10-18,11.6,11.23,11.67,11.21
2017-10-19,11.23,11.03,11.3,11.0
2017-10-20,11.32,12.13,12.13,11.31
2017-10-23,12.2,12.15,12.65,11.96
2017-10-24,11.9,11.56,11.92,11.45
2017-10-25,11.52,11.55,11.88,11.33
2017-10-26,11.6,12.28,12.62,11.51
2017-10-27,12.37,12.65,12.92,12.16
2017-10-30,12.43,12.21,12.63,12.0
2017-10-31,12.4,13.43,13.43,12.4
2017-11-01,14.25,13.46,14.39,13.39
2017-11-02,13.14,13.16,13.56,13.02
2017-11-03,13.03,12.69,13.25,12.53
2017-11-06,12.6,12.77,12.82,12.31
2017-11-07,12.92,12.55,12.98,12.51
2017-11-08,12.47,12.64,12.85,12.27
2017-11-09,12.47,12.54,12.63,12.36
2017-11-10,12.45,12.77,12.79,12.42
2017-11-13,13.09,12.84,13.47,12.75
2017-11-14,12.6,13.2,13.34,12.44
2017-11-15,12.95,13.3,13.38,12.81
2017-11-16,13.11,12.97,13.55,12.92
2017-11-17,12.8,11.99,12.89,11.8
2017-11-20,11.87,11.68,11.91,11.01
2017-11-21,11.63,11.57,11.76,11.37
2017-11-22,11.59,11.41,11.74,11.21
2017-11-23,11.32,11.08,11.53,11.05
2017-11-24,11.1,11.14,11.21,11.02
2017-11-27,11.14,11.18,11.32,11.01
2017-11-28,11.16,11.35,11.36,11.15
2017-11-29,11.33,11.27,11.39,11.12
2017-11-30,11.29,11.35,11.55,11.23
2017-12-01,11.33,11.31,11.36,11.15
2017-12-04,11.27,11.06,11.31,11.05
2017-12-05,11.03,10.41,11.11,10.2
2017-12-06,10.39,10.4,10.48,10.11
2017-12-07,10.4,10.38,10.56,10.31
2017-12-08,10.41,10.5,10.6,10.3
2017-12-11,10.42,10.58,10.6,10.42
2017-12-12,10.6,10.47,10.8,10.46
2017-12-13,10.6,10.7,10.96,10.55
2017-12-14,10.62,10.65,10.76,10.48
2017-12-15,10.65,10.66,10.7,10.53
2017-12-18,10.65,10.69,10.85,10.55
2017-12-19,10.67,10.69,10.82,10.6
2017-12-20,10.66,10.37,10.72,10.36
2017-12-21,10.37,10.37,10.44,10.19
2017-12-22,10.33,10.29,10.43,10.23
2017-12-25,10.29,10.09,10.4,10.05
2017-12-26,10.27,10.32,10.6,10.27
2017-12-27,10.18,10.2,10.32,10.16
2017-12-28,10.17,10.22,10.42,10.1
2017-12-29,10.19,10.3,10.32,10.18
2018-01-02,10.32,10.6,10.65,10.28
2018-01-03,10.61,10.61,10.66,10.51
2018-01-04,10.61,11.29,11.48,10.49
2018-01-05,10.9,10.9,11.07,10.76
2018-01-08,10.82,10.87,10.96,10.7
2018-01-09,10.84,10.74,10.84,10.7
2018-01-10,10.76,10.51,10.87,10.37
2018-01-11,10.48,10.52,10.58,10.33
2018-01-12,10.42,10.52,10.75,10.42
2018-01-15,10.42,10.18,10.5,10.15
2018-01-16,10.2,10.3,10.41,10.2
2018-01-17,10.3,10.41,10.49,10.16
2018-01-18,10.41,10.42,10.48,10.33
2018-01-19,10.41,10.53,10.6,10.36
2018-01-22,10.5,10.55,10.63,10.35
2018-01-23,10.53,10.76,10.87,10.49
2018-01-24,10.84,10.7,10.84,10.62
2018-01-25,10.68,10.55,10.74,10.52
2018-01-26,10.56,10.59,10.75,10.51
2018-01-29,10.58,10.29,10.58,10.25
2018-01-30,10.3,10.35,10.52,10.28
2018-01-31,10.3,10.2,10.42,10.15
2018-02-01,10.22,9.71,10.27,9.6
2018-02-02,9.66,9.58,9.67,9.3
2018-02-05,9.55,9.47,9.55,9.35
2018-02-06,9.32,8.55,9.32,8.54
2018-02-07,8.81,8.6,8.88,8.33
2018-02-08,8.6,8.76,8.88,8.56
2018-02-09,8.35,8.5,8.6,8.35
2018-02-12,8.6,8.7,8.76,8.52
2018-02-13,8.74,8.76,8.91,8.73
2018-02-14,8.76,8.79,8.82,8.72
2018-02-22,8.94,8.96,9.05,8.84
2018-02-23,9.05,9.06,9.25,9.0
2018-02-26,9.01,9.24,9.33,9.01
2018-02-27,9.19,9.27,9.58,9.12
2018-02-28,9.15,9.21,9.28,9.1
2018-03-01,9.13,9.3,9.35,9.12
2018-03-02,9.24,9.42,9.55,9.22
2018-03-05,9.38,9.42,9.54,9.3
2018-03-06,9.42,9.57,9.65,9.35
2018-03-07,9.51,9.76,10.17,9.48
2018-03-08,9.62,9.77,9.83,9.57
2018-03-09,9.77,9.93,9.97,9.71
2018-03-12,9.95,9.96,10.02,9.85
2018-03-13,9.96,10.23,10.32,9.94
2018-03-14,10.19,9.97,10.26,9.96
2018-03-15,9.91,10.43,10.97,9.79
2018-03-16,10.02,10.22,10.42,9.95
2018-03-19,10.05,10.16,10.39,10.01
2018-03-20,10.02,10.26,10.35,10.01
2018-03-21,10.27,10.42,10.77,10.18
2018-03-22,10.39,10.97,11.29,10.31
2018-03-23,10.6,10.06,10.89,10.01
2018-03-26,9.54,9.74,9.85,9.1
2018-03-27,9.9,10.11,10.13,9.82
2018-03-28,9.88,9.73,10.08,9.7
2018-03-29,9.8,9.97,10.2,9.78
2018-03-30,9.97,10.07,10.12,9.9
2018-04-02,10.06,10.2,10.27,10.02
2018-04-03,10.1,10.01,10.19,9.85
2018-04-04,9.99,9.84,10.13,9.84
2018-04-09,9.82,9.61,9.82,9.51
2018-04-10,9.7,9.9,10.25,9.55
2018-04-11,9.91,10.04,10.18,9.91
2018-04-12,9.9,9.82,9.97,9.78
2018-04-13,9.83,9.72,9.98,9.67
2018-04-16,9.62,9.68,9.86,9.62
2018-04-17,9.69,9.29,9.79,9.15
2018-04-18,9.38,9.35,9.44,9.1
2018-04-19,9.36,9.44,9.48,9.28
2018-04-20,9.44,9.18,9.53,9.17
2018-04-23,9.18,9.07,9.28,8.94
2018-04-24,9.16,9.27,9.32,9.07
2018-04-25,9.21,9.34,9.47,9.2
2018-04-26,9.36,9.11,9.38,9.1
2018-04-27,9.16,9.12,9.21,9.08
2018-05-02,9.13,9.12,9.19,8.99
2018-05-03,9.07,9.18,9.19,8.94
2018-05-04,9.1,9.17,9.23,9.09
2018-05-07,9.2,9.27,9.33,9.15
2018-05-08,9.28,9.38,9.48,9.28
2018-05-09,9.38,9.37,9.42,9.3
2018-05-10,9.41,9.44,9.5,9.33
2018-05-11,9.42,9.23,9.43,9.22
2018-05-14,9.25,9.1,9.3,9.07
2018-05-15,9.11,9.19,9.2,9.09
2018-05-16,9.19,9.15,9.25,9.14
2018-05-17,9.11,9.23,9.34,9.1
2018-05-18,9.22,9.3,9.31,9.2
2018-05-21,9.41,9.49,9.52,9.33
2018-05-22,9.44,9.39,9.45,9.33
2018-05-23,9.39,9.26,9.46,9.22
2018-05-24,9.3,9.29,9.4,9.25
2018-05-25,9.25,9.29,9.43,9.11
