date,open,close,high,low
2016-01-04,17.168,15.453,17.324,15.453
2016-01-05,14.81,14.996,15.385,14.216
2016-01-06,15.259,15.531,15.561,15.083
2016-01-07,15.239,14.002,15.259,13.982
2016-01-08,14.421,14.43,14.557,13.057
2016-01-11,14.226,13.057,14.226,12.988
2016-01-12,13.154,13.125,13.3,12.336
2016-01-13,13.173,12.647,13.427,12.618
2016-01-14,12.18,13.096,13.329,11.576
2016-01-15,12.91,12.287,13.096,12.228
2016-01-18,11.907,12.53,12.842,11.819
2016-01-19,12.54,13.096,13.115,12.501
2016-01-20,12.988,12.832,13.212,12.657
2016-01-21,12.667,12.55,13.008,12.336
2016-01-22,12.706,12.384,12.706,11.994
2016-01-25,12.56,12.521,12.667,12.374
2016-01-26,12.462,11.273,12.462,11.273
2016-01-27,11.361,10.913,11.4,10.387
2016-01-28,10.718,10.552,10.942,10.445
2016-01-29,10.474,10.903,11.04,10.241
2016-02-01,10.942,10.942,11.088,10.718
2016-02-02,10.767,11.293,11.39,10.767
2016-02-03,11.118,11.303,11.342,11.01
2016-02-04,11.342,11.439,11.644,11.332
2016-02-05,11.576,11.459,11.595,11.41
2016-02-15,11.147,11.303,11.459,10.981
2016-02-16,11.4,11.868,11.936,11.381
2016-02-17,11.751,12.209,12.258,11.741
2016-02-18,12.199,12.033,12.267,12.024
2016-02-19,12.024,11.985,12.219,11.926
2016-02-22,12.111,12.297,12.374,12.063
2016-02-23,12.306,12.111,12.336,11.887
2016-02-24,12.033,12.228,12.287,11.897
2016-02-25,12.228,11.118,12.238,11.02
2016-02-26,11.332,11.254,11.41,11.069
2016-02-29,11.254,11.098,11.254,10.28
2016-03-01,11.108,11.663,11.731,10.991
2016-03-02,11.498,12.599,12.628,11.478
2016-03-03,12.491,12.433,12.832,12.326
2016-03-04,12.355,12.267,12.56,11.926
2016-03-07,12.374,12.443,12.667,12.277
2016-03-08,12.452,12.326,12.472,11.858
2016-03-09,12.141,12.024,12.326,11.887
2016-03-10,11.994,11.498,12.102,11.468
2016-03-11,11.498,11.488,11.702,11.42
2016-03-14,11.614,11.926,12.131,11.614
2016-03-15,11.936,12.024,12.18,11.8
2016-03-16,12.082,12.17,12.54,12.082
2016-03-17,12.287,12.404,12.501,12.111
2016-03-18,12.413,12.667,12.842,12.394
2016-03-21,12.842,12.842,12.862,12.667
2016-03-22,12.774,12.852,12.988,12.696
2016-03-23,12.793,12.774,12.862,12.599
2016-03-24,12.628,12.511,12.696,12.472
2016-03-25,12.521,12.618,12.706,12.472
2016-03-28,12.657,12.686,13.047,12.628
2016-03-29,12.745,12.452,12.754,12.365
2016-03-30,12.55,12.862,12.881,12.521
2016-03-31,12.842,13.134,13.183,12.842
2016-04-01,13.066,13.057,13.134,12.813
2016-04-05,13.047,13.602,13.631,12.959
2016-04-06,13.427,14.167,14.216,13.359
2016-04-07,14.099,13.622,14.138,13.592
2016-04-08,13.661,13.875,14.07,13.505
2016-04-11,14.011,14.099,14.265,13.914
2016-04-12,13.982,13.69,14.041,13.524
2016-04-13,13.768,13.797,14.109,13.739
2016-04-14,13.924,14.323,14.46,13.904
2016-04-15,14.362,14.479,14.645,14.206
2016-04-18,14.518,14.187,14.547,14.041
2016-04-19,14.294,14.216,14.499,13.963
2016-04-20,14.197,13.553,14.382,13.154
2016-04-21,13.553,13.407,13.846,13.281
2016-04-22,13.183,13.407,13.514,13.037
2016-04-25,13.378,13.67,13.768,13.115
2016-04-26,13.622,13.729,13.836,13.514
2016-04-27,13.661,13.661,14.002,13.641
2016-04-28,13.69,13.651,13.865,13.329
2016-04-29,13.553,13.846,14.089,13.553
2016-05-03,14.216,14.801,15.161,14.216
2016-05-04,14.693,14.83,15.054,14.606
2016-05-05,14.81,14.771,14.888,14.625
2016-05-06,14.771,14.674,15.395,14.625
2016-05-09,14.713,13.972,14.713,13.836
2016-05-10,13.846,13.933,14.109,13.768
2016-05-11,14.05,13.592,14.197,13.466
2016-05-12,13.32,13.563,13.612,12.959
2016-05-13,13.524,13.505,13.719,13.329
2016-05-16,13.398,14.08,14.119,13.398
2016-05-17,14.031,13.933,14.177,13.904
2016-05-18,13.826,13.466,13.904,13.154
2016-05-19,13.466,13.407,13.817,13.398
2016-05-20,13.271,13.563,13.602,13.271
2016-05-23,13.544,14.06,14.08,13.544
2016-05-24,13.953,13.875,14.099,13.739
2016-05-25,13.933,14.099,14.275,13.894
2016-05-26,13.982,14.128,14.167,13.592
2016-05-27,14.08,14.187,14.411,14.031
2016-05-30,14.119,14.323,14.518,13.982
2016-05-31,14.304,14.742,14.801,14.255
2016-06-01,14.674,14.703,14.791,14.577
2016-06-02,14.693,14.713,14.84,14.538
2016-06-03,14.791,14.83,14.937,14.664
2016-06-06,14.791,14.538,14.898,14.518
2016-06-07,14.616,14.362,14.732,14.323
2016-06-08,14.391,14.45,14.635,14.255
2016-06-13,14.245,13.739,14.674,13.661
2016-06-14,13.768,13.943,13.972,13.69
2016-06-15,13.865,14.421,14.469,13.797
2016-06-16,14.352,14.46,14.762,14.352
2016-06-17,14.518,14.469,14.703,14.352
2016-06-20,14.44,14.742,14.791,14.352
2016-06-21,14.791,14.401,14.83,14.265
2016-06-22,14.372,14.586,14.596,14.284
2016-06-23,14.596,14.401,14.635,14.323
2016-06-24,14.469,14.216,14.508,13.865
2016-06-27,14.158,14.645,14.674,14.05
2016-06-28,14.567,14.82,14.908,14.45
2016-06-29,14.869,14.879,14.937,14.723
2016-06-30,14.958,14.77,14.987,14.682
2016-07-01,14.79,14.652,14.938,14.642
2016-07-04,14.583,15.194,15.234,14.544
2016-07-05,15.49,15.194,15.49,15.145
2016-07-06,15.184,15.313,15.322,15.027
2016-07-07,15.283,15.441,15.697,15.224
2016-07-08,15.53,15.608,15.954,15.441
2016-07-11,15.608,15.47,15.865,15.451
2016-07-12,15.569,15.648,15.687,15.244
2016-07-13,15.776,15.648,16.013,15.579
2016-07-14,15.648,15.539,15.776,15.382
2016-07-15,15.441,15.421,15.737,15.382
2016-07-18,15.401,15.658,15.727,15.263
2016-07-19,15.579,15.806,15.855,15.52
2016-07-20,15.746,15.697,15.845,15.648
2016-07-21,15.648,15.628,15.815,15.589
2016-07-22,15.648,15.559,15.677,15.48
2016-07-25,15.569,15.579,15.727,15.451
2016-07-26,15.608,15.815,15.825,15.589
2016-07-27,15.825,15.066,15.875,14.79
2016-07-28,14.938,15.214,15.313,14.938
2016-07-29,15.214,15.145,15.431,15.106
2016-08-01,15.145,14.938,15.145,14.741
2016-08-02,14.958,15.115,15.135,14.899
2016-08-03,15.125,15.165,15.322,15.007
2016-08-04,15.184,15.47,15.618,15.017
2016-08-05,15.461,16.032,16.17,15.372
2016-08-08,16.052,16.003,16.121,15.825
2016-08-09,16.003,16.072,16.121,15.825
2016-08-10,16.052,15.993,16.417,15.934
2016-08-11,15.924,15.677,15.963,15.618
2016-08-12,15.668,16.151,16.269,15.382
2016-08-15,16.121,16.378,16.634,15.973
2016-08-16,16.348,16.604,16.792,16.289
2016-08-17,16.545,16.496,16.742,16.427
2016-08-18,16.447,16.417,16.614,16.308
2016-08-19,16.368,16.427,16.525,16.259
2016-08-22,16.456,16.249,16.535,16.17
2016-08-23,16.22,16.269,16.535,16.092
2016-08-24,16.318,16.713,16.88,16.22
2016-08-25,16.565,16.21,16.624,16.062
2016-08-26,16.249,16.348,16.663,16.23
2016-08-29,16.279,16.131,16.279,16.023
2016-08-30,16.151,16.131,16.259,16.072
2016-08-31,16.101,15.934,16.17,15.815
2016-09-01,15.963,15.707,15.993,15.648
2016-09-02,15.737,15.796,15.904,15.628
2016-09-05,15.855,15.944,16.032,15.677
2016-09-06,15.973,16.239,16.299,15.835
2016-09-07,16.259,16.082,16.299,16.072
2016-09-08,16.151,16.23,16.437,16.042
2016-09-09,16.269,16.19,16.407,16.18
2016-09-12,15.865,15.431,15.865,15.313
2016-09-13,15.579,15.539,15.697,15.451
2016-09-14,15.441,15.539,15.677,15.441
2016-09-19,15.49,15.618,15.628,15.48
2016-09-20,15.628,15.855,15.944,15.569
2016-09-21,15.865,15.855,15.894,15.776
2016-09-22,16.003,15.776,16.003,15.766
2016-09-23,15.825,15.687,15.924,15.648
2016-09-26,15.746,15.352,15.756,15.184
2016-09-27,15.362,15.49,15.569,15.273
2016-09-28,15.569,15.5,15.618,15.431
2016-09-29,15.618,15.658,15.766,15.549
2016-09-30,15.53,15.608,15.707,15.53
2016-10-10,15.638,15.924,15.944,15.638
2016-10-11,15.944,16.111,16.141,15.924
2016-10-12,16.013,16.101,16.151,15.983
2016-10-13,16.18,16.062,16.18,16.023
2016-10-14,16.042,16.052,16.151,15.973
2016-10-17,16.072,15.914,16.19,15.855
2016-10-18,15.894,16.151,16.17,15.865
2016-10-19,16.18,16.111,16.2,16.003
2016-10-20,16.141,15.914,16.17,15.894
2016-10-21,15.983,15.944,16.111,15.845
2016-10-24,16.052,15.993,16.111,15.894
2016-10-25,15.993,16.358,16.555,15.993
2016-10-26,16.348,16.131,16.447,16.101
2016-10-27,16.111,16.2,16.279,16.082
2016-10-28,16.22,15.993,16.328,15.983
2016-10-31,16.023,16.023,16.131,15.954
2016-11-01,16.042,16.121,16.249,16.042
2016-11-02,16.082,16.2,16.308,16.023
2016-11-03,16.17,16.308,16.417,16.082
2016-11-04,16.308,16.2,16.387,16.141
2016-11-07,16.2,16.092,16.249,16.052
2016-11-08,16.151,16.062,16.249,16.013
2016-11-09,16.131,15.687,16.141,15.51
2016-11-10,15.825,16.003,16.042,15.806
2016-11-11,16.111,16.151,16.23,15.993
2016-11-14,16.111,16.249,16.318,16.111
2016-11-15,16.259,16.279,16.318,16.121
2016-11-16,16.279,16.387,16.516,16.269
2016-11-17,16.397,17.117,17.166,16.368
2016-11-18,17.048,16.88,17.206,16.831
2016-11-21,16.9,16.92,17.186,16.89
2016-11-22,16.92,16.93,17.038,16.821
2016-11-23,16.94,16.792,17.196,16.723
2016-11-24,16.811,16.742,16.841,16.604
2016-11-25,16.811,16.831,16.94,16.437
2016-11-28,16.821,17.107,17.452,16.693
2016-11-29,17.087,17.433,18.211,16.92
2016-11-30,17.314,17.403,17.699,17.216
2016-12-01,17.403,17.571,17.699,17.354
2016-12-02,17.502,17.393,17.916,17.344
2016-12-05,16.861,16.792,17.354,16.614
2016-12-06,16.762,16.851,16.93,16.663
2016-12-07,16.871,17.087,17.107,16.683
2016-12-08,17.137,16.979,17.413,16.9
2016-12-09,17.038,17.225,17.314,16.841
2016-12-12,17.206,16.486,17.344,16.397
2016-12-13,16.486,16.831,16.9,16.003
2016-12-14,16.841,17.087,17.206,16.693
2016-12-15,17.107,16.88,17.196,16.762
2016-12-16,16.811,17.472,17.492,16.811
2016-12-19,17.502,17.373,17.541,17.235
2016-12-20,17.275,17.216,17.689,17.147
2016-12-21,17.186,17.571,17.59,16.969
2016-12-22,17.482,17.324,17.718,17.216
2016-12-23,17.166,16.644,17.314,16.624
2016-12-26,16.723,16.93,16.979,16.476
2016-12-27,16.93,16.89,16.979,16.841
2016-12-28,16.851,17.038,17.078,16.713
2016-12-29,17.018,16.663,17.018,16.594
2016-12-30,16.673,16.506,16.752,16.466
2017-01-03,16.437,16.663,16.673,16.437
2017-01-04,16.713,16.732,16.752,16.447
2017-01-05,16.713,16.742,16.88,16.624
2017-01-06,16.723,16.575,16.732,16.555
2017-01-09,16.555,16.811,16.91,16.486
2017-01-10,16.792,16.89,17.107,16.762
2017-01-11,16.9,16.614,16.94,16.575
2017-01-12,16.614,16.032,16.644,16.013
2017-01-13,16.032,15.618,16.101,15.411
2017-01-16,15.658,15.589,16.052,14.948
2017-01-17,15.589,15.737,15.835,15.441
2017-01-18,15.806,15.707,15.904,15.668
2017-01-19,15.677,15.628,15.806,15.5
2017-01-20,15.628,15.875,15.963,15.628
2017-01-23,15.865,16.062,16.318,15.825
2017-01-24,15.983,16.249,16.545,15.983
2017-01-25,16.427,16.466,16.663,16.279
2017-01-26,16.565,16.407,16.723,16.368
2017-02-03,16.427,16.447,16.575,16.407
2017-02-06,16.368,16.654,16.683,16.111
2017-02-07,16.585,16.663,16.94,16.535
2017-02-08,16.545,16.959,17.038,16.506
2017-02-09,16.93,17.058,17.334,16.861
2017-02-10,17.009,17.472,17.935,16.871
2017-02-13,17.314,17.038,17.433,16.871
2017-02-14,16.999,17.166,17.294,16.91
2017-02-15,17.048,16.821,17.196,16.772
2017-02-16,16.841,17.018,17.068,16.801
2017-02-17,17.018,16.752,17.117,16.683
2017-02-20,16.742,17.285,17.383,16.742
2017-02-21,17.294,17.304,17.699,17.206
2017-02-22,17.304,19.04,19.04,17.304
2017-02-23,18.685,17.975,18.833,17.857
2017-02-24,17.866,17.768,18.133,17.561
2017-02-27,17.837,17.827,18.28,17.748
2017-02-28,17.699,18.083,18.123,17.6
2017-03-01,18.034,18.024,18.655,17.866
2017-03-02,17.975,17.561,18.133,17.452
2017-03-03,17.433,17.58,17.699,17.413
2017-03-06,17.561,17.531,17.63,17.433
2017-03-07,17.827,17.718,17.886,17.62
2017-03-08,17.659,17.521,17.778,17.324
2017-03-09,17.452,17.324,17.472,17.186
2017-03-10,17.393,17.334,17.423,17.206
2017-03-13,17.383,17.413,17.413,17.117
2017-03-14,17.413,17.64,17.748,17.383
2017-03-15,17.6,17.709,17.916,17.521
2017-03-16,17.728,17.738,17.896,17.669
2017-03-17,17.728,17.492,17.857,17.462
2017-03-20,17.383,17.689,17.709,17.373
2017-03-21,17.797,17.906,17.995,17.738
2017-03-22,17.926,17.807,18.064,17.768
2017-03-23,17.837,18.054,18.064,17.718
2017-03-24,18.044,18.271,18.478,17.896
2017-03-27,18.241,18.034,18.428,17.985
2017-03-28,18.064,17.837,18.103,17.778
2017-03-29,17.866,17.886,18.182,17.827
2017-03-30,17.827,17.087,17.857,17.058
2017-03-31,17.166,17.107,17.314,17.058
2017-04-05,17.354,17.571,17.6,17.304
2017-04-06,17.551,17.393,17.679,17.364
2017-04-07,17.413,17.482,17.561,17.265
2017-04-10,17.462,17.383,17.6,17.275
2017-04-11,17.354,17.63,17.63,17.087
2017-04-12,17.521,17.738,18.034,17.413
2017-04-13,17.827,18.103,18.28,17.709
2017-04-14,17.995,17.541,18.113,17.442
2017-04-17,17.452,17.285,17.669,17.078
2017-04-18,17.285,16.969,17.383,16.841
2017-04-19,16.94,16.466,16.94,16.2
2017-04-20,16.466,16.614,16.663,16.338
2017-04-21,16.604,16.358,16.693,16.289
2017-04-24,16.269,15.687,16.269,15.559
2017-04-25,15.776,15.796,15.983,15.707
2017-04-26,15.786,15.924,16.023,15.766
2017-04-27,15.924,16.062,16.17,15.668
2017-04-28,16.062,16.289,16.299,16.042
2017-05-02,16.762,16.9,17.038,16.673
2017-05-03,16.91,17.087,17.107,16.821
2017-05-04,17.078,16.752,17.078,16.742
2017-05-05,16.762,16.535,16.811,16.486
2017-05-08,16.516,16.693,16.94,16.417
2017-05-09,16.594,16.782,16.88,16.594
2017-05-10,16.811,16.387,16.851,16.368
2017-05-11,16.318,16.318,16.387,15.806
2017-05-12,16.338,16.338,16.397,16.092
2017-05-15,16.387,16.328,16.466,16.289
2017-05-16,16.22,16.792,16.821,16.22
2017-05-17,16.752,16.644,16.91,16.634
2017-05-18,16.585,16.831,16.94,16.525
2017-05-19,16.831,16.742,16.9,16.663
2017-05-22,16.683,16.328,16.801,16.279
2017-05-23,16.397,16.023,16.407,15.924
2017-05-24,15.973,16.23,16.289,15.924
2017-05-25,16.19,16.407,16.545,15.983
2017-05-26,16.496,16.378,16.604,16.358
2017-05-31,16.575,16.269,16.594,16.23
2017-06-01,16.22,15.875,16.318,15.865
2017-06-02,15.963,15.993,16.032,15.569
2017-06-05,15.983,16.052,16.21,15.944
2017-06-06,16.052,16.131,16.151,15.934
2017-06-07,16.151,16.486,16.525,16.023
2017-06-08,16.437,16.397,16.565,16.368
2017-06-09,16.407,16.506,16.654,16.358
2017-06-12,16.447,16.348,16.516,16.269
2017-06-13,16.368,16.496,16.516,16.249
2017-06-14,16.437,16.397,16.585,16.378
2017-06-15,16.417,16.555,16.634,16.378
2017-06-16,16.565,16.437,16.594,16.397
2017-06-19,16.447,16.506,16.535,16.407
2017-06-20,16.516,16.535,16.585,16.476
2017-06-21,16.555,16.525,16.575,16.437
2017-06-22,16.525,16.555,16.801,16.496
2017-06-23,16.496,16.456,16.585,16.2
2017-06-26,16.447,16.703,16.713,16.417
2017-06-27,16.693,16.732,16.811,16.614
2017-06-28,16.663,16.673,16.713,16.535
2017-06-29,16.673,16.94,17.087,16.624
2017-06-30,16.831,16.94,17.028,16.772
2017-07-03,16.94,17.107,17.137,16.792
2017-07-04,17.176,16.969,17.285,16.93
2017-07-05,16.93,17.147,17.186,16.89
2017-07-06,17.137,16.999,17.196,16.861
2017-07-07,17.018,17.364,17.482,16.959
2017-07-10,17.304,17.373,17.502,17.225
2017-07-11,17.383,17.166,17.748,17.156
2017-07-12,17.107,17.176,17.235,16.871
2017-07-13,17.196,17.63,17.679,17.028
2017-07-14,17.67,17.5,17.67,17.4
2017-07-17,17.49,16.52,17.56,16.51
2017-07-18,16.92,17.67,17.69,16.91
2017-07-19,17.6,18.06,18.18,17.51
2017-07-20,17.91,17.92,18.27,17.84
2017-07-21,18.0,18.7,18.98,17.93
2017-07-24,18.6,18.58,19.27,18.41
2017-07-25,18.58,18.41,18.69,18.11
2017-07-26,18.51,19.47,19.63,18.4
2017-07-27,19.6,19.39,20.17,19.13
2017-07-28,19.21,19.4,19.64,19.05
2017-07-31,19.46,19.75,19.92,19.11
2017-08-01,19.5,19.07,19.7,18.93
2017-08-02,19.05,18.69,19.29,18.63
2017-08-03,18.7,18.93,18.94,18.52
2017-08-04,18.85,18.6,19.05,18.53
2017-08-07,18.5,18.86,18.87,18.5
2017-08-08,18.88,18.77,19.06,18.64
2017-08-09,18.84,19.2,19.27,18.65
2017-08-10,19.13,19.62,19.7,19.01
2017-08-11,19.4,18.45,19.4,18.38
2017-08-14,18.5,18.6,18.69,18.36
2017-08-15,18.55,18.34,18.58,18.23
2017-08-16,18.29,18.32,18.44,18.16
2017-08-17,18.58,18.45,18.65,18.36
2017-08-18,18.24,18.41,18.56,18.11
2017-08-21,18.4,18.63,18.69,18.38
2017-08-22,18.66,18.6,18.98,18.52
2017-08-23,18.55,18.62,18.81,18.47
2017-08-24,18.7,18.43,18.71,18.42
2017-08-25,18.49,18.8,18.83,18.42
2017-08-28,18.87,19.09,19.12,18.79
2017-08-29,19.11,18.8,19.12,18.7
2017-08-30,18.85,18.9,18.96,18.73
2017-08-31,18.9,19.03,19.08,18.85
2017-09-01,19.06,18.89,19.1,18.81
2017-09-04,18.81,18.49,18.9,18.4
2017-09-05,18.49,18.52,18.55,18.33
2017-09-06,18.49,18.55,18.55,18.35
2017-09-07,18.49,18.55,18.58,18.42
2017-09-08,18.54,18.33,18.54,18.28
2017-09-11,18.33,18.4,18.47,18.15
2017-09-12,18.41,18.78,19.01,18.39
2017-09-13,18.78,18.85,18.91,18.67
2017-09-14,18.85,19.11,19.58,18.85
2017-09-15,19.12,18.61,19.19,18.6
2017-09-18,18.52,18.64,18.82,18.49
2017-09-19,18.64,18.44,18.72,18.38
2017-09-20,18.44,18.56,18.59,18.39
2017-09-21,18.6,18.49,18.9,18.46
2017-09-22,18.52,18.22,18.53,18.19
2017-09-25,18.2,18.08,18.4,18.07
2017-09-26,18.08,17.99,18.15,17.84
2017-09-27,17.99,17.99,18.11,17.95
2017-09-28,18.05,17.95,18.13,17.89
2017-09-29,17.89,17.96,18.06,17.88
2017-10-09,18.15,18.11,18.24,18.04
2017-10-10,18.16,18.42,18.45,18.1
2017-10-11,18.37,18.24,18.5,18.21
2017-10-12,18.22,18.24,18.32,18.1
2017-10-13,18.24,18.19,18.27,18.14
2017-10-16,18.19,18.15,18.46,18.13
2017-10-17,18.13,18.26,18.32,18.09
2017-10-18,18.32,17.99,18.33,17.96
2017-10-19,18.01,17.56,18.14,17.52
2017-10-20,17.6,17.88,17.91,17.5
2017-10-23,17.79,17.93,17.95,17.72
2017-10-24,17.89,18.0,18.21,17.86
2017-10-25,17.98,18.08,18.18,17.95
2017-10-26,18.02,18.31,18.36,18.02
2017-10-27,18.35,18.22,18.39,18.12
2017-10-30,18.21,17.94,18.25,17.71
2017-10-31,17.31,17.1,17.36,16.92
2017-11-01,17.05,17.06,17.09,16.93
2017-11-02,17.04,16.82,17.04,16.71
2017-11-03,16.79,16.51,16.86,16.5
2017-11-06,16.58,16.68,16.71,16.35
2017-11-07,16.67,16.74,17.02,16.62
2017-11-08,16.78,16.76,16.89,16.7
2017-11-09,16.76,16.8,16.82,16.64
2017-11-10,16.73,16.65,16.82,16.58
2017-11-13,16.62,16.57,16.64,16.43
2017-11-14,16.56,16.6,16.75,16.44
2017-11-15,16.62,16.36,16.62,16.33
2017-11-16,16.3,16.5,16.53,16.29
2017-11-17,16.48,15.91,16.51,15.52
2017-11-20,15.75,15.88,15.92,15.5
2017-11-21,15.88,15.86,16.05,15.77
2017-11-22,15.89,15.89,15.99,15.72
2017-11-23,15.9,15.73,16.12,15.71
2017-11-24,15.75,15.62,15.83,15.55
2017-11-27,15.62,15.61,15.86,15.55
2017-11-28,15.71,16.02,16.05,15.61
2017-11-29,16.0,16.82,16.98,16.0
2017-11-30,16.65,16.37,16.68,16.28
2017-12-01,16.38,16.43,16.49,16.2
2017-12-04,16.5,16.51,16.92,16.5
2017-12-05,16.45,15.8,16.49,15.7
2017-12-06,15.8,15.71,15.9,15.31
2017-12-07,15.66,15.55,15.81,15.49
2017-12-08,15.65,16.14,16.22,15.57
2017-12-11,16.01,16.21,16.24,16.0
2017-12-12,16.19,16.18,16.32,16.07
2017-12-13,16.27,16.06,16.27,15.86
2017-12-14,16.05,16.09,16.19,16.0
2017-12-15,16.09,15.8,16.09,15.68
2017-12-18,15.85,15.87,15.95,15.7
2017-12-19,15.92,15.98,16.0,15.87
2017-12-20,16.03,15.8,16.03,15.7
2017-12-21,15.71,15.83,15.89,15.63
2017-12-22,15.79,15.8,15.91,15.75
2017-12-25,15.81,15.63,15.95,15.61
2017-12-26,15.6,15.81,15.83,15.6
2017-12-27,15.87,15.78,15.93,15.71
2017-12-28,15.74,15.78,15.84,15.7
2017-12-29,15.8,15.84,15.87,15.73
2018-01-02,15.85,16.35,16.56,15.82
2018-01-03,16.32,16.24,16.47,16.15
2018-01-04,16.26,16.58,16.74,16.2
2018-01-05,16.55,16.59,16.94,16.49
2018-01-08,16.55,16.69,16.88,16.52
2018-01-09,16.67,16.49,16.67,16.39
2018-01-10,16.48,16.38,16.8,16.21
2018-01-11,16.25,16.12,16.25,15.95
2018-01-12,16.09,15.92,16.1,15.91
2018-01-15,15.93,15.59,15.99,15.52
2018-01-16,15.62,15.77,15.78,15.58
2018-01-17,15.73,15.7,15.82,15.62
2018-01-18,15.7,15.75,15.83,15.68
2018-01-19,15.83,15.78,15.99,15.77
2018-01-22,15.68,15.92,15.94,15.68
2018-01-23,15.98,15.9,15.98,15.76
2018-01-24,15.92,15.92,15.98,15.82
2018-01-25,15.92,15.95,16.02,15.88
2018-01-26,15.94,16.2,16.32,15.83
2018-01-29,16.16,15.95,16.33,15.91
2018-01-30,15.96,15.95,16.13,15.86
2018-01-31,15.9,15.69,15.9,15.61
2018-02-01,15.69,14.65,15.8,14.63
2018-02-02,14.54,14.64,14.77,13.72
2018-02-05,14.51,14.85,14.98,14.23
2018-02-06,14.61,14.01,14.7,14.0
2018-02-07,14.27,14.24,14.58,13.92
2018-02-08,14.28,14.29,14.39,14.09
2018-02-09,13.98,13.34,14.0,13.21
2018-02-12,13.41,13.65,13.76,13.36
2018-02-13,13.77,13.83,14.05,13.7
2018-02-14,13.88,13.84,13.94,13.79
2018-02-22,14.0,14.2,14.27,13.88
2018-02-23,14.17,14.29,14.44,14.15
2018-02-26,14.37,14.54,14.57,14.16
2018-02-27,14.55,14.42,14.58,14.35
2018-02-28,14.24,14.43,14.49,14.24
2018-03-01,14.37,14.5,14.6,14.28
2018-03-02,14.42,14.34,14.46,14.24
2018-03-05,14.39,14.23,14.44,14.14
2018-03-06,14.24,14.6,14.61,14.24
2018-03-07,14.6,14.39,14.65,14.33
2018-03-08,14.45,14.56,14.62,14.35
2018-03-09,14.6,14.82,14.89,14.5
2018-03-12,14.85,14.99,15.02,14.83
2018-03-13,15.02,14.89,15.16,14.87
2018-03-14,14.85,15.17,15.36,14.81
2018-03-15,15.05,14.88,15.14,14.64
2018-03-16,14.88,14.97,15.06,14.8
2018-03-19,14.97,15.24,15.46,14.73
2018-03-20,15.12,15.51,15.58,15.03
2018-03-21,15.45,15.18,15.56,15.08
2018-03-22,15.12,15.15,15.27,15.08
2018-03-23,14.8,14.06,14.8,13.91
2018-03-26,14.06,14.55,14.83,14.02
2018-03-27,14.78,14.81,14.96,14.61
2018-03-28,14.65,14.93,15.09,14.61
2018-03-29,14.9,15.1,15.24,14.87
2018-03-30,15.14,15.34,15.4,15.14
2018-04-02,15.32,15.34,15.55,15.21
2018-04-03,15.1,15.14,15.22,14.98
2018-04-04,15.18,14.98,15.44,14.93
2018-04-09,14.98,15.31,15.33,14.86
2018-04-10,15.42,15.37,15.65,15.2
2018-04-11,15.43,15.4,15.57,15.33
2018-04-12,15.4,15.5,15.72,15.32
2018-04-13,15.59,15.25,15.59,15.22
2018-04-16,15.21,15.33,15.53,15.16
2018-04-17,15.33,14.73,15.48,14.69
2018-04-18,14.89,14.85,14.91,14.46
2018-04-19,14.79,14.88,14.97,14.75
2018-04-20,14.8,14.31,14.86,14.19
2018-04-23,14.33,14.13,14.47,13.77
2018-04-24,14.03,14.35,14.36,13.98
2018-04-25,14.24,14.21,14.32,14.02
2018-04-26,14.19,14.01,14.28,13.98
2018-04-27,14.03,13.81,14.14,13.61
2018-05-02,13.79,13.84,14.07,13.78
2018-05-03,13.92,13.94,13.99,13.57
2018-05-04,13.88,14.21,14.33,13.79
2018-05-07,14.2,14.39,14.54,14.1
2018-05-08,14.39,14.61,14.64,14.28
2018-05-09,14.62,14.5,14.71,14.4
2018-05-10,14.45,14.51,14.6,14.41
2018-05-11,14.57,14.21,14.58,14.2
2018-05-14,14.28,14.45,14.55,14.2
2018-05-15,14.54,14.51,14.55,14.35
2018-05-16,14.47,14.75,14.83,14.43
2018-05-17,14.74,14.7,14.84,14.59
2018-05-18,14.7,14.69,14.74,14.57
2018-05-21,14.75,14.83,14.92,14.7
2018-05-22,14.86,14.76,14.86,14.62
2018-05-23,14.75,14.73,14.86,14.63
2018-05-24,14.75,14.76,14.85,14.7
2018-05-25,14.75,14.39,14.76,14.33
