date,open,close,high,low
2016-01-04,21.25,20.15,21.8,20.15
2016-01-05,18.21,19.2,20.0,18.21
2016-01-06,19.43,19.75,19.96,18.9
2016-01-07,19.36,17.78,19.53,17.78
2016-01-08,18.1,17.13,18.17,16.11
2016-01-11,16.5,15.42,16.56,15.42
2016-01-12,15.0,15.69,15.98,14.75
2016-01-13,15.64,15.87,16.8,15.3
2016-01-14,15.04,17.46,17.46,15.01
2016-01-15,17.13,17.87,18.97,16.78
2016-01-18,16.99,17.93,18.31,16.99
2016-01-19,17.92,18.48,18.66,17.51
2016-01-20,18.13,17.74,18.65,17.3
2016-01-21,17.25,15.97,17.82,15.97
2016-01-22,16.02,16.27,16.39,15.41
2016-01-25,16.55,17.9,17.9,16.45
2016-01-26,18.3,18.92,19.69,18.0
2016-01-27,19.1,20.81,20.81,17.61
2016-01-28,20.0,20.2,22.3,20.0
2016-01-29,19.68,19.88,21.1,18.56
2016-02-01,19.58,19.22,20.25,18.67
2016-02-02,18.94,21.14,21.14,18.94
2016-02-03,20.58,20.92,22.1,19.88
2016-02-04,20.61,20.88,22.0,20.48
2016-02-05,20.58,19.71,21.49,19.55
2016-02-15,18.5,18.97,19.65,18.18
2016-02-16,19.0,19.61,20.19,19.0
2016-02-17,19.57,19.79,19.95,18.97
2016-02-18,20.3,21.77,21.77,20.25
2016-02-19,23.3,21.17,23.3,20.9
2016-02-22,21.1,21.6,22.35,20.82
2016-02-23,21.3,21.13,21.39,20.55
2016-02-24,21.27,23.24,23.24,21.27
2016-02-25,23.25,20.92,23.25,20.92
2016-02-26,20.89,21.36,21.64,19.81
2016-02-29,21.0,19.22,21.11,19.22
2016-03-01,18.6,18.92,19.34,17.3
2016-03-02,18.6,19.98,20.36,18.18
2016-03-03,20.0,20.09,21.48,19.61
2016-03-04,19.7,18.13,19.99,18.11
2016-03-07,18.51,18.51,18.99,18.2
2016-03-08,18.6,18.81,18.89,17.2
2016-03-09,18.19,18.61,19.33,17.71
2016-03-10,18.46,18.01,18.94,17.86
2016-03-11,17.8,17.44,17.99,17.3
2016-03-14,17.7,18.17,18.37,17.7
2016-03-15,18.17,18.24,18.67,18.09
2016-03-16,18.9,18.36,19.19,18.3
2016-03-17,18.17,18.88,19.1,18.0
2016-03-18,18.86,19.51,19.8,18.7
2016-03-21,19.68,19.92,20.46,19.41
2016-03-22,19.79,20.11,20.99,19.5
2016-03-23,19.79,19.88,20.13,19.5
2016-03-24,19.66,19.07,19.67,19.0
2016-03-25,18.9,19.23,19.42,18.75
2016-03-28,19.48,19.84,20.13,19.28
2016-03-29,19.82,18.73,19.82,18.51
2016-03-30,18.83,19.17,19.19,18.63
2016-03-31,19.2,19.11,19.44,19.04
2016-04-01,18.95,18.74,19.1,18.3
2016-04-05,18.75,19.3,19.36,18.61
2016-04-06,19.34,20.39,21.23,19.2
2016-04-07,20.15,19.63,20.44,19.4
2016-04-08,19.24,19.19,19.29,18.77
2016-04-11,19.3,19.54,19.87,19.13
2016-04-12,19.38,19.0,19.49,18.8
2016-04-13,19.13,19.19,19.52,19.05
2016-04-14,19.3,19.68,19.8,19.12
2016-04-15,19.75,19.83,20.15,19.31
2016-04-18,19.8,19.36,19.8,19.28
2016-04-19,19.51,20.08,20.11,19.15
2016-04-20,19.88,20.64,21.0,18.97
2016-04-21,20.28,20.76,21.55,19.62
2016-04-22,20.02,20.32,20.97,19.98
2016-04-25,20.47,21.53,22.22,19.58
2016-04-26,21.0,21.76,22.17,21.0
2016-04-27,21.9,21.12,22.09,21.08
2016-04-28,21.12,20.59,21.29,20.08
2016-04-29,20.5,20.64,21.2,20.26
2016-05-03,20.56,21.23,21.42,20.11
2016-05-04,21.16,20.91,21.87,20.85
2016-05-05,20.8,20.92,21.24,20.6
2016-05-06,20.85,18.92,21.19,18.83
2016-05-09,18.0,17.03,18.03,17.03
2016-05-10,16.82,16.6,17.23,16.34
2016-05-11,16.73,15.87,16.96,15.75
2016-05-12,15.2,15.85,15.98,14.61
2016-05-13,15.48,15.59,15.85,15.3
2016-05-16,15.78,16.36,16.4,15.77
2016-05-17,16.34,16.13,16.5,16.01
2016-05-18,15.76,15.16,15.76,14.88
2016-05-19,15.1,15.2,15.49,15.1
2016-05-20,15.3,15.41,15.58,15.2
2016-05-23,15.26,15.69,15.75,15.26
2016-05-24,15.65,15.28,15.65,15.0
2016-05-25,15.39,15.28,15.59,15.16
2016-05-26,15.3,15.12,15.35,14.62
2016-05-27,15.0,15.25,15.53,14.85
2016-05-30,15.35,16.08,16.46,15.35
2016-05-31,15.89,16.62,16.77,15.82
2016-06-01,16.46,16.39,16.64,16.27
2016-06-02,16.45,16.47,16.55,16.25
2016-06-03,16.5,16.55,16.84,16.39
2016-06-06,16.56,16.62,16.97,16.42
2016-06-07,16.7,16.43,16.78,16.35
2016-06-08,16.48,16.13,16.48,16.02
2016-06-13,15.9,14.89,15.9,14.72
2016-06-14,14.76,14.96,15.03,14.76
2016-06-15,14.88,15.4,15.48,14.75
2016-06-16,15.32,15.09,15.59,15.0
2016-06-17,15.2,15.39,15.49,15.12
2016-06-20,14.61,14.91,15.3,14.61
2016-06-21,14.85,14.41,15.02,14.32
2016-06-22,14.45,14.56,14.6,14.3
2016-06-23,14.59,14.89,15.0,14.44
2016-06-24,15.04,14.47,15.09,13.98
2016-06-27,14.3,14.85,15.0,14.19
2016-06-28,14.88,15.71,15.99,14.84
2016-06-29,15.75,15.36,15.81,15.27
2016-06-30,15.42,15.23,15.44,15.11
2016-07-01,15.23,15.23,15.32,15.0
2016-07-04,15.1,15.36,15.44,15.0
2016-07-05,15.39,15.49,15.67,15.3
2016-07-06,15.52,16.05,16.21,15.31
2016-07-07,15.9,15.81,15.98,15.56
2016-07-08,15.84,15.66,15.88,15.52
2016-07-11,15.66,15.54,15.77,15.32
2016-07-12,15.57,15.56,15.58,15.2
2016-07-13,15.59,15.68,15.73,15.53
2016-07-14,15.74,15.78,15.89,15.61
2016-07-15,15.71,15.94,16.57,15.69
2016-07-18,15.93,15.64,15.93,15.47
2016-07-19,15.7,15.82,15.87,15.38
2016-07-20,15.85,15.98,16.05,15.69
2016-07-21,16.0,16.86,17.5,15.95
2016-07-22,16.87,16.54,17.05,16.42
2016-07-25,16.4,16.63,16.75,16.32
2016-07-26,16.6,16.69,16.82,16.47
2016-07-27,16.68,16.97,17.47,15.51
2016-07-28,16.71,17.27,17.5,16.07
2016-07-29,17.2,16.93,17.78,16.9
2016-08-01,16.51,15.5,16.53,15.47
2016-08-02,15.35,15.76,15.94,15.03
2016-08-03,15.66,15.97,16.16,15.53
2016-08-04,15.85,15.96,16.02,15.5
2016-08-05,15.89,15.77,16.36,15.76
2016-08-08,15.71,16.06,16.08,15.4
2016-08-09,16.03,16.01,16.08,15.81
2016-08-10,16.01,15.81,16.25,15.8
2016-08-11,15.79,15.53,15.87,15.49
2016-08-12,15.59,15.69,15.73,15.48
2016-08-15,15.69,15.9,16.06,15.63
2016-08-16,15.91,16.01,16.14,15.82
2016-08-17,16.0,16.29,16.49,15.85
2016-08-18,16.1,16.21,16.47,16.05
2016-08-19,16.1,16.28,16.38,16.02
2016-08-22,16.3,16.61,16.98,16.25
2016-08-23,16.55,16.47,16.8,16.22
2016-08-24,16.49,16.74,16.88,16.41
2016-08-25,16.58,16.38,16.7,16.16
2016-08-26,16.4,16.86,17.3,16.3
2016-08-29,16.79,17.05,17.18,16.6
2016-08-30,17.06,16.74,17.1,16.71
2016-08-31,16.74,16.7,16.9,16.51
2016-09-01,16.64,16.59,16.94,16.57
2016-09-02,16.55,16.31,16.65,16.26
2016-09-05,16.35,16.18,16.46,16.15
2016-09-06,16.25,16.54,16.6,16.18
2016-09-07,16.54,16.62,16.78,16.44
2016-09-08,16.7,16.81,16.86,16.44
2016-09-09,16.84,17.34,17.67,16.7
2016-09-12,16.9,16.36,17.19,16.35
2016-09-13,16.44,16.75,16.78,16.41
2016-09-14,16.57,16.98,17.27,16.57
2016-09-19,17.0,17.44,17.5,16.9
2016-09-20,17.36,17.21,18.0,17.18
2016-09-21,17.16,18.26,18.5,17.16
2016-09-22,18.11,18.61,18.7,17.93
2016-09-23,18.45,18.29,18.8,18.11
2016-09-26,18.2,17.85,18.33,17.6
2016-09-27,17.82,17.89,17.98,17.4
2016-09-28,17.79,17.82,17.94,17.6
2016-09-29,17.85,17.92,18.08,17.72
2016-09-30,18.0,18.4,18.55,18.0
2016-10-10,18.77,18.57,18.89,18.33
2016-10-11,18.58,19.2,19.68,18.42
2016-10-12,19.2,18.96,19.6,18.82
2016-10-13,18.84,18.98,19.18,18.74
2016-10-14,18.95,18.87,19.05,18.48
2016-10-17,18.72,18.36,18.88,18.24
2016-10-18,18.3,18.58,18.62,18.25
2016-10-19,18.5,18.98,19.0,18.32
2016-10-20,18.9,18.81,19.11,18.55
2016-10-21,18.88,18.46,18.88,18.33
2016-10-24,18.49,18.7,18.8,18.49
2016-10-25,18.7,18.66,18.77,18.55
2016-10-26,18.67,18.32,18.78,18.11
2016-10-27,18.3,18.24,18.42,18.1
2016-10-28,18.3,18.21,18.43,18.15
2016-10-31,18.2,17.9,18.2,17.61
2016-11-01,17.9,18.31,18.32,17.9
2016-11-02,18.3,18.22,18.35,18.05
2016-11-03,18.2,18.16,18.4,18.02
2016-11-04,18.2,17.85,18.33,17.42
2016-11-07,17.83,17.99,18.0,17.53
2016-11-08,18.09,18.3,18.33,17.92
2016-11-09,18.28,18.11,18.36,17.64
2016-11-10,18.28,19.92,19.92,18.08
2016-11-11,20.0,19.92,20.3,19.71
2016-11-14,19.73,19.4,19.78,19.3
2016-11-15,19.51,20.19,21.04,19.33
2016-11-16,20.07,21.22,21.78,20.02
2016-11-17,20.88,20.63,21.32,20.44
2016-11-18,20.46,21.13,21.5,20.21
2016-11-21,20.88,21.44,21.76,20.82
2016-11-22,21.19,20.91,21.48,20.68
2016-11-23,20.81,20.31,20.81,20.22
2016-11-24,20.35,20.16,20.82,20.15
2016-11-25,20.3,19.66,20.3,19.0
2016-11-28,19.62,19.94,20.25,19.6
2016-11-29,20.05,19.64,20.2,19.4
2016-11-30,19.7,19.76,19.87,19.36
2016-12-01,19.77,19.55,19.9,19.46
2016-12-02,19.54,19.02,19.54,18.89
2016-12-05,18.63,18.74,19.1,18.5
2016-12-06,18.78,19.26,19.4,18.72
2016-12-07,19.26,19.31,19.4,19.04
2016-12-08,19.39,19.61,19.96,19.21
2016-12-09,19.67,19.89,20.38,19.5
2016-12-12,19.88,18.88,20.21,18.88
2016-12-13,18.41,19.08,19.4,18.2
2016-12-14,19.18,19.65,20.33,18.8
2016-12-15,19.5,20.79,21.0,19.43
2016-12-16,20.6,20.33,21.37,20.22
2016-12-19,20.0,20.68,20.94,20.0
2016-12-20,20.48,19.53,20.58,19.35
2016-12-21,19.69,19.67,19.77,19.4
2016-12-22,19.65,20.91,21.34,19.52
2016-12-23,20.94,20.29,21.08,20.0
2016-12-26,20.1,20.42,20.78,19.82
2016-12-27,20.39,20.94,21.16,19.9
2016-12-28,20.71,20.99,21.57,20.5
2016-12-29,20.76,20.34,20.9,20.26
2016-12-30,20.16,19.98,20.58,19.88
2017-01-03,20.02,20.34,20.56,19.95
2017-01-04,20.35,20.74,20.75,20.09
2017-01-05,20.65,20.96,21.12,20.45
2017-01-06,20.77,20.9,21.17,20.6
2017-01-09,20.75,20.76,20.99,20.48
2017-01-10,20.7,21.35,21.66,20.55
2017-01-11,21.05,20.34,21.29,20.27
2017-01-12,20.01,19.97,20.59,19.9
2017-01-13,20.02,18.32,20.18,17.98
2017-01-16,18.32,16.89,18.46,16.49
2017-01-17,16.94,17.31,17.48,16.65
2017-01-18,17.32,17.23,17.52,16.99
2017-01-19,17.09,17.14,17.38,16.99
2017-01-20,17.25,17.17,17.3,17.0
2017-01-23,17.08,17.22,17.28,17.06
2017-01-24,17.24,17.09,17.24,17.06
2017-01-25,17.05,17.18,17.29,17.05
2017-01-26,17.24,17.55,17.58,17.11
2017-02-03,17.55,17.29,17.55,17.15
2017-02-06,17.49,17.57,17.68,17.31
2017-02-07,17.5,17.81,17.89,17.5
2017-02-08,17.75,17.95,18.18,17.36
2017-02-09,17.83,17.93,18.23,17.79
2017-02-10,17.94,17.69,17.98,17.65
2017-02-13,17.78,17.73,17.95,17.38
2017-02-14,17.6,17.96,18.05,17.58
2017-02-15,18.09,18.45,19.29,18.0
2017-02-16,18.45,18.28,18.6,18.07
2017-02-17,18.28,17.84,18.3,17.8
2017-02-20,17.83,17.83,18.14,17.63
2017-02-21,17.83,17.95,18.03,17.75
2017-02-22,18.03,17.84,18.03,17.71
2017-02-23,17.8,17.6,17.86,17.41
2017-02-24,17.58,17.91,17.96,17.58
2017-02-27,17.92,17.75,18.1,17.7
2017-02-28,17.76,17.71,17.87,17.58
2017-03-01,17.66,17.74,17.86,17.6
2017-03-02,17.74,17.59,17.82,17.58
2017-03-03,17.51,17.37,17.58,17.33
2017-03-06,17.48,17.67,17.78,17.37
2017-03-07,17.8,17.66,17.8,17.56
2017-03-08,17.68,17.55,17.72,17.48
2017-03-09,17.57,17.76,18.19,17.57
2017-03-10,17.75,17.45,17.79,17.35
2017-03-13,17.46,17.43,17.46,17.18
2017-03-14,17.43,17.15,17.56,17.05
2017-03-15,17.19,17.14,17.32,17.1
2017-03-16,17.11,17.28,17.29,17.11
2017-03-17,17.35,17.2,17.4,17.12
2017-03-20,17.23,17.25,17.32,17.15
2017-03-21,17.29,17.25,17.3,17.18
2017-03-22,17.2,16.91,17.2,16.82
2017-03-23,17.0,16.62,17.0,16.41
2017-03-24,16.64,16.8,16.81,16.52
2017-03-27,16.9,16.99,17.05,16.81
2017-03-28,16.99,16.94,17.08,16.58
2017-03-29,16.9,16.61,16.97,16.55
2017-03-30,16.6,15.47,16.65,15.4
2017-03-31,15.58,15.58,15.76,15.38
2017-04-05,15.57,16.56,17.0,15.49
2017-04-06,16.53,16.29,16.7,16.27
2017-04-07,16.29,16.24,16.49,16.16
2017-04-10,16.16,15.7,16.21,15.47
2017-04-11,15.61,15.91,15.95,15.55
2017-04-12,16.01,16.0,16.36,15.74
2017-04-13,15.96,15.84,16.06,15.72
2017-04-14,15.82,15.53,15.83,15.4
2017-04-17,15.21,15.14,15.6,15.1
2017-04-18,15.21,14.7,15.4,14.5
2017-04-19,14.71,14.16,14.78,13.62
2017-04-20,14.14,14.2,14.32,13.82
2017-04-21,14.21,14.13,14.36,13.98
2017-04-24,14.08,13.15,14.12,13.13
2017-04-25,13.15,13.12,13.42,13.1
2017-04-26,13.13,13.31,13.39,13.13
2017-04-27,13.39,13.34,13.42,12.88
2017-04-28,13.32,13.79,13.88,13.21
2017-05-02,13.79,13.91,13.98,13.6
2017-05-03,13.75,14.46,15.0,13.74
2017-05-04,14.15,14.17,14.42,14.12
2017-05-05,14.16,13.9,14.48,13.88
2017-05-08,13.69,13.49,14.14,13.46
2017-05-09,13.49,13.76,13.86,13.4
2017-05-10,13.84,13.61,14.07,13.5
2017-05-11,13.3,13.27,13.55,12.78
2017-05-12,13.36,13.34,13.56,13.15
2017-05-15,13.36,13.48,13.64,13.36
2017-05-16,13.56,13.84,13.87,13.4
2017-05-17,13.82,13.86,14.08,13.79
2017-05-18,13.75,13.65,13.82,13.45
2017-05-19,13.58,13.73,13.88,13.49
2017-05-22,13.74,13.57,13.8,13.51
2017-05-23,13.5,13.08,13.51,13.03
2017-05-24,13.03,13.03,13.16,12.6
2017-05-25,12.99,13.02,13.15,12.71
2017-05-26,12.97,13.0,13.11,12.94
2017-05-31,13.13,12.94,13.29,12.92
2017-06-01,12.94,12.18,12.94,12.01
2017-06-02,12.03,12.26,12.36,11.68
2017-06-05,12.25,12.35,12.51,12.18
2017-06-06,12.35,12.42,12.51,12.23
2017-06-07,12.52,12.77,12.81,12.4
2017-06-08,12.78,12.73,13.07,12.66
2017-06-09,12.64,14.0,14.0,12.64
2017-06-12,14.0,13.89,14.79,13.55
2017-06-13,13.72,14.29,14.77,13.58
2017-06-14,14.05,14.06,14.52,13.96
2017-06-15,13.99,14.11,14.4,13.95
2017-06-16,14.11,13.87,14.3,13.85
2017-06-19,13.93,13.93,14.2,13.77
2017-06-20,13.86,14.02,14.13,13.81
2017-06-21,14.1,14.6,14.8,13.91
2017-06-22,14.25,14.5,14.98,14.23
2017-06-23,14.41,14.35,14.53,13.88
2017-06-26,14.4,14.43,14.48,14.15
2017-06-27,14.48,14.34,14.58,14.22
2017-06-28,14.32,13.94,14.32,13.9
2017-06-29,13.81,13.94,14.07,13.81
2017-06-30,13.94,13.85,13.94,13.62
2017-07-03,13.97,14.09,14.11,13.86
2017-07-04,14.02,13.85,14.13,13.8
2017-07-05,13.84,13.95,14.04,13.75
2017-07-06,13.98,13.84,14.04,13.72
2017-07-07,13.84,14.82,14.93,13.78
2017-07-10,14.77,14.49,14.77,14.35
2017-07-11,14.68,14.17,14.68,14.13
2017-07-12,14.18,14.53,14.55,14.0
2017-07-13,14.6,14.31,14.66,14.21
2017-07-14,14.31,14.09,14.36,13.96
2017-07-17,13.93,12.68,13.99,12.68
2017-07-18,12.68,12.74,12.8,12.42
2017-07-19,12.74,12.89,12.96,12.55
2017-07-20,12.87,13.05,13.35,12.83
2017-07-21,12.99,13.12,13.25,12.91
2017-07-24,13.25,13.28,13.3,13.1
2017-07-25,13.25,13.04,13.29,12.94
2017-07-26,13.03,12.91,13.15,12.84
2017-07-27,12.91,13.24,13.3,12.79
2017-07-28,13.12,13.28,13.37,13.12
2017-07-31,13.28,13.5,13.65,13.18
2017-08-01,13.47,13.75,14.19,13.4
2017-08-02,13.6,13.2,13.71,13.19
2017-08-03,13.1,13.22,13.35,13.08
2017-08-04,13.23,13.11,13.5,13.1
2017-08-07,13.23,13.16,13.3,13.09
2017-08-08,13.16,13.11,13.25,13.01
2017-08-09,13.12,13.15,13.26,13.03
2017-08-10,13.18,13.0,13.31,12.9
2017-08-11,12.86,12.75,12.96,12.72
2017-08-14,12.69,12.88,12.91,12.68
2017-08-15,12.83,13.04,13.07,12.83
2017-08-16,13.15,13.14,13.16,12.99
2017-08-17,13.22,13.25,13.34,13.15
2017-08-18,13.21,13.74,14.58,13.04
2017-08-21,13.95,13.94,14.15,13.8
2017-08-22,13.81,13.6,13.93,13.59
2017-08-23,13.55,13.57,13.7,13.51
2017-08-24,13.59,13.68,14.2,13.52
2017-08-25,13.45,13.7,13.73,13.45
2017-08-28,13.7,13.79,13.91,13.6
2017-08-29,13.78,13.87,13.98,13.69
2017-08-30,15.1,15.26,15.26,15.1
2017-08-31,16.0,16.15,16.5,15.47
2017-09-01,15.4,16.61,17.58,15.36
2017-09-04,16.15,16.18,16.64,16.03
2017-09-05,15.98,15.81,16.15,15.7
2017-09-06,15.7,15.83,16.08,15.66
2017-09-07,15.7,15.5,15.95,15.49
2017-09-08,15.42,15.58,15.69,15.35
2017-09-11,15.5,15.43,15.64,15.21
2017-09-12,15.38,15.12,15.51,15.04
2017-09-13,15.21,15.3,15.36,15.09
2017-09-14,15.26,15.92,15.99,15.15
2017-09-15,15.73,15.32,15.9,15.3
2017-09-18,15.23,15.38,15.45,15.14
2017-09-19,15.35,15.61,15.79,15.3
2017-09-20,15.55,15.48,15.68,15.3
2017-09-21,15.5,15.6,15.88,15.13
2017-09-22,15.45,14.75,15.5,14.64
2017-09-25,14.5,14.13,14.66,14.08
2017-09-26,14.23,14.24,14.29,14.02
2017-09-27,14.23,14.31,14.48,14.18
2017-09-28,14.25,14.28,14.45,14.25
2017-09-29,14.28,14.44,14.46,14.28
2017-10-09,14.6,14.62,14.67,14.43
2017-10-10,14.69,14.78,14.79,14.51
2017-10-11,14.75,14.68,14.92,14.64
2017-10-12,14.68,14.8,15.38,14.52
2017-10-13,14.72,14.66,14.81,14.56
2017-10-16,14.61,14.14,14.65,14.12
2017-10-17,14.1,14.2,14.45,14.1
2017-10-18,14.2,14.16,14.52,14.13
2017-10-19,14.0,13.7,14.0,13.56
2017-10-20,14.18,15.07,15.07,14.15
2017-10-23,15.8,15.21,16.09,15.12
2017-10-24,14.68,14.85,14.87,14.55
2017-10-25,14.42,14.57,14.99,14.41
2017-10-26,14.59,15.48,15.58,14.46
2017-10-27,15.15,15.33,15.4,14.92
2017-10-30,15.2,14.5,15.27,14.2
2017-10-31,14.58,15.95,15.95,14.41
2017-11-01,15.87,16.08,16.11,15.44
2017-11-02,15.81,15.33,15.99,15.23
2017-11-03,15.22,15.63,15.77,15.0
2017-11-06,15.49,16.01,16.25,15.32
2017-11-07,16.07,15.87,16.1,15.63
2017-11-08,15.66,15.55,16.15,15.41
2017-11-09,15.55,15.37,15.62,15.21
2017-11-10,15.38,15.51,15.54,15.22
2017-11-13,15.61,15.27,16.1,15.21
2017-11-14,15.1,14.6,15.1,13.74
2017-11-15,14.45,14.21,14.54,14.05
2017-11-16,14.18,14.13,14.38,14.01
2017-11-17,14.1,13.18,14.18,13.04
2017-11-20,13.06,13.19,13.19,12.45
2017-11-21,13.14,13.22,13.44,12.97
2017-11-22,13.16,12.88,13.27,12.8
2017-11-23,12.85,12.65,12.98,12.61
2017-11-24,12.66,12.7,12.79,12.5
2017-11-27,12.7,12.5,12.9,12.4
2017-11-28,12.4,12.59,12.61,12.3
2017-11-29,12.69,12.64,12.71,12.44
2017-11-30,12.6,12.55,12.79,12.53
2017-12-01,12.5,12.61,12.68,12.46
2017-12-04,12.63,12.81,13.25,12.33
2017-12-05,12.7,11.96,12.73,11.83
2017-12-06,11.96,12.01,12.19,11.73
2017-12-07,12.01,12.02,12.17,11.87
2017-12-08,12.08,12.23,12.3,12.06
2017-12-11,12.33,12.28,12.36,12.16
2017-12-12,12.28,12.28,12.58,12.24
2017-12-13,12.28,12.34,12.6,12.28
2017-12-14,12.35,12.23,12.44,12.09
2017-12-15,12.18,12.07,12.24,12.02
2017-12-18,12.15,12.07,12.24,11.98
2017-12-19,12.05,12.18,12.45,12.0
2017-12-20,12.1,11.93,12.17,11.89
2017-12-21,11.96,11.75,11.98,11.54
2017-12-22,11.81,11.74,11.82,11.6
2017-12-25,11.59,11.35,11.7,11.34
2017-12-26,11.45,11.53,11.7,11.4
2017-12-27,11.52,11.3,11.52,11.26
2017-12-28,11.29,11.32,11.6,11.16
2017-12-29,11.25,11.41,11.43,11.23
2018-01-02,11.43,11.53,11.58,11.32
2018-01-03,11.5,11.69,11.72,11.43
2018-01-04,11.65,12.34,12.6,11.58
2018-01-05,12.08,11.98,12.22,11.9
2018-01-08,11.85,11.91,12.05,11.78
2018-01-09,11.89,11.77,11.89,11.74
2018-01-10,11.85,11.57,11.85,11.45
2018-01-11,11.6,11.64,11.71,11.43
2018-01-12,11.64,11.63,11.83,11.5
2018-01-15,11.62,11.31,11.62,11.26
2018-01-16,11.22,11.37,11.53,11.2
2018-01-17,11.32,11.44,11.49,11.28
2018-01-18,11.44,11.47,11.5,11.34
2018-01-19,11.47,11.42,11.64,11.39
2018-01-22,11.37,11.39,11.45,11.25
2018-01-23,11.35,11.53,11.7,11.33
2018-01-24,11.54,11.56,11.74,11.47
2018-01-25,11.49,11.5,11.62,11.48
2018-01-26,11.46,11.58,11.85,11.41
2018-01-29,11.51,11.3,11.6,11.28
2018-01-30,11.17,11.22,11.39,11.15
2018-01-31,11.17,10.32,11.17,10.3
2018-02-01,10.35,9.7,10.45,9.57
2018-02-02,9.7,9.38,9.73,9.09
2018-02-05,9.17,9.28,9.5,9.03
2018-02-06,9.14,8.35,9.14,8.35
2018-02-07,8.5,8.44,8.58,8.07
2018-02-08,8.43,8.61,8.73,8.3
2018-02-09,8.41,8.39,8.5,8.26
2018-02-12,8.39,8.63,8.69,8.39
2018-02-13,8.73,8.67,8.85,8.56
2018-02-14,8.64,8.66,8.74,8.62
2018-02-22,8.72,8.83,8.9,8.62
2018-02-23,8.87,9.11,9.58,8.84
2018-02-26,9.07,9.24,9.36,9.07
2018-02-27,9.24,9.68,10.16,9.22
2018-02-28,9.4,9.48,9.65,9.31
2018-03-01,9.47,9.57,9.66,9.36
2018-03-02,9.57,9.89,10.08,9.41
2018-03-05,9.71,9.8,9.97,9.71
2018-03-06,9.82,10.12,10.18,9.72
2018-03-07,10.02,10.07,10.4,10.0
2018-03-08,10.0,9.88,10.07,9.83
2018-03-09,9.9,9.99,10.03,9.85
2018-03-12,9.98,10.15,10.18,9.98
2018-03-13,10.15,10.1,10.26,10.06
2018-03-14,10.0,9.76,10.09,9.72
2018-03-15,9.68,10.05,10.36,9.68
2018-03-16,9.9,10.13,10.22,9.88
2018-03-19,10.03,10.07,10.2,10.02
2018-03-20,10.02,10.27,10.35,9.96
2018-03-21,10.29,11.3,11.3,10.19
2018-03-22,12.3,12.43,12.43,12.1
2018-03-23,13.6,13.67,13.67,12.93
2018-03-26,12.6,13.27,13.37,12.45
2018-03-27,13.48,14.6,14.6,12.93
2018-03-30,13.76,14.21,15.43,13.57
2018-04-02,13.6,13.47,14.12,13.21
2018-04-03,13.22,13.12,13.4,12.96
2018-04-04,13.19,12.77,13.28,12.71
2018-04-09,12.61,12.39,12.78,12.03
2018-04-10,12.48,12.78,12.8,12.19
2018-04-11,13.04,12.6,13.4,12.59
2018-04-12,12.18,12.08,12.45,12.0
2018-04-13,12.13,11.6,12.3,11.53
2018-04-16,11.72,11.94,11.96,11.48
2018-04-17,11.87,11.28,11.88,11.2
2018-04-18,11.4,11.42,11.51,10.88
2018-04-19,11.35,11.67,11.7,11.23
2018-04-20,11.5,11.67,11.85,11.39
2018-04-23,11.5,10.92,11.5,10.52
2018-04-24,10.92,11.25,11.3,10.82
2018-04-25,11.21,11.21,11.48,11.06
2018-04-26,11.19,10.8,11.33,10.79
2018-04-27,10.81,10.66,10.97,10.62
2018-05-02,10.59,10.68,10.75,10.45
2018-05-03,10.61,11.32,11.35,10.58
2018-05-04,11.32,11.12,11.63,11.11
2018-05-07,10.91,11.11,11.15,10.62
2018-05-08,11.02,11.32,11.7,11.02
2018-05-09,11.2,11.42,11.48,11.01
2018-05-10,11.31,11.75,11.77,11.31
2018-05-11,11.85,11.46,11.89,11.41
2018-05-14,11.41,11.17,11.5,11.06
2018-05-15,11.2,11.33,11.43,11.09
2018-05-16,11.28,10.97,11.28,10.9
2018-05-17,10.79,10.98,11.03,10.72
2018-05-18,10.96,10.91,11.06,10.76
2018-05-21,11.02,11.22,11.25,10.99
2018-05-22,11.26,11.23,11.3,11.04
2018-05-23,11.22,10.96,11.38,10.92
2018-05-24,11.5,11.57,12.06,11.5
2018-05-25,11.26,12.02,12.45,11.26
