date,open,close,high,low
2016-01-04,12.41,11.123,12.44,11.123
2016-01-05,10.439,11.717,11.776,10.409
2016-01-06,11.598,12.479,12.757,11.509
2016-01-07,12.192,11.231,12.281,11.231
2016-01-08,11.548,11.578,12.291,11.103
2016-01-11,11.41,10.419,11.756,10.419
2016-01-12,10.31,10.32,11.162,9.508
2016-01-13,10.35,9.795,10.588,9.686
2016-01-14,9.488,9.974,10.152,9.211
2016-01-15,9.904,9.558,10.102,9.429
2016-01-18,9.191,10.043,10.39,9.191
2016-01-19,9.944,10.716,10.974,9.944
2016-01-20,10.568,11.132,11.469,10.518
2016-01-21,10.895,11.281,11.836,10.756
2016-01-22,11.222,11.846,11.865,10.934
2016-01-25,11.776,11.846,12.162,11.301
2016-01-26,11.538,10.657,11.558,10.657
2016-01-27,10.419,9.924,10.518,9.587
2016-01-28,9.894,9.013,10.152,8.934
2016-01-29,8.963,9.399,9.568,8.775
2016-02-01,9.33,9.043,9.468,8.805
2016-02-02,9.142,9.587,9.617,9.062
2016-02-03,9.488,9.449,9.568,9.221
2016-02-04,9.508,9.815,9.884,9.478
2016-02-05,9.756,9.28,9.845,9.241
2016-02-15,8.914,9.171,9.29,8.835
2016-02-16,9.241,9.577,9.627,9.241
2016-02-17,9.558,9.815,9.875,9.468
2016-02-18,9.835,9.884,10.073,9.706
2016-02-19,9.825,9.795,9.894,9.657
2016-02-22,9.914,10.003,10.073,9.805
2016-02-23,9.984,10.281,10.33,9.914
2016-02-24,10.112,10.251,10.271,9.884
2016-02-25,10.201,9.231,10.201,9.231
2016-02-26,9.35,9.161,9.36,8.993
2016-02-29,9.201,8.448,9.211,8.28
2016-03-01,8.498,8.587,8.646,8.221
2016-03-02,8.587,9.062,9.092,8.547
2016-03-03,9.043,9.053,9.241,9.033
2016-03-04,9.053,8.785,9.171,8.567
2016-03-07,8.805,8.973,9.072,8.795
2016-03-08,8.944,8.963,8.973,8.567
2016-03-09,8.825,8.745,8.924,8.637
2016-03-10,8.765,8.666,8.874,8.666
2016-03-11,8.627,8.656,8.706,8.429
2016-03-14,8.736,9.191,9.201,8.716
2016-03-15,9.072,9.181,9.29,9.043
2016-03-16,9.211,9.498,9.597,9.142
2016-03-17,9.419,9.597,9.756,9.31
2016-03-18,9.587,9.667,9.756,9.439
2016-03-21,9.706,9.825,9.845,9.627
2016-03-22,9.756,9.637,9.825,9.607
2016-03-23,9.587,9.617,9.686,9.478
2016-03-24,9.568,9.597,9.795,9.488
2016-03-25,9.657,9.835,9.855,9.587
2016-03-28,10.122,9.934,10.261,9.855
2016-03-29,9.964,9.627,9.964,9.518
2016-03-30,9.756,9.984,9.993,9.706
2016-03-31,9.984,9.894,10.102,9.865
2016-04-01,9.904,10.013,10.063,9.776
2016-04-05,10.013,10.231,10.3,10.003
2016-04-06,10.182,10.182,10.34,10.112
2016-04-07,10.201,9.924,10.281,9.904
2016-04-08,9.914,9.954,10.023,9.835
2016-04-11,10.023,10.073,10.182,10.013
2016-04-12,10.073,9.954,10.092,9.825
2016-04-13,10.063,10.102,10.211,9.993
2016-04-14,10.132,10.152,10.182,10.053
2016-04-15,10.152,10.469,10.548,10.102
2016-04-18,10.35,10.419,10.647,10.3
2016-04-19,10.508,10.399,10.528,10.261
2016-04-20,10.409,9.686,10.489,9.419
2016-04-21,9.696,9.657,9.855,9.627
2016-04-22,9.617,9.686,9.726,9.558
2016-04-25,9.647,9.785,9.805,9.508
2016-04-26,9.785,9.815,9.825,9.647
2016-04-27,9.825,9.835,9.993,9.776
2016-04-28,9.835,9.795,9.875,9.617
2016-04-29,9.746,10.112,10.182,9.716
2016-05-03,10.083,10.667,10.845,10.013
2016-05-04,10.499,10.449,10.677,10.429
2016-05-05,10.459,10.548,10.598,10.399
2016-05-06,10.647,10.003,10.697,9.993
2016-05-09,10.003,9.637,10.003,9.568
2016-05-10,9.607,9.756,9.855,9.508
2016-05-11,9.884,10.003,10.34,9.884
2016-05-12,9.785,9.637,9.785,9.29
2016-05-13,9.647,9.607,9.954,9.508
2016-05-16,9.518,9.736,9.736,9.31
2016-05-17,9.706,9.597,9.736,9.518
2016-05-18,9.508,9.191,9.558,8.993
2016-05-19,9.161,9.181,9.32,9.132
2016-05-20,9.112,9.29,9.29,9.023
2016-05-23,9.32,9.35,9.369,9.261
2016-05-24,9.35,9.399,9.568,9.33
2016-05-25,9.399,9.27,9.498,9.211
2016-05-26,9.31,9.27,9.33,9.053
2016-05-27,9.33,9.29,9.429,9.261
2016-05-30,9.112,9.171,9.261,9.043
2016-05-31,9.171,9.508,9.558,9.142
2016-06-01,9.508,9.558,9.627,9.459
2016-06-02,9.548,9.627,9.647,9.508
2016-06-03,9.637,9.825,10.073,9.548
2016-06-06,9.845,9.825,9.934,9.746
2016-06-07,9.795,9.924,9.974,9.795
2016-06-08,9.924,9.795,9.944,9.726
2016-06-13,9.577,9.379,9.726,9.36
2016-06-14,9.379,9.488,9.528,9.33
2016-06-15,9.429,9.736,9.795,9.36
2016-06-16,9.736,9.894,9.974,9.686
2016-06-17,9.924,9.904,10.023,9.795
2016-06-20,9.904,10.073,10.122,9.726
2016-06-21,10.073,9.894,10.112,9.706
2016-06-22,9.865,10.033,10.033,9.825
2016-06-23,10.023,9.904,10.023,9.815
2016-06-24,9.914,9.716,9.964,9.508
2016-06-27,9.657,9.974,9.984,9.607
2016-06-28,9.974,10.092,10.102,9.884
2016-06-29,10.073,10.053,10.162,9.993
2016-06-30,10.053,10.122,10.34,10.053
2016-07-01,10.102,10.073,10.221,10.043
2016-07-04,10.003,10.241,10.291,9.964
2016-07-05,10.271,10.429,10.459,10.221
2016-07-06,10.35,10.796,10.885,10.281
2016-07-07,10.736,10.657,10.736,10.499
2016-07-08,10.567,10.517,10.686,10.448
2016-07-11,10.517,11.035,11.512,10.507
2016-07-12,11.124,11.323,11.472,10.985
2016-07-13,11.204,11.094,11.204,10.995
2016-07-14,11.094,11.084,11.214,11.005
2016-07-15,11.074,11.025,11.134,10.846
2016-07-18,10.975,10.985,11.104,10.826
2016-07-19,10.975,10.726,10.985,10.587
2016-07-20,10.736,10.776,10.895,10.686
2016-07-21,10.746,10.875,10.935,10.746
2016-07-22,10.895,10.696,10.895,10.657
2016-07-25,10.676,10.736,10.846,10.676
2016-07-26,10.766,11.005,11.015,10.736
2016-07-27,11.005,10.537,11.035,10.209
2016-07-28,10.517,10.637,10.736,10.368
2016-07-29,10.617,10.657,10.975,10.607
2016-08-01,10.547,10.169,10.557,10.06
2016-08-02,10.179,10.547,10.587,10.109
2016-08-03,10.438,10.846,11.015,10.398
2016-08-04,10.756,10.776,10.905,10.666
2016-08-05,10.776,10.726,11.084,10.676
2016-08-08,10.696,11.005,11.015,10.686
2016-08-09,10.945,11.015,11.054,10.875
2016-08-10,11.005,10.905,11.005,10.826
2016-08-11,10.895,10.647,10.945,10.627
2016-08-12,10.666,10.716,10.726,10.388
2016-08-15,10.637,10.955,11.005,10.627
2016-08-16,10.975,10.985,11.204,10.955
2016-08-17,10.995,11.154,11.323,10.995
2016-08-18,11.164,11.373,11.393,10.995
2016-08-19,11.363,11.184,11.363,11.064
2016-08-22,11.184,10.965,11.224,10.945
2016-08-23,10.945,11.035,11.074,10.905
2016-08-24,11.035,10.985,11.094,10.925
2016-08-25,10.945,10.905,10.945,10.806
2016-08-26,10.915,10.925,11.035,10.905
2016-08-29,10.826,10.766,10.895,10.726
2016-08-30,10.766,10.776,10.865,10.726
2016-08-31,10.736,10.826,10.875,10.736
2016-09-01,10.796,10.647,10.855,10.637
2016-09-02,10.627,10.686,10.786,10.607
2016-09-05,10.696,10.776,10.826,10.676
2016-09-06,10.756,10.975,11.005,10.746
2016-09-07,10.995,10.945,11.035,10.826
2016-09-08,10.935,10.935,11.005,10.885
2016-09-09,10.935,10.736,10.965,10.696
2016-09-12,10.567,10.338,10.657,10.318
2016-09-13,10.438,10.388,10.457,10.298
2016-09-14,10.318,10.328,10.398,10.318
2016-09-19,10.328,10.438,10.448,10.328
2016-09-20,10.398,10.378,10.438,10.338
2016-09-21,10.388,10.448,10.487,10.358
2016-09-22,10.467,10.428,10.517,10.418
2016-09-23,10.438,10.418,10.487,10.408
2016-09-26,10.408,10.079,10.408,10.05
2016-09-27,10.069,10.099,10.129,10.01
2016-09-28,10.139,10.109,10.139,10.079
2016-09-29,10.079,10.179,10.199,10.069
2016-09-30,10.179,10.209,10.249,10.149
2016-10-10,10.219,10.408,10.428,10.219
2016-10-11,10.408,10.517,10.557,10.388
2016-10-12,10.517,10.547,10.577,10.428
2016-10-13,10.507,10.537,10.577,10.487
2016-10-14,10.497,10.567,10.617,10.398
2016-10-17,10.557,10.547,10.666,10.507
2016-10-18,10.547,10.666,10.696,10.497
2016-10-19,10.666,10.686,10.766,10.617
2016-10-20,10.647,10.587,10.706,10.567
2016-10-21,10.587,10.627,10.726,10.497
2016-10-24,10.607,10.666,10.726,10.557
2016-10-25,10.676,10.776,10.806,10.657
2016-10-26,10.776,10.846,11.035,10.746
2016-10-27,10.836,10.746,10.836,10.666
2016-10-28,10.726,10.597,10.776,10.577
2016-10-31,10.527,10.627,10.657,10.497
2016-11-01,10.637,10.696,10.716,10.637
2016-11-02,10.706,10.676,10.826,10.657
2016-11-03,10.597,10.776,10.836,10.597
2016-11-04,10.826,10.736,10.836,10.686
2016-11-07,10.746,11.064,11.114,10.666
2016-11-08,10.995,11.025,11.134,10.915
2016-11-09,10.955,10.836,10.995,10.766
2016-11-10,10.915,11.005,11.025,10.846
2016-11-11,11.015,11.144,11.204,10.955
2016-11-14,11.244,11.164,11.333,11.064
2016-11-15,11.164,11.124,11.214,11.054
2016-11-16,11.124,11.303,11.383,11.094
2016-11-17,11.303,11.164,11.313,11.094
2016-11-18,11.154,11.005,11.204,10.965
2016-11-21,11.045,11.174,11.194,11.005
2016-11-22,11.164,11.224,11.234,11.114
2016-11-23,11.244,11.114,11.363,11.084
2016-11-24,11.114,11.462,11.512,11.074
2016-11-25,11.443,11.612,11.671,11.224
2016-11-28,11.542,11.472,11.652,11.383
2016-11-29,11.452,11.343,11.701,11.293
2016-11-30,11.462,11.542,11.741,11.403
2016-12-01,11.502,11.313,11.542,11.214
2016-12-02,11.313,10.965,11.363,10.945
2016-12-05,10.945,11.035,11.154,10.865
2016-12-06,11.045,11.035,11.194,10.995
2016-12-07,11.045,11.283,11.293,11.005
2016-12-08,11.293,11.293,11.522,11.214
2016-12-09,11.254,11.502,11.671,11.254
2016-12-12,11.532,10.846,11.542,10.796
2016-12-13,10.806,11.492,11.612,10.806
2016-12-14,11.482,11.741,12.219,11.482
2016-12-15,11.791,12.059,12.089,11.791
2016-12-16,12.059,12.089,12.587,11.94
2016-12-19,12.169,12.229,12.467,12.079
2016-12-20,12.129,11.92,12.169,11.851
2016-12-21,12.03,12.229,12.268,11.94
2016-12-22,12.169,12.209,12.487,12.01
2016-12-23,12.209,12.109,12.258,12.069
2016-12-26,12.189,12.438,12.517,12.129
2016-12-27,12.438,12.438,12.547,12.318
2016-12-28,12.447,12.189,12.497,12.119
2016-12-29,12.189,12.219,12.358,12.04
2016-12-30,12.288,12.239,12.418,12.139
2017-01-03,12.328,12.865,13.124,12.239
2017-01-04,12.885,12.895,13.015,12.726
2017-01-05,12.915,12.915,12.965,12.736
2017-01-06,12.836,13.084,13.532,12.836
2017-01-09,13.094,13.263,13.303,12.975
2017-01-10,13.224,13.005,13.363,12.975
2017-01-11,13.005,12.567,13.035,12.527
2017-01-12,12.597,12.676,12.875,12.487
2017-01-13,12.686,12.199,12.736,12.149
2017-01-16,12.229,11.751,12.368,11.074
2017-01-17,11.731,12.01,12.04,11.661
2017-01-18,11.94,12.059,12.219,11.86
2017-01-19,12.109,12.02,12.179,11.95
2017-01-20,12.03,12.109,12.169,11.95
2017-01-23,12.119,12.328,12.438,12.089
2017-01-24,12.338,12.268,12.378,12.159
2017-01-25,12.258,12.408,12.438,12.179
2017-01-26,12.457,12.597,12.627,12.358
2017-02-03,12.607,12.328,12.617,12.288
2017-02-06,12.318,12.686,12.726,12.288
2017-02-07,12.696,12.637,12.845,12.557
2017-02-08,12.637,12.527,12.637,12.388
2017-02-09,12.527,12.647,13.005,12.517
2017-02-10,12.617,12.676,12.766,12.537
2017-02-13,12.836,13.154,13.263,12.816
2017-02-14,13.104,13.124,13.194,12.995
2017-02-15,13.214,13.015,13.363,12.935
2017-02-16,13.054,13.114,13.184,12.985
2017-02-17,13.134,12.746,13.174,12.666
2017-02-20,12.836,12.895,13.044,12.726
2017-02-21,12.945,13.214,13.283,12.935
2017-02-22,13.164,13.413,13.572,13.084
2017-02-23,13.413,13.373,13.512,13.273
2017-02-24,13.283,13.373,13.413,13.244
2017-02-27,13.492,13.124,13.612,13.094
2017-02-28,13.154,13.204,13.224,13.074
2017-03-01,13.204,13.164,13.244,13.094
2017-03-02,13.214,12.995,13.214,12.965
2017-03-03,13.035,13.054,13.194,13.015
2017-03-06,13.054,13.035,13.084,12.845
2017-03-07,13.064,13.005,13.084,12.965
2017-03-08,13.035,12.965,13.044,12.935
2017-03-09,12.975,12.557,12.985,12.398
2017-03-10,12.597,12.617,12.776,12.527
2017-03-13,12.557,12.686,12.696,12.418
2017-03-14,12.686,12.766,12.875,12.647
2017-03-15,12.816,12.736,12.915,12.587
2017-03-16,12.786,12.855,12.895,12.786
2017-03-17,12.865,12.826,12.975,12.816
2017-03-20,12.845,13.064,13.144,12.845
2017-03-21,13.035,13.094,13.184,13.035
2017-03-22,13.064,12.895,13.064,12.836
2017-03-23,12.855,13.273,13.323,12.637
2017-03-24,13.124,13.114,13.263,12.985
2017-03-27,13.184,13.054,13.214,12.995
2017-03-28,13.015,12.885,13.094,12.836
2017-03-29,12.845,12.766,12.955,12.746
2017-03-30,12.736,12.249,12.816,12.179
2017-03-31,12.348,12.328,12.418,12.219
2017-04-05,12.298,12.487,12.527,12.278
2017-04-06,12.467,12.497,12.557,12.457
2017-04-07,12.487,12.298,12.537,12.219
2017-04-10,12.308,12.0,12.368,11.94
2017-04-11,12.0,11.88,12.0,11.522
2017-04-12,11.831,11.89,11.98,11.741
2017-04-13,11.89,11.96,12.02,11.841
2017-04-14,11.96,11.602,11.96,11.592
2017-04-17,11.652,11.542,11.781,11.492
2017-04-18,11.592,11.542,11.721,11.472
2017-04-19,11.532,11.244,11.592,11.184
2017-04-20,11.273,11.413,11.522,11.224
2017-04-21,11.423,11.393,11.522,11.343
2017-04-24,11.452,11.373,11.532,11.164
2017-04-25,11.323,11.383,11.532,11.194
2017-04-26,11.333,11.602,11.632,11.313
2017-04-27,11.582,11.761,11.771,11.452
2017-04-28,11.751,11.711,11.771,11.562
2017-05-02,11.642,11.652,11.701,11.592
2017-05-03,11.681,11.741,11.801,11.542
2017-05-04,11.751,11.741,11.791,11.622
2017-05-05,11.731,11.423,11.791,11.393
2017-05-08,11.423,11.413,11.592,11.373
2017-05-09,11.512,11.612,11.691,11.353
2017-05-10,11.612,11.363,11.821,11.343
2017-05-11,11.293,10.925,11.383,10.527
2017-05-12,10.855,10.676,10.955,10.666
2017-05-15,10.766,10.557,10.766,10.537
2017-05-16,10.557,10.706,10.746,10.358
2017-05-17,10.736,10.786,10.826,10.696
2017-05-18,10.597,10.875,10.895,10.577
2017-05-19,10.846,10.836,11.005,10.786
2017-05-22,10.836,10.507,10.915,10.457
2017-05-23,10.457,9.851,10.557,9.801
2017-05-24,9.861,9.97,9.98,9.552
2017-05-25,9.94,10.06,10.099,9.721
2017-05-26,10.06,10.04,10.119,10.0
2017-05-31,10.04,10.06,10.308,10.04
2017-06-01,10.06,9.88,10.099,9.861
2017-06-02,9.821,10.02,10.089,9.821
2017-06-05,10.03,10.199,10.249,10.02
2017-06-06,10.139,10.239,10.308,10.129
2017-06-07,10.239,10.448,10.487,10.179
2017-06-08,10.517,10.318,10.547,10.308
2017-06-09,10.328,10.477,10.527,10.328
2017-06-12,10.398,10.288,10.597,10.288
2017-06-13,10.239,10.418,10.467,10.179
2017-06-14,10.388,10.318,10.477,10.308
2017-06-15,10.278,10.507,10.597,10.278
2017-06-16,10.457,10.507,10.637,10.457
2017-06-19,10.467,10.587,10.607,10.467
2017-06-20,10.547,10.627,10.637,10.527
2017-06-21,10.647,10.816,10.915,10.547
2017-06-22,10.746,10.816,11.094,10.746
2017-06-23,10.756,10.706,10.895,10.368
2017-06-26,10.706,10.905,10.965,10.577
2017-06-27,10.855,10.806,10.925,10.766
2017-06-28,10.776,10.657,10.846,10.657
2017-06-29,10.736,10.647,10.756,10.547
2017-06-30,10.657,10.637,10.726,10.527
2017-07-03,10.647,10.746,10.746,10.597
2017-07-04,10.736,10.597,10.756,10.557
2017-07-05,10.607,10.666,10.666,10.537
2017-07-06,10.666,10.547,10.666,10.497
2017-07-07,10.487,10.587,10.666,10.438
2017-07-10,10.617,10.855,10.865,10.527
2017-07-11,10.806,10.657,10.905,10.657
2017-07-12,10.627,10.517,10.746,10.378
2017-07-13,10.497,10.517,10.567,10.428
2017-07-14,10.517,10.467,10.517,10.398
2017-07-17,10.448,9.771,10.467,9.751
2017-07-18,9.761,9.791,9.851,9.622
2017-07-19,9.791,9.96,9.99,9.761
2017-07-20,10.08,9.99,10.09,9.94
2017-07-21,10.07,10.06,10.09,9.95
2017-07-24,10.0,10.09,10.19,9.99
2017-07-25,10.09,10.0,10.13,9.92
2017-07-26,10.02,10.09,10.4,9.96
2017-07-27,10.17,10.14,10.17,10.02
2017-07-28,10.12,10.17,10.27,10.09
2017-07-31,10.17,10.39,10.48,10.16
2017-08-01,10.49,10.4,10.5,10.3
2017-08-02,10.39,10.19,10.41,10.16
2017-08-03,10.21,10.24,10.28,10.18
2017-08-04,10.33,10.4,10.55,10.33
2017-08-07,10.38,10.54,10.55,10.33
2017-08-08,10.53,10.75,10.86,10.45
2017-08-09,10.68,10.89,10.97,10.63
2017-08-10,10.91,11.06,11.33,10.75
2017-08-11,11.06,10.79,11.24,10.7
2017-08-14,10.99,10.98,11.29,10.93
2017-08-15,10.8,10.89,10.96,10.8
2017-08-16,10.93,10.83,10.97,10.71
2017-08-17,10.83,11.02,11.07,10.83
2017-08-18,10.92,11.11,11.23,10.92
2017-08-21,11.18,11.05,11.21,11.02
2017-08-22,11.07,11.03,11.16,11.01
2017-08-23,10.96,10.69,10.97,10.66
2017-08-24,10.69,10.72,10.82,10.63
2017-08-25,10.72,10.76,10.84,10.71
2017-08-28,10.77,10.79,10.87,10.62
2017-08-29,10.76,10.86,11.03,10.7
2017-08-30,11.03,11.26,11.39,11.02
2017-08-31,11.21,11.22,11.28,11.13
2017-09-01,11.2,11.1,11.29,11.05
2017-09-04,11.06,11.34,11.36,11.06
2017-09-05,11.3,11.29,11.39,11.23
2017-09-06,11.24,11.15,11.25,11.11
2017-09-07,11.14,11.07,11.17,11.06
2017-09-08,11.06,11.09,11.16,11.0
2017-09-11,11.01,11.06,11.09,10.95
2017-09-12,11.0,11.0,11.05,10.94
2017-09-13,10.98,11.04,11.09,10.93
2017-09-14,11.05,10.97,11.08,10.96
2017-09-15,10.95,10.93,11.04,10.9
2017-09-18,10.93,11.01,11.02,10.82
2017-09-19,11.05,11.09,11.1,10.96
2017-09-20,11.12,11.19,11.31,11.12
2017-09-21,11.22,11.19,11.3,11.18
2017-09-22,11.16,11.11,11.18,11.04
2017-09-25,11.11,11.02,11.14,10.96
2017-09-26,10.91,10.94,11.08,10.89
2017-09-27,10.98,10.98,11.01,10.9
2017-09-28,10.95,11.04,11.14,10.9
2017-09-29,11.03,11.01,11.09,10.95
2017-10-09,11.13,11.05,11.19,11.04
2017-10-10,11.06,11.21,11.22,11.01
2017-10-11,11.24,11.64,11.88,11.15
2017-10-12,11.51,11.61,11.72,11.34
2017-10-13,11.54,11.54,11.65,11.45
2017-10-16,11.54,11.14,11.57,11.14
2017-10-17,11.19,11.17,11.28,11.12
2017-10-18,11.18,10.89,11.19,10.88
2017-10-19,10.9,10.81,10.96,10.77
2017-10-20,10.9,11.14,11.2,10.86
2017-10-23,11.08,11.04,11.13,10.94
2017-10-24,11.08,11.01,11.09,10.96
2017-10-25,11.03,11.0,11.03,10.93
2017-10-26,11.05,11.05,11.15,10.96
2017-10-27,11.02,11.06,11.14,11.02
2017-10-30,11.05,10.58,11.05,10.56
2017-10-31,10.59,10.77,10.9,10.47
2017-11-01,10.68,10.74,10.92,10.68
2017-11-02,10.74,10.69,10.84,10.65
2017-11-03,10.69,10.49,10.8,10.38
2017-11-06,10.41,10.46,10.53,10.33
2017-11-07,10.55,10.48,10.57,10.46
2017-11-08,10.59,10.57,10.62,10.46
2017-11-09,10.54,10.6,10.62,10.53
2017-11-10,10.6,10.62,10.68,10.52
2017-11-13,10.62,10.46,10.67,10.45
2017-11-14,10.46,10.26,10.49,10.24
2017-11-15,10.43,10.57,10.62,10.32
2017-11-16,10.65,10.47,10.65,10.45
2017-11-17,10.48,10.07,10.55,10.0
2017-11-20,10.06,10.04,10.07,9.81
2017-11-21,10.05,10.02,10.06,9.97
2017-11-22,10.02,9.94,10.06,9.91
2017-11-23,9.95,9.66,9.96,9.66
2017-11-24,9.68,9.69,9.74,9.62
2017-11-27,9.72,9.59,9.73,9.5
2017-11-28,9.56,9.72,9.75,9.56
2017-11-29,9.66,9.76,9.81,9.66
2017-11-30,9.76,9.67,9.77,9.66
2017-12-01,9.67,9.7,9.74,9.64
2017-12-04,9.69,9.65,9.8,9.57
2017-12-05,9.65,9.24,9.68,9.2
2017-12-06,9.24,9.11,9.24,8.98
2017-12-07,9.1,9.07,9.13,9.03
2017-12-08,9.06,9.1,9.12,9.02
2017-12-11,9.08,9.2,9.21,9.04
2017-12-12,9.19,9.41,9.6,9.16
2017-12-13,9.19,9.34,9.37,9.19
2017-12-14,9.31,9.33,9.39,9.22
2017-12-15,9.31,9.3,9.36,9.25
2017-12-18,9.35,9.23,9.35,9.2
2017-12-19,9.19,9.26,9.33,9.19
2017-12-20,9.26,9.15,9.28,9.11
2017-12-21,9.15,9.17,9.2,9.04
2017-12-22,9.17,9.44,9.6,9.12
2017-12-25,9.38,9.36,9.53,9.31
2017-12-26,9.3,9.51,9.56,9.29
2017-12-27,9.45,9.48,9.53,9.42
2017-12-28,9.49,9.5,9.52,9.4
2017-12-29,9.51,9.52,9.55,9.45
2018-01-02,9.48,9.53,9.63,9.4
2018-01-03,9.55,9.56,9.58,9.47
2018-01-04,9.51,9.57,9.58,9.48
2018-01-05,9.54,9.74,9.74,9.53
2018-01-08,9.69,9.62,9.7,9.51
2018-01-09,9.6,9.66,9.69,9.54
2018-01-10,9.62,9.51,9.62,9.45
2018-01-11,9.51,9.48,9.52,9.44
2018-01-12,9.48,9.71,9.74,9.45
2018-01-15,9.64,9.3,9.68,9.2
2018-01-16,9.22,9.37,9.44,9.22
2018-01-17,9.35,9.3,9.36,9.21
2018-01-18,9.32,9.29,9.38,9.25
2018-01-19,9.28,9.19,9.3,9.16
2018-01-22,9.22,9.15,9.22,9.0
2018-01-23,9.14,9.07,9.16,9.0
2018-01-24,9.05,9.14,9.16,8.92
2018-01-25,9.12,9.12,9.14,9.03
2018-01-26,9.1,9.22,9.34,9.1
2018-01-29,9.21,9.02,9.24,9.01
2018-01-30,8.99,9.05,9.1,8.99
2018-01-31,9.05,8.76,9.07,8.71
2018-02-01,8.68,8.17,8.8,8.1
2018-02-02,8.18,8.07,8.19,7.96
2018-02-05,7.96,7.75,8.0,7.66
2018-02-06,7.6,7.08,7.6,7.03
2018-02-07,7.16,7.12,7.25,7.03
2018-02-08,7.12,7.26,7.27,7.08
2018-02-09,7.15,7.05,7.15,6.96
2018-02-12,7.05,7.21,7.26,7.05
2018-02-13,7.25,7.05,7.33,6.98
2018-02-14,7.09,7.17,7.21,7.07
2018-02-22,7.25,7.41,7.61,7.15
2018-02-23,7.41,7.38,7.45,7.34
2018-02-26,7.38,7.5,7.51,7.35
2018-02-27,7.48,7.47,7.58,7.43
2018-02-28,7.41,7.51,7.54,7.38
2018-03-01,7.5,7.53,7.57,7.45
2018-03-02,7.5,7.56,7.62,7.46
2018-03-05,7.59,7.7,7.83,7.54
2018-03-06,7.65,7.8,7.89,7.61
2018-03-07,7.77,7.88,8.2,7.72
2018-03-08,7.8,7.97,8.1,7.66
2018-03-09,8.05,8.01,8.06,7.9
2018-03-12,8.0,8.18,8.28,7.9
2018-03-13,8.2,8.1,8.28,8.09
2018-03-14,8.07,7.95,8.12,7.87
2018-03-15,7.88,8.28,8.34,7.77
2018-03-16,8.29,8.12,8.29,8.11
2018-03-19,8.11,8.1,8.15,8.04
2018-03-20,8.06,8.02,8.06,7.93
2018-03-21,8.07,8.02,8.19,8.0
2018-03-22,7.95,8.14,8.17,7.95
2018-03-23,7.98,7.68,8.04,7.51
2018-03-26,7.6,7.64,7.65,7.4
2018-03-27,7.68,7.8,7.86,7.68
2018-03-28,7.76,7.69,7.8,7.65
2018-03-29,7.7,7.75,7.78,7.63
2018-03-30,7.75,7.78,7.8,7.71
2018-04-02,7.77,7.87,7.91,7.69
2018-04-03,8.19,7.92,8.19,7.91
2018-04-04,7.86,7.75,7.96,7.71
2018-04-09,7.68,7.6,7.69,7.58
2018-04-10,7.56,7.7,7.73,7.53
2018-04-11,7.7,7.7,7.74,7.64
2018-04-12,7.63,7.6,7.69,7.54
2018-04-13,7.66,7.57,7.66,7.56
2018-04-16,7.57,7.37,7.58,7.34
2018-04-17,7.36,7.19,7.4,7.16
2018-04-18,7.21,7.24,7.26,7.07
2018-04-19,7.28,7.23,7.28,7.21
2018-04-20,7.24,7.03,7.24,6.92
2018-04-23,7.0,7.0,7.05,6.93
2018-04-24,7.0,7.17,7.17,7.0
2018-04-25,7.13,7.23,7.27,7.13
2018-04-26,7.21,7.01,7.24,6.99
2018-04-27,7.08,7.07,7.11,7.01
2018-05-02,7.07,7.02,7.1,6.96
2018-05-03,6.99,7.1,7.1,6.93
2018-05-04,7.1,7.08,7.14,7.06
2018-05-07,7.14,7.32,7.36,7.09
2018-05-08,7.32,7.5,7.59,7.24
2018-05-09,7.45,7.38,7.5,7.33
2018-05-10,7.38,7.48,7.53,7.38
2018-05-11,7.46,7.39,7.5,7.32
2018-05-14,7.39,7.36,7.43,7.33
2018-05-15,7.33,7.54,7.55,7.33
2018-05-16,7.53,7.6,7.73,7.45
2018-05-17,7.63,7.61,7.74,7.54
2018-05-18,7.58,7.6,7.64,7.5
2018-05-21,7.61,7.67,7.68,7.59
2018-05-22,7.69,7.63,7.69,7.57
2018-05-23,7.63,7.48,7.67,7.45
2018-05-24,7.48,7.47,7.55,7.44
2018-05-25,7.53,7.49,7.55,7.43
