date,open,close,high,low
2016-01-05,8.1,8.1,8.1,8.1
2016-01-06,8.51,8.51,8.51,8.51
2016-01-07,8.94,8.46,8.94,8.3
2016-01-08,8.8,8.04,8.88,8.04
2016-01-11,7.64,7.64,7.7,7.64
2016-01-12,7.26,7.26,7.26,7.26
2016-01-13,6.9,6.9,7.0,6.9
2016-01-14,6.56,6.56,6.58,6.56
2016-01-15,6.59,6.23,6.89,6.23
2016-01-18,5.92,5.96,6.1,5.92
2016-01-19,5.96,6.26,6.26,5.95
2016-01-20,6.21,6.18,6.45,6.04
2016-01-21,6.05,6.0,6.34,5.97
2016-01-22,6.12,6.09,6.19,5.82
2016-01-25,6.14,6.12,6.2,6.05
2016-01-26,6.08,5.81,6.1,5.81
2016-01-27,5.53,5.52,5.66,5.52
2016-01-28,5.46,5.24,5.52,5.24
2016-01-29,5.1,5.33,5.42,4.98
2016-02-01,5.06,5.06,5.14,5.06
2016-02-02,5.0,5.28,5.31,4.95
2016-02-03,5.2,5.54,5.54,5.15
2016-02-04,5.66,5.82,5.82,5.6
2016-02-05,6.09,5.9,6.09,5.71
2016-02-15,5.67,5.84,5.9,5.61
2016-02-16,5.93,6.13,6.13,5.86
2016-02-17,6.27,6.2,6.44,6.03
2016-02-18,6.23,6.31,6.47,6.23
2016-02-19,6.34,6.37,6.53,6.26
2016-02-22,6.39,6.41,6.57,6.31
2016-02-23,6.35,6.43,6.52,6.33
2016-02-24,6.44,6.69,6.74,6.39
2016-02-25,6.69,6.36,6.74,6.36
2016-02-26,6.2,6.04,6.35,6.04
2016-02-29,6.06,5.74,6.06,5.74
2016-03-01,5.74,5.92,6.03,5.62
2016-03-02,5.95,6.22,6.22,5.95
2016-03-03,6.29,6.28,6.37,6.18
2016-03-04,6.25,6.37,6.59,6.17
2016-03-07,6.55,6.69,6.69,6.39
2016-03-08,6.85,7.02,7.02,6.72
2016-03-09,7.1,6.88,7.37,6.84
2016-03-10,6.9,6.9,7.09,6.77
2016-03-11,6.85,7.24,7.25,6.79
2016-03-14,7.21,7.27,7.5,7.19
2016-03-15,7.29,7.63,7.63,7.26
2016-03-16,7.9,7.93,7.99,7.62
2016-03-17,7.98,7.67,8.15,7.56
2017-06-06,8.1,7.65,10.77,7.5
2017-06-07,7.27,7.27,7.27,7.27
2017-06-08,6.91,7.32,7.63,6.91
2017-06-09,7.18,6.95,7.23,6.95
2017-06-12,6.71,6.6,6.8,6.6
2017-06-13,6.52,6.56,6.66,6.51
2017-06-14,6.6,6.65,6.88,6.57
2017-06-15,6.6,6.72,6.76,6.56
2017-06-16,6.71,6.74,6.86,6.71
2017-06-19,6.77,7.08,7.08,6.76
2017-06-20,7.09,6.97,7.15,6.92
2017-06-21,6.95,7.22,7.32,6.94
2017-06-22,7.19,7.03,7.27,7.01
2017-06-23,7.08,7.11,7.27,6.98
2017-06-26,7.14,7.09,7.16,7.03
2017-06-27,7.1,7.14,7.27,7.06
2017-06-28,7.14,7.17,7.25,7.08
2017-06-29,7.14,7.14,7.24,7.1
2017-06-30,7.12,6.98,7.15,6.97
2017-07-03,6.99,7.01,7.05,6.92
2017-07-04,6.99,6.95,7.02,6.94
2017-07-05,6.95,6.98,7.02,6.93
2017-07-06,6.98,6.95,6.98,6.92
2017-07-07,6.93,6.86,6.96,6.85
2017-07-10,6.84,6.97,7.01,6.83
2017-07-11,6.95,6.87,7.0,6.84
2017-07-12,6.91,6.75,6.99,6.69
2017-07-13,6.7,6.72,6.79,6.67
2017-07-14,6.72,6.59,6.73,6.55
2017-07-17,6.53,6.26,6.54,6.26
2017-07-18,6.06,6.08,6.13,5.95
2017-07-19,6.03,6.16,6.22,6.0
2017-07-20,6.14,6.26,6.29,6.13
2017-07-21,6.25,6.37,6.45,6.21
2017-07-24,6.4,6.39,6.49,6.36
2017-07-25,6.36,6.34,6.38,6.27
2017-07-26,6.32,6.36,6.38,6.28
2017-07-27,6.36,6.41,6.42,6.29
2017-07-28,6.38,6.3,6.43,6.3
2017-07-31,6.29,6.19,6.32,6.16
2017-08-01,6.21,6.19,6.24,6.17
2017-08-02,6.2,6.08,6.23,6.05
2017-08-03,6.08,6.12,6.16,6.07
2017-08-04,6.13,6.18,6.21,6.11
2017-08-07,6.17,6.28,6.31,6.15
2017-08-08,6.26,6.2,6.27,6.15
2017-08-09,6.22,6.21,6.27,6.15
2017-08-10,6.19,6.15,6.23,6.11
2017-08-11,6.15,6.12,6.25,6.09
2017-08-14,6.11,6.19,6.2,6.11
2017-08-15,6.2,6.5,6.5,6.19
2017-08-16,6.53,6.63,6.78,6.46
2017-08-17,6.6,6.62,6.66,6.57
2017-08-18,6.6,6.76,6.94,6.57
2017-08-21,6.79,6.83,6.88,6.75
2017-08-22,6.91,6.68,6.91,6.65
2017-08-23,6.66,6.73,6.81,6.62
2017-08-24,6.71,6.9,7.07,6.7
2017-08-25,6.88,6.88,7.02,6.86
2017-08-28,6.9,6.89,6.92,6.8
2017-08-29,6.88,6.99,7.09,6.88
2017-08-30,7.02,6.99,7.15,6.94
2017-08-31,6.97,7.0,7.11,6.94
2017-09-01,7.0,6.92,7.03,6.91
2017-09-04,6.91,6.8,6.91,6.74
2017-09-05,6.81,7.0,7.07,6.78
2017-09-06,6.98,6.96,7.03,6.94
2017-09-07,6.95,6.96,7.04,6.93
2017-09-08,6.95,6.99,7.0,6.94
2017-09-11,6.97,6.95,7.02,6.89
2017-09-12,6.96,6.87,6.97,6.85
2017-09-13,6.85,6.88,6.91,6.82
2017-09-14,6.88,6.97,7.14,6.83
2017-09-15,6.97,6.98,7.04,6.93
2017-09-18,6.97,7.11,7.12,6.94
2017-09-19,7.09,7.09,7.26,7.07
2017-09-20,7.09,7.13,7.14,7.02
2017-09-21,7.13,7.03,7.17,7.02
2017-09-22,7.04,7.01,7.06,6.99
2017-09-25,7.0,6.91,7.02,6.83
2017-09-26,6.92,6.94,6.97,6.88
2017-09-27,6.93,6.97,6.99,6.92
2017-09-28,6.96,6.93,7.01,6.91
2017-09-29,6.93,6.93,6.95,6.85
2017-10-09,6.94,6.98,7.0,6.92
2017-10-10,6.98,7.08,7.14,6.95
2017-10-11,7.07,7.06,7.1,7.01
2017-10-12,7.0,7.02,7.09,6.98
2017-10-13,7.02,7.06,7.08,6.98
2017-10-16,7.05,6.98,7.06,6.95
2017-10-17,7.05,7.33,7.33,7.03
2017-10-18,7.39,7.45,7.7,7.31
2017-10-19,7.4,7.62,7.82,7.35
2017-10-20,7.33,7.26,7.48,7.24
2017-10-23,7.28,7.62,7.62,7.27
2017-10-24,7.64,7.67,7.78,7.53
2017-10-25,7.63,7.62,7.75,7.54
2017-10-26,7.58,7.59,7.66,7.45
2017-10-27,7.62,7.82,7.95,7.55
2017-10-30,7.75,7.59,7.86,7.52
2017-10-31,7.55,7.91,7.97,7.55
2017-11-01,7.89,8.04,8.31,7.85
2017-11-02,8.06,8.39,8.42,8.0
2017-11-03,8.42,8.37,8.58,8.23
2017-11-06,8.34,8.25,8.4,8.03
2017-11-07,8.21,8.49,8.55,8.15
2017-11-08,8.51,8.44,8.68,8.4
2017-11-09,8.45,8.29,8.45,8.19
2017-11-10,8.24,8.39,8.44,8.06
2017-11-13,8.43,8.69,8.8,8.4
2017-11-14,8.7,8.66,8.92,8.58
2017-11-15,8.67,9.01,9.08,8.58
2017-11-16,9.01,9.01,9.14,8.83
2017-11-17,8.94,8.58,9.05,8.56
2017-11-20,8.47,8.21,8.47,8.15
2017-11-21,8.11,8.24,8.52,8.06
2017-11-22,8.24,8.12,8.33,7.98
2017-11-23,8.16,7.89,8.27,7.87
2017-11-24,7.8,7.8,7.93,7.52
2017-11-27,7.81,7.96,8.14,7.74
2017-11-28,7.96,8.11,8.16,7.94
2017-11-29,8.12,8.09,8.14,8.01
2017-11-30,8.05,7.86,8.16,7.85
2017-12-01,7.78,7.83,7.87,7.73
2017-12-04,7.82,7.91,8.14,7.74
2017-12-05,7.9,7.52,7.96,7.51
2017-12-06,7.42,7.61,7.62,7.32
2017-12-07,7.56,7.59,7.68,7.53
2017-12-08,7.59,7.64,7.78,7.5
2017-12-11,7.56,7.69,7.75,7.56
2017-12-12,7.68,7.66,7.76,7.65
2017-12-13,7.7,7.93,7.98,7.63
2017-12-14,7.96,8.08,8.23,7.91
2017-12-15,8.09,7.98,8.22,7.95
2017-12-18,7.95,7.86,8.07,7.78
2017-12-19,7.86,7.9,7.95,7.82
2017-12-20,7.9,7.89,8.05,7.88
2017-12-21,7.9,7.8,7.94,7.7
2017-12-22,7.8,7.81,7.82,7.48
2017-12-25,7.72,7.64,7.74,7.59
2017-12-26,7.62,7.61,7.67,7.53
2017-12-27,7.64,7.52,7.65,7.46
2017-12-28,7.53,7.47,7.56,7.39
2017-12-29,7.48,7.56,7.77,7.33
2018-01-02,7.54,7.6,7.66,7.53
2018-01-03,7.63,7.67,7.74,7.58
2018-01-04,7.68,7.76,7.78,7.58
2018-01-05,7.74,7.75,7.84,7.69
2018-01-08,7.76,7.71,7.78,7.58
2018-01-09,7.67,7.59,7.73,7.58
2018-01-10,7.6,7.47,7.63,7.42
2018-01-11,7.47,7.47,7.57,7.38
2018-01-12,7.46,7.49,7.57,7.4
2018-01-15,7.42,7.12,7.47,7.12
2018-01-16,7.0,7.07,7.15,6.95
2018-01-17,7.01,6.88,7.07,6.72
2018-01-18,6.87,7.22,7.22,6.81
2018-01-19,7.23,7.05,7.32,7.03
2018-01-22,7.0,6.89,7.05,6.77
2018-01-23,6.84,6.72,6.87,6.64
2018-01-24,6.7,6.79,6.85,6.68
2018-01-25,6.83,6.82,6.93,6.77
2018-01-26,6.82,6.75,6.85,6.7
2018-01-29,6.75,6.6,6.81,6.59
2018-01-30,6.63,6.73,6.85,6.59
2018-01-31,6.77,6.39,6.77,6.39
2018-02-01,6.42,6.08,6.45,6.07
2018-02-02,6.01,5.99,6.11,5.83
2018-02-05,5.9,5.88,6.05,5.8
2018-02-06,5.71,5.59,5.79,5.59
2018-02-07,5.64,5.33,5.66,5.31
2018-02-08,5.26,5.56,5.6,5.26
2018-02-09,5.36,5.52,5.58,5.33
2018-02-12,5.53,5.73,5.78,5.53
2018-02-13,5.78,5.76,5.85,5.7
2018-02-14,5.76,5.92,5.93,5.72
2018-02-22,5.95,5.91,5.97,5.88
2018-02-23,5.91,5.96,6.1,5.9
2018-02-26,5.99,6.15,6.21,5.96
2018-02-27,6.16,6.32,6.38,6.12
2018-02-28,6.29,6.48,6.54,6.22
2018-03-01,6.44,6.57,6.63,6.43
2018-03-02,6.41,6.56,6.6,6.41
2018-03-05,6.5,6.46,6.6,6.44
2018-03-06,6.45,6.63,6.71,6.44
2018-03-07,6.58,6.49,6.68,6.48
2018-03-08,6.42,6.51,6.57,6.42
2018-03-09,6.52,6.52,6.55,6.49
2018-03-12,6.54,6.64,6.68,6.5
2018-03-13,6.62,6.61,6.75,6.6
2018-03-14,6.61,6.35,6.64,6.34
2018-03-15,6.35,6.4,6.45,6.3
2018-03-16,6.36,6.72,6.72,6.36
2018-03-19,6.54,6.48,6.63,6.41
2018-03-20,6.48,6.53,6.53,6.43
2018-03-21,6.52,6.53,6.65,6.47
2018-03-22,6.54,6.56,6.67,6.52
2018-03-23,6.42,6.23,6.48,6.23
2018-03-26,6.01,6.28,6.31,5.92
2018-03-27,6.28,6.37,6.48,6.27
2018-03-28,6.3,6.16,6.42,6.15
2018-03-29,6.2,6.17,6.29,6.16
2018-03-30,6.25,6.24,6.35,6.17
2018-04-02,6.26,6.32,6.34,6.19
2018-04-03,6.25,6.2,6.3,6.18
2018-04-04,6.21,6.16,6.26,6.14
2018-04-09,6.14,6.25,6.26,6.13
2018-04-10,6.26,6.47,6.48,6.25
2018-04-11,6.52,6.47,6.54,6.42
2018-04-12,6.44,6.38,6.5,6.36
2018-04-13,6.4,6.38,6.44,6.35
2018-04-16,6.39,6.38,6.46,6.3
2018-04-17,6.42,6.45,6.65,6.4
2018-04-18,6.51,6.58,6.62,6.25
2018-04-19,6.58,6.85,6.91,6.56
2018-04-20,6.56,6.51,6.71,6.51
2018-04-23,6.4,6.22,6.5,6.18
2018-04-24,6.19,6.38,6.39,6.19
2018-04-25,6.35,6.19,6.42,6.12
2018-04-26,6.18,6.19,6.3,6.13
2018-04-27,6.18,6.12,6.23,6.07
2018-05-02,6.09,6.05,6.16,6.02
2018-05-03,6.06,5.9,6.06,5.75
2018-05-04,5.85,5.9,5.92,5.79
2018-05-07,5.9,6.01,6.03,5.89
2018-05-08,6.01,6.0,6.04,5.92
2018-05-09,6.02,5.97,6.02,5.95
2018-05-10,6.0,5.89,6.0,5.83
2018-05-11,5.9,5.82,5.93,5.79
2018-05-14,5.83,5.74,5.89,5.73
2018-05-15,5.7,5.76,5.81,5.7
2018-05-16,5.76,5.76,5.78,5.68
2018-05-17,5.77,5.81,5.82,5.72
2018-05-18,5.8,5.74,5.81,5.7
2018-05-21,5.79,5.8,5.84,5.74
2018-05-22,5.8,5.78,5.81,5.69
2018-05-23,5.74,5.67,5.76,5.65
2018-05-24,5.67,5.55,5.75,5.53
2018-05-25,5.57,5.46,5.57,5.43
