date,open,close,high,low
2016-01-04,11.398,10.25,11.653,10.25
2016-01-05,9.613,9.838,10.594,9.26
2016-01-06,9.878,10.103,10.182,9.632
2016-01-07,9.809,9.093,9.809,9.093
2016-01-08,9.221,8.975,9.387,8.357
2016-01-11,8.583,8.22,9.024,8.142
2016-01-12,8.298,8.495,8.681,8.249
2016-01-13,8.534,8.2,8.72,8.191
2016-01-14,7.867,8.573,8.612,7.749
2016-01-15,8.348,7.837,8.524,7.72
2016-01-18,7.514,7.985,8.092,7.504
2016-01-19,8.083,8.318,8.397,7.955
2016-01-20,8.191,8.524,8.544,8.142
2016-01-21,8.583,8.593,9.201,8.475
2016-01-22,8.74,8.485,8.818,7.955
2016-01-25,8.593,8.632,8.789,8.338
2016-01-26,8.436,7.769,8.495,7.769
2016-01-27,7.769,7.367,7.818,7.023
2016-01-28,7.17,6.67,7.396,6.67
2016-01-29,6.631,6.984,7.063,6.621
2016-02-01,7.013,6.974,7.112,6.847
2016-02-02,6.984,7.406,7.435,6.974
2016-02-03,7.327,7.475,7.573,7.259
2016-02-04,7.475,7.484,7.651,7.445
2016-02-05,7.494,7.278,7.533,7.19
2016-02-15,6.915,7.19,7.278,6.876
2016-02-16,7.249,7.533,7.631,7.21
2016-02-17,7.504,7.622,7.631,7.376
2016-02-18,7.631,7.631,7.847,7.573
2016-02-19,7.582,7.788,7.877,7.533
2016-02-22,8.014,7.896,8.014,7.798
2016-02-23,7.896,7.857,7.994,7.641
2016-02-24,8.024,8.024,8.181,7.71
2016-02-25,7.896,7.219,7.926,7.219
2016-02-26,7.259,7.033,7.318,6.886
2016-02-29,7.053,6.651,7.259,6.376
2016-03-01,6.69,6.945,6.964,6.572
2016-03-02,6.915,7.641,7.641,6.866
2016-03-03,7.622,7.543,7.877,7.494
2016-03-04,7.406,7.072,7.641,6.866
2016-03-07,7.347,7.288,7.425,7.161
2016-03-08,7.288,7.259,7.288,6.768
2016-03-09,7.004,7.072,7.308,6.886
2016-03-10,7.072,6.935,7.19,6.896
2016-03-11,6.768,6.886,6.974,6.768
2016-03-14,6.984,7.2,7.367,6.974
2016-03-15,7.2,7.092,7.259,7.063
2016-03-16,7.229,6.935,7.229,6.906
2016-03-17,7.043,7.161,7.18,6.945
2016-03-18,7.161,7.877,7.877,7.141
2016-03-21,7.965,8.318,8.514,7.847
2016-03-22,8.092,8.073,8.534,8.043
2016-03-23,7.975,8.034,8.073,7.837
2016-03-24,7.985,7.808,8.004,7.72
2016-03-25,7.847,7.936,8.024,7.818
2016-03-28,7.985,8.357,8.387,7.916
2016-03-29,8.279,8.377,8.818,8.2
2016-03-30,8.259,8.534,8.553,8.142
2016-03-31,8.436,8.2,8.495,8.151
2016-04-01,8.191,8.034,8.191,7.877
2016-04-05,8.043,8.24,8.269,8.004
2016-04-06,8.191,8.23,8.357,8.053
2016-04-07,8.23,7.965,8.289,7.936
2016-04-08,7.926,7.994,8.063,7.788
2016-04-11,8.053,8.21,8.308,8.014
2016-04-12,8.142,8.034,8.2,7.926
2016-04-13,8.092,8.053,8.23,8.034
2016-04-14,8.092,8.102,8.132,8.004
2016-04-15,8.102,8.171,8.21,8.073
2016-04-18,8.053,7.906,8.073,7.877
2016-04-19,7.945,7.955,8.014,7.877
2016-04-20,7.945,7.347,7.985,7.21
2016-04-21,7.347,7.269,7.425,7.249
2016-04-22,7.259,7.308,7.347,7.141
2016-04-25,7.219,7.308,7.357,7.112
2016-04-26,7.308,7.416,7.435,7.278
2016-04-27,7.376,7.386,7.514,7.357
2016-04-28,7.455,7.514,7.563,7.347
2016-04-29,7.406,7.347,7.465,7.298
2016-05-03,7.367,7.641,7.661,7.367
2016-05-04,7.602,7.631,7.739,7.553
2016-05-05,7.631,7.7,7.73,7.533
2016-05-06,7.7,7.269,7.73,7.259
2016-05-09,7.249,6.994,7.249,6.915
2016-05-10,6.964,7.063,7.112,6.964
2016-05-11,7.112,7.013,7.151,6.984
2016-05-12,7.023,7.004,7.063,6.778
2016-05-13,7.033,6.984,7.082,6.945
2016-05-16,6.984,7.004,7.023,6.886
2016-05-17,7.013,6.994,7.121,6.915
2016-05-18,6.945,6.768,6.945,6.67
2016-05-19,6.758,6.798,6.896,6.758
2016-05-20,6.739,6.866,6.866,6.7
2016-05-23,6.866,6.945,6.994,6.837
2016-05-24,6.974,6.866,6.974,6.778
2016-05-25,6.906,6.876,6.974,6.847
2016-05-26,6.915,6.906,6.925,6.729
2016-05-27,6.906,6.906,6.974,6.817
2016-05-30,6.925,7.17,7.308,6.915
2016-05-31,7.072,7.367,7.386,7.072
2016-06-01,7.318,7.259,7.347,7.239
2016-06-02,7.278,7.298,7.337,7.161
2016-06-03,7.278,7.259,7.318,7.219
2016-06-06,7.259,7.19,7.278,7.161
2016-06-07,7.249,7.239,7.269,7.19
2016-06-08,7.259,7.239,7.367,7.19
2016-06-13,7.102,6.827,7.112,6.788
2016-06-14,6.778,6.788,6.886,6.719
2016-06-15,6.768,6.955,6.994,6.749
2016-06-16,6.964,6.896,7.013,6.857
2016-06-17,6.896,6.945,6.994,6.896
2016-06-20,7.641,7.396,7.641,7.347
2016-06-21,7.327,7.18,7.435,7.112
2016-06-22,7.082,7.278,7.298,7.082
2016-06-23,7.239,7.21,7.298,7.131
2016-06-24,7.2,7.239,7.347,7.053
2016-06-27,7.21,7.327,7.337,7.131
2016-06-28,7.269,7.416,7.455,7.18
2016-06-29,7.406,7.318,7.406,7.259
2016-06-30,7.318,7.298,7.367,7.249
2016-07-01,7.337,7.239,7.337,7.219
2016-07-04,7.19,7.347,7.367,7.161
2016-07-05,7.318,7.445,7.445,7.318
2016-07-06,7.425,7.533,7.563,7.347
2016-07-07,7.484,7.524,7.641,7.435
2016-07-08,7.533,7.465,7.573,7.416
2016-07-11,7.475,7.612,7.759,7.455
2016-07-12,7.622,7.7,7.749,7.553
2016-07-13,7.749,7.71,7.828,7.651
2016-07-14,7.651,7.7,7.72,7.602
2016-07-15,7.72,7.769,7.896,7.68
2016-07-18,7.828,7.955,8.063,7.759
2016-07-19,7.896,7.955,7.975,7.837
2016-07-20,8.024,7.69,8.053,7.671
2016-07-21,7.71,7.631,7.739,7.622
2016-07-22,7.631,7.631,7.73,7.582
2016-07-25,7.622,7.661,7.69,7.612
2016-07-26,7.671,7.73,7.739,7.612
2016-07-27,7.739,7.229,7.749,6.984
2016-07-28,7.249,7.219,7.298,7.112
2016-07-29,7.259,7.19,7.259,7.151
2016-08-01,7.19,7.219,7.249,6.994
2016-08-02,7.219,7.239,7.259,7.131
2016-08-03,7.229,7.239,7.308,7.21
2016-08-04,7.219,7.239,7.249,7.121
2016-08-05,7.239,7.249,7.337,7.21
2016-08-08,7.259,7.347,7.357,7.161
2016-08-09,7.347,7.376,7.396,7.278
2016-08-10,7.376,7.298,7.376,7.269
2016-08-11,7.259,7.131,7.357,7.121
2016-08-12,7.121,7.298,7.308,7.092
2016-08-15,7.318,7.514,7.553,7.308
2016-08-16,7.494,7.553,7.622,7.455
2016-08-17,7.524,7.533,7.602,7.425
2016-08-18,7.524,7.651,7.808,7.504
2016-08-19,7.602,7.592,7.651,7.524
2016-08-22,7.631,7.582,7.73,7.553
2016-08-23,7.553,7.514,7.641,7.406
2016-08-24,7.533,7.533,7.622,7.435
2016-08-25,7.435,7.288,7.435,7.21
2016-08-26,7.298,7.298,7.367,7.259
2016-08-29,7.288,7.298,7.347,7.219
2016-08-30,7.318,7.396,7.425,7.308
2016-08-31,7.396,7.465,7.494,7.347
2016-09-01,7.484,7.298,7.494,7.269
2016-09-02,7.269,7.327,7.406,7.249
2016-09-05,7.327,7.327,7.396,7.318
2016-09-06,7.337,7.573,7.582,7.308
2016-09-07,7.592,7.504,7.592,7.475
2016-09-08,7.504,7.524,7.563,7.465
2016-09-09,7.494,7.543,7.769,7.465
2016-09-12,7.455,7.337,7.484,7.278
2016-09-13,7.367,7.386,7.396,7.318
2016-09-14,7.308,7.278,7.386,7.269
2016-09-19,7.269,7.337,7.347,7.269
2016-09-20,7.347,7.357,7.376,7.298
2016-09-21,7.357,7.347,7.376,7.298
2016-09-22,7.376,7.445,7.524,7.367
2016-09-23,7.425,7.396,7.475,7.386
2016-09-26,7.406,7.249,7.406,7.19
2016-09-27,7.239,7.376,7.396,7.229
2016-09-28,7.386,7.269,7.386,7.229
2016-09-29,7.269,7.308,7.357,7.269
2016-09-30,7.308,7.308,7.347,7.288
2016-10-10,7.308,7.416,7.425,7.18
2016-10-11,7.396,7.455,7.484,7.376
2016-10-12,7.661,7.553,7.808,7.504
2016-10-13,7.582,7.808,7.877,7.524
2016-10-14,7.739,7.69,7.739,7.631
2016-10-17,7.73,7.533,7.779,7.494
2016-10-18,7.553,7.651,7.7,7.504
2016-10-19,7.68,7.739,7.828,7.582
2016-10-20,7.759,7.739,7.798,7.671
2016-10-21,7.749,7.602,7.749,7.465
2016-10-24,7.602,7.641,7.69,7.543
2016-10-25,7.651,7.749,7.808,7.602
2016-10-26,8.289,8.524,8.524,8.024
2016-10-27,8.632,8.72,9.024,8.544
2016-10-28,8.553,8.406,8.622,8.298
2016-10-31,8.318,8.289,8.416,8.2
2016-11-01,8.308,8.426,8.446,8.171
2016-11-02,8.328,8.151,8.338,8.132
2016-11-03,8.092,8.191,8.298,8.063
2016-11-04,8.24,8.151,8.328,8.122
2016-11-07,8.102,8.191,8.2,8.024
2016-11-08,8.2,8.22,8.23,8.102
2016-11-09,8.21,8.092,8.298,8.014
2016-11-10,8.181,8.22,8.22,8.043
2016-11-11,8.21,8.318,8.348,8.112
2016-11-14,8.298,8.259,8.357,8.21
2016-11-15,8.259,8.289,8.318,8.2
2016-11-16,8.298,8.24,8.308,8.21
2016-11-17,8.24,8.161,8.259,8.083
2016-11-18,8.112,8.024,8.2,7.985
2016-11-21,8.004,8.083,8.112,7.975
2016-11-22,8.063,8.112,8.151,8.034
2016-11-23,8.092,8.181,8.22,8.043
2016-11-24,8.142,8.269,8.328,8.053
2016-11-25,8.249,8.338,8.397,8.142
2016-11-28,8.377,8.23,8.377,8.21
2016-11-29,8.21,8.053,8.249,7.994
2016-11-30,7.975,7.965,8.043,7.926
2016-12-01,7.965,8.014,8.073,7.965
2016-12-02,8.024,7.818,8.024,7.808
2016-12-05,7.7,7.739,7.779,7.661
2016-12-06,7.739,7.739,7.798,7.72
2016-12-07,7.739,7.798,7.808,7.71
2016-12-08,7.818,7.867,7.886,7.73
2016-12-09,7.926,7.739,7.926,7.73
2016-12-12,7.72,7.367,7.779,7.318
2016-12-13,7.347,7.396,7.435,7.298
2016-12-14,7.367,7.278,7.396,7.259
2016-12-15,7.269,7.347,7.386,7.239
2016-12-16,7.298,7.425,7.445,7.298
2016-12-19,7.376,7.465,7.475,7.347
2016-12-20,7.445,7.425,7.475,7.416
2016-12-21,7.435,7.484,7.514,7.435
2016-12-22,7.484,7.465,7.484,7.406
2016-12-23,7.465,7.533,7.661,7.455
2016-12-26,7.445,7.533,7.543,7.318
2016-12-27,7.533,7.465,7.563,7.455
2016-12-28,7.465,7.416,7.504,7.396
2016-12-29,7.406,7.406,7.475,7.376
2016-12-30,7.406,7.524,7.543,7.396
2017-01-03,7.808,8.004,8.142,7.71
2017-01-04,7.857,7.975,7.985,7.749
2017-01-05,7.916,7.857,7.945,7.798
2017-01-06,7.867,7.7,7.886,7.651
2017-01-09,7.71,7.788,7.798,7.69
2017-01-10,7.769,7.69,7.779,7.661
2017-01-11,7.7,7.651,7.739,7.631
2017-01-12,7.641,7.514,7.68,7.504
2017-01-13,7.494,7.465,7.582,7.435
2017-01-16,7.465,7.102,7.465,6.719
2017-01-17,6.984,7.102,7.249,6.886
2017-01-18,7.082,7.092,7.21,7.063
2017-01-19,7.082,6.749,7.082,6.631
2017-01-20,6.67,6.758,6.798,6.582
2017-01-23,6.768,6.768,6.798,6.67
2017-01-24,6.719,6.719,6.758,6.68
2017-01-25,6.7,6.719,6.739,6.651
2017-01-26,6.709,6.778,6.788,6.709
2017-02-03,6.788,6.729,6.788,6.7
2017-02-06,6.729,6.817,6.857,6.709
2017-02-07,6.807,6.807,6.837,6.758
2017-02-08,6.807,6.817,6.827,6.68
2017-02-09,6.798,6.915,7.013,6.768
2017-02-10,6.915,6.906,7.033,6.886
2017-02-13,6.935,6.945,7.004,6.906
2017-02-14,6.955,6.866,6.955,6.827
2017-02-15,6.866,6.847,6.935,6.788
2017-02-16,6.847,6.906,6.925,6.788
2017-02-17,6.935,6.857,6.964,6.817
2017-02-20,6.857,6.955,6.964,6.837
2017-02-21,6.964,7.013,7.112,6.935
2017-02-22,7.004,6.994,7.023,6.925
2017-02-23,6.994,6.984,7.013,6.945
2017-02-24,6.994,7.004,7.013,6.945
2017-02-27,6.994,6.984,6.994,6.886
2017-02-28,6.945,6.984,6.994,6.925
2017-03-01,6.984,6.974,6.994,6.945
2017-03-02,6.984,6.984,7.063,6.925
2017-03-03,6.964,6.955,6.984,6.906
2017-03-06,6.925,7.004,7.013,6.925
2017-03-07,7.013,7.023,7.053,6.974
2017-03-08,7.023,7.013,7.043,6.984
2017-03-09,7.013,6.915,7.013,6.915
2017-03-10,6.935,6.915,6.964,6.906
2017-03-13,6.974,7.092,7.141,6.915
2017-03-14,7.102,7.072,7.131,7.033
2017-03-15,7.063,7.004,7.063,6.984
2017-03-16,7.023,7.063,7.102,6.994
2017-03-17,7.063,7.013,7.072,6.994
2017-03-20,7.533,7.229,7.533,7.219
2017-03-21,7.219,7.239,7.298,7.131
2017-03-22,7.229,7.327,7.592,7.19
2017-03-23,7.288,7.357,7.484,7.21
2017-03-24,7.337,7.376,7.386,7.269
2017-03-27,7.376,7.308,7.435,7.249
2017-03-28,7.288,7.229,7.308,7.219
2017-03-29,7.278,7.161,7.278,7.151
2017-03-30,7.151,6.974,7.161,6.964
2017-03-31,6.994,7.004,7.033,6.935
2017-04-05,7.023,7.121,7.141,6.994
2017-04-06,7.121,7.102,7.121,7.063
2017-04-07,7.092,7.053,7.102,7.033
2017-04-10,7.043,6.984,7.063,6.935
2017-04-11,6.955,7.004,7.013,6.847
2017-04-12,6.994,6.955,6.994,6.935
2017-04-13,6.964,7.013,7.121,6.915
2017-04-14,6.984,7.053,7.21,6.925
2017-04-17,6.994,6.906,6.994,6.866
2017-04-18,6.906,6.729,6.945,6.719
2017-04-19,6.719,6.552,6.749,6.435
2017-04-20,6.523,6.533,6.582,6.445
2017-04-21,6.533,6.582,6.621,6.494
2017-04-24,6.552,6.405,6.562,6.327
2017-04-25,6.415,6.346,6.445,6.278
2017-04-26,6.346,6.288,6.376,6.278
2017-04-27,5.984,5.925,6.18,5.856
2017-04-28,5.885,5.895,5.954,5.836
2017-05-02,5.895,5.895,5.934,5.866
2017-05-03,5.905,5.885,5.915,5.827
2017-05-04,5.876,5.866,5.934,5.827
2017-05-05,5.836,5.67,5.876,5.64
2017-05-08,5.679,5.532,5.689,5.513
2017-05-09,5.503,5.611,5.621,5.503
2017-05-10,5.611,5.483,5.699,5.473
2017-05-11,5.405,5.297,5.444,5.15
2017-05-12,5.287,5.277,5.317,5.238
2017-05-15,5.277,5.248,5.317,5.238
2017-05-16,5.218,5.356,5.375,5.16
2017-05-17,5.336,5.375,5.405,5.317
2017-05-18,5.326,5.346,5.366,5.317
2017-05-19,5.336,5.336,5.366,5.277
2017-05-22,5.297,5.189,5.307,5.14
2017-05-23,5.13,4.885,5.179,4.856
2017-05-24,4.856,4.875,4.885,4.787
2017-05-25,4.865,4.963,4.993,4.806
2017-05-26,4.934,4.905,4.973,4.885
2017-05-31,4.963,4.846,5.003,4.826
2017-06-01,4.846,4.748,4.914,4.728
2017-06-02,4.738,4.816,4.836,4.659
2017-06-05,4.806,4.846,4.865,4.787
2017-06-06,4.856,4.905,4.944,4.846
2017-06-07,4.905,5.003,5.003,4.895
2017-06-08,4.993,4.963,5.003,4.944
2017-06-09,4.963,4.973,4.983,4.934
2017-06-12,4.954,4.865,4.983,4.856
2017-06-13,4.856,4.944,4.954,4.846
2017-06-14,4.944,4.983,5.022,4.924
2017-06-15,4.993,5.111,5.179,4.973
2017-06-16,5.071,5.042,5.091,5.022
2017-06-19,5.032,5.071,5.091,5.032
2017-06-20,5.071,5.061,5.091,5.042
2017-06-21,5.081,5.052,5.081,5.003
2017-06-22,5.042,4.963,5.081,4.944
2017-06-23,4.954,4.973,5.032,4.905
2017-06-26,4.983,5.052,5.061,4.963
2017-06-27,5.052,5.032,5.071,5.012
2017-06-28,5.022,5.022,5.052,5.003
2017-06-29,5.032,5.042,5.071,5.022
2017-06-30,5.052,5.042,5.052,4.963
2017-07-03,5.179,5.16,5.277,5.15
2017-07-04,5.13,5.12,5.14,5.081
2017-07-05,5.101,5.14,5.15,5.081
2017-07-06,5.16,5.13,5.16,5.11
2017-07-07,5.12,5.15,5.17,5.09
2017-07-10,5.14,5.14,5.17,5.13
2017-07-11,5.14,5.12,5.17,5.12
2017-07-12,5.11,5.05,5.13,4.98
2017-07-13,5.05,5.04,5.07,5.01
2017-07-14,5.05,5.0,5.05,4.99
2017-07-17,4.99,4.73,4.99,4.71
2017-07-18,4.72,4.76,4.78,4.67
2017-07-19,4.77,4.83,4.83,4.74
2017-07-20,4.79,4.87,4.89,4.77
2017-07-21,4.85,4.88,4.89,4.83
2017-07-24,4.86,4.91,4.92,4.85
2017-07-25,4.9,4.91,4.96,4.88
2017-07-26,4.9,4.96,4.97,4.89
2017-07-27,4.96,5.02,5.02,4.92
2017-07-28,5.01,5.07,5.1,4.99
2017-07-31,5.06,5.07,5.09,5.04
2017-08-01,5.06,5.06,5.09,5.02
2017-08-02,5.06,5.04,5.07,5.02
2017-08-03,5.06,5.04,5.08,5.02
2017-08-04,5.04,5.04,5.08,5.02
2017-08-07,5.02,5.05,5.05,5.02
2017-08-08,5.04,5.07,5.08,5.04
2017-08-09,5.07,5.07,5.13,5.05
2017-08-10,5.08,5.03,5.09,5.01
2017-08-11,5.02,5.02,5.08,4.99
2017-08-14,5.0,5.07,5.07,5.0
2017-08-15,5.06,5.06,5.09,5.03
2017-08-16,5.06,5.09,5.09,5.04
2017-08-17,5.08,5.17,5.22,5.08
2017-08-18,5.13,5.12,5.16,5.1
2017-08-21,5.13,5.14,5.15,5.11
2017-08-22,5.13,5.17,5.18,5.11
2017-08-23,5.17,5.17,5.18,5.13
2017-08-24,5.16,5.1,5.17,5.09
2017-08-25,5.09,5.14,5.16,5.09
2017-08-28,5.14,5.18,5.23,5.12
2017-08-29,5.18,5.15,5.2,5.13
2017-08-30,5.14,5.16,5.2,5.13
2017-08-31,5.15,5.16,5.18,5.14
2017-09-01,5.15,5.17,5.18,5.13
2017-09-04,5.17,5.18,5.19,5.16
2017-09-05,5.18,5.17,5.18,5.14
2017-09-06,5.16,5.17,5.17,5.14
2017-09-07,5.16,5.21,5.23,5.16
2017-09-08,5.2,5.18,5.23,5.16
2017-09-11,5.17,5.32,5.35,5.17
2017-09-12,5.3,5.24,5.3,5.22
2017-09-13,5.25,5.27,5.3,5.24
2017-09-14,5.29,5.38,5.39,5.27
2017-09-15,5.35,5.45,5.62,5.34
2017-09-18,5.45,5.44,5.48,5.38
2017-09-19,5.42,5.56,5.62,5.42
2017-09-20,5.55,5.7,5.74,5.51
2017-09-21,5.68,5.56,5.71,5.55
2017-09-22,5.56,5.45,5.58,5.44
2017-09-25,5.4,5.31,5.42,5.31
2017-09-26,5.32,5.35,5.35,5.31
2017-09-27,5.35,5.39,5.4,5.33
2017-09-28,5.39,5.32,5.4,5.31
2017-09-29,5.32,5.29,5.35,5.28
2017-10-09,5.39,5.41,5.46,5.38
2017-10-10,5.39,5.52,5.54,5.38
2017-10-11,5.51,5.47,5.56,5.44
2017-10-12,5.5,5.52,5.55,5.46
2017-10-13,5.53,5.51,5.56,5.5
2017-10-16,5.5,5.37,5.5,5.36
2017-10-17,5.37,5.43,5.45,5.37
2017-10-18,5.38,5.4,5.51,5.38
2017-10-19,5.38,5.3,5.45,5.28
2017-10-20,5.29,5.35,5.36,5.28
2017-10-23,5.57,5.89,5.89,5.51
2017-10-24,5.96,5.89,6.14,5.76
2017-10-25,5.81,5.74,5.87,5.68
2017-10-26,5.74,5.67,5.74,5.65
2017-10-27,5.68,5.71,5.78,5.64
2017-10-30,5.69,5.42,5.7,5.4
2017-10-31,5.42,5.47,5.48,5.4
2017-11-01,5.46,5.41,5.49,5.4
2017-11-02,5.42,5.38,5.46,5.35
2017-11-03,5.37,5.44,5.46,5.34
2017-11-06,5.45,5.49,5.49,5.41
2017-11-07,5.49,5.53,5.59,5.48
2017-11-08,5.5,5.52,5.59,5.49
2017-11-09,5.54,5.55,5.57,5.46
2017-11-10,5.54,5.56,5.57,5.52
2017-11-13,5.57,5.59,5.62,5.53
2017-11-14,5.62,5.75,5.87,5.6
2017-11-15,5.73,5.69,5.77,5.69
2017-11-16,5.68,5.79,5.82,5.66
2017-11-17,5.76,5.53,5.8,5.51
2017-11-20,5.61,5.66,5.66,5.51
2017-11-21,5.67,5.56,5.71,5.48
2017-11-22,5.55,5.5,5.56,5.48
2017-11-23,5.5,5.38,5.54,5.37
2017-11-24,5.38,5.45,5.47,5.36
2017-11-27,5.45,5.47,5.51,5.4
2017-11-28,5.46,5.53,5.54,5.43
2017-11-29,5.52,5.56,5.56,5.47
2017-11-30,5.56,5.51,5.56,5.47
2017-12-01,5.51,5.65,5.68,5.44
2017-12-04,5.64,5.56,5.69,5.52
2017-12-05,5.54,5.41,5.55,5.38
2017-12-06,5.41,5.43,5.45,5.33
2017-12-07,5.39,5.41,5.44,5.39
2017-12-08,5.41,5.46,5.48,5.4
2017-12-11,5.46,5.51,5.53,5.45
2017-12-12,5.52,5.47,5.52,5.45
2017-12-13,5.45,5.54,5.54,5.42
2017-12-14,5.54,5.53,5.54,5.5
2017-12-15,5.57,5.69,5.78,5.55
2017-12-18,5.65,5.55,5.67,5.52
2017-12-19,5.53,5.55,5.59,5.48
2017-12-20,5.55,5.59,5.7,5.51
2017-12-21,5.61,5.6,5.63,5.54
2017-12-22,5.63,5.55,5.63,5.52
2017-12-25,5.55,5.46,5.57,5.43
2017-12-26,5.45,5.47,5.49,5.39
2017-12-27,5.45,5.38,5.47,5.37
2017-12-28,5.38,5.42,5.43,5.38
2017-12-29,5.41,5.52,5.53,5.41
2018-01-02,5.52,5.59,5.61,5.5
2018-01-03,5.61,5.6,5.62,5.57
2018-01-04,5.58,5.6,5.61,5.53
2018-01-05,5.6,5.64,5.73,5.58
2018-01-08,5.66,5.66,5.74,5.63
2018-01-09,5.65,5.79,5.95,5.61
2018-01-10,5.8,5.75,5.82,5.71
2018-01-11,5.74,5.78,5.83,5.72
2018-01-12,5.79,5.9,5.94,5.77
2018-01-15,5.98,5.79,6.11,5.76
2018-01-16,5.79,5.83,5.85,5.64
2018-01-17,5.8,5.49,5.8,5.42
2018-01-18,5.49,5.45,5.53,5.4
2018-01-19,5.45,5.22,5.48,5.14
2018-01-22,5.22,5.13,5.22,5.07
2018-01-23,5.12,5.12,5.17,5.09
2018-01-24,5.11,5.14,5.15,5.04
2018-01-25,5.12,5.18,5.23,5.11
2018-01-26,5.18,5.15,5.19,5.12
2018-01-29,5.15,5.03,5.16,4.99
2018-01-30,5.02,4.92,5.04,4.87
2018-01-31,4.9,4.83,4.91,4.82
2018-02-01,4.83,4.51,4.86,4.38
2018-02-02,4.5,4.46,4.53,4.38
2018-02-05,4.4,4.49,4.5,4.38
2018-02-06,4.42,4.19,4.43,4.18
2018-02-07,4.28,4.19,4.31,4.07
2018-02-08,4.18,4.21,4.27,4.17
2018-02-09,4.14,4.07,4.16,3.97
2018-02-12,4.1,4.17,4.18,4.08
2018-02-13,4.16,4.19,4.33,4.16
2018-02-14,4.14,4.06,4.25,3.98
2018-02-22,4.09,4.14,4.18,4.07
2018-02-23,4.16,4.14,4.22,4.09
2018-02-26,4.16,4.21,4.22,4.15
2018-02-27,4.21,4.23,4.24,4.18
2018-02-28,4.2,4.22,4.24,4.18
2018-03-01,4.22,4.29,4.32,4.19
2018-03-02,4.37,4.47,4.69,4.37
2018-03-05,4.4,4.41,4.46,4.32
2018-03-06,4.42,4.52,4.53,4.39
2018-03-07,4.49,4.44,4.52,4.43
2018-03-08,4.44,4.43,4.47,4.37
2018-03-09,4.44,4.5,4.51,4.44
2018-03-12,4.8,4.95,4.95,4.67
2018-03-13,4.98,5.05,5.14,4.91
2018-03-14,4.96,4.83,4.98,4.82
2018-03-15,4.83,4.7,4.94,4.6
2018-03-16,4.66,4.69,4.74,4.62
2018-03-19,4.64,4.63,4.68,4.62
2018-03-20,4.57,4.62,4.62,4.51
2018-03-21,4.68,5.08,5.08,4.68
2018-03-22,5.19,5.01,5.32,4.97
2018-03-23,4.81,4.76,4.89,4.61
2018-03-26,4.65,4.93,5.02,4.65
2018-03-27,5.0,5.06,5.19,4.95
2018-03-28,4.93,5.07,5.28,4.89
2018-03-29,5.08,5.19,5.31,5.08
2018-03-30,5.22,5.17,5.26,5.13
2018-04-02,5.11,5.08,5.19,5.03
2018-04-03,5.04,5.17,5.18,4.97
2018-04-04,5.16,5.13,5.19,5.09
2018-04-09,5.09,5.03,5.12,4.97
2018-04-10,5.01,5.06,5.06,4.97
2018-04-11,5.05,5.0,5.05,4.96
2018-04-12,5.0,4.88,5.02,4.86
2018-04-13,4.91,4.96,4.97,4.9
2018-04-16,4.91,4.9,4.94,4.83
2018-04-17,4.88,4.78,4.95,4.76
2018-04-18,4.85,4.79,4.86,4.6
2018-04-19,4.74,4.84,4.85,4.74
2018-04-20,4.8,4.73,4.87,4.72
2018-04-23,4.7,4.64,4.75,4.59
2018-04-24,4.64,4.7,4.73,4.64
2018-04-25,4.69,4.79,4.82,4.66
2018-04-26,4.79,4.7,4.82,4.68
2018-04-27,4.68,4.7,4.73,4.64
2018-05-02,4.92,4.8,5.08,4.78
2018-05-03,4.78,4.89,4.91,4.77
2018-05-04,4.9,4.83,4.95,4.81
2018-05-07,4.9,4.89,4.92,4.85
2018-05-08,4.9,4.99,5.03,4.87
2018-05-09,5.01,4.98,5.03,4.93
2018-05-10,4.96,4.81,4.97,4.76
2018-05-11,4.78,4.71,4.81,4.68
2018-05-14,4.67,4.65,4.71,4.63
2018-05-15,4.65,4.72,4.73,4.65
2018-05-16,4.69,4.72,4.75,4.69
2018-05-17,4.71,4.75,4.76,4.7
2018-05-18,4.74,4.83,4.86,4.73
2018-05-21,4.85,4.85,4.89,4.82
2018-05-22,4.86,4.92,4.94,4.84
2018-05-23,4.91,4.84,4.94,4.83
2018-05-24,4.85,4.88,4.91,4.83
2018-05-25,4.86,4.92,4.96,4.86
