date,open,close,high,low
2016-01-04,20.47,18.42,20.47,18.42
2016-01-05,17.0,17.28,17.97,16.58
2016-01-06,17.6,17.68,17.93,17.01
2016-01-21,15.91,15.91,15.91,15.91
2016-01-22,14.6,14.89,15.69,14.36
2016-01-25,14.77,14.94,15.1,14.51
2016-01-26,14.55,13.45,14.78,13.45
2016-01-27,13.05,12.35,13.28,12.11
2016-01-28,11.95,11.12,12.24,11.12
2016-01-29,10.87,11.48,11.8,10.5
2016-02-01,11.2,11.73,11.9,10.9
2016-02-02,11.48,11.87,12.33,11.4
2016-02-03,11.6,11.61,11.8,11.25
2016-02-04,11.69,12.0,12.15,11.59
2016-02-05,12.35,11.46,12.45,11.45
2016-02-15,11.0,11.38,11.48,10.92
2016-02-16,11.6,12.52,12.52,11.5
2016-02-17,13.0,12.88,13.37,12.64
2016-02-18,13.09,13.04,13.29,12.65
2016-02-19,12.88,13.34,13.36,12.72
2016-02-22,13.52,13.51,13.8,13.31
2016-02-23,13.47,13.08,13.47,12.85
2016-02-24,13.07,13.13,13.29,12.66
2016-02-25,13.13,11.82,13.14,11.82
2016-02-26,11.84,11.53,11.98,11.18
2016-02-29,11.43,10.38,11.43,10.38
2016-03-01,10.45,10.58,10.79,10.15
2016-03-02,10.55,11.4,11.6,10.52
2016-03-03,11.35,11.43,11.85,11.25
2016-03-04,11.33,10.7,11.5,10.45
2016-03-07,10.79,11.77,11.77,10.78
2016-03-08,11.78,12.77,12.8,10.97
2016-03-09,12.1,12.07,12.56,11.9
2016-03-10,12.1,11.54,12.39,11.5
2016-03-11,11.23,11.29,11.53,11.05
2016-03-14,11.52,12.31,12.41,11.52
2016-03-15,12.11,12.12,12.33,12.01
2016-03-16,12.21,12.15,12.68,12.04
2016-03-17,12.3,12.99,13.1,12.23
2016-03-18,12.96,13.76,14.18,12.81
2016-03-21,13.85,13.97,14.11,13.6
2016-03-22,13.77,13.77,14.4,13.7
2016-03-23,13.65,13.95,13.98,13.55
2016-03-24,13.8,13.44,13.95,13.41
2016-03-25,13.42,13.38,13.6,13.2
2016-03-28,13.55,13.39,13.94,13.27
2016-03-29,13.37,13.02,13.54,12.55
2016-03-30,13.09,13.61,13.65,13.03
2016-03-31,13.78,13.87,14.06,13.2
2016-04-01,13.63,13.61,13.8,13.15
2016-04-05,13.47,14.03,14.1,13.34
2016-04-06,13.92,14.71,14.95,13.88
2016-04-07,14.45,14.15,14.6,14.07
2016-04-08,14.0,13.96,14.01,13.6
2016-04-11,14.18,15.1,15.36,14.08
2016-04-12,14.9,15.02,15.25,14.74
2016-04-13,15.16,15.33,15.44,14.91
2016-04-14,15.6,15.45,15.88,15.1
2016-04-15,15.35,14.99,15.4,14.83
2016-04-18,14.99,15.06,15.28,14.58
2016-04-19,15.1,14.79,15.19,14.73
2016-04-20,14.87,13.59,14.93,13.33
2016-04-21,13.46,13.3,13.9,13.11
2016-04-22,13.3,13.96,14.08,13.21
2016-04-25,13.95,14.18,14.36,13.72
2016-04-26,14.18,14.66,14.77,14.1
2016-04-27,14.7,14.7,15.24,14.6
2016-04-28,14.95,14.8,15.12,14.42
2016-04-29,14.8,15.11,15.56,14.61
2016-05-03,14.95,15.3,15.33,14.78
2016-05-04,15.24,14.98,15.3,14.82
2016-05-05,14.99,15.04,15.1,14.82
2016-05-06,15.01,14.09,15.12,14.04
2016-05-09,13.9,13.88,14.0,13.33
2016-05-10,13.97,13.79,14.04,13.34
2016-05-11,13.86,13.65,14.07,13.59
2016-05-12,13.45,13.32,13.54,13.0
2016-05-13,13.47,13.79,13.95,13.33
2016-05-16,13.57,13.84,13.92,13.57
2016-05-17,13.84,13.56,14.28,13.11
2016-05-18,13.08,13.19,13.37,12.54
2016-05-19,13.01,13.15,13.35,12.97
2016-05-20,13.0,13.31,13.39,12.85
2016-05-23,13.28,13.85,13.96,13.28
2016-05-24,13.65,13.98,14.16,13.51
2016-05-25,14.15,13.75,14.15,13.68
2016-05-26,13.74,13.75,13.84,13.3
2016-05-27,13.68,13.7,13.87,13.63
2016-05-30,13.69,13.56,13.77,13.42
2016-05-31,13.6,14.48,14.92,13.6
2016-06-01,14.79,14.77,15.08,14.43
2016-06-02,14.78,14.81,14.98,14.58
2016-06-03,14.88,14.85,15.1,14.69
2016-06-06,14.87,14.87,14.98,14.62
2016-06-07,14.92,15.33,15.37,14.75
2016-06-08,15.28,14.96,15.48,14.94
2016-06-13,14.65,13.77,14.69,13.76
2016-06-29,15.15,15.15,15.15,15.15
2016-06-30,15.59,15.78,16.28,15.06
2016-07-01,15.4,15.21,15.75,15.16
2016-07-04,14.8,15.25,15.28,14.58
2016-07-05,15.15,15.07,15.19,14.9
2016-07-06,15.1,14.86,15.3,14.76
2016-07-07,14.86,14.92,15.14,14.67
2016-07-08,14.92,14.67,14.92,14.63
2016-07-11,14.66,15.17,15.3,14.51
2016-07-12,15.08,15.69,15.75,14.95
2016-07-13,15.4,15.45,15.68,15.35
2016-07-14,15.58,15.55,15.59,15.25
2016-07-15,15.57,15.12,15.57,15.1
2016-07-18,15.12,14.69,15.2,14.57
2016-07-19,14.65,14.83,14.85,14.59
2016-07-20,14.83,14.8,14.93,14.77
2016-07-21,14.78,15.33,15.49,14.71
2016-07-22,15.27,15.17,15.49,15.15
2016-07-25,15.17,14.85,15.2,14.72
2016-07-26,14.78,15.0,15.13,14.75
2016-07-27,15.07,15.08,15.38,14.45
2016-07-28,14.95,15.69,15.7,14.89
2016-07-29,15.35,14.89,15.54,14.8
2016-08-01,14.64,13.4,14.64,13.4
2016-08-02,13.28,13.47,13.56,13.17
2016-08-03,13.43,13.61,13.67,13.28
2016-08-04,13.5,13.69,13.76,13.48
2016-08-05,13.69,13.99,14.06,13.63
2016-08-08,13.82,14.0,14.16,13.82
2016-08-09,13.98,14.49,14.53,13.85
2016-08-10,14.35,14.66,15.21,14.34
2016-08-11,14.43,14.16,14.54,14.11
2016-08-12,14.16,14.31,14.44,13.91
2016-08-15,14.31,14.51,14.65,14.07
2016-08-16,14.52,14.52,14.78,14.39
2016-08-17,14.56,14.48,14.62,14.35
2016-08-18,14.39,14.5,14.64,14.38
2016-08-19,14.48,15.08,15.16,14.46
2016-08-22,15.06,15.11,15.38,14.81
2016-08-23,15.01,14.97,15.25,14.77
2016-08-24,14.95,15.27,15.59,14.94
2016-08-25,15.18,15.19,15.21,14.83
2016-08-26,15.06,14.91,15.12,14.89
2016-08-29,15.05,15.0,15.05,14.72
2016-08-30,15.06,15.55,15.58,14.92
2016-08-31,15.51,15.68,15.8,15.3
2016-09-01,15.57,15.33,15.97,15.31
2016-09-02,15.15,15.1,15.33,14.85
2016-09-05,15.18,15.11,15.34,15.02
2016-09-06,15.0,15.77,15.85,14.96
2016-09-07,15.69,15.56,15.86,15.44
2016-09-08,15.62,15.67,15.72,15.35
2016-09-09,15.7,15.5,16.15,15.45
2016-09-12,15.13,15.11,15.23,14.91
2016-09-13,15.15,15.08,15.25,15.0
2016-09-14,15.06,14.82,15.06,14.7
2016-09-19,14.98,15.53,15.63,14.9
2016-09-20,15.51,15.7,15.79,15.35
2016-09-21,15.66,15.67,16.05,15.5
2016-09-22,15.66,15.91,15.99,15.5
2016-09-23,16.0,15.54,16.04,15.5
2016-09-26,15.45,15.77,16.1,15.28
2016-09-27,15.58,16.26,16.3,15.43
2016-09-28,16.2,15.75,16.35,15.71
2016-09-29,16.0,16.31,16.75,15.85
2016-09-30,16.3,17.26,17.56,16.22
2016-10-10,17.15,17.62,17.7,16.73
2016-10-11,17.42,17.39,17.79,17.28
2016-10-12,17.45,17.43,17.55,17.13
2016-10-13,17.48,17.22,18.17,17.2
2016-10-14,16.96,17.06,17.38,16.88
2016-10-17,17.12,16.69,17.37,16.5
2016-10-18,16.68,16.9,17.03,16.5
2016-10-19,16.9,17.0,17.21,16.66
2016-10-20,17.0,17.09,17.31,16.88
2016-10-21,17.11,16.75,17.17,16.53
2016-10-24,16.63,16.74,16.97,16.63
2016-10-25,16.85,17.22,17.3,16.73
2016-10-26,17.48,17.17,17.66,17.03
2016-10-27,17.1,17.0,17.15,16.88
2016-10-28,16.8,16.73,17.0,16.6
2016-10-31,16.63,16.73,16.87,16.46
2016-11-01,16.75,16.86,16.94,16.62
2016-11-02,16.88,17.04,17.44,16.67
2016-11-03,17.15,17.34,17.79,17.0
2016-11-04,17.3,17.38,17.65,17.13
2016-11-07,17.28,17.41,17.58,17.11
2016-11-08,17.45,17.87,18.19,17.3
2016-11-09,17.87,17.73,18.0,17.3
2016-11-10,17.88,17.94,18.08,17.61
2016-11-11,17.94,18.05,18.72,17.81
2016-11-14,17.9,18.04,18.18,17.6
2016-11-15,17.9,18.19,18.5,17.78
2016-11-16,18.04,17.57,18.28,17.54
2016-11-17,17.5,17.56,17.75,17.36
2016-11-18,17.48,17.59,17.73,17.45
2016-11-21,17.6,17.34,17.61,17.08
2016-11-22,17.35,17.5,17.65,17.24
2016-11-23,17.45,17.32,17.6,17.19
2016-11-24,17.31,16.86,17.4,16.77
2016-11-25,16.8,16.92,16.96,16.6
2016-11-28,16.9,16.86,17.12,16.75
2016-11-29,16.88,16.92,17.19,16.85
2016-11-30,17.0,16.81,17.09,16.77
2016-12-01,16.85,16.99,17.05,16.74
2016-12-02,16.92,16.66,17.0,16.58
2016-12-05,16.26,16.13,16.33,15.8
2016-12-06,16.12,16.16,16.35,16.0
2016-12-07,16.16,16.23,16.28,15.93
2016-12-08,16.24,16.42,16.57,16.1
2016-12-09,16.45,16.43,16.5,16.22
2016-12-12,16.4,15.34,16.4,15.05
2016-12-13,15.31,15.61,15.67,15.25
2016-12-14,15.55,15.2,15.61,15.19
2016-12-15,15.2,15.5,15.81,15.11
2016-12-16,15.45,15.68,15.77,15.33
2016-12-19,15.63,15.58,15.63,15.4
2016-12-20,15.55,15.86,15.95,15.55
2016-12-21,15.92,16.11,16.2,15.86
2016-12-22,15.96,15.86,16.4,15.84
2016-12-23,15.84,15.69,15.86,15.43
2016-12-26,15.46,15.5,15.66,15.25
2016-12-27,15.49,15.47,15.6,15.44
2016-12-28,15.45,15.27,15.54,15.22
2016-12-29,15.27,15.45,15.5,15.02
2016-12-30,15.46,15.55,15.56,15.33
2017-01-03,15.51,15.6,15.87,15.5
2017-01-04,15.64,15.64,15.7,15.51
2017-01-05,15.6,15.71,15.83,15.58
2017-01-06,15.7,15.43,15.71,15.2
2017-01-09,15.4,15.16,15.42,15.01
2017-01-10,15.15,15.21,15.26,15.03
2017-01-11,15.15,15.13,15.21,14.92
2017-01-12,15.13,15.13,15.23,15.0
2017-01-13,15.08,14.37,15.09,13.71
2017-01-16,14.0,13.62,14.3,13.1
2017-01-17,13.62,13.33,13.84,12.86
2017-01-18,13.39,13.32,13.44,13.11
2017-01-19,13.31,12.88,13.35,12.8
2017-01-20,12.81,13.27,13.28,12.81
2017-01-23,13.28,13.39,13.69,13.1
2017-01-24,13.19,12.18,13.2,12.1
2017-01-25,11.99,12.1,12.28,11.8
2017-01-26,12.16,12.36,12.48,12.16
2017-02-03,12.49,12.66,12.68,12.37
2017-02-06,12.69,12.77,12.78,12.58
2017-02-07,12.88,12.78,12.98,12.72
2017-02-08,12.78,13.23,13.33,12.78
2017-02-09,13.22,13.87,14.2,13.22
2017-02-10,13.9,14.9,15.2,13.9
2017-02-13,14.6,14.44,14.79,14.17
2017-02-14,14.4,14.23,14.54,14.18
2017-02-15,14.3,14.13,14.49,14.03
2017-02-16,14.13,14.1,14.18,13.92
2017-02-17,14.06,13.77,14.2,13.65
2017-02-20,13.74,13.92,13.99,13.74
2017-02-21,13.92,14.23,14.25,13.78
2017-02-22,14.19,14.88,14.89,14.09
2017-02-23,14.74,14.59,15.19,14.51
2017-02-24,14.5,14.31,14.51,14.17
2017-02-27,14.31,14.32,14.4,13.99
2017-02-28,14.2,14.37,14.46,14.18
2017-03-01,14.35,13.9,14.35,13.81
2017-03-02,13.88,13.89,13.98,13.69
2017-03-03,13.79,14.11,14.2,13.71
2017-03-06,14.09,14.36,14.49,14.0
2017-03-07,14.18,14.0,14.36,13.98
2017-03-08,13.97,13.94,13.98,13.75
2017-03-09,13.85,13.94,14.04,13.76
2017-03-10,13.93,14.08,14.09,13.83
2017-03-13,14.0,14.03,14.24,12.9
2017-03-14,13.8,14.45,14.46,13.65
2017-03-15,14.08,13.77,14.37,13.75
2017-03-16,13.58,13.55,13.69,13.26
2017-03-17,13.5,13.73,13.98,13.43
2017-03-20,13.75,13.13,13.78,12.96
2017-03-21,13.09,13.07,13.22,12.97
2017-03-22,13.06,12.8,13.07,12.72
2017-03-23,12.78,12.82,12.89,12.63
2017-03-24,12.78,12.61,12.8,12.53
2017-03-27,12.6,12.58,12.7,12.48
2017-03-28,12.56,12.37,13.0,12.34
2017-03-29,12.4,11.99,12.44,11.9
2017-03-30,11.91,11.37,11.99,10.88
2017-03-31,11.34,11.23,11.5,11.11
2017-04-05,11.25,11.47,11.52,11.25
2017-04-06,11.47,11.4,11.54,11.35
2017-04-07,11.38,11.47,11.6,11.35
2017-04-10,11.41,11.28,11.5,10.9
2017-04-11,11.22,11.34,11.38,11.15
2017-04-12,11.3,11.1,11.34,11.1
2017-04-13,11.05,11.13,11.28,11.03
2017-04-14,11.15,11.01,11.22,11.0
2017-04-17,10.86,10.22,10.86,10.04
2017-04-18,10.21,9.29,10.22,9.28
2017-04-19,9.1,9.05,9.16,8.73
2017-04-21,8.6,8.6,8.6,8.6
2017-04-24,8.17,8.17,8.17,8.17
2017-04-25,7.76,7.78,8.08,7.76
2017-04-26,7.77,7.86,7.95,7.73
2017-04-27,7.82,8.25,8.25,7.82
2017-04-28,8.25,8.66,8.66,8.25
2017-05-02,8.66,9.07,9.09,8.6
2017-05-03,9.11,8.96,9.23,8.75
2017-05-04,8.96,8.89,9.09,8.81
2017-05-05,8.88,8.49,8.92,8.47
2017-05-08,8.49,8.91,8.91,8.49
2017-05-09,9.0,8.59,9.05,8.46
2017-05-10,8.5,8.46,8.66,8.37
2017-05-11,8.32,8.11,8.47,8.04
2017-05-12,8.12,8.06,8.17,7.97
2017-05-15,8.1,8.4,8.46,8.09
2017-05-16,8.3,8.48,8.48,8.25
2017-05-17,8.48,8.65,8.84,8.48
2017-05-18,8.41,8.41,8.62,8.32
2017-05-19,8.46,8.57,8.64,8.43
2017-05-22,8.58,8.14,8.61,8.14
2017-05-24,7.73,7.73,7.73,7.73
2017-05-25,7.34,7.35,7.56,7.34
2017-05-26,7.37,7.4,7.55,7.36
2017-05-31,7.48,7.03,7.58,7.03
2017-06-01,6.85,6.68,6.9,6.68
2017-06-02,6.42,6.4,6.45,6.35
2017-06-05,6.45,6.72,6.72,6.37
2017-06-06,6.68,6.74,6.83,6.66
2017-06-07,6.73,6.89,6.94,6.7
2017-06-08,6.87,6.88,6.97,6.83
2017-06-09,6.85,6.8,6.87,6.68
2017-06-12,6.7,6.46,6.7,6.46
2017-06-13,6.33,6.74,6.78,6.33
2017-06-14,6.68,6.73,6.82,6.66
2017-06-15,6.73,6.82,6.91,6.68
2017-06-16,6.82,6.89,6.95,6.8
2017-06-19,6.88,7.17,7.23,6.88
2017-06-20,7.05,7.07,7.35,7.05
2017-06-21,7.07,7.06,7.15,6.91
2017-06-22,7.02,6.91,7.06,6.86
2017-06-23,6.8,6.87,6.99,6.7
2017-06-26,6.83,7.0,7.09,6.78
2017-06-27,6.98,6.99,7.13,6.98
2017-06-28,6.96,7.04,7.07,6.94
2017-06-29,7.06,6.99,7.13,6.97
2017-06-30,6.9,6.99,7.03,6.9
2017-07-03,6.93,7.03,7.05,6.89
2017-07-04,7.03,7.19,7.21,7.0
2017-07-05,7.22,7.45,7.55,7.17
2017-07-06,7.47,7.3,7.49,7.28
2017-07-07,7.28,7.19,7.31,7.18
2017-07-10,7.1,7.19,7.32,7.1
2017-07-11,7.2,7.19,7.29,7.17
2017-07-12,7.16,7.26,7.27,7.11
2017-07-13,7.27,7.28,7.28,7.17
2017-07-14,7.25,7.45,7.47,7.2
2017-07-17,7.4,7.15,7.44,7.08
2017-07-18,7.16,7.19,7.2,6.83
2017-07-19,7.22,7.28,7.28,7.1
2017-07-20,7.25,7.21,7.39,7.2
2017-07-21,7.22,7.23,7.34,7.18
2017-07-24,7.24,7.23,7.33,7.14
2017-07-25,7.19,7.18,7.26,7.12
2017-07-26,7.18,7.24,7.26,7.13
2017-07-27,7.23,7.26,7.28,7.15
2017-07-28,7.23,7.25,7.36,7.19
2017-07-31,7.19,7.26,7.28,7.01
2017-08-01,7.34,7.3,7.39,7.26
2017-08-02,7.28,7.2,7.33,7.16
2017-08-03,7.18,7.15,7.22,7.1
2017-08-04,7.18,7.28,7.33,7.14
2017-08-07,7.26,7.34,7.38,7.26
2017-08-08,7.33,7.31,7.34,7.25
2017-08-09,7.3,7.31,7.34,7.24
2017-08-10,7.28,7.29,7.3,7.21
2017-08-11,7.24,7.24,7.32,7.19
2017-08-14,7.25,7.27,7.3,7.21
2017-08-15,7.28,7.28,7.33,7.22
2017-08-16,7.28,7.35,7.37,7.26
2017-08-17,7.39,7.42,7.44,7.31
2017-08-18,7.39,7.69,7.79,7.38
2017-08-21,7.6,7.61,7.74,7.59
2017-08-22,7.65,7.7,7.82,7.6
2017-08-23,7.66,8.08,8.09,7.66
2017-08-24,7.99,8.08,8.4,7.95
2017-08-25,8.08,8.05,8.16,7.9
2017-08-28,8.05,8.09,8.15,7.97
2017-08-29,8.1,8.2,8.22,8.04
2017-08-30,8.2,8.04,8.23,8.01
2017-08-31,8.03,8.1,8.14,8.03
2017-09-01,8.06,8.09,8.17,8.05
2017-09-04,8.05,8.01,8.1,7.96
2017-09-05,8.01,7.93,8.07,7.91
2017-09-06,7.96,8.02,8.06,7.87
2017-09-07,8.02,8.02,8.08,7.94
2017-09-08,8.03,8.04,8.06,7.97
2017-09-11,8.03,8.08,8.16,8.0
2017-09-12,8.11,8.02,8.12,7.99
2017-09-13,8.0,8.04,8.05,7.99
2017-09-14,8.07,8.02,8.07,7.98
2017-09-15,8.0,8.07,8.14,8.0
2017-09-18,8.05,8.11,8.14,8.03
2017-09-19,8.12,8.11,8.19,8.08
2017-09-20,8.14,8.06,8.15,8.0
2017-09-21,8.02,7.99,8.12,7.93
2017-09-22,8.0,7.72,8.0,7.59
2017-09-25,7.67,7.63,7.86,7.6
2017-09-26,7.67,7.58,7.71,7.52
2017-09-27,7.58,7.6,7.63,7.55
2017-09-28,7.63,7.46,7.63,7.45
2017-09-29,7.56,7.51,7.64,7.49
2017-10-09,7.6,7.63,7.64,7.55
2017-10-10,7.62,8.01,8.01,7.62
2017-10-11,8.04,7.93,8.08,7.84
2017-10-12,7.9,7.89,7.91,7.83
2017-10-13,7.92,7.98,8.03,7.85
2017-10-16,7.96,7.92,8.06,7.87
2017-10-17,7.95,7.92,8.04,7.83
2017-10-18,7.9,7.85,7.94,7.81
2017-10-19,7.87,7.86,7.9,7.82
2017-10-20,7.86,7.98,8.01,7.8
2017-10-23,8.0,7.98,8.04,7.93
2017-10-24,7.97,7.95,8.02,7.94
2017-10-25,7.97,7.94,7.97,7.9
2017-10-26,7.94,7.85,7.97,7.82
2017-10-27,7.85,7.81,7.87,7.8
2017-10-30,7.84,7.59,7.84,7.53
2017-10-31,7.72,7.77,7.9,7.62
2017-11-01,7.76,7.7,7.77,7.66
2017-11-02,7.69,7.59,7.69,7.56
2017-11-03,7.65,7.66,7.78,7.55
2017-11-06,7.66,7.72,7.73,7.61
2017-11-07,7.7,7.66,7.75,7.64
2017-11-08,7.67,7.68,7.74,7.65
2017-11-09,7.72,7.73,7.8,7.67
2017-11-10,7.74,7.68,7.74,7.63
2017-11-13,7.64,7.63,7.7,7.59
2017-11-14,7.63,7.5,7.64,7.48
2017-11-15,7.47,7.44,7.56,7.43
2017-11-16,7.43,7.41,7.52,7.37
2017-11-17,7.41,7.04,7.43,7.04
2017-11-20,6.96,6.76,6.96,6.69
2017-11-21,6.74,6.8,6.87,6.7
2017-11-22,6.9,6.85,7.0,6.81
2017-11-23,6.88,6.51,6.88,6.51
2017-11-24,6.5,6.58,6.62,6.35
2017-11-27,6.56,6.59,6.61,6.55
2017-11-28,6.67,6.77,6.78,6.58
2017-11-29,6.75,6.8,6.84,6.7
2017-11-30,6.87,6.71,6.87,6.7
2017-12-01,6.75,6.73,6.79,6.67
2017-12-04,6.75,6.59,6.77,6.56
2017-12-05,6.58,6.37,6.63,6.36
2017-12-06,6.4,6.49,6.51,6.34
2017-12-07,6.51,6.59,6.61,6.46
2017-12-08,6.62,6.8,6.84,6.57
2017-12-11,6.79,6.77,6.84,6.73
2017-12-12,6.76,6.73,6.81,6.72
2017-12-13,6.71,6.74,6.75,6.67
2017-12-14,6.73,6.8,6.9,6.7
2017-12-15,6.8,6.76,6.81,6.7
2017-12-18,6.77,6.75,6.85,6.71
2017-12-19,6.72,6.74,6.79,6.72
2017-12-20,6.73,6.74,6.84,6.7
2017-12-21,6.83,6.85,6.86,6.75
2017-12-22,6.79,6.84,6.93,6.76
2017-12-25,6.85,6.72,6.87,6.72
2017-12-26,6.77,6.66,6.77,6.58
2017-12-27,6.61,6.6,6.68,6.58
2017-12-28,6.6,6.5,6.6,6.5
2017-12-29,6.52,6.61,6.64,6.47
2018-01-02,6.63,6.68,6.7,6.61
2018-01-03,6.68,6.74,6.77,6.64
2018-01-04,6.74,6.7,6.74,6.66
2018-01-05,6.69,6.72,6.73,6.64
2018-01-08,6.73,6.63,6.73,6.6
2018-01-09,6.64,6.54,6.64,6.45
2018-01-10,6.56,6.46,6.58,6.4
2018-01-11,6.45,6.39,6.49,6.2
2018-01-12,6.35,6.39,6.45,6.27
2018-01-15,6.36,6.09,6.37,6.07
2018-01-16,6.03,6.01,6.17,5.95
2018-01-17,6.01,6.02,6.04,5.85
2018-01-18,6.0,6.27,6.32,5.96
2018-01-19,6.22,6.14,6.26,6.11
2018-01-22,6.15,6.15,6.17,6.09
2018-01-23,6.16,6.14,6.21,6.1
2018-01-24,6.14,6.09,6.14,6.05
2018-01-25,6.16,6.17,6.27,6.08
2018-01-26,6.16,6.15,6.2,6.11
2018-01-29,6.15,6.1,6.2,6.09
2018-01-30,6.09,6.17,6.25,6.07
2018-01-31,6.35,6.25,6.47,6.24
2018-02-01,6.25,6.09,6.37,6.06
2018-02-02,6.04,6.05,6.08,5.88
2018-02-05,5.99,6.23,6.32,5.97
2018-02-06,6.11,5.94,6.23,5.92
2018-02-07,6.03,5.86,6.07,5.76
2018-02-08,5.84,5.89,5.92,5.77
2018-02-09,5.78,5.64,5.82,5.6
2018-02-12,5.67,5.7,5.72,5.6
2018-02-13,5.71,5.72,5.76,5.68
2018-02-14,5.69,5.8,5.85,5.69
2018-02-22,5.83,5.85,5.88,5.79
2018-02-23,5.85,5.91,5.93,5.83
2018-02-26,5.91,6.05,6.06,5.9
2018-02-27,6.06,6.13,6.14,6.03
2018-02-28,6.12,6.13,6.19,6.07
2018-03-01,6.12,6.14,6.18,6.07
2018-03-02,6.12,6.08,6.14,6.06
2018-03-05,6.09,6.06,6.1,6.03
2018-03-06,6.06,6.1,6.17,6.06
2018-03-07,6.09,6.13,6.15,6.08
2018-03-08,6.1,6.14,6.16,6.1
2018-03-09,6.14,6.28,6.31,6.14
2018-03-12,6.29,6.32,6.39,6.26
2018-03-13,6.27,6.35,6.38,6.27
2018-03-14,6.33,6.27,6.45,6.26
2018-03-15,6.28,6.13,6.35,6.06
2018-03-16,6.12,6.36,6.37,6.1
2018-03-19,6.35,6.54,6.68,6.35
2018-03-20,6.49,6.62,6.64,6.43
2018-03-21,6.62,6.5,6.66,6.49
2018-03-22,6.49,6.69,6.77,6.49
2018-03-23,6.53,6.5,6.69,6.36
2018-03-26,6.46,6.61,6.64,6.29
2018-03-27,6.69,6.78,6.84,6.67
2018-03-28,6.72,6.79,6.86,6.68
2018-03-29,6.81,6.82,6.98,6.76
2018-03-30,6.48,6.48,6.62,6.48
2018-04-02,6.48,6.41,6.48,6.3
2018-04-03,6.33,6.4,6.43,6.28
2018-04-04,6.41,6.58,6.67,6.37
2018-04-09,6.58,6.47,6.59,6.41
2018-04-10,6.47,6.56,6.57,6.46
2018-04-12,6.51,6.31,6.51,6.3
2018-04-13,6.41,6.26,6.43,6.22
2018-04-16,6.2,6.11,6.22,5.99
2018-04-17,6.1,6.11,6.13,6.01
2018-04-18,6.13,6.11,6.14,6.03
2018-04-19,6.12,5.92,6.12,5.8
2018-04-20,5.85,5.81,5.91,5.77
2018-04-23,5.85,5.7,5.9,5.63
2018-04-24,5.7,5.76,5.77,5.67
2018-04-25,5.72,5.8,5.81,5.71
2018-04-26,5.78,5.81,5.88,5.76
2018-04-27,5.84,5.8,5.84,5.76
2018-05-02,5.79,5.66,5.81,5.62
2018-05-03,5.66,5.64,5.67,5.55
2018-05-04,5.59,5.67,5.71,5.57
2018-05-07,5.65,5.78,5.78,5.65
2018-05-08,5.78,5.82,5.84,5.74
2018-05-09,5.78,5.91,5.96,5.78
2018-05-10,5.9,5.96,5.96,5.87
2018-05-11,5.92,5.97,6.04,5.92
2018-05-14,5.97,5.9,5.98,5.84
2018-05-15,5.9,5.9,5.94,5.81
2018-05-16,5.89,5.91,5.92,5.84
2018-05-17,5.91,5.94,5.95,5.87
2018-05-18,5.94,5.96,5.96,5.88
2018-05-21,5.96,6.0,6.0,5.89
2018-05-22,5.99,6.07,6.08,5.96
2018-05-23,6.06,6.0,6.06,5.93
2018-05-24,5.97,6.04,6.05,5.96
2018-05-25,6.03,6.03,6.03,5.96
