date,open,close,high,low
2016-01-04,10.822,9.861,10.852,9.861
2016-01-05,9.117,9.89,10.079,9.078
2016-01-06,9.89,10.019,10.049,9.593
2016-01-07,9.811,9.048,9.811,9.018
2016-01-08,9.296,9.187,9.385,8.642
2016-01-11,8.969,8.275,9.098,8.265
2016-01-12,8.325,8.255,8.602,8.097
2016-01-13,8.354,8.097,8.493,8.067
2016-01-14,8.107,8.434,8.453,8.037
2016-01-15,8.364,8.275,8.662,8.136
2016-01-18,8.225,8.374,8.523,8.037
2016-01-19,8.374,8.632,8.662,8.225
2016-01-20,8.533,8.414,8.612,8.305
2016-01-21,8.206,8.136,8.463,8.116
2016-01-22,8.225,8.235,8.305,7.958
2016-01-25,8.295,8.374,8.404,8.225
2016-01-26,8.305,7.78,8.305,7.661
2016-01-27,7.799,7.661,7.869,7.324
2016-01-28,7.621,7.413,7.819,7.393
2016-01-29,7.423,7.71,7.789,7.423
2016-02-01,7.71,7.77,7.928,7.532
2016-02-02,7.77,7.988,7.998,7.7
2016-02-03,7.928,7.928,7.988,7.74
2016-02-04,8.007,8.047,8.097,7.928
2016-02-05,8.126,8.047,8.136,7.998
2016-02-15,7.849,7.938,8.007,7.651
2016-02-16,8.007,8.225,8.275,7.938
2016-02-17,8.216,8.285,8.295,8.116
2016-02-18,8.334,8.206,8.354,8.166
2016-02-19,8.206,8.235,8.305,8.146
2016-02-22,8.275,8.463,8.582,8.265
2016-02-23,8.434,8.325,8.513,8.166
2016-02-24,8.285,8.364,8.374,8.146
2016-02-25,8.315,7.789,8.315,7.611
2016-02-26,7.77,8.572,8.572,7.77
2016-02-29,8.81,8.305,9.068,7.928
2016-03-01,8.225,8.017,8.225,7.472
2016-03-02,7.879,8.82,8.82,7.829
2016-03-03,8.88,8.919,9.038,8.701
2016-03-04,8.83,8.444,8.84,8.334
2016-03-07,8.444,8.612,8.731,8.424
2016-03-08,8.533,8.444,8.543,8.017
2016-03-09,8.126,8.087,8.255,7.978
2016-03-10,8.107,8.047,8.235,8.017
2016-03-11,8.017,8.245,8.255,7.928
2016-03-14,8.285,8.533,8.671,8.206
2016-03-15,8.553,8.81,8.949,8.444
2016-03-16,8.909,8.691,8.998,8.652
2016-03-17,8.691,8.939,8.979,8.642
2016-03-18,8.969,9.038,9.216,8.85
2016-03-21,9.078,9.117,9.266,8.998
2016-03-22,9.038,8.998,9.226,8.959
2016-03-23,8.969,9.048,9.107,8.88
2016-03-24,9.018,8.84,9.018,8.8
2016-03-25,8.82,8.88,8.919,8.721
2016-03-28,8.919,8.79,8.998,8.761
2016-03-29,8.761,8.553,8.8,8.424
2016-03-30,8.612,8.8,8.81,8.533
2016-04-01,8.671,9.494,9.563,8.523
2016-04-05,9.454,9.553,9.573,9.187
2016-04-06,9.375,9.296,9.464,9.207
2016-04-07,9.375,9.127,9.375,9.098
2016-04-08,9.028,8.82,9.117,8.632
2016-04-11,8.889,8.919,9.028,8.85
2016-04-12,8.899,8.82,8.979,8.721
2016-04-13,8.889,9.028,9.117,8.84
2016-04-14,9.078,9.207,9.266,8.959
2016-04-15,9.216,9.246,9.415,9.187
2016-04-18,9.187,9.216,9.276,8.949
2016-04-19,9.207,9.147,9.276,9.088
2016-04-20,9.157,8.711,9.286,8.543
2016-04-21,8.671,8.513,8.85,8.483
2016-04-22,8.543,8.642,8.681,8.473
2016-04-25,8.681,8.751,8.771,8.533
2016-04-26,8.82,8.81,8.83,8.662
2016-04-27,8.771,8.671,8.81,8.642
2016-04-28,8.711,8.622,8.751,8.463
2016-04-29,8.543,8.543,8.652,8.414
2016-05-03,8.543,8.81,8.81,8.503
2016-05-04,8.771,8.87,8.979,8.701
2016-05-05,8.84,8.959,9.018,8.83
2016-05-06,8.939,8.662,9.117,8.642
2016-05-09,8.602,8.275,8.642,8.196
2016-05-10,8.275,8.156,8.325,8.097
2016-05-11,8.206,8.027,8.216,7.978
2016-05-12,7.978,8.007,8.037,7.809
2016-05-13,8.017,7.938,8.097,7.889
2016-05-16,7.978,8.067,8.067,7.829
2016-05-17,8.067,8.037,8.126,7.988
2016-05-18,8.047,7.839,8.067,7.78
2016-05-19,7.839,7.859,7.958,7.809
2016-05-20,7.829,7.908,7.928,7.74
2016-05-23,7.879,8.077,8.107,7.839
2016-05-24,8.057,7.968,8.057,7.879
2016-05-25,8.007,7.938,8.047,7.908
2016-05-26,7.898,7.819,7.968,7.581
2016-05-27,7.77,7.839,7.869,7.73
2016-05-30,7.819,7.889,7.928,7.73
2016-05-31,7.839,8.136,8.146,7.839
2016-06-01,8.116,8.156,8.235,8.107
2016-06-02,8.146,8.146,8.166,8.067
2016-06-03,8.136,8.097,8.166,8.037
2016-06-06,8.136,8.156,8.186,8.087
2016-06-07,8.126,8.116,8.156,8.057
2016-06-08,8.116,8.077,8.116,8.017
2016-06-13,7.978,7.72,8.027,7.69
2016-06-14,7.71,7.73,7.78,7.621
2016-06-15,7.671,7.889,7.908,7.611
2016-06-16,7.849,7.908,8.057,7.839
2016-06-17,7.898,7.968,8.027,7.898
2016-06-20,7.968,7.948,8.017,7.809
2016-06-21,7.968,7.869,8.077,7.829
2016-06-22,7.879,7.998,7.998,7.829
2016-06-23,7.998,7.998,8.067,7.889
2016-06-24,8.017,7.869,8.107,7.69
2016-06-27,7.809,8.027,8.027,7.809
2016-06-28,8.027,8.107,8.126,7.898
2016-06-29,8.097,8.107,8.166,8.077
2016-06-30,8.126,8.116,8.146,8.057
2016-07-01,8.136,8.136,8.176,8.087
2016-07-04,8.126,8.305,8.354,8.087
2016-07-05,8.305,8.305,8.344,8.245
2016-07-06,8.305,8.334,8.384,8.265
2016-07-07,8.334,8.325,8.384,8.285
2016-07-08,8.295,8.374,8.424,8.295
2016-07-11,8.394,8.414,8.533,8.354
2016-07-12,8.374,8.543,8.553,8.354
2016-07-13,8.671,8.741,8.899,8.612
2016-07-14,8.731,8.711,8.771,8.602
2016-07-15,8.652,8.582,8.741,8.513
2016-07-18,8.582,8.473,8.582,8.414
2016-07-19,8.513,8.463,8.513,8.414
2016-07-20,8.463,8.513,8.562,8.434
2016-07-21,8.493,8.473,8.543,8.453
2016-07-22,8.473,8.384,8.493,8.325
2016-07-25,8.384,8.463,8.493,8.334
2016-07-26,8.463,8.582,8.612,8.434
2016-07-27,8.572,8.126,8.632,8.087
2016-07-28,8.176,8.275,8.285,8.126
2016-07-29,8.255,8.216,8.295,8.126
2016-08-01,8.196,8.097,8.196,8.037
2016-08-02,8.027,8.166,8.176,8.027
2016-08-03,8.146,8.305,8.325,8.136
2016-08-04,8.305,8.315,8.325,8.176
2016-08-05,8.344,8.315,8.572,8.295
2016-08-08,8.295,8.493,8.503,8.285
2016-08-09,8.493,8.503,8.533,8.394
2016-08-10,8.513,8.463,8.523,8.374
2016-08-11,8.434,8.354,8.503,8.334
2016-08-12,8.354,8.523,8.533,8.344
2016-08-15,8.553,8.711,8.86,8.523
2016-08-16,8.671,8.84,9.068,8.671
2016-08-17,8.8,8.8,8.889,8.691
2016-08-18,8.81,8.899,9.068,8.8
2016-08-19,8.899,8.989,9.038,8.84
2016-08-22,8.998,8.88,9.018,8.771
2016-08-23,8.899,9.137,9.157,8.82
2016-08-24,9.098,8.949,9.167,8.84
2016-08-25,8.869,8.829,8.909,8.609
2016-08-26,8.809,8.839,8.879,8.739
2016-08-29,8.779,8.729,8.809,8.679
2016-08-30,8.679,8.719,8.779,8.629
2016-08-31,8.689,8.779,8.819,8.679
2016-09-01,8.789,8.659,8.809,8.639
2016-09-02,8.659,8.679,8.759,8.609
2016-09-05,8.699,8.779,8.799,8.659
2016-09-06,8.759,8.809,8.849,8.619
2016-09-07,8.779,8.809,8.899,8.749
2016-09-08,8.829,8.839,8.849,8.759
2016-09-09,8.849,8.819,8.879,8.769
2016-09-12,8.739,8.53,8.759,8.5
2016-09-13,8.53,8.639,8.649,8.53
2016-09-14,8.589,8.659,8.699,8.53
2016-09-19,8.639,8.729,8.739,8.609
2016-09-20,8.729,8.699,8.779,8.659
2016-09-21,8.699,8.769,8.809,8.649
2016-09-22,8.809,8.799,8.859,8.749
2016-09-23,8.799,8.849,8.929,8.759
2016-09-26,8.879,8.559,8.909,8.559
2016-09-27,8.559,8.589,8.639,8.48
2016-09-28,8.589,8.579,8.619,8.49
2016-09-29,8.559,8.619,8.649,8.53
2016-09-30,8.579,8.799,8.849,8.54
2016-10-10,8.809,8.839,8.869,8.709
2016-10-11,8.839,8.919,8.988,8.809
2016-10-12,8.919,8.859,8.919,8.789
2016-10-13,8.869,8.869,8.919,8.849
2016-10-14,8.839,8.869,8.889,8.749
2016-10-17,8.869,8.809,8.968,8.769
2016-10-18,8.809,8.949,8.968,8.779
2016-10-19,8.958,8.899,9.018,8.849
2016-10-20,8.929,9.048,9.108,8.879
2016-10-21,9.058,8.978,9.078,8.809
2016-10-24,8.968,9.078,9.138,8.929
2016-10-25,9.078,9.088,9.098,8.978
2016-10-26,9.068,9.028,9.088,8.988
2016-10-27,9.028,9.048,9.068,8.949
2016-10-28,9.058,8.899,9.068,8.889
2016-10-31,8.839,8.879,8.939,8.829
2016-11-01,8.869,9.238,9.288,8.869
2016-11-02,9.178,9.098,9.268,9.038
2016-11-03,9.068,9.088,9.158,8.988
2016-11-04,9.068,9.098,9.138,9.028
2016-11-07,9.068,9.068,9.108,8.998
2016-11-08,9.088,9.128,9.148,9.028
2016-11-09,9.128,9.048,9.128,8.919
2016-11-10,9.058,9.188,9.208,9.048
2016-11-11,9.218,9.268,9.278,9.138
2016-11-14,9.218,9.328,9.427,9.178
2016-11-15,9.377,9.358,9.407,9.248
2016-11-16,9.377,9.298,9.447,9.278
2016-11-17,9.328,9.318,9.358,9.248
2016-11-18,9.338,9.328,9.537,9.288
2016-11-21,9.328,9.348,9.417,9.248
2016-11-22,9.358,9.547,9.587,9.358
2016-11-23,9.687,9.767,10.076,9.607
2016-11-24,9.727,9.437,9.757,9.358
2016-11-25,9.397,9.338,9.467,9.188
2016-11-28,9.338,9.527,9.597,9.338
2016-11-29,9.527,9.308,9.527,9.278
2016-11-30,9.338,9.168,9.338,9.088
2016-12-01,9.178,9.288,9.348,9.108
2016-12-02,9.278,9.098,9.278,9.048
2016-12-05,8.988,8.939,9.078,8.859
2016-12-06,8.978,9.048,9.068,8.899
2016-12-07,9.058,9.358,9.397,8.998
2016-12-08,9.397,9.248,9.417,9.188
2016-12-09,9.298,9.477,9.577,9.218
2016-12-12,9.447,8.929,9.517,8.899
2016-12-13,8.799,8.789,8.899,8.659
2016-12-14,8.779,8.799,8.939,8.669
2016-12-15,8.749,9.008,9.158,8.689
2016-12-16,8.958,9.258,9.298,8.869
2016-12-19,9.228,9.298,9.328,9.118
2016-12-20,9.198,9.138,9.338,9.028
2016-12-21,9.068,9.308,9.348,9.028
2016-12-22,9.288,9.507,9.587,9.218
2016-12-23,9.477,9.238,9.677,9.198
2016-12-26,9.088,9.208,9.228,8.929
2016-12-27,9.148,9.348,9.437,9.148
2016-12-28,9.298,9.467,9.527,9.298
2016-12-29,9.417,9.397,9.437,9.278
2016-12-30,9.308,9.338,9.457,9.208
2017-01-03,9.318,9.637,9.657,9.298
2017-01-04,9.567,9.617,9.717,9.507
2017-01-05,9.577,9.707,9.976,9.547
2017-01-06,9.727,9.836,10.066,9.677
2017-01-09,9.876,10.215,10.325,9.757
2017-01-10,10.186,10.615,11.233,10.076
2017-01-11,10.425,10.305,10.505,10.096
2017-01-12,10.176,9.996,10.205,9.876
2017-01-13,9.976,9.707,10.056,9.597
2017-01-16,9.687,9.328,9.956,9.068
2017-01-17,9.228,9.517,9.587,9.228
2017-01-18,9.527,9.557,9.627,9.358
2017-01-19,9.477,9.826,9.956,9.417
2017-01-20,9.767,10.136,10.435,9.727
2017-01-23,10.076,10.196,10.215,9.996
2017-01-24,10.196,9.956,10.275,9.836
2017-01-25,9.876,9.597,9.876,9.577
2017-01-26,9.607,9.697,9.727,9.577
2017-02-03,9.637,9.547,9.647,9.467
2017-02-06,9.587,10.146,10.245,9.587
2017-02-07,10.106,10.225,10.325,10.006
2017-02-08,10.225,10.275,10.405,10.026
2017-02-09,10.265,10.196,10.525,10.126
2017-02-10,10.196,10.774,10.884,10.096
2017-02-13,10.724,10.754,11.153,10.535
2017-02-14,10.674,10.455,10.714,10.365
2017-02-15,10.395,10.684,10.724,10.335
2017-02-16,10.595,10.455,10.624,10.425
2017-02-17,10.465,10.245,10.515,10.146
2017-02-20,10.205,11.273,11.273,10.186
2017-02-21,11.722,11.203,11.742,10.934
2017-02-22,11.073,10.964,11.263,10.884
2017-02-23,10.984,10.814,11.303,10.784
2017-02-24,10.864,10.994,11.073,10.555
2017-02-27,10.854,10.615,11.004,10.485
2017-02-28,10.535,10.734,10.834,10.515
2017-03-01,10.684,10.784,10.894,10.615
2017-03-02,10.974,10.385,10.974,10.355
2017-03-03,10.305,10.265,10.345,10.196
2017-03-06,10.196,10.355,10.375,10.166
2017-03-07,10.335,10.275,10.385,10.006
2017-03-08,10.265,10.106,10.275,10.066
2017-03-09,10.146,10.126,10.166,10.036
2017-03-10,10.096,10.375,10.535,10.096
2017-03-13,10.365,10.365,10.385,10.156
2017-03-14,10.295,10.215,10.415,10.196
2017-03-15,10.215,10.066,10.215,9.966
2017-03-16,10.066,10.205,10.235,10.066
2017-03-17,10.215,10.096,10.275,10.076
2017-03-20,10.036,9.966,10.076,9.836
2017-03-21,9.976,10.126,10.126,9.886
2017-03-22,10.076,10.016,10.096,9.946
2017-03-23,10.006,9.906,10.066,9.796
2017-03-24,9.876,9.866,9.916,9.707
2017-03-27,9.876,9.796,9.926,9.777
2017-03-28,9.777,9.767,9.866,9.687
2017-03-29,9.777,9.806,9.936,9.747
2017-03-30,9.876,9.338,9.876,9.268
2017-03-31,9.338,9.328,9.397,9.208
2017-04-05,9.348,9.547,9.637,9.268
2017-04-06,9.547,9.467,9.557,9.437
2017-04-07,9.517,9.517,9.627,9.477
2017-04-10,9.497,9.567,9.647,9.397
2017-04-11,9.627,9.717,9.777,9.567
2017-04-12,9.677,9.647,9.767,9.517
2017-04-13,9.587,9.717,9.787,9.587
2017-04-14,9.677,9.527,9.717,9.487
2017-04-17,9.477,9.517,9.607,9.477
2017-04-18,9.497,9.148,9.587,9.118
2017-04-19,9.088,9.178,9.238,8.998
2017-04-20,9.218,9.298,9.338,8.899
2017-04-21,9.278,9.088,9.278,9.068
2017-04-24,9.088,8.809,9.088,8.45
2017-04-25,8.719,8.54,8.829,8.26
2017-04-26,8.54,8.779,8.889,8.53
2017-04-27,8.779,8.839,8.869,8.51
2017-04-28,8.779,8.899,8.949,8.699
2017-05-02,8.839,9.018,9.058,8.839
2017-05-03,8.919,8.899,9.118,8.879
2017-05-04,8.949,8.779,8.978,8.729
2017-05-05,8.789,8.689,8.829,8.679
2017-05-08,8.709,8.49,8.749,8.48
2017-05-09,8.4,8.44,8.579,8.37
2017-05-10,8.44,8.21,8.51,8.2
2017-05-11,8.21,8.111,8.21,7.891
2017-05-12,8.111,8.081,8.16,8.041
2017-05-15,8.13,8.101,8.18,8.051
2017-05-16,8.14,8.091,8.14,7.721
2017-05-17,8.051,8.25,8.27,7.991
2017-05-18,8.14,8.16,8.26,8.111
2017-05-19,8.29,8.111,8.29,8.081
2017-05-22,8.031,7.841,8.17,7.791
2017-05-23,7.961,7.801,8.16,7.781
2017-05-24,7.801,8.16,8.2,7.702
2017-05-25,8.041,8.111,8.18,7.941
2017-05-26,8.101,8.021,8.14,7.981
2017-05-31,8.13,8.589,8.819,8.13
2017-06-01,8.28,8.001,8.45,7.801
2017-06-02,7.881,7.981,8.061,7.781
2017-06-05,8.011,8.031,8.071,7.931
2017-06-06,8.021,8.101,8.13,7.981
2017-06-07,8.031,8.26,8.27,8.031
2017-06-08,8.26,8.16,8.32,8.14
2017-06-09,8.16,8.25,8.32,8.16
2017-06-12,8.25,8.051,8.25,8.041
2017-06-13,8.061,8.091,8.14,8.021
2017-06-14,8.071,8.091,8.13,8.011
2017-06-15,8.081,8.19,8.23,8.041
2017-06-16,8.19,8.19,8.2,8.111
2017-06-19,8.16,8.26,8.28,8.16
2017-06-20,8.27,8.28,8.34,8.24
2017-06-21,8.28,8.28,8.31,8.21
2017-06-22,8.28,8.18,8.35,8.16
2017-06-23,8.19,8.13,8.2,7.991
2017-06-26,8.081,8.18,8.22,8.051
2017-06-27,8.21,8.24,8.29,8.17
2017-06-28,8.19,8.14,8.23,8.101
2017-06-29,8.14,8.21,8.27,8.14
2017-06-30,8.2,8.24,8.25,8.13
2017-07-03,8.21,8.28,8.31,8.2
2017-07-04,8.28,8.54,8.729,8.24
2017-07-05,8.48,8.559,8.599,8.48
2017-07-06,8.559,8.559,8.589,8.5
2017-07-07,8.579,8.54,8.649,8.52
2017-07-10,8.53,8.599,8.639,8.48
2017-07-11,8.669,8.609,8.739,8.54
2017-07-12,8.579,8.48,8.629,8.3
2017-07-13,8.49,8.47,8.52,8.39
2017-07-14,8.53,8.47,8.559,8.43
2017-07-17,8.47,8.041,8.47,7.991
2017-07-18,8.041,8.16,8.16,7.991
2017-07-19,8.14,8.25,8.28,8.081
2017-07-20,8.24,8.24,8.25,8.15
2017-07-21,8.2,8.23,8.29,8.17
2017-07-24,8.21,8.729,8.859,8.15
2017-07-25,9.058,8.569,9.058,8.43
2017-07-26,8.639,8.41,8.639,8.25
2017-07-27,8.33,8.559,8.579,8.31
2017-07-28,8.5,8.669,8.799,8.45
2017-07-31,8.629,8.649,8.769,8.569
2017-08-01,8.659,8.699,8.749,8.52
2017-08-02,8.669,8.48,8.709,8.46
2017-08-03,8.51,8.43,8.619,8.28
2017-08-04,8.4,8.5,8.51,8.39
2017-08-07,8.44,8.54,8.559,8.44
2017-08-08,8.5,8.41,8.559,8.3
2017-08-09,8.38,8.34,8.39,8.32
2017-08-10,8.35,8.16,8.35,8.081
2017-08-11,8.13,8.17,8.18,8.071
2017-08-14,8.17,8.24,8.25,8.17
2017-08-15,8.24,8.26,8.27,8.18
2017-08-16,8.24,8.25,8.28,8.14
2017-08-17,8.22,8.32,8.43,8.19
2017-08-18,8.28,8.33,8.39,8.24
2017-08-21,8.37,8.46,8.49,8.33
2017-08-22,8.46,8.35,8.47,8.32
2017-08-23,8.34,8.28,8.38,8.26
2017-08-24,8.28,8.24,8.31,8.17
2017-08-25,8.24,8.3,8.32,8.21
2017-08-28,8.33,8.43,8.5,8.33
2017-08-29,8.4,8.36,8.46,8.3
2017-08-30,8.34,8.45,8.5,8.34
2017-08-31,8.45,8.44,8.49,8.43
2017-09-01,8.43,8.59,8.64,8.43
2017-09-04,8.58,8.56,8.59,8.5
2017-09-05,8.58,8.56,8.59,8.52
2017-09-06,8.53,8.56,8.57,8.51
2017-09-07,8.56,8.56,8.58,8.5
2017-09-08,8.56,8.57,8.6,8.5
2017-09-11,8.57,8.62,8.65,8.56
2017-09-12,8.63,8.5,8.63,8.48
2017-09-13,8.4,8.31,8.43,8.3
2017-09-14,8.29,8.35,8.39,8.29
2017-09-15,8.35,8.35,8.39,8.33
2017-09-18,8.35,8.4,8.45,8.3
2017-09-19,8.38,8.33,8.41,8.3
2017-09-20,8.32,8.33,8.37,8.29
2017-09-21,8.33,8.29,8.34,8.24
2017-09-22,8.29,8.19,8.3,8.16
2017-09-25,8.17,8.17,8.33,8.15
2017-09-26,8.17,8.19,8.22,8.12
2017-09-27,8.18,8.23,8.25,8.15
2017-09-28,8.25,8.13,8.25,8.13
2017-09-29,8.13,8.18,8.2,8.13
2017-10-09,8.22,8.26,8.29,8.18
2017-10-10,8.27,8.38,8.41,8.26
2017-10-11,8.37,8.61,8.65,8.36
2017-10-12,8.61,8.73,8.8,8.45
2017-10-13,8.69,9.01,9.09,8.62
2017-10-16,9.0,8.85,9.16,8.81
2017-10-17,8.83,8.8,8.85,8.7
2017-10-18,8.76,8.71,8.83,8.64
2017-10-19,8.69,8.33,8.75,8.3
2017-10-20,8.3,8.48,8.5,8.3
2017-10-23,8.56,8.48,8.56,8.35
2017-10-24,8.45,8.38,8.48,8.34
2017-10-25,8.44,8.49,8.49,8.38
2017-10-26,8.48,8.44,8.57,8.39
2017-10-27,8.43,8.42,8.49,8.34
2017-10-30,8.38,8.26,8.38,8.15
2017-10-31,8.25,8.27,8.33,8.2
2017-11-01,8.25,8.16,8.3,8.15
2017-11-02,8.2,8.08,8.2,8.05
2017-11-03,8.14,8.17,8.26,8.06
2017-11-06,8.15,8.34,8.38,8.08
2017-11-07,8.3,8.25,8.33,8.22
2017-11-08,8.21,8.25,8.33,8.21
2017-11-09,8.25,8.42,8.45,8.22
2017-11-10,8.7,8.39,8.7,8.38
2017-11-13,8.35,8.3,8.46,8.2
2017-11-14,8.29,8.13,8.3,8.07
2017-11-15,8.15,8.03,8.15,7.98
2017-11-16,8.01,8.04,8.11,8.01
2017-11-17,8.04,7.89,8.08,7.84
2017-11-20,7.89,7.88,7.91,7.63
2017-11-21,7.85,7.91,7.95,7.85
2017-11-22,7.89,7.89,7.89,7.75
2017-11-23,7.86,7.42,7.88,7.3
2017-11-24,7.39,7.46,7.52,7.34
2017-11-27,7.43,7.48,7.53,7.43
2017-11-28,7.46,7.6,7.62,7.46
2017-11-29,7.6,7.52,7.6,7.4
2017-11-30,7.54,7.56,7.61,7.47
2017-12-01,7.57,7.51,7.58,7.5
2017-12-04,7.48,7.46,7.54,7.42
2017-12-05,7.46,7.24,7.49,7.18
2017-12-06,7.21,7.28,7.3,7.19
2017-12-07,7.31,7.25,7.32,7.18
2017-12-08,7.25,7.37,7.41,7.21
2017-12-11,7.38,7.39,7.45,7.34
2017-12-12,7.38,7.27,7.38,7.26
2017-12-13,7.26,7.31,7.32,7.24
2017-12-14,7.31,7.47,7.47,7.28
2017-12-15,7.53,7.84,8.08,7.51
2017-12-18,7.73,7.5,7.81,7.46
2017-12-19,7.45,7.46,7.55,7.44
2017-12-20,7.46,7.47,7.62,7.4
2017-12-21,7.49,7.33,7.49,7.18
2017-12-22,7.32,7.23,7.32,7.19
2017-12-25,7.23,7.24,7.25,7.16
2017-12-26,7.24,7.27,7.28,7.19
2017-12-27,7.26,7.28,7.29,7.2
2017-12-28,7.25,7.29,7.33,7.23
2017-12-29,7.29,7.32,7.33,7.25
2018-01-02,7.3,7.36,7.37,7.29
2018-01-03,7.38,7.39,7.41,7.34
2018-01-04,7.37,7.44,7.49,7.34
2018-01-05,7.4,7.5,7.53,7.38
2018-01-08,7.48,7.63,7.67,7.48
2018-01-09,7.58,7.55,7.68,7.51
2018-01-10,7.52,7.46,7.55,7.41
2018-01-11,7.4,7.48,7.52,7.4
2018-01-12,7.48,7.46,7.5,7.43
2018-01-15,7.4,7.25,7.45,7.2
2018-01-16,7.27,7.17,7.32,7.14
2018-01-17,7.17,7.16,7.19,6.97
2018-01-18,7.1,7.05,7.1,6.99
2018-01-19,7.02,7.09,7.1,7.02
2018-01-22,7.09,7.13,7.15,7.04
2018-01-23,7.14,7.09,7.15,7.07
2018-01-24,7.08,7.1,7.11,7.07
2018-01-25,7.12,7.43,7.45,7.08
2018-01-26,7.33,7.6,7.99,7.26
2018-01-29,7.42,7.25,7.5,7.17
2018-01-30,7.2,7.26,7.45,7.2
2018-01-31,7.23,7.44,7.9,7.12
2018-02-01,7.32,7.38,7.5,7.2
2018-02-02,7.31,7.54,7.61,7.08
2018-02-05,7.45,7.74,7.83,7.4
2018-02-06,7.61,7.54,7.87,7.46
2018-02-07,7.59,7.49,7.7,7.31
2018-02-08,7.47,7.72,7.74,7.41
2018-02-09,7.58,7.2,7.69,7.14
2018-02-12,7.17,7.3,7.36,7.17
2018-02-13,7.32,7.16,7.39,7.14
2018-02-14,7.15,7.19,7.22,7.14
2018-02-22,7.24,7.27,7.29,7.19
2018-02-23,7.27,7.24,7.29,7.19
2018-02-26,7.25,7.4,7.45,7.21
2018-02-27,7.4,7.51,7.57,7.36
2018-02-28,7.51,7.51,7.55,7.43
2018-03-01,7.51,7.49,7.53,7.44
2018-03-02,7.44,7.29,7.44,7.28
2018-03-05,7.27,7.34,7.36,7.24
2018-03-06,7.35,7.39,7.39,7.28
2018-03-07,7.39,7.29,7.49,7.27
2018-03-08,7.38,7.34,7.38,7.3
2018-03-09,7.35,7.48,7.5,7.33
2018-03-12,7.54,7.52,7.54,7.44
2018-03-13,7.54,7.5,7.54,7.44
2018-03-14,7.49,7.56,7.58,7.45
2018-03-15,7.56,7.42,7.6,7.36
2018-03-16,7.4,7.48,7.6,7.38
2018-03-19,7.5,7.46,7.54,7.4
2018-03-20,7.44,7.36,7.44,7.29
2018-03-21,7.35,7.32,7.43,7.31
2018-03-22,7.3,7.43,7.59,7.28
2018-03-23,7.31,7.02,7.32,6.97
2018-03-26,6.97,6.97,6.98,6.72
2018-03-27,7.05,7.07,7.11,6.97
2018-03-28,6.99,7.05,7.1,6.95
2018-03-29,7.02,7.07,7.08,7.02
2018-03-30,7.09,7.08,7.12,7.05
2018-04-02,7.12,7.17,7.23,7.09
2018-04-03,7.05,7.27,7.29,6.98
2018-04-04,7.22,7.25,7.32,7.2
2018-04-09,7.19,7.25,7.27,7.15
2018-04-10,7.22,7.31,7.33,7.21
2018-04-11,7.32,7.31,7.41,7.25
2018-04-12,7.27,7.23,7.32,7.22
2018-04-13,7.22,7.11,7.26,7.06
2018-04-16,7.11,7.01,7.18,6.98
2018-04-17,7.04,6.91,7.07,6.9
2018-04-18,6.99,6.99,7.0,6.86
2018-04-19,7.05,7.41,7.48,6.96
2018-04-20,7.58,7.14,7.58,7.13
2018-04-23,7.14,6.94,7.2,6.87
2018-04-24,6.9,7.03,7.05,6.9
2018-04-25,7.01,7.02,7.03,6.97
2018-04-26,6.99,6.96,7.03,6.95
2018-04-27,6.99,6.95,7.05,6.95
2018-05-02,6.97,7.09,7.11,6.97
2018-05-03,7.07,7.13,7.14,7.02
2018-05-04,7.13,7.13,7.18,7.1
2018-05-07,7.12,7.16,7.17,7.11
2018-05-08,7.16,7.29,7.3,7.15
2018-05-09,7.27,7.28,7.35,7.22
2018-05-10,7.28,7.3,7.31,7.18
2018-05-11,7.26,7.28,7.32,7.22
2018-05-14,7.29,7.32,7.35,7.23
2018-05-15,7.32,7.33,7.35,7.25
2018-05-16,7.3,7.24,7.33,7.23
2018-05-17,7.24,7.23,7.31,7.22
2018-05-18,7.18,7.33,7.36,7.18
2018-05-21,7.37,7.4,7.43,7.32
2018-05-22,7.43,7.5,7.68,7.4
2018-05-23,7.5,7.54,7.64,7.41
2018-05-24,7.54,7.5,7.62,7.46
2018-05-25,7.45,7.51,7.55,7.43
