date,open,close,high,low
2016-01-04,15.518,15.173,16.677,14.438
2016-01-05,15.103,16.652,16.652,15.103
2016-01-06,16.482,17.146,17.261,16.037
2016-01-07,16.537,15.433,16.737,15.433
2016-01-08,15.852,14.553,16.117,13.929
2016-01-11,13.389,13.1,13.739,13.1
2016-01-12,12.99,12.15,13.199,11.99
2016-01-13,12.94,11.806,13.229,11.786
2016-01-14,11.041,12.06,12.09,10.746
2016-01-15,11.796,11.446,12.495,11.186
2016-01-18,10.886,11.516,12.04,10.821
2016-01-19,11.491,11.985,12.115,11.476
2016-01-20,11.836,11.781,12.07,11.571
2016-01-21,11.486,10.956,11.846,10.926
2016-01-22,11.066,11.041,11.211,10.607
2016-01-25,11.266,11.426,11.651,11.166
2016-01-26,11.191,10.287,11.341,10.282
2016-01-27,10.342,10.202,10.457,9.353
2016-01-28,10.007,10.002,10.821,9.972
2016-01-29,9.992,10.472,10.721,9.992
2016-02-01,10.467,10.317,10.731,10.072
2016-02-02,10.292,10.751,10.836,10.292
2016-02-03,10.617,10.761,10.821,10.417
2016-02-04,11.831,11.396,11.836,11.331
2016-02-05,11.216,11.536,11.906,11.166
2016-02-15,10.956,11.541,11.711,10.956
2016-02-16,11.631,11.921,11.98,11.546
2016-02-17,11.985,12.195,12.64,11.97
2016-02-18,12.165,11.95,12.265,11.896
2016-02-19,11.791,11.881,11.965,11.781
2016-02-22,12.04,12.175,12.21,11.906
2016-02-23,12.175,12.115,12.43,11.891
2016-02-24,12.095,12.865,12.99,11.801
2016-02-25,12.59,11.581,12.935,11.581
2016-02-26,11.741,11.716,12.035,11.481
2016-02-29,11.681,10.547,11.681,10.547
2016-03-01,10.597,10.587,10.746,10.017
2016-03-02,10.612,11.121,11.281,10.542
2016-03-03,11.166,11.331,11.766,10.991
2016-03-04,11.241,10.876,11.516,10.567
2016-03-07,10.946,11.131,11.356,10.946
2016-03-08,10.991,11.281,11.356,10.622
2016-03-09,11.016,11.321,11.816,10.891
2016-03-10,11.431,11.491,11.965,11.341
2016-03-11,11.326,11.186,11.371,10.991
2016-03-14,11.366,11.536,11.731,11.331
2016-03-15,11.506,11.626,11.741,11.416
2016-03-16,11.786,11.461,11.841,11.351
2016-03-17,11.616,11.756,11.821,11.441
2016-03-18,11.851,12.19,12.33,11.841
2016-03-21,12.49,13.409,13.409,12.485
2016-03-28,14.748,13.799,14.748,13.734
2016-03-29,13.674,12.74,13.914,12.49
2016-03-30,12.98,13.319,13.429,12.82
2016-03-31,13.294,13.239,13.519,13.015
2016-04-01,13.115,13.145,13.474,12.99
2016-04-05,13.145,13.319,13.364,12.89
2016-04-06,13.209,13.284,13.584,13.13
2016-04-07,13.319,12.79,13.474,12.75
2016-04-08,12.59,12.74,13.085,12.44
2016-04-11,12.81,12.825,13.09,12.785
2016-04-12,12.84,12.92,13.09,12.74
2016-04-13,13.01,12.98,13.189,12.86
2016-04-14,13.05,13.01,13.07,12.89
2016-04-15,13.005,13.269,13.319,12.845
2016-04-18,13.025,12.905,13.13,12.895
2016-04-19,12.97,13.035,13.115,12.855
2016-04-20,13.05,12.09,13.115,11.791
2016-04-21,12.08,11.906,12.185,11.836
2016-04-22,11.746,11.965,11.99,11.741
2016-04-25,11.891,12.31,12.78,11.431
2016-04-26,12.07,12.195,12.28,11.995
2016-04-27,12.235,12.62,12.83,12.195
2016-04-28,12.655,12.765,13.085,12.505
2016-04-29,12.575,12.66,12.99,12.53
2016-05-03,12.775,13.02,13.035,12.555
2016-05-04,13.289,13.309,13.939,13.289
2016-05-05,13.179,13.554,13.624,13.095
2016-05-06,13.689,13.614,14.239,13.04
2016-05-09,13.429,13.579,13.964,13.319
2016-05-10,13.389,12.565,13.544,12.29
2016-05-11,12.7,12.455,12.735,12.34
2016-05-12,12.24,12.485,12.58,11.766
2016-05-13,12.685,12.84,13.08,12.555
2016-05-16,12.69,13.075,13.204,12.69
2016-05-17,12.995,12.965,13.354,12.945
2016-05-18,12.855,12.42,13.085,12.17
2016-05-19,12.6,12.56,13.65,12.46
2016-05-20,12.01,12.16,12.3,11.62
2016-05-23,12.18,12.64,12.78,12.02
2016-05-24,12.62,12.18,12.62,12.06
2016-05-25,12.28,11.92,12.39,11.85
2016-05-26,11.83,11.87,12.09,11.5
2016-05-27,11.87,11.98,12.39,11.74
2016-05-30,11.93,12.05,12.4,11.92
2016-05-31,12.11,12.7,12.79,12.04
2016-06-01,12.7,13.19,13.27,12.61
2016-06-02,13.18,13.15,13.27,12.92
2016-06-03,13.2,13.21,13.6,13.14
2016-06-06,13.21,13.29,13.66,13.15
2016-06-07,13.17,12.9,13.22,12.71
2016-06-08,12.91,13.39,13.48,12.85
2016-06-13,13.7,12.71,14.27,12.68
2016-06-14,12.23,12.55,12.59,12.13
2016-06-15,12.32,13.17,13.21,12.23
2016-06-16,13.0,12.5,13.09,12.32
2016-06-17,12.4,12.33,12.58,12.14
2016-06-20,12.29,11.93,12.29,11.8
2016-06-21,12.1,11.82,12.19,11.71
2016-06-22,11.76,11.86,11.87,11.53
2016-06-23,11.87,11.86,12.08,11.67
2016-06-24,11.8,11.38,11.95,10.91
2016-06-27,11.16,11.47,11.6,11.15
2016-06-28,11.38,11.52,11.63,11.31
2016-06-29,11.59,11.71,11.89,11.41
2016-06-30,11.6,11.49,11.67,11.45
2016-07-01,11.56,11.41,11.59,11.4
2016-07-04,11.33,11.48,11.51,11.26
2016-07-05,11.5,11.5,11.56,11.45
2016-07-06,11.5,11.44,11.57,11.4
2016-07-07,11.45,11.26,11.48,11.11
2016-07-08,11.28,11.15,11.28,11.1
2016-07-11,11.16,11.1,11.25,11.09
2016-07-12,11.11,11.12,11.15,10.9
2016-07-13,11.17,11.32,11.38,11.08
2016-07-14,11.33,11.25,11.33,11.15
2016-07-15,11.25,11.33,11.37,11.2
2016-07-18,11.3,11.17,11.3,11.1
2016-07-19,11.14,11.09,11.16,11.0
2016-07-20,11.1,11.2,11.28,11.09
2016-07-21,11.24,11.55,11.76,11.21
2016-07-22,11.4,11.27,11.57,11.26
2016-07-25,11.33,11.19,11.33,11.1
2016-07-26,11.21,11.26,11.28,11.17
2016-07-27,11.27,10.93,11.43,10.35
2016-07-28,10.83,10.63,10.94,10.41
2016-07-29,10.58,10.39,10.69,10.35
2016-08-01,10.21,10.01,10.3,9.96
2016-08-02,10.01,10.25,10.36,10.0
2016-08-03,10.18,10.28,10.33,10.15
2016-08-04,10.29,10.21,10.29,10.09
2016-08-05,10.22,10.19,10.44,10.14
2016-08-08,10.19,10.26,10.28,10.11
2016-08-09,10.28,10.32,10.34,10.22
2016-08-10,10.29,10.23,10.35,10.21
2016-08-11,10.17,10.1,10.28,10.08
2016-08-12,10.1,10.14,10.17,10.01
2016-08-15,10.14,10.47,10.63,10.11
2016-08-16,10.5,10.52,10.63,10.39
2016-08-17,10.48,10.44,10.52,10.36
2016-08-18,10.4,10.98,11.45,10.39
2016-08-19,10.88,10.71,10.95,10.6
2016-08-22,10.71,10.63,10.93,10.6
2016-08-23,10.59,10.66,10.83,10.55
2016-08-24,10.64,10.55,10.71,10.52
2016-08-25,10.49,10.3,10.49,10.25
2016-08-26,10.29,10.31,10.38,10.28
2016-08-29,10.24,10.27,10.33,10.23
2016-08-30,10.22,10.26,10.29,10.21
2016-08-31,10.28,10.33,10.44,10.28
2016-09-01,10.33,10.2,10.37,10.16
2016-09-02,10.24,10.16,10.25,10.1
2016-09-05,10.17,10.14,10.22,10.12
2016-09-06,10.18,10.26,10.3,10.05
2016-09-07,10.23,10.18,10.28,10.16
2016-09-08,10.15,10.41,10.58,10.13
2016-09-09,10.34,10.26,10.39,10.22
2016-09-12,10.06,9.98,10.19,9.98
2016-09-13,10.02,10.02,10.1,9.98
2016-09-14,10.0,9.89,10.01,9.86
2016-09-19,9.89,9.93,10.0,9.89
2016-09-20,9.95,9.89,9.95,9.86
2016-09-21,9.89,9.91,9.93,9.87
2016-09-22,9.95,9.97,9.98,9.89
2016-09-23,10.02,9.9,10.02,9.89
2016-09-26,9.86,9.46,9.88,9.45
2016-09-27,9.43,9.39,9.54,9.1
2016-09-28,9.38,9.25,9.38,9.22
2016-09-29,9.25,9.21,9.32,9.2
2016-09-30,9.21,9.3,9.31,9.18
2016-10-10,9.35,9.42,9.42,9.28
2016-10-11,9.45,9.46,9.47,9.37
2016-10-12,9.42,9.44,9.53,9.37
2016-10-13,9.4,9.42,9.55,9.4
2016-10-14,9.39,9.32,9.42,9.28
2016-10-17,9.28,9.27,9.41,9.26
2016-10-18,9.27,9.36,9.38,9.25
2016-10-19,9.39,9.4,9.45,9.36
2016-10-20,9.4,9.43,9.44,9.34
2016-10-21,9.43,9.35,9.47,9.31
2016-10-24,9.38,9.39,9.41,9.31
2016-10-25,9.42,9.57,9.84,9.38
2016-10-26,9.48,9.39,9.52,9.37
2016-10-27,9.4,9.35,9.4,9.31
2016-10-28,9.34,9.27,9.38,9.25
2016-10-31,9.27,9.18,9.27,9.13
2016-11-01,9.17,9.22,9.26,9.16
2016-11-02,9.24,9.19,9.29,9.16
2016-11-03,9.15,9.18,9.23,9.12
2016-11-04,9.18,9.16,9.26,9.14
2016-11-07,9.18,9.13,9.18,9.11
2016-11-08,9.16,9.18,9.23,9.12
2016-11-09,9.16,9.01,9.18,8.88
2016-11-10,9.1,9.22,9.29,9.01
2016-11-11,9.19,9.34,9.6,9.13
2016-11-14,9.29,9.33,9.37,9.22
2016-11-15,9.35,9.42,9.45,9.29
2016-11-16,9.45,9.39,9.48,9.34
2016-11-17,9.39,9.5,9.56,9.26
2016-11-18,9.43,9.46,9.57,9.41
2016-11-21,9.43,9.49,9.66,9.4
2016-11-22,9.51,9.81,10.13,9.46
2016-11-23,9.78,9.63,9.87,9.6
2016-11-24,9.61,9.47,9.68,9.41
2016-11-25,9.45,9.41,9.46,9.21
2016-11-28,9.41,9.42,9.57,9.4
2016-11-29,9.42,9.21,9.42,9.2
2016-11-30,9.2,9.18,9.24,9.14
2016-12-01,9.2,9.21,9.24,9.16
2016-12-02,9.21,9.1,9.23,9.08
2016-12-05,9.04,9.13,9.16,8.98
2016-12-06,9.16,9.09,9.16,9.08
2016-12-07,9.13,9.14,9.15,9.05
2016-12-08,9.14,9.11,9.18,9.11
2016-12-09,9.14,9.05,9.15,9.02
2016-12-12,9.05,8.44,9.05,8.4
2016-12-13,8.44,8.38,8.47,8.26
2016-12-14,8.39,8.66,9.13,8.26
2016-12-15,8.51,8.85,9.12,8.5
2016-12-16,8.73,8.93,9.15,8.73
2016-12-19,8.86,8.73,8.91,8.69
2016-12-20,8.73,8.57,8.75,8.47
2016-12-21,8.55,8.86,8.99,8.53
2016-12-22,8.83,9.25,9.39,8.76
2016-12-23,9.15,8.91,9.25,8.9
2016-12-26,8.9,9.06,9.12,8.73
2016-12-27,9.03,9.1,9.21,8.96
2016-12-28,9.07,8.91,9.11,8.9
2016-12-29,8.88,8.72,8.88,8.7
2016-12-30,8.76,8.65,8.78,8.58
2017-01-03,8.66,8.71,8.75,8.63
2017-01-04,8.7,8.79,8.8,8.65
2017-01-05,8.78,8.91,9.05,8.72
2017-01-06,8.87,8.96,9.07,8.85
2017-01-09,8.9,8.96,9.01,8.86
2017-01-10,8.89,8.82,8.95,8.81
2017-01-11,8.8,8.7,8.86,8.69
2017-01-12,8.7,8.7,8.98,8.65
2017-01-13,8.66,8.71,8.89,8.66
2017-01-16,8.73,8.18,8.76,7.95
2017-01-17,8.15,8.21,8.25,7.99
2017-01-18,8.22,8.2,8.32,8.16
2017-01-19,8.2,8.18,8.24,8.13
2017-01-20,8.18,8.21,8.28,8.16
2017-01-23,8.2,8.23,8.28,8.2
2017-01-24,8.24,8.2,8.27,8.19
2017-01-25,8.17,8.08,8.17,8.01
2017-01-26,8.09,8.09,8.12,8.07
2017-02-03,8.09,8.1,8.12,8.06
2017-02-06,8.08,8.23,8.26,8.07
2017-02-07,8.2,8.27,8.28,8.17
2017-02-08,8.26,8.26,8.28,8.16
2017-02-09,8.26,8.32,8.34,8.24
2017-02-10,8.31,8.23,8.32,8.21
2017-02-13,8.23,8.24,8.28,8.2
2017-02-14,8.26,9.06,9.06,8.23
2017-02-15,9.25,9.97,9.97,9.2
2017-02-16,10.8,10.97,10.97,10.71
2017-02-17,11.0,11.47,11.69,10.86
2017-02-20,11.04,10.91,11.11,10.53
2017-02-21,10.8,10.86,11.09,10.66
2017-02-22,10.74,10.59,10.97,10.39
2017-02-23,10.61,10.66,10.69,10.39
2017-02-24,10.55,10.43,10.66,10.35
2017-02-27,10.37,10.24,10.46,10.1
2017-02-28,10.3,10.37,10.39,10.17
2017-03-01,10.37,10.22,10.48,10.17
2017-03-02,10.22,10.29,10.56,10.14
2017-03-03,10.15,9.86,10.17,9.82
2017-03-06,9.84,9.98,9.99,9.82
2017-03-07,9.95,9.88,9.98,9.8
2017-03-08,9.92,10.04,10.1,9.81
2017-03-09,10.01,9.76,10.01,9.66
2017-03-10,9.83,9.82,9.93,9.71
2017-03-13,9.79,9.86,9.87,9.61
2017-03-14,9.85,9.87,9.97,9.79
2017-03-15,9.85,10.02,10.08,9.72
2017-03-16,10.0,10.04,10.11,9.93
2017-03-17,10.03,9.7,10.04,9.69
2017-03-20,9.67,9.74,9.77,9.61
2017-03-21,9.74,9.86,9.89,9.66
2017-03-22,9.8,9.72,9.84,9.69
2017-03-23,9.66,9.55,9.74,9.42
2017-03-24,9.55,9.8,9.85,9.45
2017-03-27,9.87,10.01,10.25,9.87
2017-03-28,9.88,9.98,10.14,9.86
2017-03-29,10.03,10.09,10.23,9.85
2017-03-30,10.03,9.43,10.06,9.38
2017-03-31,9.64,9.39,9.65,9.3
2017-04-05,9.34,9.62,9.71,9.28
2017-04-06,9.55,9.53,9.65,9.47
2017-04-07,9.53,9.82,10.22,9.39
2017-04-10,9.7,9.57,9.73,9.45
2017-04-11,9.49,9.53,9.63,9.32
2017-04-12,9.5,10.1,10.39,9.41
2017-04-13,10.0,10.11,10.13,9.86
2017-04-14,9.97,9.59,10.06,9.52
2017-04-17,9.5,9.09,9.5,9.05
2017-04-18,9.08,8.82,9.23,8.7
2017-04-19,8.72,8.51,8.76,8.4
2017-04-20,8.49,8.52,8.66,8.45
2017-04-21,8.51,8.29,8.61,8.28
2017-04-24,8.3,8.02,8.35,8.0
2017-04-25,8.06,8.1,8.14,8.01
2017-04-26,8.09,8.16,8.16,8.03
2017-04-27,8.14,7.87,8.14,7.5
2017-04-28,7.84,8.06,8.12,7.73
2017-05-02,8.0,7.93,8.05,7.81
2017-05-03,7.87,8.12,8.23,7.8
2017-05-04,8.03,7.96,8.05,7.92
2017-05-05,7.94,7.8,8.04,7.79
2017-05-08,7.74,7.56,7.84,7.53
2017-05-09,7.59,7.66,7.69,7.46
2017-05-10,7.66,7.44,7.71,7.42
2017-05-11,7.4,7.18,7.4,6.9
2017-05-12,7.16,7.22,7.38,7.07
2017-05-15,7.17,7.14,7.28,7.13
2017-05-16,7.15,7.3,7.3,6.96
2017-05-17,7.25,7.37,7.48,7.23
2017-05-18,7.31,7.42,7.5,7.28
2017-05-19,7.45,7.39,7.55,7.32
2017-05-22,7.35,7.07,7.38,7.05
2017-05-23,7.03,6.55,7.07,6.52
2017-05-24,6.51,6.62,6.64,6.42
2017-05-25,6.62,6.71,6.77,6.54
2017-05-26,6.71,6.69,6.75,6.67
2017-05-31,6.78,6.68,6.83,6.66
2017-06-01,6.67,6.35,6.7,6.35
2017-06-02,6.35,6.44,6.48,6.28
2017-06-05,6.4,6.52,6.57,6.4
2017-06-06,6.48,6.56,6.59,6.48
2017-06-07,6.56,6.75,6.76,6.56
2017-06-08,6.74,6.68,6.78,6.66
2017-06-09,6.5,6.49,6.51,6.01
2017-06-12,6.17,6.22,6.35,6.1
2017-06-13,6.16,6.37,6.59,6.14
2017-06-14,6.33,6.43,6.56,6.23
2017-06-15,6.39,6.58,6.62,6.33
2017-06-16,6.54,6.58,6.72,6.5
2017-06-19,6.49,6.86,7.24,6.47
2017-06-20,6.84,6.79,6.9,6.68
2017-06-21,6.74,6.81,6.98,6.7
2017-06-22,6.76,6.57,6.9,6.56
2017-06-23,6.5,6.49,6.55,6.35
2017-06-26,6.46,6.54,6.56,6.46
2017-06-27,6.56,6.83,7.1,6.56
2017-06-28,6.83,6.7,6.85,6.67
2017-06-29,6.74,6.7,6.75,6.67
2017-06-30,6.68,6.82,6.85,6.68
2017-07-03,6.81,6.86,6.91,6.76
2017-07-04,6.84,6.79,6.86,6.75
2017-07-05,6.82,6.87,6.88,6.77
2017-07-06,6.85,6.81,6.87,6.76
2017-07-07,6.8,6.83,6.94,6.76
2017-07-10,6.78,6.8,6.84,6.71
2017-07-11,6.79,6.69,6.82,6.68
2017-07-12,6.67,6.58,6.72,6.5
2017-07-13,6.57,6.64,6.71,6.55
2017-07-14,6.6,6.49,6.66,6.46
2017-07-17,6.4,6.0,6.45,5.86
2017-07-18,5.95,6.11,6.13,5.95
2017-07-19,6.12,6.27,6.32,6.1
2017-07-20,6.23,6.27,6.36,6.23
2017-07-21,6.11,6.19,6.22,6.11
2017-07-24,6.16,6.17,6.18,6.06
2017-07-25,6.16,6.12,6.17,6.1
2017-07-26,6.1,6.07,6.14,6.05
2017-07-27,6.08,6.2,6.3,6.05
2017-07-28,6.16,6.18,6.25,6.16
2017-07-31,6.17,6.23,6.24,6.12
2017-08-01,6.69,6.85,6.85,6.69
2017-08-02,7.09,7.03,7.27,6.88
2017-08-03,6.83,6.81,6.89,6.61
2017-08-04,6.73,6.58,6.87,6.57
2017-08-07,6.52,6.65,6.66,6.51
2017-08-08,6.61,6.54,6.64,6.5
2017-08-09,6.53,6.61,6.62,6.44
2017-08-10,6.55,6.66,6.75,6.51
2017-08-11,6.6,6.39,6.6,6.38
2017-08-14,6.4,6.47,6.49,6.39
2017-08-15,6.47,6.48,6.52,6.44
2017-08-16,6.48,6.54,6.56,6.44
2017-08-17,6.55,6.66,6.74,6.55
2017-08-18,6.61,6.71,6.78,6.55
2017-08-21,6.72,6.66,6.72,6.6
2017-08-22,6.64,6.55,6.67,6.53
2017-08-23,6.56,6.52,6.58,6.49
2017-08-24,6.5,6.57,6.75,6.45
2017-08-25,6.51,6.58,6.58,6.44
2017-08-28,6.57,6.62,6.65,6.56
2017-08-29,6.64,6.62,6.69,6.58
2017-08-30,6.8,6.67,6.96,6.66
2017-08-31,6.6,6.59,6.63,6.54
2017-09-01,6.61,6.61,6.63,6.55
2017-09-04,6.62,6.56,6.62,6.5
2017-09-05,6.56,6.54,6.57,6.51
2017-09-06,6.52,6.51,6.53,6.45
2017-09-07,6.5,6.48,6.55,6.46
2017-09-08,6.47,6.49,6.54,6.42
2017-09-11,6.47,6.53,6.53,6.46
2017-09-12,6.53,6.48,6.55,6.47
2017-09-13,6.48,6.49,6.5,6.44
2017-09-14,6.5,6.6,6.75,6.46
2017-09-15,6.56,6.51,6.56,6.48
2017-09-18,6.51,6.62,6.67,6.46
2017-09-19,6.58,6.78,7.16,6.55
2017-09-20,6.72,6.73,6.77,6.62
2017-09-21,6.73,6.57,6.75,6.55
2017-09-22,6.36,6.26,6.39,6.22
2017-09-25,6.23,6.23,6.32,6.2
2017-09-26,6.26,6.26,6.29,6.22
2017-09-27,6.26,6.31,6.33,6.23
2017-09-28,6.26,6.17,6.31,6.12
2017-09-29,6.13,6.21,6.25,6.13
2017-10-09,6.26,6.32,6.36,6.23
2017-10-10,6.32,6.42,6.43,6.26
2017-10-11,6.41,6.62,6.64,6.39
2017-10-12,6.58,6.67,6.74,6.55
2017-10-13,6.73,6.77,6.85,6.64
2017-10-16,6.75,6.62,6.79,6.59
2017-10-17,6.63,6.84,6.93,6.58
2017-10-18,6.82,6.84,6.88,6.67
2017-10-19,6.91,7.04,7.08,6.75
2017-10-20,7.13,7.2,7.49,6.88
2017-10-23,6.95,6.68,7.0,6.65
2017-10-24,6.62,6.42,6.65,6.3
2017-10-25,6.37,6.43,6.49,6.33
2017-10-26,6.41,6.47,6.58,6.37
2017-10-27,6.44,6.35,6.45,6.31
2017-10-30,6.33,6.16,6.33,6.15
2017-10-31,6.18,6.4,6.45,6.18
2017-11-01,6.33,6.35,6.37,6.27
2017-11-02,6.33,6.26,6.33,6.23
2017-11-03,6.27,6.2,6.29,6.16
2017-11-06,6.2,6.23,6.25,6.16
2017-11-07,6.23,6.26,6.28,6.21
2017-11-08,6.23,6.25,6.33,6.21
2017-11-09,6.28,6.26,6.29,6.22
2017-11-10,6.26,6.22,6.27,6.2
2017-11-13,6.25,6.25,6.29,6.23
2017-11-14,6.24,6.18,6.24,6.17
2017-11-15,6.16,6.08,6.19,6.06
2017-11-16,6.09,6.04,6.1,6.02
2017-11-17,6.03,5.82,6.06,5.81
2017-11-20,5.8,5.69,5.82,5.31
2017-11-21,5.67,5.55,5.7,5.51
2017-11-22,5.52,5.62,5.9,5.52
2017-11-23,5.61,5.44,5.63,5.42
2017-11-24,5.42,5.46,5.51,5.42
2017-11-27,5.43,5.42,5.51,5.41
2017-11-28,5.4,5.46,5.47,5.37
2017-11-29,5.47,5.51,5.53,5.42
2017-11-30,5.51,5.45,5.54,5.44
2017-12-01,5.45,5.47,5.5,5.44
2017-12-04,5.47,5.43,5.5,5.42
2017-12-05,5.43,5.2,5.47,5.16
2017-12-06,5.18,5.24,5.25,5.15
2017-12-07,5.24,5.26,5.27,5.21
2017-12-08,5.27,5.3,5.3,5.25
2017-12-11,5.32,5.34,5.34,5.29
2017-12-12,5.32,5.23,5.33,5.22
2017-12-13,5.21,5.27,5.31,5.21
2017-12-14,5.26,5.28,5.29,5.23
2017-12-15,5.28,5.28,5.29,5.22
2017-12-18,5.28,5.26,5.34,5.22
2017-12-19,5.25,5.28,5.3,5.24
2017-12-20,5.28,5.12,5.29,5.1
2017-12-21,5.14,5.12,5.16,5.08
2017-12-22,5.15,5.08,5.15,5.07
2017-12-25,5.05,4.93,5.08,4.92
2017-12-26,4.97,5.0,5.05,4.93
2017-12-27,5.0,5.06,5.08,5.0
2017-12-28,5.04,5.04,5.09,5.02
2017-12-29,5.04,5.08,5.13,5.02
2018-01-02,5.09,5.13,5.16,5.09
2018-01-03,5.15,5.18,5.21,5.14
2018-01-04,5.2,5.4,5.49,5.15
2018-01-05,5.3,5.26,5.35,5.23
2018-01-08,5.25,5.25,5.28,5.18
2018-01-09,5.26,5.2,5.28,5.18
2018-01-10,5.22,5.12,5.23,5.08
2018-01-11,5.1,5.14,5.18,5.05
2018-01-12,5.13,5.14,5.18,5.11
2018-01-15,5.14,4.99,5.15,4.98
2018-01-16,5.0,5.09,5.18,4.97
2018-01-17,5.09,5.2,5.3,5.01
2018-01-18,5.16,5.13,5.18,5.1
2018-01-19,5.11,5.08,5.14,5.04
2018-01-22,5.03,5.07,5.09,5.01
2018-01-23,5.08,5.05,5.09,5.05
2018-01-24,5.05,5.06,5.07,5.02
2018-01-25,5.05,5.08,5.17,5.03
2018-01-26,5.08,5.16,5.34,5.04
2018-01-29,5.2,5.1,5.2,5.05
2018-01-30,5.08,5.2,5.29,5.06
2018-01-31,5.15,5.11,5.23,5.08
2018-02-01,5.08,4.81,5.09,4.79
2018-02-02,4.8,4.72,4.8,4.6
2018-02-05,4.68,4.72,4.78,4.63
2018-02-06,4.65,4.3,4.66,4.27
2018-02-07,4.38,4.35,4.48,4.25
2018-02-08,4.35,4.5,4.68,4.3
2018-02-09,4.35,4.32,4.46,4.29
2018-02-12,4.4,4.49,4.55,4.34
2018-02-13,4.64,4.55,4.77,4.54
2018-02-14,4.59,4.59,4.62,4.52
2018-02-22,4.62,4.65,4.69,4.6
2018-02-23,4.68,4.7,4.74,4.66
2018-02-26,4.7,4.74,4.78,4.69
2018-02-27,4.76,4.7,4.78,4.69
2018-02-28,4.66,4.69,4.72,4.66
2018-03-01,4.69,4.77,4.78,4.69
2018-03-02,4.75,4.77,4.85,4.73
2018-03-05,4.76,4.82,4.83,4.71
2018-03-06,4.92,4.82,4.92,4.78
2018-03-07,4.82,5.3,5.3,4.77
2018-03-08,5.25,5.37,5.48,5.16
2018-03-09,5.3,5.25,5.31,5.17
2018-03-12,5.19,5.24,5.28,5.19
2018-03-13,5.22,5.29,5.34,5.2
2018-03-14,5.26,5.16,5.28,5.16
2018-03-15,5.14,5.2,5.37,5.03
2018-03-16,5.12,5.08,5.17,5.08
2018-03-19,5.08,5.08,5.15,5.05
2018-03-20,5.01,5.09,5.1,5.01
2018-03-21,5.07,5.09,5.23,5.05
2018-03-22,5.14,5.23,5.35,5.04
2018-03-23,5.05,4.8,5.18,4.75
2018-03-26,4.69,4.78,4.8,4.56
2018-03-27,4.82,4.87,4.95,4.82
2018-03-28,4.83,4.83,4.92,4.81
2018-03-29,4.84,4.89,4.94,4.84
2018-03-30,4.89,4.91,4.94,4.88
2018-04-02,4.9,4.88,4.94,4.86
2018-04-03,4.84,4.8,4.85,4.75
2018-04-04,4.8,4.73,4.83,4.72
2018-04-09,4.72,4.69,4.72,4.62
2018-04-10,4.7,4.77,4.87,4.65
2018-04-11,4.78,4.87,4.94,4.78
2018-04-12,4.81,4.76,4.86,4.76
2018-04-13,4.77,4.81,4.84,4.76
2018-04-16,4.81,4.72,4.81,4.65
2018-04-17,4.74,4.63,4.74,4.63
2018-04-18,4.67,4.65,4.68,4.58
2018-04-19,4.65,4.68,4.71,4.62
2018-04-20,4.69,4.52,4.7,4.5
2018-04-23,4.53,4.53,4.58,4.51
2018-04-24,4.54,4.61,4.62,4.53
2018-04-25,4.58,4.7,4.86,4.57
2018-04-26,4.67,4.64,4.82,4.64
2018-04-27,4.64,4.66,4.68,4.6
2018-05-02,4.7,4.69,4.77,4.64
2018-05-03,4.68,4.75,4.78,4.56
2018-05-04,4.74,4.74,4.76,4.69
2018-05-07,4.74,4.79,4.85,4.73
2018-05-08,4.8,4.84,4.89,4.76
2018-05-09,4.84,4.82,4.86,4.8
2018-05-10,4.84,4.87,5.02,4.76
2018-05-11,4.84,4.89,4.99,4.78
2018-05-14,4.87,4.77,4.89,4.74
2018-05-15,4.77,4.85,4.86,4.74
2018-05-16,4.8,4.81,4.9,4.79
2018-05-17,4.82,4.8,4.85,4.76
2018-05-18,4.8,4.83,4.85,4.78
2018-05-21,4.83,4.9,4.92,4.83
2018-05-22,4.9,4.9,4.93,4.85
2018-05-23,4.9,4.83,4.93,4.82
2018-05-24,4.82,4.77,4.85,4.76
2018-05-25,4.77,4.7,4.79,4.66
