date,open,close,high,low
2016-01-04,15.86,14.436,16.039,14.436
2016-01-05,13.092,13.929,14.436,13.092
2016-01-06,13.879,14.138,14.337,13.879
2016-01-07,13.839,12.804,13.899,12.724
2016-01-08,13.262,12.853,13.441,11.529
2016-01-11,12.047,11.579,12.873,11.569
2016-01-12,11.33,11.589,11.848,11.071
2016-01-13,11.559,11.161,11.917,11.161
2016-01-14,10.553,11.599,11.649,10.454
2016-01-15,11.45,11.31,11.927,10.753
2016-01-18,11.081,11.599,11.848,10.862
2016-01-19,11.569,11.997,12.127,11.39
2016-01-20,11.888,12.166,12.346,11.748
2016-01-21,11.947,11.659,12.495,11.629
2016-01-22,11.848,11.808,11.997,11.43
2016-01-25,11.828,12.027,12.186,11.808
2016-01-26,12.027,10.822,12.027,10.822
2016-01-27,10.703,10.703,10.922,10.016
2016-01-28,10.643,10.544,10.852,10.185
2016-01-29,10.544,11.011,11.43,10.404
2016-02-01,10.982,10.862,11.011,10.603
2016-02-02,10.872,11.24,11.35,10.832
2016-02-03,11.081,11.221,11.25,10.763
2016-02-04,11.191,11.509,11.629,11.191
2016-02-05,11.589,11.27,11.589,11.161
2016-02-15,10.892,11.201,11.221,10.175
2016-02-16,11.221,11.669,11.748,11.121
2016-02-17,11.639,11.838,11.947,11.559
2016-02-18,11.838,11.708,11.947,11.629
2016-02-19,11.609,11.848,11.947,11.609
2016-02-22,11.987,12.117,12.166,11.868
2016-02-23,12.146,11.947,12.186,11.768
2016-02-24,11.898,12.166,12.326,11.798
2016-02-25,12.146,10.952,12.156,10.952
2016-02-26,11.141,10.733,11.141,10.444
2016-02-29,10.753,9.657,10.763,9.657
2016-03-01,9.747,9.837,9.956,9.458
2016-03-02,9.777,10.454,10.494,9.777
2016-03-03,10.404,10.782,10.882,10.334
2016-03-04,10.723,10.593,10.842,10.026
2016-03-07,10.623,10.792,11.051,10.583
2016-03-08,10.952,10.723,10.952,10.056
2016-03-09,10.454,10.315,10.593,10.225
2016-03-10,10.364,10.255,10.414,10.125
2016-03-11,10.235,10.255,10.305,9.956
2016-03-14,10.434,10.832,10.942,10.315
2016-03-15,10.782,10.683,10.942,10.534
2016-03-16,11.051,10.673,11.151,10.623
2016-03-17,10.812,10.952,11.041,10.633
2016-03-18,10.972,11.41,11.469,10.962
2016-03-21,11.519,11.708,11.738,11.41
2016-03-22,11.649,11.808,11.927,11.45
2016-03-23,11.778,11.738,11.868,11.529
2016-03-24,11.649,11.788,11.878,11.43
2016-03-25,11.579,11.678,11.728,11.549
2016-03-28,11.748,11.569,11.937,11.519
2016-03-29,11.589,11.181,11.639,11.051
2016-03-30,11.191,11.649,11.718,11.191
2016-03-31,11.639,12.804,12.813,11.639
2016-04-01,12.634,12.196,12.634,12.007
2016-04-05,12.356,12.624,12.903,12.097
2016-04-06,12.575,13.182,13.52,12.545
2016-04-07,13.122,12.724,13.212,12.644
2016-04-08,12.445,13.202,13.49,12.356
2016-04-11,13.381,14.098,14.526,13.192
2016-04-12,14.038,13.769,14.038,13.451
2016-04-13,13.769,13.7,14.337,13.67
2016-04-14,13.789,13.919,13.948,13.6
2016-04-15,13.919,14.616,15.133,13.769
2016-04-18,14.436,14.526,14.616,14.187
2016-04-19,14.486,14.227,14.685,13.929
2016-04-20,14.217,13.371,14.337,12.943
2016-04-21,13.242,13.301,13.64,13.052
2016-04-22,13.142,13.371,13.441,13.062
2016-04-25,13.212,13.411,13.441,12.644
2016-04-26,13.142,13.51,13.66,13.142
2016-04-27,13.411,13.55,14.168,13.411
2016-04-28,13.54,13.471,13.71,12.953
2016-04-29,13.411,13.401,13.6,13.192
2016-05-03,13.291,13.859,13.889,13.291
2016-05-04,13.769,13.779,14.068,13.719
2016-05-05,13.739,13.829,13.929,13.481
2016-05-06,13.819,12.545,13.869,12.445
2016-05-09,11.947,11.788,12.146,11.599
2016-05-10,11.828,11.44,11.888,11.31
2016-05-11,11.549,11.35,11.629,11.34
2016-05-12,11.28,10.992,11.28,10.763
2016-05-13,11.021,11.211,11.38,10.962
2016-05-16,11.28,11.609,11.629,11.191
2016-05-17,11.539,11.549,11.758,11.4
2016-05-18,11.26,10.992,11.33,10.862
2016-05-19,10.952,11.021,11.3,10.942
2016-05-20,10.812,11.131,11.131,10.812
2016-05-23,11.201,11.37,11.609,11.141
2016-05-24,11.34,11.579,11.927,11.33
2016-05-25,11.559,11.44,11.728,11.33
2016-05-26,11.599,11.798,11.828,11.39
2016-05-27,11.748,11.907,11.947,11.549
2016-05-30,11.848,11.629,11.917,11.549
2016-05-31,11.718,12.117,12.306,11.589
2016-06-01,12.186,12.087,12.395,11.997
2016-06-02,11.977,12.067,12.176,11.927
2016-06-03,12.107,12.107,12.226,11.997
2016-06-06,12.107,12.216,12.395,11.947
2016-06-07,12.166,12.077,12.336,12.047
2016-06-08,12.067,12.296,12.425,11.997
2016-06-13,12.067,11.848,12.385,11.838
2016-06-14,11.898,11.678,11.898,11.549
2016-06-15,11.698,12.614,12.744,11.549
2016-06-16,12.614,12.903,13.869,12.336
2016-06-17,12.843,13.023,13.331,12.804
2016-06-20,12.744,12.465,12.843,12.196
2016-06-21,12.495,12.236,12.614,12.166
2016-06-22,12.236,12.445,12.455,12.046
2016-06-23,12.415,12.335,12.555,12.275
2016-06-24,12.385,12.116,12.445,11.627
2016-06-27,12.066,12.385,12.395,12.006
2016-06-28,12.365,12.565,12.645,12.126
2016-06-29,12.525,12.525,12.675,12.465
2016-06-30,12.485,12.325,12.575,12.265
2016-07-01,12.355,12.475,12.565,12.275
2016-07-04,12.425,12.705,12.824,12.375
2016-07-05,12.715,12.994,13.244,12.695
2016-07-06,13.004,13.263,13.273,12.854
2016-07-07,13.174,13.074,13.253,12.914
2016-07-08,13.014,12.924,13.154,12.894
2016-07-11,12.964,12.854,13.044,12.804
2016-07-12,12.834,13.114,13.144,12.774
2016-07-13,13.124,13.094,13.194,13.034
2016-07-14,13.094,13.273,13.303,13.004
2016-07-15,13.313,13.104,13.313,13.094
2016-07-18,13.064,12.934,13.134,12.794
2016-07-19,12.914,13.024,13.024,12.874
2016-07-20,13.034,12.984,13.164,12.984
2016-07-21,13.004,13.054,13.184,12.924
2016-07-22,13.054,12.874,13.074,12.854
2016-07-25,12.874,12.934,13.074,12.834
2016-07-26,12.934,13.204,13.224,12.874
2016-07-27,13.154,12.275,13.303,12.006
2016-07-28,12.265,12.265,12.395,12.016
2016-07-29,12.295,12.255,12.415,12.226
2016-08-01,12.255,11.976,12.255,11.826
2016-08-02,12.006,12.265,12.355,11.996
2016-08-03,12.255,12.325,12.395,12.196
2016-08-04,12.285,12.445,12.545,12.265
2016-08-05,12.485,12.405,12.555,12.275
2016-08-08,12.355,12.535,12.535,12.166
2016-08-09,12.495,12.615,12.735,12.445
2016-08-10,12.625,12.515,12.725,12.465
2016-08-11,12.485,12.445,12.575,12.435
2016-08-12,12.445,12.535,12.545,12.375
2016-08-15,12.575,12.854,12.874,12.515
2016-08-16,12.854,12.874,12.954,12.784
2016-08-17,12.844,12.974,13.044,12.834
2016-08-18,12.974,12.994,13.114,12.884
2016-08-19,13.004,13.094,13.224,12.904
2016-08-22,13.034,12.824,13.154,12.814
2016-08-23,12.844,13.004,13.104,12.824
2016-08-24,13.004,13.064,13.094,12.954
2016-08-25,13.044,13.024,13.064,12.834
2016-08-26,13.064,13.134,13.313,13.034
2016-08-29,13.094,13.174,13.253,13.014
2016-08-30,13.134,13.613,13.762,13.124
2016-08-31,13.543,13.423,13.543,13.224
2016-09-01,13.333,13.154,13.473,13.134
2016-09-02,13.094,13.144,13.224,13.004
2016-09-05,13.074,13.204,13.263,13.074
2016-09-06,13.204,13.393,13.413,13.024
2016-09-07,13.373,13.164,13.593,13.114
2016-09-08,13.204,13.263,13.303,13.124
2016-09-09,13.273,13.463,13.593,13.273
2016-09-12,13.174,12.864,13.224,12.774
2016-09-13,12.874,13.024,13.064,12.874
2016-09-14,12.914,12.814,13.194,12.784
2016-09-19,12.794,13.263,13.263,12.794
2016-09-20,13.253,13.194,13.283,13.124
2016-09-21,13.174,13.303,13.513,13.174
2016-09-22,13.393,13.413,13.543,13.273
2016-09-23,13.463,13.593,13.653,13.363
2016-09-26,13.613,13.154,13.673,13.114
2016-09-27,13.104,13.224,13.263,13.034
2016-09-28,13.164,13.673,13.733,13.094
2016-09-29,13.583,14.002,14.341,13.583
2016-09-30,13.962,14.022,14.182,13.752
2016-10-10,13.992,14.261,14.321,13.852
2016-10-11,14.172,14.182,14.301,14.112
2016-10-12,14.112,14.561,14.731,14.112
2016-10-13,14.491,14.461,14.631,14.351
2016-10-14,14.371,14.212,14.481,14.092
2016-10-17,14.172,13.962,14.311,13.882
2016-10-18,13.962,14.242,14.291,13.902
2016-10-19,14.222,14.261,14.471,14.192
2016-10-20,14.311,14.132,14.331,14.042
2016-10-21,14.132,13.982,14.192,13.693
2016-10-24,13.932,14.122,14.202,13.932
2016-10-25,14.132,14.192,14.401,14.122
2016-10-26,14.152,14.361,14.591,14.142
2016-10-27,14.311,14.251,14.341,14.112
2016-10-28,14.251,14.032,14.411,14.012
2016-10-31,14.012,13.802,14.012,13.693
2016-11-01,13.832,14.012,14.042,13.782
2016-11-02,13.972,13.862,14.052,13.772
2016-11-03,13.882,14.062,14.162,13.802
2016-11-04,14.032,13.882,14.122,13.772
2016-11-07,13.832,14.012,14.022,13.743
2016-11-08,14.052,14.401,14.77,13.982
2016-11-09,14.541,14.311,14.591,14.132
2016-11-10,14.461,14.461,14.621,14.321
2016-11-11,14.531,14.561,14.85,14.471
2016-11-14,14.481,14.531,14.75,14.351
2016-11-15,14.501,15.03,15.17,14.361
2016-11-16,14.97,15.06,15.14,14.85
2016-11-17,15.06,15.579,15.739,14.99
2016-11-18,15.519,15.519,15.649,15.249
2016-11-21,15.469,15.469,15.559,15.269
2016-11-22,15.469,15.629,15.719,15.459
2016-11-23,15.629,15.788,16.068,15.17
2016-11-24,15.599,15.968,16.008,15.589
2016-11-25,15.798,16.218,16.467,15.24
2016-11-28,16.068,16.597,16.677,16.068
2016-11-29,16.537,16.337,17.236,16.317
2016-11-30,17.365,17.974,17.974,16.996
2016-12-01,18.453,19.77,19.77,17.784
2016-12-02,20.459,19.431,21.257,18.972
2016-12-05,18.004,17.485,18.363,17.485
2016-12-06,16.966,16.427,17.245,16.347
2016-12-07,16.567,16.796,16.856,16.367
2016-12-08,16.756,18.473,18.473,16.587
2016-12-09,18.962,18.204,19.461,18.064
2016-12-12,18.563,17.874,18.643,16.956
2016-12-13,17.465,19.661,19.661,16.876
2016-12-14,20.359,19.491,20.639,19.092
2016-12-15,18.713,20.03,20.858,18.543
2016-12-16,19.81,18.902,20.09,18.723
2016-12-19,18.752,18.493,19.251,18.164
2016-12-20,18.293,17.565,18.653,17.026
2016-12-21,17.545,18.084,18.144,17.216
2016-12-22,17.864,18.024,18.074,17.365
2016-12-23,17.954,16.906,18.084,16.776
2016-12-26,16.956,16.846,16.956,16.357
2016-12-27,17.016,17.176,17.315,16.876
2016-12-28,16.986,17.455,18.144,16.916
2016-12-29,17.275,17.106,17.475,16.966
2016-12-30,17.016,16.946,17.216,16.856
2017-01-03,16.926,17.216,17.265,16.667
2017-01-04,17.136,17.585,17.974,17.126
2017-01-05,17.445,17.725,17.884,17.206
2017-01-06,17.645,17.176,17.754,17.146
2017-01-09,17.156,17.126,17.245,16.876
2017-01-10,17.176,17.245,17.425,17.046
2017-01-11,17.245,17.964,18.263,16.916
2017-01-12,17.854,17.605,17.964,17.505
2017-01-13,17.465,16.746,18.164,16.457
2017-01-16,16.547,15.21,16.547,15.07
2017-01-17,15.22,15.359,15.459,15.02
2017-01-18,15.319,16.737,16.896,15.319
2017-01-19,16.567,17.046,17.116,16.168
2017-01-20,16.916,16.876,17.385,16.707
2017-01-23,16.976,16.966,17.245,16.866
2017-01-24,16.916,16.906,17.096,16.796
2017-01-25,16.766,16.746,17.036,16.677
2017-01-26,16.677,16.836,16.886,16.677
2017-02-03,16.687,16.786,16.966,16.687
2017-02-06,16.786,16.816,16.936,16.477
2017-02-07,16.826,17.465,17.675,16.647
2017-02-08,17.465,17.465,17.605,17.275
2017-02-09,17.465,17.395,17.575,17.355
2017-02-10,17.365,16.637,17.465,16.617
2017-02-13,16.487,16.876,17.006,16.467
2017-02-14,16.906,16.577,17.036,16.467
2017-02-15,16.507,16.507,16.756,16.198
2017-02-16,16.427,16.956,17.056,16.367
2017-02-17,16.836,16.846,17.116,16.776
2017-02-20,16.866,16.806,16.966,16.477
2017-02-21,16.816,17.046,17.255,16.627
2017-02-22,17.096,17.116,17.375,16.896
2017-02-23,17.136,17.086,17.265,16.876
2017-02-24,18.453,16.886,18.453,16.806
2017-02-27,16.816,16.297,16.836,16.158
2017-02-28,16.257,16.527,16.607,16.228
2017-03-01,16.457,16.367,16.557,16.297
2017-03-02,16.337,16.238,16.437,16.178
2017-03-03,16.168,16.008,16.247,15.17
2017-03-06,15.928,16.287,16.407,15.778
2017-03-07,16.367,16.347,16.517,16.247
2017-03-08,16.407,16.297,16.567,16.148
2017-03-09,16.198,15.828,16.337,15.629
2017-03-10,15.719,15.639,15.938,15.539
2017-03-13,15.639,15.878,16.008,15.529
2017-03-14,15.898,16.108,16.317,15.898
2017-03-15,16.108,15.888,16.238,15.758
2017-03-16,15.878,15.938,16.118,15.828
2017-03-17,15.938,16.158,16.208,15.938
2017-03-20,16.158,15.968,16.238,15.898
2017-03-21,15.978,16.557,16.577,15.978
2017-03-22,16.537,16.637,16.647,16.347
2017-03-23,16.557,16.946,17.026,16.427
2017-03-24,16.976,16.916,17.016,16.557
2017-03-27,16.916,16.547,16.916,16.527
2017-03-28,16.637,16.707,16.856,16.507
2017-03-29,16.707,16.687,16.896,16.567
2017-03-30,16.627,16.377,16.667,16.277
2017-03-31,16.367,16.727,16.916,16.297
2017-04-05,16.627,16.737,16.956,16.317
2017-04-06,16.637,16.537,16.756,16.467
2017-04-07,16.527,16.806,16.866,16.078
2017-04-10,16.806,17.006,17.086,16.467
2017-04-11,16.966,16.866,17.066,16.527
2017-04-12,16.826,16.647,16.826,16.407
2017-04-13,16.507,16.377,16.607,16.347
2017-04-14,16.427,16.317,16.547,15.868
2017-04-17,16.018,16.267,16.347,15.09
2017-04-18,16.088,16.138,16.357,16.068
2017-04-19,15.968,16.108,16.188,15.709
2017-04-20,16.008,16.228,16.247,15.918
2017-04-21,16.118,16.367,16.397,15.768
2017-04-24,16.367,15.898,16.367,15.569
2017-04-25,15.768,15.878,15.958,15.719
2017-04-26,15.788,15.898,16.058,15.589
2017-04-27,15.828,15.838,15.938,15.429
2017-04-28,15.818,15.778,15.838,15.629
2017-05-02,15.878,15.768,15.958,15.679
2017-05-03,15.768,15.808,15.818,15.469
2017-05-04,15.748,15.828,15.898,15.579
2017-05-05,15.768,15.788,15.808,15.549
2017-05-08,15.619,15.469,15.669,14.85
2017-05-09,15.359,15.649,15.669,14.691
2017-05-10,15.479,15.699,15.768,15.309
2017-05-11,15.569,15.609,15.679,15.269
2017-05-12,15.449,15.669,15.709,15.399
2017-05-15,15.579,15.619,15.709,15.399
2017-05-16,15.479,15.659,15.679,15.379
2017-05-17,15.669,15.699,15.898,15.569
2017-05-18,15.669,15.709,15.888,15.419
2017-05-19,15.669,15.739,15.848,15.589
2017-05-22,15.768,15.579,15.808,15.349
2017-05-23,15.479,15.21,15.569,14.022
2017-05-24,14.92,15.269,15.319,14.371
2017-05-25,15.07,15.349,15.519,14.83
2017-05-26,15.17,15.349,15.359,15.1
2017-05-31,15.339,15.339,15.389,15.23
2017-06-01,15.269,15.19,15.319,14.95
2017-06-02,15.07,15.22,15.269,14.81
2017-06-05,15.12,15.16,15.2,14.97
2017-06-06,15.03,15.16,15.18,15.02
2017-06-07,15.1,15.389,15.419,15.01
2017-06-08,15.389,15.259,15.409,15.16
2017-06-09,15.1,15.17,15.23,15.02
2017-06-12,15.08,15.08,15.14,15.0
2017-06-13,15.03,15.11,15.2,14.97
2017-06-14,15.07,15.05,15.11,15.0
2017-06-15,15.01,15.379,15.599,15.01
2017-06-16,15.469,15.379,15.469,15.299
2017-06-19,15.459,15.399,15.459,15.259
2017-06-20,15.399,15.319,15.449,15.259
2017-06-21,15.32,15.33,15.41,15.14
2017-06-22,15.33,15.98,16.5,15.2
2017-06-23,15.88,16.17,16.45,15.62
2017-06-26,16.08,16.1,16.36,16.01
2017-06-27,16.0,16.29,16.85,16.0
2017-06-28,16.23,16.28,16.54,16.15
2017-06-29,16.22,15.89,16.38,15.76
2017-06-30,15.7,15.86,16.05,15.65
2017-07-03,15.9,15.83,16.08,15.8
2017-07-04,15.73,15.77,15.87,15.7
2017-07-05,15.77,15.65,15.78,15.55
2017-07-06,15.66,15.56,15.67,15.52
2017-07-07,15.65,15.54,15.68,15.43
2017-07-10,15.41,15.69,15.78,15.41
2017-07-11,15.7,15.43,15.75,15.4
2017-07-12,15.4,15.13,15.42,15.06
2017-07-13,15.25,14.99,15.25,14.9
2017-07-14,14.97,14.65,15.05,14.61
2017-07-17,14.77,14.34,14.77,13.4
2017-07-18,14.04,14.19,14.4,13.89
2017-07-19,14.15,14.19,14.33,14.02
2017-07-20,14.1,14.16,14.35,14.1
2017-07-21,14.07,14.11,14.22,14.07
2017-07-24,14.29,14.96,15.01,14.13
2017-07-25,14.9,14.86,14.92,14.59
2017-07-26,14.86,14.94,14.99,14.65
2017-07-27,14.89,14.86,14.97,14.76
2017-07-28,14.87,14.66,15.07,14.6
2017-07-31,14.66,14.7,14.86,14.6
2017-08-01,14.7,14.48,14.7,14.48
2017-08-02,14.69,14.47,14.69,14.31
2017-08-03,14.56,14.46,14.57,14.25
2017-08-04,14.45,14.68,14.85,14.42
2017-08-07,14.65,14.78,14.95,14.35
2017-08-08,14.68,14.81,15.15,14.56
2017-08-09,14.8,14.79,14.88,14.67
2017-08-10,14.8,14.52,14.8,14.5
2017-08-11,14.51,14.42,14.65,14.38
2017-08-14,14.43,14.53,14.68,14.32
2017-08-15,14.53,14.39,14.65,14.37
2017-08-16,14.38,14.4,14.46,14.33
2017-08-17,14.51,14.47,14.75,14.38
2017-08-18,14.25,14.27,14.46,14.21
2017-08-21,14.17,14.37,14.38,14.17
2017-08-22,14.34,14.34,14.41,14.24
2017-08-23,14.3,14.2,14.3,14.05
2017-08-24,14.14,14.07,14.2,14.06
2017-08-25,14.08,14.12,14.23,14.07
2017-08-28,14.19,14.19,14.24,14.07
2017-08-29,14.28,14.24,14.29,14.15
2017-08-30,14.19,14.24,14.33,14.16
2017-08-31,14.19,14.28,14.3,14.17
2017-09-01,14.28,14.46,14.5,14.24
2017-09-04,14.47,14.26,14.49,14.15
2017-09-05,14.26,14.11,14.26,14.1
2017-09-06,14.15,14.17,14.24,14.1
2017-09-07,14.13,14.13,14.23,14.12
2017-09-08,14.13,14.11,14.2,14.1
2017-09-11,14.19,14.2,14.23,14.1
2017-09-12,14.23,14.33,14.44,14.14
2017-09-13,14.28,14.71,14.75,14.22
2017-09-14,15.18,14.58,15.18,14.42
2017-09-15,14.49,14.35,14.49,14.22
2017-09-18,14.28,14.3,14.4,14.15
2017-09-19,14.3,14.17,14.37,14.15
2017-09-20,14.16,14.17,14.24,14.1
2017-09-21,14.12,14.15,14.26,14.09
2017-09-22,14.11,14.15,14.18,14.02
2017-09-25,14.16,14.29,14.45,14.08
2017-09-26,14.29,14.23,14.33,14.12
2017-09-27,14.15,14.13,14.26,14.1
2017-09-28,14.15,14.32,14.34,14.11
2017-09-29,14.33,14.35,14.42,14.21
2017-10-09,14.42,14.38,14.51,14.17
2017-10-10,14.35,14.38,14.4,14.24
2017-10-11,14.37,15.05,15.25,14.3
2017-10-12,14.91,15.32,15.4,14.75
2017-10-13,15.18,15.58,15.85,15.02
2017-10-16,15.48,15.35,15.58,15.07
2017-10-17,15.17,15.28,15.51,15.08
2017-10-18,15.3,15.1,15.34,14.92
2017-10-19,14.91,15.62,15.93,14.91
2017-10-20,15.4,15.53,15.8,15.2
2017-10-23,15.35,15.33,15.44,15.02
2017-10-24,15.4,14.5,15.4,14.0
2017-10-25,14.28,14.34,14.45,14.05
2017-10-26,14.17,14.44,14.58,14.17
2017-10-27,14.37,14.55,14.85,14.28
2017-10-30,14.56,14.4,14.56,14.22
2017-10-31,14.36,14.81,14.82,14.28
2017-11-01,14.94,14.96,15.05,14.73
2017-11-02,14.89,14.96,15.16,14.71
2017-11-03,14.81,14.87,14.98,14.63
2017-11-06,14.87,14.58,14.87,14.5
2017-11-07,14.55,14.62,14.67,14.45
2017-11-08,14.63,14.6,14.73,14.44
2017-11-09,14.6,15.03,15.16,14.44
2017-11-10,15.0,15.13,15.41,14.8
2017-11-13,15.13,15.13,15.35,14.86
2017-11-14,15.04,14.84,15.12,14.6
2017-11-15,14.82,15.02,15.15,14.5
2017-11-16,14.9,14.85,14.97,14.71
2017-11-17,14.72,13.86,14.81,13.68
2017-11-20,13.81,12.77,13.89,12.47
2017-11-21,12.51,12.39,12.51,12.0
2017-11-22,12.31,12.3,12.38,12.0
2017-11-23,12.32,12.11,12.32,12.03
2017-11-24,12.03,12.06,12.19,11.97
2017-11-27,12.06,11.87,12.12,11.69
2017-11-28,11.79,11.96,12.0,11.74
2017-11-29,11.96,11.96,12.05,11.69
2017-11-30,11.88,11.83,11.95,11.79
2017-12-01,11.87,11.83,11.87,11.75
2017-12-04,11.75,11.59,11.88,11.55
2017-12-05,11.51,11.58,11.61,10.74
2017-12-06,11.49,11.69,11.8,11.12
2017-12-07,11.53,11.79,11.84,11.49
2017-12-08,11.75,11.73,11.8,11.63
2017-12-11,11.77,11.76,11.88,11.67
2017-12-12,11.76,11.64,11.89,11.38
2017-12-13,11.55,11.47,11.55,11.18
2017-12-14,11.6,11.36,11.6,11.29
2017-12-15,11.35,11.29,11.46,11.2
2017-12-18,11.29,11.18,11.3,11.14
2017-12-19,11.18,11.16,11.36,11.06
2017-12-20,11.16,10.97,11.19,10.92
2017-12-21,10.99,10.99,11.02,10.74
2017-12-22,11.04,11.18,11.31,10.67
2017-12-25,11.22,11.0,11.22,10.81
2017-12-26,10.9,10.81,11.0,10.77
2017-12-27,10.75,10.9,10.95,10.66
2017-12-28,10.84,10.91,11.15,10.8
2017-12-29,11.09,10.97,11.09,10.79
2018-01-02,10.86,10.89,10.94,10.82
2018-01-03,10.9,10.81,10.9,10.76
2018-01-04,10.81,10.86,10.93,10.67
2018-01-05,10.85,10.84,10.91,10.77
2018-01-08,10.85,10.67,10.85,10.61
2018-01-09,10.65,10.71,10.76,10.5
2018-01-10,10.7,10.68,10.73,10.54
2018-01-11,10.61,10.69,10.7,10.57
2018-01-12,10.67,10.68,10.71,10.61
2018-01-15,10.62,10.69,10.75,10.28
2018-01-16,10.69,10.6,10.69,10.55
2018-01-17,10.6,10.46,10.61,10.38
2018-01-18,10.98,11.51,11.51,10.5
2018-01-19,11.73,12.66,12.66,11.65
2018-01-22,13.2,12.27,13.4,12.15
2018-01-23,11.78,11.8,12.1,11.52
2018-01-24,11.61,11.65,11.79,11.42
2018-01-25,11.6,11.58,11.99,11.5
2018-01-26,11.45,11.62,11.67,11.26
2018-01-29,11.47,11.4,11.55,11.29
2018-01-30,11.41,11.56,11.79,11.22
2018-01-31,11.33,11.6,12.0,11.2
2018-02-01,11.38,10.96,11.87,10.9
2018-02-02,9.86,10.39,10.47,9.86
2018-02-05,10.0,9.64,10.0,9.41
2018-02-06,9.25,8.68,9.34,8.68
2018-02-07,8.89,8.56,8.89,8.32
2018-02-08,8.55,8.65,8.77,8.47
2018-02-09,8.54,8.11,8.54,8.0
2018-02-12,8.11,8.35,8.75,8.11
2018-02-13,8.35,9.19,9.19,8.35
2018-02-14,9.2,8.86,9.26,8.66
2018-02-22,8.86,8.91,9.0,8.72
2018-02-23,8.91,8.86,8.91,8.79
2018-02-26,8.86,9.11,9.23,8.83
2018-02-27,9.05,9.34,9.39,8.96
2018-02-28,9.25,9.25,9.36,9.0
2018-03-01,9.13,9.36,9.43,9.12
2018-03-02,9.27,9.41,9.44,9.2
2018-03-05,9.41,9.57,9.81,9.31
2018-03-06,9.6,9.58,9.61,9.51
2018-03-07,9.58,9.62,9.73,9.45
2018-03-08,9.61,9.85,9.94,9.52
2018-03-09,9.8,10.0,10.14,9.8
2018-03-12,9.96,10.1,10.13,9.81
2018-03-13,10.02,10.23,10.26,10.0
2018-03-14,10.23,10.63,10.88,10.18
2018-03-15,10.48,10.65,11.4,10.48
2018-03-16,10.48,10.58,11.1,10.48
2018-03-19,10.57,10.16,10.69,9.98
2018-03-20,10.0,10.29,10.35,9.96
2018-03-21,10.25,10.11,10.49,10.1
2018-03-22,10.19,10.31,10.4,10.0
2018-03-23,10.0,9.3,10.19,9.28
2018-03-26,9.0,9.85,9.92,9.0
2018-03-27,10.02,9.99,10.2,9.89
2018-03-28,10.0,9.89,10.1,9.85
2018-03-29,9.89,9.91,10.04,9.83
2018-03-30,9.95,10.14,10.19,9.85
2018-04-02,10.02,10.71,10.98,10.01
2018-04-03,10.58,10.21,10.65,10.15
2018-04-04,10.21,10.06,10.31,9.91
2018-04-09,9.98,9.86,9.98,9.54
2018-04-10,9.86,10.02,10.35,9.72
2018-04-11,9.97,11.02,11.02,9.88
2018-04-12,11.0,10.77,11.02,10.71
2018-04-13,11.2,10.56,11.26,10.51
2018-04-16,10.55,10.58,10.68,10.29
2018-04-17,10.5,10.3,10.65,10.21
2018-04-18,10.5,10.41,10.5,10.13
2018-04-19,10.41,10.31,10.49,10.23
2018-04-20,10.31,9.44,10.39,9.4
2018-04-23,9.3,9.29,9.58,9.18
2018-04-24,9.25,9.45,9.46,9.25
2018-04-25,9.33,9.38,9.47,9.3
2018-04-26,9.47,8.95,9.47,8.9
2018-04-27,9.07,9.11,9.17,9.01
2018-05-02,9.14,9.02,9.2,8.97
2018-05-03,9.13,9.12,9.14,8.81
2018-05-04,9.13,9.14,9.17,9.03
2018-05-07,9.14,9.31,9.37,9.12
2018-05-08,9.27,9.42,9.59,9.27
2018-05-09,9.4,9.46,9.5,9.36
2018-05-10,9.46,9.39,9.47,9.32
2018-05-11,9.4,9.26,9.48,9.21
2018-05-14,9.26,9.41,9.51,9.26
2018-05-15,9.38,9.49,9.53,9.21
2018-05-16,9.48,9.42,9.6,9.32
2018-05-17,9.4,9.35,9.49,9.32
2018-05-18,9.37,9.41,9.46,9.34
2018-05-21,9.41,9.5,9.54,9.38
2018-05-22,9.59,9.5,9.59,9.44
2018-05-23,9.51,9.45,9.56,9.42
2018-05-24,9.38,9.37,9.45,9.33
2018-05-25,9.37,9.14,9.37,9.12
