date,open,close,high,low
2016-01-04,12.119,10.976,12.119,10.976
2016-01-05,9.877,10.089,10.685,9.877
2016-01-06,10.123,10.237,10.271,9.754
2016-01-07,9.986,9.212,10.168,9.212
2016-01-08,9.365,9.074,9.547,8.439
2016-01-11,8.838,8.168,8.862,8.168
2016-01-12,8.168,8.586,8.685,7.966
2016-01-13,8.572,8.601,9.183,8.498
2016-01-14,8.35,9.133,9.138,8.183
2016-01-15,9.025,8.897,9.099,8.473
2016-01-18,8.621,9.178,9.291,8.562
2016-01-19,9.409,9.611,9.675,9.335
2016-01-20,9.434,9.222,9.557,9.163
2016-01-21,8.921,8.38,9.045,8.375
2016-01-22,8.542,8.522,8.606,8.178
2016-01-25,8.719,8.572,8.749,8.463
2016-01-26,8.522,7.724,8.522,7.715
2016-01-27,7.774,7.458,7.857,6.995
2016-01-28,7.439,6.902,7.631,6.887
2016-01-29,6.961,7.325,7.513,6.907
2016-02-01,7.355,7.399,7.522,7.094
2016-02-02,7.291,7.754,7.981,7.291
2016-02-03,7.582,7.808,7.892,7.537
2016-02-04,7.808,7.916,8.133,7.764
2016-02-05,7.931,8.291,8.66,7.931
2016-02-15,7.985,8.557,8.759,7.931
2016-02-16,8.552,8.833,8.976,8.547
2016-02-17,8.917,8.936,8.985,8.646
2016-02-18,8.981,9.01,9.059,8.798
2016-02-19,9.0,9.281,9.532,8.887
2016-02-22,9.389,9.325,9.468,9.114
2016-02-23,9.311,9.365,9.404,9.187
2016-02-24,9.301,9.227,9.394,8.843
2016-02-25,9.212,8.394,9.212,8.306
2016-02-26,8.498,9.0,9.015,8.483
2016-02-29,8.867,8.099,8.872,8.099
2016-03-01,8.03,8.123,8.227,7.641
2016-03-02,8.128,8.626,8.724,7.981
2016-03-03,8.631,8.517,8.867,8.473
2016-03-04,8.572,8.429,8.907,8.301
2016-03-07,8.498,8.724,8.833,8.498
2016-03-08,8.651,9.143,9.301,8.168
2016-03-09,8.872,9.025,9.394,8.719
2016-03-10,8.985,8.685,9.247,8.67
2016-03-11,8.557,8.537,8.759,8.419
2016-03-14,8.621,8.921,9.054,8.463
2016-03-15,8.912,8.754,9.025,8.719
2016-03-16,8.857,8.493,8.907,8.375
2016-03-17,8.498,8.956,9.005,8.473
2016-03-18,8.961,9.71,9.833,8.917
2016-03-21,9.833,10.05,10.094,9.606
2016-03-22,9.853,9.754,10.04,9.7
2016-03-23,9.705,9.853,9.887,9.641
2016-03-24,9.808,10.074,10.522,9.636
2016-03-25,9.892,10.173,10.439,9.892
2016-03-28,10.261,9.828,10.394,9.754
2016-03-29,9.848,9.325,9.853,9.187
2016-03-30,9.453,9.754,9.788,9.419
2016-03-31,9.813,9.68,10.04,9.665
2016-04-01,9.606,9.365,9.606,9.227
2016-04-05,9.424,9.774,9.808,9.291
2016-04-06,9.754,10.749,10.749,9.754
2016-04-07,10.971,10.784,10.971,10.498
2016-04-08,10.621,11.222,11.503,10.587
2016-07-06,10.104,10.193,10.589,10.104
2016-07-07,9.896,9.965,10.153,9.461
2016-07-08,9.797,10.49,10.866,9.718
2016-07-11,10.322,10.282,10.618,10.064
2016-07-12,10.302,10.351,10.529,10.143
2016-07-13,10.371,10.49,10.539,10.203
2016-07-14,10.529,10.856,10.886,10.5
2016-07-15,10.787,10.727,11.183,10.678
2016-07-18,10.668,10.866,10.965,10.48
2016-07-19,10.787,11.024,11.064,10.599
2016-07-20,11.183,11.272,11.855,11.084
2016-07-21,11.45,11.717,11.855,11.4
2016-07-22,11.578,12.33,12.37,11.489
2016-07-25,12.251,12.222,12.845,12.024
2016-07-26,12.103,12.321,12.37,12.103
2016-07-27,12.321,11.875,12.726,11.331
2016-07-28,11.865,11.756,12.063,11.272
2016-07-29,11.707,11.756,11.945,11.45
2016-08-01,11.677,12.063,12.162,11.39
2016-08-02,12.232,12.004,12.449,11.697
2016-08-03,11.865,11.618,11.945,11.42
2016-08-04,11.608,12.459,12.677,11.489
2016-08-05,12.232,11.885,12.37,11.855
2016-08-08,11.826,10.698,11.826,10.698
2016-08-09,10.539,10.797,10.905,10.252
2016-08-10,10.797,10.569,10.797,10.519
2016-08-11,10.589,10.242,10.648,10.223
2016-08-12,10.292,10.302,10.44,10.193
2016-08-15,10.302,10.5,10.529,9.896
2016-08-16,10.5,10.46,10.579,10.341
2016-08-17,10.411,10.391,10.44,10.331
2016-08-18,10.421,10.411,10.529,10.341
2016-08-19,10.46,10.371,10.46,10.322
2016-08-22,10.341,10.025,10.401,9.965
2016-08-23,9.965,9.955,10.025,9.817
2016-08-24,9.955,10.054,10.134,9.946
2016-08-25,9.906,9.955,10.005,9.847
2016-08-26,9.975,9.985,10.044,9.946
2016-08-29,9.995,9.896,9.995,9.876
2016-08-30,9.955,10.134,10.262,9.955
2016-08-31,10.163,10.044,10.163,9.965
2016-09-01,10.035,9.955,10.153,9.955
2016-09-02,9.906,9.807,9.985,9.708
2016-09-05,9.886,9.817,9.916,9.797
2016-09-06,9.817,9.837,9.847,9.619
2016-09-07,9.827,9.916,9.946,9.767
2016-09-08,9.856,9.837,9.896,9.787
2016-09-09,9.847,9.767,9.896,9.748
2016-09-12,9.649,9.352,9.649,9.342
2016-09-13,9.401,9.302,9.471,9.184
2016-09-14,9.243,9.124,9.243,9.085
2016-09-19,9.134,9.282,9.352,9.134
2016-09-20,9.302,9.302,9.332,9.193
2016-09-21,9.302,9.292,9.342,9.253
2016-09-22,9.332,9.292,9.381,9.273
2016-09-23,9.302,9.184,9.322,9.154
2016-09-26,9.184,8.906,9.184,8.887
2016-09-27,8.926,8.986,9.035,8.857
2016-09-28,9.015,8.946,9.025,8.926
2016-09-29,8.986,8.946,8.996,8.916
2016-09-30,8.906,9.253,9.441,8.906
2016-10-10,9.352,9.352,9.401,9.253
2016-10-11,9.372,9.302,9.381,9.263
2016-10-12,9.263,9.273,9.302,9.174
2016-10-13,9.302,9.391,9.5,9.292
2016-10-14,9.352,9.282,9.401,9.233
2016-10-17,9.213,9.104,9.282,9.045
2016-10-18,9.114,9.184,9.193,9.085
2016-10-19,9.213,9.213,9.243,9.134
2016-10-20,9.223,9.639,9.767,9.124
2016-10-21,9.55,9.916,9.995,9.55
2016-10-24,10.025,9.946,10.163,9.886
2016-10-25,9.906,9.955,10.015,9.797
2016-10-26,9.906,9.728,9.946,9.718
2016-10-27,9.728,10.084,10.163,9.728
2016-10-28,10.223,10.114,10.262,9.946
2016-10-31,10.044,9.955,10.064,9.817
2016-11-01,9.955,9.926,10.015,9.797
2016-11-02,9.926,9.876,10.064,9.797
2016-11-03,9.876,9.866,10.025,9.777
2016-11-04,9.827,10.035,10.124,9.807
2016-11-07,10.084,10.242,10.371,10.044
2016-11-08,10.322,10.143,10.351,10.094
2016-11-09,10.173,9.946,10.173,9.797
2016-11-10,10.025,10.074,10.104,9.936
2016-11-11,10.064,10.094,10.242,10.005
2016-11-14,10.143,10.579,10.658,9.995
2016-11-15,10.5,10.599,10.698,10.391
2016-11-16,11.103,10.638,11.163,10.539
2016-11-17,10.589,10.401,10.638,10.282
2016-11-18,10.391,10.401,10.569,10.341
2016-11-21,10.371,10.252,10.411,10.242
2016-11-22,10.262,10.401,10.45,10.193
2016-11-23,10.391,10.104,10.5,10.074
2016-11-24,10.015,9.946,10.104,9.876
2016-11-25,10.035,9.827,10.035,9.678
2016-11-28,9.827,9.946,10.015,9.827
2016-11-29,9.946,9.807,10.074,9.797
2016-11-30,9.856,9.758,9.866,9.708
2016-12-01,9.758,9.817,9.886,9.718
2016-12-02,9.827,9.965,10.094,9.728
2016-12-05,9.916,9.856,10.054,9.738
2016-12-06,9.817,9.698,9.896,9.688
2016-12-07,9.668,9.827,9.906,9.668
2016-12-08,9.866,9.797,9.975,9.777
2016-12-09,9.767,9.708,9.827,9.698
2016-12-12,9.688,8.837,9.698,8.758
2016-12-13,8.837,8.738,8.966,8.54
2016-12-14,8.788,8.56,8.788,8.481
2016-12-15,8.55,8.679,8.758,8.501
2016-12-16,8.669,8.788,8.837,8.619
2016-12-19,8.768,8.847,8.867,8.718
2016-12-20,8.807,8.936,8.966,8.807
2016-12-21,8.906,8.956,9.104,8.906
2016-12-22,9.005,8.827,9.005,8.758
2016-12-23,8.827,8.738,8.887,8.689
2016-12-26,8.718,8.847,8.887,8.61
2016-12-27,8.857,9.045,9.055,8.847
2016-12-28,9.035,9.045,9.094,8.906
2016-12-29,9.055,8.916,9.085,8.887
2016-12-30,8.986,9.065,9.124,8.906
2017-01-03,9.104,9.094,9.124,9.005
2017-01-04,9.094,9.085,9.104,9.005
2017-01-05,9.085,9.005,9.085,8.996
2017-01-06,8.996,8.807,9.025,8.768
2017-01-09,8.817,8.847,8.857,8.758
2017-01-10,8.867,8.798,8.877,8.788
2017-01-11,8.798,8.709,8.817,8.669
2017-01-12,8.61,8.709,8.827,8.61
2017-01-13,8.659,8.422,8.748,8.382
2017-01-16,8.451,8.055,8.679,7.679
2017-01-17,8.045,8.293,8.412,7.976
2017-01-18,8.283,8.214,8.303,8.164
2017-01-19,8.194,8.045,8.194,8.016
2017-01-20,8.016,8.105,8.154,8.016
2017-01-23,8.105,8.253,8.332,8.105
2017-01-24,8.214,8.313,8.362,8.214
2017-01-25,8.263,8.362,8.422,8.263
2017-01-26,8.451,8.689,8.758,8.372
2017-02-03,8.689,8.649,8.857,8.59
2017-02-06,8.61,8.946,8.966,8.57
2017-02-07,8.906,8.837,8.986,8.768
2017-02-08,8.837,8.837,8.887,8.728
2017-02-09,8.817,8.807,8.877,8.788
2017-02-10,8.807,8.709,8.837,8.629
2017-02-13,8.728,8.728,8.827,8.709
2017-02-14,8.778,8.748,8.798,8.709
2017-02-15,8.709,8.55,8.758,8.511
2017-02-16,8.58,8.61,8.679,8.501
2017-02-17,8.59,8.56,8.649,8.511
2017-02-20,8.58,8.57,8.619,8.461
2017-02-21,8.58,8.768,8.807,8.58
2017-02-22,8.788,8.798,8.807,8.699
2017-02-23,8.758,8.57,8.758,8.491
2017-02-24,8.55,8.679,8.699,8.521
2017-02-27,8.629,9.085,9.174,8.629
2017-02-28,8.986,9.055,9.154,8.956
2017-03-01,9.045,9.015,9.193,8.966
2017-03-02,9.015,8.778,9.065,8.728
2017-03-03,8.709,8.659,8.758,8.511
2017-03-06,8.679,8.817,8.847,8.58
2017-03-07,8.817,8.778,8.906,8.718
2017-03-08,8.798,8.768,8.827,8.699
2017-03-09,8.768,8.619,8.768,8.61
2017-03-10,8.639,8.56,8.659,8.511
2017-03-13,8.61,8.6,8.669,8.481
2017-03-14,8.619,8.471,8.639,8.461
2017-03-15,8.471,8.481,8.521,8.422
2017-03-16,8.511,8.53,8.56,8.451
2017-03-17,8.55,8.501,8.59,8.491
2017-03-20,8.491,8.451,8.53,8.412
2017-03-21,8.471,8.402,8.471,8.392
2017-03-22,8.372,8.431,8.441,8.164
2017-03-23,8.392,8.362,8.422,8.293
2017-03-24,8.372,8.234,8.372,8.174
2017-03-27,8.243,8.135,8.243,8.115
2017-03-28,8.135,8.144,8.214,8.125
2017-03-29,8.194,8.204,8.214,8.115
2017-03-30,8.214,8.115,8.214,8.085
2017-03-31,8.125,8.154,8.204,8.115
2017-04-05,8.194,8.372,8.402,8.095
2017-04-06,8.332,8.521,8.58,8.313
2017-04-07,8.511,8.59,8.61,8.422
2017-04-10,8.61,8.402,8.659,8.362
2017-04-11,8.402,8.412,8.54,8.303
2017-04-12,8.402,8.263,8.451,8.194
2017-04-13,8.273,8.204,8.362,8.164
2017-04-14,8.214,8.095,8.253,8.065
2017-04-17,8.075,8.105,8.184,8.055
2017-04-18,8.154,8.135,8.481,8.105
2017-04-19,8.135,8.125,8.135,7.828
2017-04-20,8.105,8.075,8.164,8.036
2017-04-21,8.085,7.917,8.115,7.877
2017-04-24,7.917,7.699,7.927,7.689
2017-04-25,7.719,7.699,7.857,7.65
2017-04-26,7.709,7.284,7.739,7.135
2017-04-27,7.224,6.957,7.264,6.65
2017-04-28,6.848,7.046,7.105,6.789
2017-05-02,7.036,6.977,7.145,6.838
2017-05-03,6.987,6.828,7.006,6.749
2017-05-04,6.828,6.769,6.898,6.759
2017-05-05,6.729,6.927,7.066,6.64
2017-05-08,6.917,6.759,7.006,6.759
2017-05-09,6.749,6.848,6.907,6.749
2017-05-10,6.828,6.65,6.898,6.591
2017-05-11,6.63,6.452,6.63,6.254
2017-05-12,6.472,6.343,6.492,6.333
2017-05-15,6.383,6.373,6.492,6.363
2017-05-16,6.393,6.522,6.531,6.244
2017-05-17,6.462,6.977,7.016,6.462
2017-05-18,6.917,6.799,6.927,6.769
2017-05-19,6.799,6.611,6.828,6.601
2017-05-22,6.62,6.531,6.69,6.502
2017-05-23,6.541,6.432,6.571,6.324
2017-05-24,6.432,6.383,6.442,6.145
2017-05-25,6.393,6.492,6.512,6.333
2017-05-26,6.502,6.482,6.541,6.423
2017-05-31,6.531,6.383,6.62,6.363
2017-06-01,6.363,6.126,6.363,6.116
2017-06-02,6.136,6.116,6.185,5.948
2017-06-05,6.145,6.185,6.215,6.076
2017-06-06,6.185,6.205,6.225,6.165
2017-06-07,6.215,6.373,6.442,6.175
2017-06-08,6.324,6.719,6.729,6.324
2017-06-09,6.7,6.7,6.719,6.561
2017-06-12,6.62,6.482,6.66,6.482
2017-06-13,6.512,6.611,6.67,6.472
2017-06-14,6.591,6.551,6.65,6.531
2017-06-15,6.561,6.66,6.769,6.522
2017-06-16,6.67,6.69,6.8,6.67
2017-06-19,6.63,6.65,6.7,6.62
2017-06-20,6.67,6.68,6.8,6.63
2017-06-21,6.68,6.69,6.72,6.64
2017-06-22,6.7,6.63,6.79,6.62
2017-06-23,6.65,6.52,6.68,6.31
2017-06-26,6.51,6.41,6.51,6.32
2017-06-27,6.37,6.36,6.42,6.3
2017-06-28,6.32,6.24,6.36,6.19
2017-06-29,6.25,6.26,6.32,6.23
2017-06-30,6.23,6.26,6.27,6.2
2017-07-03,6.26,6.33,6.34,6.23
2017-07-04,6.32,6.29,6.35,6.28
2017-07-05,6.29,6.34,6.34,6.26
2017-07-06,6.33,6.28,6.34,6.21
2017-07-07,6.25,6.25,6.28,6.22
2017-07-10,6.24,6.17,6.24,6.13
2017-07-11,6.19,6.15,6.19,6.1
2017-07-12,6.14,6.09,6.15,6.04
2017-07-13,6.08,6.05,6.08,6.03
2017-07-14,6.05,6.08,6.09,6.01
2017-07-17,6.08,5.6,6.08,5.49
2017-07-18,5.57,5.54,5.61,5.49
2017-07-19,5.56,5.63,5.65,5.49
2017-07-20,5.59,5.63,5.66,5.51
2017-07-21,5.6,5.63,5.68,5.56
2017-07-24,5.63,5.67,5.69,5.57
2017-07-25,5.65,5.74,5.87,5.6
2017-07-26,5.7,5.67,5.75,5.65
2017-07-27,5.65,5.93,6.08,5.64
2017-07-28,5.91,5.82,5.92,5.81
2017-07-31,5.85,5.76,5.88,5.74
2017-08-01,5.76,5.82,5.86,5.73
2017-08-02,5.81,5.64,5.81,5.61
2017-08-03,5.64,5.67,5.71,5.6
2017-08-04,5.67,5.66,5.72,5.64
2017-08-07,5.7,5.92,6.18,5.7
2017-08-08,5.83,6.0,6.07,5.76
2017-08-09,5.96,6.17,6.21,5.94
2017-08-10,6.17,6.28,6.3,6.11
2017-08-11,6.24,6.04,6.36,5.99
2017-08-14,5.96,6.2,6.22,5.96
2017-08-15,6.16,6.15,6.26,6.07
2017-08-16,6.14,6.17,6.2,6.06
2017-08-17,6.15,6.13,6.16,6.09
2017-08-18,6.1,6.04,6.1,6.03
2017-08-21,6.04,6.06,6.07,6.0
2017-08-22,6.07,5.95,6.07,5.93
2017-08-23,5.91,5.96,5.99,5.91
2017-08-24,5.96,5.86,5.97,5.82
2017-08-25,5.85,5.91,5.92,5.83
2017-08-28,5.91,5.95,5.98,5.87
2017-08-29,5.95,5.88,5.99,5.86
2017-08-30,5.88,5.86,5.92,5.85
2017-08-31,5.88,5.86,5.9,5.82
2017-09-01,5.86,5.83,5.88,5.79
2017-09-04,5.84,5.91,5.92,5.81
2017-09-05,5.89,5.92,5.94,5.87
2017-09-06,5.91,5.9,5.91,5.85
2017-09-07,5.89,5.93,5.99,5.89
2017-09-08,5.94,5.95,5.97,5.89
2017-09-11,5.95,6.01,6.02,5.9
2017-09-12,6.0,5.95,6.0,5.92
2017-09-13,5.94,5.94,5.96,5.9
2017-09-14,5.94,5.94,5.96,5.87
2017-09-15,5.93,5.9,5.93,5.87
2017-09-18,5.9,5.93,5.95,5.88
2017-09-19,5.94,5.89,5.95,5.87
2017-09-20,5.86,5.89,5.91,5.85
2017-09-21,5.89,5.94,6.03,5.89
2017-09-22,5.95,5.89,5.95,5.86
2017-09-25,5.91,5.71,5.91,5.7
2017-09-26,5.73,5.81,5.85,5.7
2017-09-27,5.76,5.78,5.81,5.75
2017-09-28,5.79,5.72,5.79,5.71
2017-09-29,5.74,5.75,5.76,5.73
2017-10-09,5.86,5.79,5.86,5.78
2017-10-10,5.8,6.16,6.16,5.8
2017-10-11,6.12,6.3,6.33,6.07
2017-10-12,6.27,6.29,6.31,6.18
2017-10-13,6.27,6.31,6.35,6.23
2017-10-16,6.3,6.17,6.3,6.15
2017-10-17,6.17,6.18,6.21,6.14
2017-10-18,6.21,6.31,6.56,6.21
2017-10-19,6.34,6.18,6.35,6.15
2017-10-20,6.15,6.27,6.29,6.15
2017-10-23,6.29,6.37,6.41,6.22
2017-10-24,6.37,6.34,6.51,6.28
2017-10-25,6.3,6.29,6.4,6.26
2017-10-26,6.32,6.49,6.59,6.29
2017-10-27,6.48,6.49,6.55,6.42
2017-10-30,6.4,6.21,6.47,6.18
2017-10-31,6.24,6.19,6.25,6.09
2017-11-01,6.19,6.2,6.23,6.13
2017-11-02,6.16,5.96,6.18,5.95
2017-11-03,5.93,5.86,6.05,5.78
2017-11-06,5.9,6.08,6.08,5.87
2017-11-07,6.23,6.16,6.29,6.05
2017-11-08,6.15,6.34,6.43,6.11
2017-11-09,6.31,6.36,6.4,6.29
2017-11-10,6.34,6.34,6.41,6.28
2017-11-13,6.35,6.36,6.44,6.3
2017-11-14,6.38,6.35,6.4,6.3
2017-11-15,6.37,6.26,6.37,6.24
2017-11-16,6.28,6.11,6.28,6.09
2017-11-17,6.12,6.09,6.24,6.06
2017-11-20,6.01,6.18,6.19,6.01
2017-11-21,6.17,6.44,6.55,6.17
2017-11-22,6.42,6.54,6.55,6.35
2017-11-23,6.54,6.5,6.56,6.39
2017-11-24,6.45,6.5,6.53,6.36
2017-11-27,6.5,6.24,6.5,6.12
2017-11-28,6.2,6.37,6.39,6.18
2017-11-29,6.35,6.4,6.44,6.32
2017-11-30,6.39,6.23,6.45,6.21
2017-12-01,6.29,6.28,6.35,6.25
2017-12-04,6.22,6.63,6.67,6.22
2017-12-05,6.57,6.58,6.63,6.45
2017-12-06,6.53,6.81,6.84,6.5
2017-12-07,6.79,6.79,6.96,6.72
2017-12-08,6.74,6.8,6.89,6.71
2017-12-11,6.78,6.77,6.83,6.71
2017-12-12,6.78,6.66,6.8,6.65
2017-12-13,6.67,6.9,6.92,6.66
2017-12-14,6.9,6.93,6.97,6.81
2017-12-15,6.93,6.75,6.93,6.74
2017-12-18,6.76,6.73,6.81,6.66
2017-12-19,6.71,6.78,6.79,6.67
2017-12-20,6.73,6.9,6.93,6.67
2017-12-21,6.87,6.94,6.96,6.82
2017-12-22,6.94,6.96,7.08,6.86
2017-12-25,6.91,6.89,6.95,6.82
2017-12-26,6.62,6.61,6.67,6.45
2017-12-27,6.56,6.61,6.7,6.56
2017-12-28,6.6,6.64,6.75,6.59
2017-12-29,6.63,6.66,6.69,6.62
2018-01-02,6.66,6.68,6.73,6.63
2018-01-03,6.68,6.68,6.69,6.63
2018-01-04,6.65,6.5,6.68,6.5
2018-01-05,6.52,6.35,6.52,6.31
2018-01-08,6.49,6.47,6.54,6.41
2018-01-09,6.4,6.26,6.42,6.21
2018-01-10,6.22,6.52,6.53,6.22
2018-01-11,6.53,6.54,6.56,6.42
2018-01-12,6.56,6.52,6.57,6.46
2018-01-15,6.48,6.45,6.48,6.35
2018-01-16,6.41,6.41,6.46,6.35
2018-01-17,6.45,6.47,6.48,6.28
2018-01-18,6.41,6.41,6.48,6.36
2018-01-19,6.38,6.35,6.43,6.27
2018-01-22,6.28,6.38,6.41,6.25
2018-01-23,6.35,6.31,6.39,6.3
2018-01-24,6.31,6.49,6.58,6.3
2018-01-25,6.47,6.46,6.65,6.41
2018-01-26,6.44,6.47,6.49,6.38
2018-01-29,6.45,6.55,6.6,6.44
2018-01-30,6.56,6.67,6.73,6.52
2018-01-31,6.7,6.49,6.74,6.46
2018-02-01,6.52,6.16,6.54,6.03
2018-02-02,6.16,6.03,6.23,5.88
2018-02-05,5.96,5.97,6.06,5.9
2018-02-06,5.84,5.51,5.95,5.5
2018-02-07,5.6,5.59,5.8,5.29
2018-02-08,5.55,5.69,5.73,5.54
2018-02-09,5.54,5.32,5.66,5.3
2018-02-12,5.43,5.62,5.67,5.39
2018-02-13,5.63,5.63,5.7,5.61
2018-02-14,5.66,5.88,5.94,5.65
2018-02-22,6.19,6.17,6.47,6.1
2018-02-23,6.13,6.33,6.35,6.06
2018-02-26,6.34,6.2,6.35,6.15
2018-02-27,6.2,6.24,6.3,6.09
2018-02-28,6.15,6.18,6.33,6.12
2018-03-01,6.13,6.17,6.2,6.13
2018-03-02,6.15,5.93,6.17,5.91
2018-03-05,5.93,6.12,6.15,5.93
2018-03-06,6.09,6.09,6.16,6.03
2018-03-07,6.27,6.07,6.33,6.01
2018-03-08,6.03,5.95,6.11,5.91
2018-03-09,5.96,6.08,6.09,5.92
2018-03-12,6.15,6.42,6.69,6.15
2018-03-13,6.36,6.55,6.69,6.33
2018-03-14,6.51,6.39,6.58,6.34
2018-03-15,6.37,6.29,6.43,6.18
2018-03-16,6.28,6.23,6.32,6.18
2018-03-19,6.22,6.44,6.55,6.18
2018-03-20,6.36,6.33,6.4,6.27
2018-03-21,6.35,6.37,6.52,6.34
2018-03-22,6.4,6.37,6.43,6.27
2018-03-23,6.15,6.13,6.28,5.88
2018-03-26,6.1,6.22,6.24,5.92
2018-03-27,6.28,6.45,6.58,6.2
2018-03-28,6.29,6.95,7.09,6.26
2018-03-29,6.91,6.94,7.2,6.83
2018-03-30,6.93,7.01,7.08,6.9
2018-04-02,7.05,7.09,7.35,7.05
2018-04-03,6.98,6.93,7.04,6.85
2018-04-04,6.93,6.95,7.03,6.84
2018-04-09,6.95,6.95,7.05,6.87
2018-04-10,6.91,6.83,7.1,6.65
2018-04-11,6.84,6.97,6.99,6.7
2018-04-12,6.94,6.79,6.96,6.76
2018-04-13,6.85,6.86,6.9,6.79
2018-04-16,6.86,6.78,6.9,6.74
2018-04-17,6.8,6.86,6.98,6.77
2018-04-18,6.94,6.91,6.94,6.68
2018-04-19,6.91,6.82,6.95,6.77
2018-04-20,6.7,6.38,6.75,6.22
2018-04-23,6.38,6.3,6.49,6.14
2018-04-24,6.28,6.39,6.45,6.25
2018-04-25,6.32,6.35,6.42,6.26
2018-04-26,6.34,6.15,6.39,6.13
2018-04-27,6.18,6.38,6.42,6.17
2018-05-02,6.34,6.37,6.39,6.26
2018-05-03,6.35,6.5,6.53,6.2
2018-05-04,6.4,6.41,6.48,6.35
2018-05-07,6.43,6.45,6.48,6.35
2018-05-08,6.38,5.81,6.38,5.81
2018-05-09,5.81,5.6,5.82,5.46
2018-05-10,5.56,5.56,5.61,5.52
2018-05-11,5.57,5.58,5.68,5.54
2018-05-14,5.64,5.59,5.69,5.53
2018-05-15,5.59,5.62,5.62,5.54
2018-05-16,5.58,5.5,5.6,5.48
2018-05-17,5.51,5.4,5.54,5.4
2018-05-18,5.43,5.57,5.6,5.43
2018-05-21,5.59,5.65,5.67,5.55
2018-05-22,5.64,5.74,5.76,5.59
2018-05-23,5.7,5.63,5.71,5.6
2018-05-24,5.6,5.54,5.65,5.51
2018-05-25,5.54,5.53,5.57,5.49
