date,open,close,high,low
2016-01-04,13.362,11.977,13.412,11.977
2016-01-05,11.389,11.628,12.037,11.09
2016-01-06,11.678,12.116,12.306,11.678
2016-01-07,11.957,10.96,11.957,10.911
2016-01-08,11.279,11.15,11.528,10.213
2016-01-11,10.841,10.044,11.04,10.034
2016-01-12,9.974,10.064,10.243,9.775
2016-01-13,10.123,9.675,10.203,9.645
2016-01-14,9.366,10.064,10.143,9.177
2016-01-15,9.964,9.635,10.084,9.466
2016-01-18,9.177,9.825,9.964,9.177
2016-01-19,9.665,10.133,10.143,9.665
2016-01-20,9.984,9.934,10.183,9.844
2016-01-21,9.715,9.745,10.213,9.685
2016-01-22,9.864,9.934,10.034,9.565
2016-01-25,10.044,9.964,10.123,9.815
2016-01-26,9.844,9.087,9.844,9.067
2016-01-27,9.097,8.758,9.247,8.27
2016-01-28,8.569,8.22,8.719,8.18
2016-01-29,8.23,8.509,8.569,8.19
2016-02-01,8.549,8.38,8.589,8.3
2016-02-02,8.42,8.659,8.748,8.37
2016-02-03,8.529,8.669,8.719,8.469
2016-02-04,8.689,9.536,9.536,8.669
2016-02-05,10.104,9.595,10.402,9.526
2016-02-15,9.067,9.306,9.356,9.017
2016-02-16,9.366,9.615,9.675,9.366
2016-02-17,9.635,9.655,9.725,9.466
2016-02-18,9.655,9.565,9.715,9.536
2016-02-19,9.436,9.755,9.954,9.376
2016-02-22,9.904,9.934,10.064,9.725
2016-02-23,9.954,10.253,10.562,9.765
2016-02-24,10.104,10.313,10.402,9.825
2016-02-25,10.084,9.466,10.263,9.286
2016-02-26,9.376,9.326,9.595,9.067
2016-02-29,9.237,8.619,9.386,8.519
2016-03-01,8.629,8.818,8.898,8.629
2016-03-02,8.818,9.227,9.267,8.778
2016-03-03,9.167,9.207,9.406,9.117
2016-03-04,9.167,8.858,9.177,8.689
2016-03-07,8.918,9.027,9.137,8.918
2016-03-08,9.008,8.978,9.117,8.509
2016-03-09,8.738,8.758,8.918,8.649
2016-03-10,8.798,8.679,8.888,8.639
2016-03-11,8.579,9.057,9.117,8.489
2016-03-14,8.968,9.277,9.516,8.968
2016-03-15,9.147,9.067,9.257,9.027
2016-03-16,9.097,8.918,9.177,8.888
2016-03-17,8.898,9.117,9.177,8.888
2016-03-18,9.157,9.396,9.446,9.107
2016-03-21,9.506,9.645,9.665,9.406
2016-03-22,9.516,9.585,9.844,9.436
2016-03-23,9.556,9.785,9.944,9.496
2016-03-24,9.675,9.516,9.705,9.496
2016-03-25,9.466,9.556,9.635,9.396
2016-03-28,9.556,9.416,9.675,9.396
2016-03-29,9.446,9.137,9.456,9.047
2016-03-30,9.277,9.476,9.496,9.237
2016-03-31,9.476,9.665,9.934,9.416
2016-04-01,9.526,9.466,9.625,9.326
2016-04-05,9.486,9.715,9.745,9.416
2016-04-06,9.665,9.805,9.815,9.615
2016-04-07,9.765,9.585,9.835,9.496
2016-04-08,9.486,9.954,10.143,9.416
2016-04-11,9.964,10.442,10.931,9.914
2016-04-12,10.114,10.114,10.303,10.004
2016-04-13,10.143,10.123,10.313,10.104
2016-04-14,10.173,10.412,10.462,10.123
2016-04-15,10.412,10.612,10.821,10.273
2016-04-18,10.472,10.153,10.512,10.064
2016-04-19,10.213,10.363,10.472,10.173
2016-04-20,10.402,9.675,10.592,9.466
2016-04-21,9.665,9.516,9.795,9.476
2016-04-22,9.366,9.466,9.565,9.217
2016-04-25,9.466,9.227,9.466,9.087
2016-04-26,9.267,9.336,9.346,9.177
2016-04-27,9.296,9.356,9.396,9.237
2016-04-28,9.277,9.207,9.336,9.067
2016-04-29,9.167,9.207,9.306,9.127
2016-05-03,9.247,9.406,9.416,9.147
2016-05-04,9.366,9.456,9.556,9.346
2016-05-05,9.376,9.526,9.565,9.356
2016-05-06,9.526,9.117,9.605,9.087
2016-05-09,9.047,8.778,9.067,8.669
2016-05-10,8.828,8.848,8.898,8.788
2016-05-11,8.948,8.788,8.948,8.729
2016-05-12,8.669,8.689,8.719,8.509
2016-05-13,8.599,8.639,8.748,8.559
2016-05-16,8.639,8.748,8.758,8.579
2016-05-17,8.719,8.719,8.818,8.689
2016-05-18,8.679,8.39,8.679,8.29
2016-05-19,8.4,8.39,8.499,8.37
2016-05-20,8.27,8.42,8.459,8.21
2016-05-23,8.43,8.46,8.51,8.4
2016-05-24,8.45,8.34,8.46,8.3
2016-05-25,8.37,8.35,8.46,8.31
2016-05-26,8.34,8.32,8.39,8.16
2016-05-27,8.32,8.36,8.42,8.24
2016-05-30,8.3,8.37,8.4,8.22
2016-05-31,8.38,8.7,8.76,8.37
2016-06-01,8.65,8.66,8.76,8.61
2016-06-02,8.65,8.75,8.76,8.62
2016-06-03,8.75,8.79,8.95,8.66
2016-06-06,8.8,8.67,8.84,8.63
2016-06-07,8.62,9.16,9.54,8.54
2016-06-08,9.01,8.95,9.13,8.91
2016-06-13,8.78,8.34,8.78,8.31
2016-06-14,8.34,8.39,8.42,8.28
2016-06-15,8.31,8.57,8.65,8.28
2016-06-16,8.56,8.74,9.09,8.49
2016-06-17,8.69,8.75,8.87,8.65
2016-06-20,8.72,9.02,9.18,8.55
2016-06-21,9.04,8.86,9.29,8.7
2016-06-22,8.76,8.96,9.02,8.76
2016-06-23,8.93,8.8,9.05,8.78
2016-06-24,8.8,8.81,8.99,8.36
2016-06-27,9.12,9.69,9.69,9.12
2016-06-28,10.58,10.66,10.66,10.22
2016-06-29,11.0,10.42,11.3,10.36
2016-06-30,10.31,10.26,10.67,10.15
2016-07-01,10.14,10.14,10.66,10.06
2016-07-04,9.91,10.12,10.22,9.91
2016-07-05,10.15,10.09,10.28,10.01
2016-07-06,10.1,10.15,10.25,10.0
2016-07-07,10.17,9.94,10.2,9.76
2016-07-08,9.93,9.83,9.94,9.73
2016-07-11,9.83,9.8,9.95,9.77
2016-07-12,9.83,9.84,9.86,9.65
2016-07-13,9.88,10.09,10.18,9.81
2016-07-14,10.09,10.05,10.13,9.91
2016-07-15,10.22,9.99,10.33,9.97
2016-07-18,9.83,9.79,9.91,9.77
2016-07-19,9.77,9.85,9.87,9.72
2016-07-20,9.8,9.87,9.95,9.77
2016-07-21,9.81,9.74,9.86,9.72
2016-07-22,9.7,9.61,9.73,9.56
2016-07-25,9.52,9.54,9.61,9.48
2016-07-26,9.52,9.6,9.63,9.51
2016-07-27,9.6,9.12,9.66,8.99
2016-07-28,9.12,9.0,9.17,8.8
2016-07-29,8.99,9.05,9.16,8.93
2016-08-01,9.02,8.89,9.02,8.82
2016-08-02,8.89,8.96,8.97,8.85
2016-08-03,8.93,9.09,9.14,8.9
2016-08-04,9.07,9.04,9.09,8.9
2016-08-05,9.01,8.95,9.04,8.94
2016-08-08,8.95,9.03,9.03,8.83
2016-08-09,9.0,9.09,9.1,8.99
2016-08-10,9.09,9.15,9.34,9.06
2016-08-11,9.08,8.96,9.16,8.94
2016-08-12,8.89,9.05,9.06,8.89
2016-08-15,9.05,9.2,9.24,9.0
2016-08-16,9.21,9.23,9.35,9.17
2016-08-17,9.22,9.22,9.24,9.16
2016-08-18,9.19,10.14,10.14,9.17
2016-08-19,10.25,11.15,11.15,10.18
2016-08-22,11.15,10.2,11.15,10.04
2016-08-23,10.01,9.94,10.08,9.82
2016-08-24,10.0,9.89,10.24,9.85
2016-08-25,9.7,9.53,9.7,9.4
2016-08-26,9.52,9.52,9.6,9.5
2016-08-29,9.45,9.55,9.57,9.4
2016-08-30,9.56,9.42,9.57,9.39
2016-08-31,9.42,9.49,9.52,9.3
2016-09-01,9.5,9.42,9.69,9.4
2016-09-02,9.33,9.47,9.62,9.28
2016-09-05,9.47,9.43,9.55,9.39
2016-09-06,9.41,9.57,9.59,9.3
2016-09-07,9.55,9.68,9.94,9.51
2016-09-08,9.69,9.72,9.85,9.6
2016-09-09,9.72,9.91,10.2,9.72
2016-09-12,9.61,9.41,9.81,9.31
2016-09-13,9.52,9.53,9.56,9.37
2016-09-14,9.46,10.48,10.48,9.4
2016-09-30,10.0,9.81,10.13,9.6
2016-10-10,10.0,10.02,10.25,9.82
2016-10-11,9.99,11.02,11.02,9.86
2016-10-12,11.2,10.93,11.48,10.81
2016-10-13,10.8,10.9,11.37,10.71
2016-10-14,10.8,10.62,11.08,10.5
2016-10-17,10.52,10.64,10.75,10.41
2016-10-18,10.62,11.13,11.33,10.5
2016-10-19,11.0,11.22,11.33,10.9
2016-10-20,11.28,11.07,11.45,10.95
2016-10-21,11.0,10.78,11.04,10.57
2016-10-24,10.75,10.9,11.0,10.67
2016-10-25,10.88,11.0,11.03,10.64
2016-10-26,10.99,10.69,11.07,10.61
2016-10-27,10.65,10.75,10.77,10.57
2016-10-28,10.7,10.24,10.72,10.22
2016-10-31,10.2,10.3,10.39,10.04
2016-11-01,10.28,10.41,10.5,10.22
2016-11-02,10.37,10.18,10.38,10.11
2016-11-03,10.11,10.46,10.87,10.07
2016-11-04,10.37,10.24,10.4,10.21
2016-11-07,10.29,10.4,10.59,10.21
2016-11-08,10.48,10.45,10.66,10.4
2016-11-09,10.39,10.24,10.51,10.01
2016-11-10,10.29,10.4,10.44,10.29
2016-11-11,10.4,10.48,10.56,10.3
2016-11-14,10.52,10.61,10.78,10.5
2016-11-15,10.61,10.57,10.61,10.46
2016-11-16,10.61,10.66,10.78,10.56
2016-11-17,10.62,10.45,10.62,10.36
2016-11-18,10.5,10.24,10.51,10.21
2016-11-21,10.18,10.58,10.77,10.18
2016-11-22,10.53,10.99,11.64,10.5
2016-11-23,10.79,10.79,10.97,10.67
2016-11-24,10.78,10.9,11.08,10.76
2016-11-25,10.93,11.62,11.95,10.86
2016-11-28,11.4,11.43,11.56,11.22
2016-11-29,11.28,10.91,11.41,10.9
2016-11-30,10.9,11.48,12.0,10.81
2016-12-01,11.58,12.06,12.38,11.35
2016-12-02,11.8,11.4,11.9,11.25
2016-12-05,11.09,11.23,11.24,10.95
2016-12-06,11.17,11.29,11.45,11.0
2016-12-07,11.16,11.21,11.24,10.85
2016-12-08,11.19,10.9,11.26,10.87
2016-12-09,10.8,10.88,11.09,10.63
2016-12-12,10.85,10.1,11.0,10.08
2016-12-13,10.15,10.25,10.26,10.0
2016-12-14,10.17,10.0,10.24,9.96
2016-12-15,10.01,10.19,10.25,9.95
2016-12-16,10.19,10.35,10.38,10.1
2016-12-19,10.28,10.44,10.45,10.2
2016-12-20,10.35,10.35,10.42,10.25
2016-12-21,10.32,10.42,10.5,10.31
2016-12-22,10.38,10.21,10.39,10.19
2016-12-23,10.22,10.07,10.31,10.03
2016-12-26,9.99,9.76,10.03,9.41
2016-12-27,9.76,9.71,9.78,9.59
2016-12-28,9.73,9.67,9.77,9.62
2016-12-29,9.64,9.71,9.72,9.51
2016-12-30,9.69,9.57,9.76,9.55
2017-01-03,9.6,9.7,9.74,9.6
2017-01-04,9.7,9.8,9.85,9.65
2017-01-05,9.81,9.96,10.1,9.75
2017-01-06,9.95,9.86,9.97,9.81
2017-01-09,9.86,9.94,9.96,9.81
2017-01-10,9.96,9.82,9.96,9.8
2017-01-11,9.78,9.62,9.89,9.61
2017-01-12,9.63,9.42,9.69,9.41
2017-01-13,9.41,9.1,9.42,9.01
2017-01-16,9.11,8.61,9.13,8.23
2017-01-17,8.61,8.8,8.88,8.5
2017-01-18,8.71,8.76,8.83,8.65
2017-01-19,8.78,8.74,8.8,8.65
2017-01-20,8.74,8.9,9.03,8.7
2017-01-23,8.89,8.94,9.01,8.86
2017-01-24,8.96,8.94,9.04,8.9
2017-01-25,8.87,8.86,8.89,8.76
2017-01-26,8.88,8.96,8.98,8.87
2017-02-03,8.96,8.86,8.97,8.83
2017-02-06,8.86,9.01,9.02,8.81
2017-02-07,8.95,9.02,9.06,8.91
2017-02-08,8.98,9.07,9.09,8.88
2017-02-09,9.05,9.24,9.4,9.04
2017-02-10,9.21,9.21,9.26,9.13
2017-02-13,9.21,9.37,9.63,9.21
2017-02-14,9.37,9.4,9.49,9.28
2017-02-15,9.4,9.4,9.66,9.23
2017-02-16,9.35,10.34,10.34,9.34
2017-02-17,10.61,9.97,10.66,9.88
2017-02-20,9.8,9.9,9.91,9.71
2017-02-21,9.86,9.84,9.92,9.73
2017-02-22,9.87,9.94,10.1,9.77
2017-02-23,9.9,9.81,9.96,9.67
2017-02-24,9.76,9.91,9.95,9.66
2017-02-27,9.85,9.71,9.89,9.69
2017-02-28,9.67,9.7,9.79,9.64
2017-03-01,9.66,9.71,9.83,9.64
2017-03-02,9.72,9.56,9.78,9.55
2017-03-03,9.51,9.43,9.52,9.39
2017-03-06,9.41,9.58,9.58,9.41
2017-03-07,9.63,9.75,9.89,9.63
2017-03-08,9.68,9.64,9.77,9.59
2017-03-09,9.65,9.56,9.74,9.51
2017-03-10,9.53,9.48,9.59,9.46
2017-03-13,9.48,9.54,9.56,9.4
2017-03-14,9.52,9.46,9.58,9.44
2017-03-15,9.41,9.45,9.47,9.34
2017-03-16,9.45,9.58,9.66,9.45
2017-03-17,9.57,9.41,9.64,9.4
2017-03-20,9.43,9.45,9.45,9.33
2017-03-21,9.43,9.49,9.53,9.4
2017-03-22,9.42,9.32,9.44,9.22
2017-03-23,9.33,9.36,9.45,9.2
2017-03-24,9.35,9.4,9.49,9.25
2017-03-27,9.4,9.55,9.56,9.28
2017-03-28,9.5,9.49,9.56,9.4
2017-03-29,9.5,9.31,9.53,9.3
2017-03-30,9.28,9.01,9.28,8.88
2017-03-31,9.05,8.92,9.07,8.86
2017-04-05,8.9,9.09,9.1,8.88
2017-04-06,9.05,9.07,9.12,9.04
2017-04-07,9.07,9.1,9.14,9.04
2017-04-10,9.07,8.9,9.07,8.86
2017-04-11,8.85,8.92,8.93,8.65
2017-04-12,8.9,8.85,8.9,8.78
2017-04-13,8.82,8.88,8.92,8.81
2017-04-14,8.88,8.68,8.89,8.66
2017-04-17,8.7,8.58,8.7,8.5
2017-04-18,8.57,8.45,8.63,8.44
2017-04-19,8.44,8.47,8.48,8.28
2017-04-20,8.46,8.46,8.53,8.31
2017-04-21,8.42,8.35,8.49,8.3
2017-04-24,8.34,7.95,8.34,7.94
2017-04-25,7.93,7.77,8.02,7.71
2017-04-26,7.77,7.52,7.82,7.46
2017-04-27,7.5,7.46,7.55,7.03
2017-04-28,7.44,7.54,7.55,7.37
2017-05-02,7.51,7.45,7.53,7.41
2017-05-03,7.44,7.97,8.2,7.4
2017-05-04,7.88,7.71,7.88,7.67
2017-05-05,7.69,7.74,8.05,7.51
2017-05-08,7.66,7.46,7.71,7.44
2017-05-09,7.41,7.59,7.64,7.37
2017-05-10,7.6,7.42,7.71,7.41
2017-05-11,7.36,7.34,7.38,7.03
2017-05-12,7.35,7.35,7.43,7.29
2017-05-15,7.38,7.42,7.46,7.37
2017-05-16,7.36,7.52,7.53,7.23
2017-05-17,7.52,7.51,7.63,7.45
2017-05-18,7.46,7.56,7.85,7.41
2017-05-19,7.53,7.7,8.02,7.47
2017-05-22,7.6,7.48,7.67,7.42
2017-05-23,7.43,7.16,7.48,7.1
2017-05-24,7.2,7.31,7.31,7.06
2017-05-25,7.29,7.31,7.35,7.08
2017-05-26,7.31,7.28,7.38,7.27
2017-05-31,7.35,7.24,7.41,7.22
2017-06-01,7.23,7.07,7.23,7.06
2017-06-02,7.05,7.12,7.16,6.97
2017-06-05,7.15,7.15,7.19,7.1
2017-06-06,7.15,7.33,7.47,7.09
2017-06-07,7.25,7.42,7.42,7.24
2017-06-08,7.36,7.28,7.42,7.22
2017-06-09,7.25,7.35,7.4,7.23
2017-06-12,7.32,7.11,7.32,7.08
2017-06-13,7.11,7.24,7.24,7.08
2017-06-14,7.2,7.25,7.28,7.18
2017-06-15,7.22,7.37,7.4,7.21
2017-06-16,7.33,7.38,7.44,7.31
2017-06-19,7.37,7.43,7.48,7.34
2017-06-20,7.44,7.44,7.63,7.4
2017-06-21,7.43,7.38,7.47,7.33
2017-06-22,7.38,7.21,7.42,7.2
2017-06-23,7.15,7.21,7.23,7.1
2017-06-26,7.2,7.28,7.31,7.16
2017-06-27,7.26,7.28,7.33,7.22
2017-06-28,7.27,7.31,7.59,7.22
2017-06-29,7.27,7.34,7.35,7.24
2017-06-30,7.29,7.29,7.33,7.24
2017-07-03,7.3,7.43,7.47,7.26
2017-07-04,7.4,7.4,7.48,7.35
2017-07-05,7.4,7.42,7.44,7.35
2017-07-06,7.43,7.42,7.48,7.35
2017-07-07,7.39,7.46,7.49,7.36
2017-07-10,7.46,7.51,7.58,7.41
2017-07-11,7.52,7.33,7.52,7.32
2017-07-12,7.31,7.2,7.33,7.01
2017-07-13,7.16,7.17,7.24,7.15
2017-07-14,7.19,7.14,7.2,7.1
2017-07-17,7.13,6.51,7.13,6.45
2017-07-18,6.5,6.53,6.56,6.41
2017-07-19,6.51,6.59,6.66,6.47
2017-07-20,6.6,6.6,6.7,6.56
2017-07-21,6.57,6.55,6.64,6.54
2017-07-24,6.55,6.57,6.61,6.51
2017-07-25,6.57,6.49,6.59,6.46
2017-07-26,6.48,6.55,6.58,6.48
2017-07-27,6.54,6.67,6.69,6.52
2017-07-28,6.62,6.6,6.64,6.56
2017-07-31,6.57,6.63,6.66,6.55
2017-08-01,6.64,6.78,7.02,6.64
2017-08-02,6.7,6.66,6.74,6.65
2017-08-03,6.66,6.68,6.72,6.63
2017-08-04,6.68,6.79,7.06,6.66
2017-08-07,6.72,6.82,6.83,6.69
2017-08-08,6.78,6.85,6.94,6.76
2017-08-09,6.85,6.77,6.88,6.72
2017-08-10,6.75,6.67,6.79,6.62
2017-08-11,6.64,6.53,6.69,6.51
2017-08-14,6.55,6.65,6.65,6.55
2017-08-15,6.65,6.63,6.65,6.6
2017-08-16,6.65,6.67,6.73,6.62
2017-08-17,6.67,6.75,6.75,6.67
2017-08-18,6.72,6.78,6.79,6.68
2017-08-21,6.78,6.8,6.83,6.74
2017-08-22,6.79,6.7,6.8,6.67
2017-08-23,6.73,6.69,6.75,6.64
2017-08-24,6.69,6.62,6.73,6.6
2017-08-25,6.62,6.73,6.73,6.62
2017-08-28,6.73,6.76,6.81,6.7
2017-08-29,6.77,6.84,6.98,6.72
2017-08-30,6.8,6.79,6.84,6.75
2017-08-31,6.77,6.78,6.83,6.72
2017-09-01,6.78,7.04,7.33,6.76
2017-09-04,7.0,6.95,7.0,6.9
2017-09-05,6.95,6.92,6.97,6.87
2017-09-06,6.92,6.96,7.03,6.88
2017-09-07,6.95,6.86,6.97,6.85
2017-09-08,6.87,6.9,6.92,6.82
2017-09-11,6.89,6.98,6.98,6.87
2017-09-12,6.99,6.92,7.0,6.9
2017-09-13,6.92,7.02,7.09,6.87
2017-09-14,6.98,6.97,7.06,6.95
2017-09-15,7.0,6.96,7.0,6.89
2017-09-18,6.93,6.97,6.99,6.92
2017-09-19,6.96,6.93,6.99,6.88
2017-09-20,6.93,6.94,6.96,6.88
2017-09-21,6.93,6.81,6.96,6.8
2017-09-22,6.8,6.74,6.8,6.69
2017-09-25,6.71,6.6,6.74,6.58
2017-09-26,6.63,6.62,6.65,6.58
2017-09-27,6.64,6.65,6.66,6.62
2017-09-28,6.65,6.6,6.66,6.56
2017-09-29,6.59,6.65,6.65,6.58
2017-10-09,6.68,6.71,6.73,6.68
2017-10-10,6.71,6.79,6.79,6.7
2017-10-11,6.76,6.81,6.9,6.75
2017-10-12,6.83,6.77,6.84,6.71
2017-10-13,6.77,6.83,6.98,6.77
2017-10-16,6.81,6.67,6.83,6.65
2017-10-17,6.68,6.7,6.74,6.65
2017-10-18,6.68,6.68,6.75,6.66
2017-10-19,6.67,6.54,6.69,6.53
2017-10-20,6.52,6.64,6.65,6.5
2017-10-23,6.64,6.61,6.66,6.59
2017-10-24,6.61,6.53,6.63,6.46
2017-10-25,6.51,6.53,6.57,6.5
2017-10-26,6.56,6.55,6.57,6.51
2017-10-27,6.53,6.54,6.58,6.49
2017-10-30,6.54,6.18,6.54,6.16
2017-10-31,6.2,6.19,6.23,6.1
2017-11-01,6.19,6.18,6.24,6.17
2017-11-02,6.18,5.98,6.18,5.98
2017-11-03,6.02,5.92,6.07,5.89
2017-11-06,5.92,5.95,5.95,5.8
2017-11-07,5.96,5.99,6.0,5.9
2017-11-08,5.97,6.06,6.33,5.91
2017-11-09,6.03,6.08,6.08,6.01
2017-11-10,6.05,6.05,6.09,6.03
2017-11-13,6.05,6.12,6.16,5.9
2017-11-14,6.11,6.1,6.22,6.06
2017-11-15,6.08,6.07,6.13,6.04
2017-11-16,6.05,6.05,6.08,5.99
2017-11-17,6.06,5.72,6.06,5.7
2017-11-20,5.75,5.73,5.76,5.57
2017-11-21,5.72,5.67,5.75,5.61
2017-11-22,5.68,5.61,5.68,5.56
2017-11-23,5.6,5.52,5.63,5.51
2017-11-24,5.55,5.52,5.56,5.5
2017-11-27,5.52,5.53,5.6,5.52
2017-11-28,5.55,5.59,5.61,5.52
2017-11-29,5.59,5.61,5.62,5.54
2017-11-30,5.59,5.56,5.61,5.55
2017-12-01,5.56,5.62,5.63,5.55
2017-12-04,5.61,5.52,5.61,5.51
2017-12-05,5.52,5.17,5.55,5.14
2017-12-06,5.17,5.21,5.22,5.1
2017-12-07,5.2,5.21,5.26,5.17
2017-12-08,5.2,5.25,5.28,5.2
2017-12-11,5.25,5.31,5.31,5.23
2017-12-12,5.3,5.25,5.35,5.23
2017-12-13,5.22,5.29,5.34,5.22
2017-12-14,5.29,5.31,5.33,5.28
2017-12-15,5.33,5.3,5.34,5.26
2017-12-18,5.29,5.23,5.31,5.23
2017-12-19,5.25,5.28,5.31,5.25
2017-12-20,5.29,5.15,5.3,5.11
2017-12-21,5.16,5.13,5.17,5.09
2017-12-22,5.15,5.17,5.22,5.14
2017-12-25,5.15,5.01,5.19,4.99
2017-12-26,5.02,5.09,5.09,5.0
2017-12-27,5.1,5.08,5.17,5.06
2017-12-28,5.08,5.12,5.17,5.05
2017-12-29,5.14,5.17,5.19,5.09
2018-01-02,5.19,5.22,5.25,5.14
2018-01-03,5.21,5.27,5.28,5.2
2018-01-04,5.25,5.25,5.27,5.23
2018-01-05,5.26,5.28,5.32,5.25
2018-01-08,5.28,5.24,5.28,5.19
2018-01-09,5.26,5.23,5.27,5.19
2018-01-10,5.23,5.12,5.23,5.06
2018-01-11,5.09,5.19,5.19,5.06
2018-01-12,5.17,5.2,5.23,5.13
2018-01-15,5.2,5.06,5.21,5.05
2018-01-16,5.03,5.07,5.12,5.02
2018-01-17,5.1,5.08,5.1,5.01
2018-01-18,5.07,5.11,5.11,5.05
2018-01-19,5.1,5.0,5.12,4.99
2018-01-22,5.0,5.2,5.31,4.95
2018-01-23,5.16,5.13,5.18,5.13
2018-01-24,5.13,5.23,5.31,5.08
2018-01-25,5.2,5.25,5.31,5.17
2018-01-26,5.26,5.21,5.26,5.18
2018-01-29,5.21,5.11,5.24,5.08
2018-01-30,5.41,5.62,5.62,5.36
2018-01-31,5.64,5.39,5.85,5.38
2018-02-01,5.3,4.86,5.32,4.85
2018-02-02,4.76,4.64,4.77,4.51
2018-02-05,4.64,4.64,4.69,4.55
2018-02-06,4.57,4.3,4.57,4.23
2018-02-07,4.36,4.38,4.45,4.25
2018-02-08,4.39,4.44,4.47,4.33
2018-02-09,4.35,4.4,4.44,4.24
2018-02-12,4.39,4.53,4.73,4.39
2018-02-13,4.52,4.51,4.6,4.5
2018-02-14,4.53,4.49,4.53,4.43
2018-02-22,4.5,4.54,4.56,4.5
2018-02-23,4.55,4.5,4.56,4.4
2018-02-26,4.51,4.62,4.63,4.49
2018-02-27,4.59,4.59,4.63,4.56
2018-02-28,4.57,4.57,4.59,4.5
2018-03-01,4.55,4.66,4.77,4.54
2018-03-02,4.61,4.6,4.66,4.58
2018-03-05,4.6,4.64,4.65,4.6
2018-03-06,4.66,4.71,4.75,4.62
2018-03-07,4.69,4.72,4.72,4.64
2018-03-08,4.72,4.73,4.77,4.67
2018-03-09,4.71,4.77,4.82,4.68
2018-03-12,4.77,4.84,4.85,4.76
2018-03-13,4.82,4.78,4.85,4.77
2018-03-14,4.78,4.71,4.81,4.69
2018-03-15,4.67,4.67,4.7,4.63
2018-03-16,4.67,4.73,4.83,4.67
2018-03-19,4.72,4.75,4.78,4.67
2018-03-20,4.72,4.83,4.97,4.7
2018-03-21,4.8,4.84,5.05,4.79
2018-03-22,4.83,5.07,5.08,4.83
2018-03-23,4.95,4.69,4.95,4.57
2018-03-26,4.6,4.62,4.63,4.35
2018-03-27,4.62,4.68,4.73,4.62
2018-03-28,4.61,4.62,4.71,4.57
2018-03-29,4.62,4.75,4.76,4.62
2018-03-30,4.76,4.8,4.8,4.72
2018-04-02,4.77,4.82,4.9,4.77
2018-04-03,4.77,4.73,4.77,4.68
2018-04-04,4.74,4.72,4.83,4.7
2018-04-09,4.69,4.62,4.71,4.59
2018-04-10,4.6,4.64,4.65,4.58
2018-04-11,4.65,4.68,4.76,4.62
2018-04-12,4.68,4.64,4.76,4.63
2018-04-13,4.65,4.6,4.7,4.59
2018-04-16,4.6,4.5,4.6,4.45
2018-04-17,4.5,4.45,4.54,4.44
2018-04-18,4.48,4.48,4.5,4.37
2018-04-19,4.46,4.51,4.53,4.46
2018-04-20,4.49,4.39,4.5,4.36
2018-04-23,4.36,4.36,4.38,4.31
2018-04-24,4.36,4.44,4.46,4.35
2018-04-25,4.43,4.47,4.47,4.39
2018-04-26,4.47,4.38,4.47,4.36
2018-04-27,4.36,4.39,4.42,4.35
2018-05-02,4.39,4.4,4.41,4.36
2018-05-03,4.4,4.43,4.44,4.35
2018-05-04,4.43,4.38,4.43,4.37
2018-05-07,4.4,4.45,4.46,4.38
2018-05-08,4.43,4.48,4.5,4.42
2018-05-09,4.48,4.5,4.51,4.46
2018-05-10,4.49,4.52,4.53,4.47
2018-05-11,4.52,4.46,4.53,4.44
2018-05-14,4.45,4.41,4.48,4.4
2018-05-15,4.4,4.44,4.46,4.38
2018-05-16,4.43,4.42,4.48,4.4
2018-05-17,4.41,4.41,4.44,4.4
2018-05-18,4.4,4.45,4.46,4.4
2018-05-21,4.46,4.52,4.56,4.45
2018-05-22,4.55,4.54,4.58,4.49
2018-05-23,4.56,4.51,4.58,4.49
2018-05-24,4.52,4.51,4.55,4.49
2018-05-25,4.49,4.45,4.52,4.44
