date,open,close,high,low
2017-11-13,23.65,28.38,28.38,23.65
2017-11-14,31.22,31.22,31.22,31.22
2017-11-15,34.34,34.34,34.34,34.34
2017-11-16,37.77,37.77,37.77,37.77
2017-11-17,41.55,41.55,41.55,41.55
2017-11-20,45.71,45.71,45.71,45.71
2017-11-21,50.28,46.82,50.28,44.37
2017-11-22,47.68,51.5,51.5,46.5
2017-11-23,46.9,46.35,50.8,46.35
2017-11-24,42.78,41.72,43.73,41.72
2017-11-27,40.2,38.46,40.88,38.16
2017-11-28,38.89,39.08,39.99,38.72
2017-11-29,38.8,38.18,38.99,36.62
2017-11-30,37.9,38.84,39.47,37.85
2017-12-01,38.76,37.95,38.77,37.65
2017-12-04,36.87,34.2,37.11,34.16
2017-12-05,34.56,33.57,35.0,32.88
2017-12-06,33.85,34.39,34.67,33.65
2017-12-07,34.34,34.34,34.93,33.82
2017-12-08,34.25,35.58,36.19,34.0
2017-12-11,36.0,36.39,37.4,35.58
2017-12-12,35.91,34.29,36.0,34.2
2017-12-13,34.45,34.67,34.86,34.16
2017-12-14,34.58,35.23,35.5,34.3
2017-12-15,35.17,34.51,35.17,34.26
2017-12-18,34.53,34.11,34.8,33.7
2017-12-19,34.11,34.29,34.49,33.59
2017-12-20,34.77,33.37,34.77,33.16
2017-12-21,33.0,33.23,33.54,32.56
2017-12-22,33.2,33.14,33.7,33.1
2017-12-25,32.0,32.67,33.0,31.6
2017-12-26,32.54,35.27,35.66,32.35
2017-12-27,34.76,37.38,38.8,34.76
2017-12-28,36.68,37.77,38.22,36.52
2017-12-29,38.0,38.58,38.98,36.3
2018-01-02,38.55,39.7,39.88,37.5
2018-01-03,39.33,39.08,39.37,37.71
2018-01-04,38.53,37.54,39.68,37.11
2018-01-05,37.77,37.56,38.5,36.92
2018-01-08,37.41,37.17,37.6,35.75
2018-01-09,37.56,38.63,38.88,36.88
2018-01-10,38.19,37.39,38.51,37.33
2018-01-11,37.02,37.98,38.56,36.71
2018-01-12,38.01,37.04,38.28,36.58
2018-01-15,37.39,36.93,37.56,36.2
2018-01-16,36.1,38.4,38.58,36.1
2018-01-17,38.38,38.98,39.03,37.73
2018-01-18,38.69,38.23,39.79,38.08
2018-01-19,38.39,38.67,39.47,37.31
2018-01-22,39.1,37.23,39.9,36.85
2018-01-23,36.6,35.87,36.83,35.0
2018-01-24,35.9,35.93,36.35,35.6
2018-01-25,35.93,35.77,36.16,35.69
2018-01-26,35.23,35.41,36.47,34.96
2018-01-29,35.37,35.77,35.89,34.7
2018-01-30,35.6,35.66,35.87,35.22
2018-01-31,35.55,35.09,35.57,33.9
2018-02-01,34.95,31.58,35.19,31.58
2018-02-02,30.94,29.96,30.94,29.12
2018-02-05,29.5,29.4,29.99,29.18
2018-02-06,28.3,27.13,29.25,27.0
2018-02-07,28.0,28.23,28.42,26.83
2018-02-08,28.06,28.42,28.77,27.95
2018-02-09,27.71,27.62,28.17,27.08
2018-02-12,27.85,28.24,28.6,27.85
2018-02-13,28.85,27.85,28.9,27.8
2018-02-14,28.05,27.59,28.1,27.4
2018-02-22,27.9,28.12,28.15,27.12
2018-02-23,28.09,28.41,28.52,27.93
2018-02-26,28.85,29.25,29.61,28.75
2018-02-27,29.25,29.39,29.84,29.1
2018-02-28,29.3,28.82,29.3,28.6
2018-03-01,28.3,29.18,29.32,28.3
2018-03-02,29.15,28.98,29.68,28.88
2018-03-05,29.05,29.55,29.62,28.87
2018-03-06,29.72,29.91,30.16,29.4
2018-03-07,29.88,29.75,30.2,29.58
2018-03-08,29.65,30.58,30.66,29.45
2018-03-09,30.63,31.44,31.48,30.36
2018-03-12,32.2,31.58,32.29,31.23
2018-03-13,31.34,30.98,31.6,30.85
2018-03-14,30.88,30.94,31.34,30.45
2018-03-15,30.56,29.63,30.87,28.88
2018-03-16,29.46,29.95,30.05,29.4
2018-03-19,29.95,30.37,30.86,29.95
2018-03-20,30.39,31.48,32.4,30.19
2018-03-21,31.44,30.55,31.95,30.52
2018-03-22,30.64,31.09,31.27,30.5
2018-03-23,30.0,27.99,30.2,27.98
2018-03-26,27.6,28.79,28.8,27.14
2018-03-27,29.2,30.16,30.49,29.2
2018-03-28,29.95,30.39,30.66,29.43
2018-03-29,30.42,30.97,31.48,30.39
2018-03-30,31.0,32.43,34.07,31.0
2018-04-02,32.0,32.26,32.65,31.51
2018-04-03,31.69,31.51,32.05,31.08
2018-04-04,31.91,32.61,33.5,31.85
2018-04-09,32.3,33.79,33.84,31.81
2018-04-10,33.32,33.55,33.98,32.82
2018-04-11,33.13,33.9,34.42,33.13
2018-04-12,33.4,33.9,34.28,33.4
2018-04-13,34.0,34.28,35.36,33.98
2018-04-16,33.77,33.23,34.1,32.2
2018-04-17,33.01,32.75,33.85,32.66
2018-04-18,32.8,33.19,33.5,31.5
2018-04-19,33.07,34.61,34.66,31.55
2018-04-20,34.01,34.04,35.31,33.12
2018-04-23,33.68,35.44,35.55,32.88
2018-04-24,35.4,35.63,35.74,34.7
2018-04-25,35.3,36.06,36.47,35.15
2018-04-26,36.03,34.87,36.06,34.32
2018-04-27,33.89,32.94,33.93,31.41
2018-05-02,33.03,33.1,33.79,32.65
2018-05-03,32.85,34.51,34.64,32.2
2018-05-04,34.45,34.14,34.8,33.88
2018-05-07,34.6,35.44,35.7,34.45
2018-05-08,35.48,35.58,36.02,34.93
2018-05-09,35.6,35.53,35.67,35.02
2018-05-10,35.51,35.83,36.0,35.25
2018-05-11,36.12,36.02,36.14,35.41
2018-05-14,35.77,36.64,36.86,35.77
2018-05-15,36.67,38.37,38.6,36.51
2018-05-16,38.25,38.07,39.49,37.65
2018-05-17,37.5,38.06,38.33,37.5
2018-05-18,38.47,38.09,38.61,37.4
2018-05-21,38.0,39.44,39.8,37.82
2018-05-22,39.68,39.6,39.7,39.0
2018-05-23,39.8,38.03,39.98,37.5
2018-05-24,38.38,38.73,38.97,38.0
2018-05-25,38.73,38.49,38.94,38.2
