date,open,close,high,low
2016-01-04,7.552,6.84,7.65,6.84
2016-01-05,6.425,6.603,6.81,6.227
2016-01-06,6.642,6.791,6.8,6.524
2016-01-07,6.623,6.109,6.623,6.109
2016-01-08,6.286,6.197,6.375,5.812
2016-01-11,6.029,5.723,6.247,5.664
2016-01-12,5.723,5.782,5.911,5.634
2016-01-13,5.832,5.555,5.911,5.436
2016-01-14,5.436,5.772,5.812,5.258
2016-01-15,5.723,5.525,5.861,5.427
2016-01-18,5.357,5.595,5.703,5.318
2016-01-19,5.545,5.822,5.871,5.525
2016-01-20,5.782,5.782,5.881,5.713
2016-01-21,5.674,5.565,5.861,5.545
2016-01-22,5.624,5.634,5.693,5.446
2016-01-25,5.693,5.891,5.901,5.644
2016-01-26,5.772,5.555,6.02,5.427
2016-01-27,5.496,5.674,5.772,5.1
2016-01-28,5.545,5.318,5.861,5.288
2016-01-29,5.239,5.476,5.525,5.11
2016-02-01,5.466,5.318,5.496,5.219
2016-02-02,5.357,5.506,5.555,5.308
2016-02-03,5.397,5.496,5.525,5.338
2016-02-04,5.515,5.693,5.782,5.515
2016-02-05,5.743,5.624,5.782,5.604
2016-02-15,5.367,5.525,5.585,5.347
2016-02-16,5.555,5.782,5.822,5.545
2016-02-17,5.763,5.861,5.881,5.684
2016-02-18,5.911,5.871,5.941,5.832
2016-02-19,5.822,5.871,5.891,5.772
2016-02-22,5.921,6.049,6.059,5.881
2016-02-23,6.039,5.95,6.039,5.842
2016-02-24,5.911,5.97,5.98,5.802
2016-02-25,5.941,5.377,5.95,5.377
2016-02-26,5.446,5.347,5.456,5.199
2016-02-29,5.308,4.913,5.328,4.843
2016-03-01,4.962,5.061,5.11,4.903
2016-03-02,5.061,5.318,5.347,5.031
2016-03-03,5.288,5.298,5.466,5.258
2016-03-04,5.288,5.081,5.338,5.001
2016-03-07,5.13,5.258,5.268,5.13
2016-03-08,5.249,5.318,5.338,5.041
2016-03-09,5.179,5.189,5.268,5.15
2016-03-10,5.179,5.12,5.249,5.09
2016-03-11,5.09,5.1,5.15,4.992
2016-03-14,5.15,5.258,5.387,5.15
2016-03-15,5.258,5.239,5.308,5.189
2016-03-16,5.258,5.258,5.367,5.219
2016-03-17,5.278,5.446,5.466,5.258
2016-03-18,5.466,5.604,5.644,5.427
2016-03-21,5.654,5.753,5.782,5.604
2016-03-22,5.664,5.733,5.802,5.634
2016-03-23,5.693,5.753,5.763,5.664
2016-03-24,5.743,5.595,5.743,5.575
2016-03-25,5.575,5.664,5.674,5.565
2016-03-28,5.664,5.654,5.832,5.644
2016-03-29,5.674,5.515,5.703,5.436
2016-03-30,5.545,5.772,5.802,5.545
2016-03-31,5.802,6.0,6.059,5.763
2016-04-01,5.931,5.941,5.97,5.792
2016-04-05,5.901,6.158,6.247,5.901
2016-04-06,6.148,6.109,6.197,6.049
2016-04-07,6.148,5.96,6.148,5.941
2016-04-08,5.941,5.871,5.96,5.772
2016-04-11,5.921,6.039,6.079,5.911
2016-04-12,5.99,5.95,6.049,5.881
2016-04-13,5.99,6.059,6.138,5.98
2016-04-14,6.128,6.178,6.178,6.049
2016-04-15,6.188,6.207,6.237,6.118
2016-04-18,6.168,6.296,6.385,6.128
2016-04-19,6.326,6.573,6.583,6.316
2016-04-20,6.623,6.217,6.692,5.941
2016-04-21,6.089,6.099,6.267,6.029
2016-04-22,6.039,6.188,6.217,5.98
2016-04-25,6.109,6.029,6.148,5.97
2016-04-26,5.99,6.079,6.079,5.941
2016-04-27,6.049,6.118,6.188,6.039
2016-04-28,6.109,6.039,6.128,5.891
2016-04-29,5.98,6.069,6.109,5.941
2016-05-03,6.079,6.267,6.267,6.01
2016-05-04,6.217,6.326,6.435,6.217
2016-05-05,6.326,6.326,6.375,6.217
2016-05-06,6.326,6.01,6.346,6.0
2016-05-09,5.911,5.812,5.98,5.763
2016-05-10,5.782,5.861,5.921,5.782
2016-05-11,5.891,5.703,5.95,5.693
2016-05-12,5.604,5.614,5.644,5.456
2016-05-13,5.565,5.486,5.674,5.446
2016-05-16,5.476,5.595,5.604,5.407
2016-05-17,5.595,5.535,5.624,5.486
2016-05-18,5.486,5.367,5.506,5.308
2016-05-19,5.397,5.733,5.901,5.338
2016-05-20,5.634,6.02,6.217,5.545
2016-05-23,6.059,6.069,6.158,5.901
2016-05-24,5.99,5.881,6.02,5.842
2016-05-25,5.941,5.822,6.01,5.753
2016-05-26,5.832,5.812,5.881,5.595
2016-05-27,5.763,6.336,6.395,5.753
2016-05-30,6.207,6.109,6.227,6.029
2016-05-31,6.059,6.306,6.326,6.059
2016-06-01,6.237,6.445,6.573,6.237
2016-06-02,6.385,6.534,6.593,6.356
2016-06-03,6.583,6.326,6.603,6.306
2016-06-06,6.336,6.336,6.385,6.247
2016-06-07,6.356,6.346,6.375,6.257
2016-06-08,6.336,6.247,6.336,6.158
2016-06-13,6.128,5.842,6.197,5.832
2016-06-14,5.782,5.871,5.901,5.772
2016-06-15,5.772,6.109,6.168,5.753
2016-06-16,6.109,6.158,6.277,6.069
2016-06-17,6.138,6.148,6.267,6.078
2016-06-20,6.128,6.078,6.158,5.879
2016-06-21,6.088,6.068,6.238,6.008
2016-06-22,6.038,6.188,6.228,5.998
2016-06-23,6.148,6.257,6.327,6.128
2016-06-24,6.238,6.098,6.277,5.879
2016-06-27,6.028,6.546,6.576,6.018
2016-06-28,6.835,7.204,7.204,6.686
2016-06-29,7.573,7.652,7.672,7.154
2016-06-30,7.463,7.652,7.752,7.413
2016-07-01,7.553,7.433,7.613,7.294
2016-07-04,7.353,7.413,7.433,7.224
2016-07-05,7.393,7.503,7.533,7.304
2016-07-06,7.433,7.423,7.463,7.324
2016-07-07,7.353,7.473,7.712,7.344
2016-07-08,7.403,7.294,7.473,7.274
2016-07-11,7.344,7.324,7.513,7.264
2016-07-12,7.284,7.164,7.324,6.905
2016-07-13,7.174,7.204,7.254,7.065
2016-07-14,7.174,7.134,7.184,7.084
2016-07-15,7.164,7.244,7.274,7.104
2016-07-18,7.224,7.045,7.234,7.005
2016-07-19,7.015,7.094,7.114,6.955
2016-07-20,7.084,7.423,7.553,7.035
2016-07-21,7.373,7.274,7.443,7.244
2016-07-22,7.284,7.154,7.314,7.084
2016-07-25,7.124,7.164,7.244,7.084
2016-07-26,7.164,7.204,7.234,7.124
2016-07-27,7.214,6.556,7.214,6.526
2016-07-28,6.586,6.656,6.726,6.457
2016-07-29,6.626,6.546,6.686,6.487
2016-08-01,6.526,6.347,6.546,6.228
2016-08-02,6.307,6.397,6.417,6.307
2016-08-03,6.397,6.407,6.457,6.367
2016-08-04,6.437,6.507,6.566,6.417
2016-08-05,6.457,6.397,6.497,6.387
2016-08-08,6.327,6.646,6.656,6.317
2016-08-09,6.616,6.666,6.706,6.546
2016-08-10,6.656,6.666,6.706,6.576
2016-08-11,6.626,6.427,6.636,6.427
2016-08-12,6.437,6.526,6.536,6.417
2016-08-15,6.536,6.666,6.686,6.526
2016-08-16,6.676,6.726,6.756,6.616
2016-08-17,6.676,6.626,6.686,6.536
2016-08-18,6.596,6.676,6.706,6.556
2016-08-19,6.656,6.616,6.696,6.556
2016-08-22,6.596,6.526,6.656,6.507
2016-08-23,6.517,6.487,6.566,6.407
2016-08-24,6.517,6.526,6.566,6.477
2016-08-25,6.536,6.447,6.536,6.327
2016-08-26,6.477,6.487,6.556,6.427
2016-08-29,6.427,6.596,6.656,6.427
2016-08-30,6.596,6.616,6.656,6.536
2016-08-31,6.556,6.586,6.606,6.477
2016-09-01,6.586,6.546,6.636,6.536
2016-09-02,6.526,6.606,6.696,6.487
2016-09-05,6.606,6.686,6.716,6.586
2016-09-06,6.696,6.955,7.015,6.666
2016-09-07,6.875,6.805,6.945,6.786
2016-09-08,6.805,6.865,6.955,6.776
2016-09-09,6.855,6.716,6.855,6.706
2016-09-12,6.576,6.387,6.586,6.367
2016-09-13,6.437,6.517,6.526,6.407
2016-09-14,6.457,6.556,6.656,6.427
2016-09-19,6.586,6.596,6.616,6.507
2016-09-20,6.606,6.556,6.626,6.526
2016-09-21,6.566,6.576,6.606,6.507
2016-09-22,6.596,6.586,6.616,6.526
2016-09-23,6.596,6.497,6.596,6.467
2016-09-26,6.477,6.247,6.546,6.228
2016-09-27,6.247,6.267,6.277,6.128
2016-09-28,6.228,6.198,6.238,6.148
2016-09-29,6.198,6.257,6.297,6.188
2016-09-30,6.257,6.337,6.397,6.247
2016-10-10,6.367,6.487,6.497,6.367
2016-10-11,6.467,6.546,6.556,6.447
2016-10-12,6.517,6.606,6.626,6.477
2016-10-13,6.606,6.566,6.626,6.546
2016-10-14,6.536,6.606,6.626,6.526
2016-10-17,6.626,6.546,6.676,6.517
2016-10-18,6.536,6.616,6.616,6.497
2016-10-19,6.626,6.626,6.706,6.606
2016-10-20,6.626,6.636,6.666,6.606
2016-10-21,6.636,6.566,6.716,6.526
2016-10-24,6.576,6.686,6.706,6.566
2016-10-25,6.716,6.716,6.726,6.646
2016-10-26,6.696,6.756,6.786,6.656
2016-10-27,6.726,6.845,6.925,6.726
2016-10-28,6.815,6.656,6.885,6.636
2016-10-31,6.626,6.666,6.676,6.566
2016-11-01,6.666,6.716,6.726,6.626
2016-11-02,6.686,6.636,6.726,6.626
2016-11-03,6.626,6.736,6.766,6.596
2016-11-04,6.676,6.786,6.875,6.676
2016-11-07,6.776,6.825,6.935,6.766
2016-11-08,6.855,6.865,6.895,6.815
2016-11-09,6.845,6.815,6.865,6.676
2016-11-10,6.845,6.955,7.025,6.845
2016-11-11,6.935,7.015,7.045,6.905
2016-11-14,7.035,7.015,7.134,6.975
2016-11-15,7.015,7.025,7.065,6.955
2016-11-16,7.035,7.035,7.065,6.975
2016-11-17,7.045,6.985,7.055,6.935
2016-11-18,6.985,6.915,7.005,6.875
2016-11-21,6.935,6.985,7.015,6.875
2016-11-22,6.985,7.005,7.015,6.945
2016-11-23,6.995,6.975,7.005,6.925
2016-11-24,6.975,6.935,7.025,6.905
2016-11-25,6.895,6.845,6.955,6.696
2016-11-28,6.845,6.825,6.875,6.776
2016-11-29,6.795,6.716,6.895,6.706
2016-11-30,6.736,6.736,6.756,6.686
2016-12-01,6.736,6.756,6.766,6.696
2016-12-02,6.756,6.536,6.756,6.517
2016-12-05,6.457,6.536,6.576,6.457
2016-12-06,6.517,6.606,6.646,6.517
2016-12-07,6.596,6.676,6.686,6.586
2016-12-08,6.676,6.596,6.706,6.566
2016-12-09,6.616,6.636,6.666,6.566
2016-12-12,6.626,6.238,6.626,6.198
2016-12-13,6.297,6.287,6.327,6.178
2016-12-14,6.297,6.277,6.337,6.238
2016-12-15,6.228,6.327,6.377,6.228
2016-12-16,6.317,6.457,6.477,6.317
2016-12-19,6.427,6.467,6.497,6.377
2016-12-20,6.427,6.487,6.507,6.427
2016-12-21,6.477,6.507,6.556,6.477
2016-12-22,6.507,6.526,6.526,6.477
2016-12-23,6.526,6.447,6.536,6.437
2016-12-26,6.427,6.477,6.487,6.307
2016-12-27,6.467,6.556,6.606,6.467
2016-12-28,6.566,6.556,6.646,6.546
2016-12-29,6.546,6.556,6.636,6.507
2016-12-30,6.576,6.616,6.636,6.556
2017-01-03,6.626,6.756,6.875,6.616
2017-01-04,6.766,6.766,6.795,6.686
2017-01-05,6.756,6.835,6.905,6.716
2017-01-06,6.776,6.825,6.945,6.756
2017-01-09,6.766,6.835,6.855,6.706
2017-01-10,6.825,6.766,6.845,6.756
2017-01-11,6.786,6.686,6.805,6.666
2017-01-12,6.636,6.596,6.726,6.556
2017-01-13,6.556,6.556,6.686,6.536
2017-01-16,6.497,6.228,6.536,5.978
2017-01-17,6.178,6.228,6.238,6.018
2017-01-18,6.218,6.178,6.257,6.148
2017-01-19,6.158,6.178,6.247,6.078
2017-01-20,6.188,6.277,6.307,6.098
2017-01-23,6.297,6.297,6.347,6.247
2017-01-24,6.317,6.287,6.317,6.238
2017-01-25,6.287,6.327,6.327,6.247
2017-01-26,6.297,6.327,6.347,6.297
2017-02-03,6.307,6.337,6.357,6.297
2017-02-06,6.327,6.367,6.377,6.297
2017-02-07,6.357,6.377,6.397,6.307
2017-02-08,6.377,6.477,6.546,6.337
2017-02-09,6.457,6.536,6.566,6.457
2017-02-10,6.536,6.636,6.656,6.507
2017-02-13,6.616,6.606,6.626,6.556
2017-02-14,6.576,6.616,6.626,6.536
2017-02-15,6.616,6.546,6.706,6.546
2017-02-16,6.556,6.766,6.795,6.536
2017-02-17,6.756,6.656,6.825,6.616
2017-02-20,6.656,6.696,6.706,6.596
2017-02-21,6.686,6.696,6.766,6.636
2017-02-22,6.676,6.805,6.835,6.676
2017-02-23,6.786,6.706,6.805,6.666
2017-02-24,6.706,6.746,6.776,6.666
2017-02-27,6.746,6.606,6.795,6.596
2017-02-28,6.636,6.646,6.686,6.576
2017-03-01,6.626,6.686,6.736,6.606
2017-03-02,6.666,6.586,6.746,6.576
2017-03-03,6.576,6.696,6.706,6.526
2017-03-06,6.706,6.795,6.825,6.686
2017-03-07,6.795,6.835,7.005,6.746
2017-03-08,6.825,6.766,6.905,6.726
2017-03-09,6.756,6.945,7.005,6.736
2017-03-10,6.885,6.885,6.945,6.795
2017-03-13,6.885,6.875,6.885,6.766
2017-03-14,6.885,6.835,6.885,6.795
2017-03-15,6.825,6.676,6.825,6.656
2017-03-16,6.686,6.776,6.795,6.686
2017-03-17,6.776,6.666,6.835,6.646
2017-03-20,6.656,6.736,6.746,6.626
2017-03-21,6.716,6.776,6.815,6.706
2017-03-22,6.766,6.805,6.815,6.696
2017-03-23,6.825,6.756,6.875,6.686
2017-03-24,6.825,6.825,6.975,6.766
2017-03-27,6.805,6.666,6.825,6.646
2017-03-28,6.656,6.566,6.676,6.526
2017-03-29,6.566,6.427,6.606,6.407
2017-03-30,6.417,6.277,6.437,6.178
2017-03-31,6.287,6.307,6.307,6.247
2017-04-05,6.287,6.427,6.457,6.287
2017-04-06,6.417,6.477,6.526,6.407
2017-04-07,6.477,6.457,6.477,6.387
2017-04-10,6.447,6.367,6.457,6.337
2017-04-11,6.357,6.467,6.477,6.317
2017-04-12,6.447,6.427,6.546,6.417
2017-04-13,6.427,6.437,6.477,6.397
2017-04-14,6.447,6.247,6.487,6.208
2017-04-17,6.247,6.098,6.267,6.068
2017-04-18,6.128,6.088,6.178,6.058
2017-04-19,6.098,6.038,6.128,5.949
2017-04-20,6.038,5.978,6.058,5.899
2017-04-21,5.988,6.038,6.058,5.929
2017-04-24,6.038,5.68,6.038,5.66
2017-04-25,5.749,5.689,5.819,5.65
2017-04-26,5.68,5.689,5.739,5.66
2017-04-27,5.729,5.739,5.759,5.49
2017-04-28,5.719,5.839,5.839,5.709
2017-05-02,5.789,5.809,5.849,5.789
2017-05-03,5.769,5.789,5.829,5.759
2017-05-04,5.799,5.829,5.879,5.739
2017-05-05,5.829,5.729,5.829,5.68
2017-05-08,5.689,5.58,5.729,5.58
2017-05-09,5.58,5.63,5.65,5.52
2017-05-10,5.63,5.5,5.68,5.45
2017-05-11,5.49,5.341,5.5,5.171
2017-05-12,5.331,5.301,5.361,5.231
2017-05-15,5.331,5.351,5.371,5.291
2017-05-16,5.361,5.51,5.53,5.301
2017-05-17,5.49,5.57,5.65,5.49
2017-05-18,5.53,5.56,5.61,5.5
2017-05-19,5.56,5.49,5.59,5.44
2017-05-22,5.49,5.26,5.53,5.24
2017-05-23,5.24,5.08,5.28,5.06
2017-05-24,5.03,5.18,5.19,5.03
2017-05-25,5.15,5.24,5.26,5.1
2017-05-26,5.23,5.24,5.29,5.16
2017-05-31,5.28,5.22,5.32,5.21
2017-06-01,5.21,5.05,5.25,5.02
2017-06-02,5.05,5.12,5.17,4.96
2017-06-05,5.12,5.16,5.23,5.1
2017-06-06,5.13,5.21,5.23,5.11
2017-06-07,5.22,5.3,5.32,5.19
2017-06-08,5.29,5.28,5.33,5.26
2017-06-09,5.26,5.24,5.28,5.17
2017-06-12,5.2,5.13,5.26,5.11
2017-06-13,5.12,5.24,5.24,5.09
2017-06-14,5.23,5.26,5.3,5.2
2017-06-15,5.22,5.32,5.36,5.22
2017-06-16,5.3,5.34,5.38,5.27
2017-06-19,5.35,5.36,5.41,5.3
2017-06-20,5.37,5.34,5.39,5.33
2017-06-21,5.36,5.36,5.38,5.31
2017-06-22,5.36,5.24,5.36,5.23
2017-06-23,5.22,5.24,5.28,5.17
2017-06-26,5.26,5.31,5.32,5.21
2017-06-27,5.32,5.31,5.36,5.27
2017-06-28,5.27,5.22,5.28,5.2
2017-06-29,5.23,5.25,5.3,5.21
2017-06-30,5.25,5.3,5.31,5.21
2017-07-03,5.3,5.34,5.35,5.25
2017-07-04,5.35,5.31,5.35,5.28
2017-07-05,5.3,5.36,5.38,5.29
2017-07-06,5.37,5.38,5.4,5.32
2017-07-07,5.38,5.39,5.39,5.33
2017-07-10,5.37,5.36,5.38,5.32
2017-07-11,5.34,5.25,5.35,5.24
2017-07-12,5.25,5.25,5.28,5.12
2017-07-13,5.25,5.25,5.3,5.18
2017-07-14,5.27,5.33,5.34,5.24
2017-07-17,5.31,5.08,5.33,5.0
2017-08-01,5.45,5.39,5.59,5.34
2017-08-02,5.34,5.66,5.88,5.34
2017-08-03,5.55,5.52,5.58,5.41
2017-08-04,5.49,5.42,5.6,5.41
2017-08-07,5.4,5.46,5.49,5.37
2017-08-08,5.45,5.43,5.48,5.39
2017-08-09,5.43,5.47,5.47,5.38
2017-08-10,5.45,5.34,5.48,5.31
2017-08-11,5.28,5.21,5.3,5.17
2017-08-14,5.2,5.28,5.29,5.19
2017-08-15,5.28,5.26,5.3,5.24
2017-08-16,5.27,5.32,5.33,5.23
2017-08-17,5.3,5.37,5.37,5.27
2017-08-18,5.32,5.34,5.37,5.3
2017-08-21,5.35,5.38,5.39,5.33
2017-08-22,5.38,5.3,5.38,5.28
2017-08-23,5.31,5.46,5.71,5.28
2017-08-24,5.42,5.38,5.46,5.3
2017-08-25,5.36,5.42,5.44,5.33
2017-08-28,5.42,5.47,5.49,5.4
2017-08-29,5.47,5.46,5.49,5.44
2017-08-30,5.46,5.46,5.5,5.45
2017-08-31,5.46,5.48,5.49,5.43
2017-09-01,5.48,5.59,5.59,5.45
2017-09-04,5.58,5.67,5.83,5.53
2017-09-05,5.64,5.78,5.83,5.63
2017-09-06,5.78,5.89,5.9,5.65
2017-09-07,6.01,5.78,6.09,5.78
2017-09-08,5.73,5.7,5.83,5.68
2017-09-11,5.68,5.77,5.79,5.65
2017-09-12,5.79,5.73,5.81,5.71
2017-09-13,5.71,5.74,5.75,5.68
2017-09-14,5.73,5.64,5.74,5.57
2017-09-15,5.65,5.67,5.69,5.6
2017-09-18,5.63,5.69,5.73,5.63
2017-09-19,5.66,5.78,5.83,5.66
2017-09-20,5.77,5.79,5.82,5.73
2017-09-21,5.76,5.73,5.86,5.73
2017-09-22,5.65,5.69,5.72,5.62
2017-09-25,5.7,5.56,5.72,5.56
2017-09-26,5.64,5.56,5.64,5.5
2017-09-27,5.55,5.66,5.67,5.52
2017-09-28,5.63,5.62,5.68,5.6
2017-09-29,5.67,5.71,5.72,5.62
2017-10-09,5.74,5.75,5.78,5.72
2017-10-10,5.75,5.8,5.82,5.72
2017-10-11,5.82,5.82,5.93,5.78
2017-10-12,5.9,5.75,5.92,5.7
2017-10-13,5.74,5.91,5.95,5.71
2017-10-16,5.87,5.85,5.96,5.73
2017-10-17,5.83,5.99,6.02,5.76
2017-10-18,6.0,5.9,6.03,5.87
2017-10-19,5.9,5.81,5.91,5.76
2017-10-20,5.8,5.92,5.94,5.74
2017-10-23,5.9,5.99,6.03,5.89
2017-10-24,5.99,5.88,6.0,5.86
2017-10-25,5.88,6.03,6.05,5.88
2017-10-26,6.02,5.99,6.04,5.95
2017-10-27,5.98,6.09,6.13,5.89
2017-10-30,6.04,6.14,6.2,5.83
2017-10-31,6.1,6.16,6.19,5.96
2017-11-01,6.16,6.04,6.16,6.02
2017-11-02,6.03,6.19,6.23,6.02
2017-11-03,6.19,5.9,6.2,5.89
2017-11-06,5.88,5.89,5.93,5.71
2017-11-07,5.85,5.77,5.91,5.74
2017-11-08,5.8,5.87,5.88,5.77
2017-11-09,5.85,5.91,5.92,5.82
2017-11-10,5.92,5.95,5.95,5.82
2017-11-13,5.94,5.76,5.98,5.75
2017-11-14,5.8,5.77,5.84,5.76
2017-11-15,5.81,6.09,6.35,5.76
2017-11-16,6.03,6.16,6.28,6.03
2017-11-17,6.11,6.0,6.18,5.99
2017-11-20,6.0,5.92,6.0,5.72
2017-11-21,5.93,6.37,6.51,5.92
2017-11-22,6.29,6.36,6.42,6.23
2017-11-23,6.31,6.08,6.34,6.07
2017-11-24,6.15,6.42,6.51,6.11
2017-11-27,6.35,6.34,6.48,6.3
2017-11-28,6.5,6.55,6.65,6.37
2017-11-29,6.48,6.72,6.84,6.45
2017-11-30,6.65,6.75,6.76,6.54
2017-12-01,6.72,6.7,6.75,6.53
2017-12-04,6.62,6.44,6.64,6.42
2017-12-05,6.45,5.8,6.45,5.8
2017-12-06,5.78,6.07,6.09,5.73
2017-12-07,6.08,6.1,6.15,6.0
2017-12-08,6.05,6.27,6.35,6.05
2017-12-11,6.23,6.28,6.31,6.18
2017-12-12,6.25,6.1,6.3,6.09
2017-12-13,6.01,6.31,6.32,6.01
2017-12-14,6.27,6.45,6.62,6.26
2017-12-15,6.5,6.44,6.55,6.33
2017-12-18,6.42,6.45,6.59,6.36
2017-12-19,6.4,6.44,6.51,6.37
2017-12-20,6.43,6.2,6.47,6.11
2017-12-21,6.19,6.29,6.38,6.1
2017-12-22,6.24,6.24,6.39,6.23
2017-12-25,6.2,5.94,6.25,5.83
2017-12-26,5.94,6.02,6.07,5.93
2017-12-27,6.01,6.2,6.45,5.97
2017-12-28,6.21,6.21,6.26,6.11
2017-12-29,6.21,6.23,6.32,6.19
2018-01-02,6.27,6.38,6.4,6.24
2018-01-03,6.35,6.38,6.38,6.24
2018-01-04,6.32,6.5,6.56,6.32
2018-01-05,6.48,6.47,6.63,6.33
2018-01-08,6.5,6.57,6.62,6.42
2018-01-09,6.56,6.44,6.56,6.4
2018-01-10,6.39,6.78,7.01,6.36
2018-01-11,6.77,6.8,6.86,6.64
2018-01-12,6.75,6.64,6.77,6.55
2018-01-15,6.61,6.53,6.64,6.41
2018-01-16,6.53,6.58,6.76,6.5
2018-01-17,6.51,6.39,6.54,6.26
2018-01-18,6.34,6.41,6.42,6.31
2018-01-19,6.41,6.27,6.47,6.22
2018-01-22,6.24,6.42,6.42,6.2
2018-01-23,6.39,6.39,6.47,6.28
2018-01-24,6.36,6.33,6.41,6.26
2018-01-25,6.28,6.17,6.35,6.16
2018-01-26,6.34,6.41,6.55,6.18
2018-01-29,6.36,6.19,6.37,6.1
2018-01-30,6.23,6.17,6.27,6.1
2018-01-31,6.11,6.08,6.26,6.03
2018-02-01,6.09,5.59,6.17,5.57
2018-02-02,5.59,5.42,5.64,5.33
2018-02-05,5.44,5.21,5.44,5.15
2018-02-06,5.11,4.92,5.14,4.9
2018-02-07,5.01,5.0,5.06,4.89
2018-02-08,5.0,5.09,5.18,5.0
2018-02-09,5.0,4.92,5.03,4.82
2018-02-12,4.96,5.06,5.13,4.96
2018-02-13,5.12,5.08,5.15,5.03
2018-02-14,5.08,5.05,5.08,5.01
2018-02-22,5.09,5.14,5.15,5.06
2018-02-23,5.14,5.14,5.16,5.09
2018-02-26,5.17,5.27,5.32,5.11
2018-02-27,5.28,5.27,5.4,5.23
2018-02-28,5.24,5.28,5.36,5.16
2018-03-01,5.24,5.36,5.36,5.21
2018-03-02,5.3,5.3,5.34,5.26
2018-03-05,5.31,5.28,5.32,5.21
2018-03-06,5.31,5.35,5.39,5.24
2018-03-07,5.33,5.31,5.4,5.3
2018-03-08,5.28,5.32,5.34,5.25
2018-03-09,5.31,5.41,5.44,5.28
2018-03-12,5.43,5.47,5.47,5.39
2018-03-13,5.47,5.39,5.47,5.38
2018-03-14,5.36,5.33,5.4,5.32
2018-03-15,5.31,5.21,5.33,5.16
2018-03-16,5.2,5.25,5.3,5.18
2018-03-19,5.27,5.26,5.29,5.16
2018-03-20,5.37,5.42,5.62,5.35
2018-03-21,5.36,5.32,5.42,5.31
2018-03-22,5.33,5.28,5.37,5.25
2018-03-23,5.17,4.9,5.17,4.85
2018-03-26,4.8,4.99,5.01,4.72
2018-03-27,5.0,5.08,5.09,4.99
2018-03-28,5.01,5.01,5.08,4.98
2018-03-29,5.01,5.08,5.08,4.98
2018-03-30,5.1,5.14,5.16,5.07
2018-04-02,5.18,5.24,5.25,5.15
2018-04-03,5.16,5.15,5.18,5.1
2018-04-04,5.17,5.07,5.18,5.06
2018-04-09,5.04,5.11,5.13,5.0
2018-04-10,5.11,5.26,5.32,5.04
2018-04-11,5.24,5.23,5.29,5.22
2018-04-12,5.25,5.18,5.25,5.16
2018-04-13,5.24,5.25,5.33,5.19
2018-04-16,5.2,5.13,5.23,5.09
2018-04-17,5.13,5.24,5.33,5.09
2018-04-18,5.26,5.38,5.4,5.19
2018-04-19,5.38,5.31,5.44,5.29
2018-04-20,5.28,5.37,5.48,5.25
2018-04-23,5.36,5.2,5.37,5.12
2018-04-24,5.2,5.37,5.38,5.14
2018-04-25,5.32,5.34,5.42,5.29
2018-04-26,5.32,5.17,5.34,5.16
2018-04-27,5.2,5.22,5.29,5.14
2018-05-02,5.16,5.01,5.23,4.96
2018-05-03,5.01,5.09,5.09,4.95
2018-05-04,5.08,5.04,5.18,5.03
2018-05-07,5.07,5.31,5.32,5.06
2018-05-08,5.62,5.49,5.84,5.39
2018-05-09,5.42,5.71,5.99,5.35
2018-05-10,5.66,5.57,5.7,5.46
2018-05-11,5.5,5.4,5.55,5.35
2018-05-14,5.35,5.3,5.42,5.25
2018-05-15,5.29,5.41,5.42,5.25
2018-05-16,5.36,5.52,5.64,5.35
2018-05-17,5.45,5.45,5.54,5.38
2018-05-18,5.47,5.51,5.6,5.47
2018-05-21,5.52,5.6,5.61,5.47
2018-05-22,5.58,5.56,5.6,5.5
2018-05-23,5.56,5.51,5.71,5.5
2018-05-24,5.47,5.47,5.52,5.35
2018-05-25,5.46,5.32,5.49,5.31
