date,open,close,high,low
2016-01-04,22.921,20.653,22.921,20.638
2016-01-05,19.773,20.074,20.662,19.333
2016-01-06,20.074,20.386,20.509,19.758
2016-01-07,19.97,18.413,19.97,18.354
2016-01-08,18.982,18.458,19.268,17.301
2016-01-11,18.043,16.614,18.27,16.614
2016-01-12,16.658,16.535,16.807,15.922
2016-01-13,16.742,15.437,16.876,15.428
2016-01-14,15.215,16.312,16.342,14.572
2016-01-15,15.843,15.912,16.307,15.324
2016-01-18,15.447,16.174,16.406,15.2
2016-01-19,16.174,16.649,16.658,16.06
2016-01-20,16.594,16.683,17.049,16.362
2016-01-21,16.312,15.709,16.802,15.704
2016-01-22,15.818,15.868,16.065,15.324
2016-01-25,16.041,15.986,16.209,15.823
2016-01-26,15.823,14.889,16.367,14.869
2016-01-27,14.829,14.825,15.126,14.093
2016-01-28,14.726,14.35,15.304,14.335
2016-01-29,14.187,15.022,15.077,13.89
2016-02-01,14.953,15.087,15.522,14.834
2016-02-02,14.834,15.611,15.808,14.834
2016-02-03,15.423,15.66,15.808,15.423
2016-02-04,15.808,16.016,16.307,15.67
2016-02-05,15.892,15.986,16.253,15.892
2016-02-15,15.571,15.744,16.065,15.082
2016-02-16,15.818,16.387,16.411,15.744
2016-02-17,16.411,16.396,16.456,16.169
2016-02-18,16.411,16.1,16.55,16.021
2016-02-19,15.966,16.115,16.204,15.966
2016-02-22,16.708,16.841,17.054,16.619
2016-02-23,16.797,18.527,18.527,16.797
2016-02-24,19.466,19.046,20.381,18.66
2016-02-25,18.547,17.523,18.784,17.143
2016-02-26,17.736,17.103,17.79,16.846
2016-02-29,16.807,15.393,17.054,15.393
2016-03-01,14.829,15.606,15.957,14.34
2016-03-02,15.324,16.199,16.387,15.235
2016-03-03,16.041,15.877,16.451,15.868
2016-03-04,15.858,15.551,16.06,15.383
2016-03-07,15.729,15.724,16.095,15.556
2016-03-08,15.719,15.526,15.808,14.894
2016-03-09,15.324,14.968,15.324,14.874
2016-03-10,14.978,14.656,15.096,14.582
2016-03-11,14.548,14.716,14.825,14.488
2016-03-14,14.973,15.344,15.467,14.829
2016-03-15,15.329,15.26,15.719,15.126
2016-03-16,15.566,15.032,15.566,14.978
2016-03-17,15.052,15.462,15.571,14.958
2016-03-18,15.62,16.065,16.11,15.502
2016-03-21,16.209,16.678,16.856,16.164
2016-03-22,16.584,16.332,16.654,16.317
2016-03-23,16.362,16.757,16.846,16.312
2016-03-24,16.752,16.263,16.752,16.219
2016-03-25,16.214,16.298,16.441,16.149
2016-03-28,16.332,16.609,17.044,16.332
2016-03-29,16.658,15.966,16.658,15.759
2016-03-30,16.09,16.935,17.4,16.09
2016-03-31,17.039,16.762,17.039,16.619
2016-04-01,16.663,16.436,16.836,16.263
2016-04-05,16.698,16.906,16.98,16.312
2016-04-06,16.831,17.103,17.276,16.807
2016-04-07,17.153,16.668,17.158,16.609
2016-04-08,16.401,16.792,16.891,16.357
2016-04-11,16.767,17.286,17.326,16.767
2016-04-12,17.286,17.014,17.291,16.807
2016-04-13,17.034,17.232,17.425,17.034
2016-04-14,17.301,17.662,17.682,17.098
2016-04-15,17.657,17.444,17.795,17.341
2016-04-18,17.499,17.454,17.548,17.163
2016-04-19,17.449,17.296,17.627,17.123
2016-04-20,17.37,16.06,17.37,15.719
2016-04-21,15.868,15.719,16.149,15.704
2016-04-25,16.807,16.49,16.807,15.932
2016-04-26,16.436,16.649,16.747,16.214
2016-04-27,16.56,17.543,18.196,16.56
2016-04-28,17.301,17.153,17.548,16.752
2016-04-29,17.247,17.118,17.435,17.034
2016-05-03,17.103,17.692,17.726,17.103
2016-05-04,17.795,17.489,17.795,17.41
2016-05-05,17.489,17.731,17.825,17.301
2016-05-06,17.894,19.501,19.506,17.894
2016-05-09,19.219,18.71,19.219,18.463
2016-05-10,18.794,19.12,19.57,18.23
2016-05-11,19.427,17.746,19.427,17.464
2016-05-12,17.029,16.268,17.034,16.065
2016-05-13,16.115,16.204,16.584,15.877
2016-05-16,16.11,16.535,16.55,16.041
2016-05-17,16.649,16.846,17.098,16.416
2016-05-18,16.401,16.268,16.797,15.971
2016-05-19,15.971,16.307,16.609,15.971
2016-05-20,16.065,16.505,16.56,15.971
2016-05-23,16.708,17.079,17.093,16.505
2016-05-24,17.123,16.782,17.123,16.708
2016-05-25,16.906,16.827,17.079,16.713
2016-05-26,16.747,16.807,17.0,16.322
2016-05-27,16.703,16.728,16.866,16.56
2016-05-30,16.911,17.39,18.275,16.807
2016-05-31,17.296,18.196,18.225,17.207
2016-06-01,18.191,18.685,18.725,18.191
2016-06-02,19.229,19.619,19.995,19.13
2016-06-03,20.344,21.585,21.585,20.344
2016-06-06,21.039,20.166,21.188,19.679
2016-06-07,19.838,19.749,20.027,19.431
2016-06-08,19.769,19.411,19.798,19.084
2016-06-13,18.885,18.062,19.302,17.962
2016-06-14,17.863,18.389,18.558,17.814
2016-06-15,17.962,19.064,19.332,17.863
2016-06-16,18.836,19.094,19.431,18.766
2016-06-17,19.53,18.915,19.709,18.766
2016-06-20,18.915,19.054,19.352,18.746
2016-06-21,19.163,18.598,19.322,18.479
2016-06-22,18.359,18.905,18.935,18.359
2016-06-23,18.905,18.985,19.074,18.558
2016-06-24,19.034,19.034,19.352,17.982
2016-06-27,18.717,19.233,19.253,18.707
2016-06-28,19.401,19.163,19.401,18.875
2016-06-29,19.193,19.213,19.352,19.094
2016-06-30,19.213,18.826,19.342,18.717
2016-07-01,18.826,18.727,19.014,18.677
2016-07-04,18.608,19.163,19.183,18.558
2016-07-05,19.302,19.124,19.302,18.935
2016-07-06,19.014,20.126,20.275,18.935
2016-07-07,20.146,19.53,20.245,19.203
2016-07-08,19.451,19.282,19.511,19.134
2016-07-11,19.203,19.084,19.451,19.014
2016-07-12,19.044,19.173,19.233,18.667
2016-07-13,19.203,19.401,19.421,18.945
2016-07-14,19.431,19.342,19.53,19.203
2016-07-15,19.352,19.153,19.451,19.114
2016-07-18,19.064,19.302,19.471,19.054
2016-07-19,19.332,19.322,19.372,18.985
2016-07-20,19.302,19.322,19.352,19.163
2016-07-21,19.411,19.58,19.759,19.253
2016-07-22,19.65,19.143,19.699,19.134
2016-07-25,18.866,18.945,19.173,18.806
2016-07-26,18.856,19.322,19.352,18.856
2016-07-27,19.292,18.23,19.53,18.161
2016-07-28,18.151,18.042,18.409,17.903
2016-07-29,18.23,17.625,18.24,17.466
2016-08-01,17.536,17.883,18.052,17.04
2016-08-02,17.863,18.072,18.161,17.566
2016-08-03,18.062,18.101,18.211,17.933
2016-08-04,18.211,17.972,18.211,17.804
2016-08-05,17.972,17.833,18.062,17.764
2016-08-08,17.863,18.33,18.359,17.784
2016-08-09,18.359,18.558,18.746,18.359
2016-08-10,18.677,18.955,19.124,18.568
2016-08-11,18.935,18.479,19.034,18.459
2016-08-12,18.657,18.707,18.717,18.379
2016-08-15,18.667,19.014,19.114,18.538
2016-08-16,19.024,19.064,19.124,18.915
2016-08-17,19.064,18.925,19.104,18.856
2016-08-18,18.985,18.925,19.084,18.766
2016-08-19,18.925,19.034,19.134,18.875
2016-08-22,18.955,18.905,19.203,18.856
2016-08-23,18.915,18.945,19.064,18.846
2016-08-24,18.945,18.885,19.005,18.806
2016-08-25,18.856,18.518,18.905,18.359
2016-08-26,18.568,19.203,19.282,18.419
2016-08-29,20.047,20.374,20.801,19.997
2016-08-30,20.493,19.987,20.741,19.749
2016-08-31,19.798,20.831,21.168,19.798
2016-09-01,20.821,21.227,21.803,20.443
2016-09-02,21.138,20.831,21.188,20.443
2016-09-05,20.84,21.902,21.962,20.205
2016-09-06,21.724,22.518,22.786,21.466
2016-09-07,22.528,21.674,23.49,21.595
2016-09-08,21.694,21.605,22.061,20.979
2016-09-09,21.416,21.337,21.694,21.237
2016-09-12,20.642,20.364,21.138,20.166
2016-09-13,20.543,20.761,20.821,20.305
2016-09-14,20.642,20.344,20.771,20.324
2016-09-19,20.394,20.721,21.009,20.394
2016-09-20,20.96,21.029,21.108,20.543
2016-09-21,21.029,21.366,21.476,20.791
2016-09-22,21.624,21.446,21.624,21.079
2016-09-23,21.426,20.96,21.624,20.89
2016-09-26,20.89,21.922,22.805,20.791
2016-09-27,21.932,22.389,22.607,21.347
2016-09-28,22.309,23.252,23.679,22.131
2016-09-29,23.004,23.024,23.46,22.756
2016-09-30,23.113,23.371,23.679,22.726
2016-10-10,23.47,22.924,23.56,22.528
2016-10-11,22.835,22.795,23.093,22.428
2016-10-12,22.627,23.024,23.054,22.428
2016-10-13,22.905,23.351,23.689,22.825
2016-10-14,23.192,23.054,23.52,22.905
2016-10-17,23.103,22.379,23.232,22.339
2016-10-18,22.279,22.537,22.597,22.23
2016-10-19,22.815,22.458,22.815,22.379
2016-10-20,22.577,22.537,22.815,22.389
2016-10-21,22.577,22.101,22.676,21.833
2016-10-24,22.081,22.051,22.101,21.535
2016-10-25,22.061,22.091,22.299,21.982
2016-10-26,22.091,22.18,22.339,22.091
2016-10-27,22.18,22.2,22.339,22.16
2016-10-28,22.428,21.793,22.448,21.634
2016-10-31,21.595,21.257,21.783,20.95
2016-11-01,21.277,21.684,21.813,21.277
2016-11-02,21.734,21.654,21.882,21.495
2016-11-03,21.664,22.24,22.299,21.505
2016-11-04,22.23,22.726,22.805,22.041
2016-11-07,22.627,22.627,22.895,22.389
2016-11-08,22.825,22.954,23.153,22.279
2016-11-09,22.964,22.24,22.964,22.2
2016-11-10,22.428,22.498,22.726,22.21
2016-11-11,22.528,22.25,22.577,22.22
2016-11-14,22.18,22.27,22.528,22.15
2016-11-15,22.279,24.492,24.492,22.19
2016-11-16,24.661,24.641,26.438,24.562
2016-11-17,24.463,25.227,25.683,24.393
2016-11-18,24.502,25.564,27.291,24.502
2016-11-21,25.465,24.909,26.199,24.721
2016-11-22,24.81,24.909,26.299,24.215
2016-11-23,24.711,24.185,25.068,24.135
2016-11-24,24.264,23.629,24.304,23.421
2016-11-25,23.639,23.629,23.798,23.212
2016-11-28,23.629,22.954,23.986,22.855
2016-11-29,23.083,23.302,23.49,22.825
2016-11-30,23.351,22.666,23.421,22.637
2016-12-01,22.478,22.26,22.637,22.021
2016-12-02,22.319,21.595,22.349,21.218
2016-12-05,21.237,21.704,21.763,21.089
2016-12-06,21.714,22.131,22.22,21.634
2016-12-07,22.101,22.14,22.339,21.982
2016-12-08,22.041,21.724,22.329,21.694
2016-12-09,21.734,21.763,21.803,21.416
2016-12-12,21.644,20.324,21.763,19.947
2016-12-13,20.066,20.324,20.543,19.957
2016-12-14,20.344,19.947,20.453,19.947
2016-12-15,19.947,20.066,20.443,19.937
2016-12-16,20.185,20.503,20.672,20.076
2016-12-19,20.533,20.503,20.821,20.334
2016-12-20,20.453,20.632,20.692,20.443
2016-12-21,20.692,20.9,20.94,20.642
2016-12-22,20.86,21.347,21.406,20.592
2016-12-23,21.198,21.595,21.724,21.198
2016-12-26,21.595,21.753,21.873,21.168
2016-12-27,21.734,22.438,22.627,21.644
2016-12-28,22.329,22.23,22.537,21.962
2016-12-29,22.031,22.19,22.23,21.972
2016-12-30,22.19,21.615,22.379,21.287
2017-01-03,21.654,21.525,21.833,21.436
2017-01-04,21.525,21.704,21.783,21.406
2017-01-05,21.783,21.863,21.922,21.486
2017-01-06,21.813,21.138,21.823,20.84
2017-01-09,20.969,20.672,20.999,20.563
2017-01-10,20.662,20.821,20.969,20.622
2017-01-11,20.642,20.84,20.95,20.642
2017-01-12,20.702,20.88,20.969,20.702
2017-01-13,20.831,21.059,21.495,20.801
2017-01-16,21.237,19.729,21.317,18.955
2017-01-17,19.6,19.888,20.146,19.411
2017-01-18,19.888,19.401,19.977,19.372
2017-01-19,19.401,19.421,19.65,19.253
2017-01-20,19.421,19.57,19.749,19.322
2017-01-23,19.58,20.285,20.394,19.57
2017-01-24,20.295,20.215,20.443,20.007
2017-01-25,20.056,20.047,20.384,19.947
2017-01-26,20.056,20.275,20.334,20.027
2017-02-03,20.344,20.205,20.434,20.126
2017-02-06,20.195,20.295,20.384,19.967
2017-02-07,20.275,20.235,20.394,20.106
2017-02-08,20.235,20.354,20.414,20.007
2017-02-09,20.424,20.612,20.662,20.344
2017-02-10,20.553,20.751,21.178,20.553
2017-02-13,20.84,21.138,21.188,20.652
2017-02-14,20.969,20.979,21.237,20.692
2017-02-15,20.761,23.073,23.073,20.741
2017-02-16,23.321,23.907,24.314,22.875
2017-02-17,23.202,22.478,23.222,22.309
2017-02-20,22.081,22.359,22.468,21.892
2017-02-21,22.329,22.518,22.557,21.942
2017-02-22,22.339,22.458,22.488,22.051
2017-02-23,22.379,21.783,22.379,21.724
2017-02-24,21.724,22.17,22.18,21.585
2017-02-27,22.389,21.654,22.418,21.634
2017-02-28,21.585,21.892,21.922,21.585
2017-03-01,21.823,21.892,22.071,21.684
2017-03-02,21.902,21.793,22.011,21.644
2017-03-03,21.644,21.307,21.664,21.218
2017-03-06,21.486,21.853,21.873,21.337
2017-03-07,21.853,22.289,22.428,21.714
2017-03-08,22.22,22.081,22.349,21.892
2017-03-09,21.962,21.535,22.041,21.505
2017-03-10,21.634,21.605,21.694,21.446
2017-03-13,21.674,21.535,21.674,21.337
2017-03-14,21.615,21.406,21.664,21.396
2017-03-15,21.406,21.624,21.644,21.227
2017-03-16,21.595,21.773,21.882,21.505
2017-03-17,21.863,21.644,22.329,21.605
2017-03-20,21.565,21.575,21.654,21.337
2017-03-21,21.565,21.535,21.674,21.466
2017-03-22,21.505,20.741,21.525,20.721
2017-03-23,20.721,20.662,20.93,20.424
2017-03-24,20.692,20.602,20.731,20.443
2017-03-27,20.702,20.791,20.95,20.602
2017-03-28,20.91,20.85,21.079,20.711
2017-03-29,21.009,20.553,21.009,20.037
2017-03-30,20.553,19.828,20.582,19.779
2017-03-31,20.136,19.858,20.156,19.64
2017-04-05,20.047,21.227,21.783,20.047
2017-04-06,21.327,20.741,21.356,20.682
2017-04-07,20.662,20.92,21.059,20.662
2017-04-10,21.049,21.198,21.575,20.94
2017-04-11,21.158,20.821,21.188,20.146
2017-04-12,20.831,20.702,20.89,20.424
2017-04-13,20.642,20.821,21.009,20.493
2017-04-14,21.089,21.029,21.863,20.92
2017-04-17,20.85,20.096,20.87,19.818
2017-04-18,20.096,19.798,20.295,19.699
2017-04-19,19.828,18.995,19.828,18.647
2017-04-20,19.054,18.766,19.064,18.717
2017-04-21,18.796,19.014,19.173,18.796
2017-04-24,19.014,18.538,19.034,18.518
2017-04-25,18.657,18.737,18.905,18.657
2017-04-26,19.064,19.193,19.501,18.756
2017-04-27,20.096,20.146,21.108,19.749
2017-04-28,19.65,19.987,20.037,19.372
2017-05-02,20.027,19.957,20.513,19.848
2017-05-03,19.709,19.292,19.838,19.163
2017-05-04,19.253,19.382,19.669,18.925
2017-05-05,19.63,19.709,20.116,19.461
2017-05-08,19.054,18.657,19.342,18.657
2017-05-09,18.558,18.796,18.945,18.538
2017-05-10,18.915,18.042,18.915,17.962
2017-05-11,17.843,17.665,17.863,17.119
2017-05-12,17.744,17.685,17.863,17.486
2017-05-15,17.645,17.635,17.953,17.625
2017-05-16,17.645,18.032,18.042,17.466
2017-05-17,18.052,18.052,18.24,18.012
2017-05-18,18.022,17.933,18.052,17.873
2017-05-19,17.873,18.002,18.141,17.814
2017-05-22,17.953,17.714,18.042,17.665
2017-05-23,17.695,17.188,17.804,16.871
2017-05-24,17.069,16.861,17.159,16.573
2017-05-25,16.791,16.95,17.01,16.583
2017-05-26,17.01,17.327,17.397,16.97
2017-05-31,17.377,17.327,17.853,17.288
2017-06-01,17.317,16.861,17.317,16.851
2017-06-02,16.96,17.03,17.149,16.712
2017-06-05,17.52,17.36,17.64,17.25
2017-06-06,17.27,17.51,17.62,17.21
2017-06-07,17.53,17.82,17.95,17.45
2017-06-08,17.82,18.06,18.36,17.81
2017-06-09,18.09,18.12,18.24,17.91
2017-06-12,18.13,18.15,18.18,17.85
2017-06-13,18.2,18.17,18.28,18.05
2017-06-14,18.08,17.93,18.2,17.92
2017-06-15,17.93,18.2,18.4,17.93
2017-06-16,18.35,18.16,18.35,18.12
2017-06-19,18.26,18.16,18.26,18.03
2017-06-20,18.15,18.08,18.25,18.01
2017-06-21,18.11,17.95,18.18,17.88
2017-06-22,17.98,17.61,18.05,17.6
2017-06-23,17.63,17.45,17.86,17.34
2017-06-26,17.65,17.62,17.65,17.38
2017-06-27,17.7,18.03,18.05,17.67
2017-06-28,18.08,17.73,18.08,17.67
2017-06-29,17.61,17.72,17.85,17.57
2017-06-30,17.7,17.58,17.7,17.4
2017-07-03,17.57,17.78,17.8,17.42
2017-07-04,17.8,17.62,17.85,17.4
2017-07-05,17.62,17.61,17.64,17.45
2017-07-06,17.64,17.44,17.64,17.37
2017-07-07,17.44,17.43,17.49,17.31
2017-07-10,17.38,17.3,17.45,17.23
2017-07-11,17.23,17.07,17.36,17.03
2017-07-12,17.02,16.97,17.24,16.5
2017-07-13,16.99,16.93,16.99,16.72
2017-07-14,16.9,16.8,17.08,16.8
2017-07-17,16.96,15.57,16.96,15.5
2017-07-18,15.56,15.8,15.9,15.55
2017-07-19,16.0,16.19,16.26,15.66
2017-07-20,16.19,15.88,16.29,15.82
2017-07-21,15.99,15.94,15.99,15.7
2017-07-24,16.0,16.08,16.27,16.0
2017-07-25,16.15,15.88,16.15,15.8
2017-07-26,15.99,16.15,16.22,15.86
2017-07-27,16.14,16.38,16.4,15.98
2017-07-28,16.7,16.38,16.88,16.26
2017-07-31,16.28,16.21,16.63,16.1
2017-08-01,16.28,16.23,16.28,16.07
2017-08-02,16.31,16.04,16.31,16.02
2017-08-03,16.04,16.21,16.31,15.93
2017-08-04,16.11,15.96,16.16,15.9
2017-08-07,15.86,16.9,17.41,15.86
2017-08-08,16.71,16.62,16.85,16.42
2017-08-09,16.48,16.53,16.62,16.38
2017-08-10,16.49,16.25,16.58,16.22
2017-08-11,16.24,16.09,16.25,16.01
2017-08-14,16.16,16.28,16.35,16.16
2017-08-15,16.28,16.34,16.48,16.21
2017-08-16,16.26,16.42,16.43,16.16
2017-08-17,16.55,16.66,16.9,16.36
2017-08-18,16.56,16.42,16.65,16.37
2017-08-21,16.42,16.48,16.54,16.4
2017-08-22,16.48,16.46,16.68,16.3
2017-08-23,16.42,16.3,16.42,16.25
2017-08-24,16.25,16.09,16.36,16.01
2017-08-25,16.18,16.24,16.28,16.07
2017-08-28,16.25,16.53,16.54,16.25
2017-08-29,16.55,18.18,18.18,16.51
2017-08-30,17.95,17.66,17.95,17.42
2017-08-31,17.48,18.35,18.7,17.48
2017-09-01,18.58,18.31,18.58,18.11
2017-09-04,17.83,17.86,18.1,17.63
2017-09-05,17.8,17.82,17.98,17.59
2017-09-06,17.83,17.9,17.91,17.62
2017-09-07,17.81,17.85,18.19,17.75
2017-09-08,17.81,18.06,18.1,17.79
2017-09-11,18.01,17.76,18.05,17.7
2017-09-12,17.6,17.61,17.85,17.55
2017-09-13,17.67,17.67,17.78,17.45
2017-09-14,17.59,17.57,17.77,17.51
2017-09-15,17.49,17.62,17.64,17.43
2017-09-18,17.62,17.92,17.94,17.52
2017-09-19,17.95,17.83,18.03,17.72
2017-09-20,17.78,18.18,18.2,17.77
2017-09-21,18.18,17.95,18.28,17.93
2017-09-22,17.82,17.69,17.9,17.58
2017-09-25,17.68,17.38,17.68,17.3
2017-09-26,17.38,17.22,17.47,17.18
2017-09-27,17.25,17.39,17.49,17.25
2017-09-28,17.55,17.51,17.64,17.38
2017-09-29,17.51,17.8,17.84,17.45
2017-10-09,17.9,17.64,18.09,17.47
2017-10-10,17.65,17.82,17.88,17.48
2017-10-11,17.79,17.52,17.82,17.46
2017-10-12,17.6,17.63,17.74,17.51
2017-10-13,17.64,18.25,18.32,17.33
2017-10-16,18.2,18.31,18.49,17.94
2017-10-17,18.26,18.05,18.26,18.0
2017-10-18,18.04,18.27,18.38,17.96
2017-10-19,18.14,18.15,18.45,17.59
2017-10-20,18.0,18.19,18.21,17.8
2017-10-23,18.26,18.39,18.4,18.1
2017-10-24,18.3,18.33,18.35,17.98
2017-10-25,18.26,18.52,18.63,18.15
2017-10-26,18.6,18.12,18.66,18.11
2017-10-27,18.16,18.49,18.62,18.0
2017-10-30,18.65,17.52,18.65,16.64
2017-10-31,17.5,18.48,18.49,17.4
2017-11-01,18.37,18.34,18.51,18.25
2017-11-02,18.3,18.29,18.57,18.23
2017-11-03,18.28,18.48,18.59,17.53
2017-11-06,18.42,18.48,18.55,18.12
2017-11-07,18.49,18.31,18.51,18.18
2017-11-08,18.38,18.08,18.4,18.08
2017-11-09,17.97,17.77,18.1,17.72
2017-11-10,17.8,18.06,18.1,17.8
2017-11-13,18.1,17.96,18.17,17.85
2017-11-14,17.94,17.77,18.1,17.71
2017-11-15,17.81,17.43,18.0,17.3
2017-11-16,17.3,17.5,17.68,17.21
2017-11-17,17.48,16.54,17.5,16.5
2017-11-20,16.45,16.91,17.0,16.0
2017-11-21,16.8,16.32,16.99,15.8
2017-11-22,16.32,16.44,16.54,16.18
2017-11-23,16.27,16.15,16.48,16.11
2017-11-24,16.15,16.04,16.3,15.95
2017-11-27,16.04,15.99,16.08,15.8
2017-11-28,16.09,16.15,16.15,15.73
2017-11-29,16.18,16.06,16.18,15.91
2017-11-30,16.12,16.02,16.13,15.95
2017-12-01,16.06,16.18,16.23,15.93
2017-12-04,16.05,16.05,16.22,16.0
2017-12-05,15.82,15.4,16.05,15.32
2017-12-06,15.37,15.13,15.57,14.7
2017-12-07,15.13,15.1,15.2,14.87
2017-12-08,15.12,15.38,15.42,15.12
2017-12-11,15.39,15.37,15.39,15.12
2017-12-12,15.28,15.37,15.49,15.28
2017-12-13,15.15,15.36,15.43,15.15
2017-12-14,15.5,15.29,15.5,15.23
2017-12-15,15.15,15.19,15.31,15.0
2017-12-18,15.1,15.04,15.38,15.0
2017-12-19,15.27,15.19,15.27,15.1
2017-12-20,15.2,14.86,15.2,14.82
2017-12-21,14.8,14.83,14.95,14.6
2017-12-22,14.81,14.55,14.91,14.48
2017-12-25,14.43,14.05,14.63,14.04
2017-12-26,14.14,14.32,14.34,14.03
2017-12-27,14.35,14.69,14.73,14.25
2017-12-28,14.59,15.22,15.45,14.5
2017-12-29,15.15,16.53,16.74,15.0
2018-01-02,16.46,16.26,16.47,16.02
2018-01-03,16.17,16.32,16.47,15.9
2018-01-04,16.2,16.33,16.37,15.95
2018-01-05,16.12,16.12,16.38,16.08
2018-01-08,16.0,16.33,16.38,16.0
2018-01-09,16.3,16.08,16.3,16.07
2018-01-10,16.1,15.79,16.17,15.7
2018-01-11,15.79,15.67,15.83,15.53
2018-01-12,15.75,15.69,15.75,15.35
2018-01-15,15.71,15.86,16.35,15.48
2018-01-16,15.6,16.06,16.15,15.55
2018-01-17,16.01,16.05,16.22,15.88
2018-01-18,16.1,16.14,16.27,15.99
2018-01-19,16.05,15.78,16.06,15.77
2018-01-22,15.78,15.78,16.03,15.51
2018-01-23,15.95,15.68,15.95,15.62
2018-01-24,15.65,15.64,15.71,15.55
2018-01-25,15.68,15.34,15.75,15.3
2018-01-26,15.36,15.36,15.53,15.3
2018-01-29,15.51,15.3,15.51,15.2
2018-01-30,15.3,15.3,15.42,15.23
2018-01-31,15.37,15.06,15.37,15.01
2018-02-01,15.01,14.99,15.28,14.48
2018-02-02,14.94,14.95,14.96,14.58
2018-02-05,14.51,14.79,14.88,14.51
2018-02-06,14.52,13.71,14.65,13.7
2018-02-07,14.01,12.43,14.18,12.34
2018-02-08,12.2,12.65,12.96,11.97
2018-02-09,12.2,12.32,12.48,12.03
2018-02-12,12.31,12.57,12.64,12.31
2018-02-13,12.65,12.52,12.77,12.5
2018-02-14,12.53,12.55,12.59,12.3
2018-02-22,12.68,12.7,12.73,12.57
2018-02-23,12.9,12.83,13.11,12.7
2018-02-26,12.98,13.1,13.13,12.8
2018-02-27,13.04,13.17,13.2,12.89
2018-02-28,13.03,13.17,13.2,13.01
2018-03-01,13.15,13.48,13.64,13.06
2018-03-02,13.4,13.47,13.67,13.3
2018-03-05,13.47,13.49,13.64,13.31
2018-03-06,13.49,13.76,14.05,13.42
2018-03-07,14.0,13.73,14.05,13.6
2018-03-08,13.53,13.9,13.97,13.53
2018-03-09,14.16,13.9,14.16,13.86
2018-03-12,13.83,13.99,14.14,13.83
2018-03-13,14.0,13.84,14.05,13.81
2018-03-14,13.92,13.57,13.92,13.53
2018-03-15,13.5,14.09,14.21,13.15
2018-03-16,13.97,14.26,14.85,13.9
2018-03-19,14.11,14.05,14.36,13.8
2018-03-20,13.83,13.61,13.98,13.59
2018-03-21,13.7,13.48,13.9,13.38
2018-03-22,13.46,13.39,13.55,13.16
2018-03-23,14.73,13.59,14.73,13.5
2018-03-26,12.7,12.91,13.04,12.23
2018-03-27,12.97,13.02,13.25,12.82
2018-03-28,12.82,12.91,13.08,12.45
2018-03-29,12.9,13.13,13.15,12.8
2018-03-30,13.16,13.28,13.36,13.11
2018-04-02,13.22,13.59,13.78,13.15
2018-04-03,13.46,13.62,13.65,13.3
2018-04-04,13.62,13.5,13.83,13.48
2018-04-09,13.4,13.11,13.49,13.0
2018-04-10,13.15,13.15,13.23,13.0
2018-04-11,13.05,13.25,13.38,13.05
2018-04-12,13.18,13.36,13.45,13.11
2018-04-13,13.36,13.24,13.41,13.15
2018-04-16,13.18,13.09,13.29,13.01
2018-04-17,13.12,12.75,13.27,12.67
2018-04-18,12.99,13.18,13.2,12.65
2018-04-19,13.07,13.31,13.41,13.04
2018-04-20,13.29,13.19,13.34,12.92
2018-04-23,13.1,13.24,13.49,13.08
2018-04-24,13.3,13.46,13.65,13.2
2018-04-25,13.42,13.57,13.59,13.31
2018-04-26,13.46,13.56,13.59,12.99
2018-04-27,13.45,13.54,13.65,13.23
2018-05-02,13.54,13.08,13.59,13.0
2018-05-03,13.09,13.08,13.12,12.82
2018-05-04,13.02,12.9,13.09,12.89
2018-05-07,12.9,13.06,13.15,12.88
2018-05-08,13.15,13.2,13.2,13.03
2018-05-09,13.09,13.16,13.27,13.06
2018-05-10,13.2,13.39,13.4,13.13
2018-05-11,13.39,13.29,13.59,13.18
2018-05-14,13.26,13.06,13.29,12.9
2018-05-15,12.98,13.06,13.09,12.89
2018-05-16,13.05,13.01,13.08,12.94
2018-05-17,12.99,13.01,13.13,12.94
2018-05-18,13.0,13.01,13.05,12.9
2018-05-21,13.03,13.18,13.19,13.03
2018-05-22,13.21,13.14,13.21,13.0
2018-05-23,13.08,12.95,13.17,12.9
2018-05-24,12.95,12.84,13.02,12.81
2018-05-25,12.85,12.8,12.91,12.77
