date,open,close,high,low
2016-01-04,29.692,26.814,29.762,26.814
2016-01-05,24.985,27.963,28.493,24.485
2016-01-06,27.883,28.433,28.563,26.784
2016-01-07,27.963,25.595,27.963,25.595
2016-01-08,26.014,25.475,27.064,23.106
2016-01-11,24.485,22.926,25.315,22.926
2016-01-12,21.987,20.638,23.016,20.638
2016-01-13,20.188,19.828,20.977,18.989
2016-01-14,19.189,19.698,19.968,17.849
2016-01-15,19.159,18.129,19.788,17.789
2016-01-18,17.579,18.329,18.579,17.21
2016-01-19,18.139,19.039,19.169,17.949
2016-01-20,18.809,19.039,19.588,18.169
2016-01-21,18.519,18.079,19.418,18.009
2016-01-22,18.419,18.169,18.689,17.21
2016-01-25,18.739,18.619,19.518,18.489
2016-01-26,18.099,16.76,18.099,16.76
2016-01-27,16.67,15.94,16.96,15.091
2016-01-28,15.681,14.561,15.791,14.391
2016-01-29,14.551,15.121,15.271,14.511
2016-02-01,15.121,14.032,15.121,13.612
2016-02-02,14.012,14.541,14.811,13.892
2016-02-03,14.251,14.901,15.071,14.032
2016-02-04,15.141,15.571,16.34,15.101
2016-02-05,15.461,15.791,16.19,15.301
2016-02-15,15.091,15.681,15.871,14.731
2016-02-16,15.761,16.81,16.89,15.741
2016-02-17,16.61,17.19,17.27,16.26
2016-02-18,17.579,16.92,17.939,16.83
2016-02-19,16.59,16.77,16.85,16.4
2016-02-22,16.98,17.11,17.29,16.79
2016-02-23,17.26,17.28,17.55,16.7
2016-02-24,16.89,19.009,19.009,16.89
2016-02-25,19.498,18.119,20.268,17.41
2016-02-26,18.649,18.659,19.928,18.449
2016-02-29,18.109,16.79,18.189,16.79
2016-03-01,15.111,15.631,16.29,15.111
2016-03-02,15.361,16.36,16.59,15.141
2016-03-03,16.35,15.99,16.81,15.91
2016-03-04,16.03,15.681,16.51,15.301
2016-03-07,15.95,16.03,16.28,15.691
2016-03-08,16.37,17.629,17.629,16.18
2016-03-09,16.89,16.34,17.29,16.02
2016-03-10,16.67,15.861,16.84,15.601
2016-03-11,15.291,15.521,15.581,14.891
2016-03-14,15.661,16.7,17.07,15.661
2016-03-15,16.55,16.55,17.24,16.29
2016-03-16,16.59,16.08,16.88,15.821
2016-03-17,16.24,16.79,16.99,16.24
2016-03-18,17.05,17.919,18.459,16.94
2016-03-21,18.089,18.629,18.999,17.639
2016-03-22,18.419,18.299,18.869,18.119
2016-03-23,18.269,18.409,18.539,17.989
2016-03-24,18.169,17.759,18.489,17.679
2016-03-25,17.689,17.899,18.099,17.56
2016-03-28,17.909,17.839,18.539,17.769
2016-03-29,17.789,17.28,17.969,17.05
2016-03-30,17.39,18.159,18.269,17.39
2016-03-31,18.139,18.339,18.489,17.969
2016-04-01,18.199,19.408,19.488,18.069
2016-04-05,19.139,20.088,20.198,18.739
2016-04-06,19.748,19.688,20.238,19.478
2016-04-07,19.958,19.358,20.068,19.089
2016-04-08,19.169,18.779,19.169,18.509
2016-04-11,19.049,19.368,19.458,18.989
2016-04-12,19.408,19.049,19.408,18.879
2016-04-13,19.258,19.888,20.278,19.258
2016-04-14,19.938,20.028,20.148,19.548
2016-04-15,20.028,19.758,20.028,19.668
2016-04-18,19.298,19.418,19.888,18.979
2016-04-19,19.628,19.378,19.818,19.239
2016-04-20,19.468,17.999,19.718,17.869
2016-04-21,18.189,19.798,19.798,17.789
2016-04-22,19.998,20.468,20.788,19.738
2016-04-25,20.018,19.688,20.018,18.989
2016-04-26,19.658,19.688,19.758,19.139
2016-04-27,19.798,20.198,20.758,19.618
2016-04-28,20.588,20.927,21.107,20.188
2016-04-29,20.618,20.618,20.947,20.298
2016-05-03,20.488,21.117,21.217,19.988
2016-05-04,20.937,21.777,21.967,20.588
2016-05-05,21.497,21.767,21.897,21.307
2016-05-06,21.767,20.218,22.427,20.188
2016-05-09,19.788,19.418,19.888,18.769
2016-05-10,18.999,19.468,19.568,18.999
2016-05-11,19.708,19.029,19.868,18.989
2016-05-12,18.789,18.679,18.859,17.619
2016-05-13,18.389,18.349,18.889,18.279
2016-05-16,18.329,18.669,18.739,18.289
2016-05-17,18.889,19.368,19.778,18.889
2016-05-18,19.388,18.559,19.508,17.889
2016-05-19,18.399,18.299,18.789,18.099
2016-05-20,18.169,18.339,18.369,17.899
2016-05-23,18.459,18.519,18.719,18.339
2016-05-24,18.379,18.779,18.859,18.249
2016-05-25,18.789,18.209,19.139,18.169
2016-05-26,18.219,18.379,18.609,17.889
2016-05-27,18.279,18.099,18.389,18.059
2016-05-30,18.089,18.039,18.089,17.51
2016-05-31,17.989,18.739,18.789,17.949
2016-06-01,18.809,19.049,19.268,18.639
2016-06-02,18.789,19.119,19.308,18.789
2016-06-03,19.089,19.069,19.189,18.869
2016-06-06,19.099,19.398,19.428,18.969
2016-06-07,19.428,19.368,19.758,19.219
2016-06-08,19.388,19.049,19.458,19.009
2016-06-13,18.819,17.819,18.869,17.649
2016-06-14,17.689,17.989,18.069,17.579
2016-06-15,17.789,18.379,18.549,17.669
2016-06-16,18.379,19.468,19.988,18.239
2016-06-17,19.348,19.059,19.738,18.909
2016-06-20,19.069,18.989,19.378,18.609
2016-06-21,19.139,19.388,19.688,19.139
2016-06-22,19.418,19.588,19.958,19.268
2016-06-23,19.438,19.278,19.568,19.059
2016-06-24,19.189,18.739,19.428,18.009
2016-06-27,18.419,19.149,19.239,18.389
2016-06-28,19.209,19.368,19.468,19.049
2016-06-29,19.468,19.478,19.718,19.378
2016-06-30,19.488,19.149,19.638,18.949
2016-07-01,19.069,19.059,19.248,18.879
2016-07-04,18.739,19.678,19.688,18.719
2016-07-05,19.588,19.608,19.758,19.358
2016-07-06,19.828,20.508,20.888,19.708
2016-07-07,20.328,21.497,22.207,20.328
2016-07-08,21.287,21.327,21.677,20.878
2016-07-11,21.237,20.308,21.457,20.148
2016-07-12,20.288,20.768,20.888,19.988
2016-07-13,20.788,21.367,21.637,20.538
2016-07-14,21.187,20.957,21.347,20.878
2016-07-15,20.937,21.567,21.587,20.798
2016-07-18,21.367,21.307,21.937,21.237
2016-07-19,21.107,20.907,21.257,20.438
2016-07-20,20.688,20.648,20.937,20.638
2016-07-21,20.768,20.578,20.898,20.548
2016-07-22,20.678,20.308,20.678,20.228
2016-07-25,20.268,20.418,20.538,20.098
2016-07-26,20.418,20.608,20.658,20.348
2016-07-27,20.578,19.348,20.608,18.989
2016-07-28,19.298,19.049,19.858,18.769
2016-07-29,18.959,18.949,19.179,18.609
2016-08-01,18.929,18.769,19.029,18.499
2016-08-02,18.769,18.979,19.049,18.549
2016-08-03,18.889,19.308,19.388,18.889
2016-08-04,19.219,19.308,19.588,19.219
2016-08-05,19.418,19.898,20.068,19.159
2016-08-08,19.898,19.778,20.088,19.658
2016-08-09,19.628,19.978,20.048,19.598
2016-08-10,19.988,19.658,20.128,19.638
2016-08-11,19.858,19.009,19.958,18.989
2016-08-12,18.879,19.488,19.728,18.879
2016-08-15,19.438,19.808,19.958,19.219
2016-08-16,19.978,20.368,20.488,19.808
2016-08-17,20.388,20.977,21.337,20.038
2016-08-18,20.987,21.187,21.987,20.987
2016-08-19,21.037,22.966,23.306,21.037
2016-08-22,22.986,22.007,23.386,21.917
2016-08-23,22.007,22.137,22.557,21.767
2016-08-24,22.337,21.987,22.666,21.797
2016-08-25,22.257,23.026,23.186,20.987
2016-08-26,22.736,22.646,23.136,22.567
2016-08-29,22.636,22.557,22.676,22.297
2016-08-30,22.666,22.457,22.986,22.307
2016-08-31,22.457,21.717,22.646,21.487
2016-09-01,21.847,21.627,22.067,21.507
2016-09-02,21.497,21.487,22.147,21.427
2016-09-05,21.587,21.577,21.977,21.507
2016-09-06,21.577,21.897,22.067,21.407
2016-09-07,21.917,21.627,22.117,21.527
2016-09-08,21.617,21.877,21.927,21.567
2016-09-09,21.947,22.247,22.377,21.837
2016-09-12,21.767,21.997,22.886,21.467
2016-09-13,21.997,22.616,22.666,21.657
2016-09-14,22.307,23.466,23.976,22.307
2016-09-19,23.466,23.086,23.866,22.806
2016-09-20,23.096,22.736,23.096,22.337
2016-09-21,22.537,22.517,22.696,22.287
2016-09-22,22.517,22.467,22.716,22.347
2016-09-23,22.387,22.896,23.586,22.387
2016-09-26,23.236,22.746,23.286,22.686
2016-09-27,22.686,22.097,22.686,21.787
2016-09-28,22.177,21.737,22.177,21.447
2016-09-29,21.987,21.737,22.207,21.627
2016-09-30,21.817,21.347,21.817,21.317
2016-10-10,21.487,21.867,21.987,21.487
2016-10-11,21.997,21.957,22.157,21.787
2016-10-12,21.857,21.547,21.857,21.447
2016-10-13,21.487,21.607,21.707,21.457
2016-10-14,21.497,21.207,21.647,21.137
2016-10-17,21.217,21.497,21.587,21.187
2016-10-18,21.207,21.457,21.537,21.017
2016-10-19,21.587,21.497,21.627,21.287
2016-10-20,21.497,21.287,21.497,21.197
2016-10-21,21.317,20.937,21.367,20.718
2016-10-24,20.878,21.087,21.137,20.878
2016-10-25,21.137,20.868,21.137,20.758
2016-10-26,20.967,21.497,21.507,20.528
2016-10-27,21.477,21.477,21.867,21.187
2016-10-28,21.507,21.197,21.827,21.087
2016-10-31,21.097,21.117,21.347,20.868
2016-11-01,21.237,21.377,21.447,20.997
2016-11-02,21.357,20.987,21.577,20.888
2016-11-03,20.987,20.997,21.137,20.658
2016-11-04,20.917,20.638,20.987,20.538
2016-11-07,20.638,21.187,21.367,20.598
2016-11-08,21.187,21.167,21.387,21.067
2016-11-09,21.287,21.077,21.287,20.838
2016-11-10,21.097,21.277,21.347,21.097
2016-11-11,21.287,21.437,21.647,21.147
2016-11-14,21.417,21.677,21.757,21.227
2016-11-15,21.947,21.477,21.947,21.277
2016-11-16,21.607,21.927,21.967,21.287
2016-11-17,21.817,21.817,21.927,21.667
2016-11-18,21.817,22.217,22.267,21.597
2016-11-21,22.187,22.916,23.566,21.937
2016-11-22,22.866,23.246,23.356,22.507
2016-11-23,23.086,22.337,23.166,22.267
2016-11-24,22.327,24.575,24.575,22.327
2016-11-25,24.675,24.655,25.475,23.896
2016-11-28,24.505,23.886,24.635,23.676
2016-11-29,23.686,22.327,23.736,22.287
2016-11-30,22.067,22.327,22.646,21.547
2016-12-01,22.786,22.477,23.346,22.337
2016-12-02,22.387,22.896,23.156,21.897
2016-12-05,22.447,22.127,22.606,22.067
2016-12-06,22.387,22.626,22.666,21.997
2016-12-07,22.547,22.537,22.656,22.207
2016-12-08,22.586,22.147,22.706,22.087
2016-12-09,22.147,21.727,22.437,21.707
2016-12-12,21.737,20.947,22.417,20.868
2016-12-29,20.927,20.408,20.927,19.498
2016-12-30,20.038,20.128,20.478,20.038
2017-01-03,20.168,20.698,20.768,20.168
2017-01-04,20.688,20.798,20.878,20.388
2017-01-05,20.658,21.187,21.557,20.638
2017-01-06,20.987,21.487,21.687,20.987
2017-01-09,21.437,21.667,21.697,21.187
2017-01-10,21.627,21.717,21.977,21.397
2017-01-11,21.547,21.927,22.487,21.397
2017-01-12,21.887,21.527,22.417,21.477
2017-01-13,21.517,20.648,21.757,20.518
2017-01-16,20.648,19.288,20.668,18.639
2017-01-17,18.789,19.258,19.678,18.639
2017-01-18,19.258,19.119,19.388,19.089
2017-01-19,19.129,19.139,19.179,18.769
2017-01-20,19.139,19.338,19.478,18.899
2017-01-23,19.378,19.548,19.768,19.378
2017-01-24,19.528,19.828,20.138,19.348
2017-01-25,19.788,21.807,21.807,19.588
2017-01-26,21.257,20.418,21.437,19.988
2017-02-03,20.298,20.428,20.468,19.768
2017-02-06,20.318,20.458,20.638,19.948
2017-02-07,20.238,20.218,20.528,20.168
2017-02-08,20.168,20.058,20.248,19.618
2017-02-09,19.988,20.378,20.398,19.928
2017-02-10,20.268,20.088,20.378,20.038
2017-02-13,20.138,20.378,20.428,20.028
2017-02-14,20.318,20.688,20.768,20.268
2017-02-15,20.648,20.688,21.077,20.548
2017-02-16,20.668,22.756,22.756,20.088
2017-02-17,23.486,22.756,23.676,21.977
2017-02-20,22.616,23.016,23.586,22.087
2017-02-21,22.666,22.856,23.126,22.557
2017-02-22,22.996,23.046,23.376,22.666
2017-02-23,22.796,22.606,22.996,22.387
2017-02-24,22.507,22.696,22.786,22.337
2017-02-27,22.646,22.527,22.816,22.397
2017-02-28,22.487,22.147,22.487,21.887
2017-03-01,22.157,23.066,23.246,22.027
2017-03-02,23.026,22.636,23.026,22.626
2017-03-03,22.457,22.596,22.886,22.097
2017-03-06,22.397,22.876,23.136,22.397
2017-03-07,22.786,22.826,23.136,22.736
2017-03-08,22.766,22.646,23.076,22.447
2017-03-09,22.557,21.747,22.557,21.577
2017-03-10,21.677,21.347,21.917,21.327
2017-03-13,21.337,21.507,21.587,20.987
2017-03-14,21.507,21.607,21.927,21.497
2017-03-15,21.497,21.877,22.057,21.497
2017-03-16,21.877,21.897,22.047,21.687
2017-03-17,21.837,21.567,21.947,21.507
2017-03-20,21.267,21.537,21.607,21.257
2017-03-21,21.537,21.707,22.107,21.417
2017-03-22,21.757,21.547,21.867,21.497
2017-03-23,21.537,20.868,21.727,20.518
2017-03-24,20.888,21.077,21.157,20.668
2017-03-27,20.987,20.868,21.077,20.768
2017-03-28,20.838,21.147,21.337,20.838
2017-03-29,21.087,21.237,21.637,20.568
2017-03-30,21.047,21.587,22.367,20.688
2017-03-31,21.387,21.417,22.047,21.187
2017-04-05,21.797,21.957,22.057,21.417
2017-04-06,21.887,22.307,22.337,21.787
2017-04-07,22.437,22.057,22.437,21.997
2017-04-10,21.857,21.547,22.017,21.427
2017-04-11,21.537,22.387,22.427,21.507
2017-04-12,22.367,21.837,22.367,21.787
2017-04-13,21.887,22.117,22.437,21.827
2017-04-14,21.807,20.957,22.287,20.248
2017-04-17,20.977,21.137,21.357,20.218
2017-04-18,21.187,20.888,21.467,20.838
2017-04-19,20.788,20.788,20.927,19.788
2017-04-20,20.728,20.308,20.778,20.288
2017-04-21,20.628,20.308,20.628,20.048
2017-04-24,20.248,20.438,20.578,19.488
2017-04-25,19.998,20.218,20.448,19.998
2017-04-26,20.218,20.028,20.368,20.018
2017-04-27,20.038,20.378,20.778,19.618
2017-04-28,20.388,20.528,20.588,20.308
2017-05-02,20.438,20.128,20.438,20.008
2017-05-03,20.138,20.168,20.288,19.988
2017-05-04,20.208,20.328,20.588,20.168
2017-05-05,20.328,20.458,20.588,19.868
2017-05-08,20.438,20.488,21.487,20.288
2017-05-09,20.108,20.248,20.488,19.508
2017-05-10,20.018,20.008,20.288,19.688
2017-05-11,19.998,20.268,20.488,19.588
2017-05-12,20.398,20.348,20.588,20.098
2017-05-15,20.348,20.608,20.678,20.188
2017-05-16,20.588,20.808,21.037,20.418
2017-05-17,20.668,20.658,21.157,20.638
2017-05-18,20.428,21.897,22.726,20.428
2017-05-19,21.957,22.137,23.066,21.887
2017-05-22,22.537,21.537,22.537,21.477
2017-05-23,21.347,20.917,21.427,20.488
2017-05-24,20.788,20.488,20.788,19.618
2017-05-25,20.438,20.398,20.648,19.988
2017-05-26,20.298,20.688,21.517,20.188
2017-05-31,20.498,18.619,20.618,18.619
2017-06-01,17.809,16.76,18.369,16.76
2017-06-02,15.99,15.191,16.25,15.081
2017-06-05,15.071,15.181,15.471,15.071
2017-06-06,15.211,15.211,15.381,14.251
2017-06-07,14.921,15.431,15.491,14.831
2017-06-08,15.291,15.281,15.651,15.201
2017-06-09,15.201,15.441,15.491,15.191
2017-06-12,15.291,14.921,15.421,14.811
2017-06-13,14.881,15.071,15.151,14.881
2017-06-14,14.991,14.931,15.141,14.901
2017-06-15,15.021,15.161,15.241,14.951
2017-06-16,15.151,15.251,15.351,15.091
2017-06-19,15.281,15.601,15.621,15.231
2017-06-20,15.741,15.551,16.17,15.501
2017-06-21,15.531,15.551,15.681,15.291
2017-06-22,15.511,15.231,15.791,15.211
2017-06-23,15.131,15.061,15.271,14.731
2017-06-26,15.081,15.221,15.321,14.911
2017-06-27,15.221,15.161,15.291,15.051
2017-06-28,15.171,15.241,15.271,15.031
2017-06-29,15.291,15.151,15.311,15.101
2017-06-30,15.131,15.051,15.141,14.971
2017-07-03,15.211,15.221,15.261,15.051
2017-07-04,15.291,15.251,15.361,15.161
2017-07-05,15.261,15.221,15.271,15.021
2017-07-06,15.221,15.441,15.471,15.001
2017-07-07,15.891,16.22,16.53,15.891
2017-07-10,15.99,15.751,16.19,15.571
2017-07-11,15.641,15.661,15.94,15.541
2017-07-12,15.891,16.0,16.24,15.821
2017-07-13,15.841,15.98,15.99,15.671
2017-07-14,15.841,16.1,16.22,15.731
2017-07-17,16.11,15.581,16.34,15.021
2017-07-18,15.451,15.661,15.691,15.231
2017-07-19,15.691,15.781,15.821,15.471
2017-07-20,15.741,16.14,16.19,15.601
2017-07-21,16.19,15.92,16.23,15.801
2017-07-24,15.92,15.91,15.92,15.511
2017-07-25,15.91,15.751,16.07,15.711
2017-07-26,15.701,15.431,15.741,15.341
2017-07-27,15.501,15.561,15.591,15.201
2017-07-28,15.451,15.631,15.651,15.351
2017-07-31,15.631,15.651,15.671,15.411
2017-08-01,15.631,15.641,15.751,15.491
2017-08-02,15.641,15.281,15.641,15.231
2017-08-03,15.201,15.381,15.481,15.201
2017-08-04,15.381,15.331,15.381,15.251
2017-08-07,15.321,15.551,15.651,15.271
2017-08-08,15.531,15.481,15.531,15.311
2017-08-09,15.391,15.381,15.461,15.331
2017-08-10,15.301,15.091,15.391,15.031
2017-08-11,15.051,15.021,15.181,14.991
2017-08-14,15.021,15.191,15.191,15.021
2017-08-15,15.161,15.321,15.411,15.161
2017-08-16,15.281,15.471,15.511,15.201
2017-08-17,15.391,15.581,15.611,15.391
2017-08-18,15.531,15.791,16.14,15.411
2017-08-21,15.891,15.891,16.19,15.701
2017-08-22,15.891,15.641,15.97,15.631
2017-08-23,15.601,15.661,15.791,15.571
2017-08-24,15.551,15.94,16.01,15.471
2017-08-25,15.88,15.74,15.89,15.61
2017-08-28,15.76,15.81,15.86,15.67
2017-08-29,15.82,15.6,15.82,15.58
2017-08-30,15.6,15.64,15.73,15.55
2017-08-31,15.64,15.57,15.68,15.52
2017-09-01,15.57,15.73,15.75,15.56
2017-09-04,15.7,15.68,15.83,15.61
2017-09-05,15.41,15.2,15.43,14.85
2017-09-06,15.15,15.19,15.2,15.06
2017-09-07,15.25,15.17,15.28,15.12
2017-09-08,15.2,15.1,15.21,15.04
2017-09-11,15.06,15.04,15.16,14.81
2017-09-12,15.0,14.84,15.04,14.81
2017-09-13,14.82,14.86,14.94,14.75
2017-09-14,14.86,15.11,15.19,14.86
2017-09-15,15.4,15.16,15.65,15.08
2017-09-18,15.02,15.0,15.08,14.82
2017-09-19,14.99,14.98,15.08,14.85
2017-09-20,14.99,14.99,15.03,14.87
2017-09-21,15.0,14.86,15.04,14.81
2017-09-22,14.71,14.5,14.73,14.4
2017-09-25,14.54,14.27,14.64,14.26
2017-09-26,14.24,14.31,14.36,14.18
2017-09-27,14.24,14.36,14.4,14.22
2017-09-28,14.39,14.17,14.4,14.13
2017-09-29,14.16,13.92,14.2,13.75
2017-10-09,14.0,14.27,14.3,13.95
2017-10-10,14.28,14.28,14.32,14.08
2017-10-11,14.25,14.42,14.55,14.25
2017-10-12,14.38,14.52,14.57,14.33
2017-10-13,14.58,14.54,14.58,14.4
2017-10-16,14.46,14.19,14.54,14.07
2017-10-17,14.2,14.13,14.24,14.1
2017-10-18,14.15,14.1,14.24,14.08
2017-10-19,14.16,13.9,14.16,13.78
2017-10-20,14.37,14.88,14.97,14.36
2017-10-23,14.61,14.74,14.86,14.59
2017-10-24,14.68,14.46,14.68,14.36
2017-10-25,13.88,14.03,14.42,13.85
2017-10-26,14.05,14.07,14.17,13.99
2017-10-27,14.1,14.17,14.25,14.05
2017-10-30,14.19,13.94,14.24,13.78
2017-10-31,13.95,14.24,14.36,13.86
2017-11-01,14.16,14.53,14.72,14.16
2017-11-02,14.45,14.38,14.58,14.27
2017-11-03,14.38,14.65,14.67,14.31
2017-11-06,14.7,14.75,14.88,14.48
2017-11-07,14.85,15.15,15.22,14.6
2017-11-08,14.95,14.71,15.05,14.7
2017-11-09,14.61,14.84,14.9,14.46
2017-11-10,14.77,14.67,14.92,14.62
2017-11-13,14.69,14.18,14.77,14.07
2017-11-14,14.19,14.16,14.36,14.08
2017-11-15,14.1,14.1,14.23,13.92
2017-11-16,14.17,14.09,14.2,13.97
2017-11-17,14.1,12.73,14.15,12.68
2017-11-20,12.8,12.53,12.8,12.13
2017-11-21,12.47,12.31,12.6,12.22
2017-11-22,12.33,12.32,12.43,12.16
2017-11-23,12.37,12.14,12.39,12.04
2017-11-24,12.05,12.2,12.28,11.96
2017-11-27,12.1,12.15,12.25,12.1
2017-11-28,12.37,12.43,12.56,12.28
2017-11-29,12.35,12.39,12.49,12.21
2017-11-30,12.39,12.53,12.66,12.36
2017-12-01,12.62,12.42,12.62,12.35
2017-12-04,12.48,12.23,12.48,12.15
2017-12-05,12.21,11.55,12.22,11.34
2017-12-06,11.47,11.6,11.72,11.32
2017-12-07,11.55,11.58,11.72,11.52
2017-12-08,11.64,11.72,11.76,11.5
2017-12-11,11.78,12.23,12.27,11.77
2017-12-12,12.18,12.05,12.18,11.87
2017-12-13,11.97,12.08,12.26,11.95
2017-12-14,12.05,12.07,12.1,11.88
2017-12-15,12.02,11.93,12.03,11.87
2017-12-18,11.86,11.83,11.97,11.75
2017-12-19,11.84,11.95,12.06,11.83
2017-12-20,11.91,11.63,11.91,11.61
2017-12-21,11.62,11.69,11.8,11.51
2017-12-22,11.69,11.91,12.16,11.68
2017-12-25,11.8,11.48,11.8,11.47
2017-12-26,11.48,11.6,11.67,11.44
2017-12-27,11.6,11.59,11.84,11.54
2017-12-28,11.59,11.56,11.63,11.42
2017-12-29,11.59,11.55,11.66,11.48
2018-01-02,12.06,11.87,12.15,11.85
2018-01-03,11.78,11.97,11.98,11.73
2018-01-04,12.0,12.37,12.88,11.96
2018-01-05,12.27,12.26,12.35,12.1
2018-01-08,12.2,12.35,12.45,12.15
2018-01-09,12.35,12.16,12.43,12.11
2018-01-10,12.2,12.15,12.43,12.0
2018-01-11,12.17,12.1,12.17,11.91
2018-01-12,12.06,11.88,12.08,11.86
2018-01-15,11.9,11.67,11.98,11.54
2018-01-16,11.67,11.73,11.79,11.63
2018-01-17,11.66,11.75,11.8,11.57
2018-01-18,11.92,12.19,12.22,11.84
2018-01-19,12.1,12.05,12.12,11.92
2018-01-22,11.98,12.02,12.11,11.9
2018-01-23,12.04,11.96,12.12,11.91
2018-01-24,11.9,12.07,12.09,11.9
2018-01-25,12.09,12.04,12.29,12.02
2018-01-26,12.05,12.01,12.07,11.91
2018-01-29,12.01,11.82,12.05,11.76
2018-01-30,11.79,11.66,11.8,11.58
2018-01-31,11.59,11.43,11.6,11.33
2018-02-01,11.41,11.06,11.55,10.77
2018-02-02,11.06,10.94,11.18,10.88
2018-02-05,10.72,10.88,10.92,10.5
2018-02-06,10.6,10.2,10.76,10.2
2018-02-07,10.33,10.3,10.46,10.2
2018-02-08,10.39,10.5,10.52,10.34
2018-02-09,10.23,10.05,10.27,9.63
2018-02-12,10.48,10.41,10.48,10.18
2018-02-13,10.51,10.51,10.55,10.32
2018-02-14,10.49,10.48,10.49,10.36
2018-02-22,10.53,10.56,10.57,10.4
2018-02-23,10.56,10.53,10.61,10.43
2018-02-26,10.58,10.71,10.72,10.44
2018-02-27,10.65,10.71,10.73,10.62
2018-02-28,10.6,10.69,10.72,10.53
2018-03-01,10.65,10.87,10.88,10.54
2018-03-02,10.84,10.74,10.97,10.71
2018-03-05,10.74,11.0,11.02,10.73
2018-03-06,11.02,11.04,11.06,10.8
2018-03-07,11.07,10.91,11.08,10.82
2018-03-08,10.87,11.07,11.3,10.85
2018-03-09,11.05,11.19,11.24,11.04
2018-03-12,11.2,11.4,11.49,11.15
2018-03-13,11.39,11.34,11.45,11.18
2018-03-14,11.21,11.31,11.62,11.21
2018-03-15,11.3,12.13,12.2,11.21
2018-03-16,12.01,11.79,12.07,11.74
2018-03-19,11.71,11.89,12.07,11.71
2018-03-20,11.5,11.76,11.98,11.43
2018-03-21,11.82,12.31,12.58,11.78
2018-03-22,12.1,12.34,12.37,12.01
2018-03-23,11.91,11.29,12.1,11.18
2018-03-26,11.38,11.04,11.39,10.19
2018-03-27,11.1,11.11,11.27,10.84
2018-03-28,10.93,10.72,10.98,10.71
2018-03-29,10.72,11.01,11.05,10.72
2018-03-30,11.05,10.96,11.06,10.9
2018-04-02,10.94,10.85,11.03,10.84
2018-04-03,10.73,10.93,11.01,10.49
2018-04-04,10.9,11.04,11.14,10.85
2018-04-09,11.01,11.16,11.19,10.86
2018-04-10,11.2,11.15,11.26,10.96
2018-04-11,11.15,11.59,11.98,11.15
2018-04-12,11.63,11.98,12.09,11.42
2018-04-13,11.74,12.05,12.27,11.74
2018-04-16,12.11,11.94,12.24,11.77
2018-04-17,11.76,11.07,11.76,11.0
2018-04-18,11.23,11.1,11.3,10.52
2018-04-19,11.09,11.11,11.33,10.98
2018-04-20,11.03,10.79,11.1,10.7
2018-04-23,10.75,10.6,10.79,10.52
2018-04-24,10.8,10.84,11.0,10.76
2018-04-25,10.65,10.98,11.06,10.58
2018-04-26,11.0,10.62,11.05,10.61
2018-04-27,10.71,10.69,10.79,10.62
2018-05-02,10.57,10.46,10.67,10.3
2018-05-03,10.41,10.5,10.55,10.26
2018-05-04,10.51,10.46,10.55,10.42
2018-05-07,10.51,10.68,10.72,10.46
2018-05-08,10.68,10.74,10.74,10.58
2018-05-09,10.69,10.87,11.0,10.69
2018-05-10,10.96,11.25,11.44,10.96
2018-05-11,11.24,11.02,11.29,10.97
2018-05-14,11.03,10.86,11.05,10.7
2018-05-15,10.85,10.81,10.85,10.55
2018-05-16,10.77,10.7,10.79,10.68
2018-05-17,10.67,10.92,11.12,10.66
2018-05-18,10.91,11.56,11.9,10.87
2018-05-21,11.5,11.45,11.59,11.35
2018-05-22,11.49,11.62,11.68,11.32
2018-05-23,11.59,11.08,11.59,11.0
2018-05-24,11.05,11.03,11.15,10.94
2018-05-25,11.05,10.72,11.05,10.6
