date,open,close,high,low
2017-03-30,18.6,18.6,18.6,18.6
2017-03-31,20.46,20.46,20.46,20.46
2017-04-05,22.51,22.51,22.51,22.51
2017-04-06,24.76,24.76,24.76,24.76
2017-04-07,27.24,27.24,27.24,27.24
2017-04-10,29.96,29.96,29.96,29.96
2017-04-11,32.96,32.96,32.96,32.96
2017-04-12,36.26,36.26,36.26,36.26
2017-04-13,39.89,39.89,39.89,39.89
2017-04-14,43.88,37.79,43.88,37.5
2017-04-17,35.2,34.01,35.88,34.01
2017-04-18,33.0,33.35,34.55,32.99
2017-04-19,32.97,35.13,35.92,32.85
2017-04-20,34.9,33.46,34.9,32.9
2017-04-21,33.7,33.55,34.33,33.34
2017-04-24,33.0,31.82,33.47,31.51
2017-04-25,32.18,32.12,32.96,32.01
2017-04-26,32.06,32.73,33.23,31.92
2017-04-27,33.31,34.89,35.6,32.5
2017-04-28,34.85,34.56,35.27,34.28
2017-05-02,34.74,34.83,35.1,34.17
2017-05-03,34.73,35.73,35.76,33.85
2017-05-04,35.21,34.45,35.28,34.22
2017-05-05,34.0,33.03,34.46,33.0
2017-05-08,32.95,31.63,32.95,31.6
2017-05-09,31.6,32.3,32.49,31.38
2017-05-10,32.2,30.67,32.58,30.56
2017-05-11,30.36,31.28,31.46,29.8
2017-05-12,31.28,31.42,31.75,30.7
2017-05-15,31.45,32.14,32.28,31.45
2017-05-16,32.11,32.9,32.96,31.5
2017-05-17,32.8,32.81,33.45,32.48
2017-05-18,32.33,32.47,33.1,32.27
2017-05-19,32.47,31.57,32.76,31.1
2017-05-22,31.51,30.15,31.83,29.61
2017-05-23,29.6,27.99,30.18,27.88
2017-05-24,27.92,28.95,29.79,27.51
2017-05-25,28.88,28.88,29.2,28.0
2017-05-26,28.95,29.41,29.94,28.84
2017-05-31,30.51,29.46,31.1,29.42
2017-06-01,29.02,27.65,29.02,27.62
2017-06-02,27.5,28.5,28.58,27.21
2017-06-05,29.0,28.9,29.42,28.8
2017-06-06,28.55,29.1,29.29,28.5
2017-06-07,29.0,29.98,30.1,29.0
2017-06-08,30.01,29.73,30.29,29.45
2017-06-09,29.83,30.18,30.43,29.77
2017-06-12,29.43,28.22,29.69,28.13
2017-06-13,28.22,29.15,29.22,28.22
2017-06-14,29.27,29.08,29.5,28.8
2017-06-15,29.07,29.93,30.01,29.07
2017-06-16,29.94,29.63,29.94,29.4
2017-06-19,29.7,30.09,30.14,29.7
2017-06-20,30.09,30.38,30.82,30.09
2017-06-21,30.25,30.45,30.7,30.12
2017-06-22,30.45,29.64,30.55,29.4
2017-06-23,29.61,30.2,30.33,29.27
2017-06-26,30.19,31.41,31.97,30.11
2017-06-27,31.5,31.19,31.75,30.73
2017-06-28,30.88,30.28,31.2,30.13
2017-06-29,30.03,30.1,30.45,29.97
2017-06-30,29.7,30.31,30.49,29.63
2017-07-03,30.33,32.68,32.9,29.95
2017-07-04,32.4,33.46,33.94,32.16
2017-07-05,33.47,34.27,34.43,32.72
2017-07-06,34.0,32.68,34.9,32.15
2017-07-07,32.88,32.86,33.35,32.32
2017-07-10,32.2,31.09,32.37,30.72
2017-07-11,31.05,30.53,31.12,30.34
2017-07-12,30.35,29.97,30.61,28.66
2017-07-13,29.91,29.08,29.95,28.89
2017-07-14,29.0,28.53,29.12,28.35
2017-07-17,28.25,25.68,28.25,25.68
2017-07-18,25.55,26.07,26.22,25.11
2017-07-19,26.05,26.11,26.27,25.6
2017-07-20,26.01,25.74,26.58,25.72
2017-07-21,25.7,25.05,25.81,24.82
2017-07-24,24.5,25.23,25.48,24.3
2017-07-25,25.2,25.17,25.32,24.86
2017-07-26,25.18,24.65,25.27,24.59
2017-07-27,24.68,25.51,25.6,24.65
2017-07-28,25.55,25.28,25.74,25.13
2017-07-31,25.13,25.34,25.45,24.95
2017-08-01,25.34,25.69,25.71,25.2
2017-08-02,25.69,25.39,25.95,25.35
2017-08-03,25.38,25.49,25.94,25.05
2017-08-04,25.49,25.0,25.52,24.99
2017-08-07,25.08,25.16,25.35,25.02
2017-08-08,25.16,24.98,25.16,24.72
2017-08-09,24.97,24.93,25.03,24.8
2017-08-10,24.93,24.58,25.09,24.45
2017-08-11,24.46,24.26,24.72,24.13
2017-08-14,24.45,24.73,24.75,24.28
2017-08-15,24.73,24.92,25.04,24.57
2017-08-16,24.83,25.31,25.42,24.83
2017-08-17,25.21,25.33,25.41,25.11
2017-08-18,25.2,25.22,25.28,25.08
2017-08-21,25.22,25.72,25.88,25.13
2017-08-22,25.73,25.96,26.14,25.63
2017-08-23,25.78,25.86,26.1,25.4
2017-08-24,25.7,25.75,26.29,25.53
2017-08-25,25.44,26.4,26.45,25.35
2017-08-28,26.47,27.03,27.3,26.42
2017-08-29,27.03,27.05,27.79,26.88
2017-08-30,26.92,26.99,27.3,26.73
2017-08-31,27.15,27.9,27.91,27.03
2017-09-01,27.86,27.6,28.25,27.3
2017-09-04,27.49,27.08,27.75,27.01
2017-09-05,27.07,27.37,27.4,27.01
2017-09-06,27.27,27.13,27.45,26.84
2017-09-07,27.13,27.12,27.43,27.01
2017-09-08,27.12,26.84,27.12,26.56
2017-09-11,26.73,27.41,27.43,26.7
2017-09-12,27.59,27.05,27.59,26.82
2017-09-13,27.12,27.22,27.3,27.0
2017-09-14,27.36,27.03,27.36,26.93
2017-09-15,27.13,26.59,27.17,26.56
2017-09-18,26.51,26.56,26.6,26.25
2017-09-19,26.56,26.81,26.98,26.36
2017-09-20,26.56,27.58,27.78,26.53
2017-09-21,27.59,28.6,29.0,27.31
2017-09-22,28.4,28.52,29.59,28.06
2017-09-25,28.3,27.99,29.39,27.5
2017-09-26,27.68,27.06,27.79,26.74
2017-09-27,27.0,27.16,27.79,26.81
2017-09-28,27.16,26.82,27.16,26.5
2017-09-29,26.8,26.86,27.02,26.64
2017-10-09,27.27,27.1,27.31,26.89
2017-10-10,27.09,27.57,27.75,27.03
2017-10-11,27.72,27.28,27.72,27.26
2017-10-12,27.37,27.5,27.81,27.02
2017-10-13,27.52,28.11,28.35,27.4
2017-10-16,28.12,26.9,28.14,26.85
2017-10-17,26.9,27.2,27.37,26.68
2017-10-18,27.22,26.58,27.35,26.56
2017-10-19,26.5,26.33,26.73,26.25
2017-10-20,26.29,26.6,26.68,26.14
2017-10-23,26.74,26.88,26.95,26.51
2017-10-24,26.86,26.5,26.92,26.1
2017-10-25,26.4,27.11,27.2,26.4
2017-10-26,27.09,27.51,27.58,27.01
2017-10-27,27.5,27.31,27.75,27.0
2017-10-30,27.12,26.11,27.2,26.01
2017-10-31,25.62,26.23,26.33,25.62
2017-11-01,26.27,26.38,26.56,26.15
2017-11-02,26.36,26.23,26.45,26.07
2017-11-03,26.35,26.12,26.45,25.91
2017-11-06,26.29,26.58,26.65,26.13
2017-11-07,26.65,26.71,26.82,26.41
2017-11-08,26.69,26.9,27.18,26.52
2017-11-09,26.98,27.14,27.2,26.77
2017-11-10,27.13,27.18,27.53,27.07
2017-11-13,27.28,28.54,28.78,27.03
2017-11-14,28.21,28.6,28.9,27.92
2017-11-15,28.54,28.35,29.12,28.11
2017-11-16,28.53,27.82,28.53,27.56
2017-11-17,27.51,25.09,27.81,25.04
2017-11-20,25.03,24.59,25.1,23.05
2017-11-21,24.11,24.25,24.67,23.6
2017-11-22,24.01,24.17,24.53,24.01
2017-11-23,24.18,22.83,24.22,22.71
2017-11-24,22.83,22.98,23.15,22.58
2017-11-27,22.98,22.9,23.27,22.66
2017-11-28,23.05,23.22,23.25,22.68
2017-11-29,23.22,22.97,23.28,22.62
2017-11-30,22.86,23.04,23.48,22.86
2017-12-01,23.18,23.23,23.35,22.9
2017-12-04,23.23,22.07,23.24,22.02
2017-12-05,22.0,21.12,22.14,21.0
2017-12-06,21.07,21.54,21.59,20.81
2017-12-07,21.4,21.45,21.6,21.24
2017-12-08,21.38,22.42,22.45,21.26
2017-12-11,22.23,22.36,22.47,22.08
2017-12-12,22.65,22.5,22.69,22.09
2017-12-13,22.8,23.05,23.57,22.38
2017-12-14,22.65,22.3,22.66,22.03
2017-12-15,22.1,21.59,22.21,21.4
2017-12-18,21.61,21.68,21.91,21.35
2017-12-19,21.66,21.89,21.95,21.53
2017-12-20,21.84,21.48,21.99,21.42
2017-12-21,21.47,21.72,21.8,21.06
2017-12-22,21.72,21.69,21.92,21.55
2017-12-25,21.68,21.19,21.68,20.91
2017-12-26,21.17,21.88,21.96,21.13
2017-12-27,21.96,21.94,22.13,21.8
2017-12-28,21.75,22.12,22.23,21.61
2017-12-29,22.01,22.52,22.58,22.01
2018-01-02,22.42,22.53,22.7,22.31
2018-01-03,22.55,22.53,22.6,22.3
2018-01-04,22.43,22.53,22.63,22.36
2018-01-05,22.52,22.71,23.3,22.47
2018-01-08,22.73,22.79,22.98,22.35
2018-01-09,22.78,22.55,22.87,22.4
2018-01-10,22.55,22.33,22.64,22.03
2018-01-11,22.1,22.5,22.59,22.1
2018-01-12,22.39,22.53,22.78,22.33
2018-01-15,22.16,21.72,22.49,21.55
2018-01-16,21.69,22.13,22.33,21.53
2018-01-17,21.86,22.48,22.55,21.86
2018-01-18,22.6,22.77,23.09,22.4
2018-01-19,22.68,22.43,22.97,22.3
2018-01-22,22.22,21.97,22.22,21.5
2018-01-23,21.9,22.12,22.18,21.8
2018-01-24,22.11,22.5,22.59,21.83
2018-01-25,22.49,22.16,22.66,22.12
2018-01-26,22.14,21.75,22.3,21.7
2018-01-29,21.75,21.56,21.94,21.5
2018-01-30,21.36,21.82,22.0,21.36
2018-01-31,21.55,20.92,21.76,20.8
2018-02-01,20.83,19.85,21.18,19.26
2018-02-02,19.7,19.52,19.89,19.12
2018-02-05,19.45,19.41,19.53,19.01
2018-02-06,18.84,18.03,19.16,18.02
2018-02-07,18.5,18.2,18.68,17.68
2018-02-08,18.07,18.91,19.3,18.07
2018-02-09,18.35,17.98,18.45,17.81
2018-02-12,18.15,18.65,18.8,18.15
2018-02-13,18.75,18.49,18.78,18.43
2018-02-14,18.49,18.23,18.5,18.12
2018-02-22,18.3,18.5,18.61,18.3
2018-02-23,18.55,18.78,18.8,18.43
2018-02-26,18.89,19.41,19.45,18.89
2018-02-27,19.4,19.31,19.55,19.16
2018-02-28,19.25,19.13,19.25,18.92
2018-03-01,19.0,19.26,19.3,18.98
2018-03-02,19.26,19.08,19.31,19.01
2018-03-05,19.1,19.92,19.95,18.9
2018-03-06,19.72,19.75,19.85,19.62
2018-03-07,19.7,19.66,19.78,19.6
2018-03-08,19.52,20.0,20.09,19.52
2018-03-09,19.99,20.41,20.43,19.88
2018-03-12,20.44,20.45,20.6,20.35
2018-03-13,20.42,20.09,20.58,20.03
2018-03-14,19.96,19.79,20.17,19.77
2018-03-15,19.78,19.08,19.78,18.6
2018-03-16,19.05,19.14,19.43,18.91
2018-03-19,19.04,19.47,19.63,19.0
2018-03-20,19.31,19.61,19.69,19.01
2018-03-21,19.75,19.76,20.15,19.53
2018-03-22,19.77,20.15,20.18,19.77
2018-03-23,19.76,18.56,19.76,18.34
2018-03-26,18.02,19.31,19.35,17.6
2018-03-27,19.4,19.74,19.8,18.8
2018-03-28,19.3,19.66,19.87,19.1
2018-03-29,19.53,20.05,20.15,19.53
2018-03-30,20.15,20.33,20.45,20.01
2018-04-02,20.08,20.12,20.36,20.0
2018-04-03,19.87,19.9,19.92,19.58
2018-04-04,19.88,20.27,20.69,19.88
2018-04-09,20.19,21.08,21.18,20.03
2018-04-10,21.05,20.74,21.19,20.28
2018-04-11,20.81,21.24,21.37,20.59
2018-04-12,21.0,21.0,21.36,20.9
2018-04-13,21.16,21.02,21.49,20.92
2018-04-16,20.66,20.25,20.97,20.1
2018-04-17,20.27,19.35,20.45,19.3
2018-04-18,19.47,19.7,19.78,18.81
2018-04-19,19.48,19.56,19.85,19.48
2018-04-20,19.56,18.84,19.65,18.75
2018-04-23,18.95,18.88,19.08,18.6
2018-04-24,18.9,19.65,19.68,18.74
2018-04-25,19.5,19.79,19.91,19.39
2018-04-26,19.72,19.21,19.76,19.05
2018-04-27,18.89,18.68,19.0,18.59
2018-05-02,18.67,18.6,18.88,18.4
2018-05-03,18.68,18.84,18.87,18.13
2018-05-04,18.84,18.86,18.95,18.78
2018-05-07,18.91,19.32,19.49,18.91
2018-05-08,19.35,19.71,19.73,19.12
2018-05-09,19.56,19.9,19.99,19.51
2018-05-10,19.95,20.03,20.1,19.75
2018-05-11,20.25,19.57,20.25,19.55
2018-05-14,19.58,19.43,19.8,19.33
2018-05-15,19.45,20.09,20.12,19.32
2018-05-16,20.13,19.84,20.14,19.78
2018-05-17,19.72,20.52,20.54,19.71
2018-05-18,20.29,20.33,20.48,20.0
2018-05-21,20.34,20.67,20.8,20.34
2018-05-22,20.88,20.69,20.88,20.4
2018-05-23,20.59,20.42,20.83,20.41
2018-05-24,20.42,20.52,20.7,20.36
2018-05-25,20.59,20.77,20.8,20.41
