date,open,close,high,low
2016-01-04,18.106,16.367,18.158,16.367
2016-01-05,14.778,15.29,16.261,14.778
2016-01-06,15.433,15.923,15.968,15.358
2016-01-07,15.505,14.342,15.509,14.33
2016-01-08,14.643,14.327,15.094,13.028
2016-01-11,13.777,12.892,14.116,12.892
2016-01-12,12.934,13.465,13.476,12.516
2016-01-13,13.833,13.431,13.882,13.175
2016-01-14,13.363,14.368,14.492,13.024
2016-01-15,13.931,13.359,14.191,13.099
2016-01-18,12.798,13.487,13.758,12.798
2016-01-19,13.325,13.879,14.003,13.239
2016-01-20,13.909,13.815,14.274,13.739
2016-01-21,13.551,13.897,14.827,13.175
2016-01-22,14.266,13.958,14.409,13.363
2016-01-25,13.958,14.202,14.266,13.803
2016-01-26,14.003,12.783,14.003,12.783
2016-01-27,12.783,12.324,12.979,11.605
2016-01-28,12.045,12.188,12.418,11.598
2016-01-29,11.895,12.524,12.791,11.857
2016-02-01,12.196,12.166,12.524,11.978
2016-02-02,12.271,12.561,12.704,12.226
2016-02-03,12.46,12.836,12.874,12.271
2016-02-04,12.836,13.205,13.928,12.798
2016-02-05,13.175,12.889,13.325,12.802
2016-02-15,12.271,12.535,12.682,12.271
2016-02-16,12.667,13.167,13.284,12.648
2016-02-17,13.062,13.547,13.664,13.05
2016-02-18,13.664,13.416,13.852,13.329
2016-02-19,13.212,13.675,13.958,13.212
2016-02-22,13.717,14.04,14.259,13.717
2016-02-23,13.999,13.736,14.168,13.513
2016-02-24,13.664,13.8,13.852,13.465
2016-02-25,13.792,12.418,13.792,12.418
2016-02-26,12.429,12.508,12.644,12.155
2016-02-29,12.309,11.394,12.572,11.274
2016-03-01,11.436,11.846,12.012,11.296
2016-03-02,11.669,12.403,12.456,11.669
2016-03-03,12.422,12.426,12.9,12.339
2016-03-04,12.343,11.699,12.493,11.564
2016-03-07,11.816,11.993,12.234,11.816
2016-03-08,12.042,12.045,12.121,11.308
2016-03-09,11.669,11.771,11.921,11.368
2016-03-10,11.669,11.729,11.917,11.594
2016-03-11,11.729,12.181,12.648,11.485
2016-03-14,12.188,12.689,12.896,12.188
2016-03-15,12.682,12.245,12.682,12.173
2016-03-16,12.362,11.981,12.46,11.838
2016-03-17,12.234,12.384,12.414,11.981
2016-03-18,12.403,12.93,12.986,12.384
2016-03-21,13.156,13.291,13.363,12.923
2016-03-22,13.141,13.333,13.525,13.043
2016-03-23,13.224,14.037,14.492,13.182
2016-03-24,13.833,13.751,14.229,13.551
2016-03-25,13.777,13.894,13.958,13.687
2016-03-28,13.965,13.401,14.146,13.378
2016-03-29,13.446,13.096,13.559,13.081
2016-03-30,13.239,13.882,14.184,13.137
2016-03-31,13.939,14.511,14.756,13.939
2016-04-01,14.537,14.842,15.2,14.052
2016-04-05,14.673,14.929,14.944,14.304
2016-04-06,14.793,14.876,14.982,14.567
2016-04-07,14.948,15.008,15.433,14.718
2016-04-08,14.04,13.762,14.296,13.513
2016-04-11,13.803,13.924,14.116,13.785
2016-04-12,14.037,14.093,14.153,13.879
2016-04-13,14.089,14.485,14.53,14.052
2016-04-14,14.575,15.046,15.053,14.413
2016-04-15,14.793,15.268,15.433,14.695
2016-04-18,15.162,15.663,15.998,14.831
2016-04-19,15.535,15.633,15.926,15.049
2016-04-20,15.463,14.846,15.734,14.071
2016-04-21,14.526,14.895,15.185,14.191
2016-04-22,14.492,14.421,14.944,14.304
2016-04-25,13.404,14.063,14.168,13.404
2016-04-26,13.909,13.935,14.108,13.852
2016-04-27,13.973,13.498,14.04,13.476
2016-04-28,13.544,13.532,13.619,13.099
2016-04-29,13.412,13.521,13.664,13.344
2016-05-03,13.498,13.935,13.958,13.476
2016-05-04,13.826,14.123,14.304,13.826
2016-05-05,14.104,14.195,14.266,13.894
2016-05-06,14.191,13.954,14.296,13.551
2016-05-09,13.867,13.416,13.867,13.178
2016-05-10,13.303,13.449,13.517,13.295
2016-05-11,13.551,13.114,13.608,13.099
2016-05-12,12.798,12.554,12.915,12.396
2016-05-13,12.426,12.35,12.644,12.237
2016-05-16,12.328,12.569,12.572,12.14
2016-05-17,12.535,12.429,12.587,12.234
2016-05-18,12.233,12.203,12.547,12.119
2016-05-19,12.267,12.297,12.464,12.256
2016-05-20,12.116,12.373,12.384,12.116
2016-05-23,12.453,12.642,12.653,12.347
2016-05-24,12.65,12.506,12.65,12.384
2016-05-25,12.574,12.43,12.65,12.419
2016-05-26,12.354,12.449,12.498,12.013
2016-05-27,12.316,12.464,12.547,12.309
2016-05-30,12.422,12.502,12.608,12.195
2016-05-31,12.498,13.028,13.078,12.498
2016-06-01,12.918,13.028,13.142,12.918
2016-06-02,12.998,13.146,13.161,12.926
2016-06-03,13.165,13.221,13.362,13.028
2016-06-06,13.312,13.449,13.54,13.123
2016-06-07,13.589,13.653,13.672,13.256
2016-06-08,13.642,13.464,13.649,13.373
2016-06-13,13.384,12.737,13.384,12.578
2016-06-14,12.665,13.858,13.899,12.665
2016-06-15,13.631,14.093,14.233,13.524
2016-06-16,14.093,13.899,14.486,13.869
2016-06-17,14.013,14.165,14.517,13.945
2016-06-20,14.108,15.388,15.566,14.108
2016-06-21,15.369,14.911,15.376,14.717
2016-06-22,14.888,15.164,15.335,14.456
2016-06-23,15.134,14.68,15.164,14.676
2016-06-24,14.619,15.119,15.452,14.411
2016-06-27,15.017,15.994,16.229,14.964
2016-06-28,16.062,17.149,17.422,15.998
2016-06-29,17.043,16.85,17.399,16.66
2016-06-30,17.005,17.156,17.334,16.808
2016-07-01,17.119,16.903,17.8,16.853
2016-07-04,16.535,16.774,17.005,16.168
2016-07-05,16.641,16.713,17.069,16.596
2016-07-06,16.861,17.001,17.232,16.74
2016-07-07,16.929,17.929,17.982,16.816
2016-07-08,17.99,18.758,19.308,17.876
2016-07-11,18.785,18.615,19.505,18.406
2016-07-12,18.925,18.637,18.925,17.463
2016-07-13,18.482,18.171,18.634,18.058
2016-07-14,18.179,18.046,18.274,17.876
2016-07-15,18.092,18.137,18.52,17.876
2016-07-18,18.323,17.573,18.406,17.297
2016-07-19,17.8,17.497,17.831,17.327
2016-07-20,17.853,18.031,18.149,17.497
2016-07-21,18.009,17.925,18.168,17.876
2016-07-22,18.103,17.876,18.103,17.781
2016-07-25,17.619,18.058,18.463,17.619
2016-07-26,18.058,18.338,18.353,18.058
2016-07-27,17.99,18.039,18.338,17.088
2016-07-28,17.8,17.812,18.217,17.437
2016-07-29,17.861,17.376,17.978,17.122
2016-08-01,17.505,16.853,17.505,16.622
2016-08-02,16.967,16.869,16.967,16.721
2016-08-03,17.024,16.869,17.081,16.74
2016-08-04,16.967,16.85,16.986,16.588
2016-08-05,16.853,17.615,17.649,16.74
2016-08-08,17.592,17.645,17.797,17.422
2016-08-09,17.441,17.687,17.982,17.441
2016-08-10,17.952,17.274,17.952,17.251
2016-08-11,17.312,17.221,17.418,17.153
2016-08-12,17.304,17.331,17.49,17.043
2016-08-15,17.334,17.569,17.702,17.16
2016-08-16,17.759,17.656,17.759,17.569
2016-08-17,17.668,17.459,17.668,17.138
2016-08-18,17.414,17.062,17.414,17.05
2016-08-19,17.138,17.626,17.645,17.119
2016-08-22,17.611,17.581,17.759,17.441
2016-08-23,17.8,18.365,19.311,17.8
2016-08-24,18.331,18.603,18.626,17.713
2016-08-25,17.232,17.486,18.024,17.043
2016-08-26,17.403,17.263,17.649,17.119
2016-08-29,17.119,17.232,17.342,17.119
2016-08-30,17.232,17.266,17.403,17.217
2016-08-31,17.266,17.27,17.422,17.194
2016-09-01,17.346,17.179,17.346,17.081
2016-09-02,17.278,17.103,17.278,16.914
2016-09-05,17.107,16.918,17.232,16.872
2016-09-06,17.149,17.103,17.225,16.785
2016-09-07,17.107,17.009,17.232,16.861
2016-09-08,17.225,17.232,17.24,17.043
2016-09-09,17.228,16.933,17.232,16.853
2016-09-12,16.831,16.475,16.831,16.096
2016-09-13,16.547,16.8,16.827,16.285
2016-09-14,16.967,17.103,17.414,16.812
2016-09-19,17.043,17.422,17.422,16.967
2016-09-20,17.645,17.603,17.645,17.232
2016-09-21,17.8,17.456,17.8,17.429
2016-09-22,17.486,17.732,17.876,17.486
2016-09-23,17.422,17.592,17.8,17.422
2016-09-26,17.611,17.418,17.725,17.41
2016-09-27,17.115,17.213,17.38,16.929
2016-09-28,17.213,16.982,17.289,16.929
2016-09-29,16.982,16.808,17.213,16.778
2016-09-30,16.664,16.903,16.99,16.664
2016-10-10,17.1,18.175,18.198,17.009
2016-10-11,18.179,18.175,18.418,17.8
2016-10-12,17.99,18.569,18.607,17.99
2016-10-13,18.558,18.319,18.804,18.179
2016-10-14,18.19,18.554,18.664,18.19
2016-10-17,18.694,18.084,18.747,17.8
2016-10-18,17.846,18.289,18.365,17.846
2016-10-19,18.217,18.118,18.368,18.028
2016-10-20,18.175,18.077,18.312,18.02
2016-10-21,18.046,18.55,18.804,18.046
2016-10-24,18.406,18.516,18.615,18.179
2016-10-25,18.387,18.671,18.971,18.387
2016-10-26,18.671,18.796,18.94,18.588
2016-10-27,18.789,18.796,18.891,18.482
2016-10-28,18.861,19.058,19.175,18.448
2016-10-31,18.936,18.702,18.963,18.626
2016-11-01,18.728,19.255,19.315,18.709
2016-11-02,19.171,18.936,19.258,18.883
2016-11-03,18.918,19.115,19.202,18.671
2016-11-04,19.05,18.815,19.05,18.766
2016-11-07,18.899,19.417,19.622,18.899
2016-11-08,19.599,19.364,19.94,19.243
2016-11-09,19.281,19.198,19.505,18.83
2016-11-10,19.213,19.808,19.864,19.213
2016-11-11,19.845,20.951,21.614,19.739
2016-11-14,20.951,20.97,21.55,20.66
2016-11-15,20.735,20.785,20.94,20.527
2016-11-16,20.811,21.815,21.966,20.667
2016-11-17,21.743,21.572,21.826,21.292
2016-11-23,23.731,23.731,23.731,23.599
2016-11-24,23.436,22.758,23.436,22.345
2016-11-25,22.455,23.341,25.034,22.436
2016-11-28,23.606,24.644,25.674,23.474
2016-11-29,23.902,23.265,24.352,22.61
2016-11-30,23.254,22.834,23.625,22.462
2016-12-01,22.818,22.462,24.099,22.337
2016-12-02,21.591,20.857,21.963,20.83
2016-12-05,20.493,21.065,21.482,20.493
2016-12-06,21.057,20.762,21.201,20.724
2016-12-07,20.849,21.682,21.94,20.849
2016-12-08,21.474,20.372,21.569,19.804
2016-12-09,20.3,20.379,20.785,20.141
2016-12-12,20.414,18.717,20.565,18.562
2016-12-13,18.482,19.099,19.221,18.259
2016-12-14,18.891,18.732,19.505,18.615
2016-12-15,18.558,18.933,19.315,18.516
2016-12-16,18.978,19.539,19.921,18.978
2016-12-19,19.425,19.633,19.808,19.239
2016-12-20,19.656,19.058,19.656,18.861
2016-12-21,19.126,18.918,19.33,18.584
2016-12-22,18.936,19.027,19.232,18.675
2016-12-23,18.94,19.747,20.326,18.933
2016-12-26,19.501,19.633,19.762,19.202
2016-12-27,19.652,19.925,20.058,19.508
2016-12-28,19.781,20.05,20.292,19.705
2016-12-29,19.887,19.122,20.027,19.092
2016-12-30,19.122,19.031,19.277,18.899
2017-01-03,19.107,19.236,19.3,19.073
2017-01-04,19.353,19.592,19.83,19.126
2017-01-05,19.751,18.967,19.751,18.959
2017-01-06,18.906,18.009,19.039,17.914
2017-01-09,17.906,17.74,18.312,17.611
2017-01-10,17.747,18.088,18.137,17.747
2017-01-11,17.952,17.762,18.134,17.747
2017-01-12,17.895,17.808,18.164,17.781
2017-01-13,17.819,17.319,17.929,17.179
2017-01-16,17.119,15.804,17.308,15.589
2017-01-17,15.785,16.308,16.338,15.316
2017-01-18,16.248,15.892,16.248,15.816
2017-01-19,15.831,15.903,16.278,15.395
2017-01-20,15.797,16.157,16.278,15.736
2017-01-23,16.244,16.248,16.444,16.16
2017-01-24,16.248,16.244,16.588,16.198
2017-01-25,16.21,16.702,16.846,16.096
2017-01-26,16.588,16.615,16.729,16.516
2017-02-03,16.755,16.581,16.967,16.551
2017-02-06,16.551,16.77,16.842,16.354
2017-02-07,16.732,16.558,16.763,16.475
2017-02-08,16.543,16.607,16.619,16.312
2017-02-09,16.622,17.191,17.649,16.558
2017-02-10,17.194,16.982,17.232,16.88
2017-02-13,17.069,17.308,17.554,16.967
2017-02-14,17.308,17.361,17.531,17.232
2017-02-15,17.274,17.213,17.478,17.119
2017-02-16,17.206,17.3,17.327,17.179
2017-02-17,17.221,16.797,17.38,16.74
2017-02-20,16.812,16.71,16.876,16.588
2017-02-21,16.702,17.225,17.334,16.456
2017-02-22,17.225,17.202,17.558,17.092
2017-02-23,17.278,17.266,17.459,17.088
2017-02-24,17.179,17.244,17.312,16.967
2017-02-27,17.308,17.043,17.308,16.948
2017-02-28,17.103,17.111,17.179,17.024
2017-03-01,17.119,17.278,17.387,17.043
2017-03-02,17.27,16.702,17.27,16.664
2017-03-03,16.649,16.929,17.001,16.558
2017-03-06,16.929,17.1,17.172,16.918
2017-03-07,17.081,17.073,17.156,16.967
2017-03-08,17.062,17.073,17.202,17.005
2017-03-09,17.077,17.149,17.293,17.031
2017-03-10,17.141,17.713,17.99,17.05
2017-03-13,17.607,17.581,17.687,17.35
2017-03-14,17.6,17.565,17.952,17.463
2017-03-15,17.501,17.338,17.543,17.274
2017-03-16,17.497,17.702,17.789,17.422
2017-03-17,17.702,17.77,18.179,17.573
2017-03-20,17.728,18.035,18.179,17.728
2017-03-21,18.111,18.126,18.289,17.887
2017-03-22,18.02,17.959,18.088,17.736
2017-03-23,17.975,18.062,18.156,17.687
2017-03-24,18.058,17.861,18.141,17.762
2017-03-27,17.868,17.509,17.868,17.494
2017-03-28,17.547,17.429,17.668,17.422
2017-03-29,17.497,16.853,17.512,16.819
2017-03-30,16.853,15.884,16.933,15.645
2017-03-31,15.956,16.081,16.198,15.838
2017-04-05,16.134,16.361,16.41,15.937
2017-04-06,16.319,16.49,16.509,16.255
2017-04-07,16.641,15.732,16.641,15.698
2017-04-10,15.49,14.759,15.49,14.733
2017-04-11,14.574,14.93,14.964,14.574
2017-04-12,14.695,14.805,15.073,14.657
2017-04-13,14.77,14.827,14.948,14.77
2017-04-14,14.789,14.793,15.1,14.717
2017-04-17,14.702,14.46,14.774,14.422
2017-04-18,14.471,14.35,14.695,14.32
2017-04-19,14.361,14.441,14.483,14.195
2017-04-20,14.532,14.464,14.574,14.396
2017-04-21,14.464,14.407,14.577,14.316
2017-04-24,14.392,13.949,14.392,13.888
2017-04-25,13.96,13.979,14.1,13.941
2017-04-26,13.941,14.236,14.305,13.869
2017-04-27,14.248,14.437,14.505,13.899
2017-04-28,14.202,14.498,14.551,14.202
2017-05-02,14.43,14.502,14.638,14.43
2017-05-03,14.562,14.521,14.638,14.467
2017-05-04,14.524,14.369,14.524,14.093
2017-05-05,14.369,14.702,15.108,14.191
2017-05-08,14.695,14.437,14.914,14.399
2017-05-09,14.214,14.036,14.361,13.638
2017-05-10,14.017,13.971,14.343,13.941
2017-05-11,13.672,13.778,13.933,13.331
2017-05-12,13.778,13.774,13.915,13.6
2017-05-15,13.862,13.763,13.899,13.684
2017-05-16,13.721,14.074,14.089,13.445
2017-05-17,14.43,14.725,15.07,14.43
2017-05-18,14.467,14.763,14.884,14.43
2017-05-19,14.789,14.638,14.903,14.505
2017-05-22,14.494,14.104,14.623,14.024
2017-05-23,14.202,13.695,14.274,13.521
2017-05-24,13.445,13.755,13.862,13.445
2017-05-25,13.856,13.935,14.262,13.658
2017-05-26,13.588,13.301,13.816,13.063
2017-05-31,13.331,12.925,13.549,12.895
2017-06-01,12.875,11.637,12.875,11.637
2017-06-02,11.33,11.31,11.796,10.597
2017-06-05,11.093,11.429,11.479,11.093
2017-06-06,11.36,11.637,11.667,11.261
2017-06-07,11.716,12.182,12.301,11.528
2017-06-08,12.182,12.142,12.35,12.033
2017-06-09,12.132,11.915,12.132,11.756
2017-06-12,11.915,11.489,11.934,11.35
2017-06-13,11.459,11.657,11.726,11.33
2017-06-14,11.657,11.617,11.885,11.499
2017-06-15,11.657,12.113,12.162,11.657
2017-06-16,12.113,11.934,12.261,11.865
2017-06-19,11.588,11.736,11.756,11.38
2017-06-20,11.756,11.954,12.132,11.756
2017-06-21,11.885,11.726,12.053,11.588
2017-06-22,11.786,11.409,11.845,11.39
2017-06-23,11.33,11.508,11.568,11.291
2017-06-26,11.439,11.568,11.667,11.37
2017-06-27,11.578,11.518,11.726,11.429
2017-06-28,11.627,11.4,11.627,11.38
2017-06-29,11.449,11.419,11.528,11.4
2017-06-30,11.469,11.469,11.528,11.34
2017-07-03,11.687,11.647,11.746,11.093
2017-07-04,11.637,11.657,11.756,11.588
2017-07-05,11.677,11.687,11.716,11.598
2017-07-06,11.687,11.687,11.736,11.617
2017-07-07,11.726,11.667,11.726,11.588
2017-07-10,11.687,11.538,11.687,11.429
2017-07-11,11.637,11.499,11.707,11.439
2017-07-12,11.459,11.122,11.499,10.914
2017-07-13,11.152,11.162,11.32,11.073
2017-07-14,11.172,11.033,11.251,11.003
2017-07-17,11.033,9.963,11.033,9.934
2017-07-18,9.963,10.082,10.261,9.825
2017-07-19,9.963,10.152,10.181,9.904
2017-07-20,10.152,10.221,10.449,10.092
2017-07-21,10.3,10.469,10.657,10.132
2017-07-24,10.449,10.459,10.617,10.28
2017-07-25,10.459,10.617,10.766,10.34
2017-07-26,10.617,10.498,10.726,10.439
2017-07-27,10.508,10.647,10.726,10.37
2017-07-28,10.578,10.617,10.706,10.548
2017-07-31,10.617,10.617,10.716,10.568
2017-08-01,10.677,10.528,10.677,10.449
2017-08-02,10.528,10.231,10.578,10.201
2017-08-03,10.231,10.36,10.389,10.181
2017-08-04,10.36,10.37,10.459,10.33
2017-08-07,10.379,10.399,10.528,10.32
2017-08-08,10.399,10.508,10.597,10.36
2017-08-09,10.528,10.419,10.568,10.389
2017-08-10,10.409,10.162,10.439,10.072
2017-08-11,10.112,10.033,10.162,9.973
2017-08-14,10.092,10.191,10.201,10.013
2017-08-15,10.201,10.32,10.33,10.132
2017-08-16,10.32,10.488,10.528,10.231
2017-08-17,10.538,10.478,10.538,10.389
2017-08-18,10.409,10.449,10.528,10.379
2017-08-21,10.449,10.548,10.568,10.35
2017-08-22,10.518,10.419,10.607,10.37
2017-08-23,10.449,10.498,10.805,10.399
2017-08-24,10.677,10.478,10.677,10.35
2017-08-25,10.439,10.587,10.736,10.31
2017-08-28,10.508,10.736,10.766,10.508
2017-08-29,10.667,10.706,10.845,10.667
2017-08-30,10.706,11.449,11.617,10.667
2017-08-31,11.192,11.231,11.36,11.122
2017-09-01,11.221,11.152,11.35,11.093
2017-09-04,11.142,11.231,11.32,10.954
2017-09-05,11.291,11.201,11.31,11.073
2017-09-06,11.172,11.221,11.241,11.083
2017-09-07,11.201,11.528,11.786,11.201
2017-09-08,11.528,11.647,11.647,11.449
2017-09-11,11.657,12.241,12.479,11.657
2017-09-12,12.241,12.855,12.875,12.093
2017-09-13,12.974,12.855,13.252,12.578
2017-09-14,12.628,12.598,12.816,12.439
2017-09-15,12.687,12.667,12.737,12.38
2017-09-18,12.667,12.836,12.875,12.578
2017-09-19,12.786,12.657,12.925,12.578
2017-09-20,12.657,13.143,13.153,12.439
2017-09-21,13.341,12.905,13.668,12.875
2017-09-22,12.737,12.608,12.776,12.41
2017-09-25,12.697,12.568,12.846,12.42
2017-09-26,12.578,12.578,12.737,12.449
2017-09-27,12.697,12.608,12.697,12.519
2017-09-28,12.598,12.024,12.598,12.004
2017-09-29,12.014,12.974,13.172,12.014
2017-10-09,13.044,13.252,13.42,13.024
2017-10-10,13.291,13.073,13.361,12.954
2017-10-11,13.024,12.925,13.252,12.905
2017-10-12,12.905,12.875,12.954,12.489
2017-10-13,12.895,12.826,12.994,12.717
2017-10-16,12.677,12.539,12.925,12.43
2017-10-17,12.489,12.667,12.776,12.222
2017-10-18,12.667,12.42,12.806,12.39
2017-10-19,12.43,12.222,12.568,12.083
2017-10-20,12.231,12.331,12.39,12.083
2017-10-23,12.331,12.449,12.479,12.241
2017-10-24,12.469,12.261,12.469,12.231
2017-10-25,12.677,12.846,13.172,12.43
2017-10-26,12.737,12.667,12.746,12.439
2017-10-27,12.677,12.42,12.875,12.39
2017-10-30,12.321,12.014,12.459,11.984
2017-10-31,12.083,12.093,12.182,11.687
2017-11-01,12.113,12.083,12.132,12.004
2017-11-02,12.083,11.855,12.132,11.746
2017-11-03,11.855,12.043,12.123,11.687
2017-11-06,12.014,12.053,12.063,11.855
2017-11-07,12.033,11.944,12.033,11.736
2017-11-08,11.984,11.954,12.231,11.885
2017-11-09,11.954,11.974,12.033,11.835
2017-11-10,12.004,11.806,12.033,11.786
2017-11-13,11.766,11.924,12.014,11.736
2017-11-14,11.954,12.964,13.113,11.885
2017-11-15,12.875,12.846,13.103,12.578
2017-11-16,12.756,12.677,12.915,12.608
2017-11-17,12.628,12.885,13.311,12.618
2017-11-20,12.974,13.717,13.984,12.905
2017-11-21,13.4,13.519,13.588,13.232
2017-11-22,13.37,13.578,13.648,13.232
2017-11-23,13.529,12.786,13.529,12.479
2017-11-24,12.578,12.727,12.954,12.529
2017-11-27,11.687,11.459,11.687,11.459
2017-11-28,10.31,10.429,10.894,10.31
2017-11-29,10.28,10.548,10.686,10.023
2017-11-30,10.399,10.558,10.597,10.3
2017-12-01,10.548,10.518,10.587,10.34
2017-12-04,10.28,10.191,10.478,10.122
2017-12-05,10.389,9.508,10.389,9.31
2017-12-06,9.557,9.607,9.706,9.34
2017-12-07,9.538,9.538,9.577,9.399
2017-12-08,9.518,9.627,9.666,9.458
2017-12-11,9.647,9.726,9.825,9.557
2017-12-12,9.706,9.607,9.785,9.567
2017-12-13,9.528,9.706,9.755,9.528
2017-12-14,9.686,10.013,10.063,9.587
2017-12-15,9.993,9.894,10.043,9.805
2017-12-18,9.934,9.785,9.934,9.726
2017-12-19,9.805,9.884,10.102,9.805
2017-12-20,9.904,10.122,10.171,9.706
2017-12-21,10.389,10.092,10.875,10.072
2017-12-22,10.072,10.132,10.28,9.904
2017-12-25,10.112,9.795,10.112,9.775
2017-12-26,9.706,9.805,9.864,9.587
2017-12-27,9.845,9.607,9.845,9.577
2017-12-28,9.607,9.508,9.627,9.31
2018-03-29,8.557,9.151,9.498,8.557
2018-03-30,8.815,8.735,8.854,8.597
2018-04-02,8.626,8.745,8.795,8.597
2018-04-03,8.577,8.696,8.716,8.547
2018-04-04,8.696,8.547,8.706,8.527
2018-04-09,8.478,8.656,8.706,8.399
2018-04-10,8.716,8.716,8.765,8.607
2018-04-11,8.716,8.676,8.765,8.646
2018-04-12,8.686,8.676,8.745,8.636
2018-04-13,8.706,8.646,8.735,8.636
2018-04-16,8.626,8.656,8.735,8.577
2018-04-17,8.626,8.389,8.656,8.25
2018-04-18,8.389,8.587,8.607,8.171
2018-04-19,8.587,8.537,8.597,8.468
2018-04-20,8.488,8.319,8.567,8.319
2018-04-23,8.369,8.349,8.409,8.24
2018-04-24,8.3,8.369,8.468,8.3
2018-04-25,8.329,8.369,8.438,8.319
2018-04-26,8.359,8.27,8.399,8.23
2018-04-27,8.39,8.35,8.42,8.3
2018-05-02,8.34,8.35,8.45,8.29
2018-05-03,8.39,8.78,8.96,8.27
2018-05-04,8.6,8.64,8.78,8.6
2018-05-07,8.64,8.81,8.83,8.64
2018-05-08,8.82,8.8,8.82,8.71
2018-05-09,8.8,8.95,9.02,8.71
2018-05-10,9.04,9.28,9.48,8.99
2018-05-11,9.28,9.27,9.49,9.18
2018-05-14,9.27,9.22,9.32,9.11
2018-05-15,9.3,9.39,9.5,9.2
2018-05-16,9.39,9.19,9.39,9.08
2018-05-17,9.26,9.11,9.29,9.07
2018-05-18,9.11,9.12,9.15,9.0
2018-05-21,9.18,9.18,9.35,9.17
2018-05-22,9.25,9.08,9.25,9.05
2018-05-23,9.08,9.0,9.14,9.0
2018-05-24,9.0,9.07,9.22,9.0
2018-05-25,9.07,9.2,9.28,9.07
