date,open,close,high,low
2016-01-04,12.938,11.788,13.032,11.778
2016-01-05,11.121,11.231,11.689,10.748
2016-01-06,11.375,11.515,11.525,11.221
2016-01-07,11.301,10.365,11.311,10.365
2016-01-08,10.35,10.29,10.843,9.499
2016-01-11,10.042,9.26,10.081,9.26
2016-01-12,9.355,9.295,9.435,8.857
2016-01-13,9.39,9.061,9.599,9.037
2016-01-14,8.683,9.375,9.509,8.459
2016-01-15,9.345,8.957,9.395,8.857
2016-01-18,8.624,9.201,9.33,8.624
2016-01-19,9.091,9.554,9.594,9.091
2016-01-20,9.539,9.38,9.654,9.33
2016-01-21,9.156,8.927,9.504,8.907
2016-01-22,8.997,9.086,9.201,8.748
2016-01-25,9.166,9.43,9.549,9.156
2016-01-26,9.28,8.519,9.345,8.489
2016-01-27,8.569,8.365,8.698,7.817
2016-01-28,8.176,8.026,8.39,7.962
2016-01-29,8.126,8.36,8.459,7.982
2016-02-01,8.315,8.3,8.459,8.076
2016-02-02,8.29,8.594,8.643,8.29
2016-02-03,8.459,8.584,8.604,8.38
2016-02-04,8.633,8.852,8.977,8.609
2016-02-05,8.847,8.713,8.942,8.663
2016-02-15,8.27,8.534,8.589,8.27
2016-02-16,8.584,8.917,8.947,8.584
2016-02-17,8.932,9.091,9.241,8.857
2016-02-18,9.186,9.539,9.654,8.957
2016-02-19,9.35,9.455,9.654,9.28
2016-02-22,9.549,9.659,9.663,9.445
2016-02-23,9.703,9.395,9.703,9.28
2016-02-24,9.34,9.534,9.539,9.156
2016-02-25,9.44,8.579,9.544,8.579
2016-02-26,8.658,8.599,8.808,8.39
2016-02-29,8.559,8.046,8.599,7.962
2016-03-01,8.191,8.31,8.365,8.036
2016-03-02,8.25,8.708,8.743,8.25
2016-03-03,8.703,8.708,8.932,8.584
2016-03-04,8.688,8.395,8.768,8.31
2016-03-07,8.41,8.718,8.803,8.41
2016-03-08,8.668,9.086,9.096,8.36
2016-03-09,8.852,8.818,8.992,8.713
2016-03-10,8.718,8.628,8.907,8.609
2016-03-11,8.464,8.798,8.887,8.464
2016-03-14,8.887,9.096,9.226,8.887
2016-03-15,9.007,8.952,9.091,8.862
2016-03-16,9.046,8.748,9.046,8.698
2016-03-17,8.763,8.972,9.032,8.703
2016-03-18,8.972,9.231,9.375,8.932
2016-03-21,9.25,9.45,9.469,9.236
2016-03-22,9.34,9.31,9.435,9.255
2016-03-23,9.29,9.758,9.778,9.231
2016-03-24,9.678,9.464,9.678,9.455
2016-03-25,9.29,9.514,9.654,9.29
2016-03-28,9.514,9.345,9.649,9.31
2016-03-29,9.305,9.081,9.33,9.017
2016-03-30,9.181,9.469,9.499,9.116
2016-03-31,9.499,9.479,9.594,9.415
2016-04-01,9.455,9.34,9.455,9.186
2016-04-05,9.355,9.614,9.644,9.34
2016-04-06,9.629,9.673,9.693,9.509
2016-04-07,9.654,9.405,9.728,9.395
2016-04-08,9.37,9.425,9.45,9.285
2016-04-11,9.499,9.659,9.818,9.499
2016-04-12,9.678,9.793,9.803,9.619
2016-04-13,9.853,10.131,10.455,9.848
2016-04-14,10.191,10.196,10.271,9.972
2016-04-15,10.176,10.146,10.231,10.027
2016-04-18,10.211,10.494,10.738,10.176
2016-04-19,10.738,10.539,10.932,10.455
2016-04-20,10.584,9.693,10.584,9.504
2016-04-21,9.733,9.564,9.887,9.514
2016-04-22,9.489,9.713,9.728,9.355
2016-04-25,9.713,9.753,9.848,9.539
2016-04-26,9.758,9.877,9.887,9.663
2016-04-27,9.937,10.166,10.241,9.823
2016-04-28,10.077,9.927,10.141,9.748
2016-04-29,9.947,9.748,9.982,9.738
2016-05-03,9.753,10.081,10.091,9.708
2016-05-04,10.007,10.052,10.151,9.952
2016-05-05,10.007,10.216,10.236,9.972
2016-05-06,10.276,10.49,11.236,10.276
2016-05-09,10.226,9.932,10.375,9.833
2016-05-10,9.853,10.111,10.171,9.803
2016-05-11,10.141,10.42,10.604,10.141
2016-05-12,10.206,10.121,10.211,9.494
2016-05-13,10.002,10.037,10.425,9.952
2016-05-16,9.912,10.251,10.271,9.718
2016-05-17,10.201,10.365,10.499,10.201
2016-05-18,10.375,9.678,10.375,9.604
2016-05-19,9.604,9.624,9.897,9.544
2016-05-20,9.589,9.554,9.673,9.385
2016-05-23,9.559,10.042,10.052,9.559
2016-05-24,9.947,9.763,9.952,9.654
2016-05-25,9.892,9.863,10.027,9.783
2016-05-26,9.813,10.146,10.176,9.698
2016-05-27,10.141,10.141,10.211,9.962
2016-05-30,10.131,10.086,10.325,9.877
2016-05-31,10.067,10.415,10.44,10.057
2016-06-01,10.33,10.609,10.788,10.33
2016-06-02,10.644,10.619,10.694,10.465
2016-06-03,10.599,10.609,10.679,10.539
2016-06-06,10.694,11.39,11.634,10.574
2016-06-07,11.943,12.53,12.53,11.943
2016-06-08,13.137,12.286,13.425,12.002
2016-06-13,12.112,12.465,12.689,11.644
2016-06-14,11.997,12.729,13.127,11.972
2016-06-15,12.49,14.006,14.006,12.49
2016-06-16,14.515,14.116,15.403,14.006
2016-06-17,13.966,13.946,14.356,13.468
2016-06-20,13.837,14.156,14.316,13.747
2016-06-21,14.166,13.448,14.675,13.099
2016-06-22,13.448,13.488,13.557,12.799
2016-06-23,13.408,12.939,13.408,12.819
2016-06-24,13.009,12.749,13.128,12.57
2016-06-27,12.58,12.889,13.029,12.58
2016-06-28,12.819,13.927,14.176,12.68
2016-06-29,13.847,13.797,14.465,13.627
2016-06-30,13.787,13.388,13.787,13.138
2016-07-01,13.288,13.408,13.518,13.168
2016-07-04,13.248,13.797,14.056,13.168
2016-07-05,13.787,14.026,14.166,13.268
2016-07-06,13.966,14.675,14.874,13.677
2016-07-07,14.575,14.575,14.904,14.326
2016-07-08,14.565,14.136,14.565,14.066
2016-07-11,14.066,14.006,14.465,13.777
2016-07-12,13.867,13.697,14.096,13.268
2016-07-13,13.727,13.717,13.817,13.468
2016-07-14,13.717,13.707,13.747,13.478
2016-07-15,13.577,13.518,13.757,13.378
2016-07-18,13.398,13.338,13.577,13.218
2016-07-19,13.358,13.099,13.428,12.919
2016-07-20,13.148,13.448,13.607,13.128
2016-07-21,13.368,13.198,13.498,13.128
2016-07-22,13.338,12.829,13.418,12.819
2016-07-25,12.829,12.29,12.829,12.121
2016-07-26,12.38,12.759,12.799,12.31
2016-07-27,12.869,12.101,12.889,11.772
2016-07-28,12.111,12.57,12.739,11.881
2016-07-29,12.53,12.56,12.699,12.42
2016-08-01,12.38,12.271,12.52,11.931
2016-08-02,12.281,12.51,12.61,12.191
2016-08-03,12.46,12.43,12.51,12.33
2016-08-04,12.44,12.809,12.919,12.151
2016-08-05,12.839,12.51,12.839,12.47
2016-08-08,12.38,12.63,12.65,12.251
2016-08-09,12.63,12.64,12.68,12.5
2016-08-10,12.61,12.799,12.889,12.54
2016-08-11,12.799,12.44,12.819,12.42
2016-08-12,12.47,12.68,12.709,12.34
2016-08-15,12.67,12.799,12.859,12.46
2016-08-16,12.809,12.769,12.909,12.67
2016-08-17,12.769,12.969,13.118,12.769
2016-08-18,12.949,12.819,13.099,12.769
2016-08-19,12.799,12.709,12.989,12.67
2016-08-22,12.65,12.32,12.67,12.281
2016-08-23,12.42,12.251,12.42,12.201
2016-08-24,12.241,12.42,12.47,12.241
2016-08-25,12.42,12.3,12.43,12.171
2016-08-26,12.35,12.38,12.49,12.29
2016-08-29,12.38,12.39,12.49,12.251
2016-08-30,12.42,12.3,12.42,12.251
2016-08-31,12.35,12.37,12.39,12.231
2016-09-01,12.39,12.36,12.49,12.32
2016-09-02,12.39,12.709,13.039,12.29
2016-09-05,12.65,12.699,12.769,12.52
2016-09-06,12.67,12.989,12.999,12.46
2016-09-07,13.049,13.617,13.937,13.019
2016-09-08,13.767,13.747,14.066,13.468
2016-09-09,13.727,13.418,14.365,13.368
2016-09-12,12.829,12.62,13.368,12.35
2016-09-13,12.69,12.54,12.749,12.39
2016-09-14,12.64,12.111,12.67,11.971
2016-09-19,12.131,12.221,12.231,11.971
2016-09-20,12.231,12.081,12.231,12.031
2016-09-21,12.111,12.121,12.231,12.021
2016-09-22,12.211,12.041,12.251,11.981
2016-09-23,12.021,11.881,12.081,11.871
2016-09-26,11.772,11.413,11.862,11.393
2016-09-27,11.452,11.443,11.482,11.233
2016-09-28,11.472,11.612,11.642,11.462
2016-09-29,11.672,11.512,11.672,11.492
2016-09-30,11.502,11.572,11.632,11.502
2016-10-10,11.652,11.822,11.832,11.632
2016-10-11,11.852,11.802,11.881,11.652
2016-10-12,11.762,11.742,11.782,11.682
2016-10-13,11.722,11.812,11.812,11.672
2016-10-14,11.802,11.752,11.802,11.662
2016-10-17,11.762,11.512,11.832,11.502
2016-10-18,11.532,12.111,12.171,11.512
2016-10-21,13.318,13.318,13.318,13.318
2016-10-24,14.655,14.116,14.655,13.488
2016-10-25,13.966,13.727,14.016,13.468
2016-10-26,13.528,13.099,13.528,12.999
2016-10-27,13.138,13.228,13.288,13.039
2016-10-28,13.148,12.63,13.208,12.57
2016-10-31,12.52,12.709,12.729,12.43
2016-11-01,12.65,12.809,12.869,12.57
2016-11-02,12.719,12.719,12.839,12.57
2016-11-03,12.63,12.69,12.899,12.63
2016-11-04,12.66,12.909,12.939,12.59
2016-11-07,12.939,12.699,12.959,12.62
2016-11-08,12.699,12.69,12.849,12.62
2016-11-09,12.67,12.211,12.67,11.981
2016-11-10,12.29,12.31,12.37,12.251
2016-11-11,12.32,12.3,12.34,12.191
2016-11-14,12.31,12.41,12.43,12.201
2016-11-15,12.41,12.44,12.45,12.3
2016-11-16,12.45,12.58,12.62,12.44
2016-11-17,12.58,12.3,12.58,12.241
2016-11-18,12.281,12.281,12.42,12.261
2016-11-21,12.271,12.261,12.33,12.171
2016-11-22,12.271,12.45,12.51,12.251
2016-11-23,12.46,12.31,12.56,12.271
2016-11-24,12.251,12.171,12.35,12.101
2016-11-25,12.121,11.911,12.211,11.782
2016-11-28,11.911,12.011,12.051,11.871
2016-11-29,12.001,11.842,12.051,11.822
2016-11-30,11.822,11.792,11.921,11.732
2016-12-01,11.792,11.971,12.011,11.792
2016-12-02,11.971,11.802,12.051,11.782
2016-12-05,11.712,11.862,11.881,11.652
2016-12-06,11.822,12.011,12.241,11.822
2016-12-07,11.941,12.041,12.061,11.891
2016-12-08,12.051,11.802,12.051,11.792
2016-12-09,11.792,11.622,11.852,11.582
2016-12-12,11.622,10.914,11.672,10.884
2016-12-13,10.914,10.874,10.954,10.734
2016-12-14,10.874,10.694,10.934,10.674
2016-12-15,10.684,10.804,10.844,10.605
2016-12-16,10.814,10.834,10.864,10.704
2016-12-19,10.774,10.674,10.824,10.664
2016-12-20,10.654,10.495,10.654,10.405
2016-12-21,10.485,10.684,10.684,10.485
2016-12-22,10.634,11.053,11.073,10.634
2016-12-23,11.053,10.654,11.063,10.605
2016-12-26,10.674,10.714,10.734,10.475
2016-12-27,10.754,10.734,10.754,10.624
2016-12-28,10.764,10.545,10.764,10.485
2016-12-29,10.505,10.525,10.624,10.445
2016-12-30,10.485,10.345,10.585,10.295
2017-01-03,10.345,10.475,10.495,10.345
2017-01-04,10.485,10.684,10.734,10.485
2017-01-05,10.724,10.644,10.754,10.634
2017-01-06,10.615,10.644,10.714,10.585
2017-01-09,10.634,10.694,10.714,10.585
2017-01-10,10.694,10.644,10.714,10.634
2017-01-11,10.644,10.365,10.694,10.345
2017-01-12,10.355,10.305,10.435,10.295
2017-01-13,10.295,10.315,10.455,10.275
2017-01-16,10.335,9.986,10.355,9.597
2017-01-17,9.966,9.816,9.966,9.507
2017-01-18,9.816,9.647,9.816,9.617
2017-01-19,9.647,9.637,9.687,9.577
2017-01-20,9.597,9.747,9.787,9.597
2017-01-23,9.806,9.856,9.866,9.677
2017-01-24,9.806,9.707,9.836,9.687
2017-01-25,9.707,9.777,9.806,9.687
2017-01-26,9.787,9.856,9.856,9.737
2017-02-03,9.856,9.896,9.926,9.796
2017-02-06,9.896,9.966,9.966,9.816
2017-02-07,9.966,9.906,9.966,9.846
2017-02-08,9.876,9.946,9.956,9.836
2017-02-09,9.976,10.106,10.126,9.936
2017-02-10,10.126,10.036,10.126,9.976
2017-02-13,10.036,10.106,10.136,10.006
2017-02-14,10.116,10.166,10.186,10.036
2017-02-15,10.275,10.605,10.844,10.265
2017-02-16,10.475,10.515,10.535,10.325
2017-02-17,10.465,10.315,10.465,10.205
2017-02-20,10.275,10.335,10.355,10.215
2017-02-21,10.305,10.395,10.465,10.285
2017-02-22,10.375,10.545,10.565,10.315
2017-02-23,10.505,10.455,10.545,10.385
2017-02-24,10.465,10.435,10.475,10.345
2017-02-27,10.435,10.235,10.435,10.235
2017-02-28,10.235,10.325,10.365,10.235
2017-03-01,10.355,10.325,10.365,10.295
2017-03-02,10.325,10.315,10.395,10.305
2017-03-03,10.285,10.196,10.295,10.106
2017-03-06,10.196,10.425,10.435,10.196
2017-03-07,10.425,10.605,10.624,10.415
2017-03-08,10.585,10.405,10.585,10.315
2017-03-09,10.425,10.315,10.455,10.295
2017-03-10,10.305,10.345,10.485,10.305
2017-03-13,10.455,10.664,10.734,10.405
2017-03-14,10.545,10.425,10.555,10.385
2017-03-15,10.415,10.335,10.415,10.305
2017-03-16,10.365,10.415,10.455,10.325
2017-03-17,10.425,10.315,10.445,10.305
2017-03-20,10.325,10.285,10.365,10.186
2017-03-21,10.245,10.335,10.415,10.245
2017-03-22,10.335,10.146,10.365,10.086
2017-03-23,10.146,10.166,10.225,10.026
2017-03-24,10.156,10.205,10.215,10.106
2017-03-27,10.176,10.136,10.196,10.126
2017-03-28,10.136,10.116,10.166,10.046
2017-03-29,10.116,9.996,10.146,9.996
2017-03-30,9.996,9.707,10.006,9.607
2017-03-31,9.697,9.826,9.876,9.697
2017-04-05,9.836,10.016,10.046,9.787
2017-04-06,10.026,10.006,10.076,9.966
2017-04-07,10.036,10.385,10.595,9.926
2017-04-10,10.475,10.166,10.475,10.116
2017-04-11,10.086,10.106,10.126,9.996
2017-04-12,10.076,9.956,10.076,9.946
2017-04-13,9.956,9.966,10.026,9.896
2017-04-14,9.966,9.757,10.006,9.717
2017-04-17,9.737,9.687,9.816,9.587
2017-04-18,9.687,9.607,9.717,9.537
2017-04-19,9.587,9.457,9.607,9.338
2017-04-20,9.427,9.358,9.567,9.278
2017-04-21,9.358,9.387,9.447,9.338
2017-04-24,9.397,9.028,9.407,8.998
2017-04-25,9.118,9.018,9.118,8.978
2017-04-26,8.998,8.859,9.058,8.839
2017-04-27,8.899,8.769,8.899,8.4
2017-04-28,8.699,8.849,8.859,8.669
2017-05-02,8.849,8.988,9.048,8.779
2017-05-03,8.919,8.909,8.968,8.839
2017-05-04,8.879,8.968,9.058,8.819
2017-05-05,8.889,8.789,8.968,8.779
2017-05-08,8.779,8.46,8.779,8.41
2017-05-09,8.43,8.579,8.619,8.41
2017-05-10,8.579,8.49,8.759,8.46
2017-05-11,8.5,8.46,8.569,8.27
2017-05-12,8.47,8.37,8.51,8.36
2017-05-15,8.36,8.43,8.43,8.36
2017-05-16,8.41,8.579,8.589,8.32
2017-05-17,8.51,8.54,8.649,8.51
2017-05-18,8.549,8.53,8.679,8.46
2017-05-19,8.52,8.43,8.53,8.42
2017-05-22,8.38,8.24,8.41,8.23
2017-05-23,8.22,7.871,8.22,7.841
2017-05-24,7.831,7.941,7.961,7.642
2017-05-25,7.921,7.971,8.011,7.811
2017-05-26,7.981,7.951,8.041,7.941
2017-05-31,8.041,7.931,8.13,7.911
2017-06-01,7.861,7.672,7.931,7.652
2017-06-02,7.652,7.781,7.781,7.582
2017-06-05,7.781,7.871,7.881,7.781
2017-06-06,7.891,7.921,7.971,7.831
2017-06-07,7.971,8.081,8.081,7.901
2017-06-08,8.101,8.021,8.13,8.021
2017-06-09,8.031,7.981,8.061,7.881
2017-06-12,7.981,7.841,7.981,7.831
2017-06-13,7.831,8.001,8.021,7.831
2017-06-14,8.011,8.051,8.101,7.911
2017-06-15,8.031,8.16,8.21,8.021
2017-06-16,8.15,8.21,8.33,8.13
2017-06-19,8.21,8.4,8.43,8.16
2017-06-20,8.39,8.33,8.47,8.3
2017-06-21,8.38,8.37,8.39,8.3
2017-06-22,8.37,8.22,8.42,8.19
2017-06-23,8.18,8.27,8.33,8.081
2017-06-26,8.27,8.36,8.4,8.19
2017-06-27,8.36,8.34,8.42,8.26
2017-06-28,8.29,8.21,8.29,8.17
2017-06-29,8.2,8.39,8.639,8.16
2017-06-30,8.38,8.26,8.39,8.25
2017-07-03,8.3,8.93,9.09,8.2
2017-07-04,8.99,8.72,8.99,8.6
2017-07-05,8.67,8.63,8.67,8.52
2017-07-06,8.6,8.55,8.64,8.47
2017-07-07,8.51,8.53,8.63,8.47
2017-07-10,8.5,8.48,8.57,8.4
2017-07-11,8.41,8.31,8.48,8.31
2017-07-12,8.28,8.17,8.31,8.06
2017-07-13,8.19,8.2,8.21,8.12
2017-07-14,8.2,8.19,8.22,8.13
2017-07-17,8.16,7.66,8.16,7.37
2017-07-18,7.6,7.81,7.89,7.55
2017-07-19,7.8,7.89,7.89,7.73
2017-07-20,7.88,7.88,7.96,7.85
2017-07-21,7.9,8.13,8.4,7.85
2017-07-24,7.99,8.11,8.12,7.98
2017-07-25,8.11,8.07,8.22,8.02
2017-07-26,8.13,7.97,8.13,7.95
2017-07-27,8.02,8.1,8.12,7.92
2017-07-28,8.06,8.08,8.14,8.05
2017-07-31,8.09,8.09,8.12,8.0
2017-08-01,8.07,8.06,8.12,8.04
2017-08-02,8.08,8.02,8.14,8.02
2017-08-03,8.09,8.09,8.12,8.0
2017-08-04,8.05,8.04,8.09,8.02
2017-08-07,8.04,8.01,8.04,7.96
2017-08-08,8.0,8.2,8.22,7.99
2017-08-09,8.2,8.24,8.3,8.16
2017-08-10,8.2,7.99,8.2,7.91
2017-08-11,7.99,8.0,8.08,7.94
2017-08-14,8.0,8.49,8.69,7.97
2017-08-15,8.51,8.32,8.58,8.23
2017-08-16,8.22,8.26,8.29,8.16
2017-08-17,8.23,8.3,8.33,8.22
2017-08-18,8.3,8.26,8.3,8.21
2017-08-21,8.23,8.29,8.34,8.22
2017-08-22,8.28,8.23,8.28,8.2
2017-08-23,8.2,8.17,8.26,8.16
2017-08-24,8.17,8.08,8.22,8.06
2017-08-25,8.08,8.19,8.22,8.06
2017-08-28,8.17,8.36,8.38,8.17
2017-08-29,8.35,8.3,8.38,8.27
2017-08-30,8.3,8.31,8.36,8.26
2017-08-31,8.38,8.34,8.38,8.3
2017-09-01,8.35,8.38,8.39,8.28
2017-09-04,8.39,8.39,8.44,8.32
2017-09-05,8.42,8.55,8.63,8.35
2017-09-06,8.52,8.71,8.84,8.45
2017-09-07,8.65,8.51,8.82,8.5
2017-09-08,8.52,8.61,8.68,8.49
2017-09-11,8.58,8.94,8.96,8.51
2017-09-12,9.0,9.16,9.37,8.94
2017-09-13,9.03,9.05,9.08,8.92
2017-09-14,9.03,9.19,9.26,8.86
2017-09-15,9.09,9.53,9.55,8.9
2017-09-18,9.4,9.63,9.74,9.35
2017-09-19,9.53,9.3,9.57,9.23
2017-09-20,9.23,9.25,9.35,9.08
2017-09-21,9.2,9.05,9.41,9.03
2017-09-22,9.05,9.01,9.12,8.93
2017-09-25,8.95,8.86,9.12,8.82
2017-09-26,8.85,8.89,8.93,8.78
2017-09-27,8.9,9.1,9.1,8.82
2017-09-28,9.03,8.82,9.09,8.81
2017-09-29,8.8,8.9,8.94,8.8
2017-10-09,8.94,9.0,9.03,8.94
2017-10-10,9.03,8.98,9.03,8.9
2017-10-11,8.95,9.3,9.33,8.91
2017-10-12,9.32,9.17,9.34,9.13
2017-10-13,9.14,9.16,9.21,9.06
2017-10-16,9.2,8.72,9.2,8.71
2017-10-17,8.75,8.62,8.79,8.58
2017-10-18,8.62,8.62,8.73,8.59
2017-10-19,8.61,8.46,8.68,8.44
2017-10-20,8.45,8.54,8.57,8.43
2017-10-23,8.55,8.59,8.62,8.51
2017-10-24,8.58,8.55,8.59,8.45
2017-10-25,8.56,8.7,8.73,8.55
2017-10-26,8.64,8.72,8.76,8.6
2017-10-27,8.72,8.54,8.74,8.52
2017-10-30,8.54,8.2,8.57,8.12
2017-10-31,8.21,8.31,8.33,8.21
2017-11-01,8.3,8.37,8.52,8.3
2017-11-02,8.32,8.21,8.36,8.2
2017-11-03,8.21,8.18,8.26,8.12
2017-11-06,8.2,8.27,8.28,8.17
2017-11-07,8.23,8.26,8.29,8.19
2017-11-08,8.22,8.26,8.32,8.21
2017-11-09,8.26,8.35,8.44,8.26
2017-11-10,8.34,8.41,8.44,8.28
2017-11-13,8.38,8.44,8.5,8.38
2017-11-14,8.44,8.24,8.44,8.22
2017-11-15,8.23,8.23,8.31,8.18
2017-11-16,8.2,8.09,8.28,8.08
2017-11-17,8.12,7.74,8.17,7.7
2017-11-20,7.74,7.61,7.74,7.58
2017-11-21,7.62,7.65,7.67,7.61
2017-11-22,7.65,7.66,7.7,7.62
2017-11-23,7.66,7.5,7.66,7.5
2017-11-24,7.49,7.45,7.49,7.31
2017-11-27,7.46,7.46,7.55,7.42
2017-11-28,7.46,7.55,7.58,7.43
2017-11-29,7.55,7.61,7.61,7.46
2017-11-30,7.62,7.53,7.62,7.48
2017-12-01,7.47,7.52,7.59,7.45
2017-12-04,7.5,7.45,7.58,7.42
2017-12-05,7.42,7.19,7.47,7.12
2017-12-06,7.18,7.22,7.27,6.99
2017-12-07,7.21,7.16,7.24,7.11
2017-12-08,7.2,7.86,7.88,7.13
2017-12-11,7.74,7.89,7.96,7.67
2017-12-12,7.77,7.93,8.01,7.74
2017-12-13,7.93,7.92,7.98,7.85
2017-12-14,7.98,7.91,7.98,7.78
2017-12-15,7.84,7.89,7.93,7.8
2017-12-18,7.85,7.79,7.9,7.75
2017-12-19,7.83,7.73,7.88,7.69
2017-12-20,7.73,7.79,7.81,7.64
2017-12-21,7.71,7.67,7.77,7.65
2017-12-22,7.67,7.5,7.75,7.43
2017-12-25,7.54,7.32,7.54,7.32
2017-12-26,7.32,7.38,7.43,7.3
2017-12-27,7.38,7.31,7.43,7.3
2017-12-28,7.32,7.42,7.53,7.31
2017-12-29,7.43,7.46,7.47,7.32
2018-01-02,7.49,7.47,7.5,7.4
2018-01-03,7.48,7.55,7.59,7.44
2018-01-04,7.5,7.5,7.56,7.48
2018-01-05,7.51,7.47,7.51,7.44
2018-01-08,7.48,7.52,7.56,7.33
2018-01-09,7.5,8.03,8.18,7.4
2018-01-10,7.89,7.68,8.02,7.61
2018-01-11,7.64,7.67,7.73,7.54
2018-01-12,7.67,7.57,7.67,7.56
2018-01-15,7.53,7.34,7.53,7.33
2018-01-16,7.33,7.39,7.42,7.33
2018-01-17,7.39,7.43,7.46,7.32
2018-01-18,7.48,7.42,7.48,7.4
2018-01-19,7.42,7.36,7.44,7.35
2018-01-22,7.35,7.38,7.43,7.22
2018-01-23,7.41,7.39,7.44,7.36
2018-01-24,7.4,7.42,7.45,7.32
2018-01-25,7.54,7.46,7.68,7.45
2018-01-26,7.48,7.43,7.49,7.39
2018-01-29,7.43,7.36,7.48,7.33
2018-01-30,7.36,7.36,7.45,7.35
2018-01-31,7.3,7.2,7.36,7.17
2018-02-01,7.14,7.0,7.25,7.0
2018-02-02,7.0,7.02,7.04,6.8
2018-02-05,6.97,7.2,7.22,6.9
2018-02-06,7.52,7.02,7.69,7.01
2018-02-07,6.99,6.82,7.0,6.65
2018-02-08,6.72,6.81,6.88,6.72
2018-02-09,6.75,6.52,6.75,6.5
2018-02-12,6.51,6.62,6.67,6.51
2018-02-13,6.62,6.59,6.73,6.58
2018-02-14,6.61,6.68,6.72,6.58
2018-02-22,6.72,6.73,6.75,6.66
2018-02-23,6.73,6.73,6.77,6.71
2018-02-26,6.79,6.85,6.87,6.72
2018-02-27,6.85,6.86,6.9,6.79
2018-02-28,6.83,6.83,6.89,6.7
2018-03-01,6.78,6.89,6.92,6.75
2018-03-02,6.85,6.88,6.92,6.83
2018-03-05,6.89,6.88,6.9,6.79
2018-03-06,6.87,6.96,6.96,6.86
2018-03-07,6.97,7.09,7.31,6.91
2018-03-08,7.02,7.03,7.08,7.0
2018-03-09,7.04,7.11,7.13,7.02
2018-03-12,7.16,7.15,7.18,7.08
2018-03-13,7.15,7.1,7.16,7.08
2018-03-14,7.1,7.01,7.15,7.0
2018-03-15,7.0,6.88,7.0,6.83
2018-03-16,6.89,6.9,6.96,6.85
2018-03-19,6.88,6.96,6.96,6.88
2018-03-20,6.96,6.98,6.98,6.85
2018-03-21,6.98,6.99,7.07,6.97
2018-03-22,6.99,7.05,7.12,6.95
2018-03-23,6.9,6.63,6.9,6.56
2018-03-26,6.59,6.66,6.67,6.42
2018-03-27,6.67,6.79,6.86,6.67
2018-03-28,6.65,6.79,6.83,6.65
2018-03-29,6.8,6.87,6.91,6.76
2018-03-30,6.94,6.86,6.94,6.84
2018-04-02,6.86,6.88,6.91,6.82
2018-04-03,6.82,6.72,6.82,6.68
2018-04-04,6.73,6.75,6.77,6.72
2018-04-09,6.6,6.73,6.73,6.6
2018-04-10,6.68,6.74,6.76,6.66
2018-04-11,6.77,6.79,6.84,6.73
2018-04-12,6.79,6.71,6.83,6.67
2018-04-13,6.72,6.81,6.93,6.72
2018-04-16,6.78,6.94,6.98,6.68
2018-04-17,6.92,6.75,6.93,6.73
2018-04-18,6.76,6.89,6.91,6.68
2018-04-19,6.86,6.94,6.97,6.83
2018-04-20,6.97,6.68,6.97,6.66
2018-04-23,6.6,6.55,6.7,6.47
2018-04-24,6.51,6.68,6.71,6.51
2018-04-25,6.65,6.66,6.68,6.56
2018-04-26,6.66,6.53,6.67,6.51
2018-04-27,6.52,6.53,6.57,6.47
2018-05-02,6.53,6.56,6.6,6.47
2018-05-03,6.51,6.6,6.63,6.49
2018-05-04,6.6,6.61,6.62,6.54
2018-05-07,6.61,6.7,6.72,6.61
2018-05-08,6.71,6.72,6.73,6.64
2018-05-09,6.72,6.73,6.74,6.67
2018-05-10,6.74,6.98,7.25,6.72
2018-05-11,6.93,6.84,6.96,6.81
2018-05-14,6.81,6.74,6.89,6.72
2018-05-15,6.72,6.85,6.87,6.72
2018-05-16,6.86,6.81,6.93,6.77
2018-05-17,6.81,6.73,6.81,6.7
2018-05-18,6.73,6.85,6.87,6.73
2018-05-21,6.89,6.86,6.9,6.81
2018-05-22,6.83,6.9,6.92,6.82
2018-05-23,6.91,6.88,7.01,6.86
2018-05-24,6.83,6.87,6.91,6.83
2018-05-25,6.89,6.79,6.97,6.78
