date,open,close,high,low
2017-05-11,21.17,25.4,25.4,21.17
2017-05-12,27.94,27.94,27.94,27.94
2017-05-15,30.73,30.73,30.73,30.73
2017-05-16,33.8,33.8,33.8,33.8
2017-05-17,37.18,37.18,37.18,37.18
2017-05-18,40.9,40.9,40.9,40.9
2017-05-19,44.99,44.99,44.99,44.99
2017-05-22,49.3,40.54,49.3,40.49
2017-05-23,39.51,42.2,43.78,39.5
2017-05-24,40.66,43.41,44.29,40.5
2017-05-25,42.65,40.9,42.98,39.85
2017-05-26,41.0,44.99,44.99,41.0
2017-05-31,48.98,43.96,49.49,43.8
2017-06-01,43.1,41.43,43.8,40.66
2017-06-02,40.0,41.44,42.5,39.5
2017-06-05,42.8,41.54,43.68,41.46
2017-06-06,41.0,41.54,41.74,40.01
2017-06-07,41.55,43.25,44.12,41.23
2017-06-08,43.0,43.29,44.29,42.7
2017-06-09,43.35,43.72,44.18,43.06
2017-06-12,42.44,39.37,42.44,39.35
2017-06-13,39.11,40.18,40.65,39.11
2017-06-14,39.89,39.31,40.08,38.72
2017-06-15,39.1,40.29,40.68,39.05
2017-06-16,40.03,39.73,40.28,39.52
2017-06-19,39.76,39.77,40.16,39.5
2017-06-20,40.07,39.8,40.26,39.66
2017-06-21,39.99,39.32,40.0,39.0
2017-06-22,39.21,38.27,39.49,38.08
2017-06-23,38.08,38.15,38.65,37.03
2017-06-26,38.06,38.65,38.85,37.76
2017-06-27,38.65,38.6,39.06,38.35
2017-06-28,38.44,37.78,38.44,37.61
2017-06-29,37.7,37.83,38.21,37.7
2017-06-30,37.66,38.82,39.1,37.48
2017-07-03,38.72,39.18,39.25,38.3
2017-07-04,39.15,39.18,39.55,38.91
2017-07-05,39.42,40.24,40.35,39.12
2017-07-06,40.16,40.45,40.64,40.01
2017-07-07,40.61,41.33,42.32,40.61
2017-07-10,40.66,40.04,40.86,39.48
2017-07-11,40.5,39.51,40.75,39.21
2017-07-12,39.38,39.93,39.96,38.3
2017-07-13,39.86,39.27,39.86,39.17
2017-07-14,39.4,39.28,39.5,39.0
2017-07-17,39.03,35.35,39.06,35.35
2017-07-18,35.36,35.63,35.8,34.54
2017-07-19,35.3,35.64,35.74,34.73
2017-07-20,35.52,35.76,36.49,35.52
2017-07-21,35.53,35.19,36.0,35.01
2017-07-24,34.82,35.29,35.89,34.72
2017-07-25,35.28,35.28,35.65,35.11
2017-07-26,35.17,35.0,35.49,34.83
2017-07-27,34.88,36.71,36.76,34.88
2017-07-28,36.5,36.32,36.7,35.82
2017-07-31,36.28,37.28,37.35,36.05
2017-08-01,37.19,37.2,37.41,36.52
2017-08-02,36.98,36.36,37.11,36.21
2017-08-03,36.29,37.36,37.68,36.22
2017-08-04,37.39,36.94,37.39,36.67
2017-08-07,36.9,37.04,37.36,36.85
2017-08-08,36.94,36.56,37.11,36.22
2017-08-09,36.36,36.4,36.75,36.36
2017-08-10,36.3,35.81,36.58,35.75
2017-08-11,35.7,35.83,35.98,35.31
2017-08-14,35.85,36.75,36.88,35.61
2017-08-15,36.82,37.57,37.76,36.65
2017-08-16,37.6,37.28,38.2,37.23
2017-08-17,37.68,37.86,38.18,37.3
2017-08-18,37.6,37.37,37.79,37.3
2017-08-21,37.5,37.89,38.2,37.41
2017-08-22,37.89,37.9,38.49,37.77
2017-08-23,37.6,37.59,38.29,37.06
2017-08-24,37.58,37.43,38.2,37.32
2017-08-25,37.22,38.66,38.67,37.2
2017-08-28,39.0,40.72,40.8,38.79
2017-08-29,40.33,39.95,41.37,39.74
2017-08-30,39.56,39.96,40.23,39.47
2017-08-31,40.23,40.7,40.85,40.0
2017-09-01,41.0,40.63,41.0,40.0
2017-09-04,40.45,39.95,40.5,39.61
2017-09-05,39.62,40.16,40.31,39.62
2017-09-06,39.9,39.83,40.1,39.4
2017-09-07,39.99,39.63,40.16,39.53
2017-09-08,39.7,39.7,39.9,39.23
2017-09-11,39.82,40.6,40.66,39.7
2017-09-12,40.5,39.58,40.5,39.5
2017-09-13,39.58,39.96,40.12,39.42
2017-09-14,40.0,39.65,40.01,39.5
2017-09-15,39.63,39.69,39.87,39.41
2017-09-18,39.5,39.68,39.7,38.91
2017-09-19,39.58,39.9,39.95,39.45
2017-09-20,39.9,40.14,40.19,39.65
2017-09-21,40.09,39.29,40.26,38.53
2017-09-22,39.38,39.9,39.96,38.91
2017-09-25,39.9,39.92,40.6,39.73
2017-09-26,39.85,39.28,40.22,38.5
2017-09-27,39.26,39.71,39.85,39.23
2017-09-28,39.85,40.43,40.98,39.53
2017-09-29,40.3,40.54,40.79,40.07
2017-10-09,41.0,40.79,41.33,40.65
2017-10-10,40.79,41.25,41.48,40.51
2017-10-11,41.25,40.82,41.66,40.72
2017-10-12,40.95,40.72,41.06,40.38
2017-10-13,40.62,41.92,42.28,40.6
2017-10-16,42.31,40.22,42.31,39.81
2017-10-17,40.0,40.51,40.97,39.91
2017-10-18,40.49,39.83,40.95,39.57
2017-10-19,39.7,39.34,39.9,38.81
2017-10-20,39.34,39.88,39.95,39.21
2017-10-23,39.92,40.91,40.94,39.7
2017-10-24,40.63,40.8,41.0,40.01
2017-10-25,40.9,41.85,42.2,40.54
2017-10-26,41.61,41.95,42.67,41.61
2017-10-27,42.2,41.92,43.1,41.8
2017-10-30,41.63,41.08,41.88,40.52
2017-10-31,41.08,43.11,43.53,40.73
2017-11-01,42.82,43.17,43.66,42.82
2017-11-02,43.13,44.11,44.84,42.89
2017-11-03,43.81,43.45,44.1,43.0
2017-11-06,43.53,44.18,44.23,43.12
2017-11-07,44.13,43.79,44.13,43.08
2017-11-08,43.72,43.33,43.95,43.22
2017-11-09,43.25,42.92,43.25,42.5
2017-11-10,42.98,43.71,44.88,42.73
2017-11-13,43.89,45.48,45.55,43.77
2017-11-14,46.0,46.62,48.9,45.75
2017-11-15,45.73,46.99,47.48,45.55
2017-11-16,46.7,43.78,47.45,43.5
2017-11-17,43.4,41.86,44.0,41.13
2017-11-20,43.46,46.05,46.05,43.0
2017-11-21,47.57,47.02,48.04,44.8
2017-11-22,45.07,45.75,46.28,45.01
2017-11-23,45.34,46.98,49.87,45.15
2017-11-24,46.0,47.63,49.49,45.63
2017-11-27,46.68,43.47,46.8,42.87
2017-11-28,43.0,44.35,44.6,42.86
2017-11-29,44.0,44.62,44.67,42.12
2017-11-30,44.11,43.97,44.98,43.81
2017-12-01,43.5,44.07,44.3,43.43
2017-12-04,43.0,39.75,43.0,39.66
2017-12-05,38.8,37.44,39.48,37.03
2017-12-06,37.38,38.2,38.36,37.25
2017-12-07,38.1,38.6,38.75,37.8
2017-12-08,38.4,40.09,40.12,38.28
2017-12-11,39.9,39.67,40.2,39.51
2017-12-12,39.53,38.17,39.73,38.14
2017-12-13,37.81,38.99,39.0,37.81
2017-12-14,38.75,39.01,39.12,38.46
2017-12-15,39.0,38.8,39.05,38.01
2017-12-18,38.6,38.35,38.99,38.1
2017-12-19,38.21,38.68,38.87,38.02
2017-12-20,38.62,37.46,38.7,37.42
2017-12-21,37.3,37.2,37.77,36.8
2017-12-22,37.29,36.99,37.5,36.87
2017-12-25,36.91,36.02,36.95,35.6
2017-12-26,36.02,37.14,37.42,35.85
2017-12-27,36.98,36.92,37.32,36.8
2017-12-28,36.81,37.94,38.4,36.72
2017-12-29,37.68,38.4,38.49,37.66
2018-01-02,38.41,38.17,38.46,37.7
2018-01-03,38.17,37.88,38.17,37.6
2018-01-04,37.9,37.64,38.09,37.5
2018-01-05,37.73,38.29,38.69,37.52
2018-01-08,38.3,37.95,38.5,37.0
2018-01-09,37.6,37.64,37.89,37.5
2018-01-10,37.78,36.64,37.78,36.38
2018-01-11,36.69,37.16,37.34,36.26
2018-01-12,37.1,36.92,37.18,36.65
2018-01-15,36.85,35.64,36.85,35.6
2018-01-16,35.88,36.33,36.45,35.62
2018-01-17,36.2,36.95,37.29,36.09
2018-01-18,36.95,37.09,37.5,36.67
2018-01-19,37.3,36.84,37.42,36.73
2018-01-22,36.55,36.81,37.18,36.21
2018-01-23,36.76,37.12,37.18,36.66
2018-01-24,37.12,37.75,37.8,36.72
2018-01-25,37.25,37.38,37.94,37.25
2018-01-26,38.0,38.41,40.2,37.51
2018-01-29,37.8,36.69,37.98,36.32
2018-01-30,36.38,36.22,36.78,36.15
2018-01-31,36.36,35.52,36.52,35.33
2018-02-01,35.52,33.93,35.52,33.85
2018-02-02,33.6,33.41,34.32,32.62
2018-02-05,32.71,32.48,33.28,32.2
2018-02-06,32.22,32.53,33.0,31.1
2018-02-07,32.37,32.11,32.99,31.3
2018-02-08,31.58,31.92,32.25,31.55
2018-02-09,31.31,31.15,31.31,30.11
2018-02-12,31.2,31.49,31.86,31.19
2018-02-13,31.5,31.54,31.79,31.05
2018-02-14,31.4,31.36,31.58,31.21
2018-02-22,31.55,31.73,31.81,31.37
2018-02-23,31.58,31.75,31.76,31.52
2018-02-26,31.78,32.7,32.83,31.75
2018-02-27,32.59,32.81,32.96,32.59
2018-02-28,32.82,32.49,32.82,32.3
2018-03-01,32.18,32.65,32.76,31.93
2018-03-02,32.5,32.2,32.62,32.12
2018-03-05,32.4,32.44,32.5,32.11
2018-03-06,32.44,32.96,33.13,32.33
2018-03-07,33.06,34.06,34.11,32.9
2018-03-08,33.88,33.93,34.19,33.65
2018-03-09,33.95,34.7,34.79,33.95
2018-03-12,35.05,34.71,35.05,34.35
2018-03-13,34.71,33.81,34.73,33.73
2018-03-14,33.73,33.67,34.23,33.51
2018-03-15,33.8,32.48,33.8,32.1
2018-03-16,32.7,32.49,32.81,32.32
2018-03-19,32.79,32.72,32.94,32.0
2018-03-20,32.42,32.84,32.95,32.18
2018-03-21,32.84,33.02,33.57,32.71
2018-03-22,33.08,33.18,33.58,32.87
2018-03-23,32.2,30.39,32.4,30.03
2018-03-26,30.2,31.27,31.3,29.5
2018-03-27,31.6,31.97,32.2,31.4
2018-03-28,31.67,31.55,31.86,31.02
2018-03-29,31.76,32.18,32.22,31.65
2018-03-30,32.26,33.01,33.14,32.23
2018-04-02,33.35,32.76,33.35,32.56
2018-04-03,32.65,32.45,32.65,32.02
2018-04-04,32.46,33.19,33.53,32.46
2018-04-09,33.19,33.96,33.99,32.96
2018-04-10,33.99,33.63,34.06,32.92
2018-04-11,33.8,34.96,35.17,33.65
2018-04-12,36.78,34.95,36.78,34.81
2018-04-13,34.53,34.28,35.54,34.27
2018-04-16,34.0,33.1,34.0,33.0
2018-04-17,33.42,33.14,34.26,33.1
2018-04-18,33.67,33.6,33.7,32.51
2018-04-19,33.47,33.6,33.98,33.47
2018-04-20,33.6,31.96,33.63,31.85
2018-04-23,32.38,32.05,32.49,31.72
2018-04-24,32.27,34.13,35.26,32.22
2018-04-25,33.12,34.57,34.88,33.12
2018-04-26,34.6,33.85,34.85,33.71
2018-04-27,34.3,34.58,34.79,33.76
2018-05-02,34.61,35.24,35.29,34.38
2018-05-03,34.78,34.52,34.95,33.51
2018-05-04,34.24,33.82,34.65,33.77
2018-05-07,34.14,34.57,34.64,33.75
2018-05-08,34.7,34.65,34.7,34.23
2018-05-09,34.56,34.55,34.57,34.04
2018-05-10,34.6,35.38,36.5,34.39
2018-05-11,35.07,34.53,35.5,34.44
2018-05-14,33.99,33.49,33.99,33.01
2018-05-15,33.42,33.89,33.97,33.28
2018-05-16,33.68,33.62,33.94,33.48
2018-05-17,33.68,33.74,33.83,33.3
2018-05-18,33.81,34.61,34.65,33.61
2018-05-21,34.66,35.04,35.14,34.3
2018-05-22,35.18,35.12,35.18,34.62
2018-05-23,35.0,34.72,35.38,34.67
2018-05-24,34.52,35.01,35.11,34.41
2018-05-25,34.93,35.05,35.54,34.6
