date,open,close,high,low
2017-08-23,18.11,21.73,21.73,18.11
2017-08-24,23.9,23.9,23.9,23.9
2017-08-25,26.29,26.29,26.29,26.29
2017-08-28,28.92,28.92,28.92,28.92
2017-08-29,31.81,31.81,31.81,31.81
2017-08-30,34.99,34.99,34.99,34.99
2017-08-31,38.49,38.49,38.49,38.49
2017-09-01,42.34,42.34,42.34,42.34
2017-09-04,46.57,46.57,46.57,46.57
2017-09-05,51.23,51.23,51.23,51.23
2017-09-06,56.35,56.35,56.35,55.0
2017-09-07,59.0,61.99,61.99,58.0
2017-09-08,65.0,68.19,68.19,64.46
2017-09-11,73.89,71.28,75.01,66.1
2017-09-12,66.22,64.19,69.3,64.15
2017-09-13,63.22,64.77,66.0,62.02
2017-09-14,63.19,66.88,69.18,63.19
2017-09-15,65.88,64.29,68.2,60.6
2017-09-18,64.82,60.43,65.75,59.88
2017-09-19,58.75,59.53,59.8,58.4
2017-09-20,58.68,60.55,61.78,58.48
2017-09-21,59.99,58.92,61.37,58.83
2017-09-22,58.45,60.53,61.58,57.48
2017-09-25,60.06,63.57,64.4,60.0
2017-09-26,63.0,59.79,63.0,57.35
2017-09-27,59.83,62.51,62.86,58.1
2017-09-28,63.77,67.3,68.49,62.88
2017-09-29,65.5,64.84,65.83,63.3
2017-10-09,65.2,65.29,67.88,63.7
2017-10-10,64.01,64.71,65.99,64.01
2017-10-11,64.0,61.55,65.25,58.88
2017-10-12,61.0,59.08,61.02,58.0
2017-10-13,57.5,58.9,59.8,57.5
2017-10-16,58.36,56.69,59.3,56.2
2017-10-17,56.0,57.56,57.82,55.01
2017-10-18,57.0,55.23,57.97,55.15
2017-10-19,55.05,55.19,56.09,55.0
2017-10-20,55.3,56.43,56.49,55.1
2017-10-23,56.35,55.9,56.99,55.7
2017-10-24,56.03,53.08,56.17,52.53
2017-10-25,53.0,54.8,55.0,53.0
2017-10-26,54.8,54.25,55.6,53.68
2017-10-27,53.8,52.81,54.44,52.73
2017-10-30,52.82,49.39,52.82,49.16
2017-10-31,49.97,49.83,49.99,49.2
2017-11-01,50.45,52.55,53.5,50.2
2017-11-02,52.03,53.46,54.64,52.02
2017-11-03,53.2,53.34,54.3,52.22
2017-11-06,54.66,54.87,55.49,53.22
2017-11-07,54.78,55.08,55.83,54.3
2017-11-08,55.2,56.55,57.14,54.73
2017-11-09,56.8,57.94,58.5,56.38
2017-11-10,58.1,56.95,58.68,56.3
2017-11-13,56.6,57.8,58.59,55.3
2017-11-14,58.01,54.63,58.08,54.6
2017-11-15,52.93,52.49,54.28,51.2
2017-11-16,52.18,54.0,56.39,52.1
2017-11-17,54.0,52.99,56.68,52.58
2017-11-20,52.0,58.29,58.29,50.02
2017-11-21,60.0,62.06,63.65,59.6
2017-11-22,60.99,63.79,64.66,59.66
2017-11-23,62.13,60.28,63.91,60.0
2017-11-24,59.93,61.71,63.58,59.93
2017-11-27,61.71,59.74,62.5,57.9
2017-11-28,60.1,62.05,62.5,59.01
2017-11-29,61.51,64.28,65.31,61.51
2017-11-30,64.1,64.99,65.8,62.05
2017-12-01,66.01,63.46,66.47,63.33
2017-12-04,60.33,57.11,62.0,57.11
2017-12-05,54.68,51.4,56.68,51.4
2017-12-06,51.97,51.6,52.5,49.23
2017-12-07,51.01,51.1,51.8,50.0
2017-12-08,50.51,51.39,52.5,50.5
2017-12-11,51.03,51.55,51.6,50.57
2017-12-12,51.49,53.31,53.94,51.06
2017-12-13,52.65,52.19,53.28,51.33
2017-12-14,52.99,52.93,54.4,52.85
2017-12-15,53.0,52.42,53.01,51.65
2018-02-09,47.18,47.18,47.18,47.18
2018-02-12,42.46,42.79,44.45,42.46
2018-02-13,42.18,43.88,43.98,41.0
2018-02-14,43.21,42.02,43.7,42.0
2018-02-22,42.46,42.38,42.6,41.66
2018-02-23,42.49,42.67,42.96,41.82
2018-02-26,42.65,43.82,44.15,42.64
2018-02-27,43.3,45.12,45.95,43.1
2018-02-28,44.88,43.7,44.88,43.0
2018-03-01,43.07,44.01,44.3,43.07
2018-03-02,43.98,42.79,44.09,42.02
2018-03-05,43.21,44.14,44.3,42.62
2018-03-06,43.82,45.09,45.38,43.82
2018-03-07,45.09,45.07,46.3,44.88
2018-03-08,44.94,46.29,46.48,43.97
2018-03-09,45.99,46.53,46.58,45.39
2018-03-12,46.5,46.92,47.44,45.91
2018-03-13,46.88,45.74,47.97,45.2
2018-03-14,45.48,45.75,46.17,45.25
2018-03-15,45.51,43.48,45.51,42.8
2018-03-16,43.49,42.75,43.98,42.56
2018-03-19,42.57,43.6,43.9,42.15
2018-03-20,43.6,44.35,44.48,43.0
2018-03-21,43.88,44.06,44.8,43.88
2018-03-22,44.0,44.3,44.48,43.5
2018-03-23,43.4,39.87,43.4,39.87
2018-03-26,38.41,38.8,39.06,35.88
2018-03-27,40.0,39.76,40.0,38.8
2018-03-28,39.63,40.35,40.88,38.83
2018-03-29,39.67,42.44,43.95,39.67
2018-03-30,42.6,43.35,43.68,42.0
2018-04-02,43.8,45.35,45.45,42.62
2018-04-03,45.37,44.99,46.63,44.31
2018-04-04,45.4,46.51,46.78,44.56
2018-04-09,47.04,46.41,47.5,45.0
2018-04-10,46.41,46.36,47.0,45.81
2018-04-11,46.99,47.5,47.55,44.98
2018-04-12,52.0,52.25,52.25,51.0
2018-04-13,48.7,47.54,50.39,47.03
2018-04-16,44.56,42.79,45.39,42.79
2018-04-17,42.0,40.21,43.33,40.12
2018-04-18,40.31,42.02,42.31,39.3
2018-04-19,41.55,41.77,42.89,41.51
2018-04-20,41.52,40.01,42.3,39.89
2018-04-23,39.92,41.98,42.03,39.25
2018-04-24,42.5,42.47,42.97,41.5
2018-04-25,42.0,42.18,42.57,41.57
2018-04-26,42.27,40.05,42.3,39.88
2018-04-27,39.9,40.23,40.95,39.9
2018-05-02,40.19,40.74,40.98,40.19
2018-05-03,40.8,40.96,41.0,38.83
2018-05-04,40.88,40.0,41.11,39.96
2018-05-07,40.0,41.2,41.47,39.82
2018-05-08,41.0,41.86,42.04,40.87
2018-05-09,41.97,42.2,42.28,41.56
2018-05-10,42.25,44.31,44.98,42.05
2018-05-11,44.3,43.44,45.18,43.21
2018-05-14,42.55,43.47,44.27,42.53
2018-05-15,43.08,44.89,45.61,42.75
2018-05-16,44.45,45.37,46.5,44.31
2018-05-17,45.15,45.26,45.83,44.66
2018-05-18,45.26,44.62,45.4,43.09
2018-05-21,45.04,45.26,45.7,44.77
2018-05-22,45.5,46.7,48.0,45.2
2018-05-23,46.01,49.25,51.37,46.01
2018-05-24,48.71,47.9,48.9,47.05
2018-05-25,47.61,47.8,49.34,47.4
