date,open,close,high,low
2017-05-31,8.5,10.2,10.2,8.5
2017-06-01,11.22,11.22,11.22,11.22
2017-06-02,12.34,12.34,12.34,12.34
2017-06-05,13.57,13.57,13.57,13.57
2017-06-06,14.93,14.93,14.93,14.93
2017-06-07,16.42,16.42,16.42,16.42
2017-06-08,18.06,18.06,18.06,18.06
2017-06-09,19.87,19.87,19.87,19.87
2017-06-12,20.48,21.86,21.86,20.11
2017-06-13,21.49,20.82,21.49,19.67
2017-06-14,19.1,18.74,19.4,18.74
2017-06-15,17.9,18.22,18.82,17.9
2017-06-16,18.02,18.26,18.77,17.81
2017-06-19,17.87,17.35,18.28,17.04
2017-06-20,17.23,17.07,17.68,16.91
2017-06-21,17.06,16.87,17.1,16.66
2017-06-22,16.86,16.28,17.06,16.22
2017-06-23,16.2,15.72,16.21,15.23
2017-06-26,15.61,15.74,15.81,15.41
2017-06-27,15.8,15.76,16.13,15.66
2017-06-28,15.61,15.19,15.62,15.11
2017-06-29,15.25,15.32,15.38,15.15
2017-06-30,15.15,15.69,16.05,15.12
2017-07-03,15.56,15.65,15.74,15.42
2017-07-04,15.65,15.6,15.74,15.48
2017-07-05,15.73,16.46,16.93,15.73
2017-07-06,16.26,16.48,16.5,16.07
2017-07-07,16.45,16.36,16.63,16.35
2017-07-10,16.1,15.32,16.1,15.22
2017-07-11,15.22,15.14,15.4,15.09
2017-07-12,15.18,15.26,15.29,14.62
2017-07-13,15.14,14.92,15.2,14.87
2017-07-14,14.88,14.69,14.97,14.66
2017-07-17,14.35,13.22,14.6,13.22
2017-07-18,13.0,13.19,13.34,12.83
2017-07-19,13.18,13.27,13.32,13.0
2017-07-20,13.21,13.21,13.71,13.21
2017-07-21,13.17,13.05,13.31,13.03
2017-07-24,12.91,13.15,13.24,12.81
2017-07-25,13.12,13.27,13.33,13.09
2017-07-26,13.3,13.18,13.3,12.91
2017-07-27,13.13,13.46,13.47,13.01
2017-07-28,13.4,13.21,13.45,13.18
2017-07-31,13.17,13.29,13.34,13.12
2017-08-01,13.25,13.28,13.32,13.15
2017-08-02,13.3,13.14,13.37,13.13
2017-08-03,13.08,13.2,13.32,13.07
2017-08-04,13.13,13.1,13.25,13.09
2017-08-07,13.12,13.86,14.09,13.12
2017-08-08,13.7,13.86,13.91,13.56
2017-08-09,13.73,13.34,13.74,13.3
2017-08-10,13.26,13.1,13.39,13.03
2017-08-11,13.05,12.93,13.15,12.92
2017-08-14,12.91,13.09,13.14,12.91
2017-08-15,13.12,13.28,13.29,13.07
2017-08-16,13.25,13.5,13.59,13.2
2017-08-17,13.41,13.49,13.58,13.36
2017-08-18,13.35,13.49,13.5,13.26
2017-08-21,13.5,13.8,13.82,13.45
2017-08-22,14.01,13.65,14.08,13.61
2017-08-23,13.52,14.08,14.46,13.44
2017-08-24,14.0,13.8,14.18,13.7
2017-08-25,13.68,14.29,14.47,13.63
2017-08-28,14.4,14.74,14.95,14.26
2017-08-29,14.64,14.71,15.35,14.37
2017-08-30,14.5,14.28,14.76,14.2
2017-08-31,14.26,14.77,14.84,14.26
2017-09-01,14.75,14.66,14.87,14.41
2017-09-04,14.56,14.38,14.65,14.35
2017-09-05,14.4,14.45,14.64,14.35
2017-09-06,14.44,14.29,14.47,14.14
2017-09-07,14.3,14.28,14.51,14.25
2017-09-08,14.24,14.35,14.41,14.17
2017-09-11,14.39,14.57,14.58,14.31
2017-09-12,14.57,14.41,14.63,14.27
2017-09-13,14.38,14.5,14.53,14.26
2017-09-14,14.45,14.5,14.61,14.35
2017-09-15,14.6,14.77,15.17,14.5
2017-09-18,14.4,14.32,14.53,14.17
2017-09-19,14.25,14.28,14.37,14.2
2017-09-20,14.23,14.36,14.37,14.15
2017-09-21,14.31,14.25,14.46,14.23
2017-09-22,14.22,14.29,14.34,14.12
2017-09-25,14.27,14.16,14.36,14.12
2017-09-26,14.15,13.5,14.2,13.4
2017-09-27,13.54,13.64,13.68,13.45
2017-09-28,13.56,13.59,13.71,13.54
2017-09-29,13.57,13.67,13.68,13.54
2017-10-09,13.73,13.8,13.87,13.68
2017-10-10,13.8,14.07,14.08,13.72
2017-10-11,14.05,13.94,14.15,13.81
2017-10-12,13.89,13.95,14.04,13.82
2017-10-13,13.96,14.15,14.2,13.87
2017-10-16,14.14,13.7,14.14,13.62
2017-10-17,13.7,13.81,13.93,13.63
2017-10-18,13.78,13.67,13.99,13.64
2017-10-19,13.55,13.38,13.75,13.32
2017-10-20,13.38,13.71,13.91,13.33
2017-10-23,13.64,13.71,13.8,13.62
2017-10-24,13.68,13.6,13.69,13.43
2017-10-25,13.61,13.97,14.13,13.47
2017-10-26,13.92,14.58,14.78,13.89
2017-10-27,14.4,14.18,14.49,14.15
2017-10-30,14.08,13.39,14.28,13.0
2017-10-31,13.37,13.6,13.64,13.3
2017-11-01,13.6,13.58,13.68,13.47
2017-11-02,13.5,13.55,13.62,13.4
2017-11-03,13.49,13.34,13.53,13.27
2017-11-06,13.48,13.64,13.65,13.36
2017-11-07,13.6,13.65,13.73,13.43
2017-11-08,13.64,13.79,13.91,13.57
2017-11-09,13.74,13.77,13.9,13.63
2017-11-10,13.72,13.76,13.89,13.72
2017-11-13,13.83,13.64,13.83,13.61
2017-11-14,13.64,13.41,13.69,13.33
2017-11-15,13.38,13.41,13.47,13.22
2017-11-16,13.4,13.15,13.41,13.13
2017-11-17,13.2,12.25,13.2,12.13
2017-11-20,12.19,12.23,12.27,11.9
2017-11-21,12.2,12.18,12.28,11.91
2017-11-22,12.18,12.16,12.3,12.11
2017-11-23,12.16,11.84,12.24,11.82
2017-11-24,11.79,11.91,12.02,11.72
2017-11-27,11.84,11.64,11.91,11.57
2017-11-28,11.68,11.79,11.82,11.6
2017-11-29,11.78,11.72,11.79,11.4
2017-11-30,11.68,11.71,11.84,11.65
2017-12-01,11.71,12.15,12.29,11.69
2017-12-04,12.06,12.16,12.25,11.89
2017-12-05,12.19,12.14,12.29,11.97
2017-12-06,12.13,12.71,12.97,12.01
2017-12-07,12.64,12.65,12.7,12.43
2017-12-08,12.57,12.67,13.87,12.46
2017-12-11,12.53,12.53,12.87,12.37
2017-12-12,12.47,11.81,12.49,11.8
2017-12-13,11.8,11.89,11.93,11.7
2017-12-14,11.81,11.79,11.88,11.67
2017-12-15,11.73,11.66,11.83,11.6
2017-12-18,11.66,11.6,11.72,11.55
2017-12-19,11.65,11.79,11.86,11.62
2017-12-20,11.71,11.53,11.75,11.5
2017-12-21,11.54,11.45,11.54,11.22
2017-12-22,11.45,11.41,11.48,11.36
2017-12-25,11.37,11.26,11.39,11.11
2017-12-26,11.23,11.63,11.76,11.2
2017-12-27,11.55,11.52,11.76,11.52
2017-12-28,11.48,11.66,11.73,11.43
2017-12-29,11.65,11.67,11.73,11.6
2018-01-02,11.67,11.72,11.74,11.66
2018-01-03,11.68,11.71,11.74,11.61
2018-01-04,11.67,11.71,11.74,11.64
2018-01-05,11.66,11.66,11.75,11.64
2018-01-08,11.67,11.68,11.72,11.58
2018-01-09,11.65,11.74,11.82,11.65
2018-01-10,11.74,11.47,11.76,11.25
2018-01-11,11.45,11.63,11.65,11.4
2018-01-12,11.62,11.57,11.62,11.47
2018-01-15,11.54,11.35,11.57,11.25
2018-01-16,11.35,11.73,11.8,11.27
2018-01-17,11.7,11.82,11.94,11.61
2018-01-18,11.76,12.05,12.3,11.74
2018-01-19,11.97,12.24,12.45,11.91
2018-01-22,12.11,11.88,12.26,11.76
2018-01-23,11.86,11.91,12.01,11.79
2018-01-24,11.83,11.93,11.95,11.74
2018-01-25,11.94,11.77,11.94,11.75
2018-01-26,11.78,11.66,11.85,11.63
2018-01-29,11.65,11.44,11.74,11.38
2018-01-30,11.44,11.6,11.69,11.42
2018-01-31,11.55,12.76,12.76,11.46
2018-02-01,12.87,12.26,12.88,12.02
2018-02-02,12.1,11.75,12.24,11.21
2018-02-05,11.3,10.58,11.45,10.58
2018-02-06,10.0,9.52,10.15,9.52
2018-02-07,9.71,9.61,9.9,9.14
2018-02-08,9.6,9.79,9.98,9.5
2018-02-09,9.53,9.31,9.58,9.25
2018-02-12,9.38,9.62,9.77,9.37
2018-02-13,9.63,9.64,9.78,9.6
2018-02-14,9.62,9.72,9.77,9.6
2018-02-22,9.78,9.81,9.86,9.75
2018-02-23,9.84,9.87,9.89,9.72
2018-02-26,9.93,10.11,10.18,9.93
2018-02-27,10.07,10.13,10.2,10.05
2018-02-28,10.06,10.0,10.07,9.93
2018-03-01,9.95,10.12,10.16,9.92
2018-03-02,10.09,10.01,10.17,9.96
2018-03-05,10.02,10.11,10.11,9.98
2018-03-06,10.23,10.24,10.25,10.08
2018-03-07,10.24,10.14,10.24,10.11
2018-03-08,10.16,10.33,10.46,10.14
2018-03-09,10.33,10.46,10.58,10.29
2018-03-12,10.51,10.6,10.69,10.47
2018-03-13,10.6,10.5,10.66,10.43
2018-03-14,10.48,10.49,10.65,10.42
2018-03-15,10.43,10.16,10.46,10.03
2018-03-16,10.18,10.25,10.3,10.15
2018-03-19,10.25,10.32,10.42,10.21
2018-03-20,10.24,10.52,10.54,10.18
2018-03-21,10.53,10.41,10.63,10.38
2018-03-22,10.41,10.45,10.54,10.36
2018-03-23,10.25,9.6,10.25,9.46
2018-03-26,9.49,9.67,9.74,9.22
2018-03-27,9.73,9.99,10.03,9.73
2018-03-28,9.79,9.99,10.08,9.71
2018-03-29,9.99,10.19,10.25,9.99
2018-03-30,10.24,10.45,10.49,10.2
2018-04-02,10.46,10.74,10.9,10.39
2018-04-03,10.51,10.42,10.56,10.36
2018-04-04,10.5,10.45,10.65,10.33
2018-04-09,10.37,10.59,10.66,10.25
2018-04-10,10.6,10.74,10.85,10.6
2018-04-11,10.76,10.86,10.93,10.7
2018-04-12,10.82,11.01,11.46,10.77
2018-04-13,11.03,10.86,11.09,10.8
2018-04-16,10.8,10.62,10.85,10.56
2018-04-17,10.7,10.54,10.96,10.46
2018-04-18,10.67,10.61,10.67,10.23
2018-04-19,10.65,10.52,10.68,10.49
2018-04-20,10.43,10.25,10.57,10.0
2018-04-23,10.15,10.33,10.35,10.1
2018-04-24,10.33,10.74,10.77,10.31
2018-04-25,10.64,10.7,10.74,10.53
2018-04-26,10.71,10.31,10.72,10.23
2018-04-27,10.32,10.36,10.46,10.2
2018-05-02,10.37,10.25,10.42,10.18
2018-05-03,10.22,10.37,10.4,10.07
2018-05-04,10.33,10.32,10.5,10.28
2018-05-07,10.21,10.67,10.72,10.21
2018-05-08,10.58,10.82,10.85,10.58
2018-05-09,10.86,10.88,11.08,10.75
2018-05-10,10.99,10.94,11.11,10.76
2018-05-11,10.91,10.9,11.15,10.78
2018-05-14,10.92,10.7,10.99,10.6
2018-05-15,10.73,11.05,11.07,10.68
2018-05-16,11.02,10.97,11.2,10.92
2018-05-17,10.99,11.13,11.57,10.95
2018-05-18,11.0,10.91,11.0,10.72
2018-05-21,10.96,11.2,11.24,10.9
2018-05-22,11.22,11.42,11.45,11.19
2018-05-23,11.45,11.39,11.65,11.26
2018-05-24,11.31,11.31,11.57,11.26
2018-05-25,11.34,11.52,11.59,11.31
