date,open,close,high,low
2017-04-21,20.98,20.98,20.98,20.98
2017-04-24,23.08,23.08,23.08,23.08
2017-04-25,25.39,25.39,25.39,25.39
2017-04-26,27.93,27.93,27.93,27.93
2017-04-27,30.72,30.72,30.72,30.72
2017-04-28,33.79,33.79,33.79,33.79
2017-05-02,37.17,37.17,37.17,37.17
2017-05-03,40.89,40.89,40.89,40.89
2017-05-04,44.5,42.19,44.5,41.8
2017-05-05,40.23,37.97,40.82,37.97
2017-05-08,36.36,35.5,37.49,35.38
2017-05-09,35.26,36.79,37.37,35.24
2017-05-10,36.6,34.01,36.8,33.8
2017-05-11,33.4,34.61,34.8,32.79
2017-05-12,34.28,34.7,35.0,33.5
2017-05-15,34.6,33.95,34.79,33.9
2017-05-16,33.9,34.76,34.78,32.89
2017-05-17,34.81,35.09,35.55,34.59
2017-05-18,34.42,33.9,34.9,33.8
2017-05-19,33.86,33.22,34.11,33.15
2017-05-22,33.49,31.24,33.93,31.1
2017-05-23,30.85,29.51,31.11,29.23
2017-05-24,29.25,29.94,30.05,29.01
2017-05-25,29.7,29.8,30.18,28.51
2017-05-26,29.8,30.6,30.98,29.75
2017-05-31,32.0,30.69,32.5,30.61
2017-06-01,30.17,28.76,30.57,28.68
2017-06-02,28.75,29.56,29.86,28.2
2017-06-05,30.3,29.88,30.78,29.85
2017-06-06,29.52,29.7,29.93,29.29
2017-06-07,29.7,30.74,30.99,29.61
2017-06-08,30.71,30.2,30.96,30.06
2017-06-09,30.35,30.66,30.72,30.1
2017-06-12,30.15,28.91,30.16,28.81
2017-06-13,28.5,29.74,29.9,28.43
2017-06-14,29.6,29.6,29.9,29.3
2017-06-15,29.61,30.18,30.54,29.6
2017-06-16,30.27,30.1,30.47,29.91
2017-06-19,30.02,30.23,30.34,29.95
2017-06-20,30.29,30.09,30.45,30.01
2017-06-21,30.05,30.33,30.42,29.98
2017-06-22,30.3,29.28,30.35,29.24
2017-06-23,29.19,29.18,29.47,28.56
2017-06-26,29.1,29.7,29.8,28.8
2017-06-27,29.7,29.46,30.01,29.25
2017-06-28,29.29,28.8,29.3,28.67
2017-06-29,28.8,28.89,29.09,28.79
2017-06-30,28.88,29.87,30.05,28.71
2017-07-03,29.78,30.77,31.0,29.62
2017-07-04,30.68,30.51,30.83,30.41
2017-07-05,30.61,30.94,31.45,30.56
2017-07-06,30.94,31.34,32.0,30.83
2017-07-07,31.27,31.86,32.02,31.2
2017-07-10,31.37,30.58,31.8,30.54
2017-07-11,30.57,31.76,31.9,30.51
2017-07-12,31.45,31.45,31.81,30.37
2017-07-13,31.0,30.89,31.52,30.58
2017-07-14,30.9,30.22,31.18,29.96
2017-07-17,29.51,27.43,30.0,27.3
2017-07-18,26.99,27.71,27.98,26.8
2017-07-19,27.67,27.8,28.2,27.17
2017-07-20,27.78,27.72,29.1,27.6
2017-07-21,27.98,27.6,28.12,27.39
2017-07-24,27.9,27.95,28.49,27.5
2017-07-25,28.09,28.34,29.0,27.77
2017-07-26,28.49,28.83,29.0,27.87
2017-07-27,28.33,29.09,29.29,28.23
2017-07-28,29.0,28.61,29.2,28.33
2017-07-31,28.8,28.48,28.8,28.32
2017-08-01,28.59,27.97,28.59,27.9
2017-08-02,27.8,27.71,28.5,27.45
2017-08-03,27.5,28.05,28.28,27.43
2017-08-04,27.74,27.92,28.22,27.74
2017-08-07,27.98,28.04,28.19,27.7
2017-08-08,28.07,27.91,28.17,27.5
2017-08-09,27.87,27.82,28.02,27.69
2017-08-10,27.83,28.08,28.44,27.07
2017-08-11,27.77,27.9,28.17,27.6
2017-08-14,27.76,28.7,28.86,27.76
2017-08-15,28.72,30.66,30.88,28.72
2017-08-16,30.61,30.99,31.83,30.36
2017-08-17,30.77,30.6,31.65,30.12
2017-08-18,30.49,30.59,30.78,30.15
2017-08-21,30.58,31.34,31.42,30.43
2017-08-22,31.49,31.57,31.95,31.19
2017-08-23,31.0,30.89,31.8,30.31
2017-08-24,31.19,30.71,31.49,30.61
2017-08-25,30.71,31.07,31.46,30.35
2017-08-28,31.0,32.43,33.0,31.0
2017-08-29,32.2,31.44,33.49,31.4
2017-08-30,30.84,30.01,30.84,29.88
2017-08-31,29.91,30.41,30.48,29.86
2017-09-01,30.31,30.13,30.69,30.01
2017-09-04,30.18,29.98,30.42,29.88
2017-09-05,29.9,29.96,30.08,29.75
2017-09-06,29.9,29.37,29.9,29.1
2017-09-07,29.41,29.45,29.85,29.31
2017-09-08,29.79,30.12,30.6,29.76
2017-09-11,30.08,30.27,30.28,29.7
2017-09-12,30.25,29.59,30.25,29.57
2017-09-13,29.49,29.79,29.88,29.45
2017-09-14,29.67,29.64,29.96,29.55
2017-09-15,29.7,29.21,29.7,29.1
2017-09-18,29.15,29.25,29.29,28.84
2017-09-19,29.22,29.23,29.42,29.13
2017-09-20,29.18,29.43,29.45,29.13
2017-09-21,29.45,29.22,29.51,29.19
2017-09-22,29.23,29.3,29.5,28.91
2017-09-25,29.21,29.35,29.61,29.18
2017-09-26,29.35,28.41,29.42,28.16
2017-09-27,28.4,28.7,28.81,28.25
2017-09-28,28.56,28.44,28.77,28.42
2017-09-29,28.39,28.85,28.91,28.39
2017-10-09,29.47,29.26,29.52,29.02
2017-10-10,29.4,30.16,30.23,29.22
2017-10-11,30.11,30.01,30.39,29.67
2017-10-12,29.85,30.01,30.18,29.79
2017-10-13,30.08,30.39,30.85,29.86
2017-10-16,30.27,29.44,30.27,29.26
2017-10-17,29.33,29.8,29.93,29.3
2017-10-18,29.68,29.21,29.99,29.08
2017-10-19,28.89,28.92,29.58,28.81
2017-10-20,28.95,29.16,29.21,28.82
2017-10-23,29.2,29.5,29.53,28.95
2017-10-24,29.4,29.91,29.96,29.3
2017-10-25,29.99,30.36,30.38,29.8
2017-10-26,30.35,30.08,30.42,30.0
2017-10-27,30.01,30.27,30.35,29.98
2017-10-30,30.11,28.98,30.21,28.8
2017-10-31,28.8,29.51,29.69,28.76
2017-11-01,29.53,30.36,30.57,29.43
2017-11-02,30.21,30.72,30.98,30.05
2017-11-03,30.52,30.19,30.8,29.9
2017-11-06,30.46,31.54,31.58,30.37
2017-11-07,31.37,31.2,31.37,30.8
2017-11-08,30.96,30.8,31.48,30.77
2017-11-09,30.82,30.81,31.1,30.52
2017-11-10,30.88,30.91,31.31,30.79
2017-11-13,31.0,30.91,31.0,30.38
2017-11-14,30.95,31.31,31.41,30.55
2017-11-15,31.15,31.43,32.2,31.15
2017-11-16,30.7,29.78,30.89,29.7
2017-11-17,29.72,27.56,29.72,27.1
2017-11-20,27.54,27.4,27.56,26.0
2017-11-21,27.21,26.97,27.44,26.36
2017-11-22,26.7,26.99,27.4,26.7
2017-11-23,27.02,26.2,27.27,26.02
2017-11-24,26.08,26.24,26.4,26.0
2017-11-27,26.25,26.24,26.39,25.9
2017-11-28,26.22,26.92,26.95,26.21
2017-11-29,26.71,26.54,26.89,26.18
2017-11-30,26.49,26.49,26.88,26.35
2017-12-01,26.49,26.75,26.79,26.41
2017-12-04,26.73,25.56,26.73,25.51
2017-12-05,25.56,24.26,25.69,23.99
2017-12-06,24.28,24.55,24.56,23.96
2017-12-07,24.44,24.42,24.59,24.29
2017-12-08,24.48,24.72,24.96,24.37
2017-12-11,24.6,24.81,24.88,24.58
2017-12-12,24.61,24.06,24.8,23.98
2017-12-13,24.3,24.33,24.47,24.0
2017-12-14,24.38,24.41,24.45,24.04
2017-12-15,24.3,24.4,24.53,24.07
2017-12-18,24.4,24.27,24.55,24.14
2017-12-19,24.27,24.6,24.77,24.27
2017-12-20,24.62,24.27,24.69,24.23
2017-12-21,24.18,24.3,24.38,23.9
2017-12-22,24.1,24.12,24.4,24.05
2017-12-25,24.12,24.61,25.0,23.51
2017-12-26,24.39,25.35,25.66,24.28
2017-12-27,25.34,25.09,25.54,25.05
2017-12-28,25.09,25.14,25.46,25.05
2017-12-29,25.29,25.06,25.29,24.88
2018-01-02,25.07,25.21,25.3,24.87
2018-01-03,25.21,25.32,25.39,25.07
2018-01-04,25.32,25.46,25.56,25.14
2018-01-05,25.39,25.39,25.55,25.21
2018-01-08,25.65,25.51,25.65,25.11
2018-01-09,25.51,26.7,26.75,25.3
2018-01-10,26.5,26.82,26.98,25.72
2018-01-11,26.6,27.05,27.98,26.4
2018-01-12,26.82,26.17,26.9,26.03
2018-01-15,26.22,25.2,26.3,25.1
2018-01-16,25.06,25.72,25.94,25.06
2018-01-17,25.4,26.09,26.29,25.35
2018-01-18,25.9,26.07,26.5,25.9
2018-01-19,26.1,25.61,26.35,25.6
2018-01-22,25.61,25.78,25.94,25.25
2018-01-23,25.78,25.88,26.09,25.6
2018-01-24,25.99,25.99,26.1,25.69
2018-01-25,25.88,25.83,26.33,25.71
2018-01-26,25.74,25.32,26.05,25.28
2018-01-29,25.23,24.68,25.42,24.52
2018-01-30,24.53,24.76,24.91,24.42
2018-01-31,24.51,23.79,24.76,23.73
2018-02-01,23.61,23.12,24.09,23.08
2018-02-02,23.12,23.05,23.43,22.5
2018-02-05,22.8,22.7,22.86,22.52
2018-02-06,22.52,20.67,22.52,20.63
2018-02-07,21.11,20.96,21.5,20.25
2018-02-08,20.9,21.29,21.5,20.8
2018-02-09,20.89,20.63,21.0,20.39
2018-02-12,20.99,21.22,21.44,20.8
2018-02-13,21.37,21.14,21.53,21.13
2018-02-14,21.16,20.94,21.2,20.82
2018-02-22,21.17,21.24,21.35,20.99
2018-02-23,21.24,21.23,21.3,21.11
2018-02-26,21.39,21.89,21.96,21.32
2018-02-27,21.9,21.81,22.03,21.66
2018-02-28,21.82,22.54,22.58,21.5
2018-03-01,22.4,22.39,22.6,22.16
2018-03-02,22.25,22.2,22.45,22.12
2018-03-05,22.2,22.34,22.35,22.07
2018-03-06,22.48,22.39,22.48,22.29
2018-03-07,22.46,22.23,22.54,22.1
2018-03-08,22.23,23.12,23.5,22.13
2018-03-09,22.98,23.2,23.23,22.85
2018-03-12,23.4,23.35,23.64,23.21
2018-03-13,23.49,23.04,23.49,23.01
2018-03-14,23.15,23.0,23.25,22.9
2018-03-15,22.8,22.16,22.99,21.8
2018-03-16,22.16,22.14,22.35,22.1
2018-03-19,22.14,22.73,22.78,21.87
2018-03-20,22.5,25.0,25.0,22.28
2018-03-21,26.0,25.99,27.5,25.63
2018-03-22,25.2,24.92,25.77,24.51
2018-03-23,23.87,22.44,24.48,22.43
2018-03-26,21.81,23.3,23.49,21.01
2018-03-27,23.26,23.95,24.62,23.07
2018-03-28,23.55,24.67,25.5,23.51
2018-03-29,24.5,25.0,26.3,24.42
2018-03-30,24.87,24.99,25.35,24.63
2018-04-02,25.06,25.48,26.0,24.87
2018-04-03,25.03,25.8,26.38,24.51
2018-04-04,26.63,25.8,27.2,25.77
2018-04-09,25.25,26.93,27.0,24.67
2018-04-10,26.69,29.62,29.62,26.51
2018-04-11,29.0,27.98,29.0,27.71
2018-04-12,27.9,27.83,29.57,27.5
2018-04-13,27.7,26.36,28.16,26.33
2018-04-16,26.29,25.72,26.29,25.28
2018-04-17,25.64,24.84,25.93,24.76
2018-04-18,25.0,25.49,25.55,24.0
2018-04-19,25.45,24.84,25.45,24.8
2018-04-20,24.4,23.38,24.59,23.23
2018-04-23,22.8,22.82,23.23,22.55
2018-04-24,22.92,23.53,23.69,22.82
2018-04-25,23.31,24.3,24.41,23.3
2018-04-26,23.77,22.71,23.89,22.66
2018-04-27,22.74,23.08,23.35,22.74
2018-05-02,23.17,23.49,23.7,23.02
2018-05-03,23.5,23.63,23.7,22.81
2018-05-04,23.58,23.73,23.94,23.35
2018-05-07,23.73,24.26,24.3,23.7
2018-05-08,24.4,24.71,25.26,24.25
2018-05-09,24.6,24.48,24.8,24.2
2018-05-10,24.42,25.36,25.39,24.4
2018-05-11,25.38,24.47,25.38,24.46
2018-05-14,24.3,23.86,24.53,23.75
2018-05-15,24.0,24.71,24.77,23.8
2018-05-16,24.5,25.18,25.68,24.38
2018-05-17,25.0,26.08,26.73,24.67
2018-05-18,25.88,25.95,26.16,25.4
2018-05-21,25.71,25.94,26.12,25.7
2018-05-22,26.0,25.95,26.25,25.76
2018-05-23,25.85,25.26,26.15,25.0
2018-05-24,25.26,25.47,25.61,25.21
2018-05-25,25.44,25.8,25.95,25.1
