date,open,close,high,low
2017-02-07,5.154,5.154,5.154,5.154
2017-02-08,5.671,5.671,5.671,5.671
2017-02-09,6.238,6.238,6.238,6.238
2017-02-10,6.865,6.865,6.865,6.865
2017-02-13,7.551,7.551,7.551,7.551
2017-02-14,8.307,8.307,8.307,8.307
2017-02-15,9.143,9.143,9.143,9.143
2017-02-16,10.058,10.058,10.058,10.058
2017-02-17,11.063,11.063,11.063,11.063
2017-02-20,12.168,12.168,12.168,12.168
2017-02-21,13.381,13.381,13.381,13.381
2017-02-22,14.725,14.725,14.725,14.725
2017-02-23,16.197,16.197,16.197,16.197
2017-02-24,17.819,17.819,17.819,17.819
2017-02-27,19.6,19.6,19.6,19.6
2017-02-28,21.56,21.56,21.56,21.56
2017-03-01,23.718,23.718,23.718,23.718
2017-03-02,26.086,26.086,26.086,26.086
2017-03-03,28.693,28.693,28.693,28.693
2017-03-06,29.539,31.558,31.558,29.161
2017-03-07,31.837,32.175,33.697,31.638
2017-03-08,31.349,33.817,35.259,31.349
2017-03-09,32.832,31.857,33.12,31.538
2017-03-10,31.747,30.504,32.096,30.394
2017-03-13,30.046,30.782,30.812,29.171
2017-03-14,30.543,31.15,31.399,30.354
2017-03-15,30.892,32.394,33.17,30.056
2017-03-16,31.737,33.608,34.822,31.658
2017-03-17,33.031,33.14,34.742,32.832
2017-03-20,32.901,33.896,34.175,31.489
2017-03-21,33.827,34.991,35.538,33.429
2017-03-22,34.125,34.225,34.772,33.727
2017-03-23,34.125,32.444,34.414,31.568
2017-03-24,32.096,32.812,33.329,32.066
2017-03-27,32.931,33.09,33.508,32.404
2017-03-28,32.931,31.439,33.1,31.349
2017-03-29,31.489,30.205,31.618,28.952
2017-03-30,29.549,28.683,29.797,28.564
2017-04-11,26.176,26.872,28.106,25.818
2017-04-12,26.066,24.186,26.444,24.186
2017-04-13,23.917,24.743,25.619,23.898
2017-04-14,24.793,24.097,24.952,23.977
2017-04-17,22.186,21.689,22.883,21.689
2017-04-18,21.42,21.092,22.306,21.072
2017-04-19,21.092,23.201,23.201,21.092
2017-04-20,23.798,24.305,24.853,23.39
2017-04-21,24.077,23.052,24.077,22.942
2017-04-24,22.883,23.728,24.256,22.385
2017-04-25,23.34,24.286,24.753,23.33
2017-04-26,23.679,23.848,24.286,23.41
2017-04-27,23.858,24.186,24.863,21.47
2017-04-28,23.579,23.38,24.077,23.281
2017-05-02,23.131,22.455,23.37,22.296
2017-05-03,22.455,22.554,22.853,21.987
2017-05-04,22.485,21.997,22.525,21.898
2017-05-05,21.739,21.152,21.977,21.092
2017-05-08,20.953,19.271,21.022,19.212
2017-05-09,19.281,20.266,20.764,19.172
2017-05-10,20.206,19.49,20.346,19.401
2017-05-11,19.291,20.336,20.664,18.804
2017-05-12,20.296,22.365,22.365,19.948
2017-05-15,22.385,23.649,24.375,21.918
2017-05-16,23.231,23.639,23.838,22.694
2017-05-17,23.579,22.982,23.579,22.714
2017-05-18,22.624,23.181,24.047,22.166
2017-05-19,22.674,22.057,23.042,21.888
2017-05-22,21.689,21.102,22.485,21.062
2017-05-23,20.386,19.003,21.072,18.993
2017-05-24,18.903,19.809,20.097,18.893
2017-05-25,19.649,20.525,21.062,19.112
2017-05-26,20.465,20.525,21.002,20.197
2017-05-31,21.281,20.525,21.54,20.296
2017-06-01,20.197,19.003,20.356,18.913
2017-06-02,18.863,19.769,20.057,18.814
2017-06-05,20.027,20.256,20.396,19.799
2017-06-06,20.057,19.938,20.226,19.629
2017-06-07,19.938,20.585,20.694,19.898
2017-06-08,20.734,20.694,21.261,20.505
2017-06-09,20.396,20.326,20.973,19.948
2017-06-12,20.386,19.709,20.386,19.6
2017-06-13,19.709,20.216,20.256,19.699
2017-06-14,20.147,19.789,20.286,19.699
2017-06-15,19.799,20.197,20.495,19.799
2017-06-16,20.266,20.475,20.992,20.167
2017-06-19,20.415,20.256,20.734,19.978
2017-06-20,20.396,20.226,20.634,20.117
2017-06-21,20.197,20.465,20.654,19.898
2017-06-22,20.495,19.818,20.774,19.759
2017-06-23,19.45,19.401,19.57,18.903
2017-06-26,19.44,19.619,19.848,19.052
2017-06-27,19.6,19.59,19.998,19.51
2017-06-28,19.411,19.102,19.46,18.993
2017-06-29,19.102,19.112,19.251,19.013
2017-06-30,19.102,18.963,19.172,18.704
2017-07-03,18.983,18.973,19.142,18.873
2017-07-04,19.062,19.132,19.381,18.933
2017-07-05,19.102,19.391,19.55,18.983
2017-07-06,19.29,19.33,19.38,19.08
2017-07-07,19.33,20.46,21.26,19.28
2017-07-10,20.01,19.6,20.31,19.52
2017-07-11,19.45,19.21,19.73,19.09
2017-07-12,19.21,19.42,19.43,18.81
2017-07-13,19.23,19.24,19.41,19.09
2017-07-14,19.05,19.05,19.29,19.03
2017-07-17,19.1,17.15,19.17,17.15
2017-07-18,17.08,16.83,17.09,16.5
2017-07-19,16.62,16.73,16.96,16.62
2017-07-20,16.75,16.7,16.99,16.7
2017-07-21,16.6,15.8,16.84,15.41
2017-07-24,15.69,15.55,15.7,14.81
2017-07-25,15.57,15.42,15.78,15.25
2017-07-26,15.42,14.89,15.5,14.61
2017-07-27,14.92,15.24,15.49,14.68
2017-07-28,15.22,14.88,15.3,14.85
2017-07-31,14.93,14.97,15.03,14.77
2017-08-01,14.97,15.29,15.3,14.91
2017-08-02,15.35,14.82,15.38,14.8
2017-08-03,14.71,15.11,15.2,14.66
2017-08-04,15.02,14.88,15.18,14.82
2017-08-07,14.89,14.92,15.07,14.86
2017-08-08,14.9,14.92,15.05,14.82
2017-08-09,14.92,14.92,15.05,14.85
2017-08-10,14.9,14.59,15.04,14.51
2017-08-11,14.49,14.2,14.7,14.18
2017-08-14,14.19,14.62,14.68,14.18
2017-08-15,14.6,14.61,14.65,14.41
2017-08-16,14.61,16.07,16.07,14.51
2017-08-17,16.31,15.82,16.32,15.45
2017-08-18,15.55,16.19,16.58,15.5
2017-08-21,16.2,16.21,16.31,15.87
2017-08-22,16.08,15.93,16.23,15.9
2017-08-23,15.91,16.55,17.35,15.67
2017-08-24,16.5,18.21,18.21,16.33
2017-08-25,18.21,19.77,19.98,18.05
2017-08-28,19.38,19.93,20.6,18.81
2017-08-29,19.7,18.93,19.7,18.9
2017-08-30,18.85,18.66,18.86,18.22
2017-08-31,18.46,18.93,19.11,18.45
2017-09-01,18.69,19.57,19.8,18.4
2017-09-04,19.87,19.32,19.89,19.08
2017-09-05,19.17,19.18,19.49,18.87
2017-09-06,19.02,18.62,19.18,18.43
2017-09-07,18.66,18.82,19.47,18.66
2017-09-08,18.39,18.7,18.75,18.22
2017-09-11,18.57,19.03,19.19,18.57
2017-09-12,19.0,18.74,19.45,18.71
2017-09-13,18.55,19.25,19.26,18.52
2017-09-14,19.26,19.08,19.65,18.88
2017-09-15,18.85,18.31,19.06,18.25
2017-09-18,18.28,18.15,18.4,17.7
2017-09-19,18.03,18.11,18.34,17.82
2017-09-20,18.11,18.38,18.45,17.93
2017-09-21,18.4,17.8,18.49,17.78
2017-09-22,17.7,17.52,17.8,17.2
2017-09-25,17.62,17.21,17.75,17.15
2017-09-26,17.15,16.68,17.3,16.24
2017-09-27,16.71,16.77,16.83,16.54
2017-09-28,16.77,16.44,16.88,16.4
2017-09-29,16.48,17.91,17.97,16.46
2017-10-09,17.9,17.81,18.1,17.5
2017-10-10,17.82,18.38,18.41,17.53
2017-10-11,18.5,19.0,19.5,18.41
2017-10-12,18.74,18.82,19.0,18.46
2017-10-13,18.7,20.7,20.7,18.7
2017-10-16,22.77,22.77,22.77,22.77
2017-10-17,22.98,23.31,24.8,21.8
2017-10-18,22.6,24.47,25.5,22.55
2017-10-19,22.5,23.59,24.7,22.5
2017-10-20,22.8,22.18,23.3,21.91
2017-10-23,21.8,23.45,24.29,21.8
2017-10-24,23.0,22.42,23.0,21.61
2017-10-25,22.27,22.65,23.87,22.0
2017-10-26,22.36,23.4,23.5,21.5
2017-10-27,22.98,23.75,24.01,22.83
2017-10-30,23.0,21.5,23.4,21.38
2017-10-31,21.59,22.13,22.15,21.2
2017-11-01,22.15,21.89,22.5,21.75
2017-11-02,21.5,20.79,21.58,20.68
2017-11-03,21.04,20.01,21.3,19.98
2017-11-06,20.38,20.36,20.49,20.0
2017-11-07,20.31,21.19,21.3,20.0
2017-11-08,20.93,20.9,21.28,20.81
2017-11-09,20.6,21.2,21.23,20.5
2017-11-10,21.23,20.91,21.26,20.8
2017-11-13,20.86,20.42,20.93,20.3
2017-11-14,20.43,21.43,21.88,20.16
2017-11-15,21.34,20.73,21.34,20.52
2017-11-16,20.4,20.06,20.69,20.0
2017-11-17,19.99,18.43,20.3,18.2
2017-11-20,18.42,18.19,18.5,16.7
2017-11-21,17.92,18.35,18.38,17.3
2017-11-22,18.12,18.26,18.44,17.91
2017-11-23,18.09,17.26,18.31,17.01
2017-11-24,17.27,17.15,17.5,17.0
2017-11-27,17.33,17.15,17.72,17.09
2017-11-28,17.2,17.53,17.65,17.0
2017-11-29,17.64,18.36,18.78,17.54
2017-11-30,18.03,18.05,18.39,17.7
2017-12-01,17.84,18.2,18.35,17.84
2017-12-04,18.05,17.49,18.2,17.03
2017-12-05,17.35,17.59,18.18,17.06
2017-12-06,17.1,17.7,17.83,17.08
2017-12-07,17.55,17.37,17.66,17.35
2017-12-08,17.35,17.81,17.98,17.31
2017-12-11,17.6,18.3,18.32,17.5
2017-12-12,18.18,17.96,18.28,17.94
2017-12-13,18.16,19.76,19.76,18.07
2017-12-14,19.5,20.68,20.99,19.4
2017-12-15,20.49,20.76,20.8,19.86
2017-12-18,20.33,20.27,20.52,19.96
2017-12-19,20.1,21.21,21.3,20.06
2017-12-20,20.8,20.66,21.13,20.58
2017-12-21,20.86,20.68,21.85,20.6
2017-12-22,20.3,20.11,20.5,19.89
2017-12-25,19.93,19.32,20.05,19.11
2017-12-26,19.42,21.25,21.25,19.4
2017-12-27,21.29,21.05,21.85,20.8
2017-12-28,20.65,21.19,21.35,20.51
2017-12-29,21.02,20.8,21.43,20.6
2018-01-02,21.0,21.03,21.79,20.81
2018-01-03,21.04,21.77,21.96,20.34
2018-01-04,21.45,21.45,21.6,21.18
2018-01-05,21.5,20.81,21.6,20.8
2018-01-08,20.62,20.79,20.82,20.07
2018-01-09,20.67,20.35,20.97,20.21
2018-01-10,20.22,20.31,20.66,19.91
2018-01-11,20.05,20.56,20.71,19.85
2018-01-12,20.37,21.59,22.61,20.01
2018-01-15,21.31,21.82,22.35,20.75
2018-01-16,21.6,22.37,22.9,21.36
2018-01-17,22.37,22.83,23.75,21.82
2018-01-18,22.2,21.95,22.36,21.6
2018-01-19,21.8,21.6,22.29,21.46
2018-01-22,21.52,22.34,22.82,21.51
2018-01-23,21.61,20.83,21.8,20.2
2018-01-24,21.2,20.77,21.2,20.5
2018-01-25,20.57,20.78,21.27,20.57
2018-01-26,20.55,20.18,20.93,19.83
2018-01-29,20.18,19.42,20.39,19.24
2018-01-30,19.26,19.33,19.69,19.25
2018-01-31,19.57,18.53,19.57,18.32
2018-02-01,18.55,17.16,18.86,17.03
2018-02-02,17.0,16.74,17.09,16.17
2018-02-05,16.0,16.45,16.74,16.0
2018-02-06,16.1,14.81,16.28,14.81
2018-02-07,15.14,15.09,15.4,14.31
2018-02-08,15.02,15.71,16.25,14.93
2018-02-09,15.0,15.04,15.66,14.73
2018-02-12,15.25,15.54,15.69,15.25
2018-02-13,15.61,15.69,16.18,15.6
2018-02-14,15.81,15.59,15.93,15.46
2018-02-22,15.79,15.98,16.0,15.65
2018-02-23,16.01,16.37,16.52,15.81
2018-02-26,16.68,17.11,17.29,16.31
2018-02-27,17.29,17.54,18.2,16.85
2018-02-28,17.12,17.36,17.5,16.86
2018-03-01,17.08,17.53,17.66,17.0
2018-03-02,17.53,17.34,17.66,17.25
2018-03-05,17.73,17.44,17.74,17.05
2018-03-06,17.6,17.59,17.74,17.26
2018-03-07,17.5,17.32,17.7,17.22
2018-03-08,17.28,17.73,17.88,17.12
2018-03-09,17.7,18.17,18.5,17.55
2018-03-12,18.24,18.46,18.56,18.03
2018-03-13,18.42,18.28,18.54,18.15
2018-03-14,18.21,17.52,18.37,17.5
2018-03-15,17.38,17.14,17.69,16.7
2018-03-16,17.16,17.19,17.35,17.1
2018-03-19,17.9,18.91,18.91,17.78
2018-03-20,19.89,19.12,19.89,18.93
2018-03-21,19.04,18.45,19.11,18.35
2018-03-22,18.25,18.29,18.46,17.85
2018-03-23,17.35,16.46,17.6,16.46
2018-03-26,15.67,16.54,16.71,15.22
2018-03-27,16.8,16.86,17.15,16.51
2018-03-28,16.55,17.65,18.55,16.41
2018-03-29,17.55,17.49,17.75,16.97
2018-03-30,18.0,17.56,18.0,17.51
2018-04-02,17.48,17.61,17.85,17.48
2018-04-03,17.35,17.84,18.45,17.0
2018-04-04,17.79,17.51,18.29,17.4
2018-04-09,17.2,17.31,17.39,16.85
2018-04-10,17.6,17.5,17.65,17.0
2018-04-11,17.39,17.46,17.65,17.29
2018-04-12,17.44,17.03,17.47,16.92
2018-04-13,17.04,16.86,17.2,16.8
2018-04-16,16.84,16.57,16.85,16.48
2018-04-17,16.57,16.02,16.8,15.85
2018-04-18,16.11,16.23,16.3,15.66
2018-04-19,16.35,16.55,16.89,16.22
2018-04-20,16.37,16.04,16.56,16.0
2018-04-23,15.9,15.9,16.16,15.76
2018-04-24,15.9,16.29,16.3,15.81
2018-04-25,16.28,16.91,16.93,16.05
2018-04-26,16.8,16.44,16.86,16.38
2018-04-27,16.55,16.6,16.93,16.46
2018-05-02,16.18,16.37,16.97,16.18
2018-05-03,16.25,16.34,16.47,16.0
2018-05-04,16.55,16.13,16.55,16.11
2018-05-07,16.13,16.39,16.48,16.13
2018-05-08,16.38,16.57,16.87,16.38
2018-05-09,16.6,17.24,17.99,16.38
2018-05-10,17.15,17.13,17.35,16.8
2018-05-11,17.1,16.84,17.13,16.7
2018-05-14,16.57,17.11,17.88,16.57
2018-05-15,16.9,17.51,17.59,16.82
2018-05-16,17.47,17.33,17.47,17.1
2018-05-17,17.55,17.76,18.3,17.39
2018-05-18,17.53,17.92,18.3,17.28
2018-05-21,18.25,17.92,18.88,17.88
2018-05-22,17.58,17.72,17.8,17.4
2018-05-23,17.51,17.15,17.54,17.1
2018-05-24,17.28,17.24,17.34,17.08
2018-05-25,17.2,16.87,17.27,16.81
