date,open,close,high,low
2016-01-04,19.299,17.359,19.349,17.349
2016-01-05,16.156,16.648,17.021,15.673
2016-01-06,16.663,17.225,17.31,16.34
2016-01-07,16.912,15.524,16.912,15.504
2016-01-08,15.619,16.3,16.613,15.42
2016-01-11,16.255,16.121,16.912,15.768
2016-01-12,16.166,16.444,16.882,16.166
2016-01-13,16.504,14.853,16.812,14.813
2016-01-14,14.325,15.221,15.42,13.818
2016-01-15,15.012,14.042,15.265,13.927
2016-01-18,13.728,13.997,14.43,13.435
2016-01-19,13.828,14.678,14.748,13.808
2016-01-20,14.524,14.494,14.897,14.425
2016-01-21,14.276,14.206,14.872,14.077
2016-01-22,14.29,14.39,14.589,13.977
2016-01-25,14.45,14.39,14.584,14.236
2016-01-26,14.39,12.957,14.39,12.952
2016-01-27,12.938,12.47,13.131,11.689
2016-01-28,12.385,11.256,12.385,11.226
2016-01-29,11.291,11.958,12.062,11.241
2016-02-01,11.987,12.147,12.425,11.793
2016-02-02,12.186,12.694,12.748,12.042
2016-02-03,12.385,12.624,12.778,12.361
2016-02-04,12.664,13.176,13.37,12.664
2016-02-05,13.181,13.206,13.629,13.171
2016-02-15,12.684,12.853,13.127,12.435
2016-02-16,12.863,13.569,13.768,12.863
2016-02-17,13.43,13.957,14.29,13.43
2016-02-18,14.226,13.778,14.226,13.768
2016-02-19,13.728,13.902,14.181,13.599
2016-02-22,13.937,14.121,14.176,13.937
2016-02-23,14.121,13.917,14.166,13.718
2016-02-24,13.917,13.689,13.977,13.33
2016-02-25,13.788,12.331,13.818,12.326
2016-02-26,12.604,12.395,12.699,12.087
2016-02-29,12.395,11.435,12.395,11.157
2016-03-01,11.49,12.525,12.579,11.296
2016-03-02,12.525,12.858,12.997,12.336
2016-03-03,12.933,12.664,13.022,12.634
2016-03-04,12.569,11.918,12.684,11.689
2016-03-07,12.042,12.211,12.375,12.037
2016-03-08,12.142,12.291,12.361,11.689
2016-03-09,11.987,12.017,12.286,11.838
2016-03-10,12.137,11.898,12.137,11.888
2016-03-11,11.883,11.982,12.087,11.639
2016-03-14,12.186,12.46,12.768,12.042
2016-03-15,12.45,12.43,12.629,12.346
2016-03-16,12.5,12.092,12.604,12.037
2016-03-17,12.122,12.49,12.574,12.122
2016-03-18,12.559,12.938,13.176,12.535
2016-03-21,13.131,13.321,13.48,13.107
2016-03-22,13.321,13.465,13.624,13.176
2016-03-23,13.415,13.514,13.529,13.221
2016-03-24,13.465,13.112,13.48,13.097
2016-03-25,12.962,13.674,13.728,12.962
2016-03-28,13.838,13.45,13.853,13.385
2016-03-29,13.415,12.982,13.415,12.709
2016-03-30,13.107,13.505,13.579,13.107
2016-03-31,13.579,14.042,14.201,13.48
2016-04-01,13.942,13.818,14.057,13.529
2016-04-05,13.659,14.096,14.146,13.659
2016-04-06,14.022,14.082,14.241,13.927
2016-04-07,14.096,13.708,14.206,13.684
2016-04-08,13.579,13.669,13.694,13.38
2016-04-11,13.853,14.087,14.136,13.728
2016-04-12,14.077,13.952,14.166,13.728
2016-04-13,13.957,14.43,14.489,13.957
2016-04-14,14.474,15.066,15.27,14.474
2016-04-15,15.071,14.857,15.29,14.723
2016-04-18,14.683,14.728,14.857,14.624
2016-04-19,14.972,14.474,14.972,14.315
2016-04-20,14.713,13.699,14.713,13.43
2016-04-21,13.649,13.48,13.783,13.46
2016-04-22,13.33,13.649,13.733,13.231
2016-04-25,13.649,14.126,14.266,13.455
2016-04-26,13.987,14.131,14.39,13.987
2016-04-27,14.276,14.146,14.514,14.082
2016-04-28,14.315,13.733,14.365,13.47
2016-04-29,13.738,13.524,13.888,13.51
2016-05-03,13.579,14.012,14.022,13.435
2016-05-04,14.022,14.087,14.355,14.022
2016-05-05,14.077,14.271,14.315,13.947
2016-05-06,14.29,14.325,14.803,14.29
2016-05-09,14.087,13.679,14.176,13.614
2016-05-10,13.47,13.748,13.927,13.47
2016-05-11,13.878,13.599,14.101,13.564
2016-05-12,12.853,13.281,13.37,12.853
2016-05-13,13.286,13.047,13.38,12.962
2016-05-16,12.888,13.176,13.36,12.833
2016-05-17,13.097,13.127,13.271,13.042
2016-05-18,12.938,12.44,13.032,12.246
2016-05-19,12.535,12.54,12.783,12.47
2016-05-20,12.48,12.679,12.704,12.291
2016-05-23,12.684,12.952,13.037,12.679
2016-05-24,13.191,13.057,13.569,13.042
2016-05-25,13.112,12.967,13.281,12.883
2016-05-26,12.933,13.136,13.146,12.773
2016-05-27,13.082,13.057,13.206,12.987
2016-05-30,13.082,13.037,13.191,12.883
2016-05-31,13.037,13.594,13.634,13.032
2016-06-01,13.549,13.599,13.957,13.505
2016-06-02,13.485,14.002,14.017,13.485
2016-06-03,13.932,14.33,14.569,13.932
2016-06-06,14.42,14.33,14.614,14.176
2016-06-07,14.33,14.639,14.673,14.226
2016-06-08,14.574,14.479,14.763,14.285
2016-06-13,14.33,13.445,14.33,13.131
2016-06-14,13.505,13.723,13.758,13.43
2016-06-15,13.897,14.549,14.713,13.873
2016-06-16,14.435,14.44,14.668,14.251
2016-06-17,14.479,14.39,14.748,14.281
2016-06-20,14.3,14.42,14.718,14.226
2016-06-21,14.659,14.051,14.659,13.941
2016-06-22,13.632,14.041,14.071,13.482
2016-06-23,13.901,13.731,14.29,13.662
2016-06-24,13.811,13.512,14.061,13.063
2016-06-27,13.462,13.841,13.921,13.382
2016-06-28,13.771,14.619,14.639,13.771
2016-06-29,14.659,14.38,14.729,14.35
2016-06-30,14.39,14.499,14.509,14.29
2016-07-01,14.509,14.28,14.519,14.24
2016-07-04,14.16,14.539,14.679,13.991
2016-07-05,14.669,14.479,14.679,14.36
2016-07-06,14.459,14.958,15.058,14.43
2016-07-07,14.948,15.447,15.746,14.888
2016-07-08,15.586,15.327,15.696,15.267
2016-07-11,15.207,15.108,15.427,15.088
2016-07-12,15.018,15.028,15.247,14.519
2016-07-13,15.088,15.138,15.387,15.038
2016-07-14,15.148,15.098,15.317,14.878
2016-07-15,15.148,15.257,15.457,14.988
2016-07-18,15.377,15.187,15.377,14.958
2016-07-19,15.078,15.058,15.187,14.808
2016-07-20,15.058,15.038,15.187,15.008
2016-07-21,15.028,15.546,15.696,15.018
2016-07-22,15.437,16.334,16.703,15.437
2016-07-25,16.304,17.222,17.351,16.045
2016-07-26,17.112,17.411,17.7,16.653
2016-07-27,17.471,16.554,17.541,15.816
2016-07-28,16.593,16.663,16.803,16.025
2016-07-29,16.603,15.786,16.663,15.606
2016-08-01,15.636,14.948,15.836,14.689
2016-08-02,14.938,15.108,15.257,14.878
2016-08-03,15.118,15.197,15.357,14.878
2016-08-04,15.357,16.035,16.055,15.197
2016-08-05,16.155,16.444,16.514,15.706
2016-08-08,16.633,16.284,16.633,15.836
2016-08-09,16.205,16.115,16.244,15.856
2016-08-10,16.065,15.806,16.175,15.786
2016-08-11,15.766,15.457,15.895,15.407
2016-08-12,15.546,15.676,15.686,15.327
2016-08-15,15.696,16.574,16.613,15.477
2016-08-16,16.454,16.244,16.454,16.145
2016-08-17,16.185,16.244,16.404,16.055
2016-08-18,16.205,15.945,16.324,15.866
2016-08-19,15.875,15.945,16.065,15.856
2016-08-22,15.915,15.955,16.155,15.885
2016-08-23,15.895,15.905,16.015,15.516
2016-08-24,15.816,15.905,16.015,15.816
2016-08-25,15.756,15.347,15.776,15.247
2016-08-26,15.367,15.696,15.746,15.367
2016-08-29,15.646,16.135,16.344,15.566
2016-08-30,16.205,16.125,16.264,15.706
2016-08-31,16.534,16.175,16.613,15.866
2016-09-01,15.995,15.955,16.115,15.776
2016-09-02,15.905,16.095,17.551,15.656
2016-09-05,16.095,16.404,16.514,16.055
2016-09-06,16.544,16.175,16.544,15.955
2016-09-07,16.145,16.025,16.234,15.975
2016-09-08,16.205,15.995,16.205,15.885
2016-09-09,16.035,15.826,16.065,15.816
2016-09-12,15.556,15.068,15.606,15.038
2016-09-13,15.148,15.177,15.297,15.088
2016-09-14,15.078,15.167,15.217,14.918
2016-09-19,15.138,15.187,15.237,15.078
2016-09-20,15.138,15.138,15.207,15.028
2016-09-21,15.108,15.177,15.287,15.068
2016-09-22,15.247,15.177,15.337,15.167
2016-09-23,15.207,15.008,15.247,14.978
2016-09-26,14.958,14.37,15.028,14.26
2016-09-27,14.37,14.549,14.569,14.25
2016-09-28,14.499,14.4,14.569,14.31
2016-09-29,14.41,14.489,14.589,14.36
2016-09-30,14.459,14.529,14.649,14.459
2016-10-10,14.559,14.808,14.908,14.539
2016-10-11,14.818,14.898,14.948,14.808
2016-10-12,14.779,14.958,15.068,14.759
2016-10-13,14.958,14.998,15.048,14.898
2016-10-14,14.958,14.948,15.028,14.789
2016-10-17,14.948,14.779,15.128,14.679
2016-10-18,14.779,15.128,15.197,14.779
2016-10-19,15.157,15.377,15.507,15.048
2016-10-20,15.437,15.327,15.477,15.148
2016-10-21,15.317,15.187,15.317,14.978
2016-10-24,15.157,15.397,15.457,15.078
2016-10-25,15.377,15.796,15.816,15.237
2016-10-26,15.836,15.905,15.955,15.666
2016-10-27,15.905,15.726,16.005,15.676
2016-10-28,15.736,15.536,15.736,15.457
2016-10-31,15.536,15.536,15.626,15.437
2016-11-01,15.556,15.676,15.696,15.516
2016-11-02,15.656,15.646,15.746,15.427
2016-11-03,15.546,15.666,15.905,15.546
2016-11-04,15.706,15.646,15.806,15.507
2016-11-07,15.656,15.776,15.885,15.556
2016-11-08,15.856,15.746,15.856,15.676
2016-11-09,15.746,15.546,15.766,15.227
2016-11-10,15.566,15.786,15.836,15.566
2016-11-11,15.816,15.726,15.826,15.706
2016-11-14,15.746,15.826,16.005,15.726
2016-11-15,15.856,16.115,16.195,15.776
2016-11-16,16.115,15.965,16.145,15.925
2016-11-17,15.866,16.035,16.115,15.816
2016-11-18,15.965,15.846,16.105,15.826
2016-11-21,15.756,15.945,16.075,15.756
2016-11-22,15.895,16.145,16.195,15.885
2016-11-23,16.175,16.145,16.374,15.915
2016-11-24,16.135,16.165,16.414,15.905
2016-11-25,16.155,16.294,16.374,15.836
2016-11-28,16.334,16.364,16.424,16.115
2016-11-29,16.264,16.613,16.763,16.075
2016-11-30,16.544,16.972,17.042,16.294
2016-12-01,17.042,16.863,17.252,16.763
2016-12-02,16.763,16.454,16.913,16.195
2016-12-05,16.304,16.643,16.743,16.095
2016-12-06,16.613,16.903,17.062,16.554
2016-12-07,16.923,16.883,17.142,16.613
2016-12-08,16.883,17.122,17.222,16.703
2016-12-09,17.072,17.202,17.301,16.833
2016-12-12,17.122,16.733,17.501,15.736
2016-12-13,16.304,17.112,17.122,16.274
2016-12-14,17.002,17.222,17.441,16.863
2016-12-15,17.291,17.611,17.65,17.132
2016-12-16,17.491,17.431,18.299,17.321
2016-12-19,17.052,17.481,17.67,16.853
2016-12-20,17.541,17.481,17.7,17.242
2016-12-21,17.411,17.611,17.69,17.112
2016-12-22,17.531,17.7,17.8,17.361
2016-12-23,17.381,18.668,19.146,17.381
2016-12-26,18.448,19.086,19.156,18.299
2016-12-27,18.847,18.548,20.203,18.219
2016-12-28,18.269,19.007,19.076,18.029
2016-12-29,18.947,19.276,19.396,18.648
2016-12-30,19.106,18.568,19.396,18.339
2017-01-03,18.349,17.032,18.349,16.763
2017-01-04,16.793,16.903,16.933,16.494
2017-01-05,16.853,16.623,16.853,16.474
2017-01-06,16.613,16.105,16.613,16.075
2017-01-09,16.155,16.284,16.344,16.005
2017-01-10,16.234,16.195,16.374,16.135
2017-01-11,16.155,15.776,16.234,15.716
2017-01-12,15.636,15.666,15.925,15.536
2017-01-13,15.636,15.277,15.716,15.207
2017-01-16,15.237,14.12,15.247,13.751
2017-01-17,14.12,14.519,14.559,14.041
2017-01-18,14.44,14.28,14.549,14.26
2017-01-19,14.28,14.35,14.42,14.13
2017-01-20,14.32,14.559,14.609,14.29
2017-01-23,14.579,14.679,14.838,14.579
2017-01-24,14.639,14.539,14.669,14.519
2017-01-25,14.589,14.569,14.739,14.469
2017-01-26,14.579,14.968,15.048,14.579
2017-02-03,14.848,14.838,15.098,14.779
2017-02-06,14.808,15.337,15.467,14.808
2017-02-07,15.307,15.337,15.477,15.167
2017-02-08,15.347,15.387,15.437,15.167
2017-02-09,15.387,15.526,15.536,15.337
2017-02-10,15.536,15.297,15.536,15.257
2017-02-13,15.287,15.307,15.377,15.148
2017-02-14,15.307,15.138,15.337,15.088
2017-02-15,15.217,14.998,15.217,14.978
2017-02-16,14.988,15.038,15.138,14.978
2017-02-17,15.058,15.058,15.307,15.018
2017-02-20,15.058,15.128,15.237,15.018
2017-02-21,15.128,15.447,15.467,15.058
2017-02-22,15.387,15.437,15.516,15.267
2017-02-23,15.407,15.556,15.706,15.237
2017-02-24,15.457,15.487,15.546,15.317
2017-02-27,15.467,15.217,15.507,15.197
2017-02-28,15.217,15.327,15.357,15.217
2017-03-01,15.227,15.606,15.676,15.227
2017-03-02,15.626,15.626,15.736,15.526
2017-03-03,15.606,15.487,15.606,15.347
2017-03-06,15.487,15.606,15.626,15.447
2017-03-07,15.596,15.566,15.656,15.457
2017-03-08,15.576,15.526,15.616,15.457
2017-03-09,15.467,15.427,15.526,15.277
2017-03-10,15.516,15.507,15.576,15.427
2017-03-13,15.507,15.477,15.566,15.277
2017-03-14,15.526,15.586,15.756,15.407
2017-03-15,15.536,15.507,15.666,15.387
2017-03-16,15.516,16.125,16.195,15.457
2017-03-17,16.135,15.776,16.135,15.716
2017-03-20,15.726,15.756,15.935,15.646
2017-03-21,15.756,15.566,15.756,15.507
2017-03-22,15.536,15.457,15.636,15.287
2017-03-23,15.487,15.287,15.586,15.098
2017-03-24,15.227,15.257,15.347,15.058
2017-03-27,15.267,15.257,15.297,15.108
2017-03-28,15.277,15.397,15.457,15.187
2017-03-29,15.407,15.207,15.447,15.167
2017-03-30,15.167,14.808,15.167,14.798
2017-03-31,14.818,14.858,15.018,14.729
2017-04-05,14.858,15.088,15.138,14.858
2017-04-06,15.148,15.128,15.207,15.058
2017-04-07,15.167,15.118,15.217,15.058
2017-04-10,15.138,14.868,15.157,14.818
2017-04-11,14.858,14.898,14.958,14.759
2017-04-12,14.848,14.968,15.108,14.838
2017-04-13,14.978,14.888,15.038,14.848
2017-04-14,14.868,14.749,14.878,14.709
2017-04-17,15.267,15.167,15.407,15.018
2017-04-18,15.058,14.888,15.157,14.779
2017-04-19,14.769,14.619,14.838,14.579
2017-04-20,14.619,14.739,14.858,14.619
2017-04-21,14.659,14.888,14.888,14.659
2017-04-24,14.858,14.689,14.858,14.509
2017-04-25,14.669,14.848,14.908,14.669
2017-04-26,14.848,14.848,14.978,14.789
2017-04-27,14.808,14.898,14.968,14.589
2017-04-28,14.609,14.958,15.028,14.609
2017-05-02,14.958,14.948,15.098,14.908
2017-05-03,14.958,14.888,15.048,14.828
2017-05-04,14.858,14.798,14.898,14.709
2017-05-05,14.798,14.639,14.808,14.579
2017-05-08,14.559,14.499,14.649,14.499
2017-05-09,14.459,14.609,14.619,14.44
2017-05-10,14.659,14.479,14.739,14.449
2017-05-11,14.599,14.27,14.599,14.11
2017-05-12,14.071,14.36,14.539,14.071
2017-05-15,14.32,14.44,14.459,14.28
2017-05-16,14.529,14.509,14.569,14.32
2017-05-17,14.519,14.639,14.739,14.44
2017-05-18,14.479,14.519,14.739,14.479
2017-05-19,14.519,14.459,14.599,14.44
2017-05-22,14.39,14.34,14.539,14.33
2017-05-23,14.36,14.34,14.41,14.21
2017-05-24,14.36,14.559,14.559,14.061
2017-05-25,14.609,14.639,14.679,14.37
2017-05-26,14.639,14.759,14.789,14.529
2017-05-31,14.838,14.739,14.928,14.709
2017-06-01,14.739,14.709,14.769,14.659
2017-06-02,14.709,14.888,14.938,14.659
2017-06-05,14.938,14.928,15.058,14.858
2017-06-06,14.858,14.868,15.008,14.858
2017-06-07,14.888,14.958,14.978,14.769
2017-06-08,15.008,14.848,15.008,14.828
2017-06-09,14.848,14.719,14.888,14.629
2017-06-12,14.669,14.689,14.798,14.619
2017-06-13,14.689,14.699,14.789,14.579
2017-06-14,14.729,14.719,14.779,14.649
2017-06-15,14.729,15.148,15.536,14.729
2017-06-16,15.058,14.848,15.108,14.838
2017-06-19,14.769,14.848,14.928,14.729
2017-06-20,14.848,14.828,14.908,14.818
2017-06-21,14.858,14.848,14.918,14.779
2017-06-22,14.808,14.719,14.918,14.719
2017-06-23,14.759,14.519,14.759,14.27
2017-06-26,14.559,14.539,14.559,14.41
2017-06-27,14.469,14.529,14.609,14.41
2017-06-28,14.489,14.41,14.489,14.41
2017-06-29,14.41,14.459,14.509,14.41
2017-06-30,14.459,14.449,14.559,14.41
2017-07-03,14.41,14.44,14.509,14.34
2017-07-04,14.43,14.37,14.489,14.36
2017-07-05,14.37,14.43,14.449,14.31
2017-07-06,14.44,14.519,14.539,14.4
2017-07-07,14.519,14.519,14.579,14.459
2017-07-10,14.579,14.42,14.579,14.41
2017-07-11,14.38,14.18,14.459,14.051
2017-07-12,14.21,14.28,14.28,14.051
2017-07-13,14.38,14.35,14.38,14.22
2017-07-14,14.33,14.33,14.41,14.19
2017-07-17,14.28,14.15,14.34,13.8
2017-07-18,14.17,14.3,14.31,13.95
2017-07-19,14.3,14.35,14.37,14.12
2017-07-20,14.4,14.46,14.47,14.3
2017-07-21,14.52,14.41,14.52,14.32
2017-07-24,14.41,14.47,14.48,14.34
2017-07-25,14.47,14.44,14.54,14.34
2017-07-26,14.45,14.41,14.5,14.3
2017-07-27,14.41,14.49,14.52,14.32
2017-07-28,14.49,14.49,14.51,14.4
2017-07-31,14.5,14.51,14.54,14.42
2017-08-01,14.51,14.53,14.55,14.43
2017-08-02,14.55,14.51,14.6,14.43
2017-08-03,14.52,14.49,14.54,14.46
2017-08-04,14.49,14.52,14.53,14.43
2017-08-07,14.52,14.65,14.87,14.52
2017-08-08,14.55,14.72,14.74,14.51
2017-08-09,14.65,14.58,14.85,14.55
2017-08-10,14.6,14.52,14.6,14.29
2017-08-11,14.5,14.51,14.51,14.35
2017-08-14,14.51,14.54,14.55,14.35
2017-08-15,14.52,14.51,14.6,14.43
2017-08-16,14.57,14.68,14.77,14.48
2017-08-17,14.6,14.69,14.74,14.57
2017-08-18,14.7,14.74,14.77,14.55
2017-08-21,14.78,14.9,14.91,14.67
2017-08-22,14.84,15.4,15.54,14.84
2017-08-23,15.47,16.05,16.1,15.4
2017-08-24,16.1,15.85,16.1,15.7
2017-08-25,15.8,15.93,16.04,15.76
2017-08-28,15.9,16.33,16.54,15.84
2017-08-29,16.24,16.39,16.42,16.21
2017-08-30,16.37,16.45,16.56,16.26
2017-08-31,16.45,16.44,16.58,16.38
2017-09-01,16.48,16.9,16.97,16.31
2017-09-04,16.83,17.04,17.08,16.82
2017-09-05,17.01,17.01,17.18,16.95
2017-09-06,17.01,16.9,17.01,16.4
2017-09-07,16.73,16.75,16.96,16.63
2017-09-08,16.69,16.63,16.88,16.62
2017-09-11,16.6,16.43,16.74,16.35
2017-09-12,16.42,16.4,16.58,16.18
2017-09-13,16.36,16.36,16.62,16.24
2017-09-14,16.36,16.62,16.64,16.36
2017-09-15,16.62,16.7,16.83,16.51
2017-09-18,16.71,16.67,16.88,16.65
2017-09-19,16.68,16.44,16.79,16.4
2017-09-20,16.42,16.22,16.5,16.12
2017-09-21,16.48,16.21,16.49,16.17
2017-09-22,16.11,16.15,16.28,16.02
2017-09-25,16.22,16.2,16.3,16.15
2017-09-26,16.18,16.17,16.32,16.16
2017-09-27,16.11,16.17,16.26,16.11
2017-09-28,16.15,16.81,17.17,15.98
2017-09-29,16.81,17.47,17.48,16.65
2017-10-09,17.5,17.63,18.0,17.4
2017-10-10,17.55,17.49,17.6,17.3
2017-10-11,17.47,17.47,17.91,17.35
2017-10-12,17.35,17.26,17.5,17.03
2017-10-13,17.22,17.23,17.34,17.02
2017-10-16,17.27,17.24,17.34,17.11
2017-10-17,17.15,17.4,17.5,17.15
2017-10-18,17.38,17.0,17.5,16.92
2017-10-19,16.92,17.07,17.27,16.92
2017-10-20,17.07,17.07,17.16,16.94
2017-10-23,17.09,17.01,17.24,16.98
2017-10-24,16.95,16.35,17.0,16.24
2017-10-25,16.23,16.46,16.55,16.22
2017-10-26,16.47,16.46,16.56,16.36
2017-10-27,16.58,16.33,16.58,16.24
2017-10-30,16.26,16.2,16.4,16.05
2017-10-31,16.24,16.28,16.33,16.19
2017-11-01,16.2,16.35,16.53,16.2
2017-11-02,16.35,16.46,16.49,16.24
2017-11-03,16.47,16.29,16.52,15.96
2017-11-06,16.38,17.77,17.9,16.38
2017-11-07,17.95,17.62,18.26,17.6
2017-11-08,17.5,17.64,18.0,17.2
2017-11-09,17.95,17.04,17.97,17.03
2017-11-10,16.83,16.39,16.86,16.21
2017-11-13,15.91,15.91,16.17,15.03
2017-11-14,15.68,15.81,15.93,15.68
2017-11-15,15.92,15.74,15.92,15.7
2017-11-16,15.62,15.71,15.84,15.62
2017-11-17,15.77,15.65,15.85,15.52
2017-11-20,15.65,15.81,15.9,15.25
2017-11-21,15.82,15.85,15.97,15.75
2017-11-22,15.87,16.06,16.1,15.81
2017-11-23,16.0,15.95,16.13,15.91
2017-11-24,15.96,15.86,16.01,15.78
2017-11-27,15.77,15.99,16.15,15.65
2017-11-28,15.78,16.06,16.13,15.78
2017-11-29,16.06,16.19,16.25,16.03
2017-11-30,16.8,16.78,17.09,16.32
2017-12-01,16.76,17.67,17.74,16.6
2017-12-04,17.75,17.77,17.95,17.36
2017-12-05,17.7,18.16,18.3,17.53
2017-12-06,17.49,16.34,17.49,16.34
2017-12-07,14.71,15.14,16.3,14.71
2017-12-08,14.8,14.8,14.98,14.52
2017-12-11,14.67,14.8,15.07,14.53
2017-12-12,14.77,14.81,14.92,14.57
2017-12-13,14.68,14.95,14.99,14.68
2017-12-14,14.9,14.95,15.04,14.85
2017-12-15,14.9,15.1,15.3,14.86
2017-12-18,15.07,15.21,15.24,15.03
2017-12-19,15.24,15.07,15.25,15.01
2017-12-20,15.09,14.8,15.09,14.73
2017-12-21,14.75,14.82,14.89,14.65
2017-12-22,14.77,14.8,14.99,14.71
2017-12-25,14.8,14.8,14.84,14.62
2017-12-26,14.77,14.8,14.81,14.65
2017-12-27,14.77,14.77,14.79,14.66
2017-12-28,14.76,14.75,14.83,14.67
2017-12-29,14.67,14.77,14.77,14.67
2018-01-02,14.77,14.82,14.86,14.68
2018-01-03,14.73,14.83,14.86,14.73
2018-01-04,14.83,14.83,14.85,14.7
2018-01-05,14.83,14.8,14.84,14.72
2018-01-08,14.8,14.76,14.8,14.67
2018-01-09,14.7,14.75,14.76,14.67
2018-01-10,14.69,14.76,14.77,14.68
2018-01-11,14.74,14.75,14.76,14.7
2018-01-12,14.75,14.73,14.75,14.7
2018-01-15,14.72,14.72,14.75,14.69
2018-01-16,14.72,15.06,15.36,14.7
2018-01-17,14.93,14.9,15.04,14.77
2018-01-18,14.88,14.76,14.88,14.74
2018-01-19,14.71,14.76,14.79,14.7
2018-01-22,14.76,14.87,14.89,14.69
2018-01-23,14.87,14.94,15.0,14.76
2018-01-24,14.98,14.96,15.03,14.87
2018-01-25,14.82,14.94,14.99,14.82
2018-01-26,14.84,14.97,15.02,14.84
2018-01-29,14.95,15.07,15.08,14.95
2018-01-30,15.12,15.27,15.38,15.11
2018-01-31,15.3,15.13,15.33,14.94
2018-02-01,15.0,14.89,15.18,14.72
2018-02-02,14.75,15.0,15.12,14.54
2018-02-05,14.95,13.5,14.95,13.5
2018-02-06,12.15,12.15,12.15,12.15
2018-05-07,10.94,10.94,10.94,10.94
2018-05-08,10.33,11.1,11.48,10.21
2018-05-09,10.51,10.46,10.69,10.32
2018-05-10,10.43,10.35,10.51,10.25
2018-05-11,10.32,10.43,10.62,10.31
2018-05-14,10.38,10.43,10.54,10.3
2018-05-15,10.32,10.34,10.42,10.12
2018-05-16,10.35,10.56,10.59,10.26
2018-05-17,10.55,10.39,10.56,10.34
2018-05-18,10.7,10.53,10.92,10.52
2018-05-21,10.35,10.49,10.5,10.29
2018-05-22,10.4,10.45,10.47,10.34
2018-05-23,10.42,10.31,10.48,10.28
2018-05-24,10.3,10.31,10.4,10.26
2018-05-25,10.3,10.05,10.32,10.01
