date,open,close,high,low
2017-05-09,11.25,11.25,11.25,11.25
2017-05-10,12.38,12.38,12.38,12.38
2017-05-11,13.62,13.62,13.62,13.62
2017-05-12,14.98,14.98,14.98,14.98
2017-05-15,16.48,16.48,16.48,16.48
2017-05-16,18.13,18.13,18.13,18.13
2017-05-17,19.94,19.94,19.94,19.94
2017-05-18,21.93,21.93,21.93,21.93
2017-05-19,24.12,24.12,24.12,24.12
2017-05-22,23.03,21.71,23.03,21.71
2017-05-23,20.7,20.86,21.67,20.33
2017-05-24,20.4,21.48,21.96,20.4
2017-05-25,21.5,20.83,21.79,20.02
2017-05-26,21.02,22.91,22.91,21.02
2017-05-31,25.2,23.8,25.2,23.08
2017-06-01,24.5,26.18,26.18,24.09
2017-06-02,23.99,23.56,24.59,23.56
2017-06-05,24.62,23.05,25.29,23.0
2017-06-06,21.31,21.97,22.44,21.21
2017-06-07,21.81,22.67,23.33,21.62
2017-06-08,22.19,21.6,22.44,21.27
2017-06-09,21.56,22.41,22.51,21.45
2017-06-12,21.83,22.1,23.49,21.51
2017-06-13,21.48,22.13,22.4,21.48
2017-06-14,21.82,21.3,22.05,21.22
2017-06-15,21.39,22.05,22.36,21.3
2017-06-16,21.88,21.66,21.93,21.45
2017-06-19,21.65,21.44,21.72,21.27
2017-06-20,21.5,21.01,21.59,20.9
2017-06-21,20.8,20.89,21.14,20.42
2017-06-22,20.72,20.28,20.84,20.23
2017-06-23,20.02,19.74,20.22,19.22
2017-06-26,19.55,19.94,20.03,19.36
2017-06-27,19.86,19.85,20.22,19.77
2017-06-28,19.76,19.25,19.79,19.23
2017-06-29,19.15,19.29,19.5,19.15
2017-06-30,19.2,19.82,19.95,19.16
2017-07-03,19.71,19.84,19.92,19.52
2017-07-04,19.89,20.02,20.16,19.79
2017-07-05,20.02,20.35,20.47,19.9
2017-07-06,20.26,21.5,21.89,20.22
2017-07-07,21.18,21.16,21.78,21.0
2017-07-10,20.74,19.95,20.8,19.81
2017-07-11,19.95,19.76,20.27,19.75
2017-07-12,19.84,20.01,20.05,19.26
2017-07-13,19.95,19.59,20.0,19.53
2017-07-14,19.61,19.34,19.75,19.22
2017-07-17,19.18,17.41,19.32,17.41
2017-07-18,17.07,17.26,17.47,16.69
2017-07-19,17.25,17.31,17.34,16.78
2017-07-20,17.22,17.29,17.83,17.22
2017-07-21,17.22,17.71,17.84,17.18
2017-07-24,17.44,17.81,17.87,17.41
2017-07-25,17.82,17.6,17.97,17.5
2017-07-26,17.55,17.24,17.69,17.21
2017-07-27,17.31,17.65,17.78,17.08
2017-07-28,17.66,17.4,17.88,17.37
2017-07-31,17.4,17.25,17.51,17.18
2017-08-01,17.19,17.23,17.36,17.07
2017-08-02,17.24,16.58,17.26,16.57
2017-08-03,16.55,16.68,16.88,16.36
2017-08-04,16.63,16.42,16.78,16.38
2017-08-07,16.59,16.68,16.75,16.45
2017-08-08,16.67,16.62,16.77,16.4
2017-08-09,16.59,16.7,16.76,16.52
2017-08-10,16.67,16.4,16.75,16.31
2017-08-11,16.31,16.14,16.32,16.05
2017-08-14,16.11,16.43,16.48,16.1
2017-08-15,16.43,16.77,16.8,16.43
2017-08-16,16.71,17.16,17.23,16.53
2017-08-17,17.2,17.0,17.51,16.88
2017-08-18,16.9,16.8,16.97,16.7
2017-08-21,16.78,17.18,17.25,16.74
2017-08-22,17.1,17.26,17.48,17.1
2017-08-23,17.26,17.24,17.34,17.04
2017-08-24,17.24,17.25,17.57,17.17
2017-08-25,17.21,17.87,17.94,17.15
2017-08-28,18.15,18.54,18.88,18.15
2017-08-29,18.39,18.68,19.18,18.23
2017-08-30,18.6,18.35,18.84,18.22
2017-08-31,18.4,18.9,19.08,18.39
2017-09-01,19.0,18.88,19.36,18.7
2017-09-04,18.99,18.41,18.99,18.31
2017-09-05,18.37,18.7,18.83,18.37
2017-09-06,18.82,19.07,19.1,18.57
2017-09-07,19.06,19.0,19.29,18.88
2017-09-08,18.96,19.27,19.57,18.87
2017-09-11,19.3,19.67,19.71,19.27
2017-09-12,19.6,19.09,19.7,19.01
2017-09-13,19.01,18.91,19.18,18.78
2017-09-14,18.89,18.65,19.2,18.6
2017-09-15,18.74,18.66,18.85,18.58
2017-09-18,18.67,18.85,18.99,18.52
2017-09-19,18.81,18.98,19.1,18.8
2017-09-20,18.96,19.12,19.17,18.78
2017-09-21,19.18,18.83,19.18,18.81
2017-09-22,18.72,19.08,19.14,18.55
2017-09-25,19.05,19.04,19.44,19.01
2017-09-26,19.04,18.96,19.17,18.57
2017-09-27,18.77,18.88,19.06,18.77
2017-09-28,18.95,19.2,19.25,18.72
2017-09-29,19.23,19.15,19.37,19.12
2017-10-09,19.45,19.39,19.45,19.2
2017-10-10,19.32,20.58,20.88,19.32
2017-10-11,20.7,20.17,21.49,20.13
2017-10-12,20.09,20.1,20.31,19.8
2017-10-13,20.09,20.38,21.1,20.01
2017-10-16,20.4,19.63,20.5,19.6
2017-10-17,19.65,19.68,19.96,19.47
2017-10-18,19.73,19.4,20.0,19.0
2017-10-19,19.21,19.23,19.53,19.1
2017-10-20,19.3,19.49,19.51,19.12
2017-10-23,19.49,19.84,19.85,19.4
2017-10-24,19.84,19.52,19.87,19.23
2017-10-25,19.52,20.03,20.2,19.34
2017-10-26,19.88,20.07,20.2,19.87
2017-10-27,20.08,20.34,20.4,19.9
2017-10-30,20.2,19.39,20.33,19.37
2017-10-31,19.1,19.26,19.27,18.66
2017-11-01,19.25,19.5,19.51,19.0
2017-11-02,19.5,20.03,20.21,19.5
2017-11-03,19.91,19.75,20.0,19.53
2017-11-06,19.95,20.19,20.2,19.69
2017-11-07,20.09,20.31,20.32,19.9
2017-11-08,20.29,19.96,20.33,19.91
2017-11-09,19.7,20.22,20.32,19.7
2017-11-10,20.26,20.09,20.3,20.02
2017-11-13,20.12,19.91,20.12,19.85
2017-11-14,19.91,19.36,19.92,19.26
2017-11-15,19.33,19.26,19.56,19.1
2017-11-16,19.25,19.0,19.4,18.92
2017-11-17,19.0,17.68,19.0,17.6
2017-11-20,17.6,17.79,17.87,16.7
2017-11-21,17.79,17.31,17.89,17.03
2017-11-22,17.35,17.45,17.77,17.25
2017-11-23,17.4,16.87,17.48,16.8
2017-11-24,16.76,16.91,17.23,16.68
2017-11-27,16.88,16.81,17.06,16.73
2017-11-28,16.55,17.15,17.2,16.55
2017-11-29,17.15,16.89,17.15,16.62
2017-11-30,16.83,16.9,17.11,16.6
2017-12-01,17.0,17.05,17.09,16.72
2017-12-04,17.01,16.59,17.1,16.55
2017-12-05,16.51,15.73,16.68,15.69
2017-12-06,15.63,16.1,16.18,15.6
2017-12-07,16.09,15.97,16.17,15.9
2017-12-08,15.97,16.35,16.36,15.86
2017-12-11,16.2,16.49,16.55,16.2
2017-12-12,16.49,16.1,16.49,16.0
2017-12-13,15.91,16.25,16.4,15.91
2017-12-14,16.25,16.31,16.39,16.05
2017-12-15,16.27,16.42,16.45,16.06
2017-12-18,16.23,16.32,16.45,16.17
2017-12-19,16.21,16.49,16.53,16.21
2017-12-20,16.41,16.21,16.48,16.05
2017-12-21,15.76,16.14,16.33,15.76
2017-12-22,16.03,16.1,16.26,16.0
2017-12-25,16.02,17.06,17.4,15.92
2017-12-26,16.8,17.49,17.78,16.71
2017-12-27,17.28,16.9,17.34,16.88
2017-12-28,16.94,16.95,17.1,16.6
2017-12-29,16.91,16.99,17.19,16.83
2018-01-02,17.0,17.02,17.08,16.9
2018-01-03,17.05,16.95,17.05,16.92
2018-01-04,16.85,16.87,16.97,16.75
2018-01-05,16.88,16.85,16.91,16.68
2018-01-08,16.84,17.06,17.09,16.76
2018-01-09,17.0,17.58,17.77,17.0
2018-01-10,17.5,17.1,17.5,16.8
2018-01-11,16.91,18.81,18.81,16.91
2018-01-12,18.8,18.91,20.5,18.65
2018-01-15,18.65,18.06,18.72,17.87
2018-01-16,17.74,17.95,18.56,17.61
2018-01-17,17.9,18.08,18.36,17.56
2018-01-18,17.82,18.01,18.27,17.82
2018-01-19,17.9,17.3,18.15,17.27
2018-01-22,17.16,16.83,17.16,16.6
2018-01-23,16.82,16.94,17.13,16.8
2018-01-24,16.99,17.11,17.25,16.8
2018-01-25,17.19,17.04,17.35,16.92
2018-01-26,17.16,16.81,17.16,16.79
2018-01-29,16.85,16.88,16.94,16.6
2018-01-30,16.8,16.97,17.08,16.67
2018-01-31,16.99,16.29,17.0,16.24
2018-02-01,16.35,15.93,16.45,15.85
2018-02-02,15.85,15.93,16.0,15.44
2018-02-05,15.49,15.59,15.88,15.44
2018-02-06,15.3,14.69,15.45,14.68
2018-02-07,14.9,15.17,15.33,14.71
2018-02-08,15.42,15.29,15.42,14.97
2018-02-09,14.59,15.0,15.05,14.59
2018-02-12,15.33,15.4,15.5,15.0
2018-02-13,15.6,15.2,15.6,15.14
2018-02-14,15.1,15.18,15.23,14.92
2018-02-22,15.22,15.37,15.47,15.18
2018-02-23,15.43,15.45,15.49,15.22
2018-02-26,15.6,16.36,16.86,15.45
2018-02-27,16.06,16.15,16.4,16.03
2018-02-28,16.15,15.97,16.15,15.81
2018-03-01,15.93,16.12,16.16,15.88
2018-03-02,16.03,15.95,16.18,15.93
2018-03-05,16.1,15.98,16.1,15.85
2018-03-06,16.05,16.2,16.29,15.94
2018-03-07,16.37,16.06,16.37,16.01
2018-03-08,16.19,16.6,16.95,16.06
2018-03-09,16.45,16.6,16.63,16.33
2018-03-12,16.63,16.75,16.97,16.6
2018-03-13,16.69,16.42,16.78,16.4
2018-03-14,16.4,16.3,16.57,16.25
2018-03-15,16.31,16.07,16.42,15.89
2018-03-16,16.0,16.07,16.2,15.98
2018-03-19,16.06,16.33,16.4,16.01
2018-03-20,16.2,16.81,17.5,16.1
2018-03-21,16.9,16.91,17.41,16.85
2018-03-22,16.72,17.05,17.18,16.65
2018-03-23,16.45,15.94,17.03,15.63
2018-03-26,15.51,16.54,16.58,15.3
2018-03-27,16.61,17.14,17.38,16.5
2018-03-28,16.9,17.09,17.65,16.68
2018-03-29,17.08,18.8,18.8,17.08
2018-03-30,18.9,18.47,19.18,18.1
2018-04-02,18.2,18.32,18.44,17.91
2018-04-03,17.88,18.43,18.58,17.65
2018-04-04,20.27,20.27,20.27,20.27
2018-04-09,22.3,22.3,22.3,22.3
2018-04-10,24.53,24.53,24.53,23.6
2018-04-11,24.5,22.77,24.5,22.22
2018-04-12,21.69,20.75,21.99,20.53
2018-04-13,20.67,20.23,21.09,19.88
2018-04-16,19.9,20.26,20.5,19.64
2018-04-17,20.28,19.26,20.28,19.01
2018-04-18,19.3,19.74,20.04,19.03
2018-04-19,19.85,19.52,19.99,19.38
2018-04-20,19.03,17.72,19.22,17.66
2018-04-23,17.75,18.12,18.22,17.55
2018-04-24,18.0,18.6,18.9,17.88
2018-04-25,18.49,18.79,19.08,18.11
2018-04-26,18.53,17.52,18.55,17.48
2018-04-27,17.38,17.93,18.18,17.38
2018-05-02,17.4,17.74,17.9,17.03
2018-05-03,17.44,17.59,17.69,16.93
2018-05-04,17.37,17.61,17.89,17.32
2018-05-07,17.6,18.31,18.38,17.2
2018-05-08,18.11,18.34,18.98,18.0
2018-05-09,18.17,18.19,18.3,18.0
2018-05-10,18.2,18.78,18.8,18.2
2018-05-11,18.69,18.33,19.2,18.31
2018-05-14,18.0,17.82,18.19,17.65
2018-05-15,17.84,18.28,18.33,17.82
2018-05-16,18.23,18.99,19.66,18.19
2018-05-17,18.96,18.99,19.16,18.55
2018-05-18,18.8,19.02,19.08,18.59
2018-05-21,19.03,19.39,19.4,18.86
2018-05-22,19.48,19.31,19.56,19.15
2018-05-23,19.43,18.72,19.43,18.63
2018-05-24,18.77,18.92,18.97,18.61
2018-05-25,18.8,19.14,19.26,18.64
