date,open,close,high,low
2017-11-13,21.832,21.832,21.832,21.832
2017-11-14,24.02,24.02,24.02,24.02
2017-11-15,26.426,26.426,26.426,26.426
2017-11-16,29.069,29.069,29.069,29.069
2017-11-17,31.98,31.98,31.98,31.98
2017-11-20,32.059,33.188,34.644,29.881
2017-11-21,30.693,30.624,32.555,29.871
2017-11-22,29.465,28.584,29.881,27.852
2017-11-23,27.723,27.743,29.198,27.604
2017-11-24,27.555,26.178,27.921,26.05
2017-11-27,25.891,25.941,26.713,25.01
2017-11-28,25.762,26.069,26.416,25.753
2017-11-29,25.753,25.376,26.089,24.564
2017-11-30,25.436,25.683,26.03,25.238
2017-12-01,25.842,25.317,25.842,25.079
2017-12-04,25.0,23.089,25.0,22.921
2017-12-05,23.069,22.515,23.525,22.178
2017-12-06,22.624,23.188,23.248,22.406
2017-12-07,23.0,22.663,23.178,22.644
2017-12-08,22.465,23.089,23.545,22.446
2017-12-11,22.901,23.119,23.267,22.901
2017-12-12,23.03,22.198,23.069,22.119
2017-12-13,22.099,22.257,22.317,22.079
2017-12-14,22.267,23.228,24.257,21.96
2017-12-15,23.05,22.782,23.119,21.01
2017-12-18,22.772,22.456,22.97,22.02
2017-12-19,22.525,22.871,23.05,22.376
2017-12-20,22.723,22.228,22.871,22.168
2017-12-21,22.228,21.772,22.297,21.465
2017-12-22,21.812,21.822,22.178,21.713
2017-12-25,21.881,21.594,21.881,21.02
2017-12-26,21.673,22.812,22.931,21.426
2017-12-27,22.654,22.861,23.743,22.465
2017-12-28,22.614,23.456,23.634,22.287
2017-12-29,23.485,22.861,23.564,22.772
2018-01-02,22.842,22.871,23.069,22.792
2018-01-03,22.772,22.277,22.792,22.03
2018-01-04,22.277,22.079,22.465,22.01
2018-01-05,22.01,22.287,22.446,22.01
2018-01-08,22.149,23.951,24.248,22.139
2018-01-09,23.535,23.762,24.426,23.475
2018-01-10,24.059,23.267,24.059,22.98
2018-01-11,23.158,23.465,23.743,22.733
2018-01-12,23.248,24.139,24.743,22.941
2018-01-15,23.782,24.069,24.663,23.465
2018-01-16,23.792,24.703,25.069,23.792
2018-01-17,24.297,25.0,25.505,24.267
2018-01-18,24.802,24.307,25.248,24.069
2018-01-19,24.297,23.624,24.505,23.574
2018-01-22,23.465,23.149,23.713,22.772
2018-01-23,23.01,23.337,23.396,22.98
2018-01-24,23.267,23.446,23.495,23.079
2018-01-25,23.337,23.059,23.634,22.99
2018-01-26,22.842,22.149,23.0,22.099
2018-01-29,22.149,22.406,22.555,22.0
2018-01-30,22.376,22.257,22.545,22.149
2018-01-31,22.228,21.337,22.238,21.02
2018-02-01,21.267,19.574,21.485,19.386
2018-02-02,19.555,19.139,19.584,18.564
2018-02-05,18.812,18.931,19.307,18.614
2018-02-06,18.218,17.05,18.743,17.04
2018-02-07,17.426,17.386,17.743,16.733
2018-02-08,17.406,17.545,17.703,17.277
2018-02-09,16.98,16.594,17.03,16.396
2018-02-12,17.119,17.059,17.248,16.842
2018-02-13,17.02,16.772,17.257,16.753
2018-02-14,16.861,16.891,16.99,16.812
2018-02-22,17.0,17.188,17.267,16.941
2018-02-23,17.277,17.693,17.98,17.208
2018-02-26,17.901,18.069,18.119,17.733
2018-02-27,17.98,17.762,18.109,17.683
2018-02-28,17.654,17.545,17.723,17.337
2018-03-01,17.465,17.713,17.762,17.307
2018-03-02,17.525,17.495,17.822,17.446
2018-03-05,17.624,17.921,18.0,17.505
2018-03-06,17.921,18.089,18.129,17.762
2018-03-07,18.089,17.891,18.198,17.832
2018-03-08,17.931,18.297,18.416,17.852
2018-03-09,18.366,18.386,18.465,18.079
2018-03-12,18.495,18.574,18.733,18.406
2018-03-13,18.465,18.178,18.624,18.129
2018-03-14,18.198,18.238,18.485,18.139
2018-03-15,18.119,17.347,18.119,17.149
2018-03-16,17.426,17.822,17.911,17.287
2018-03-19,17.881,19.604,19.604,17.683
2018-03-20,19.337,19.158,19.802,18.931
2018-03-21,19.02,19.198,19.782,18.832
2018-03-22,18.99,19.01,19.317,18.733
2018-03-23,18.02,17.109,18.396,17.109
2018-03-26,16.594,17.178,17.218,15.96
2018-03-27,17.327,17.535,17.792,17.248
2018-03-28,17.228,17.842,18.178,16.98
2018-03-29,17.396,18.485,19.545,17.396
2018-03-30,18.485,18.574,18.713,18.317
2018-04-02,18.604,18.436,18.772,18.327
2018-04-03,18.168,18.109,18.168,17.733
2018-04-04,18.178,18.366,18.792,18.178
2018-04-09,18.218,18.931,19.307,18.059
2018-04-10,19.158,18.931,19.307,18.317
2018-04-11,18.762,19.307,19.465,18.762
2018-04-12,19.198,19.119,19.594,19.01
2018-04-13,19.198,19.129,19.802,19.05
2018-04-16,19.04,18.208,19.04,18.079
2018-04-17,18.416,17.683,18.683,17.624
2018-04-18,18.01,17.98,18.04,17.109
2018-04-19,17.822,17.772,18.05,17.733
2018-04-20,17.654,16.97,17.871,16.941
2018-04-23,16.911,17.753,18.178,16.911
2018-04-24,17.673,18.109,18.317,17.525
2018-04-25,17.901,17.901,18.119,17.713
2018-04-26,18.03,17.802,18.485,17.743
2018-04-27,18.02,17.673,18.119,17.357
2018-05-02,17.822,17.604,17.871,17.465
2018-05-03,17.535,18.347,18.436,17.535
2018-05-04,18.188,17.951,18.366,17.911
2018-05-07,18.109,18.614,18.693,18.01
2018-05-08,18.604,18.713,18.772,18.485
2018-05-09,18.733,18.901,19.0,18.515
2018-05-10,18.951,18.842,19.01,18.634
2018-05-11,18.97,18.564,18.97,18.376
2018-05-14,18.327,18.703,19.386,18.327
2018-05-15,18.485,18.901,18.96,18.317
2018-05-16,18.852,18.545,19.129,18.535
2018-05-17,18.594,19.327,19.357,18.366
2018-05-18,19.347,19.396,19.505,18.931
2018-05-21,19.307,19.673,19.97,19.208
2018-05-22,19.683,20.099,20.248,19.426
2018-05-23,20.09,19.32,20.09,19.0
2018-05-24,19.36,19.64,19.75,19.23
2018-05-25,19.68,20.12,20.29,19.23
