date,open,close,high,low
2017-06-01,24.98,24.98,24.98,24.98
2017-06-02,27.48,27.48,27.48,27.48
2017-06-05,30.23,30.23,30.23,30.23
2017-06-06,33.25,33.25,33.25,33.25
2017-06-07,36.58,36.58,36.58,36.58
2017-06-08,40.24,40.24,40.24,40.24
2017-06-09,44.26,44.26,44.26,44.26
2017-06-12,48.69,48.69,48.69,47.0
2017-06-13,51.0,52.73,53.56,50.08
2017-06-14,48.16,47.46,49.17,47.46
2017-06-15,46.55,47.57,49.98,46.55
2017-06-16,47.11,47.16,48.58,45.5
2017-06-19,46.5,45.61,47.2,45.22
2017-06-20,45.61,45.35,46.64,45.3
2017-06-21,44.9,44.86,45.26,43.67
2017-06-22,44.92,45.31,47.0,44.51
2017-06-23,44.79,43.91,45.44,42.51
2017-06-26,43.1,43.95,44.49,42.8
2017-06-27,43.7,43.87,44.75,43.52
2017-06-28,43.0,41.79,43.2,41.71
2017-06-29,41.95,41.59,42.15,41.06
2017-06-30,41.35,41.87,42.52,41.19
2017-07-03,41.78,41.99,42.08,41.13
2017-07-04,42.13,42.02,42.77,41.86
2017-07-05,41.69,42.99,43.3,41.69
2017-07-06,42.99,42.85,43.28,42.3
2017-07-07,42.86,43.45,44.18,42.86
2017-07-10,42.6,41.01,42.61,41.0
2017-07-11,40.99,40.04,41.27,39.85
2017-07-12,39.62,40.15,40.28,39.05
2017-07-13,39.9,39.86,40.2,39.65
2017-07-14,39.9,39.37,40.11,39.16
2017-07-17,38.02,35.43,38.75,35.43
2017-07-18,35.0,35.1,35.47,33.99
2017-07-19,34.9,35.1,35.14,34.37
2017-07-20,35.06,35.15,35.85,34.9
2017-07-21,34.71,34.57,35.24,34.33
2017-07-24,34.44,35.48,35.85,33.8
2017-07-25,35.29,35.31,35.8,35.15
2017-07-26,35.31,34.82,35.44,34.7
2017-07-27,34.83,35.86,36.17,34.65
2017-07-28,35.8,35.78,36.07,35.65
2017-07-31,35.57,35.43,36.15,35.01
2017-08-01,35.27,35.39,35.56,34.88
2017-08-02,35.3,35.81,36.8,35.3
2017-08-03,35.53,36.9,37.21,35.32
2017-08-04,36.67,35.91,36.91,35.87
2017-08-07,36.28,36.34,36.6,36.01
2017-08-08,36.51,36.05,36.6,35.88
2017-08-09,36.0,35.03,36.18,35.0
2017-08-10,35.05,34.12,35.27,34.0
2017-08-11,33.86,33.86,34.28,33.53
2017-08-14,34.09,35.68,36.66,34.0
2017-08-15,35.43,35.7,35.87,35.3
2017-08-16,35.44,36.26,36.58,35.11
2017-08-17,36.26,37.24,37.43,36.05
2017-08-18,37.0,37.29,38.14,36.72
2017-08-21,37.05,37.42,37.67,36.85
2017-08-22,37.3,37.88,38.99,37.3
2017-08-23,38.0,38.62,39.27,37.51
2017-08-24,38.23,41.64,42.43,38.18
2017-08-25,41.25,41.57,41.76,40.18
2017-08-28,41.2,42.29,43.3,41.2
2017-08-29,41.68,41.5,43.79,41.26
2017-08-30,40.98,40.59,41.42,39.9
2017-08-31,40.7,42.0,42.29,40.6
2017-09-01,42.03,42.22,43.27,41.9
2017-09-04,41.88,45.48,46.1,41.47
2017-09-05,44.6,44.08,44.89,43.33
2017-09-06,43.78,45.97,46.1,43.39
2017-09-07,46.6,44.1,46.65,44.0
2017-09-08,43.53,43.43,44.74,43.0
2017-09-11,43.43,43.85,44.14,43.04
2017-09-12,43.43,41.88,43.98,41.2
2017-09-13,41.66,42.2,42.3,41.66
2017-09-14,42.49,42.59,42.6,41.85
2017-09-15,42.5,42.9,43.27,42.21
2017-09-18,42.56,41.77,42.8,41.3
2017-09-19,41.85,41.39,41.9,40.0
2017-09-20,41.1,42.05,42.33,40.5
2017-09-21,42.06,41.45,42.64,41.37
2017-09-22,41.11,42.44,42.46,40.52
2017-09-25,42.44,43.39,44.33,42.02
2017-09-26,43.1,41.91,43.26,41.03
2017-09-27,41.58,42.63,42.79,41.58
2017-09-28,42.55,44.14,44.3,42.29
2017-09-29,44.09,43.93,44.48,43.28
2017-10-09,44.76,43.71,44.76,43.51
2017-10-10,43.9,45.05,45.06,43.5
2017-10-11,45.5,43.41,45.5,43.3
2017-10-12,43.53,42.89,43.87,41.59
2017-10-13,42.52,47.18,47.18,42.5
2017-10-16,48.0,51.48,51.9,48.0
2017-10-17,48.14,49.02,49.88,46.47
2017-10-18,48.6,47.25,51.74,47.1
2017-10-19,47.56,45.79,47.56,44.9
2017-10-20,44.95,45.19,45.88,44.57
2017-10-23,45.24,47.44,48.7,44.87
2017-10-24,46.95,46.29,47.26,45.37
2017-10-25,46.5,48.86,49.1,46.11
2017-10-26,48.0,49.99,50.49,47.58
2017-10-27,49.49,49.0,50.78,48.72
2017-10-30,48.16,47.31,48.75,46.38
2017-10-31,47.31,50.54,51.5,47.01
2017-11-01,50.18,51.4,51.56,49.5
2017-11-02,51.37,51.04,51.37,49.69
2017-11-03,50.56,49.41,51.02,48.28
2017-11-06,49.8,52.43,52.72,49.32
2017-11-07,51.01,51.93,52.17,50.5
2017-11-08,51.59,50.02,52.95,49.97
2017-11-09,49.9,51.06,51.15,49.36
2017-11-10,50.52,50.59,51.18,50.03
2017-11-13,50.7,50.52,51.2,49.67
2017-11-14,50.5,52.07,53.88,50.07
2017-11-15,51.4,49.83,51.86,48.52
2017-11-16,49.28,48.0,49.49,46.83
2017-11-17,47.8,44.99,48.28,44.8
2017-11-20,44.1,46.31,46.45,44.1
2017-11-21,46.33,45.72,46.55,44.18
2017-11-22,45.26,43.83,46.5,43.43
2017-11-23,43.83,41.01,44.29,40.49
2017-11-24,40.85,41.25,41.9,40.78
2017-11-27,41.1,39.95,41.5,39.5
2017-11-28,39.82,40.36,40.78,39.11
2017-11-29,40.2,41.01,41.8,40.01
2017-11-30,40.3,40.5,41.1,40.12
2017-12-01,40.6,41.1,41.4,40.48
2017-12-04,40.8,38.17,40.8,38.01
2017-12-05,38.1,37.68,39.2,37.12
2017-12-06,37.33,38.31,38.38,36.77
2017-12-07,38.1,38.17,38.49,37.82
2017-12-08,38.0,38.89,39.31,37.83
2017-12-11,39.2,39.43,39.79,38.9
2017-12-12,39.86,39.04,40.98,39.0
2017-12-13,38.8,40.05,40.58,38.78
2017-12-14,39.56,39.78,40.0,39.25
2017-12-15,39.8,39.02,39.8,38.8
2017-12-18,38.98,38.31,39.24,38.01
2017-12-19,38.5,38.88,39.06,38.49
2017-12-20,39.05,38.03,39.05,37.81
2017-12-21,37.88,40.27,40.93,37.88
2017-12-22,40.16,39.94,40.25,39.55
2017-12-25,39.8,38.66,39.8,38.0
2017-12-26,38.6,41.54,41.56,38.49
2017-12-27,41.35,41.25,42.45,40.7
2017-12-28,41.12,41.24,41.82,40.81
2017-12-29,41.3,41.1,41.78,40.73
2018-01-02,41.19,41.43,41.98,41.05
2018-01-03,41.45,41.69,41.95,40.72
2018-01-04,41.98,41.18,41.98,41.14
2018-01-05,41.32,40.6,41.45,40.3
2018-01-08,40.3,40.78,40.89,40.17
2018-01-09,41.0,40.55,41.0,40.4
2018-01-10,40.46,40.7,41.09,40.01
2018-01-11,40.16,41.08,41.1,40.16
2018-01-12,41.0,41.4,41.9,40.57
2018-01-15,41.3,38.94,41.3,38.93
2018-01-16,39.0,39.1,39.77,38.61
2018-01-17,38.95,39.66,40.3,38.22
2018-01-18,39.66,39.07,39.99,39.02
2018-01-19,38.81,39.58,39.98,38.8
2018-01-22,39.3,39.69,40.8,39.3
2018-01-23,39.59,39.26,40.1,39.06
2018-01-24,39.02,39.43,39.65,39.02
2018-01-25,39.34,39.95,40.89,39.34
2018-01-26,39.75,39.29,39.85,39.2
2018-01-29,39.3,38.92,39.52,38.4
2018-01-30,38.54,38.53,38.86,38.46
2018-01-31,38.53,35.79,38.59,35.18
2018-02-01,35.79,34.51,36.08,34.5
2018-02-02,34.99,33.73,34.99,33.12
2018-02-05,33.18,33.5,33.95,32.66
2018-02-06,33.0,32.69,34.0,32.21
2018-02-07,33.63,33.38,33.85,32.52
2018-02-08,33.53,33.96,34.19,33.39
2018-02-09,33.51,33.91,34.18,33.05
2018-02-12,33.98,35.1,35.32,33.91
2018-02-13,35.0,35.07,35.4,34.37
2018-02-14,35.05,34.99,35.25,34.7
2018-02-22,35.06,35.15,35.45,34.99
2018-02-23,35.18,35.23,35.82,34.88
2018-02-26,35.48,36.39,36.4,35.48
2018-02-27,36.1,37.26,37.78,35.9
2018-02-28,36.7,36.9,37.41,36.51
2018-03-01,36.8,37.06,37.23,36.61
2018-03-02,36.98,36.08,37.15,36.05
2018-03-05,36.15,37.14,37.35,35.8
2018-03-06,37.0,37.26,37.48,36.85
2018-03-07,37.25,37.51,37.77,37.05
2018-03-08,37.32,39.66,39.79,37.31
2018-03-09,39.5,39.31,39.5,38.71
2018-03-12,39.15,39.49,39.79,39.12
2018-03-13,39.43,38.6,39.62,38.43
2018-03-14,38.38,38.57,38.99,38.3
2018-03-15,38.6,36.49,38.6,36.0
2018-03-16,36.52,36.37,36.89,36.31
2018-03-19,36.5,37.09,38.0,36.49
2018-03-20,36.71,37.12,37.19,36.3
2018-03-21,37.18,36.87,37.77,36.85
2018-03-22,36.9,37.2,37.35,36.7
2018-03-23,36.01,33.76,36.27,33.68
2018-03-26,33.45,34.68,34.69,32.8
2018-03-27,34.83,35.5,35.99,34.83
2018-03-28,35.3,36.62,37.46,35.01
2018-03-29,36.5,36.84,37.17,36.2
2018-03-30,37.12,37.64,37.85,36.84
2018-04-02,37.64,37.5,38.27,37.31
2018-04-03,36.5,38.09,39.78,36.21
2018-04-04,37.88,38.93,39.3,37.71
2018-04-09,38.45,38.77,38.83,37.8
2018-04-10,38.8,38.5,38.8,37.81
2018-04-11,38.32,39.99,40.56,38.32
2018-04-12,39.45,39.7,40.19,39.45
2018-04-13,39.71,39.85,40.1,39.54
2018-04-16,39.95,39.5,40.38,39.2
2018-04-17,39.5,38.02,39.97,37.8
2018-04-18,38.3,38.75,38.8,36.9
2018-04-19,38.5,40.4,40.5,38.5
2018-04-20,39.0,36.74,39.0,36.36
2018-04-23,36.42,35.57,36.75,35.5
2018-04-24,35.77,37.29,39.13,35.7
2018-04-25,36.07,37.78,37.89,36.07
2018-04-26,37.56,37.64,38.35,37.21
2018-04-27,37.6,38.67,39.0,37.6
2018-05-02,38.9,38.38,39.55,38.0
2018-05-03,38.05,39.26,39.38,36.9
2018-05-04,38.98,38.79,39.46,38.63
2018-05-07,38.95,39.35,39.5,38.66
2018-05-08,39.6,39.36,39.78,39.11
2018-05-09,39.31,40.58,40.6,38.86
2018-05-10,40.62,39.83,40.95,39.51
2018-05-11,39.84,38.58,39.99,38.46
2018-05-14,38.58,37.99,38.74,37.75
2018-05-15,37.86,38.64,38.65,37.86
2018-05-16,38.65,37.9,38.65,37.61
2018-05-17,37.89,38.18,38.27,37.58
2018-05-18,38.2,38.39,38.77,37.4
2018-05-21,39.58,42.23,42.23,38.99
2018-05-22,43.79,44.04,46.4,43.48
2018-05-23,42.42,41.87,43.31,41.85
2018-05-24,41.62,41.14,42.5,40.9
2018-05-25,40.97,42.14,42.37,40.97
