date,open,close,high,low
2016-07-28,10.23,12.277,12.277,10.23
2016-07-29,13.507,13.507,13.507,13.507
2016-08-01,14.857,14.857,14.857,14.857
2016-08-02,16.343,16.343,16.343,16.343
2016-08-03,17.978,17.978,17.978,17.978
2016-08-04,19.777,19.777,19.777,19.777
2016-08-05,21.753,21.753,21.753,21.753
2016-08-08,23.928,23.928,23.928,23.928
2016-08-09,26.324,26.324,26.324,26.324
2016-08-10,28.954,28.954,28.954,28.954
2016-08-11,31.847,31.847,31.847,31.847
2016-08-12,35.032,35.032,35.032,35.032
2016-08-15,38.537,38.537,38.537,38.537
2016-08-16,42.39,42.39,42.39,42.39
2016-08-17,46.626,46.626,46.626,46.626
2016-08-18,51.29,51.29,51.29,51.29
2016-08-19,56.422,56.422,56.422,56.422
2016-08-22,62.067,62.067,62.067,59.415
2016-08-23,62.557,64.59,66.04,61.939
2016-08-24,63.268,63.417,65.898,62.493
2016-08-25,64.675,65.514,67.661,62.6
2016-08-26,64.69,60.254,65.031,59.429
2016-08-29,58.327,56.65,58.839,55.662
2016-08-30,56.65,57.14,57.922,56.415
2016-08-31,57.147,57.453,58.505,54.169
2016-09-01,56.785,58.256,61.192,56.564
2016-09-02,57.183,58.285,59.394,56.856
2016-09-05,58.811,55.228,58.974,54.602
2016-09-06,54.809,56.223,56.621,54.759
2016-09-07,55.882,54.354,56.216,54.169
2016-09-08,54.183,53.785,55.022,53.159
2016-09-09,53.316,51.595,53.849,51.553
2016-09-12,49.761,50.33,50.97,49.555
2016-09-13,50.813,50.892,51.539,50.024
2016-09-14,50.437,51.268,51.354,49.996
2016-09-19,51.88,51.858,52.612,51.361
2016-09-20,51.268,50.451,51.837,50.124
2016-09-21,49.84,50.358,50.863,49.84
2016-09-22,50.245,49.989,50.885,49.818
2016-09-23,49.477,48.077,49.989,48.062
2016-09-26,47.629,45.539,47.842,45.361
2016-09-27,45.318,46.726,46.769,45.07
2016-09-28,46.427,45.944,46.705,45.887
2016-09-29,45.994,46.932,47.479,45.859
2016-09-30,46.235,47.11,47.344,45.923
2016-10-10,47.629,49.292,49.939,46.918
2016-10-11,49.605,49.065,49.704,48.503
2016-10-12,48.588,49.377,49.74,48.347
2016-10-13,49.122,50.003,50.614,49.05
2016-10-14,49.584,52.008,52.129,49.456
2016-10-17,52.733,52.662,55.285,52.477
2016-10-18,51.965,52.235,52.96,50.899
2016-10-19,52.164,51.389,53.017,51.048
2016-10-20,51.076,49.655,51.723,49.619
2016-10-21,49.904,50.266,50.373,49.065
2016-10-24,49.911,50.629,50.885,49.534
2016-10-25,50.387,50.842,52.121,50.209
2016-10-26,50.472,52.193,52.384,50.117
2016-10-27,51.908,52.306,52.576,51.219
2016-10-28,52.036,50.451,52.384,50.33
2016-10-31,49.441,47.664,49.463,46.918
2016-11-01,47.593,48.787,49.235,47.565
2016-11-02,48.958,49.264,49.975,48.56
2016-11-03,49.122,49.768,50.821,48.574
2016-11-04,49.726,52.129,52.178,49.513
2016-11-07,52.242,51.524,53.174,51.027
2016-11-08,51.61,54.041,54.133,51.339
2016-11-09,53.515,56.486,58.128,53.515
2016-11-10,56.195,58.015,58.64,55.242
2016-11-11,57.154,55.136,57.226,55.093
2016-11-14,54.737,55.022,55.057,53.742
2016-11-15,54.951,55.264,55.541,54.126
2016-11-16,55.455,52.989,55.519,52.96
2016-11-17,52.441,52.434,52.953,52.05
2016-11-18,52.52,53.174,54.019,52.52
2016-11-21,53.344,54.581,54.737,53.344
2016-11-22,55.079,54.873,56.131,54.453
2016-11-23,54.937,53.074,54.937,52.754
2016-11-24,53.102,52.676,53.572,52.32
2016-11-25,52.676,51.958,52.676,49.626
2016-11-28,51.951,52.029,52.52,51.041
2016-11-29,51.574,52.335,53.031,51.553
2016-11-30,51.922,54.069,54.24,51.297
2016-12-01,54.169,57.304,57.545,53.287
2016-12-02,58.541,59.657,63.033,57.581
2016-12-05,59.003,58.661,62.202,57.872
2016-12-06,58.804,57.929,59.799,57.297
2016-12-07,57.211,58.363,58.448,55.477
2016-12-08,57.936,58.974,59.394,57.332
2016-12-09,58.661,58.868,59.628,57.801
2016-12-12,58.199,54.652,58.704,53.316
2016-12-13,53.671,53.749,55.441,51.375
2016-12-14,53.657,53.529,54.595,52.64
2016-12-15,53.387,56.55,57.211,52.825
2016-12-16,56.55,56.991,58.043,55.733
2016-12-19,56.159,55.96,56.906,55.164
2016-12-20,55.306,55.726,55.939,54.24
2016-12-21,56.237,56.572,58.221,56.237
2016-12-22,55.91,56.835,57.083,55.455
2016-12-23,56.308,55.96,58.071,55.875
2016-12-26,53.756,58.534,58.619,53.756
2016-12-27,58.576,58.207,59.18,57.474
2016-12-28,57.801,57.666,58.718,57.226
2016-12-29,57.936,56.095,58.15,55.0
2016-12-30,55.057,56.337,57.083,55.057
2017-01-03,56.444,56.188,56.579,55.448
2017-01-04,56.323,58.249,58.278,54.737
2017-01-05,57.922,58.079,58.875,57.588
2017-01-06,58.15,58.342,58.846,57.226
2017-01-09,58.434,56.138,58.633,55.242
2017-01-10,56.088,55.96,56.5,55.136
2017-01-11,55.093,53.82,55.797,50.472
2017-01-12,53.245,53.422,53.877,52.498
2017-01-13,53.316,52.477,53.529,51.617
2017-01-16,52.043,51.02,52.576,47.238
2017-01-17,49.79,52.505,52.605,49.129
2017-01-18,51.752,51.659,52.228,51.19
2017-01-19,51.176,51.624,52.036,49.768
2017-01-20,51.396,52.683,52.889,50.842
2017-01-23,52.584,51.944,52.96,51.652
2017-01-24,51.112,51.403,51.894,50.636
2017-01-25,51.19,50.167,51.752,49.356
2017-01-26,50.152,49.562,50.152,48.553
2017-02-03,49.534,50.238,51.183,48.816
2017-02-06,49.84,50.586,50.792,49.84
2017-02-07,50.785,50.245,50.785,49.441
2017-02-08,50.245,53.003,53.373,49.818
2017-02-09,52.633,54.069,54.382,52.633
2017-02-10,54.083,54.133,55.804,52.989
2017-02-13,54.133,54.958,55.363,53.245
2017-02-14,54.851,55.128,56.159,54.418
2017-02-15,55.114,54.467,56.159,53.955
2017-02-16,54.027,53.394,55.093,53.209
2017-02-17,53.387,53.373,53.941,52.335
2017-02-20,53.309,53.408,54.133,53.053
2017-02-21,53.316,58.747,58.747,53.316
2017-02-22,59.714,61.505,62.55,58.747
2017-02-23,60.567,67.654,67.654,60.567
2017-02-24,68.216,73.782,74.422,66.858
2017-02-27,67.533,66.403,73.782,66.403
2017-02-28,63.709,66.872,68.706,63.709
2017-03-01,66.538,69.204,73.213,66.147
2017-03-02,69.204,69.787,69.915,66.893
2017-03-03,69.453,62.806,69.453,62.806
2017-03-06,61.846,66.119,68.841,61.775
2017-03-07,65.898,66.026,70.533,63.979
2017-03-08,66.111,66.04,67.427,64.37
2017-03-09,66.51,61.917,66.659,61.334
2017-03-10,61.704,62.785,64.867,59.714
2017-03-13,62.898,64.69,64.853,60.503
2017-03-14,64.789,63.979,66.382,63.687
2017-03-15,64.69,64.029,65.045,63.318
2017-03-16,63.986,64.683,65.095,63.943
2017-03-17,65.329,62.934,65.543,62.813
2017-03-20,62.927,69.225,69.225,62.564
2017-03-21,69.851,76.149,76.149,67.533
2017-03-22,75.303,77.969,83.762,72.538
2017-03-23,79.44,80.514,84.097,76.078
2017-03-24,80.4,88.561,88.568,78.737
2017-03-27,97.418,97.418,97.418,97.418
2017-03-29,88.867,98.67,104.428,88.867
2017-03-30,93.125,88.803,95.527,88.803
2017-03-31,82.391,89.336,97.674,79.924
2017-04-05,84.594,88.525,89.286,80.478
2017-04-06,88.141,89.215,90.985,86.052
2017-04-07,88.042,80.293,88.838,80.293
2017-04-10,81.104,75.893,82.462,74.642
2017-04-11,78.388,68.301,79.604,68.301
2017-04-12,61.469,61.469,61.469,61.469
2017-04-13,55.32,67.619,67.619,55.32
2017-04-14,60.858,60.858,60.858,60.858
2017-04-17,54.773,54.773,54.773,54.773
2017-04-18,49.299,49.299,52.996,49.299
2017-04-19,48.212,48.859,49.477,46.648
2017-04-20,48.887,46.385,48.887,44.913
2017-04-21,46.157,43.299,46.612,43.008
2017-04-24,43.349,43.79,45.276,41.103
2017-04-25,43.378,44.423,45.461,42.887
2017-04-26,43.733,45.837,46.776,43.513
2017-04-27,45.404,46.619,47.408,43.477
2017-04-28,45.923,45.688,46.626,45.446
2017-05-02,45.283,44.593,45.852,44.309
2017-05-03,43.989,46.001,46.122,43.371
2017-05-04,46.086,47.359,49.05,44.707
2017-05-05,46.42,45.162,48.176,45.013
2017-05-08,44.344,42.567,44.764,42.297
2017-05-09,41.67,43.23,43.792,41.321
2017-05-10,43.251,42.888,44.711,42.603
2017-05-11,42.574,43.771,44.063,41.313
2017-05-12,43.522,43.23,44.191,42.959
2017-05-15,42.738,41.435,43.415,41.385
2017-05-16,41.299,40.915,41.306,37.909
2017-05-17,40.53,41.043,41.883,40.245
2017-05-18,40.459,39.148,41.164,38.678
2017-05-19,39.148,37.944,39.49,37.845
2017-05-22,37.987,34.397,38.265,34.19
2017-05-23,34.404,31.868,34.903,31.683
2017-05-24,31.968,32.189,32.41,30.672
2017-05-25,32.182,31.947,32.609,30.643
2017-05-26,31.982,32.267,32.98,31.712
2017-05-31,33.122,32.153,34.297,32.054
2017-06-01,31.897,28.962,31.897,28.941
2017-06-02,28.813,31.106,31.697,28.813
2017-06-05,31.341,31.056,31.911,30.743
2017-06-06,31.206,31.519,32.039,30.942
2017-06-07,31.484,32.901,34.141,31.355
2017-06-08,32.759,33.457,34.112,32.196
2017-06-09,33.378,33.849,35.152,32.467
2017-06-12,33.393,31.505,33.443,31.42
2017-06-13,31.505,32.687,32.887,31.377
2017-06-14,32.773,34.034,34.155,32.773
2017-06-15,34.091,37.439,37.439,34.091
2017-06-16,39.034,37.496,39.319,37.403
2017-06-19,37.602,37.047,38.322,36.684
2017-06-20,37.716,37.951,39.098,37.31
2017-06-21,38.144,36.477,38.607,35.886
2017-06-22,37.033,34.789,37.154,34.19
2017-06-23,35.537,35.323,35.551,33.834
2017-06-26,35.23,35.701,35.829,34.746
2017-06-27,35.701,35.893,36.676,35.366
2017-06-28,35.8,34.924,35.8,34.582
2017-06-29,34.967,34.718,35.416,34.689
2017-06-30,34.333,34.333,34.696,33.67
2017-07-03,33.941,34.333,34.689,33.806
2017-07-04,34.319,34.084,34.675,34.012
2017-07-05,34.19,34.383,34.511,33.934
2017-07-06,34.198,34.575,35.102,34.198
2017-07-07,34.938,35.765,36.114,34.632
2017-07-10,36.327,34.319,36.456,34.105
2017-07-11,33.87,31.975,34.012,31.284
2017-07-12,31.754,32.189,32.36,30.985
2017-07-13,32.196,31.534,32.196,31.348
2017-07-14,31.341,31.284,31.911,31.128
2017-07-17,31.27,28.157,31.284,28.157
2017-07-18,26.996,27.794,28.1,26.996
2017-07-19,27.424,27.523,27.773,26.982
2017-07-20,27.78,27.972,28.834,27.78
2017-07-21,27.922,27.808,28.642,27.395
2017-07-24,27.424,28.656,28.841,27.409
2017-07-25,28.492,30.387,30.458,28.143
2017-07-26,30.059,29.461,30.109,29.204
2017-07-27,29.439,29.746,30.202,28.884
2017-07-28,29.753,28.905,30.023,28.848
2017-07-31,28.813,28.656,29.183,28.563
2017-08-01,28.777,28.848,29.048,28.492
2017-08-02,28.578,27.951,28.991,27.887
2017-08-03,27.951,30.743,30.743,27.787
2017-08-04,30.273,29.19,30.764,29.119
2017-08-07,29.774,28.884,29.902,28.599
2017-08-08,29.325,29.133,29.361,28.549
2017-08-09,28.87,28.962,29.183,28.706
2017-08-10,28.969,28.314,29.033,28.278
2017-08-11,27.922,28.172,28.884,27.922
2017-08-14,28.172,28.741,28.991,28.164
2017-08-15,28.813,29.098,29.461,28.635
2017-08-16,28.991,29.981,30.308,28.82
2017-08-17,29.874,30.009,30.843,29.603
2017-08-18,29.61,29.639,29.967,29.233
2017-08-21,29.803,30.137,30.629,29.746
2017-08-22,29.853,29.411,30.145,29.29
2017-08-23,29.482,29.34,29.796,29.105
2017-08-24,29.739,29.24,30.13,29.219
2017-08-25,29.639,32.168,32.168,29.418
2017-08-28,34.155,32.994,34.796,32.695
2017-08-29,32.702,32.481,33.414,32.41
2017-08-30,32.331,31.897,33.051,31.79
2017-08-31,31.868,32.702,32.958,31.705
2017-09-01,32.538,32.217,32.901,32.125
2017-09-04,31.968,32.488,32.958,31.911
2017-09-05,32.609,32.331,32.609,32.175
2017-09-06,32.367,33.086,33.186,31.954
2017-09-07,33.072,33.357,34.034,32.695
2017-09-08,33.407,34.041,34.547,33.407
2017-09-11,34.404,33.457,34.404,33.407
2017-09-12,32.98,32.46,33.393,32.225
2017-09-13,32.666,32.581,32.759,32.217
2017-09-14,32.517,32.31,32.752,32.217
2017-09-15,32.239,31.932,32.588,31.84
2017-09-18,31.733,32.089,32.331,31.626
2017-09-19,32.089,33.443,34.19,32.089
2017-09-20,33.108,35.159,35.615,32.83
2017-09-21,35.181,34.269,36.085,34.19
2017-09-22,34.547,36.441,37.061,34.269
2017-09-25,35.715,36.648,38.165,35.116
2017-09-26,35.615,34.447,35.615,33.015
2017-09-27,34.19,37.894,37.894,34.19
2017-09-28,39.889,38.407,40.744,38.094
2017-09-29,38.457,40.345,41.456,37.396
2017-10-09,40.701,41.883,42.731,39.333
2017-10-10,40.623,40.345,41.242,39.996
2017-10-11,39.561,37.766,39.561,36.726
2017-10-12,37.773,37.873,39.497,37.524
2017-10-13,38.094,37.446,38.243,36.897
2017-10-16,37.154,35.843,38.058,35.679
2017-10-17,36.042,36.37,36.755,35.836
2017-10-18,36.37,34.696,37.118,34.19
2017-10-19,34.347,34.247,35.038,33.478
2017-10-20,34.283,34.568,34.653,33.834
2017-10-23,34.76,35.572,35.971,34.732
2017-10-24,35.722,35.344,35.722,34.333
2017-10-25,34.931,35.558,35.743,34.931
2017-10-26,35.473,35.971,36.634,35.458
2017-10-27,35.494,34.867,35.957,34.76
2017-10-30,34.867,32.331,35.245,32.111
2017-10-31,32.246,32.552,33.158,32.125
2017-11-01,32.773,32.702,32.965,32.41
2017-11-02,32.965,32.032,33.136,31.341
2017-11-03,30.686,30.807,31.676,29.674
2017-11-06,30.622,31.441,31.548,30.33
2017-11-07,31.455,30.878,31.462,30.636
2017-11-08,30.893,31.676,32.046,30.893
2017-11-09,31.412,31.776,31.954,31.37
2017-11-10,31.776,33.478,33.678,31.484
2017-11-13,33.3,32.972,33.656,32.467
2017-11-14,32.659,31.868,32.901,31.783
2017-11-15,31.875,35.052,35.052,31.875
2017-11-16,34.846,35.394,37.182,34.497
2017-11-17,35.359,35.836,36.933,34.775
2017-11-20,35.074,39.419,39.419,34.903
2017-11-21,39.369,39.832,41.0,38.186
2017-11-22,38.678,38.129,39.604,37.538
2017-11-23,37.567,37.189,38.785,35.978
2017-11-24,37.04,37.588,38.642,37.025
2017-11-27,37.04,33.827,37.04,33.827
2017-11-28,32.509,34.468,34.817,32.509
2017-11-29,34.547,32.787,34.846,32.716
2017-11-30,33.051,32.467,33.827,32.289
2017-12-01,32.438,33.45,34.19,32.061
2017-12-04,32.766,31.398,33.215,31.199
2017-12-05,31.156,30.415,32.103,30.059
2017-12-06,30.116,31.434,31.576,30.116
2017-12-07,31.306,34.575,34.575,31.306
2017-12-25,34.575,33.243,36.954,33.207
2017-12-26,33.827,34.732,35.188,33.478
2017-12-27,34.475,33.535,34.475,33.207
2017-12-28,32.844,32.78,33.799,32.709
2017-12-29,32.196,33.022,33.649,32.175
2018-01-02,32.837,32.944,33.585,32.68
2018-01-03,32.894,33.371,33.613,31.348
2018-01-04,33.407,32.73,33.464,32.702
2018-01-05,32.574,32.246,33.293,32.21
2018-01-08,32.246,32.225,32.246,31.455
2018-01-09,32.225,33.991,34.796,31.747
2018-01-10,33.471,34.376,34.796,33.122
2018-01-11,33.955,35.544,36.206,33.45
2018-01-12,34.988,34.782,35.458,34.561
2018-01-15,34.554,32.602,34.782,32.495
2018-01-16,32.139,32.737,33.471,32.139
2018-01-17,33.001,33.343,33.834,32.915
2018-01-18,33.122,32.531,33.193,32.452
2018-01-19,32.588,32.474,33.336,32.388
2018-01-22,32.481,32.695,32.723,31.256
2018-01-23,33.079,32.196,33.079,32.125
2018-01-24,32.118,32.545,32.623,31.705
2018-01-25,32.061,31.348,32.061,31.199
2018-01-26,31.206,30.828,31.598,30.722
2018-01-29,30.707,29.952,30.828,29.71
2018-01-30,29.952,30.202,30.551,29.924
2018-01-31,30.194,28.87,30.194,28.499
2018-02-01,28.87,27.146,29.247,27.075
2018-02-02,27.146,26.341,27.573,25.65
2018-02-05,25.864,26.726,27.039,25.671
2018-02-06,25.785,24.09,26.213,24.054
2018-02-07,25.315,25.956,26.134,23.591
2018-02-08,25.465,26.925,27.424,25.294
2018-02-09,26.12,25.75,26.925,25.344
2018-02-12,25.75,26.312,26.704,25.75
2018-02-13,26.426,25.864,26.619,25.842
2018-02-14,25.8,25.949,26.084,25.557
2018-02-22,26.569,26.213,26.861,25.928
2018-02-23,26.106,26.434,26.59,26.07
2018-02-26,26.434,27.253,27.673,26.434
2018-02-27,27.281,27.986,28.635,27.26
2018-02-28,27.089,27.694,28.264,27.082
2018-03-01,27.509,28.15,28.57,27.438
2018-03-02,27.602,27.652,28.734,27.566
2018-03-05,28.35,27.872,28.35,27.637
2018-03-06,27.787,28.449,29.14,27.787
2018-03-07,28.328,28.193,28.485,27.972
2018-03-08,28.179,28.207,28.414,27.993
2018-03-09,28.065,30.045,30.7,28.065
2018-03-12,29.917,29.817,30.344,29.454
2018-03-13,29.646,29.176,29.66,28.955
2018-03-14,29.126,28.919,29.546,28.706
2018-03-15,28.706,28.15,29.026,27.26
2018-03-16,27.865,27.915,28.414,27.851
2018-03-19,27.929,28.122,28.827,27.801
2018-03-20,28.136,28.05,28.221,27.459
2018-03-21,28.2,28.05,28.962,28.008
2018-03-22,28.207,28.214,28.706,27.794
2018-03-23,27.566,25.614,27.659,25.394
2018-03-26,25.593,26.49,26.74,24.232
2018-03-27,26.925,27.288,27.637,26.661
2018-03-28,27.067,27.331,28.321,26.775
2018-03-29,27.637,27.73,28.136,27.395
2018-03-30,27.922,28.713,29.917,27.922
2018-04-02,28.392,29.133,29.902,28.392
2018-04-03,28.57,32.046,32.046,28.136
2018-04-04,32.623,30.722,32.752,30.629
2018-04-09,30.722,30.814,31.697,29.561
2018-04-10,30.828,29.917,30.843,29.204
2018-04-11,29.112,29.924,30.714,29.112
2018-04-12,30.102,30.023,30.693,29.731
2018-04-13,30.287,30.052,30.486,29.845
2018-04-16,29.568,29.183,29.974,28.905
2018-04-17,29.361,29.29,30.237,28.941
2018-04-18,29.482,29.055,29.81,26.711
2018-04-19,28.848,28.257,29.076,28.136
2018-04-20,28.385,27.231,28.471,27.103
2018-04-23,26.854,28.364,28.485,26.711
2018-04-24,28.186,28.756,29.119,28.136
2018-04-25,28.706,30.33,31.633,28.492
2018-04-26,29.61,29.069,29.831,28.855
2018-04-27,29.204,30.173,30.486,29.204
2018-05-02,29.682,28.478,30.251,28.172
2018-05-03,27.78,29.041,29.154,27.78
2018-05-04,29.2,31.94,31.94,29.04
2018-05-07,32.2,31.67,33.0,30.87
2018-05-08,30.96,30.89,31.51,30.69
2018-05-09,30.53,31.25,31.68,30.53
2018-05-10,31.0,31.84,33.0,30.76
2018-05-11,31.68,30.84,31.8,30.58
2018-05-14,31.23,31.73,32.38,31.01
2018-05-15,31.4,31.91,32.38,30.9
2018-05-16,31.3,30.83,31.73,30.72
2018-05-17,30.43,30.91,31.14,30.43
2018-05-18,31.1,31.46,32.2,30.39
2018-05-21,31.54,32.11,34.0,31.52
2018-05-22,32.58,35.32,35.32,32.0
2018-05-23,34.0,34.38,35.5,33.88
2018-05-24,33.9,34.12,34.45,33.6
2018-05-25,34.0,33.12,34.11,32.85
