date,open,close,high,low
2017-06-19,8.137,9.768,9.768,8.137
2017-06-20,10.743,10.743,10.743,10.743
2017-06-21,11.817,11.817,11.817,11.817
2017-06-22,13.001,13.001,13.001,13.001
2017-06-23,14.304,14.304,14.304,14.304
2017-06-26,15.736,15.736,15.736,15.736
2017-06-27,17.308,17.308,17.308,17.308
2017-06-28,19.039,19.039,19.039,19.039
2017-06-29,20.173,20.938,20.938,19.705
2017-06-30,19.884,21.147,22.082,19.297
2017-07-03,20.391,20.013,20.431,19.596
2017-07-04,19.904,20.57,20.849,19.904
2017-07-05,20.889,21.655,22.023,20.7
2017-07-06,21.177,20.769,21.287,20.192
2017-07-07,20.411,20.103,20.819,20.003
2017-07-10,18.979,18.203,19.287,18.094
2017-07-11,18.183,18.024,18.362,17.765
2017-07-12,17.925,18.123,18.153,17.268
2017-07-13,17.915,17.407,17.984,17.308
2017-07-14,17.576,17.268,17.676,17.149
2017-07-17,16.94,15.567,17.039,15.547
2017-07-18,15.567,15.647,15.816,15.269
2017-07-19,15.468,15.647,15.766,15.279
2017-07-20,15.577,15.796,16.303,15.567
2017-07-21,15.627,15.388,15.866,15.368
2017-07-24,15.199,15.587,15.726,14.861
2017-07-25,15.328,15.448,15.806,15.328
2017-07-26,15.458,15.11,15.577,15.03
2017-07-27,15.139,15.617,15.667,15.02
2017-07-28,15.617,15.428,16.055,15.418
2017-07-31,15.299,15.269,15.458,15.02
2017-08-01,15.328,15.308,15.378,15.11
2017-08-02,15.338,14.97,15.418,14.96
2017-08-03,14.98,15.1,15.299,14.94
2017-08-04,15.1,14.652,15.149,14.622
2017-08-07,14.672,14.692,14.841,14.652
2017-08-08,14.791,14.602,14.821,14.513
2017-08-09,14.602,14.413,14.622,14.364
2017-08-10,14.453,14.224,14.523,14.135
2017-08-11,14.224,14.125,14.334,14.085
2017-08-14,14.125,14.433,14.443,14.095
2017-08-15,14.403,14.473,14.602,14.344
2017-08-16,14.562,15.09,15.1,14.463
2017-08-17,14.97,14.96,15.119,14.791
2017-08-18,14.871,14.761,14.891,14.682
2017-08-21,14.761,15.129,15.199,14.722
2017-08-22,15.199,15.358,15.567,14.95
2017-08-23,15.239,15.567,15.716,14.901
2017-08-24,15.468,15.816,16.184,15.269
2017-08-25,15.617,17.397,17.397,15.597
2017-08-28,17.805,17.905,18.402,16.94
2017-08-29,17.407,17.865,19.039,17.387
2017-08-30,17.308,17.188,18.004,16.91
2017-08-31,17.358,18.213,18.561,17.218
2017-09-01,18.104,17.905,18.303,17.427
2017-09-04,17.716,17.437,17.964,17.079
2017-09-05,17.407,17.795,18.004,17.308
2017-09-06,17.507,17.248,17.656,17.099
2017-09-07,17.208,17.019,17.656,16.97
2017-09-08,17.159,16.751,17.188,16.452
2017-09-11,16.791,17.338,17.407,16.761
2017-09-12,17.278,16.93,17.537,16.84
2017-09-13,16.96,17.179,17.258,16.91
2017-09-14,17.208,17.069,17.278,16.92
2017-09-15,17.009,17.765,17.825,16.91
2017-09-18,17.557,17.765,18.074,17.527
2017-09-19,17.616,18.372,18.452,17.447
2017-09-20,18.362,18.133,18.472,17.954
2017-09-21,18.233,17.368,18.372,17.328
2017-09-22,17.119,17.268,17.566,16.92
2017-09-25,17.089,17.198,17.656,17.079
2017-09-26,17.208,16.184,17.328,15.995
2017-09-27,16.184,16.273,16.413,16.114
2017-09-28,16.224,16.134,16.512,16.064
2017-09-29,16.263,16.293,16.353,16.144
2017-10-09,16.612,16.442,16.791,16.432
2017-10-10,16.562,16.94,16.95,16.462
2017-10-11,16.89,16.721,17.079,16.661
2017-10-12,16.741,16.86,17.039,16.532
2017-10-13,16.771,17.785,18.123,16.771
2017-10-16,17.716,17.716,18.034,17.308
2017-10-17,17.457,18.303,18.631,17.159
2017-10-18,18.173,18.243,18.69,17.805
2017-10-19,17.974,18.631,18.85,17.427
2017-10-20,18.402,18.034,18.591,17.925
2017-10-23,17.915,19.078,19.098,17.875
2017-10-24,18.76,18.452,18.86,17.984
2017-10-25,18.402,18.611,18.74,18.153
2017-10-26,18.452,18.074,18.521,17.805
2017-10-27,18.084,17.805,18.283,17.706
2017-10-30,17.696,16.681,17.805,16.641
2017-10-31,16.691,17.079,17.099,16.691
2017-11-01,17.069,17.169,17.368,17.069
2017-11-02,17.188,17.248,17.407,17.039
2017-11-03,17.278,16.631,17.308,16.542
2017-11-06,16.641,16.83,16.87,16.432
2017-11-07,16.83,16.761,16.83,16.462
2017-11-08,16.761,17.059,17.338,16.612
2017-11-09,17.059,17.218,17.308,16.99
2017-11-10,17.188,17.079,17.228,17.009
2017-11-13,17.139,17.427,17.616,17.079
2017-11-14,17.427,16.89,17.586,16.751
2017-11-15,16.771,16.393,16.89,16.293
2017-11-16,16.333,16.025,16.492,15.985
2017-11-17,16.015,15.189,16.055,15.119
2017-11-20,15.219,15.259,15.289,14.553
2017-11-21,15.259,15.06,15.368,14.761
2017-11-22,15.199,14.831,15.259,14.761
2017-11-23,14.901,14.254,14.901,14.254
2017-11-24,14.383,14.194,14.383,14.155
2017-11-27,14.194,14.135,14.284,14.055
2017-11-28,14.175,14.324,14.344,14.075
2017-11-29,14.324,14.165,14.383,13.946
2017-11-30,14.214,14.314,14.473,14.125
2017-12-01,14.314,14.443,14.463,14.254
2017-12-04,14.403,13.717,14.413,13.707
2017-12-05,13.578,13.041,13.797,12.832
2017-12-06,13.041,13.349,13.399,12.931
2017-12-07,13.299,13.22,13.409,13.14
2017-12-08,13.249,13.538,13.608,13.16
2017-12-11,13.538,13.667,13.717,13.468
2017-12-12,13.667,13.826,14.184,13.438
2017-12-13,13.667,13.777,13.906,13.458
2017-12-14,13.707,13.617,13.826,13.538
2017-12-15,13.578,13.389,13.647,13.249
2017-12-18,13.419,13.419,13.568,13.269
2017-12-19,13.349,13.498,13.548,13.349
2017-12-20,13.379,13.08,13.488,13.06
2017-12-21,13.12,13.249,13.389,12.981
2017-12-22,13.329,13.448,13.568,13.18
2017-12-25,13.428,14.005,14.105,13.09
2017-12-26,13.777,15.03,15.398,13.647
2017-12-27,14.742,14.493,14.861,14.453
2017-12-28,14.324,14.344,14.632,14.135
2017-12-29,14.254,14.284,14.413,14.145
2018-01-02,14.403,14.304,14.503,14.264
2018-01-03,14.413,14.373,14.413,14.224
2018-01-04,14.433,14.294,14.503,14.244
2018-01-05,14.324,14.304,14.433,14.254
2018-01-08,14.373,14.513,14.523,14.025
2018-01-09,14.483,14.354,14.493,14.304
2018-01-10,14.354,13.936,14.403,13.747
2018-01-11,13.966,14.175,14.264,13.826
2018-01-12,14.224,14.145,14.364,14.125
2018-01-15,14.025,13.727,14.115,13.598
2018-01-16,13.727,14.125,14.264,13.727
2018-01-17,14.025,14.513,14.682,14.025
2018-01-18,14.533,14.503,14.582,14.284
2018-01-19,14.572,14.354,14.791,14.304
2018-01-22,14.364,14.105,14.373,13.906
2018-01-23,14.065,14.135,14.264,13.956
2018-01-24,14.155,14.194,14.314,13.986
2018-01-25,14.194,14.115,14.413,14.105
2018-01-26,14.035,13.816,14.125,13.797
2018-01-29,13.836,13.627,14.025,13.598
2018-01-30,13.637,13.697,13.727,13.428
2018-01-31,13.627,13.538,13.926,13.389
2018-02-01,13.478,12.941,13.627,12.862
2018-02-02,12.931,12.484,12.931,12.334
2018-02-05,12.245,12.155,12.464,12.125
2018-02-06,11.936,11.151,11.946,11.091
2018-02-07,11.24,11.31,11.747,11.001
2018-02-08,11.32,11.489,11.558,11.141
2018-02-09,11.19,11.131,11.34,11.011
2018-02-12,11.18,11.439,11.499,11.18
2018-02-13,11.439,11.409,11.539,11.36
2018-02-14,11.34,11.26,11.399,11.23
2018-02-22,11.389,11.489,11.558,11.32
2018-02-23,11.439,11.678,11.688,11.439
2018-02-26,11.738,12.006,12.036,11.738
2018-02-27,11.996,11.976,12.135,11.907
2018-02-28,11.837,11.887,11.976,11.698
2018-03-01,11.946,12.036,12.056,11.767
2018-03-02,11.936,11.847,12.006,11.837
2018-03-05,11.837,12.036,12.046,11.797
2018-03-06,12.036,12.185,12.265,11.986
2018-03-07,12.106,12.115,12.275,12.046
2018-03-08,12.046,12.444,12.464,12.046
2018-03-09,12.484,12.603,12.633,12.354
2018-03-12,12.583,12.663,12.822,12.563
2018-03-13,12.682,12.484,12.702,12.434
2018-03-14,12.444,12.553,12.593,12.394
2018-03-15,12.444,12.135,12.523,11.887
2018-03-16,12.195,12.513,12.742,12.086
2018-03-19,12.513,12.702,12.772,12.434
2018-03-20,12.543,12.623,12.742,12.474
2018-03-21,12.543,12.513,12.762,12.493
2018-03-22,12.434,12.464,12.623,12.424
2018-03-23,12.076,11.23,12.205,11.22
2018-03-26,11.19,11.469,11.509,10.773
2018-03-27,11.628,11.708,11.827,11.568
2018-03-28,11.539,11.827,12.036,11.439
2018-03-29,11.927,12.195,12.523,11.747
2018-03-30,12.295,12.414,12.513,12.295
2018-04-02,12.484,12.822,12.971,11.389
2018-04-03,12.563,12.603,12.921,12.464
2018-04-04,12.613,12.384,12.891,12.324
2018-04-09,12.255,12.792,12.842,12.195
2018-04-10,12.792,12.991,13.041,12.682
2018-04-11,12.921,13.468,13.926,12.921
2018-04-12,13.339,13.15,13.548,13.13
2018-04-13,13.269,12.991,13.548,12.931
2018-04-16,12.901,12.802,13.11,12.653
2018-04-17,12.513,12.324,12.862,12.215
2018-04-18,12.424,12.314,12.513,11.837
2018-04-19,12.334,12.115,12.414,12.066
2018-04-20,12.235,11.638,12.235,11.618
2018-04-23,11.807,11.678,11.807,11.419
2018-04-24,11.638,12.165,12.225,11.469
2018-04-25,12.046,12.185,12.374,12.036
2018-04-26,12.225,11.757,12.225,11.718
2018-04-27,11.787,11.658,11.907,11.588
2018-05-02,11.519,11.499,11.738,11.34
2018-05-03,11.449,11.747,11.787,11.27
2018-05-04,11.558,11.986,12.384,11.558
2018-05-07,11.887,12.175,12.275,11.867
2018-05-08,12.096,12.364,12.414,12.096
2018-05-09,12.384,12.484,12.682,12.324
2018-05-10,12.493,12.752,12.762,12.414
2018-05-11,12.782,12.344,12.782,12.334
2018-05-14,12.344,12.424,12.493,12.245
2018-05-15,12.434,12.752,12.782,12.384
2018-05-16,12.782,12.493,12.822,12.414
2018-05-17,12.454,12.732,12.782,12.384
2018-05-18,12.822,12.772,12.921,12.523
2018-05-21,12.931,13.041,13.319,12.782
2018-05-22,13.07,13.13,13.16,12.832
2018-05-23,12.96,12.99,13.2,12.96
2018-05-24,12.88,12.97,13.14,12.8
2018-05-25,12.99,13.22,13.48,12.99
