date,open,close,high,low
2017-06-22,15.38,15.38,15.38,15.38
2017-06-23,16.92,16.92,16.92,16.92
2017-06-26,18.61,18.61,18.61,18.61
2017-06-27,20.47,20.47,20.47,20.47
2017-06-28,22.52,22.52,22.52,22.52
2017-06-29,24.77,24.77,24.77,24.77
2017-06-30,27.25,27.25,27.25,25.6
2017-07-03,26.0,26.74,26.93,25.72
2017-07-04,26.43,29.41,29.41,26.41
2017-07-05,29.0,29.69,30.18,28.35
2017-07-06,28.96,28.86,29.53,28.34
2017-07-07,28.46,27.81,28.52,27.03
2017-07-10,27.69,25.12,27.69,25.03
2017-07-11,24.99,24.95,25.39,24.55
2017-07-12,24.7,25.44,25.55,24.6
2017-07-13,25.27,24.32,25.28,24.02
2017-07-14,24.6,23.57,24.6,23.5
2017-07-17,23.0,21.21,23.0,21.21
2017-07-18,20.88,21.44,21.5,20.38
2017-07-19,21.25,21.44,21.74,20.71
2017-07-20,21.3,21.07,21.78,20.97
2017-07-21,20.9,20.85,21.26,20.71
2017-07-24,20.55,20.91,21.13,20.17
2017-07-25,20.79,20.78,21.2,20.68
2017-07-26,20.77,20.4,20.95,20.21
2017-07-27,20.25,21.0,21.12,20.09
2017-07-28,21.06,21.16,21.84,20.89
2017-07-31,20.95,20.81,21.1,20.66
2017-08-01,20.81,20.94,20.97,20.55
2017-08-02,20.77,20.41,20.96,20.25
2017-08-03,20.24,20.43,20.7,20.24
2017-08-04,20.49,19.81,20.56,19.79
2017-08-07,19.9,20.01,20.29,19.85
2017-08-08,20.0,19.81,20.01,19.69
2017-08-09,19.8,19.73,19.95,19.69
2017-08-10,19.71,19.83,20.13,19.43
2017-08-11,19.68,19.05,19.68,19.03
2017-08-14,19.02,19.22,19.32,19.02
2017-08-15,19.31,19.53,19.65,19.22
2017-08-16,19.54,21.09,21.48,19.32
2017-08-17,20.86,20.88,21.26,20.63
2017-08-18,20.67,20.4,20.83,20.34
2017-08-21,20.33,21.97,22.26,20.31
2017-08-22,21.84,21.73,22.55,21.65
2017-08-23,21.61,21.93,22.19,21.03
2017-08-24,21.67,21.55,22.52,21.54
2017-08-25,21.4,22.42,22.74,21.3
2017-08-28,22.78,23.56,23.95,22.31
2017-08-29,23.3,23.37,24.68,23.0
2017-08-30,23.01,22.63,23.5,22.51
2017-08-31,22.63,24.05,24.24,22.63
2017-09-01,24.08,24.18,24.47,23.51
2017-09-04,23.9,23.48,24.18,23.37
2017-09-05,23.49,23.7,24.19,23.49
2017-09-06,23.21,23.05,23.42,22.52
2017-09-07,22.94,22.75,23.38,22.66
2017-09-08,22.82,22.91,23.2,22.65
2017-09-11,22.91,23.85,23.95,22.74
2017-09-12,23.62,23.01,23.91,22.92
2017-09-13,22.98,22.88,23.0,22.45
2017-09-14,22.91,22.72,22.99,22.62
2017-09-15,22.77,22.81,23.2,22.7
2017-09-18,22.55,22.48,22.77,22.23
2017-09-19,22.5,22.57,22.8,22.41
2017-09-20,22.51,23.28,23.3,22.51
2017-09-21,23.14,23.92,25.2,23.14
2017-09-22,23.85,25.4,25.82,23.4
2017-09-25,24.99,24.46,25.84,24.21
2017-09-26,24.43,23.3,24.79,22.82
2017-09-27,23.3,24.42,24.44,23.08
2017-09-28,24.28,23.82,24.39,23.7
2017-09-29,23.81,24.15,24.6,23.81
2017-10-09,24.61,24.26,24.77,24.19
2017-10-10,24.26,25.1,25.17,24.23
2017-10-11,25.24,24.01,25.24,23.89
2017-10-12,23.86,24.14,24.63,23.8
2017-10-13,24.15,24.72,24.78,23.93
2017-10-16,24.72,23.38,24.72,23.09
2017-10-17,23.36,23.72,23.93,23.24
2017-10-18,23.69,23.06,24.08,22.81
2017-10-19,22.87,22.68,23.13,22.5
2017-10-20,22.65,23.01,23.13,22.65
2017-10-23,22.99,23.49,23.73,22.95
2017-10-24,23.29,22.99,23.35,22.62
2017-10-25,22.95,23.93,23.95,22.83
2017-10-26,23.7,23.97,24.16,23.69
2017-10-27,24.22,24.12,24.5,23.73
2017-10-30,23.83,23.16,23.98,22.82
2017-10-31,23.16,24.24,24.28,23.01
2017-11-01,24.18,24.3,24.65,24.05
2017-11-02,24.26,24.96,25.24,23.85
2017-11-03,24.69,24.6,24.86,24.21
2017-11-06,24.59,25.34,25.37,24.59
2017-11-07,25.12,25.04,25.37,24.46
2017-11-08,25.0,24.7,25.24,24.65
2017-11-09,24.5,24.42,24.55,24.02
2017-11-10,24.29,25.85,26.51,24.22
2017-11-13,25.59,25.68,25.79,25.32
2017-11-14,25.67,25.27,26.18,25.03
2017-11-15,25.12,24.77,25.27,24.36
2017-11-16,24.61,23.72,24.96,23.69
2017-11-17,23.75,21.38,23.88,21.36
2017-11-20,21.32,21.63,21.76,20.7
2017-11-21,21.6,21.37,21.81,20.89
2017-11-22,21.5,21.44,21.74,21.15
2017-11-23,21.45,20.26,21.46,20.19
2017-11-24,20.18,20.36,20.59,20.15
2017-11-27,20.26,19.78,20.5,19.75
2017-11-28,19.68,20.37,20.48,19.68
2017-11-29,20.25,20.19,20.38,19.52
2017-11-30,20.04,20.24,20.57,20.0
2017-12-01,20.38,20.5,20.59,20.2
2017-12-04,20.48,19.23,20.48,19.19
2017-12-05,19.16,18.49,19.44,18.31
2017-12-06,18.48,18.99,19.0,18.39
2017-12-07,19.16,19.1,19.35,18.91
2017-12-08,19.0,19.7,19.95,18.91
2017-12-11,19.72,19.84,20.0,19.61
2017-12-12,19.88,19.37,19.97,19.31
2017-12-13,19.48,19.66,19.78,19.32
2017-12-14,19.66,19.82,19.94,19.59
2017-12-15,19.81,19.77,19.87,19.41
2017-12-18,19.79,19.62,19.82,19.52
2017-12-19,19.7,20.0,20.08,19.62
2017-12-20,20.07,19.95,20.5,19.9
2017-12-21,19.83,19.96,20.13,19.33
2017-12-22,19.84,19.82,20.09,19.77
2017-12-25,19.71,19.34,19.95,19.16
2017-12-26,19.49,20.21,20.3,19.31
2017-12-27,20.2,20.14,20.37,20.04
2017-12-28,20.1,20.27,20.64,20.01
2017-12-29,20.15,20.47,20.5,20.15
2018-01-02,20.47,20.54,20.58,20.31
2018-01-03,20.53,20.39,20.55,20.22
2018-01-04,20.32,20.08,20.45,19.9
2018-01-05,20.07,20.27,20.34,20.0
2018-01-08,20.29,20.25,20.46,20.02
2018-01-09,20.25,20.57,20.61,20.06
2018-01-10,20.56,20.07,20.57,19.8
2018-01-11,20.0,20.32,20.46,19.93
2018-01-12,20.1,20.1,20.4,19.9
2018-01-15,20.1,19.08,20.1,19.02
2018-01-16,19.11,19.48,19.59,19.01
2018-01-17,19.46,20.29,20.39,19.33
2018-01-18,20.15,20.06,20.48,20.02
2018-01-19,20.06,19.77,20.38,19.2
2018-01-22,19.68,19.56,19.86,19.07
2018-01-23,19.49,19.59,19.75,19.3
2018-01-24,19.58,19.84,19.9,19.37
2018-01-25,19.77,19.99,20.07,19.77
2018-01-26,19.99,20.13,20.19,19.76
2018-01-29,20.16,20.31,20.58,19.85
2018-01-30,20.3,19.71,20.3,19.61
2018-01-31,19.62,18.95,19.62,18.81
2018-02-01,19.02,17.97,19.14,17.6
2018-02-02,17.96,17.85,18.15,17.54
2018-02-05,17.5,17.46,17.7,17.35
2018-02-06,17.4,16.1,17.4,15.81
2018-02-07,16.46,16.3,16.69,15.8
2018-02-08,16.25,16.52,16.64,16.17
2018-02-09,16.06,15.91,16.3,15.69
2018-02-12,16.0,16.48,16.65,16.0
2018-02-13,16.61,16.26,16.67,16.25
2018-02-14,16.4,16.36,16.44,16.22
2018-02-22,16.55,16.56,16.66,16.43
2018-02-23,16.54,16.57,16.64,16.42
2018-02-26,16.76,17.18,17.27,16.76
2018-02-27,17.19,17.22,17.36,17.02
2018-02-28,17.22,17.06,17.22,16.92
2018-03-01,16.85,17.39,17.43,16.85
2018-03-02,17.18,17.25,17.61,17.15
2018-03-05,17.33,17.61,17.64,17.17
2018-03-06,17.59,17.79,18.13,17.51
2018-03-07,17.87,17.7,17.88,17.5
2018-03-08,17.62,18.08,18.46,17.5
2018-03-09,18.0,18.57,18.6,17.9
2018-03-12,18.8,18.61,19.1,18.5
2018-03-13,18.5,18.27,18.66,18.26
2018-03-14,18.25,18.21,18.47,18.07
2018-03-15,18.26,17.46,18.27,17.17
2018-03-16,17.47,17.48,17.72,17.37
2018-03-19,18.03,19.23,19.23,18.01
2018-03-20,21.15,21.15,21.15,20.89
2018-03-21,23.27,22.27,23.27,22.0
2018-03-22,23.1,23.87,24.5,22.58
2018-03-23,21.48,21.48,22.16,21.48
2018-03-26,20.2,20.87,21.15,19.33
2018-03-27,21.0,21.35,21.5,20.61
2018-03-28,20.67,21.94,22.58,20.53
2018-03-29,21.52,21.03,21.9,20.66
2018-03-30,21.16,21.18,21.25,20.88
2018-04-02,21.44,21.49,21.91,20.62
2018-04-03,20.95,20.99,21.26,20.79
2018-04-04,21.01,20.49,21.57,20.44
2018-04-09,20.38,20.58,20.85,19.7
2018-04-10,20.69,21.62,22.6,20.51
2018-04-11,21.81,22.34,22.58,21.42
2018-04-12,22.01,21.89,22.19,21.38
2018-04-13,21.57,21.02,21.67,20.98
2018-04-16,20.68,20.65,20.84,20.13
2018-04-17,20.65,19.86,21.05,19.84
2018-04-18,20.27,20.46,20.62,19.3
2018-04-19,20.58,21.09,21.28,20.22
2018-04-20,20.79,20.04,20.9,20.0
2018-04-23,19.88,19.7,20.33,19.34
2018-04-24,19.8,20.58,20.93,19.8
2018-04-25,20.25,21.27,21.3,20.21
2018-04-26,21.25,20.37,21.32,20.35
2018-04-27,20.52,21.18,21.74,20.52
2018-05-02,21.07,20.58,21.13,20.16
2018-05-03,20.5,20.97,20.98,19.56
2018-05-04,20.79,21.5,21.7,20.7
2018-05-07,21.84,21.64,22.0,21.3
2018-05-08,21.42,22.18,22.24,21.34
2018-05-09,22.0,21.96,22.2,21.69
2018-05-10,22.01,21.62,22.08,21.33
2018-05-11,21.66,21.07,21.67,21.05
2018-05-14,21.06,20.64,21.24,20.53
2018-05-15,20.61,21.07,21.09,20.61
2018-05-16,21.15,20.88,21.36,20.82
2018-05-17,20.8,20.99,21.15,20.72
2018-05-18,21.0,20.63,21.0,20.29
2018-05-21,20.83,21.5,21.6,20.7
2018-05-22,21.45,21.9,22.05,21.25
2018-05-23,21.73,21.84,22.17,21.56
2018-05-24,21.99,21.54,22.07,21.45
2018-05-25,21.5,22.2,22.8,21.5
