date,open,close,high,low
2017-10-18,23.36,28.04,28.04,23.36
2017-10-19,30.84,30.84,30.84,30.84
2017-10-20,33.92,33.92,33.92,33.92
2017-10-23,37.31,37.31,37.31,37.31
2017-10-24,41.04,41.04,41.04,41.04
2017-10-25,45.14,45.14,45.14,45.14
2017-10-26,49.65,49.65,49.65,49.65
2017-10-27,54.62,54.62,54.62,54.62
2017-10-30,57.61,56.86,59.97,56.81
2017-10-31,53.8,53.44,55.88,51.61
2017-11-01,52.56,54.08,55.58,52.0
2017-11-02,53.3,50.18,53.3,50.03
2017-11-03,49.9,49.68,51.27,49.51
2017-11-06,50.45,51.12,52.2,50.4
2017-11-07,50.58,50.38,50.89,49.0
2017-11-08,50.3,52.9,54.9,49.83
2017-11-09,52.1,53.4,53.5,51.42
2017-11-10,53.02,58.74,58.74,52.9
2017-11-13,63.0,61.33,64.61,59.79
2017-11-14,63.0,65.04,66.85,61.4
2017-11-15,63.0,58.54,63.0,58.54
2017-11-16,57.14,54.4,58.19,54.02
2017-11-17,53.05,50.51,54.7,50.0
2017-11-20,50.62,53.29,53.39,48.53
2017-11-21,52.89,49.09,53.14,47.96
2017-11-22,48.55,47.71,49.36,46.45
2017-11-23,47.84,47.09,49.32,46.98
2017-11-24,46.01,44.09,46.88,43.3
2017-11-27,44.04,42.57,44.44,42.32
2017-11-28,42.83,43.84,44.3,42.6
2017-11-29,43.9,43.11,43.9,41.45
2017-11-30,43.18,43.99,45.1,42.83
2017-12-01,43.0,43.57,43.96,42.63
2017-12-04,43.18,39.22,43.19,39.21
2017-12-05,38.9,38.24,39.83,37.63
2017-12-06,38.15,39.43,39.66,38.12
2017-12-07,39.25,38.91,39.74,38.74
2017-12-08,38.89,39.98,40.6,38.81
2017-12-11,39.8,40.47,40.88,39.7
2017-12-12,40.1,38.21,40.25,38.18
2017-12-13,38.14,38.96,39.0,38.09
2017-12-14,38.89,38.72,39.2,38.02
2017-12-15,38.39,39.21,39.83,37.5
2017-12-18,39.6,38.74,39.7,38.05
2017-12-19,38.88,39.09,39.13,38.52
2017-12-20,38.9,37.86,38.94,37.83
2017-12-21,37.62,37.9,38.26,36.4
2017-12-22,37.92,41.69,41.69,37.73
2017-12-25,40.9,41.77,42.29,40.65
2017-12-26,41.36,43.66,43.95,41.03
2017-12-27,43.05,41.88,43.65,41.8
2017-12-28,41.48,41.94,42.9,41.16
2017-12-29,42.0,41.17,42.01,40.85
2018-01-02,41.92,42.02,42.28,41.26
2018-01-03,41.78,41.67,42.08,40.75
2018-01-04,41.65,42.61,43.2,41.1
2018-01-05,42.21,41.58,42.39,41.32
2018-01-08,41.62,41.86,41.9,40.63
2018-01-09,41.45,42.73,42.82,41.3
2018-01-10,42.39,43.17,43.79,41.83
2018-01-11,42.5,44.79,45.09,41.87
2018-01-12,44.5,43.62,46.65,43.46
2018-01-15,44.0,41.82,44.0,41.68
2018-01-16,41.05,42.81,43.42,41.05
2018-01-17,42.81,45.15,45.22,42.5
2018-01-18,44.57,44.39,44.9,43.71
2018-01-19,44.05,43.74,46.48,43.7
2018-01-22,42.59,40.25,42.7,39.98
2018-01-23,40.1,40.51,41.26,39.71
2018-01-24,40.5,40.95,41.27,40.17
2018-01-25,40.8,40.26,41.36,40.22
2018-01-26,39.7,38.83,40.43,38.69
2018-01-29,38.7,39.21,39.29,38.33
2018-01-30,39.2,38.83,39.3,38.7
2018-01-31,38.82,36.15,38.82,34.96
2018-02-01,36.15,34.66,36.48,34.11
2018-02-02,34.6,34.68,35.34,33.66
2018-02-05,33.98,32.84,34.47,32.81
2018-02-06,32.0,29.56,32.22,29.56
2018-02-07,30.38,30.46,30.88,29.31
2018-02-08,30.45,31.05,31.48,30.09
2018-02-09,30.31,30.09,30.98,29.88
2018-02-12,30.45,31.87,32.07,30.45
2018-02-13,32.16,31.27,32.22,31.15
2018-02-14,31.24,30.91,31.41,30.51
2018-02-22,31.2,31.39,31.73,30.71
2018-02-23,31.38,31.79,31.85,31.09
2018-02-26,32.36,32.91,33.16,32.36
2018-02-27,32.72,33.24,33.47,32.52
2018-02-28,33.06,32.56,33.06,32.3
2018-03-01,32.2,33.22,33.33,32.0
2018-03-02,32.81,33.37,34.2,32.81
2018-03-05,33.0,33.88,34.03,33.0
2018-03-06,33.88,34.17,34.81,33.61
2018-03-07,33.89,34.12,34.48,33.89
2018-03-08,34.05,35.54,35.89,34.05
2018-03-09,36.0,36.97,37.09,35.51
2018-03-12,37.38,38.83,40.67,37.38
2018-03-13,38.9,38.08,39.2,38.01
2018-03-14,37.81,37.89,39.15,37.8
2018-03-15,37.5,36.38,37.5,34.84
2018-03-16,36.55,38.54,38.81,36.53
2018-03-19,38.3,39.14,39.66,37.5
2018-03-20,35.3,37.22,37.6,35.3
2018-03-21,36.7,35.83,37.22,35.61
2018-03-22,35.82,36.09,36.5,35.71
2018-03-23,34.7,32.48,34.7,32.48
2018-03-26,31.32,33.0,33.1,30.65
2018-03-27,33.4,34.1,34.54,33.26
2018-03-28,33.62,33.91,34.65,33.33
2018-03-29,34.53,35.37,35.77,34.53
2018-03-30,35.18,36.72,37.0,35.02
2018-04-02,36.87,36.63,37.22,35.91
2018-04-03,36.0,38.33,38.38,35.6
2018-04-04,42.14,42.16,42.16,42.14
2018-04-09,45.18,42.03,45.18,39.39
2018-04-10,40.5,39.76,41.48,37.88
2018-04-11,39.5,39.65,40.17,39.04
2018-04-12,39.42,38.85,40.67,38.8
2018-04-13,38.95,38.24,39.55,38.16
2018-04-16,37.88,38.49,38.98,37.88
2018-04-17,38.52,36.32,39.23,36.05
2018-04-18,36.7,37.15,37.19,34.1
2018-04-19,37.18,38.67,39.6,36.3
2018-04-20,38.0,36.84,38.72,36.58
2018-04-23,37.0,39.09,40.41,37.0
2018-04-24,39.0,40.6,40.69,38.63
2018-04-25,39.99,39.96,42.0,39.63
2018-04-26,40.0,39.12,41.0,38.82
2018-04-27,39.35,37.28,39.4,36.02
2018-05-02,36.98,37.07,37.49,36.58
2018-05-03,37.29,37.78,37.93,36.05
2018-05-04,37.4,36.85,37.92,36.75
2018-05-07,37.25,38.78,38.98,36.85
2018-05-08,38.35,39.43,39.49,38.2
2018-05-09,39.5,39.76,40.35,38.9
2018-05-10,39.35,40.32,40.39,39.01
2018-05-11,39.99,38.54,40.38,38.51
2018-05-14,38.52,38.23,39.44,38.03
2018-05-15,38.16,39.77,39.86,38.16
2018-05-16,39.88,38.98,39.88,38.73
2018-05-17,39.14,40.3,40.32,39.04
2018-05-18,40.2,40.97,40.99,39.6
2018-05-21,40.89,40.75,41.5,40.38
2018-05-22,40.76,41.42,41.55,40.62
2018-05-23,41.0,40.26,41.57,40.02
2018-05-24,40.25,40.25,40.53,40.01
2018-05-25,40.2,40.94,41.35,40.05
