date,open,close,high,low
2016-01-04,23.56,22.943,24.751,22.2
2016-01-05,22.345,24.9,25.234,21.921
2016-01-06,24.656,27.391,27.391,24.497
2016-01-07,26.474,24.651,27.256,24.651
2016-01-08,25.657,26.3,26.873,22.265
2016-01-11,25.702,23.67,26.3,23.67
2016-01-12,23.5,23.157,24.656,21.304
2016-01-13,23.311,22.499,23.904,22.166
2016-01-14,21.174,22.768,23.351,20.925
2016-01-15,23.276,21.05,23.276,20.492
2016-01-18,20.821,21.264,22.215,20.173
2016-01-19,21.807,22.21,22.345,21.274
2016-01-20,22.265,23.66,23.71,21.917
2016-01-21,23.212,21.299,24.307,21.294
2016-01-22,22.116,21.921,22.604,19.371
2016-01-25,21.717,21.936,22.315,21.194
2016-01-26,21.548,20.143,21.902,19.824
2016-01-27,20.283,18.131,20.283,18.131
2016-01-28,17.832,16.318,17.832,16.318
2016-01-29,15.919,16.188,17.135,14.684
2016-02-01,15.939,14.918,16.278,14.893
2016-02-02,14.843,15.411,15.88,14.843
2016-02-03,15.292,15.81,16.014,14.784
2016-02-04,15.885,16.263,16.587,15.885
2016-02-05,16.432,15.436,16.532,15.391
2016-02-15,15.093,16.039,16.168,14.694
2016-02-16,16.089,17.454,17.628,16.079
2016-02-17,17.185,17.319,17.747,16.686
2016-02-18,17.409,17.03,17.583,17.0
2016-02-19,17.015,17.005,17.165,16.736
2016-02-22,17.274,17.269,17.429,16.896
2016-02-23,17.359,16.896,17.414,16.587
2016-02-24,16.896,17.185,17.424,16.587
2016-02-25,17.204,15.466,17.254,15.466
2016-02-26,15.441,14.958,15.815,14.375
2016-02-29,14.958,13.464,14.958,13.464
2016-03-01,13.499,13.748,13.812,12.951
2016-03-02,13.748,14.619,15.043,13.598
2016-03-03,14.749,14.883,15.536,14.619
2016-03-04,14.644,13.812,14.794,13.653
2016-03-07,13.748,14.231,14.445,13.748
2016-03-08,14.42,14.236,14.44,13.454
2016-03-09,13.847,13.952,14.136,13.598
2016-03-10,13.967,13.633,14.091,13.553
2016-03-11,13.499,13.568,13.867,13.399
2016-03-14,13.618,14.056,14.281,13.618
2016-03-15,13.952,14.141,14.545,13.947
2016-03-16,14.166,13.857,14.43,13.797
2016-03-17,13.947,14.301,14.325,13.728
2016-03-18,14.385,15.162,15.192,14.385
2016-03-21,15.366,15.68,15.924,15.342
2016-03-22,15.511,15.297,15.511,15.142
2016-03-23,15.292,15.625,15.785,15.147
2016-03-24,15.616,16.004,16.432,15.202
2016-03-25,15.939,15.65,16.099,15.391
2016-03-28,15.865,15.257,15.88,15.192
2016-03-29,15.242,14.799,15.242,14.694
2016-03-30,14.943,15.606,15.625,14.804
2016-03-31,15.68,15.401,16.283,15.391
2016-04-01,15.302,15.152,15.357,14.888
2016-04-05,15.197,15.815,15.924,15.192
2016-04-06,15.835,16.811,17.135,15.785
2016-04-07,17.06,17.543,18.42,17.06
2016-04-08,17.234,19.297,19.297,17.135
2016-04-11,19.725,19.441,20.178,18.729
2016-04-12,19.496,18.589,19.516,18.37
2016-04-13,18.38,18.549,19.411,18.38
2016-04-14,18.44,18.903,19.227,18.43
2016-04-15,18.744,18.445,18.903,18.33
2016-04-18,18.37,17.683,18.38,17.463
2016-04-19,17.932,17.996,18.101,17.782
2016-04-20,18.031,16.467,18.171,16.228
2016-04-21,16.467,15.805,16.662,15.65
2016-04-22,15.531,16.094,16.163,15.451
2016-04-25,16.089,15.591,16.089,15.242
2016-04-26,15.69,17.15,17.15,15.531
2016-04-27,17.15,17.075,17.633,16.701
2016-04-28,17.135,17.309,17.673,16.726
2016-04-29,17.309,16.746,17.523,16.686
2016-05-03,16.756,17.05,17.125,16.188
2016-05-04,17.07,16.866,17.07,16.691
2016-05-05,16.706,16.801,16.836,16.437
2016-05-06,16.801,17.04,17.523,16.801
2016-05-09,17.04,15.616,17.04,15.496
2016-05-10,15.486,15.541,15.835,15.242
2016-05-11,15.74,15.272,15.815,15.187
2016-05-12,14.993,15.018,15.242,14.5
2016-05-13,15.142,15.068,15.431,14.858
2016-05-16,15.167,15.207,15.232,14.744
2016-05-17,14.893,14.928,15.132,14.719
2016-05-18,14.794,13.763,14.883,13.588
2016-05-19,13.817,13.797,14.166,13.733
2016-05-20,13.499,13.937,13.947,13.499
2016-05-23,13.997,14.395,14.689,13.997
2016-05-24,14.325,13.957,14.34,13.922
2016-05-25,13.847,13.792,14.136,13.623
2016-05-26,13.817,13.723,13.967,13.399
2016-05-27,13.723,13.847,14.171,13.598
2016-05-30,13.723,13.887,14.186,13.414
2016-05-31,13.847,14.51,14.545,13.847
2016-06-01,14.55,14.425,14.689,14.34
2016-06-02,14.385,15.347,15.541,14.296
2016-06-03,15.601,15.556,16.069,15.396
2016-06-06,15.68,15.272,15.934,15.117
2016-06-07,15.297,16.168,16.263,15.167
2016-06-08,16.188,15.63,16.218,15.566
2016-06-13,15.55,14.622,16.158,14.363
2016-06-14,13.964,13.864,14.243,13.465
2016-06-15,13.535,14.363,14.632,13.515
2016-06-16,14.522,13.984,14.532,13.864
2016-06-17,13.984,14.004,14.313,13.764
2016-06-20,13.964,14.422,14.762,13.575
2016-06-21,14.223,14.014,14.422,13.864
2016-06-22,14.014,14.043,14.093,13.814
2016-06-23,14.043,13.894,14.273,13.784
2016-06-24,13.864,13.794,14.004,13.425
2016-06-27,13.794,14.143,14.193,13.794
2016-06-28,14.063,14.313,14.562,13.894
2016-06-29,14.452,14.592,14.941,14.253
2016-06-30,14.412,14.283,14.592,14.213
2016-07-01,14.383,14.103,14.383,13.994
2016-07-04,13.964,14.293,14.432,13.844
2016-07-05,14.363,14.223,14.363,13.964
2016-07-06,14.223,14.353,14.383,14.023
2016-07-07,14.353,14.163,14.452,14.023
2016-07-08,14.123,14.014,14.163,13.964
2016-07-11,13.814,13.764,13.944,13.714
2016-07-12,13.864,14.103,14.293,13.545
2016-07-13,14.153,14.373,14.452,13.934
2016-07-14,14.213,14.143,14.293,14.033
2016-07-15,14.233,14.143,14.343,14.103
2016-07-18,14.123,13.814,14.123,13.764
2016-07-19,13.864,13.854,13.874,13.644
2016-07-20,13.964,13.834,13.964,13.764
2016-07-21,13.914,13.874,13.954,13.804
2016-07-22,13.924,13.774,13.924,13.704
2016-07-25,13.774,13.684,13.774,13.585
2016-07-26,13.714,13.754,13.764,13.654
2016-07-27,13.754,12.777,13.754,12.677
2016-07-28,12.647,12.408,12.737,12.268
2016-07-29,12.468,12.448,12.607,12.388
2016-08-01,12.418,11.909,12.418,11.769
2016-08-02,11.889,11.999,12.019,11.879
2016-08-03,11.949,11.879,11.989,11.869
2016-08-04,11.889,12.079,12.148,11.72
2016-08-05,11.969,11.829,12.019,11.819
2016-08-08,11.849,12.069,12.118,11.7
2016-08-09,12.059,12.278,12.308,11.989
2016-08-10,12.258,12.138,12.288,12.118
2016-08-11,12.188,12.128,12.378,12.108
2016-08-12,12.079,12.228,12.238,11.979
2016-08-15,12.178,12.577,12.727,12.148
2016-08-16,12.617,12.737,12.966,12.478
2016-08-17,12.697,12.597,12.727,12.577
2016-08-18,12.567,12.487,12.677,12.428
2016-08-19,12.487,12.338,12.517,12.248
2016-08-22,12.318,12.158,12.448,12.148
2016-08-23,12.178,12.238,12.248,12.118
2016-08-24,12.258,12.208,12.318,12.168
2016-08-25,12.059,11.949,12.059,11.779
2016-08-26,11.949,13.146,13.146,11.939
2016-08-29,13.166,12.817,13.405,12.757
2016-08-30,13.026,12.747,13.026,12.547
2016-08-31,12.757,12.757,13.046,12.627
2016-09-01,12.807,12.368,12.837,12.338
2016-09-02,12.128,12.278,12.438,12.128
2016-09-05,12.268,12.278,12.418,12.208
2016-09-06,12.308,12.996,13.016,12.178
2016-09-07,12.966,12.717,12.966,12.667
2016-09-08,12.727,12.876,13.066,12.677
2016-09-09,12.996,12.667,13.006,12.647
2016-09-12,12.368,12.308,12.617,12.268
2016-09-13,12.358,12.438,12.607,12.358
2016-09-14,12.398,12.338,12.517,12.268
2016-09-19,12.368,12.607,12.637,12.368
2016-09-20,12.647,12.607,12.717,12.478
2016-09-21,12.617,12.697,12.857,12.547
2016-09-22,12.737,12.637,12.837,12.607
2016-09-23,12.637,12.438,12.777,12.428
2016-09-26,12.318,12.198,12.487,12.178
2016-09-27,12.168,12.278,12.288,12.029
2016-09-28,12.268,12.348,12.567,12.208
2016-09-29,12.358,12.777,12.946,12.358
2016-09-30,12.797,12.797,12.837,12.677
2016-10-10,12.777,13.096,13.355,12.717
2016-10-11,13.026,13.265,13.345,12.976
2016-10-12,13.166,13.216,13.325,13.076
2016-10-13,13.265,13.255,13.335,13.106
2016-10-14,13.206,13.056,13.355,12.986
2016-10-17,13.076,12.966,13.315,12.867
2016-10-18,12.916,13.146,13.156,12.916
2016-10-19,13.156,13.136,13.236,12.996
2016-11-02,13.684,13.226,13.964,13.016
2016-11-03,12.867,12.936,13.066,12.727
2016-11-04,12.777,12.837,13.026,12.697
2016-11-07,12.827,12.976,13.066,12.667
2016-11-08,12.966,12.916,13.016,12.847
2016-11-09,12.916,12.657,12.926,12.547
2016-11-10,12.777,12.847,12.956,12.687
2016-11-11,12.847,13.166,13.465,12.727
2016-11-14,13.106,13.066,13.166,12.986
2016-11-15,13.036,13.216,13.226,13.026
2016-11-16,13.246,14.542,14.542,13.206
2016-11-17,14.562,15.998,15.998,14.363
2016-11-18,15.819,15.47,16.248,15.35
2016-11-21,15.47,17.016,17.016,15.27
2016-11-22,16.707,16.806,17.854,15.968
2016-11-23,16.447,15.839,16.726,15.48
2016-11-24,15.749,15.24,15.819,15.001
2016-11-25,14.961,15.091,15.2,14.572
2016-11-28,15.021,14.263,15.21,14.183
2016-11-29,14.243,14.103,14.462,13.964
2016-11-30,14.103,14.183,14.323,14.063
2016-12-01,14.153,14.323,14.363,14.073
2016-12-02,14.293,14.133,14.582,13.984
2016-12-05,13.764,13.704,14.143,13.615
2016-12-06,13.774,13.954,14.043,13.694
2016-12-07,13.944,14.163,14.243,13.674
2016-12-08,14.093,14.442,14.552,14.004
2016-12-09,14.263,14.213,14.522,14.163
2016-12-12,14.163,12.797,14.253,12.797
2016-12-13,12.527,13.006,13.116,12.418
2016-12-14,13.006,13.176,13.385,12.986
2016-12-15,13.156,13.405,13.814,13.116
2016-12-16,13.325,13.575,13.724,13.325
2016-12-19,14.063,14.752,14.881,14.063
2016-12-20,14.502,14.722,14.752,14.343
2016-12-21,14.712,15.829,16.148,14.712
2016-12-22,15.859,16.427,16.776,15.859
2016-12-23,16.407,16.088,16.617,15.46
2016-12-26,16.108,16.158,16.627,15.859
2016-12-27,15.998,16.078,16.208,15.47
2016-12-28,16.018,16.118,16.437,15.869
2016-12-29,15.859,15.629,16.048,15.55
2016-12-30,16.108,16.577,16.627,16.068
2017-01-03,16.347,16.327,16.437,16.058
2017-01-04,16.327,16.487,16.537,16.268
2017-01-05,16.278,16.647,16.707,16.278
2017-01-06,16.627,16.936,17.185,16.407
2017-01-09,17.056,17.056,17.355,16.756
2017-01-10,17.056,18.282,18.761,17.056
2017-01-11,18.003,18.292,18.542,17.774
2017-01-12,18.302,18.671,19.609,18.252
2017-01-13,18.602,17.963,18.602,17.455
2017-01-16,18.003,18.462,18.532,16.507
2017-01-17,18.252,18.482,18.661,16.816
2017-01-18,18.452,19.15,19.25,18.452
2017-01-19,18.851,18.622,18.941,18.342
2017-01-20,18.442,18.821,19.15,18.322
2017-01-23,19.05,19.769,19.888,19.05
2017-01-24,19.639,19.399,19.769,19.07
2017-01-25,19.399,18.951,19.399,18.871
2017-01-26,19.06,19.2,19.449,18.651
2017-02-03,19.17,19.13,19.25,18.951
2017-02-06,19.13,19.17,19.25,18.631
2017-02-07,19.19,19.848,20.028,19.1
2017-02-08,19.808,20.846,20.945,19.808
2017-02-09,20.945,21.813,21.903,20.596
2017-02-10,21.773,21.863,22.102,21.604
2017-02-13,21.973,22.631,22.741,21.953
2017-02-14,22.741,23.21,23.439,22.342
2017-02-15,23.21,22.831,23.599,22.741
2017-02-16,23.07,24.257,24.337,23.04
2017-02-17,24.386,23.908,24.646,23.848
2017-02-20,23.938,23.848,24.337,23.379
2017-02-21,23.658,23.838,24.237,23.658
2017-02-22,23.838,23.828,23.938,23.2
2017-02-23,23.838,23.299,23.868,22.212
2017-02-24,23.339,23.12,23.579,22.761
2017-02-27,23.12,22.631,23.12,22.272
2017-02-28,22.741,20.367,22.92,20.367
2017-03-01,18.332,18.332,18.332,18.332
2017-03-02,16.497,17.953,19.449,16.497
2017-03-03,16.457,16.248,17.095,16.158
2017-03-06,15.759,16.038,16.228,15.54
2017-03-07,15.859,15.968,16.228,15.819
2017-03-08,15.968,16.018,16.148,15.769
2017-03-09,15.998,15.639,15.998,15.589
2017-03-10,15.619,15.669,15.809,15.569
2017-03-13,15.679,15.45,15.689,15.21
2017-03-14,15.4,15.849,15.909,15.21
2017-03-15,15.659,15.609,15.829,15.579
2017-03-16,15.649,15.899,16.048,15.559
2017-03-17,15.809,16.098,16.437,15.769
2017-03-20,16.008,16.038,16.258,15.789
2017-03-21,16.058,16.816,17.086,15.879
2017-03-22,16.667,16.726,16.946,16.427
2017-03-23,16.557,16.308,16.946,15.978
2017-03-24,16.278,16.098,16.457,15.968
2017-03-27,15.978,15.849,16.158,15.579
2017-03-28,15.849,15.948,16.038,15.599
2017-03-29,15.859,15.919,16.308,15.809
2017-03-30,15.759,14.782,15.779,14.762
2017-03-31,14.782,14.333,15.041,14.163
2017-04-05,14.333,14.702,14.951,14.333
2017-04-06,14.762,14.871,15.051,14.572
2017-04-07,14.791,14.652,14.941,14.612
2017-04-10,14.552,14.103,14.652,13.964
2017-04-11,14.063,14.233,14.243,13.764
2017-04-12,14.163,13.874,14.203,13.814
2017-04-13,13.814,13.924,14.043,13.804
2017-04-14,13.924,13.375,13.934,13.365
2017-04-17,13.325,12.797,13.325,12.707
2017-04-18,12.717,12.567,12.896,12.497
2017-04-19,12.527,12.986,13.066,12.089
2017-04-20,12.867,12.827,13.146,12.687
2017-04-21,12.797,12.857,13.036,12.767
2017-04-24,12.797,12.348,12.817,12.248
2017-04-25,12.288,12.378,12.507,12.218
2017-04-26,12.378,12.368,12.458,12.258
2017-04-27,12.378,12.627,12.747,11.979
2017-04-28,12.617,13.016,13.146,12.487
2017-05-02,13.016,12.956,13.216,12.807
2017-05-03,12.916,12.996,13.026,12.767
2017-05-04,12.916,12.747,13.016,12.687
2017-05-05,12.797,12.378,12.797,12.368
2017-05-08,12.298,12.108,12.368,12.089
2017-05-09,12.059,12.308,12.318,12.009
2017-05-10,12.308,12.079,12.517,12.069
2017-05-11,11.969,11.72,12.009,11.081
2017-05-12,11.67,11.739,11.779,11.48
2017-05-15,11.749,11.52,11.809,11.37
2017-05-16,11.47,11.67,11.71,11.251
2017-05-17,11.68,11.789,12.039,11.62
2017-05-18,11.64,11.879,11.939,11.57
2017-05-19,11.869,11.729,11.929,11.62
2017-05-22,11.69,11.261,11.69,11.151
2017-05-23,11.38,11.091,11.65,10.822
2017-05-24,10.961,11.111,11.121,10.712
2017-05-25,11.031,11.081,11.221,10.832
2017-05-26,11.081,10.991,11.171,10.981
2017-05-31,11.141,10.961,11.211,10.961
2017-06-01,10.912,10.383,10.912,10.313
2017-06-02,10.333,10.513,10.592,10.243
2017-06-05,10.513,10.553,10.672,10.513
2017-06-06,10.553,10.622,10.632,10.483
2017-06-07,10.622,11.251,11.57,10.582
2017-06-08,11.161,11.271,11.38,11.101
2017-06-09,11.251,11.271,11.39,11.111
2017-06-12,11.251,10.922,11.271,10.912
2017-06-13,10.842,11.101,11.191,10.842
2017-06-14,11.101,11.49,11.65,11.021
2017-06-15,11.42,11.869,12.248,11.39
2017-06-16,11.879,11.68,11.929,11.63
2017-06-19,11.67,11.69,11.809,11.62
2017-06-20,11.71,11.58,11.919,11.56
2017-06-21,11.67,11.58,11.68,11.4
2017-06-22,11.52,11.281,11.65,11.251
2017-06-23,11.281,11.331,11.43,11.031
2017-06-26,11.291,11.39,11.43,11.241
2017-06-27,11.53,11.64,11.949,11.44
2017-06-28,11.5,11.41,11.52,11.35
2017-06-29,11.34,11.4,11.55,11.34
2017-06-30,11.37,11.321,11.37,11.111
2017-07-03,11.331,11.39,11.4,11.241
2017-07-04,11.42,11.311,11.42,11.271
2017-07-05,11.321,11.39,11.41,11.221
2017-07-06,11.45,11.61,11.69,11.42
2017-07-07,11.61,11.789,11.899,11.47
2017-07-10,11.759,11.6,11.759,11.55
2017-07-11,11.52,11.321,11.63,11.311
2017-07-12,11.281,11.151,11.37,10.862
2017-07-13,11.131,11.54,11.819,11.041
2017-07-14,11.49,11.31,11.49,11.26
2017-07-17,11.22,10.31,11.22,10.2
2017-07-18,10.3,10.49,10.56,10.2
2017-07-19,10.47,10.67,10.78,10.34
2017-07-20,10.67,10.78,10.99,10.57
2017-07-21,10.75,10.56,10.75,10.53
2017-07-24,10.56,10.7,10.77,10.46
2017-07-25,10.7,10.56,10.71,10.52
2017-07-26,10.5,10.55,10.61,10.31
2017-07-27,10.5,10.73,10.77,10.4
2017-07-28,10.7,10.73,10.86,10.67
2017-07-31,10.65,10.89,10.94,10.65
2017-08-01,10.95,10.95,11.23,10.81
2017-08-02,10.91,12.05,12.05,10.9
2017-08-03,12.29,12.22,12.78,12.13
2017-08-04,12.05,12.19,12.58,11.86
2017-08-07,12.01,12.09,12.34,11.93
2017-08-08,12.15,11.86,12.26,11.73
2017-08-09,11.75,11.88,11.91,11.6
2017-08-10,11.93,11.56,11.98,11.45
2017-08-11,11.39,11.32,11.5,11.28
2017-08-14,11.37,11.66,11.8,11.34
2017-08-15,11.6,11.68,11.85,11.46
2017-08-16,11.61,11.68,11.76,11.52
2017-08-17,11.73,11.92,11.96,11.55
2017-08-18,11.78,11.67,11.93,11.66
2017-08-21,11.66,11.9,11.98,11.62
2017-08-22,11.89,11.74,12.16,11.71
2017-08-23,11.67,11.41,11.77,11.37
2017-08-24,11.41,11.33,11.5,11.25
2017-08-25,11.33,11.41,11.54,11.26
2017-08-28,11.5,11.58,11.67,11.41
2017-08-29,11.61,11.48,11.7,11.43
2017-08-30,11.53,11.51,11.68,11.45
2017-08-31,11.55,11.44,11.55,11.38
2017-09-01,11.42,11.5,11.62,11.41
2017-09-04,11.5,11.7,11.79,11.46
2017-09-05,11.67,11.68,11.79,11.59
2017-09-06,11.69,11.56,11.7,11.45
2017-09-07,11.56,11.88,11.97,11.47
2017-09-08,11.83,11.83,12.12,11.72
2017-09-11,11.83,11.92,12.03,11.74
2017-09-12,11.87,11.64,11.88,11.62
2017-09-13,11.6,11.63,11.64,11.47
2017-09-14,11.64,11.51,11.66,11.48
2017-09-15,11.58,11.94,12.1,11.58
2017-09-18,11.98,11.96,11.98,11.75
2017-09-19,11.93,12.24,12.3,11.84
2017-09-20,12.17,12.25,12.38,12.06
2017-09-21,12.25,11.93,12.43,11.92
2017-09-22,11.88,11.74,11.88,11.71
2017-09-25,11.67,11.58,11.84,11.53
2017-09-26,11.62,11.77,11.88,11.52
2017-09-27,11.8,11.68,11.88,11.65
2017-09-28,11.63,11.48,11.72,11.47
2017-09-29,11.49,11.55,11.63,11.49
2017-10-09,11.73,11.61,11.73,11.59
2017-10-10,11.59,11.77,11.8,11.53
2017-10-11,11.73,12.02,12.12,11.71
2017-10-12,12.0,12.06,12.08,11.85
2017-10-13,12.05,11.96,12.16,11.92
2017-10-16,11.93,11.64,12.04,11.56
2017-10-17,11.59,11.65,11.73,11.55
2017-10-18,11.68,11.17,11.7,11.15
2017-10-19,11.11,10.83,11.18,10.74
2017-10-20,10.85,11.2,11.23,10.84
2017-10-23,11.15,11.53,11.56,11.1
2017-10-24,11.73,11.72,11.79,11.43
2017-10-25,11.79,12.23,12.26,11.68
2017-10-26,12.5,12.06,12.73,11.98
2017-10-27,11.75,11.38,11.75,11.3
2017-10-30,11.21,11.09,11.37,10.85
2017-10-31,11.02,11.36,11.37,11.02
2017-11-01,11.32,11.14,11.35,11.13
2017-11-02,11.15,11.1,11.17,10.91
2017-11-03,10.92,10.91,11.03,10.8
2017-11-06,10.93,11.16,11.18,10.93
2017-11-07,11.12,11.13,11.18,11.02
2017-11-08,11.11,11.05,11.16,11.0
2017-11-09,11.01,11.02,11.11,10.92
2017-11-10,10.97,10.91,11.03,10.87
2017-11-13,10.91,10.86,10.94,10.71
2017-11-14,10.85,10.55,10.86,10.55
2017-11-15,10.55,10.55,10.71,10.52
2017-11-16,10.54,10.41,10.63,10.4
2017-11-17,10.44,10.1,10.47,9.88
2017-11-20,10.08,10.08,10.09,9.71
2017-11-21,10.04,10.09,10.14,9.97
2017-11-22,10.07,10.09,10.1,9.87
2017-11-23,10.09,10.08,10.12,9.88
2017-11-24,10.05,10.09,10.14,9.95
2017-11-27,10.1,10.07,10.15,9.92
2017-11-28,10.0,10.08,10.1,9.94
2017-11-29,10.04,10.07,10.08,9.97
2017-11-30,10.06,10.08,10.24,10.01
2017-12-01,10.08,10.09,10.11,9.98
2017-12-04,10.09,10.0,10.1,9.95
2017-12-05,9.98,9.34,9.99,9.0
2017-12-06,9.29,9.16,9.32,8.98
2017-12-07,9.1,9.03,9.15,9.0
2017-12-08,9.05,9.14,9.2,9.03
2017-12-11,9.11,9.15,9.19,9.08
2017-12-12,9.16,8.91,9.16,8.89
2017-12-13,8.91,8.89,8.96,8.78
2017-12-14,8.87,8.82,8.89,8.8
2017-12-15,8.85,8.81,8.88,8.8
2017-12-18,8.82,8.57,8.86,8.5
2017-12-19,8.55,8.67,8.69,8.52
2017-12-20,8.68,8.37,8.68,8.35
2017-12-21,8.4,8.16,8.42,8.06
2017-12-22,8.2,8.21,8.27,8.16
2017-12-25,8.16,7.88,8.22,7.86
2017-12-26,7.82,7.99,8.04,7.82
2017-12-27,7.97,7.94,8.08,7.92
2017-12-28,7.99,8.13,8.25,7.92
2017-12-29,8.1,8.13,8.2,8.07
2018-01-02,8.13,8.16,8.19,8.1
2018-01-03,8.17,8.27,8.39,8.11
2018-01-04,8.27,8.19,8.29,8.17
2018-01-05,8.18,8.2,8.24,8.15
2018-01-08,8.21,8.12,8.21,8.08
2018-01-09,8.1,8.19,8.24,8.09
2018-01-10,8.15,8.0,8.19,7.95
2018-01-11,8.02,8.1,8.12,7.96
2018-01-12,8.08,8.01,8.1,8.01
2018-01-15,8.01,7.8,8.02,7.76
2018-01-16,7.8,7.84,7.9,7.75
2018-01-17,7.85,8.62,8.62,7.75
2018-01-18,8.64,8.39,8.79,8.34
2018-01-19,8.25,8.72,9.1,8.2
2018-01-22,8.54,8.78,9.08,8.49
2018-01-23,8.75,8.57,8.86,8.55
2018-01-24,8.6,8.52,8.62,8.39
2018-01-25,8.46,8.46,8.55,8.41
2018-01-26,8.41,8.37,8.5,8.35
2018-01-29,8.36,8.39,8.54,8.33
2018-01-30,8.36,8.14,8.37,8.1
2018-01-31,8.13,7.95,8.13,7.89
2018-02-01,7.94,7.38,8.04,7.37
2018-02-02,7.38,7.57,7.64,7.01
2018-02-05,7.44,7.59,7.66,7.36
2018-02-06,7.44,7.11,7.52,6.83
2018-02-07,7.2,7.52,7.59,7.01
2018-02-08,7.47,7.51,7.59,7.37
2018-02-09,7.37,7.19,7.37,7.11
2018-02-12,7.2,7.23,7.32,7.2
2018-02-13,7.26,7.16,7.31,7.15
2018-02-14,7.16,7.14,7.25,7.05
2018-02-22,7.2,7.27,7.28,7.16
2018-02-23,7.29,7.28,7.3,7.23
2018-02-26,7.3,7.43,7.44,7.27
2018-02-27,7.43,7.5,7.57,7.38
2018-02-28,7.4,7.4,7.46,7.36
2018-03-01,7.38,7.5,7.52,7.35
2018-03-02,7.43,7.51,7.65,7.42
2018-03-05,7.51,7.48,7.58,7.42
2018-03-06,7.51,7.6,7.65,7.51
2018-03-07,7.62,7.47,7.63,7.46
2018-03-08,7.5,7.6,7.7,7.48
2018-03-09,7.68,7.73,7.77,7.57
2018-03-12,7.74,7.81,7.9,7.7
2018-03-13,7.81,7.76,7.84,7.72
2018-03-14,7.72,7.61,7.81,7.59
2018-03-15,7.6,7.49,7.67,7.41
2018-03-16,7.47,7.57,7.65,7.47
2018-03-19,7.55,7.61,7.74,7.48
2018-03-20,7.55,7.57,7.58,7.45
2018-03-21,7.56,7.57,7.73,7.53
2018-03-22,7.54,7.69,7.7,7.54
2018-03-23,7.56,6.93,7.56,6.92
2018-03-26,6.85,6.9,6.92,6.55
2018-03-27,6.96,7.07,7.17,6.96
2018-03-28,7.0,7.05,7.14,6.94
2018-03-29,7.03,7.26,7.48,7.02
2018-03-30,7.26,7.26,7.33,7.17
2018-04-02,7.24,7.31,7.36,7.23
2018-04-03,7.21,7.13,7.21,7.08
2018-04-04,7.18,7.13,7.29,7.13
2018-04-09,7.08,7.05,7.14,7.02
2018-04-10,7.06,7.09,7.1,7.01
2018-04-11,7.12,7.63,7.8,7.12
2018-04-12,7.44,7.81,7.89,7.4
2018-04-13,7.76,7.61,7.77,7.52
2018-04-16,7.55,7.37,7.6,7.32
2018-04-17,7.33,7.26,7.52,7.24
2018-04-18,7.34,7.3,7.39,7.12
2018-04-19,7.31,7.27,7.33,7.21
2018-04-20,7.27,7.03,7.27,7.02
2018-04-23,7.03,7.1,7.14,6.96
2018-04-24,7.11,7.2,7.21,7.1
2018-04-25,7.2,7.13,7.2,7.12
2018-04-26,6.95,6.91,7.06,6.91
2018-04-27,6.99,6.94,7.01,6.9
2018-05-02,6.94,6.85,7.0,6.77
2018-05-03,6.79,6.76,6.82,6.44
2018-05-04,6.7,6.63,6.77,6.62
2018-05-07,6.65,6.71,6.73,6.64
2018-05-08,6.73,6.83,6.88,6.72
2018-05-09,6.84,6.77,6.84,6.73
2018-05-10,6.72,6.86,6.88,6.71
2018-05-11,6.84,6.88,6.95,6.8
2018-05-14,6.87,6.79,6.94,6.78
2018-05-15,6.81,6.81,6.82,6.7
2018-05-16,6.75,6.66,6.78,6.61
2018-05-17,6.68,6.72,6.75,6.68
2018-05-18,6.75,6.74,6.76,6.65
2018-05-21,6.78,6.89,6.94,6.76
2018-05-22,6.88,6.89,6.9,6.81
2018-05-23,6.88,6.81,6.94,6.8
2018-05-24,6.79,6.89,6.97,6.72
2018-05-25,6.85,6.68,6.85,6.66
