date,open,close,high,low
2017-06-16,11.84,14.21,14.21,11.84
2017-06-19,15.63,15.63,15.63,15.63
2017-06-20,17.19,17.19,17.19,17.19
2017-06-21,18.91,18.91,18.91,18.91
2017-06-22,20.8,20.8,20.8,20.8
2017-06-23,22.88,22.88,22.88,22.88
2017-06-26,22.99,23.75,25.1,22.99
2017-06-27,23.0,22.23,23.44,22.0
2017-06-28,21.6,23.12,24.35,21.23
2017-06-29,22.2,25.43,25.43,21.8
2017-06-30,25.0,27.97,27.97,25.0
2017-07-03,27.9,29.0,29.17,27.01
2017-07-04,28.37,27.9,28.65,27.3
2017-07-05,27.76,27.76,28.6,27.33
2017-07-06,27.4,28.23,29.18,26.71
2017-07-07,27.36,26.32,27.48,26.24
2017-07-10,25.45,24.22,25.78,23.69
2017-07-11,24.04,24.43,24.55,23.37
2017-07-12,24.02,24.98,25.35,23.78
2017-07-13,24.63,23.17,24.75,22.83
2017-07-14,23.23,22.48,23.6,22.3
2017-07-17,21.8,20.23,21.95,20.23
2017-07-18,20.0,20.46,20.95,19.56
2017-07-19,20.11,20.48,20.72,19.96
2017-07-20,20.23,20.04,20.87,20.01
2017-07-21,19.8,19.79,20.24,19.56
2017-07-24,19.55,20.27,20.57,19.21
2017-07-25,20.05,19.84,20.27,19.73
2017-07-26,19.76,19.28,20.1,19.03
2017-07-27,19.42,19.86,20.19,19.11
2017-07-28,19.7,19.25,19.85,19.21
2017-07-31,19.14,19.15,19.4,19.12
2017-08-02,19.3,18.39,19.45,18.34
2017-08-03,18.25,18.52,18.7,18.13
2017-08-04,18.5,18.0,18.6,17.85
2017-08-07,18.12,18.25,18.77,18.01
2017-08-08,18.03,18.43,18.7,18.03
2017-08-09,18.33,18.43,18.62,18.3
2017-08-10,18.5,17.92,18.54,17.8
2017-08-11,17.62,17.57,17.95,17.52
2017-08-14,17.53,17.79,17.84,17.41
2017-08-15,17.89,18.2,18.32,17.8
2017-08-16,18.2,18.47,18.59,18.08
2017-08-17,18.44,18.39,18.58,18.18
2017-08-18,18.25,18.3,18.57,18.2
2017-08-21,18.43,18.75,18.79,18.31
2017-08-22,18.79,18.73,19.35,18.56
2017-08-23,18.62,19.03,19.33,18.38
2017-08-24,18.82,19.27,19.95,18.75
2017-08-25,19.05,19.96,19.99,19.04
2017-08-28,21.96,21.96,21.96,21.96
2017-08-29,23.0,23.38,24.16,22.5
2017-08-30,22.3,22.39,23.25,21.97
2017-08-31,22.2,22.9,23.23,22.18
2017-09-01,22.85,22.11,22.91,22.01
2017-09-04,21.9,21.34,21.9,21.12
2017-09-05,21.22,21.81,21.87,20.83
2017-09-06,21.6,21.59,21.68,21.15
2017-09-07,21.52,21.39,22.12,21.27
2017-09-08,21.41,21.43,21.82,21.14
2017-09-11,21.3,22.15,22.25,21.06
2017-09-12,22.12,21.46,22.12,21.4
2017-09-13,21.43,21.4,21.62,21.19
2017-09-14,21.34,21.23,21.46,21.22
2017-09-15,21.19,20.53,21.36,20.51
2017-09-18,20.29,20.59,20.65,20.1
2017-09-19,20.66,20.7,21.0,20.6
2017-09-20,20.7,20.99,21.08,20.4
2017-09-21,20.99,20.67,21.1,20.6
2017-09-22,20.43,20.75,21.01,20.31
2017-09-25,20.75,21.12,21.38,20.75
2017-09-26,21.12,20.54,21.23,20.3
2017-09-27,20.34,20.55,20.74,20.32
2017-09-28,20.46,20.62,20.83,20.45
2017-09-29,20.62,20.88,20.99,20.62
2017-10-09,21.35,20.99,21.35,20.91
2017-10-10,21.02,21.7,21.98,20.93
2017-10-11,21.55,22.63,22.65,21.45
2017-10-12,22.4,22.23,22.68,22.0
2017-10-13,22.22,22.23,22.63,22.02
2017-10-16,22.1,21.46,22.23,21.23
2017-10-17,21.63,21.94,22.0,21.48
2017-10-18,22.0,22.1,23.0,21.77
2017-10-19,21.57,21.68,21.96,21.29
2017-10-20,21.52,22.28,22.31,21.52
2017-10-23,22.48,23.08,23.24,22.3
2017-10-24,22.93,22.57,22.93,22.05
2017-10-25,22.44,22.94,23.09,22.22
2017-10-26,22.88,22.9,23.4,22.58
2017-10-27,22.99,24.49,24.98,22.63
2017-10-30,23.96,22.52,24.19,22.04
2017-10-31,22.2,22.24,22.45,21.6
2017-11-01,22.32,21.95,22.36,21.87
2017-11-02,21.78,21.28,21.94,21.05
2017-11-03,21.19,21.35,21.5,21.05
2017-11-06,21.58,22.0,22.02,21.58
2017-11-07,22.09,21.81,22.09,21.62
2017-11-08,21.8,22.06,22.26,21.73
2017-11-09,21.85,22.23,22.25,21.8
2017-11-10,22.26,22.48,22.59,22.1
2017-11-13,22.31,23.03,23.1,22.26
2017-11-14,22.89,22.2,23.06,22.15
2017-11-15,22.29,22.2,22.33,21.67
2017-11-16,22.06,21.81,22.46,21.76
2017-11-17,21.83,20.46,21.89,20.3
2017-11-20,20.18,20.6,20.68,19.6
2017-11-21,20.15,20.39,20.93,20.15
2017-11-22,20.11,20.05,20.51,19.92
2017-11-23,20.06,19.65,20.35,19.61
2017-11-24,19.66,19.72,19.84,19.44
2017-11-27,19.8,19.22,19.8,19.18
2017-11-28,19.04,19.5,19.55,19.04
2017-11-29,19.48,19.39,19.48,19.01
2017-11-30,19.43,19.29,19.64,19.22
2017-12-01,19.29,19.57,19.66,19.2
2017-12-04,19.55,18.76,19.55,18.61
2017-12-05,18.51,18.61,18.96,18.17
2017-12-06,18.64,18.75,18.82,18.21
2017-12-07,18.8,18.82,18.85,18.61
2017-12-08,19.09,18.99,19.2,18.8
2017-12-11,18.82,18.9,19.1,18.69
2017-12-12,18.9,18.52,18.95,18.5
2017-12-13,18.35,18.65,18.69,18.35
2017-12-14,18.66,18.62,18.7,18.5
2017-12-15,18.72,18.47,18.72,18.28
2017-12-18,18.5,18.38,18.6,18.26
2017-12-19,18.36,18.92,18.95,18.31
2017-12-20,18.91,18.96,19.02,18.67
2017-12-21,18.96,19.29,19.44,18.96
2017-12-22,19.29,19.19,19.36,19.03
2017-12-25,19.33,18.9,19.33,18.8
2017-12-26,18.9,19.5,19.5,18.89
2017-12-27,19.35,19.41,19.72,19.35
2017-12-28,19.3,19.44,19.59,19.28
2017-12-29,19.47,19.5,19.57,19.37
2018-01-02,19.63,19.45,19.78,19.42
2018-01-03,19.42,19.38,19.58,19.24
2018-01-04,19.4,19.42,19.52,19.27
2018-01-05,19.47,19.69,19.99,19.25
2018-01-08,19.81,19.58,19.83,19.51
2018-01-09,19.66,19.62,19.8,19.52
2018-01-10,19.62,19.1,19.62,19.01
2018-01-11,19.02,19.33,19.45,18.91
2018-01-12,19.35,18.93,19.35,18.8
2018-01-15,18.88,18.52,18.99,18.35
2018-01-16,18.52,18.92,19.07,18.42
2018-01-17,18.8,19.01,19.15,18.7
2018-01-18,19.07,19.39,19.88,19.06
2018-01-19,19.3,19.6,19.88,19.21
2018-01-22,19.45,19.3,19.45,19.01
2018-01-23,19.3,19.36,19.5,19.15
2018-01-24,19.4,19.43,19.48,19.18
2018-01-25,19.42,19.42,19.6,19.3
2018-01-26,19.42,19.3,19.58,19.29
2018-01-29,19.33,18.78,19.43,18.68
2018-01-30,18.83,19.06,19.15,18.72
2018-01-31,18.89,18.42,18.89,18.2
2018-02-01,18.42,17.64,18.49,17.62
2018-02-02,17.55,17.61,17.79,17.03
2018-02-05,17.4,17.3,17.6,17.13
2018-02-06,16.8,15.87,17.02,15.8
2018-02-07,16.29,15.91,16.48,15.34
2018-02-08,15.8,15.95,16.1,15.32
2018-02-09,15.52,15.54,15.83,15.16
2018-02-12,15.89,16.07,16.16,15.77
2018-02-13,16.07,15.99,16.16,15.85
2018-02-14,16.03,16.05,16.16,15.69
2018-02-22,16.06,16.2,16.33,15.97
2018-02-23,16.21,16.4,16.84,16.2
2018-02-26,16.69,16.85,16.9,16.44
2018-02-27,16.8,17.26,17.59,16.7
2018-02-28,17.2,17.5,17.55,17.0
2018-03-01,17.55,17.85,17.99,17.35
2018-03-02,17.85,17.92,17.97,17.4
2018-03-05,17.84,17.79,17.91,17.68
2018-03-06,17.91,17.51,17.92,17.45
2018-03-07,17.5,17.31,17.6,17.21
2018-03-08,17.25,17.49,17.53,17.25
2018-03-09,17.39,17.71,17.77,17.29
2018-03-12,17.79,18.62,18.93,17.79
2018-03-13,18.5,18.97,19.01,18.5
2018-03-14,18.79,19.07,19.39,18.79
2018-03-15,19.13,18.88,19.24,18.66
2018-03-16,18.99,18.94,19.17,18.85
2018-03-19,18.94,20.64,20.78,18.81
2018-03-20,20.56,20.73,21.11,20.23
2018-03-21,20.87,21.49,21.96,20.81
2018-03-22,21.75,21.58,22.28,21.06
2018-03-23,20.84,21.11,21.89,20.22
2018-03-26,20.66,21.17,21.49,20.55
2018-03-27,21.59,20.76,21.6,20.36
2018-03-28,20.4,19.87,20.48,19.77
2018-03-29,20.15,19.72,20.26,19.46
2018-03-30,19.84,20.51,20.73,19.74
2018-04-02,20.76,20.42,21.09,20.39
2018-04-03,20.0,20.19,20.38,19.87
2018-04-04,20.19,19.8,20.4,19.6
2018-04-09,19.8,19.48,19.92,18.8
2018-04-10,19.4,19.83,19.84,19.16
2018-04-11,19.91,20.65,20.75,19.91
2018-04-12,20.7,20.54,20.96,20.38
2018-04-13,20.6,20.53,20.82,20.28
2018-04-16,20.48,20.62,20.75,20.29
2018-04-17,20.62,20.15,20.85,19.98
2018-04-18,19.3,19.38,20.14,18.52
2018-04-19,19.15,19.0,19.39,18.81
2018-04-20,18.99,17.61,18.99,17.3
2018-04-23,17.94,17.28,17.94,17.14
2018-04-24,17.31,17.8,17.94,17.28
2018-04-25,17.8,18.28,18.38,17.68
2018-04-26,17.98,17.62,18.48,17.5
2018-04-27,17.07,16.44,17.48,16.23
2018-05-02,16.4,16.35,16.65,16.18
2018-05-03,16.38,16.75,16.88,16.3
2018-05-04,16.81,16.88,17.09,16.71
2018-05-07,16.94,17.25,17.4,16.9
2018-05-08,17.46,17.46,17.49,17.23
2018-05-09,17.5,17.67,17.93,17.46
2018-05-10,17.62,17.83,17.97,17.62
2018-05-11,17.69,17.59,17.92,17.53
2018-05-14,17.63,17.48,18.13,17.2
2018-05-15,17.48,17.95,17.99,17.27
2018-05-16,18.03,18.04,18.27,17.83
2018-05-17,18.15,17.99,18.27,17.86
2018-05-18,17.99,18.31,18.32,17.85
2018-05-21,18.32,18.33,18.51,18.17
2018-05-22,18.3,18.69,18.78,18.21
2018-05-23,18.69,18.23,18.84,18.19
2018-05-24,18.19,18.17,18.3,18.1
2018-05-25,18.25,18.28,18.7,18.25
