date,open,close,high,low
2017-05-02,11.92,14.3,14.3,11.92
2017-05-03,15.73,15.73,15.73,15.73
2017-05-04,17.3,17.3,17.3,17.3
2017-05-05,19.03,19.03,19.03,19.03
2017-05-08,20.93,20.93,20.93,20.93
2017-05-09,23.02,23.02,23.02,23.02
2017-05-10,25.32,25.32,25.32,25.32
2017-05-11,27.85,27.85,27.85,27.85
2017-05-12,30.64,30.64,30.64,30.64
2017-05-15,33.7,33.7,33.7,33.7
2017-05-16,37.07,37.07,37.07,35.73
2017-05-17,36.08,38.76,40.7,35.08
2017-05-18,36.3,34.88,36.97,34.88
2017-05-19,33.61,32.69,34.49,32.05
2017-05-22,32.8,33.26,34.3,32.32
2017-05-23,32.2,31.13,33.39,30.56
2017-05-24,31.2,31.2,31.46,29.68
2017-05-25,30.89,32.43,32.7,29.58
2017-05-26,32.1,33.03,33.68,32.03
2017-05-31,34.5,32.92,35.1,32.38
2017-06-01,31.43,32.3,32.91,30.46
2017-06-02,31.5,33.92,33.97,31.2
2017-06-05,34.38,33.29,34.74,33.19
2017-06-06,32.5,34.02,34.1,32.01
2017-06-07,33.91,34.52,35.5,33.76
2017-06-08,34.2,33.59,34.65,33.3
2017-06-09,33.07,34.67,35.03,33.07
2017-06-12,33.72,32.13,33.99,32.01
2017-06-13,32.18,33.83,34.46,31.8
2017-06-14,33.8,33.53,33.8,32.9
2017-06-15,33.18,34.59,34.94,33.18
2017-06-16,34.36,35.82,35.86,34.24
2017-06-19,35.58,35.28,35.98,34.55
2017-06-20,35.0,34.84,35.49,34.61
2017-06-21,34.5,35.88,35.95,34.44
2017-06-22,35.7,34.29,36.09,34.13
2017-06-23,34.4,34.82,34.98,33.9
2017-06-26,34.9,34.88,35.5,34.51
2017-06-27,34.91,34.42,35.21,34.21
2017-06-28,34.42,35.09,35.29,34.08
2017-06-29,35.18,34.71,35.34,34.3
2017-06-30,34.2,35.56,35.67,34.01
2017-07-03,35.38,35.74,35.79,35.05
2017-07-04,35.6,35.57,36.05,35.2
2017-07-05,35.78,35.52,35.78,34.92
2017-07-06,35.32,34.75,35.52,34.57
2017-07-07,34.1,36.04,36.1,34.1
2017-07-10,35.8,35.9,36.1,35.3
2017-07-11,35.73,36.67,37.19,35.43
2017-07-12,36.7,36.96,37.26,35.67
2017-07-13,36.99,36.54,37.25,35.86
2017-07-14,36.52,34.24,36.52,34.01
2017-07-17,33.8,34.1,34.67,30.82
2017-07-18,33.5,35.42,35.47,33.18
2017-07-19,35.43,35.21,35.52,34.6
2017-07-20,34.6,36.1,36.4,34.6
2017-07-21,35.97,35.97,36.37,35.26
2017-07-24,35.7,38.97,39.53,35.02
2017-07-25,39.08,39.03,40.5,37.8
2017-07-26,38.6,39.04,40.0,38.02
2017-07-27,39.13,39.59,40.3,38.4
2017-07-28,39.3,40.56,40.81,38.9
2017-07-31,41.35,42.59,43.4,41.0
2017-08-01,42.0,42.54,42.95,40.61
2017-08-02,42.54,38.29,46.79,38.29
2017-08-03,34.46,34.46,34.46,34.46
2017-08-04,31.01,31.01,32.96,31.01
2017-08-07,29.99,31.52,31.63,29.98
2017-08-08,31.43,32.46,32.57,31.01
2017-08-09,32.3,33.13,33.35,32.0
2017-08-10,33.0,33.59,33.64,32.4
2017-08-11,33.88,33.58,33.9,33.25
2017-08-14,33.02,36.45,36.66,33.02
2017-08-15,36.09,36.25,36.76,35.5
2017-08-16,35.7,36.33,36.38,35.18
2017-08-17,36.2,37.46,38.0,35.8
2017-08-18,37.0,36.34,37.04,35.7
2017-08-21,36.27,36.55,36.9,35.3
2017-08-22,36.55,36.87,37.89,36.3
2017-08-23,36.45,37.32,37.81,36.3
2017-08-24,37.18,36.56,37.18,36.21
2017-08-25,36.4,37.34,37.48,36.18
2017-08-28,37.3,37.89,38.2,37.3
2017-08-29,37.8,39.16,39.4,37.58
2017-08-30,38.7,38.64,39.55,38.03
2017-08-31,38.64,39.24,39.5,38.21
2017-09-01,39.74,38.95,40.94,38.3
2017-09-04,39.0,38.7,39.1,38.0
2017-09-05,38.7,38.54,38.75,37.5
2017-09-06,38.2,38.08,38.2,37.33
2017-09-07,37.9,39.18,39.5,37.71
2017-09-08,39.19,38.89,39.38,37.93
2017-09-11,38.8,38.72,39.08,38.6
2017-09-12,38.81,40.1,40.55,38.81
2017-09-13,40.11,39.53,40.31,39.27
2017-09-14,39.4,39.83,40.05,39.02
2017-09-15,39.78,42.64,43.13,39.31
2017-09-18,41.75,42.97,43.11,41.66
2017-09-19,42.99,42.45,43.28,42.0
2017-09-20,42.3,42.63,43.75,42.3
2017-09-21,42.6,43.61,44.22,42.2
2017-09-22,43.9,45.58,45.86,43.3
2017-09-25,45.3,46.07,46.55,45.0
2017-09-26,45.9,45.99,46.35,45.01
2017-09-27,46.0,45.46,46.02,44.9
2017-09-28,45.25,45.47,45.54,43.5
2017-09-29,45.35,46.36,46.5,44.4
2017-10-09,46.5,46.17,46.79,45.8
2017-10-10,46.17,48.76,48.86,45.93
2017-10-11,48.3,50.63,51.5,48.3
2017-10-12,50.62,50.89,51.99,49.8
2017-10-13,51.0,50.17,51.0,49.4
2017-10-16,49.8,49.89,50.15,48.81
2017-10-17,50.1,48.61,50.9,44.9
2017-10-18,47.44,47.92,48.5,45.66
2017-10-19,46.99,45.87,46.99,45.67
2017-10-20,46.0,46.53,46.99,45.83
2017-10-23,46.99,46.0,46.99,45.0
2017-10-24,45.65,41.4,46.6,41.4
2017-10-25,38.11,40.82,41.97,38.11
2017-10-26,40.5,42.96,43.0,40.22
2017-10-27,42.77,44.78,45.88,42.7
2017-10-30,45.19,44.7,45.19,43.48
2017-10-31,45.02,47.79,48.1,44.75
2017-11-01,47.93,47.79,48.38,47.2
2017-11-02,47.7,47.69,48.52,46.73
2017-11-03,47.61,47.92,48.65,46.68
2017-11-06,47.9,47.84,48.01,47.0
2017-11-07,47.88,49.46,49.99,47.51
2017-11-08,48.99,44.51,48.99,44.51
2017-11-09,41.2,44.78,46.49,41.2
2017-11-10,44.51,44.94,45.98,44.3
2017-11-13,44.87,40.45,44.88,40.45
2017-11-14,36.41,37.98,40.48,36.41
2017-11-15,36.4,34.2,36.62,34.18
2017-11-16,34.31,33.35,35.18,33.23
2017-11-17,33.0,30.2,33.01,30.02
2017-11-20,30.18,31.1,31.38,28.68
2017-11-21,30.85,30.17,31.24,29.5
2017-11-22,30.4,29.72,30.72,29.28
2017-11-23,29.71,28.19,29.76,28.13
2017-11-24,27.98,27.31,28.06,27.23
2017-11-27,27.34,27.47,27.89,27.01
2017-11-28,27.18,28.04,28.1,27.18
2017-11-29,28.08,28.34,28.48,27.76
2017-11-30,28.16,29.64,29.9,28.12
2017-12-01,29.64,29.36,29.68,28.98
2017-12-04,29.2,27.56,29.2,27.3
2017-12-05,27.05,26.4,27.9,25.8
2017-12-06,25.48,26.76,26.78,25.48
2017-12-07,26.66,26.21,26.66,26.03
2017-12-08,26.14,26.65,26.95,26.0
2017-12-11,26.87,26.81,27.09,26.65
2017-12-12,26.89,25.86,26.89,25.81
2017-12-13,25.71,26.2,26.25,25.71
2017-12-14,26.23,26.15,26.33,25.65
2017-12-15,25.96,26.47,26.88,25.95
2017-12-18,26.39,25.96,26.49,25.81
2017-12-19,25.93,26.0,26.28,25.83
2017-12-20,26.0,25.06,26.05,25.03
2017-12-21,25.11,25.29,25.5,24.68
2017-12-22,25.39,24.96,25.59,24.91
2017-12-25,25.15,24.49,25.15,24.03
2017-12-26,24.51,25.36,25.66,24.27
2017-12-27,25.43,25.53,26.2,25.38
2017-12-28,25.5,25.74,26.08,25.21
2017-12-29,25.7,25.32,25.9,25.1
2018-01-02,25.48,26.13,26.18,25.37
2018-01-03,26.19,25.85,26.19,25.58
2018-01-04,26.0,26.9,27.86,25.72
2018-01-05,26.56,26.45,26.84,26.34
2018-01-08,26.41,26.13,26.47,25.85
2018-01-09,26.46,28.01,28.2,26.27
2018-01-10,27.58,30.33,30.81,27.5
2018-01-11,29.61,29.96,31.48,29.01
2018-01-12,30.1,28.63,30.32,28.5
2018-01-15,28.34,27.81,28.48,27.41
2018-01-16,27.6,28.42,28.95,27.4
2018-01-17,28.5,28.62,29.25,28.3
2018-01-18,28.4,27.89,28.91,27.81
2018-01-19,27.92,29.49,29.99,27.3
2018-01-22,29.49,28.82,29.49,28.52
2018-01-23,28.6,28.69,29.5,28.05
2018-01-24,28.35,28.43,28.79,28.12
2018-01-25,28.15,28.2,28.59,28.12
2018-01-26,28.18,27.13,28.28,27.1
2018-01-29,27.17,25.62,27.29,25.26
2018-01-30,25.7,25.55,26.04,25.28
2018-01-31,25.6,24.23,25.68,24.15
2018-02-01,24.5,22.98,24.59,22.64
2018-02-02,22.94,21.94,22.94,21.15
2018-02-05,21.24,21.26,21.82,21.03
2018-02-06,20.8,19.49,20.8,19.35
2018-02-07,20.03,19.48,20.4,18.66
2018-02-08,19.5,20.16,20.3,19.23
2018-02-09,19.45,18.97,19.6,18.74
2018-02-12,19.2,19.72,19.97,19.12
2018-02-13,19.75,19.13,20.05,19.09
2018-02-14,19.2,19.52,19.65,19.05
2018-02-22,19.88,19.95,20.11,19.7
2018-02-23,20.12,20.37,20.63,19.62
2018-02-26,20.57,21.24,21.35,20.45
2018-02-27,21.01,21.27,21.6,20.8
2018-02-28,21.05,20.86,21.06,20.63
2018-03-01,20.72,21.13,21.15,20.55
2018-03-02,20.75,21.09,21.48,20.75
2018-03-05,21.18,21.59,21.71,21.01
2018-03-06,21.59,21.73,22.28,21.47
2018-03-07,21.64,21.99,22.46,21.55
2018-03-08,22.11,24.03,24.12,22.09
2018-03-09,23.66,23.61,23.96,23.12
2018-03-12,23.73,23.89,24.63,23.73
2018-03-13,23.95,23.53,24.38,23.48
2018-03-14,23.36,23.04,23.5,22.72
2018-03-15,23.02,22.16,23.02,21.5
2018-03-16,22.1,22.05,22.6,22.0
2018-03-19,22.02,22.73,22.85,22.0
2018-03-20,22.56,22.9,22.93,22.33
2018-03-21,22.9,23.05,23.65,22.88
2018-03-22,23.18,22.89,23.4,22.6
2018-03-23,22.35,20.6,22.35,20.6
2018-03-26,19.61,21.14,21.16,19.06
2018-03-27,21.09,21.6,21.85,21.09
2018-03-28,21.1,21.55,22.01,21.0
2018-03-29,21.85,22.44,22.52,21.6
2018-03-30,22.94,23.03,23.46,22.63
2018-04-02,23.01,23.51,23.57,23.01
2018-04-03,23.01,24.3,24.98,22.87
2018-04-04,24.18,23.94,24.38,23.51
2018-04-09,23.5,24.19,24.27,23.09
2018-04-10,24.18,23.96,24.6,23.31
2018-04-11,23.98,25.0,25.05,23.71
2018-04-12,24.95,24.41,24.95,24.33
2018-04-13,24.54,24.6,24.94,24.42
2018-04-16,24.28,23.69,24.5,23.12
2018-04-17,23.72,22.3,23.96,22.03
2018-04-18,22.36,22.68,22.87,21.5
2018-04-19,22.76,22.59,23.1,22.55
2018-04-20,22.51,21.83,22.93,21.65
2018-04-23,21.79,21.97,22.12,21.39
2018-04-24,21.97,24.17,24.17,21.97
2018-04-25,24.46,25.84,26.53,24.28
2018-04-26,24.93,23.82,25.11,23.75
2018-04-27,22.5,22.16,23.2,22.1
2018-05-02,22.0,21.1,22.2,20.8
2018-05-03,21.1,21.53,21.62,20.71
2018-05-04,21.3,21.88,22.35,21.3
2018-05-07,21.6,22.33,22.39,21.6
2018-05-08,22.19,22.34,22.5,22.13
2018-05-09,22.45,24.57,24.57,22.31
2018-05-10,25.88,25.76,26.88,24.69
2018-05-11,24.8,23.85,25.43,23.8
2018-05-14,23.95,26.24,26.24,23.95
2018-05-15,27.0,27.96,28.3,26.5
2018-05-16,27.16,26.2,27.4,26.1
2018-05-17,26.08,25.78,26.64,25.41
2018-05-18,25.75,26.8,26.98,25.75
2018-05-21,26.51,27.25,27.29,25.96
2018-05-22,26.83,26.92,27.28,26.5
2018-05-23,26.88,25.34,26.9,25.2
2018-05-24,25.38,27.87,27.87,25.38
2018-05-25,29.6,27.83,30.5,27.8
