date,open,close,high,low
2016-12-21,15.243,18.288,18.288,15.243
2016-12-22,20.117,20.117,20.117,20.117
2016-12-23,22.131,22.131,22.131,22.131
2016-12-26,24.344,24.344,24.344,24.344
2016-12-27,26.778,26.778,26.778,26.778
2016-12-28,29.453,29.453,29.453,29.453
2016-12-29,32.399,32.399,32.399,32.399
2016-12-30,35.637,35.637,35.637,35.637
2017-01-03,39.202,39.202,39.202,39.202
2017-01-04,42.483,41.081,42.91,40.348
2017-01-05,40.291,38.661,40.889,38.505
2017-01-06,38.284,35.744,39.003,35.495
2017-01-09,35.082,35.502,36.235,34.883
2017-01-10,35.26,35.609,36.391,35.146
2017-01-11,35.295,33.367,35.416,33.253
2017-01-12,33.445,32.869,33.801,32.591
2017-01-13,32.805,32.036,32.805,31.737
2017-01-16,32.52,33.011,34.079,32.243
2017-01-17,32.243,35.459,36.22,32.143
2017-01-18,34.797,34.228,35.423,34.1
2017-01-19,33.801,34.691,35.431,33.168
2017-01-20,34.441,36.199,36.968,34.164
2017-01-23,36.285,38.483,39.693,36.007
2017-01-24,37.999,37.352,38.327,37.117
2017-01-25,37.224,38.796,39.273,37.195
2017-01-26,38.64,37.85,39.017,37.331
2017-02-03,37.629,36.142,37.8,36.085
2017-02-06,36.505,37.729,37.836,36.384
2017-02-07,37.43,36.996,38.128,36.505
2017-02-08,36.776,37.992,38.128,36.299
2017-02-09,37.701,37.338,37.985,37.017
2017-02-10,37.288,36.242,37.914,36.228
2017-02-13,35.971,37.814,38.071,35.95
2017-02-14,37.715,38.241,38.761,37.501
2017-02-15,38.092,38.419,39.764,37.879
2017-02-16,38.32,38.213,38.562,37.487
2017-02-17,38.213,37.352,39.48,37.174
2017-02-20,37.025,35.281,37.352,34.37
2017-02-21,35.217,35.922,36.142,35.21
2017-02-22,36.007,36.27,36.341,35.438
2017-02-23,36.47,39.899,39.899,36.334
2017-02-24,40.561,40.177,41.842,40.063
2017-02-27,39.821,41.223,41.771,39.394
2017-02-28,40.846,41.963,42.12,40.205
2017-03-01,41.486,40.611,41.821,40.426
2017-03-02,40.547,40.753,41.472,40.227
2017-03-03,40.419,41.024,41.508,39.636
2017-03-06,40.946,43.884,45.13,40.832
2017-03-07,43.479,43.806,43.934,43.009
2017-03-08,43.621,42.924,43.941,42.397
2017-03-09,42.696,41.614,43.472,41.508
2017-03-10,41.522,41.408,42.177,40.889
2017-03-13,41.465,42.824,43.038,41.323
2017-03-14,42.696,41.992,43.087,41.856
2017-03-15,41.899,42.419,42.539,41.109
2017-03-16,42.29,43.265,43.835,42.283
2017-03-17,43.116,41.28,43.906,41.202
2017-03-20,41.316,42.739,42.789,41.287
2017-03-21,42.668,43.187,43.23,42.255
2017-03-22,42.689,44.155,44.745,42.376
2017-03-23,43.856,42.888,44.169,41.849
2017-03-24,42.817,44.639,44.824,42.483
2017-03-27,45.13,44.838,45.977,44.169
2017-03-28,44.617,43.216,44.824,42.988
2017-03-29,43.159,40.896,43.194,40.561
2017-03-30,40.49,40.255,40.881,39.408
2017-03-31,40.405,39.921,40.91,39.28
2017-04-05,39.665,40.846,40.917,39.494
2017-04-06,40.632,40.682,41.55,40.476
2017-04-07,40.419,39.238,41.102,39.067
2017-04-10,38.811,35.95,38.853,35.808
2017-04-11,35.58,37.025,37.245,35.58
2017-04-12,37.288,37.067,37.537,36.441
2017-04-13,37.003,37.153,37.935,36.768
2017-04-14,37.003,37.622,37.907,36.726
2017-04-17,36.79,36.299,38.142,36.228
2017-04-18,36.512,36.761,37.466,36.462
2017-04-19,36.897,38.398,38.49,36.761
2017-04-20,38.298,38.782,38.967,38.071
2017-04-21,38.768,38.519,38.768,38.249
2017-04-24,38.426,38.113,38.569,37.238
2017-04-25,38.128,38.384,38.547,37.871
2017-04-26,38.192,37.814,38.974,37.786
2017-04-27,37.722,39.174,39.223,36.647
2017-04-28,38.925,38.875,39.095,38.533
2017-05-02,38.967,39.088,39.693,38.569
2017-05-03,39.01,38.747,39.295,37.857
2017-05-04,38.462,37.409,38.611,37.366
2017-05-05,37.003,37.238,37.964,36.768
2017-05-08,37.181,36.711,37.8,36.69
2017-05-09,36.719,37.694,37.708,36.526
2017-05-10,37.608,37.053,37.957,37.01
2017-05-11,36.932,36.569,36.975,34.876
2017-05-12,36.498,36.078,36.733,35.829
2017-05-15,36.135,36.413,36.519,35.801
2017-05-16,36.292,37.309,37.345,35.466
2017-05-17,37.046,37.48,37.893,37.046
2017-05-18,37.501,38.305,39.273,37.38
2017-05-19,38.106,37.765,38.434,37.523
2017-05-22,37.8,35.801,37.886,35.58
2017-05-23,35.544,34.392,35.971,33.979
2017-05-24,34.228,34.705,35.068,33.801
2017-05-25,34.747,34.477,34.783,33.097
2017-05-26,34.441,34.648,34.989,33.83
2017-05-31,35.85,34.185,36.206,34.093
2017-06-01,33.801,31.56,34.057,31.524
2017-06-02,31.382,32.591,33.004,31.318
2017-06-05,32.791,32.719,33.516,32.591
2017-06-06,32.449,32.783,32.883,32.264
2017-06-07,32.826,34.022,34.356,32.755
2017-06-08,33.95,33.758,34.463,33.701
2017-06-09,33.758,33.901,33.929,33.524
2017-06-12,33.089,32.335,33.303,32.236
2017-06-13,32.335,33.36,33.445,32.058
2017-06-14,33.438,33.986,34.015,33.161
2017-06-15,33.787,36.185,36.206,33.73
2017-06-16,35.986,36.185,36.889,35.459
2017-06-19,36.007,36.349,36.897,35.367
2017-06-20,36.647,35.139,36.776,34.655
2017-06-21,35.367,35.31,35.473,34.726
2017-06-22,35.367,34.0,35.794,33.445
2017-06-23,33.765,33.908,34.498,33.21
2017-06-26,33.97,34.19,34.35,33.53
2017-06-27,34.01,34.19,34.67,33.93
2017-06-28,34.01,33.38,34.02,32.71
2017-06-29,33.15,34.99,35.97,33.15
2017-06-30,34.69,35.01,35.93,34.6
2017-07-03,34.8,35.25,36.0,34.5
2017-07-04,35.25,35.37,35.68,34.93
2017-07-05,35.12,35.95,36.47,35.12
2017-07-06,35.95,35.89,36.3,35.38
2017-07-07,36.01,36.65,37.26,36.01
2017-07-10,36.0,34.87,36.29,34.71
2017-07-11,34.73,33.85,34.98,33.65
2017-07-12,33.68,34.09,34.17,32.86
2017-07-13,34.05,33.52,34.15,33.13
2017-07-14,33.5,33.02,33.51,32.8
2017-07-17,32.01,29.72,32.6,29.72
2017-07-18,29.4,29.77,30.1,28.88
2017-07-19,29.58,29.75,29.88,29.08
2017-07-20,29.78,29.78,30.53,29.71
2017-07-21,29.8,30.19,30.44,29.8
2017-07-24,29.86,30.5,30.52,29.8
2017-07-25,30.4,30.51,30.58,30.2
2017-07-26,30.35,30.47,30.67,29.1
2017-07-27,30.36,30.98,31.3,29.91
2017-07-28,32.5,33.32,33.92,32.2
2017-07-31,32.94,33.47,34.26,32.64
2017-08-01,33.3,32.94,33.66,32.3
2017-08-02,32.88,32.75,33.08,32.5
2017-08-03,32.5,33.16,33.75,32.25
2017-08-04,33.16,32.8,33.24,32.66
2017-08-07,32.96,33.15,33.2,32.7
2017-08-08,32.95,33.17,33.46,32.74
2017-08-09,33.1,32.87,33.19,32.77
2017-08-10,32.81,32.24,33.05,32.2
2017-08-11,31.9,32.04,32.5,31.88
2017-08-14,32.49,33.07,33.2,32.2
2017-08-15,33.32,34.3,35.2,33.11
2017-08-16,34.41,34.54,34.83,34.06
2017-08-17,34.3,34.8,35.15,33.97
2017-08-18,34.21,34.23,34.87,34.09
2017-08-21,34.36,35.36,35.45,34.06
2017-08-22,35.0,34.8,35.3,34.71
2017-08-23,34.78,34.79,35.17,34.5
2017-08-24,34.98,33.88,34.98,33.71
2017-08-25,33.84,34.21,34.38,33.73
2017-08-28,34.39,35.77,35.89,34.08
2017-08-29,35.61,35.6,36.06,35.5
2017-08-30,35.59,35.55,35.9,35.18
2017-08-31,35.4,36.28,36.32,35.4
2017-09-01,36.03,36.31,36.38,35.77
2017-09-04,36.32,36.8,37.3,36.31
2017-09-05,36.87,36.51,37.15,36.41
2017-09-06,36.3,36.16,36.38,35.58
2017-09-07,36.27,35.95,36.75,35.9
2017-09-08,36.0,35.68,36.31,35.32
2017-09-11,35.7,36.48,36.66,35.68
2017-09-12,36.48,35.19,36.5,35.01
2017-09-13,35.15,35.06,35.34,34.7
2017-09-14,34.87,34.55,35.16,34.42
2017-09-15,34.59,34.64,35.22,34.51
2017-09-18,34.64,35.11,35.17,34.58
2017-09-19,35.15,34.93,35.26,34.8
2017-09-20,34.92,34.97,35.19,34.4
2017-09-21,34.96,35.28,35.7,34.6
2017-09-22,35.29,36.44,36.66,34.74
2017-09-25,36.04,35.83,36.4,35.56
2017-09-26,35.8,34.79,35.81,34.48
2017-09-27,34.88,35.13,35.29,34.65
2017-09-28,35.05,35.92,36.65,34.96
2017-09-29,35.94,36.32,36.48,35.81
2017-10-09,36.9,36.45,37.12,36.19
2017-10-10,36.38,37.12,37.18,36.3
2017-10-11,37.13,37.73,38.58,37.13
2017-10-12,37.45,37.35,37.73,37.04
2017-10-13,37.29,37.4,38.16,37.22
2017-10-16,37.49,36.04,37.68,36.01
2017-10-17,36.13,36.42,36.6,36.0
2017-10-18,36.42,35.1,36.66,35.01
2017-10-19,35.1,35.08,35.35,34.61
2017-10-20,35.03,35.46,35.5,34.91
2017-10-23,35.3,36.11,36.23,35.3
2017-10-24,36.11,35.81,36.27,35.41
2017-10-25,35.67,37.07,37.15,35.67
2017-10-26,37.01,37.11,37.16,36.5
2017-10-27,37.11,36.44,37.34,36.29
2017-10-30,36.24,34.93,36.55,34.9
2017-10-31,35.0,35.46,35.53,34.75
2017-11-01,35.4,35.98,36.0,35.32
2017-11-02,35.93,36.57,36.93,35.52
2017-11-03,36.5,36.01,36.8,35.43
2017-11-06,36.09,37.6,37.66,35.73
2017-11-07,37.33,37.58,37.73,36.95
2017-11-08,37.48,37.13,38.16,37.06
2017-11-09,37.21,38.14,38.17,36.83
2017-11-10,38.23,38.78,39.32,37.8
2017-11-13,38.7,38.65,38.99,38.18
2017-11-14,38.63,38.05,39.15,38.01
2017-11-15,38.0,37.05,38.1,36.78
2017-11-16,37.18,36.49,37.19,36.46
2017-11-17,36.65,33.88,36.65,33.52
2017-11-20,33.79,33.92,33.98,32.69
2017-11-21,33.78,33.38,33.9,32.0
2017-11-22,33.16,33.22,33.74,32.75
2017-11-23,33.09,32.17,33.09,32.16
2017-11-24,31.9,31.74,32.48,31.65
2017-11-27,31.7,31.52,32.12,31.39
2017-11-28,31.57,32.24,32.28,31.53
2017-11-29,32.5,32.21,32.5,31.58
2017-11-30,32.02,32.12,32.66,31.9
2017-12-01,32.24,32.48,32.53,32.04
2017-12-04,32.3,30.41,32.3,30.2
2017-12-05,30.5,29.82,30.93,29.5
2017-12-06,29.97,30.7,30.82,29.71
2017-12-07,30.67,30.15,30.77,30.02
2017-12-08,30.2,31.02,31.1,30.2
2017-12-11,31.12,31.19,31.42,30.82
2017-12-12,31.19,30.54,31.22,30.51
2017-12-13,30.55,31.04,31.1,30.36
2017-12-14,31.27,31.2,31.39,30.7
2017-12-15,31.11,31.03,31.5,30.76
2017-12-18,31.13,30.78,31.3,30.6
2017-12-19,31.07,31.18,31.37,30.79
2017-12-20,31.15,30.51,31.15,30.5
2017-12-21,30.51,30.86,31.09,30.21
2017-12-22,31.02,30.65,31.02,30.45
2017-12-25,30.64,29.91,30.98,29.8
2017-12-26,29.99,30.87,31.08,29.91
2017-12-27,30.87,30.9,31.2,30.73
2017-12-28,30.79,31.08,31.44,30.77
2017-12-29,31.08,31.32,31.5,31.03
2018-01-02,31.3,31.65,31.88,31.12
2018-01-03,31.73,32.14,32.45,31.48
2018-01-04,32.3,32.07,32.52,31.8
2018-01-05,32.09,32.1,32.33,31.89
2018-01-08,32.08,32.07,32.08,31.52
2018-01-09,32.09,32.28,32.38,31.84
2018-01-10,32.35,31.72,32.35,31.56
2018-01-11,31.5,32.08,32.16,31.5
2018-01-12,31.94,31.81,32.23,31.7
2018-01-15,31.74,30.79,31.74,30.51
2018-01-16,30.75,30.95,31.45,30.6
2018-01-17,30.81,31.49,31.76,30.51
2018-01-18,31.51,31.13,31.62,31.0
2018-01-19,31.02,31.1,31.46,30.92
2018-01-22,28.66,27.99,29.3,27.99
2018-01-23,28.0,27.79,28.35,27.6
2018-01-24,27.7,27.89,28.08,27.4
2018-01-25,28.0,28.72,29.16,27.72
2018-01-26,28.98,28.68,28.98,28.28
2018-01-29,28.87,28.49,28.88,28.05
2018-01-30,28.25,28.74,28.87,28.25
2018-01-31,28.74,28.44,28.75,28.02
2018-02-01,27.9,27.37,28.28,27.33
2018-02-02,27.15,26.72,27.45,26.0
2018-02-05,26.5,26.45,26.62,26.2
2018-02-06,26.28,24.29,26.28,24.21
2018-02-07,25.06,24.29,25.21,23.5
2018-02-08,24.3,25.17,25.34,24.03
2018-02-09,24.6,24.58,25.26,24.1
2018-02-12,24.48,25.09,25.48,24.48
2018-02-13,25.34,24.94,25.34,24.83
2018-02-14,24.83,24.87,25.1,24.72
2018-02-22,24.94,25.09,25.28,24.91
2018-02-23,25.08,25.09,25.16,24.85
2018-02-26,25.23,26.13,26.4,25.15
2018-02-27,26.23,26.69,27.89,26.13
2018-02-28,26.5,27.87,28.35,26.3
2018-03-01,27.53,29.59,29.74,27.53
2018-03-02,29.33,29.7,30.88,29.31
2018-03-05,29.97,30.88,31.0,29.73
2018-03-06,30.6,31.38,31.83,30.59
2018-03-07,31.23,30.73,31.58,30.36
2018-03-08,30.8,30.26,30.8,29.95
2018-03-09,30.51,30.5,30.94,30.03
2018-03-12,31.02,31.74,32.3,30.63
2018-03-13,31.58,32.26,32.98,31.33
2018-03-14,32.18,31.23,32.22,30.92
2018-03-15,31.17,30.82,32.05,30.51
2018-03-16,30.81,30.38,31.29,30.31
2018-03-19,30.37,30.6,31.0,30.22
2018-03-20,30.5,31.29,31.8,30.11
2018-03-21,31.18,30.24,31.65,29.71
2018-03-22,30.28,29.8,30.5,29.27
2018-03-23,28.8,27.95,29.09,27.3
2018-03-26,27.96,29.18,29.19,27.02
2018-03-27,29.38,29.98,30.38,29.21
2018-03-28,29.6,29.85,30.09,29.43
2018-03-29,29.89,30.02,30.83,29.8
2018-03-30,30.09,32.11,32.5,30.09
2018-04-02,32.25,31.91,32.8,31.71
2018-04-03,31.5,31.73,31.99,31.23
2018-04-04,31.74,31.37,32.39,31.12
2018-04-09,30.85,31.03,31.35,30.71
2018-04-10,31.15,30.59,31.33,29.9
2018-04-11,30.61,31.04,31.3,30.34
2018-04-12,30.71,30.46,31.2,30.28
2018-04-13,30.59,31.79,31.85,30.47
2018-04-16,31.54,32.06,32.42,31.22
2018-04-17,31.9,30.58,32.39,30.13
2018-04-18,30.01,30.33,30.56,28.88
2018-04-19,30.18,30.89,31.35,29.9
2018-04-20,30.8,30.14,31.18,30.05
2018-04-23,30.1,29.57,30.55,29.22
2018-04-24,29.5,30.38,30.58,29.35
2018-04-25,30.48,31.6,31.64,30.01
2018-04-26,31.59,30.81,31.59,30.66
2018-04-27,31.0,30.34,31.19,30.02
2018-05-02,30.41,29.88,30.64,29.42
2018-05-03,29.91,30.85,30.86,29.35
2018-05-04,30.59,30.62,30.86,30.41
2018-05-07,30.8,32.57,32.69,30.5
2018-05-08,32.95,32.86,33.96,32.64
2018-05-09,32.8,32.63,32.95,32.21
2018-05-10,32.56,32.86,33.23,32.33
2018-05-11,32.67,31.74,33.12,31.67
2018-05-14,31.66,31.58,31.98,31.28
2018-05-15,31.63,32.3,32.32,31.33
2018-05-16,32.23,31.8,32.35,31.61
2018-05-17,31.92,31.94,31.99,31.63
2018-05-18,31.93,31.59,32.2,31.3
2018-05-21,31.94,32.28,32.38,31.66
2018-05-22,32.02,32.3,32.47,31.85
2018-05-23,32.32,32.37,32.72,32.07
2018-05-24,32.6,31.61,32.6,31.41
2018-05-25,31.78,31.9,32.09,31.42
