date,open,close,high,low
2017-06-13,7.744,7.744,7.744,7.744
2017-06-14,8.519,8.519,8.519,8.519
2017-06-15,9.371,9.371,9.371,9.371
2017-06-16,10.308,10.308,10.308,10.308
2017-06-19,11.337,11.337,11.337,11.337
2017-06-20,12.471,12.471,12.471,12.471
2017-06-21,13.719,13.719,13.719,13.719
2017-06-22,15.093,15.093,15.093,15.093
2017-06-23,16.6,16.6,16.6,16.6
2017-06-26,18.263,17.848,18.263,17.263
2017-06-27,17.65,16.692,18.052,16.544
2017-06-28,16.149,15.832,16.502,15.607
2017-06-29,15.861,15.987,16.135,15.642
2017-06-30,15.67,16.875,17.263,15.642
2017-07-03,16.6,16.629,16.784,16.241
2017-07-04,16.91,16.445,17.319,16.178
2017-07-05,16.319,16.868,17.051,16.262
2017-07-06,16.826,16.629,17.051,16.283
2017-07-07,16.636,16.981,17.249,16.495
2017-07-10,16.629,16.058,16.685,15.748
2017-07-11,16.037,16.072,16.206,15.818
2017-07-12,16.206,16.185,16.206,15.713
2017-07-13,16.037,16.016,16.452,15.889
2017-07-14,16.121,15.868,16.121,15.642
2017-07-17,15.854,14.282,15.854,14.282
2017-07-18,13.831,13.838,14.233,13.43
2017-07-19,13.705,13.852,14.48,13.613
2017-07-20,13.733,13.831,14.268,13.606
2017-07-21,13.726,13.662,14.057,13.514
2017-07-24,13.599,13.557,13.69,12.929
2017-07-25,13.472,13.535,13.697,13.402
2017-07-26,13.542,13.338,13.712,13.204
2017-07-27,13.239,13.712,13.824,13.183
2017-07-28,13.719,13.733,13.965,13.535
2017-07-31,13.719,13.867,13.972,13.613
2017-08-01,13.845,13.867,13.958,13.697
2017-08-02,13.867,13.239,13.867,13.211
2017-08-03,13.211,13.338,13.571,13.176
2017-08-04,13.338,13.402,13.493,13.282
2017-08-07,13.423,13.359,13.514,13.232
2017-08-08,13.387,13.423,13.451,13.204
2017-08-09,13.444,13.211,13.444,13.197
2017-08-10,13.254,13.07,13.373,13.042
2017-08-11,12.965,13.218,13.239,12.824
2017-08-14,13.077,13.606,14.007,13.077
2017-08-15,13.62,13.683,13.895,13.62
2017-08-16,13.705,14.036,14.289,13.606
2017-08-17,14.092,14.099,14.409,13.796
2017-08-18,13.993,13.747,14.007,13.74
2017-08-21,13.761,13.895,14.057,13.74
2017-08-22,13.93,13.951,14.057,13.874
2017-08-23,13.944,14.007,14.212,13.845
2017-08-24,14.022,14.036,14.515,14.022
2017-08-25,13.979,14.62,14.712,13.965
2017-08-28,14.635,15.107,15.276,14.635
2017-08-29,14.952,15.071,15.628,14.909
2017-08-30,14.832,15.234,15.276,14.804
2017-08-31,15.318,15.832,15.889,15.318
2017-09-01,15.854,15.663,15.938,15.283
2017-09-04,15.663,15.135,15.67,15.086
2017-09-05,15.142,15.128,15.346,15.071
2017-09-06,14.994,14.916,15.135,14.677
2017-09-07,15.043,14.916,15.135,14.888
2017-09-08,14.797,14.684,14.938,14.585
2017-09-11,14.67,15.374,15.544,14.67
2017-09-12,15.367,16.178,16.551,15.234
2017-09-13,15.987,16.431,16.551,15.966
2017-09-14,16.417,16.699,16.784,16.241
2017-09-15,16.699,16.157,17.566,16.065
2017-09-18,16.403,16.206,16.558,15.762
2017-09-19,16.164,16.586,16.833,15.896
2017-09-20,16.558,16.544,16.826,16.333
2017-09-21,16.467,16.396,16.664,16.157
2017-09-22,16.375,16.558,16.875,16.241
2017-09-25,16.424,16.474,16.629,16.227
2017-09-26,16.206,15.783,16.467,15.614
2017-09-27,15.762,15.917,16.142,15.508
2017-09-28,16.051,15.917,16.206,15.79
2017-09-29,15.889,15.875,15.994,15.804
2017-10-09,16.22,15.896,16.22,15.825
2017-10-10,15.896,16.192,16.206,15.896
2017-10-11,16.164,15.882,16.509,15.854
2017-10-12,15.889,15.924,16.121,15.656
2017-10-13,15.839,16.192,16.452,15.839
2017-10-16,16.171,15.593,16.262,15.586
2017-10-17,15.6,15.811,15.924,15.431
2017-10-18,15.811,15.706,16.058,15.508
2017-10-19,15.536,14.994,15.762,14.895
2017-10-20,15.057,15.078,15.1,14.846
2017-10-23,15.078,15.325,15.417,15.029
2017-10-24,15.727,15.297,15.903,15.248
2017-10-25,15.177,15.642,15.706,15.177
2017-10-26,15.628,15.839,15.973,15.473
2017-10-27,15.769,15.847,16.03,15.663
2017-10-30,15.797,14.909,15.797,14.867
2017-10-31,14.938,15.353,15.494,14.938
2017-11-01,15.403,15.403,15.565,15.325
2017-11-02,15.318,15.381,15.677,15.318
2017-11-03,15.353,15.304,15.6,15.191
2017-11-06,15.417,15.6,15.607,15.339
2017-11-07,15.628,15.586,15.691,15.389
2017-11-08,15.515,16.114,16.192,15.466
2017-11-09,16.044,16.149,16.241,15.839
2017-11-10,16.072,16.312,16.474,16.037
2017-11-13,16.347,16.227,16.417,16.178
2017-11-14,16.171,15.994,16.304,15.854
2017-11-15,15.994,15.952,16.185,15.903
2017-11-16,15.952,15.621,16.086,15.572
2017-11-17,15.621,14.226,15.67,14.141
2017-11-20,14.226,14.353,14.451,13.958
2017-11-21,14.205,14.691,15.043,14.205
2017-11-22,14.578,14.585,14.726,14.31
2017-11-23,14.698,14.515,15.008,14.289
2017-11-24,14.423,14.67,14.754,14.155
2017-11-27,14.367,14.557,14.783,14.367
2017-11-28,14.451,14.571,14.754,14.409
2017-11-29,14.571,14.557,14.62,14.233
2017-11-30,14.508,14.628,14.691,14.402
2017-12-01,14.522,14.677,14.74,14.501
2017-12-04,14.649,14.198,14.649,14.092
2017-12-05,14.148,13.134,14.318,12.873
2017-12-06,13.077,13.176,13.352,12.824
2017-12-07,13.162,13.106,13.218,12.972
2017-12-08,13.141,13.345,13.472,13.077
2017-12-11,13.345,13.394,13.683,13.254
2017-12-12,13.444,13.437,13.648,13.338
2017-12-13,13.55,13.535,13.613,13.345
2017-12-14,13.479,13.204,13.55,12.824
2017-12-15,13.282,13.493,13.669,13.282
2017-12-18,13.387,13.373,13.535,13.218
2017-12-19,13.444,13.599,13.775,13.352
2017-12-20,13.599,13.521,13.719,13.479
2017-12-21,13.521,13.458,13.592,13.247
2017-12-22,13.458,13.472,13.5,13.394
2017-12-25,13.444,13.465,13.761,13.303
2017-12-26,13.387,13.683,13.803,13.387
2017-12-27,13.662,13.669,13.733,13.535
2017-12-28,13.592,13.838,14.057,13.592
2017-12-29,13.838,13.845,13.937,13.69
2018-01-02,13.867,13.874,13.881,13.627
2018-01-03,13.867,13.867,13.902,13.775
2018-01-04,13.754,14.015,14.064,13.747
2018-01-05,13.923,14.007,14.247,13.923
2018-01-08,14.007,14.029,14.043,13.824
2018-01-09,13.986,13.965,14.05,13.81
2018-01-10,13.895,13.838,14.296,13.564
2018-01-11,13.705,14.057,14.303,13.705
2018-01-12,14.057,13.909,14.212,13.669
2018-01-15,13.754,13.697,13.81,13.303
2018-01-16,13.521,13.845,13.888,13.521
2018-01-17,13.881,13.93,13.993,13.662
2018-01-18,13.944,13.958,14.0,13.817
2018-01-19,13.972,13.958,14.057,13.81
2018-01-22,13.874,13.895,13.979,13.761
2018-01-23,13.902,14.036,14.071,13.796
2018-01-24,14.029,14.282,14.296,13.895
2018-01-25,14.233,14.402,14.592,14.233
2018-01-26,14.402,14.36,14.508,14.163
2018-01-29,14.374,14.571,14.585,14.31
2018-01-30,14.522,14.529,14.578,14.31
2018-01-31,14.374,14.36,14.388,13.972
2018-02-01,14.029,13.352,14.55,13.282
2018-02-02,13.423,13.458,13.528,13.084
2018-02-05,13.366,13.289,13.366,13.12
2018-02-06,12.901,12.577,13.225,12.309
2018-02-07,12.845,12.767,13.007,12.464
2018-02-08,12.612,12.753,12.972,12.5
2018-02-09,12.316,12.295,12.648,11.88
2018-02-12,12.493,12.521,12.662,12.338
2018-02-13,12.542,12.26,12.598,12.239
2018-02-14,12.331,12.274,12.331,12.021
2018-02-22,12.26,12.253,12.309,12.211
2018-02-23,12.274,12.246,12.274,12.14
2018-02-26,12.331,12.591,12.634,12.26
2018-02-27,12.493,12.556,12.655,12.422
2018-02-28,12.387,12.549,12.563,12.387
2018-03-01,12.493,12.725,12.746,12.457
2018-03-02,12.774,12.577,12.781,12.471
2018-03-05,12.577,12.549,12.598,12.464
2018-03-06,12.612,12.732,12.845,12.598
2018-03-07,12.662,12.852,12.979,12.662
2018-03-08,12.866,13.683,13.74,12.866
2018-03-09,13.648,13.655,13.824,13.416
2018-03-12,14.092,13.958,14.191,13.775
2018-03-13,14.395,13.789,14.62,13.62
2018-03-14,13.535,13.62,13.831,13.409
2018-03-15,13.613,13.106,13.613,12.831
2018-03-16,13.099,13.197,13.366,12.972
2018-03-19,13.176,13.317,13.387,13.056
2018-03-20,13.19,13.261,13.331,13.106
2018-03-21,13.366,13.204,13.479,13.134
2018-03-22,13.247,13.31,13.38,13.12
2018-03-23,12.894,12.119,13.141,11.978
2018-03-26,11.992,12.302,12.316,11.788
2018-03-27,12.436,12.612,12.69,12.359
2018-03-28,12.401,12.711,12.88,12.295
2018-03-29,12.725,13.19,13.239,12.711
2018-03-30,13.176,13.303,13.345,13.007
2018-04-02,13.444,13.155,13.451,13.042
2018-04-03,12.887,13.338,13.373,12.887
2018-04-04,13.43,13.599,13.782,13.127
2018-04-09,13.542,13.599,13.613,13.035
2018-04-10,13.634,13.5,13.634,13.331
2018-04-11,13.5,13.782,13.81,13.5
2018-04-12,13.93,13.909,14.226,13.789
2018-04-13,13.986,13.683,14.289,13.606
2018-04-16,13.599,13.43,13.669,13.289
2018-04-17,13.514,12.866,13.648,12.704
2018-04-18,13.007,13.035,13.099,12.436
2018-04-19,13.028,12.824,13.148,12.796
2018-04-20,12.824,12.443,13.106,12.302
2018-04-23,12.528,12.542,12.711,12.352
2018-04-24,12.45,12.979,13.028,12.366
2018-04-25,13.007,13.07,13.141,12.81
2018-04-26,13.3,12.94,13.5,12.9
2018-04-27,12.62,12.53,12.85,12.48
2018-05-02,12.55,12.45,12.72,12.23
2018-05-03,12.43,12.66,12.69,12.14
2018-05-04,12.54,12.63,12.88,12.53
2018-05-07,12.55,12.89,13.04,12.55
2018-05-08,12.89,13.02,13.1,12.86
2018-05-09,13.02,13.15,13.3,12.93
2018-05-10,13.03,13.58,13.62,13.03
2018-05-11,13.55,12.98,13.62,12.93
2018-05-14,12.99,12.63,13.15,12.3
2018-05-15,12.7,13.39,13.47,12.61
2018-05-16,13.33,13.54,14.3,13.2
2018-05-17,13.94,14.19,14.89,13.65
2018-05-18,15.61,15.61,15.61,14.5
2018-05-21,14.74,16.23,17.0,14.62
2018-05-22,15.57,15.49,15.88,14.98
2018-05-23,14.9,14.52,15.28,14.3
2018-05-24,14.49,14.29,14.63,14.18
2018-05-25,14.38,14.34,14.95,14.19
