date,open,close,high,low
2017-05-03,4.49,5.39,5.39,4.49
2017-05-04,5.93,5.93,5.93,5.93
2017-05-05,6.52,6.52,6.52,6.52
2017-05-08,7.17,7.17,7.17,7.17
2017-05-09,7.89,7.89,7.89,7.89
2017-05-10,8.68,8.68,8.68,8.68
2017-05-11,9.55,9.55,9.55,9.55
2017-05-12,10.51,10.51,10.51,10.51
2017-05-15,11.56,11.56,11.56,11.56
2017-05-16,12.72,12.72,12.72,12.72
2017-05-17,13.99,13.99,13.99,13.99
2017-05-18,15.39,15.39,15.39,15.39
2017-05-19,16.93,16.93,16.93,16.93
2017-05-22,18.62,18.62,18.62,18.62
2017-05-23,20.48,20.48,20.48,20.11
2017-05-24,20.48,22.53,22.53,20.12
2017-05-25,24.78,23.28,24.78,21.4
2017-05-26,24.0,23.97,25.52,23.3
2017-05-31,25.12,22.73,26.37,22.51
2017-06-01,22.6,22.2,23.59,21.73
2017-06-02,20.41,20.14,21.2,19.98
2017-06-05,21.11,21.42,22.15,20.65
2017-06-06,20.02,20.28,20.88,19.5
2017-06-07,20.12,21.0,21.69,20.06
2017-06-08,20.81,19.82,20.88,19.68
2017-06-09,19.6,19.88,20.2,19.39
2017-06-12,19.0,18.01,19.42,17.89
2017-06-13,17.7,18.69,19.25,17.66
2017-06-14,18.46,17.95,18.57,17.8
2017-06-15,17.91,18.61,19.13,17.91
2017-06-16,18.8,18.91,20.2,18.2
2017-06-19,18.59,18.97,19.1,18.32
2017-06-20,18.79,18.94,19.78,18.71
2017-06-21,19.14,19.67,20.28,19.0
2017-06-22,19.25,18.47,19.53,18.4
2017-06-23,18.01,18.74,18.84,18.01
2017-06-26,18.66,19.16,19.48,18.4
2017-06-27,19.08,19.21,19.4,18.9
2017-06-28,19.19,19.62,20.55,19.18
2017-06-29,19.42,20.01,20.1,19.12
2017-06-30,19.85,20.61,21.58,19.71
2017-07-03,20.71,22.34,22.67,20.71
2017-07-04,22.1,22.07,23.27,21.6
2017-07-05,22.15,23.52,23.6,21.5
2017-07-06,23.29,25.31,25.76,22.9
2017-07-07,24.73,25.24,25.88,24.32
2017-07-10,23.52,22.72,23.98,22.72
2017-07-11,22.24,21.35,23.17,21.26
2017-07-12,21.42,22.01,22.15,21.0
2017-07-13,21.84,21.13,21.94,20.88
2017-07-14,21.08,21.46,21.5,20.64
2017-07-17,20.95,19.31,20.95,19.31
2017-07-18,18.51,18.91,19.06,18.12
2017-07-19,18.88,20.08,20.43,18.5
2017-07-20,19.8,19.95,20.73,19.71
2017-07-21,19.66,19.57,19.92,19.3
2017-07-24,19.31,20.1,20.26,18.6
2017-07-25,20.15,19.6,20.35,19.48
2017-07-26,19.65,19.73,20.23,19.53
2017-07-27,19.5,19.66,19.99,18.89
2017-07-28,19.4,20.41,20.8,19.29
2017-07-31,20.48,22.21,22.45,20.25
2017-08-01,22.1,24.43,24.43,21.21
2017-08-02,23.51,24.63,26.51,23.4
2017-08-03,23.95,23.12,24.43,23.0
2017-08-04,22.91,22.03,23.6,21.78
2017-08-07,21.7,22.13,22.37,21.6
2017-08-08,21.92,21.34,22.3,21.28
2017-08-09,21.18,21.53,21.68,21.1
2017-08-10,21.36,22.17,22.2,20.91
2017-08-11,21.85,20.64,22.08,20.53
2017-08-14,20.46,20.89,21.15,19.82
2017-08-15,20.65,22.62,22.86,20.53
2017-08-16,22.38,22.56,23.18,22.0
2017-08-17,22.69,22.81,23.15,22.13
2017-08-18,22.29,21.27,22.5,20.83
2017-08-21,21.2,21.59,21.7,21.19
2017-08-22,21.57,22.8,23.14,21.19
2017-08-23,22.48,22.1,22.8,21.94
2017-08-24,22.15,21.47,22.34,21.35
2017-08-25,21.21,22.26,22.8,21.14
2017-08-28,22.1,23.17,23.65,22.01
2017-08-29,22.97,25.49,25.49,22.88
2017-08-30,26.22,24.75,26.33,24.38
2017-08-31,24.99,27.23,27.23,24.75
2017-09-01,29.15,27.51,29.95,27.41
2017-09-04,26.45,25.18,26.79,25.08
2017-09-05,25.09,25.17,25.67,24.48
2017-09-06,24.7,25.52,25.88,24.56
2017-09-07,25.3,27.15,27.28,25.16
2017-09-08,26.79,26.86,27.35,26.2
2017-09-11,26.49,27.88,28.2,26.36
2017-09-12,27.69,25.6,27.73,25.09
2017-09-13,25.1,26.39,26.48,25.1
2017-09-14,26.36,25.84,27.2,25.5
2017-09-15,25.74,25.59,26.19,25.16
2017-09-18,25.39,27.14,27.28,25.18
2017-09-19,27.1,27.47,27.56,26.58
2017-09-20,27.18,28.28,28.88,26.88
2017-09-21,28.0,26.46,28.0,26.4
2017-09-22,26.2,26.97,27.79,26.2
2017-09-25,27.01,27.84,29.5,27.0
2017-09-26,28.8,30.62,30.62,28.0
2017-09-27,31.9,29.45,31.9,27.8
2017-09-28,28.16,30.32,30.6,28.16
2017-09-29,30.2,29.29,30.95,28.9
2017-10-09,29.85,29.61,29.96,28.56
2017-10-10,29.39,29.94,30.18,29.05
2017-10-11,29.62,30.8,30.9,28.16
2017-10-12,30.3,29.85,30.98,29.51
2017-10-13,29.23,28.94,29.84,28.8
2017-10-16,28.56,28.54,29.62,28.0
2017-10-17,28.39,28.58,28.95,28.22
2017-10-18,28.7,25.92,28.89,25.72
2017-10-19,25.62,25.0,26.19,24.95
2017-10-20,24.78,25.94,26.16,24.78
2017-10-23,25.88,25.98,26.29,25.52
2017-10-24,25.85,25.95,26.35,25.69
2017-10-25,25.85,26.02,26.1,25.7
2017-10-26,25.92,27.23,27.3,25.88
2017-10-27,27.12,26.76,27.64,26.66
2017-10-30,26.76,24.78,26.99,24.56
2017-10-31,24.99,25.28,25.6,24.78
2017-11-01,25.2,25.75,25.98,25.04
2017-11-02,25.7,24.98,25.75,24.9
2017-11-03,24.98,23.82,25.15,23.5
2017-11-06,23.85,24.27,24.32,23.73
2017-11-07,24.29,24.14,24.44,23.51
2017-11-08,24.01,24.49,24.85,23.76
2017-11-09,24.4,24.45,24.85,24.08
2017-11-10,24.49,24.0,24.5,23.9
2017-11-13,24.02,24.4,24.53,23.73
2017-11-14,24.3,23.81,24.46,23.7
2017-11-15,23.6,22.15,23.6,21.99
2017-11-16,22.01,21.26,22.23,21.22
2017-11-17,21.22,19.67,21.59,19.2
2017-11-20,19.28,19.51,19.63,18.5
2017-11-21,19.49,19.59,19.84,18.88
2017-11-22,19.45,19.43,19.8,19.21
2017-11-23,19.4,19.01,19.89,19.0
2017-11-24,19.02,19.73,19.89,18.88
2017-11-27,19.74,19.98,20.33,19.5
2017-11-28,19.96,20.05,20.35,19.45
2017-11-29,19.91,21.08,21.46,19.91
2017-11-30,20.88,20.53,20.98,20.38
2017-12-01,20.39,20.19,20.77,20.12
2017-12-04,19.96,19.06,20.36,19.01
2017-12-05,18.8,17.98,19.25,17.9
2017-12-06,18.1,18.55,18.58,17.87
2017-12-07,18.58,18.52,18.95,18.31
2017-12-08,18.5,19.23,19.43,18.37
2017-12-11,19.11,19.26,19.33,18.98
2017-12-12,19.09,18.55,19.26,18.53
2017-12-13,18.67,18.62,18.67,18.2
2017-12-14,18.5,18.51,18.66,18.23
2017-12-15,18.54,18.72,18.8,18.41
2017-12-18,18.97,18.61,18.97,18.24
2017-12-19,18.6,18.87,19.03,18.5
2017-12-20,18.86,18.58,19.17,18.46
2017-12-21,18.55,18.43,18.56,18.02
2017-12-22,18.4,18.45,18.79,18.25
2017-12-25,18.42,18.25,18.58,18.12
2017-12-26,18.25,19.11,19.43,18.14
2017-12-27,19.03,21.02,21.02,18.81
2017-12-28,21.1,22.13,23.12,21.1
2017-12-29,21.35,20.78,21.7,20.57
2018-01-02,20.66,20.82,21.2,20.66
2018-01-03,20.8,21.46,22.13,20.75
2018-01-04,21.04,21.49,21.98,21.02
2018-01-05,21.9,21.53,22.18,21.5
2018-01-08,21.25,22.3,22.5,20.88
2018-01-09,22.11,21.71,22.22,21.66
2018-01-10,21.62,21.05,22.04,20.86
2018-01-11,21.02,21.35,21.8,21.0
2018-01-12,21.1,20.76,21.43,20.71
2018-01-15,20.77,20.38,21.08,20.36
2018-01-16,20.41,21.15,21.24,20.41
2018-01-17,21.42,22.1,22.12,20.59
2018-01-18,21.8,21.56,22.2,21.44
2018-01-19,21.74,21.49,21.91,21.28
2018-01-22,22.0,21.96,22.92,21.6
2018-01-23,21.37,22.51,22.9,21.37
2018-01-24,22.3,22.43,22.59,22.0
2018-01-25,22.46,22.02,22.96,21.91
2018-01-26,21.71,21.21,21.86,21.07
2018-01-29,21.1,21.31,21.55,20.92
2018-01-30,21.16,21.89,21.95,20.91
2018-01-31,22.41,21.18,22.75,21.07
2018-02-01,21.2,21.6,22.89,20.82
2018-02-02,20.5,20.64,20.89,19.44
2018-02-05,20.15,21.88,21.93,20.12
2018-02-06,21.4,20.38,22.43,20.11
2018-02-07,20.89,20.42,21.3,20.0
2018-02-08,20.69,20.29,20.95,20.21
2018-02-09,19.55,18.46,20.15,18.4
2018-02-12,18.81,19.13,19.46,18.6
2018-02-13,19.6,18.86,19.89,18.8
2018-02-14,18.88,19.86,19.98,18.8
2018-02-22,20.0,21.55,21.77,19.82
2018-02-23,21.87,21.78,22.0,21.02
2018-02-26,21.84,22.82,23.1,21.7
2018-02-27,22.55,22.37,23.0,22.09
2018-02-28,21.84,22.89,24.49,21.76
2018-03-01,23.19,24.68,25.18,23.1
2018-03-02,24.0,24.06,24.85,23.65
2018-03-05,24.35,24.16,24.78,23.58
2018-03-06,24.3,23.83,24.3,23.58
2018-03-07,23.64,23.57,23.98,23.21
2018-03-08,23.58,23.69,23.95,23.39
2018-03-09,23.76,23.7,23.78,23.0
2018-03-12,23.6,24.77,24.8,23.45
2018-03-13,24.6,24.13,24.6,24.09
2018-03-14,24.11,23.7,24.96,23.61
2018-03-15,23.22,23.18,23.64,22.51
2018-03-16,23.05,22.89,23.29,22.87
2018-03-19,22.73,23.1,23.3,22.56
2018-03-20,22.8,22.73,22.99,22.56
2018-03-21,22.84,23.61,23.81,22.71
2018-03-22,23.49,23.09,23.7,22.87
2018-03-23,22.0,20.78,22.35,20.78
2018-03-26,20.0,20.91,20.98,19.25
2018-03-27,21.0,21.53,21.95,21.0
2018-03-28,21.1,20.76,21.28,20.6
2018-03-29,20.72,21.16,21.28,20.72
2018-03-30,21.35,21.27,21.49,21.2
2018-04-02,21.35,21.49,21.8,21.11
2018-04-03,20.8,20.82,21.17,20.71
2018-04-04,20.95,21.04,21.36,20.3
2018-04-09,21.0,21.52,21.56,20.61
2018-04-10,21.33,22.33,22.5,21.33
2018-04-11,22.3,22.19,22.63,22.01
2018-04-12,22.3,21.55,22.3,21.51
2018-04-13,21.71,22.0,22.09,21.3
2018-04-16,21.82,21.15,22.01,20.91
2018-04-17,21.25,20.46,21.43,20.4
2018-04-18,20.59,20.7,20.78,20.06
2018-04-19,20.73,20.86,21.13,20.7
2018-04-20,20.59,19.75,20.88,19.52
2018-04-23,19.15,19.31,19.85,19.15
2018-04-24,19.49,19.77,19.83,19.49
2018-04-25,19.7,20.03,20.25,19.48
2018-04-26,19.86,18.93,19.98,18.9
2018-04-27,19.0,18.61,19.2,18.48
2018-05-02,18.71,18.89,18.94,18.6
2018-05-03,18.0,18.76,18.83,17.6
2018-05-04,18.69,18.31,18.84,18.27
2018-05-07,18.15,18.36,18.6,18.1
2018-05-08,18.4,18.31,18.46,18.27
2018-05-09,18.22,18.15,18.35,18.05
2018-05-10,18.22,18.49,18.65,18.22
2018-05-11,18.64,19.05,19.49,18.26
2018-05-14,19.0,18.9,19.08,18.75
2018-05-15,18.9,18.78,18.9,18.47
2018-05-16,18.62,18.47,18.76,18.41
2018-05-17,18.32,18.57,19.08,18.23
2018-05-18,18.36,18.74,18.88,18.35
2018-05-21,18.7,19.95,20.61,18.43
2018-05-22,19.52,19.59,19.74,19.38
2018-05-23,19.47,19.16,19.87,19.13
2018-05-24,19.05,19.08,19.42,18.92
2018-05-25,19.09,19.2,19.45,19.08
