date,open,close,high,low
2017-09-04,15.8,18.96,18.96,15.8
2017-09-05,20.86,20.86,20.86,20.86
2017-09-06,22.95,22.95,22.95,22.95
2017-09-07,25.25,25.25,25.25,25.25
2017-09-08,27.78,27.78,27.78,27.78
2017-09-11,30.56,30.56,30.56,30.56
2017-09-12,33.62,33.62,33.62,33.62
2017-09-13,36.98,36.98,36.98,36.98
2017-09-14,40.68,40.68,40.68,40.68
2017-09-15,44.75,44.75,44.75,44.75
2017-09-18,44.0,40.28,44.0,40.28
2017-09-19,36.6,38.32,40.12,36.58
2017-09-20,37.48,39.71,40.72,37.09
2017-09-21,40.6,37.1,40.7,36.92
2017-09-22,36.0,36.2,37.4,35.11
2017-09-25,36.39,39.82,39.82,36.39
2017-09-26,37.82,35.84,38.25,35.84
2017-09-27,34.54,35.38,35.55,34.1
2017-09-28,35.46,34.15,36.0,34.1
2017-09-29,33.8,32.64,34.43,32.1
2017-10-09,32.82,32.8,33.0,32.2
2017-10-10,32.75,33.49,33.8,32.55
2017-10-11,33.38,32.22,33.38,32.13
2017-10-12,32.0,32.13,32.46,31.4
2017-10-13,32.13,32.69,33.06,31.96
2017-10-16,32.4,33.11,33.46,31.5
2017-10-17,32.56,33.32,33.8,32.5
2017-10-18,33.1,32.11,33.16,31.8
2017-10-19,32.05,30.73,32.33,30.58
2017-10-20,30.5,31.02,31.08,30.5
2017-10-23,30.82,31.12,31.3,30.51
2017-10-24,31.02,30.02,31.04,29.6
2017-10-25,30.13,30.49,30.5,29.91
2017-10-26,30.36,33.54,33.54,30.2
2017-10-27,33.67,34.67,35.88,33.0
2017-10-30,33.41,32.94,33.98,32.4
2017-10-31,32.95,34.64,35.36,32.33
2017-11-01,34.99,36.56,37.49,33.71
2017-11-02,35.7,35.95,36.16,35.01
2017-11-03,35.66,34.3,35.75,33.98
2017-11-06,34.26,34.16,35.08,34.0
2017-11-07,34.33,36.87,37.46,34.17
2017-11-08,36.1,37.54,37.8,35.68
2017-11-09,37.0,36.48,37.5,36.38
2017-11-10,36.35,35.88,36.35,35.08
2017-11-13,35.6,35.87,36.45,35.21
2017-11-14,35.84,33.13,35.94,32.96
2017-11-15,32.62,31.16,32.91,31.03
2017-11-16,31.16,31.28,31.55,30.51
2017-11-17,31.28,28.15,31.35,28.15
2017-11-20,27.35,28.0,28.4,25.61
2017-11-21,28.26,27.68,28.6,26.66
2017-11-22,27.6,28.29,28.6,27.22
2017-11-23,28.18,26.26,28.18,26.1
2017-11-24,25.38,26.22,26.75,25.38
2017-11-27,26.39,25.92,26.65,25.8
2017-11-28,25.99,26.36,26.5,25.98
2017-11-29,26.3,25.82,26.46,25.4
2017-11-30,25.79,26.28,26.48,25.76
2017-12-01,26.32,27.56,28.2,26.01
2017-12-04,27.03,25.57,27.4,25.51
2017-12-05,25.5,24.08,26.15,23.8
2017-12-06,24.12,24.56,24.66,23.74
2017-12-07,24.33,24.39,24.8,24.22
2017-12-08,24.3,24.81,25.35,24.2
2017-12-11,24.81,25.19,25.3,24.76
2017-12-12,25.2,24.37,25.2,24.24
2017-12-13,24.35,24.73,24.83,24.2
2017-12-14,25.0,25.18,25.25,24.73
2017-12-15,25.2,24.48,25.25,24.36
2017-12-18,24.51,24.82,24.86,24.15
2017-12-19,24.69,24.89,24.94,24.65
2017-12-20,25.09,25.39,26.1,25.09
2017-12-21,25.04,24.85,25.07,23.87
2017-12-22,24.99,24.62,25.08,24.5
2017-12-25,24.42,24.01,24.58,23.48
2017-12-26,24.01,25.8,26.07,23.71
2017-12-27,25.4,25.14,25.99,25.09
2017-12-28,25.1,25.67,25.89,24.79
2017-12-29,25.78,25.85,25.98,25.6
2018-01-02,25.61,26.04,26.85,25.61
2018-01-03,25.66,25.8,25.84,25.32
2018-01-04,26.0,25.65,26.39,25.58
2018-01-05,25.42,25.33,25.69,25.25
2018-01-08,25.03,25.18,25.32,24.73
2018-01-09,25.19,26.04,26.27,25.12
2018-01-10,26.1,26.61,26.88,25.8
2018-01-11,26.6,26.62,27.16,25.9
2018-01-12,26.21,26.32,26.63,26.08
2018-01-15,26.2,27.1,27.2,25.56
2018-01-16,27.38,28.58,29.8,26.85
2018-01-17,27.8,28.18,28.86,27.3
2018-01-18,27.9,27.71,28.68,27.65
2018-01-19,27.79,26.72,27.95,26.68
2018-01-22,26.34,26.21,26.5,25.87
2018-01-23,26.0,26.59,26.71,26.0
2018-01-24,26.59,26.51,26.85,26.21
2018-01-25,26.58,26.22,26.87,26.13
2018-01-26,26.03,25.12,26.27,25.09
2018-01-29,25.21,24.64,25.23,24.33
2018-01-30,24.5,24.71,24.82,24.46
2018-01-31,24.71,23.59,24.79,23.38
2018-02-01,23.53,22.05,23.78,21.81
2018-02-02,22.06,22.12,22.49,20.79
2018-02-05,21.8,21.76,22.09,21.37
2018-02-06,21.46,19.78,21.47,19.71
2018-02-07,20.5,20.38,21.1,19.23
2018-02-08,20.56,21.11,21.44,20.4
2018-02-09,20.0,20.08,20.8,19.9
2018-02-12,20.54,20.56,21.29,20.31
2018-02-13,20.8,20.8,21.1,20.71
2018-02-14,20.7,20.54,20.74,20.3
2018-02-22,20.56,20.95,21.07,20.55
2018-02-23,21.1,21.08,21.27,20.9
2018-02-26,21.41,21.62,21.84,21.33
2018-02-27,21.62,22.67,22.86,21.48
2018-02-28,22.24,21.98,22.24,21.78
2018-03-01,21.99,22.21,22.27,21.6
2018-03-02,22.02,22.11,22.28,22.0
2018-03-05,22.18,22.33,22.47,22.0
2018-03-06,22.21,22.44,22.76,22.21
2018-03-07,22.41,22.12,22.46,22.08
2018-03-08,22.12,22.63,22.85,22.0
2018-03-09,22.67,23.04,23.1,22.5
2018-03-12,23.44,23.16,23.44,22.78
2018-03-13,23.13,22.46,23.13,22.41
2018-03-14,22.3,22.53,22.64,22.3
2018-03-15,22.28,21.45,22.38,20.96
2018-03-16,21.5,21.12,21.62,21.08
2018-03-19,21.45,21.99,22.05,21.19
2018-03-20,22.3,22.81,23.4,21.91
2018-03-21,22.47,22.41,22.95,22.31
2018-03-22,22.44,22.41,22.64,22.21
2018-03-23,21.57,20.25,21.84,20.2
2018-03-26,20.0,20.5,20.6,18.51
2018-03-27,20.99,20.91,21.24,20.61
2018-03-28,20.51,21.49,22.59,20.5
2018-03-29,21.3,21.86,22.12,21.27
2018-03-30,21.89,22.91,22.95,21.86
2018-04-02,22.84,22.5,22.87,22.42
2018-04-03,22.05,23.03,23.1,22.05
2018-04-04,23.0,24.22,25.2,22.78
2018-04-09,23.7,23.93,24.13,23.27
2018-04-10,24.2,23.05,24.2,22.7
2018-04-11,23.11,23.46,23.98,23.11
2018-04-12,23.46,23.18,23.94,23.07
2018-04-13,23.29,23.55,23.96,23.29
2018-04-16,23.57,22.91,23.79,22.4
2018-04-17,22.77,22.6,23.39,22.3
2018-04-18,22.56,22.71,22.89,21.38
2018-04-19,22.52,22.91,23.22,22.4
2018-04-20,22.63,21.65,23.18,21.41
2018-04-23,21.17,21.65,22.16,21.17
2018-04-24,21.7,22.73,23.58,21.7
2018-04-25,22.74,23.19,23.23,22.5
2018-04-26,23.16,22.24,23.18,22.2
2018-04-27,22.21,22.0,22.53,22.0
2018-05-02,22.15,21.46,22.4,21.32
2018-05-03,21.45,21.92,21.99,21.2
2018-05-04,21.93,21.59,22.15,21.51
2018-05-07,21.68,22.38,22.47,21.6
2018-05-08,22.45,23.08,23.64,22.45
2018-05-09,22.83,23.35,23.5,22.7
2018-05-10,23.55,23.44,23.62,23.03
2018-05-11,23.4,22.86,23.48,22.83
2018-05-14,22.78,23.21,23.48,22.7
2018-05-15,23.28,23.74,23.77,23.02
2018-05-16,23.5,23.09,23.66,22.9
2018-05-17,23.13,24.19,24.35,23.07
2018-05-18,23.95,24.57,24.61,23.8
2018-05-21,24.6,24.51,24.84,24.27
2018-05-22,24.43,24.8,24.88,24.12
2018-05-23,24.68,24.86,25.42,24.41
2018-05-24,25.0,24.85,25.26,24.75
2018-05-25,25.01,25.05,25.27,24.51
