date,open,close,high,low
2016-12-22,10.596,10.596,10.596,10.596
2016-12-23,11.657,11.657,11.657,11.657
2016-12-26,12.824,12.824,12.824,12.824
2016-12-27,14.104,14.104,14.104,14.104
2016-12-28,15.517,15.517,15.517,15.517
2016-12-29,17.068,17.068,17.068,17.068
2016-12-30,18.772,18.772,18.772,18.772
2017-01-03,20.649,20.649,20.649,20.649
2017-01-04,22.711,22.711,22.711,22.711
2017-01-05,24.986,24.986,24.986,24.986
2017-01-06,27.486,26.683,27.486,25.874
2017-01-09,24.654,24.018,25.125,24.018
2017-01-10,23.54,23.58,24.787,23.301
2017-01-11,23.547,22.678,23.567,22.565
2017-01-12,22.744,22.625,23.169,22.453
2017-01-13,22.605,21.571,22.724,21.451
2017-01-16,21.153,21.259,21.929,20.138
2017-01-17,20.888,21.69,22.267,20.039
2017-01-18,21.359,21.246,21.644,21.02
2017-01-19,21.007,20.894,21.63,20.424
2017-01-20,20.821,22.181,22.811,20.748
2017-01-23,22.214,22.539,23.03,22.181
2017-01-24,22.28,21.657,22.519,21.624
2017-01-25,21.657,22.307,22.373,21.372
2017-01-26,22.38,22.128,22.519,21.816
2017-02-03,22.247,21.597,22.247,21.458
2017-02-06,21.816,22.479,22.665,21.756
2017-02-07,22.473,22.347,23.003,22.247
2017-02-08,22.214,23.454,24.19,21.756
2017-02-09,23.341,23.487,23.514,22.864
2017-02-10,23.58,22.784,23.6,22.744
2017-02-13,22.545,23.713,23.799,22.545
2017-02-14,23.547,24.21,24.429,23.48
2017-02-15,24.071,23.918,24.959,23.739
2017-02-16,23.792,23.301,23.812,22.87
2017-02-17,23.209,22.744,23.474,22.519
2017-02-20,22.625,22.512,22.705,21.756
2017-02-21,22.512,23.195,23.288,22.473
2017-02-22,23.175,23.215,23.301,22.877
2017-02-23,23.215,23.6,23.905,23.083
2017-02-24,23.606,23.951,24.203,23.454
2017-02-27,23.805,23.964,24.415,23.613
2017-02-28,23.978,23.852,24.057,23.407
2017-03-01,23.911,23.653,24.369,23.613
2017-03-02,23.659,24.084,24.124,23.407
2017-03-03,24.004,23.984,24.336,23.719
2017-03-06,23.865,25.655,25.708,23.865
2017-03-07,25.364,28.222,28.222,25.364
2017-03-08,28.182,28.785,29.548,26.803
2017-03-09,28.261,30.158,30.788,27.877
2017-03-10,29.243,30.158,31.119,29.196
2017-03-13,29.84,32.943,33.155,29.375
2017-03-14,32.426,33.52,33.672,32.001
2017-03-15,33.155,33.274,34.282,32.863
2017-03-16,32.678,35.25,35.807,32.678
2017-03-17,35.085,35.662,36.537,34.819
2017-03-20,35.655,34.972,35.655,32.094
2017-03-21,33.825,33.725,35.138,32.227
2017-03-22,37.1,37.1,37.1,35.96
2017-03-23,37.094,37.843,39.116,36.471
2017-03-24,37.505,40.363,40.966,36.809
2017-03-27,39.852,40.562,42.763,39.72
2017-03-28,40.31,40.549,40.98,39.355
2017-03-29,39.892,40.177,40.622,38.964
2017-03-30,39.72,36.159,39.919,36.159
2017-03-31,32.545,32.545,32.545,32.545
2017-04-05,29.289,30.151,32.492,29.289
2017-04-06,29.11,29.78,30.503,28.381
2017-04-07,29.979,30.92,31.411,29.866
2017-04-10,30.237,31.298,31.365,28.659
2017-04-11,31.013,32.863,33.142,30.602
2017-04-12,32.359,32.863,33.686,31.504
2017-04-13,32.684,32.313,33.042,30.045
2017-04-14,31.497,30.814,31.802,29.727
2017-04-17,28.381,27.731,28.507,27.731
2017-04-18,26.126,24.986,26.763,24.959
2017-04-19,23.931,25.781,26.179,23.547
2017-04-20,25.43,25.775,26.1,24.303
2017-04-21,25.39,24.442,25.642,24.071
2017-04-24,24.488,22.632,24.793,22.347
2017-04-25,22.632,23.626,24.051,22.433
2017-04-26,23.527,25.284,25.728,23.209
2017-04-27,24.933,26.08,26.491,24.057
2017-04-28,25.781,25.251,25.967,24.601
2017-05-02,24.767,24.177,24.959,24.11
2017-05-03,23.945,25.556,25.576,23.925
2017-05-04,25.596,25.576,26.299,24.74
2017-05-05,25.204,24.707,26.179,24.621
2017-05-08,24.25,22.234,24.541,22.234
2017-05-09,21.743,22.831,23.122,21.591
2017-05-10,22.652,22.128,23.381,22.114
2017-05-11,21.597,22.917,22.943,21.557
2017-05-12,22.804,23.023,23.195,22.565
2017-05-15,22.93,22.148,23.109,22.048
2017-05-16,22.114,23.043,23.089,21.69
2017-05-17,22.917,23.381,23.872,22.85
2017-05-18,23.01,23.52,23.838,22.95
2017-05-19,23.315,22.784,23.739,22.545
2017-05-22,22.943,20.861,22.943,20.801
2017-05-23,20.861,18.885,21.073,18.819
2017-05-24,18.885,18.951,19.15,18.341
2017-05-25,18.898,18.686,19.117,17.904
2017-05-26,18.567,18.932,19.203,18.441
2017-05-31,19.502,20.178,20.689,19.409
2017-06-01,19.886,21.16,21.809,19.502
2017-06-02,20.821,23.275,23.275,20.695
2017-06-05,23.275,22.957,23.991,22.685
2017-06-06,22.34,22.234,22.778,21.809
2017-06-07,22.114,24.177,24.395,22.081
2017-06-08,23.739,22.937,23.991,22.831
2017-06-09,22.545,23.102,23.487,22.386
2017-06-12,22.618,21.266,22.91,21.226
2017-06-13,21.352,21.756,22.506,21.206
2017-06-14,21.882,21.79,22.347,21.504
2017-06-15,21.617,22.433,22.711,21.617
2017-06-16,22.32,21.935,22.671,21.77
2017-06-19,22.068,22.214,22.439,21.896
2017-06-20,22.479,21.962,22.532,21.717
2017-06-21,22.088,21.922,22.174,21.617
2017-06-22,21.969,20.37,21.969,20.291
2017-06-23,20.172,20.158,20.357,19.336
2017-06-26,19.959,20.569,20.695,19.827
2017-06-27,20.556,20.609,20.808,20.344
2017-06-28,20.457,19.979,20.543,19.893
2017-06-29,20.019,19.966,20.284,19.88
2017-06-30,20.026,20.417,20.609,19.562
2017-07-03,20.357,20.37,20.404,19.906
2017-07-04,20.37,20.596,20.682,20.264
2017-07-05,20.974,20.835,21.173,20.603
2017-07-06,20.702,20.941,21.14,20.695
2017-07-07,20.775,22.068,22.114,20.775
2017-07-10,22.002,21.1,22.154,21.02
2017-07-11,21.35,20.82,22.01,20.68
2017-07-12,20.03,20.43,20.5,19.31
2017-07-13,20.4,19.86,20.4,19.7
2017-07-14,20.0,20.18,20.8,19.52
2017-07-17,19.52,18.16,19.8,18.16
2017-07-18,17.89,17.77,18.19,17.19
2017-07-19,17.7,17.88,18.15,17.61
2017-07-20,17.77,17.57,18.19,17.5
2017-07-21,17.45,17.04,17.68,16.8
2017-07-24,16.93,18.28,18.31,15.34
2017-07-25,18.0,19.24,19.45,17.88
2017-07-26,19.01,18.27,19.16,18.0
2017-07-27,18.35,18.5,19.0,18.34
2017-07-28,18.5,18.04,18.85,18.01
2017-07-31,18.03,17.62,18.09,17.52
2017-08-01,17.62,17.38,17.73,17.07
2017-08-02,17.4,17.06,17.5,17.01
2017-08-03,17.01,17.27,17.45,16.83
2017-08-04,17.26,16.78,17.35,16.76
2017-08-07,16.78,16.85,17.17,16.77
2017-08-08,16.85,16.56,16.99,16.38
2017-08-09,16.68,17.11,17.33,16.36
2017-08-10,16.97,16.48,17.07,16.41
2017-08-11,16.29,16.41,16.74,16.2
2017-08-14,16.41,16.83,16.85,16.34
2017-08-15,16.85,16.87,17.0,16.61
2017-08-16,16.8,17.27,17.36,16.72
2017-08-17,17.18,17.15,17.35,17.01
2017-08-18,17.0,16.84,17.14,16.8
2017-08-21,16.8,17.33,17.36,16.8
2017-08-22,17.36,17.09,17.37,17.0
2017-08-23,17.02,16.96,17.15,16.77
2017-08-24,16.95,16.86,17.14,16.76
2017-08-25,16.92,17.3,17.39,16.7
2017-08-28,17.42,17.68,17.88,17.41
2017-08-29,17.71,17.95,18.48,17.51
2017-08-30,17.89,17.58,18.12,17.5
2017-08-31,17.52,18.15,18.39,17.52
2017-09-01,18.27,18.04,18.29,17.81
2017-09-04,18.08,17.75,18.1,17.64
2017-09-05,17.75,18.37,18.39,17.6
2017-09-06,18.08,18.17,18.28,17.88
2017-09-07,18.23,19.99,19.99,18.07
2017-09-08,20.0,20.88,21.88,19.53
2017-09-11,20.56,21.31,21.54,20.13
2017-09-12,21.01,20.23,21.23,20.11
2017-09-13,20.26,20.47,20.75,19.64
2017-09-14,20.16,20.47,20.88,19.9
2017-09-15,20.27,19.93,20.45,19.9
2017-09-18,19.8,20.0,20.24,19.6
2017-09-19,20.02,20.46,20.79,19.9
2017-09-20,20.32,20.29,20.62,20.0
2017-09-21,20.06,20.3,20.88,20.06
2017-09-22,20.19,19.6,20.19,19.45
2017-09-25,19.58,19.12,19.95,19.0
2017-09-26,19.0,18.33,19.24,18.06
2017-09-27,18.32,18.54,18.67,18.17
2017-09-28,18.59,18.29,18.97,18.25
2017-09-29,18.3,18.66,18.86,18.13
2017-10-09,18.99,18.85,19.2,18.75
2017-10-10,18.99,19.61,19.98,18.87
2017-10-11,19.5,19.68,19.95,19.2
2017-10-12,19.79,19.47,19.98,19.2
2017-10-13,19.47,19.85,19.9,19.46
2017-10-16,19.81,18.92,20.15,18.88
2017-10-17,18.72,19.11,19.22,18.72
2017-10-18,19.11,18.45,19.24,18.31
2017-10-19,18.41,17.58,18.55,17.4
2017-10-20,17.57,17.94,18.01,17.57
2017-10-23,17.95,19.73,19.73,17.8
2017-10-24,19.97,20.8,21.33,19.97
2017-10-25,20.46,20.77,21.68,20.23
2017-10-26,20.84,20.48,21.36,19.91
2017-10-27,20.09,19.66,20.23,19.3
2017-10-30,19.69,18.48,19.85,18.09
2017-10-31,18.3,19.27,19.3,18.29
2017-11-01,19.2,19.33,19.46,18.76
2017-11-02,19.13,18.49,19.25,18.41
2017-11-03,18.18,18.76,18.81,18.18
2017-11-06,18.6,18.9,18.98,18.5
2017-11-07,18.8,18.71,18.8,18.38
2017-11-08,18.65,18.73,19.08,18.52
2017-11-09,18.61,18.32,18.68,18.02
2017-11-10,18.21,18.85,19.03,18.08
2017-11-13,18.7,19.48,19.7,18.42
2017-11-14,19.33,20.2,20.32,19.03
2017-11-15,19.92,19.61,20.1,19.36
2017-11-16,19.71,20.26,20.57,19.46
2017-11-17,20.0,18.23,20.15,18.23
2017-11-20,17.69,17.51,17.99,16.6
2017-11-21,17.5,17.16,17.85,17.03
2017-11-22,17.24,16.92,17.4,16.62
2017-11-23,16.9,15.85,16.9,15.79
2017-11-24,15.85,16.14,16.34,15.71
2017-11-27,16.14,15.89,16.36,15.88
2017-11-28,16.05,16.14,16.19,15.88
2017-11-29,16.14,16.43,16.46,16.1
2017-11-30,16.46,16.19,16.5,16.14
2017-12-01,16.19,16.21,16.37,16.04
2017-12-04,16.2,15.21,16.2,15.12
2017-12-05,15.09,14.35,15.4,14.08
2017-12-06,14.42,14.49,14.62,13.9
2017-12-07,14.37,14.37,14.55,14.22
2017-12-08,14.37,14.67,14.97,14.34
2017-12-11,14.66,14.71,14.86,14.57
2017-12-12,14.64,14.17,14.68,14.11
2017-12-13,14.22,14.65,14.68,14.2
2017-12-14,14.65,14.53,14.83,14.52
2017-12-15,14.56,14.97,15.03,14.46
2017-12-18,14.73,14.79,15.04,14.06
2017-12-19,14.66,14.67,14.85,14.57
2017-12-20,14.5,13.8,14.5,13.73
2017-12-21,13.77,13.17,13.78,13.15
2017-12-22,13.29,13.28,13.48,13.23
2017-12-25,13.34,13.01,13.34,12.69
2017-12-26,12.88,13.32,13.38,12.88
2017-12-27,13.32,13.5,13.6,13.24
2017-12-28,13.56,13.86,14.03,13.36
2017-12-29,13.63,13.61,13.69,13.43
2018-01-02,13.62,13.62,13.71,13.4
2018-01-03,13.64,13.77,13.79,13.44
2018-01-04,13.82,13.64,13.84,13.6
2018-01-05,13.64,13.63,13.75,13.53
2018-01-08,13.6,13.48,13.61,13.35
2018-01-09,13.48,13.54,13.61,13.38
2018-01-10,13.54,13.38,13.7,13.2
2018-01-11,13.39,13.86,13.98,13.18
2018-01-12,13.96,14.45,15.15,13.87
2018-01-15,14.15,13.43,14.15,13.11
2018-01-16,13.22,13.35,13.53,13.06
2018-01-17,13.36,13.55,13.65,13.05
2018-01-18,13.54,14.91,14.91,13.35
2018-01-19,15.0,15.06,16.15,14.45
2018-01-22,14.76,15.11,15.57,14.55
2018-01-23,14.81,15.16,15.64,14.81
2018-01-24,15.14,14.93,15.16,14.53
2018-01-25,14.7,14.58,14.91,14.53
2018-01-26,14.51,14.4,14.72,14.3
2018-01-29,14.36,14.12,14.4,13.8
2018-01-30,14.09,14.28,14.35,13.9
2018-01-31,14.24,13.62,14.3,13.3
2018-02-01,13.5,12.26,13.66,12.26
2018-02-02,12.25,11.82,12.25,11.11
2018-02-05,11.65,11.72,11.88,11.25
2018-02-06,11.68,10.55,11.68,10.55
2018-02-07,10.8,10.68,10.94,10.3
2018-02-08,10.52,11.09,11.38,10.52
2018-02-09,10.7,10.64,10.92,10.52
2018-02-12,10.65,10.99,11.04,10.65
2018-02-13,10.97,10.9,11.22,10.88
2018-02-14,10.95,11.01,11.2,10.91
2018-02-22,11.02,11.18,11.24,11.02
2018-02-23,11.25,11.3,11.38,11.1
2018-02-26,11.36,11.62,11.68,11.36
2018-02-27,11.65,11.68,11.73,11.52
2018-02-28,11.59,11.76,12.2,11.31
2018-03-01,11.54,11.8,11.99,11.51
2018-03-02,11.71,11.8,12.14,11.63
2018-03-05,11.8,11.91,11.93,11.74
2018-03-06,11.92,12.04,12.14,11.88
2018-03-07,12.04,12.57,13.11,11.96
2018-03-08,12.37,12.53,12.57,12.28
2018-03-09,12.41,12.8,12.84,12.36
2018-03-12,12.79,12.91,13.06,12.71
2018-03-13,12.92,12.68,12.99,12.64
2018-03-14,12.69,12.56,12.69,12.36
2018-03-15,12.5,12.05,12.5,11.76
2018-03-16,12.05,12.09,12.26,12.0
2018-03-19,12.2,12.41,12.42,12.01
2018-03-20,12.2,12.76,12.84,12.07
2018-03-21,12.7,12.4,12.88,12.3
2018-03-22,12.37,12.7,12.86,12.37
2018-03-23,12.25,11.43,12.32,11.43
2018-03-26,10.86,11.5,11.6,10.68
2018-03-27,11.58,11.77,11.89,11.58
2018-03-28,11.57,11.69,11.97,11.41
2018-03-29,11.77,12.86,12.86,11.77
2018-03-30,13.3,13.17,13.49,12.87
2018-04-02,12.96,12.86,13.21,12.82
2018-04-03,12.63,12.93,13.35,12.36
2018-04-04,12.79,12.95,13.17,12.64
2018-04-09,12.81,13.24,13.29,12.6
2018-04-10,13.2,13.03,13.35,12.8
2018-04-11,13.0,13.78,14.0,12.9
2018-04-12,13.58,13.65,13.82,13.38
2018-04-13,13.58,13.03,13.69,12.98
2018-04-16,12.93,12.35,12.98,12.35
2018-04-17,12.49,11.83,12.67,11.7
2018-04-18,11.98,12.0,12.15,11.46
2018-04-19,12.03,11.91,12.1,11.85
2018-04-20,11.92,11.44,11.94,11.38
2018-04-23,11.51,11.61,11.68,11.3
2018-04-24,11.58,12.0,12.2,11.54
2018-04-25,11.92,11.94,12.05,11.85
2018-04-26,11.97,11.6,12.0,11.51
2018-04-27,11.66,11.72,11.78,11.6
2018-05-02,11.74,11.75,11.93,11.55
2018-05-03,11.7,12.14,12.37,11.5
2018-05-04,12.15,12.26,12.33,12.01
2018-05-07,12.39,12.7,12.75,12.23
2018-05-08,12.61,12.99,13.17,12.55
2018-05-09,12.91,13.24,13.79,12.72
2018-05-10,14.56,14.56,14.56,14.56
2018-05-11,15.3,13.79,15.3,13.55
2018-05-14,13.2,12.99,13.35,12.68
2018-05-15,12.99,13.11,13.23,12.81
2018-05-16,13.15,12.88,13.15,12.64
2018-05-17,12.9,12.96,12.99,12.77
2018-05-18,12.9,13.05,13.17,12.75
2018-05-21,13.05,13.58,13.72,13.0
2018-05-22,13.49,13.74,13.82,13.4
2018-05-23,13.72,13.69,14.24,13.58
2018-05-24,13.61,14.12,14.4,13.32
2018-05-25,14.08,14.64,14.85,13.99
