date,open,close,high,low
2016-01-04,25.917,23.393,26.249,23.388
2016-01-05,22.134,23.52,24.062,22.134
2016-01-06,23.911,24.33,24.487,23.281
2016-01-07,23.901,21.905,23.901,21.9
2016-01-08,22.925,22.085,22.925,20.499
2016-01-11,22.036,19.879,22.305,19.879
2016-01-12,19.865,19.987,20.44,19.289
2016-01-13,20.187,18.766,20.255,18.561
2016-01-14,17.571,19.703,19.865,17.571
2016-01-15,19.523,18.352,19.757,18.005
2016-01-18,17.912,19.147,19.362,17.824
2016-01-19,19.049,20.089,20.245,19.035
2016-01-20,19.996,20.235,20.636,19.938
2016-01-21,19.865,19.24,20.67,19.045
2016-01-22,19.547,19.918,19.952,19.04
2016-01-25,20.113,20.196,20.328,19.874
2016-01-26,20.011,19.24,20.011,18.552
2016-01-27,19.191,19.215,19.318,17.693
2016-01-28,18.698,19.372,19.499,18.698
2016-01-29,19.952,20.343,20.426,19.132
2016-02-01,20.157,20.245,20.294,19.913
2016-02-02,20.006,20.836,20.89,20.006
2016-02-03,20.406,21.363,21.465,20.206
2016-02-04,21.27,22.281,22.398,21.148
2016-02-05,22.305,21.631,22.305,21.578
2016-02-15,20.792,21.358,21.612,20.265
2016-02-16,21.339,22.124,22.354,21.109
2016-02-17,22.115,22.134,22.422,21.5
2016-02-18,22.119,22.671,22.744,21.807
2016-02-19,22.456,22.422,22.895,22.207
2016-02-22,22.695,22.603,22.881,22.305
2016-02-23,22.5,21.871,22.603,21.749
2016-02-24,21.866,21.461,22.061,21.085
2016-02-25,21.612,19.708,21.753,19.333
2016-02-26,20.001,19.923,20.206,19.279
2016-02-29,19.816,18.537,19.865,18.205
2016-03-01,18.596,19.225,19.362,18.137
2016-03-02,19.523,20.484,20.68,19.035
2016-03-03,20.489,20.031,20.685,20.011
2016-03-04,19.869,19.118,20.011,18.732
2016-03-07,19.401,19.459,19.679,19.084
2016-03-08,19.298,19.24,19.591,18.395
2016-03-09,18.713,19.093,19.152,18.459
2016-03-10,19.416,18.908,19.416,18.791
2016-03-11,18.596,19.01,19.25,18.596
2016-03-14,19.572,19.928,20.362,19.04
2016-03-15,19.523,20.001,20.192,19.523
2016-03-16,20.011,19.899,20.226,19.464
2016-03-17,19.928,21.358,21.719,19.777
2016-03-18,21.866,21.617,22.158,21.358
2016-08-04,23.135,23.777,23.777,22.79
2016-08-05,23.777,22.731,23.945,22.287
2016-08-08,22.405,22.385,22.415,21.448
2016-08-09,22.365,22.375,22.405,21.813
2016-08-10,22.277,22.523,23.096,22.277
2016-08-11,22.119,21.684,22.356,21.625
2016-08-12,21.625,22.375,22.454,21.369
2016-08-15,22.257,22.563,22.701,21.941
2016-08-16,22.435,22.444,23.076,22.415
2016-08-17,22.454,22.494,22.681,22.296
2016-08-18,22.504,24.211,24.636,22.435
2016-08-19,24.182,23.955,24.458,23.668
2016-08-22,23.767,23.431,24.438,23.313
2016-08-23,23.313,23.57,23.629,23.047
2016-08-24,23.52,24.073,24.507,23.52
2016-08-25,23.984,23.698,23.984,23.135
2016-08-26,23.589,23.984,24.478,23.589
2016-08-29,24.369,24.073,24.951,24.034
2016-08-30,24.103,24.053,24.379,23.787
2016-08-31,24.053,23.441,24.053,23.264
2016-09-01,23.481,23.422,23.658,23.362
2016-09-02,23.481,23.362,23.668,23.244
2016-09-05,23.362,23.343,23.688,23.293
2016-09-06,23.471,23.609,23.728,22.938
2016-09-07,23.668,24.162,24.645,23.481
2016-09-08,24.379,26.017,26.531,24.191
2016-09-09,25.721,25.662,25.81,25.277
2016-09-12,24.774,24.793,25.504,24.724
2016-09-13,25.159,26.126,26.156,24.892
2016-09-14,26.126,26.491,26.531,25.465
2016-09-19,26.432,26.876,28.228,26.165
2016-09-20,26.767,28.593,28.623,26.481
2016-09-21,28.534,27.725,28.534,27.488
2016-09-22,27.784,28.228,29.205,27.784
2016-09-23,27.972,27.449,28.396,27.261
2016-09-26,27.34,26.452,27.636,26.156
2016-09-27,26.649,26.758,27.143,25.662
2016-09-28,26.6,28.021,28.495,26.6
2016-09-29,29.511,28.682,30.39,28.485
2016-09-30,28.919,28.475,28.998,28.041
2016-10-10,28.909,29.738,29.867,27.833
2016-10-11,29.413,29.423,29.857,29.235
2016-10-12,29.423,29.472,29.709,28.939
2016-10-13,29.077,28.603,29.097,28.327
2016-10-14,28.426,28.357,28.623,28.011
2016-10-17,28.228,28.524,28.84,28.1
2016-10-18,28.199,28.455,28.524,27.873
2016-10-19,28.317,29.956,30.301,28.258
2016-10-20,29.896,29.403,29.896,29.294
2016-10-21,29.225,29.008,29.768,28.436
2016-10-24,28.82,29.097,29.363,28.623
2016-10-25,29.324,28.741,29.334,28.692
2016-10-26,28.741,28.88,29.413,28.643
2016-10-27,28.899,28.613,29.314,28.406
2016-10-28,28.465,27.735,28.574,27.715
2016-10-31,27.636,27.952,28.139,27.241
2016-11-01,28.653,28.524,28.82,28.031
2016-11-02,28.426,28.287,28.722,28.189
2016-11-03,28.297,27.972,28.514,27.942
2016-11-04,27.972,28.475,28.603,27.735
2016-11-07,28.475,28.455,28.899,28.426
2016-11-08,28.465,28.672,28.741,28.06
2016-11-09,28.653,28.712,29.057,28.327
2016-11-10,28.969,29.225,29.353,28.643
2016-11-11,29.107,29.077,29.561,28.771
2016-11-14,29.077,29.501,29.709,29.077
2016-11-15,29.462,29.62,29.689,29.117
2016-11-16,29.511,29.521,29.886,29.344
2016-11-17,29.294,31.288,32.472,29.166
2016-11-18,30.577,33.331,34.229,30.4
2016-11-21,33.341,33.706,34.989,32.186
2016-11-22,32.561,33.509,34.012,32.561
2016-11-23,33.163,34.298,35.088,33.114
2016-11-24,33.953,36.716,37.496,33.953
2016-11-25,36.539,34.456,36.539,33.558
2016-11-28,34.525,33.598,34.555,33.104
2016-11-29,33.351,32.157,34.249,31.851
2016-11-30,32.087,32.058,32.324,31.466
2016-12-01,32.403,34.259,34.486,32.078
2016-12-02,34.545,32.768,34.723,32.532
2016-12-05,32.571,32.028,32.759,31.633
2016-12-06,32.127,32.235,33.42,32.078
2016-12-07,32.571,32.137,32.571,31.475
2016-12-08,32.147,31.762,32.226,31.584
2016-12-09,31.633,32.492,32.847,31.584
2016-12-12,31.781,31.604,34.16,31.387
2016-12-13,31.239,31.712,31.93,31.239
2016-12-14,31.772,33.331,34.081,31.712
2016-12-15,33.311,33.055,33.933,32.176
2016-12-16,32.541,31.1,33.005,30.794
2016-12-19,31.584,31.762,32.058,31.071
2016-12-20,31.584,31.268,32.048,31.061
2016-12-21,31.268,31.485,31.574,30.952
2016-12-22,31.456,31.446,32.078,31.189
2016-12-23,31.1,30.597,31.683,30.252
2016-12-26,30.597,30.883,31.071,30.104
2016-12-27,30.943,30.933,31.091,30.617
2016-12-28,30.696,30.824,31.426,30.696
2016-12-29,30.844,29.689,31.288,29.65
2016-12-30,29.353,29.64,30.202,29.353
2017-01-03,30.597,30.192,30.646,29.956
2017-01-04,29.807,30.242,30.508,29.413
2017-01-05,30.222,30.548,30.577,30.222
2017-01-06,30.775,30.232,30.775,30.005
2017-01-09,30.291,30.725,30.814,29.837
2017-01-10,30.39,32.166,32.226,30.39
2017-01-11,32.265,31.604,32.433,31.574
2017-01-12,31.495,31.406,31.969,31.288
2017-01-13,31.406,31.89,32.068,31.387
2017-01-16,32.472,29.432,32.472,28.82
2017-01-17,26.491,28.959,29.432,26.491
2017-01-18,29.413,29.363,29.709,28.564
2017-01-19,29.561,29.561,29.61,28.87
2017-01-20,28.949,29.659,30.173,28.949
2017-01-23,29.659,29.886,30.252,29.571
2017-01-24,30.005,29.956,30.567,29.748
2017-01-25,29.956,29.827,30.232,29.728
2017-01-26,29.738,30.034,30.469,29.659
2017-02-03,30.034,29.679,30.607,29.551
2017-02-06,29.64,30.084,30.597,29.64
2017-02-07,30.084,29.61,30.094,29.462
2017-02-08,29.758,29.679,29.837,29.176
2017-02-09,29.798,29.896,30.4,29.61
2017-02-10,30.104,29.373,30.429,29.353
2017-02-13,29.225,29.699,29.798,29.126
2017-02-14,29.906,29.61,30.104,29.442
2017-02-15,29.63,29.551,29.758,29.215
2017-02-16,29.551,29.423,29.61,29.324
2017-02-17,29.383,29.442,29.6,29.265
2017-02-20,29.413,30.35,30.36,29.235
2017-02-21,30.261,30.331,30.518,29.886
2017-02-22,30.104,29.867,30.331,29.61
2017-02-23,30.054,30.183,30.232,29.738
2017-02-24,30.34,30.4,30.893,30.015
2017-02-27,30.301,30.163,30.567,30.143
2017-02-28,30.36,30.725,30.785,30.113
2017-03-01,30.706,32.551,33.795,30.449
2017-03-02,31.9,31.545,32.344,31.1
2017-03-03,31.17,31.505,31.781,31.17
2017-03-06,31.387,31.693,32.018,31.12
2017-03-07,31.683,31.318,31.683,31.278
2017-03-08,32.078,31.406,32.078,31.318
2017-03-09,31.416,30.913,31.466,30.508
2017-03-10,30.972,31.012,31.12,30.903
2017-03-13,31.288,31.012,31.288,30.893
2017-03-14,31.071,31.189,31.239,30.883
2017-03-15,30.952,30.952,31.554,30.656
2017-03-16,30.903,31.012,31.387,30.903
2017-03-17,31.051,30.607,31.15,30.577
2017-03-20,30.597,31.653,31.87,30.597
2017-03-21,31.584,31.367,32.058,31.17
2017-03-22,31.367,30.972,31.554,30.844
2017-03-23,30.972,31.071,31.564,30.794
2017-03-24,30.893,31.189,31.347,30.617
2017-03-27,31.189,31.397,31.574,31.189
2017-03-28,31.406,31.347,32.354,31.258
2017-03-29,31.357,30.666,31.554,30.597
2017-03-30,30.597,29.6,30.686,29.117
2017-03-31,29.788,29.837,30.35,29.452
2017-04-05,29.857,30.794,31.091,29.857
2017-04-06,30.785,31.624,32.196,30.627
2017-04-07,31.93,31.624,31.93,31.288
2017-04-10,31.584,30.992,31.91,30.903
2017-04-11,31.002,30.755,31.367,30.439
2017-04-12,30.646,30.38,31.357,30.104
2017-04-13,30.38,30.202,30.725,29.857
2017-04-14,30.153,29.748,30.252,29.62
2017-04-17,29.324,29.274,30.37,29.274
2017-04-18,29.699,29.077,29.699,28.969
2017-04-19,29.077,27.942,29.077,27.419
2017-04-20,27.932,28.13,28.406,27.666
2017-04-21,27.982,27.537,28.051,27.143
2017-04-24,27.636,26.165,27.636,26.027
2017-04-25,26.175,25.692,26.521,25.169
2017-04-26,26.156,25.988,26.156,24.951
2017-04-27,25.988,25.79,26.165,25.504
2017-04-28,25.81,25.978,26.452,25.662
2017-05-02,25.771,26.481,26.639,25.771
2017-05-03,26.531,26.6,27.034,26.373
2017-05-04,26.827,26.669,26.935,26.462
2017-05-05,26.56,26.59,26.846,25.682
2017-05-08,26.462,26.797,26.837,26.156
2017-05-09,26.787,26.452,26.827,25.662
2017-05-10,26.077,26.185,26.521,26.077
2017-05-11,26.343,26.896,28.13,25.81
2017-05-12,26.817,26.304,26.886,26.008
2017-05-15,26.432,25.79,26.452,25.751
2017-05-16,25.79,26.116,26.353,25.682
2017-05-17,25.968,26.205,26.481,25.761
2017-05-18,26.136,26.304,26.619,25.919
2017-05-19,26.402,26.037,26.402,25.958
2017-05-22,25.711,25.504,26.284,25.415
2017-05-23,25.504,23.431,25.504,23.274
2017-05-24,23.441,22.81,23.441,22.247
2017-05-25,23.12,22.81,23.49,22.19
2017-05-26,22.55,22.69,23.0,22.4
2017-05-31,22.61,22.73,22.93,22.52
2017-06-01,22.98,21.78,23.72,21.5
2017-06-02,21.5,21.24,21.5,19.83
2017-06-05,21.11,21.64,21.74,20.74
2017-06-06,21.81,21.59,22.16,21.22
2017-06-07,21.55,22.85,22.86,21.21
2017-06-08,22.86,22.6,23.26,22.55
2017-06-09,22.6,22.21,22.82,21.77
2017-06-12,22.28,21.49,22.28,21.4
2017-06-13,21.5,22.32,22.4,21.08
2017-06-14,22.38,22.87,24.4,21.99
2017-06-15,22.55,22.99,23.24,22.5
2017-06-16,22.9,22.51,23.2,22.34
2017-06-19,22.76,22.55,22.79,22.1
2017-06-20,22.55,22.58,22.87,22.41
2017-06-21,22.6,22.25,22.67,22.01
2017-06-22,22.48,21.71,22.6,21.66
2017-06-23,21.6,21.35,21.93,21.2
2017-06-26,21.25,21.96,22.13,21.25
2017-06-27,21.96,21.8,22.22,21.62
2017-06-28,21.8,21.43,21.88,21.4
2017-06-29,21.43,21.51,21.8,21.37
2017-06-30,21.23,21.66,21.75,21.23
2017-07-03,21.99,21.75,21.99,21.5
2017-07-04,21.72,21.62,21.76,21.51
2017-07-05,21.62,21.81,21.85,21.55
2017-07-06,21.81,21.95,21.96,21.73
2017-07-07,21.91,22.72,23.45,21.7
2017-07-10,22.44,22.33,22.81,22.22
2017-07-11,22.37,22.81,22.85,22.11
2017-07-12,22.81,22.75,22.95,22.52
2017-07-13,22.95,23.0,23.29,22.42
2017-07-14,22.89,23.82,24.16,22.89
2017-07-17,24.0,24.2,24.78,21.44
2017-07-18,24.0,25.64,26.38,23.9
2017-07-19,25.88,25.59,25.95,25.21
2017-07-20,25.23,25.81,26.26,25.23
2017-07-21,25.41,24.75,25.7,24.51
2017-07-24,24.5,24.65,24.93,24.31
2017-07-25,24.87,24.48,24.87,24.02
2017-07-26,24.41,23.88,24.41,23.68
2017-07-27,23.88,23.9,25.0,23.5
2017-07-28,23.7,24.21,24.75,23.6
2017-07-31,24.1,23.81,24.47,23.66
2017-08-01,23.83,23.28,23.97,23.07
2017-08-02,23.3,22.5,23.43,22.4
2017-08-03,22.47,22.87,23.09,22.45
2017-08-04,22.81,22.74,23.23,22.21
2017-08-07,22.7,22.65,22.74,22.25
2017-08-08,22.75,23.4,23.5,22.4
2017-08-09,23.2,23.48,23.81,23.2
2017-08-10,23.48,23.4,23.48,22.76
2017-08-11,23.2,23.06,23.66,22.42
2017-08-14,23.01,23.45,23.8,22.58
2017-08-15,23.45,23.02,23.45,23.0
2017-08-16,23.01,22.91,23.15,22.8
2017-08-17,23.14,22.94,23.14,22.84
2017-08-18,22.9,22.67,22.95,22.22
2017-08-21,22.51,22.87,22.88,22.35
2017-08-22,22.7,22.96,23.18,22.52
2017-08-23,22.82,23.51,23.54,22.81
2017-08-24,23.66,23.23,23.66,23.17
2017-08-25,23.4,23.23,23.4,23.02
2017-08-28,23.3,23.48,23.57,23.24
2017-08-29,23.35,23.35,23.5,23.26
2017-08-30,23.02,23.07,23.42,23.0
2017-08-31,22.61,23.08,23.22,22.58
2017-09-01,23.08,22.99,23.19,22.83
2017-09-04,23.09,22.92,23.18,22.85
2017-09-05,22.9,22.85,22.9,22.69
2017-09-06,22.76,24.21,24.88,22.75
2017-09-07,24.22,23.94,24.4,23.88
2017-09-08,23.8,24.08,24.1,23.6
2017-09-11,24.01,24.17,24.23,23.9
2017-09-12,24.27,24.0,24.6,23.8
2017-09-13,23.76,23.95,24.1,23.67
2017-09-14,24.2,23.83,24.2,23.75
2017-09-15,23.86,23.45,23.89,23.3
2017-09-18,23.45,24.4,24.69,23.4
2017-09-19,24.2,24.24,24.31,24.1
2017-09-20,24.4,24.51,24.53,24.13
2017-09-21,24.52,24.65,25.21,24.39
2017-09-22,24.65,24.7,24.98,24.42
2017-09-25,24.7,24.81,25.49,24.7
2017-09-26,24.81,25.68,25.87,24.81
2017-09-27,25.68,25.26,25.69,25.07
2017-09-28,25.44,25.16,25.51,25.1
2017-09-29,25.04,25.04,25.32,25.02
2017-10-09,24.98,25.99,26.05,24.98
2017-10-10,25.96,25.63,25.96,25.5
2017-10-11,25.63,25.6,25.95,25.4
2017-10-12,25.8,25.3,25.8,25.11
2017-10-13,24.81,25.2,25.52,24.81
2017-10-16,25.2,24.09,25.2,24.05
2017-10-17,25.0,24.36,25.0,24.18
2017-10-18,24.32,24.48,24.69,24.12
2017-10-19,24.25,25.0,25.8,24.1
2017-10-20,24.24,24.6,24.94,24.21
2017-10-23,24.6,24.66,24.88,24.47
2017-10-24,24.42,24.27,24.65,24.2
2017-10-25,24.08,23.81,24.54,23.6
2017-10-26,23.79,23.74,23.89,23.31
2017-10-27,23.87,23.87,24.01,23.52
2017-10-30,23.7,22.97,23.88,22.76
2017-10-31,22.97,23.14,23.2,22.88
2017-11-01,23.2,23.35,23.95,23.2
2017-11-02,23.12,22.91,23.38,22.81
2017-11-03,22.91,22.64,23.19,22.58
2017-11-06,22.6,23.37,23.48,22.6
2017-11-07,23.57,24.36,24.57,23.42
2017-11-08,24.6,24.71,25.77,24.45
2017-11-09,24.42,24.83,24.99,24.01
2017-11-10,24.8,24.48,24.96,24.46
2017-11-13,24.47,24.34,24.74,24.23
2017-11-14,24.35,24.0,24.52,23.87
2017-11-15,24.02,23.88,24.3,23.71
2017-11-16,23.61,23.69,24.1,23.61
2017-11-17,23.72,22.97,23.73,22.26
2017-11-20,22.88,22.75,22.97,22.3
2017-11-21,22.66,22.57,22.9,22.3
2017-11-22,22.57,22.35,22.77,22.3
2017-11-23,22.35,22.47,22.99,22.18
2017-11-24,22.2,22.61,22.83,22.02
2017-11-27,22.68,23.17,23.19,22.0
2017-11-28,22.95,23.19,23.21,22.66
2017-11-29,23.14,23.48,23.55,22.86
2017-11-30,23.0,23.17,23.53,23.0
2017-12-01,23.05,23.86,23.91,22.86
2017-12-04,23.69,23.79,24.12,23.65
2017-12-05,23.65,23.32,24.13,23.2
2017-12-06,23.4,23.35,23.4,22.6
2017-12-07,23.25,23.13,23.25,22.6
2017-12-08,22.99,24.36,25.25,22.75
2017-12-11,24.01,24.61,25.0,23.58
2017-12-12,24.4,24.12,24.4,23.98
2017-12-13,24.0,23.58,24.12,23.5
2017-12-14,23.6,23.35,23.73,23.2
2017-12-15,23.42,23.29,23.64,23.22
2017-12-18,23.46,22.68,23.46,22.68
2017-12-19,22.66,22.73,22.9,22.5
2017-12-20,22.79,22.39,22.88,22.33
2017-12-21,22.77,22.26,22.77,22.01
2017-12-22,22.26,21.77,22.36,21.72
2017-12-25,21.8,20.51,21.96,20.3
2017-12-26,20.41,20.5,20.56,20.15
2017-12-27,20.5,20.64,20.86,20.06
2017-12-28,20.4,20.9,20.97,20.31
2017-12-29,20.7,21.2,21.67,20.66
2018-01-02,20.96,22.36,22.48,20.9
2018-01-03,22.05,22.05,22.35,21.75
2018-01-04,21.79,21.84,22.09,21.65
2018-01-05,21.61,20.97,21.74,20.9
2018-01-08,20.88,21.06,21.3,20.2
2018-01-09,21.06,20.86,21.23,20.61
2018-01-10,20.86,20.69,20.94,20.6
2018-01-11,20.53,20.68,20.82,20.53
2018-01-12,20.82,20.92,21.29,20.77
2018-01-15,20.93,20.21,20.93,20.2
2018-01-16,20.2,20.24,20.4,20.12
2018-01-17,20.25,20.53,20.65,20.2
2018-01-18,20.5,20.96,21.05,20.44
2018-01-19,21.16,20.8,21.29,20.8
2018-01-22,20.62,21.08,21.18,20.6
2018-01-23,21.26,20.96,21.73,20.83
2018-01-24,20.97,20.88,21.06,20.81
2018-01-25,21.0,20.84,21.08,20.28
2018-01-26,20.96,21.16,22.6,20.51
2018-01-29,21.24,20.73,21.71,20.62
2018-01-30,20.85,20.3,20.85,20.26
2018-01-31,20.4,19.84,20.42,19.79
2018-02-01,19.82,17.86,19.94,17.86
2018-02-02,16.07,16.48,16.7,16.07
2018-02-05,16.05,16.51,16.85,16.02
2018-02-06,16.12,15.6,16.64,15.57
2018-02-07,15.99,15.68,16.5,15.15
2018-02-08,15.88,15.81,15.96,15.68
2018-02-09,15.69,15.76,15.8,14.7
2018-02-12,16.99,16.28,16.99,16.0
2018-02-13,16.06,16.2,16.5,16.06
2018-02-14,16.25,16.27,16.3,16.01
2018-02-22,16.5,16.72,16.88,16.34
2018-02-23,16.55,16.85,16.91,16.55
2018-02-26,16.85,17.51,17.75,16.62
2018-02-27,17.48,17.4,17.5,17.24
2018-02-28,17.35,17.44,17.58,17.28
2018-03-01,17.29,17.56,17.68,17.16
2018-03-02,17.32,17.64,18.0,17.32
2018-03-05,17.55,17.53,17.65,17.2
2018-03-06,17.78,17.47,17.82,17.42
2018-03-07,17.35,17.75,18.15,17.2
2018-03-08,17.73,17.91,18.19,17.56
2018-03-09,18.1,18.4,18.49,17.9
2018-03-12,18.78,19.09,19.28,18.75
2018-03-13,19.13,18.98,19.97,18.82
2018-03-14,18.94,19.11,19.37,18.72
2018-03-15,18.82,18.56,19.08,18.51
2018-03-16,18.52,18.35,19.09,18.31
2018-03-19,18.53,18.54,18.58,18.33
2018-03-20,18.36,18.79,18.85,18.36
2018-03-21,18.54,19.04,19.15,18.54
2018-03-22,18.9,19.05,19.45,18.7
2018-03-23,18.98,18.3,19.39,18.21
2018-03-26,18.0,18.65,18.69,17.21
2018-03-27,18.8,19.27,19.5,18.66
2018-03-28,19.27,20.08,20.4,19.08
2018-03-29,20.2,20.04,20.26,19.73
2018-03-30,20.29,20.43,20.68,19.6
2018-04-02,20.4,20.37,20.64,20.12
2018-04-03,20.28,20.27,20.3,19.6
2018-04-04,20.3,20.55,20.78,20.05
2018-04-09,20.2,20.96,21.21,19.8
2018-04-10,20.9,20.92,22.4,20.51
2018-04-11,21.09,20.65,21.11,20.57
2018-04-12,20.25,20.31,20.75,20.1
2018-04-13,20.25,20.1,20.6,20.04
2018-04-16,20.06,19.52,20.06,19.5
2018-04-17,19.8,19.3,19.8,19.2
2018-04-18,19.3,18.93,19.49,18.5
2018-04-19,18.93,18.88,19.01,18.5
2018-04-20,18.58,18.62,19.68,18.58
2018-04-23,18.62,18.44,18.85,18.42
2018-04-24,19.15,18.98,19.15,18.58
2018-04-25,18.88,19.23,19.45,18.56
2018-04-26,19.3,19.36,19.8,19.21
2018-04-27,19.2,19.29,19.44,19.16
2018-05-02,19.28,19.62,19.76,19.28
2018-05-03,19.84,19.77,19.99,19.51
2018-05-04,19.58,19.72,19.9,19.39
2018-05-07,19.76,20.02,20.18,19.75
2018-05-08,20.1,19.44,20.35,19.4
2018-05-09,19.03,19.23,19.53,19.03
2018-05-10,19.36,19.17,19.4,19.02
2018-05-11,19.14,18.83,19.22,18.8
2018-05-14,18.98,18.52,18.98,18.38
2018-05-15,18.18,18.9,18.92,18.18
2018-05-16,18.82,18.67,18.89,18.65
2018-05-17,18.41,18.33,18.7,18.3
2018-05-18,18.2,18.16,18.37,18.0
2018-05-21,18.14,18.28,18.5,18.1
2018-05-22,18.31,17.95,18.31,17.58
2018-05-23,17.9,17.38,17.9,17.12
2018-05-24,17.44,16.91,17.55,16.79
2018-05-25,16.97,16.77,17.05,16.57
