date,open,close,high,low
2017-10-25,16.339,16.339,16.339,16.339
2017-10-26,17.973,17.973,17.973,17.973
2017-10-27,19.769,19.769,19.769,19.769
2017-10-30,21.75,21.75,21.75,21.75
2017-10-31,23.928,23.928,23.928,23.928
2017-11-01,26.319,26.319,26.319,26.319
2017-11-02,28.95,28.95,28.95,28.95
2017-11-03,31.843,31.843,31.843,31.843
2017-11-06,35.026,35.026,35.026,35.026
2017-11-07,38.527,38.527,38.527,38.527
2017-11-08,42.381,42.381,42.381,42.381
2017-11-09,45.267,46.618,46.618,44.56
2017-11-10,48.804,48.698,50.784,48.096
2017-11-13,47.601,48.04,49.653,47.601
2017-11-14,47.036,43.237,47.601,43.237
2017-11-15,42.29,43.372,44.475,41.455
2017-11-16,41.766,39.036,42.629,39.036
2017-11-17,38.067,36.207,38.661,35.846
2017-11-20,36.122,36.801,36.921,34.538
2017-11-21,36.483,35.811,36.794,33.965
2017-11-22,35.719,36.603,36.893,35.082
2017-11-23,36.072,34.219,36.483,33.993
2017-11-24,33.823,32.897,34.509,32.805
2017-11-27,32.529,33.222,33.597,32.182
2017-11-28,32.96,33.512,33.851,32.96
2017-11-29,33.936,33.837,34.714,32.288
2017-11-30,33.455,33.866,34.219,33.031
2017-12-01,33.526,33.406,33.922,33.003
2017-12-04,32.96,30.067,32.96,30.067
2017-12-05,28.709,27.521,29.353,27.238
2017-12-06,27.783,28.165,28.193,27.344
2017-12-07,28.115,27.663,28.25,27.521
2017-12-08,27.663,28.681,29.282,27.663
2017-12-11,28.568,28.752,28.943,28.434
2017-12-12,28.434,26.906,28.561,26.757
2017-12-13,26.92,27.846,28.25,26.899
2017-12-14,27.931,28.426,28.61,27.231
2017-12-15,28.151,27.945,28.681,27.726
2017-12-18,27.896,27.599,28.08,26.948
2017-12-19,27.599,27.797,27.938,27.309
2017-12-20,27.663,26.948,27.924,26.46
2017-12-21,26.665,27.196,27.691,26.078
2017-12-22,27.019,27.189,27.684,27.019
2017-12-25,27.047,27.351,27.585,26.17
2017-12-26,27.571,28.985,29.65,27.302
2017-12-27,28.603,29.056,29.742,28.207
2017-12-28,28.646,29.353,30.06,28.504
2017-12-29,29.353,28.787,29.82,28.603
2018-01-02,28.964,28.858,29.028,28.448
2018-01-03,28.837,28.815,29.204,27.903
2018-01-04,28.716,28.66,28.929,28.327
2018-01-05,28.497,28.483,28.95,28.455
2018-01-08,28.441,28.54,28.78,27.663
2018-01-09,28.455,30.768,31.015,28.186
2018-01-10,29.862,29.664,30.407,28.936
2018-01-11,29.084,30.216,30.761,28.794
2018-01-12,30.272,30.633,32.041,30.096
2018-01-15,30.456,30.994,31.885,28.865
2018-01-16,30.98,32.691,33.243,30.265
2018-01-17,32.02,32.684,33.37,31.454
2018-01-18,32.317,31.97,32.904,31.829
2018-01-19,32.027,30.902,32.734,30.803
2018-01-22,30.138,29.869,30.619,29.176
2018-01-23,29.869,30.35,30.435,29.516
2018-01-24,30.343,30.527,31.142,30.06
2018-01-25,30.909,30.103,31.256,30.06
2018-01-26,29.813,30.336,31.001,29.777
2018-01-29,30.4,29.601,30.789,28.504
2018-01-30,29.466,28.865,29.671,28.575
2018-01-31,28.596,26.863,29.127,26.262
2018-02-01,26.906,25.597,27.16,25.145
2018-02-02,25.328,25.512,26.078,24.317
2018-02-05,25.201,24.381,25.201,24.126
2018-02-06,23.376,21.94,23.695,21.94
2018-02-07,22.556,22.131,22.62,20.986
2018-02-08,22.089,22.181,22.627,21.714
2018-02-09,21.042,20.773,21.884,20.618
2018-02-12,21.219,22.124,22.549,20.908
2018-02-13,22.28,21.622,22.351,21.58
2018-02-14,21.693,21.742,21.912,21.396
2018-02-22,21.898,22.16,22.245,21.827
2018-02-23,22.216,22.98,23.553,22.032
2018-02-26,23.27,23.581,24.034,23.058
2018-02-27,23.688,23.758,24.013,23.27
2018-02-28,23.412,23.086,23.688,22.987
2018-03-01,22.74,23.461,23.631,22.711
2018-03-02,23.256,22.994,23.518,22.917
2018-03-05,23.023,23.815,23.864,23.009
2018-03-06,23.822,24.246,24.444,23.574
2018-03-07,24.536,24.409,24.536,23.772
2018-03-08,24.388,24.975,25.003,24.176
2018-03-09,24.975,25.378,25.562,24.791
2018-03-12,26.156,25.838,26.446,25.541
2018-03-13,25.802,25.541,26.807,25.534
2018-03-14,25.314,25.237,25.59,24.975
2018-03-15,24.756,23.702,25.017,22.846
2018-03-16,23.553,23.553,23.871,23.405
2018-03-19,23.553,24.26,24.331,23.553
2018-03-20,23.978,25.038,25.067,23.871
2018-03-21,25.003,24.692,25.569,24.565
2018-03-22,24.72,25.385,25.845,24.671
2018-03-23,24.048,22.853,24.55,22.846
2018-03-26,22.146,23.695,23.751,21.721
2018-03-27,24.027,24.756,24.833,24.027
2018-03-28,24.473,25.449,25.887,24.338
2018-03-29,25.498,26.191,26.863,24.84
2018-03-30,25.59,26.036,26.297,25.187
2018-04-02,25.937,25.76,26.283,25.647
2018-04-03,25.498,26.941,27.104,24.968
2018-04-04,26.863,26.057,27.09,26.036
2018-04-09,26.029,26.793,26.828,25.251
2018-04-10,27.005,28.61,28.971,26.241
2018-04-11,29.41,31.475,31.475,28.292
2018-04-12,32.522,32.31,34.622,32.239
2018-04-13,29.643,29.077,30.888,29.077
2018-04-16,28.009,27.592,28.504,27.167
2018-04-17,27.691,27.344,28.235,27.167
2018-04-18,27.528,26.991,27.684,25.463
2018-04-19,26.87,27.627,27.797,26.531
2018-04-20,27.231,25.463,27.535,25.442
2018-04-23,24.741,25.802,25.908,24.741
2018-04-24,25.505,26.927,27.139,25.505
2018-04-25,26.644,27.528,28.151,26.644
2018-04-26,27.599,25.838,27.797,25.498
2018-04-27,26.163,26.036,26.729,25.887
2018-05-02,26.297,25.675,26.439,25.59
2018-05-03,25.859,26.743,26.786,25.01
2018-05-04,26.46,26.778,27.231,26.453
2018-05-07,27.033,27.811,28.144,27.005
2018-05-08,27.641,27.981,27.988,27.238
2018-05-09,27.903,27.917,28.207,27.712
2018-05-10,28.136,27.655,28.136,27.167
2018-05-11,27.613,26.503,27.747,26.418
2018-05-14,26.481,26.34,27.054,26.043
2018-05-15,26.255,27.139,27.153,26.255
2018-05-16,26.927,26.736,27.139,26.665
2018-05-17,26.736,27.005,27.231,26.736
2018-05-18,27.019,28.907,29.282,27.019
2018-05-21,29.289,29.339,29.502,28.327
2018-05-22,28.922,29.424,29.459,28.653
2018-05-23,29.452,29.834,30.626,28.851
2018-05-24,29.339,29.141,29.693,28.914
2018-05-25,29.0,29.26,29.9,28.3
