date,open,close,high,low
2016-10-25,12.59,12.59,12.59,12.59
2016-10-26,13.852,13.852,13.852,13.852
2016-10-27,15.233,15.233,15.233,15.233
2016-10-28,16.754,16.754,16.754,16.754
2016-10-31,18.433,18.433,18.433,18.433
2016-11-01,20.281,20.281,20.281,20.281
2016-11-02,22.309,22.309,22.309,22.309
2016-11-03,24.544,24.544,24.544,24.544
2016-11-04,26.999,26.999,26.999,26.999
2016-11-07,29.702,29.702,29.702,29.702
2016-11-08,32.673,32.673,32.673,32.673
2016-11-09,35.942,35.942,35.942,35.942
2016-11-10,39.539,39.539,39.539,39.539
2016-11-11,43.494,43.494,43.494,43.494
2016-11-14,47.847,47.847,47.847,46.207
2016-11-15,48.691,49.874,52.467,47.976
2016-11-16,48.294,46.823,48.691,46.306
2016-11-17,45.71,48.93,50.877,45.303
2016-11-18,47.747,47.161,48.254,46.366
2016-11-21,47.101,45.899,47.101,44.478
2016-11-22,45.979,46.575,47.429,45.591
2016-11-23,46.008,46.446,48.195,45.76
2016-11-24,45.71,44.697,46.714,44.597
2016-11-25,44.895,43.643,44.925,41.735
2016-11-28,43.226,42.123,44.061,42.034
2016-11-29,41.914,41.865,42.928,41.537
2016-11-30,41.686,41.894,42.153,41.537
2016-12-01,42.014,44.001,44.697,41.636
2016-12-02,43.425,46.207,48.185,43.236
2016-12-05,44.915,42.441,45.671,41.745
2016-12-06,42.53,42.978,43.991,41.835
2016-12-07,42.689,41.954,42.719,40.742
2016-12-08,41.368,41.726,43.057,41.368
2016-12-09,41.239,40.106,41.239,39.847
2016-12-12,39.649,36.151,40.036,36.101
2016-12-13,35.584,36.568,37.343,34.362
2016-12-14,36.171,35.425,36.588,35.237
2016-12-15,35.356,36.101,36.31,34.958
2016-12-16,35.982,37.532,38.188,35.873
2016-12-19,37.304,36.509,37.304,36.449
2016-12-20,36.171,36.608,37.244,36.171
2016-12-21,36.767,36.727,37.065,36.27
2016-12-22,36.687,35.992,36.687,35.902
2016-12-23,35.773,34.243,36.161,34.144
2016-12-26,34.094,34.144,34.362,31.798
2016-12-27,33.905,34.014,34.66,33.696
2016-12-28,33.885,33.1,34.134,33.07
2016-12-29,32.911,32.683,33.359,32.524
2016-12-30,32.444,32.882,33.09,32.444
2017-01-03,33.19,33.229,33.339,32.703
2017-01-04,33.1,33.428,33.468,32.802
2017-01-05,33.289,33.15,33.716,33.12
2017-01-06,32.901,31.59,33.14,31.57
2017-01-09,31.103,30.715,31.262,30.517
2017-01-10,30.944,30.735,31.49,30.725
2017-01-11,30.725,29.344,30.884,29.324
2017-01-12,29.364,29.265,29.801,28.937
2017-01-13,29.274,28.519,29.741,28.43
2017-01-16,28.003,26.105,28.003,25.697
2017-01-17,26.045,27.009,27.824,25.151
2017-01-18,26.681,26.075,26.82,25.936
2017-01-19,26.025,26.393,26.969,25.24
2017-01-20,26.134,29.036,29.036,25.946
2017-01-23,29.374,29.374,30.109,28.728
2017-01-24,29.066,28.956,29.115,28.321
2017-01-25,28.817,30.318,31.798,28.629
2017-01-26,30.01,29.553,30.258,29.513
2017-02-03,29.493,28.917,29.493,28.807
2017-02-06,29.165,30.0,30.119,28.827
2017-02-07,30.0,30.735,31.003,29.503
2017-02-08,30.407,30.735,30.974,30.01
2017-02-09,30.467,30.566,31.351,30.467
2017-02-10,30.626,29.602,30.914,29.543
2017-02-13,29.334,30.04,30.288,29.314
2017-02-14,29.811,30.0,30.04,29.712
2017-02-15,29.821,30.159,30.705,29.821
2017-02-16,29.99,29.821,29.99,29.364
2017-02-17,29.92,29.433,30.209,29.364
2017-02-20,29.364,29.702,29.831,29.265
2017-02-21,29.702,30.715,30.765,29.573
2017-02-22,30.735,30.328,30.755,30.079
2017-02-23,30.109,30.914,30.984,30.109
2017-02-24,30.695,31.212,31.6,30.566
2017-02-27,31.371,30.358,31.381,30.318
2017-02-28,30.387,30.308,30.556,29.831
2017-03-01,30.268,30.328,30.546,30.059
2017-03-02,30.308,29.98,30.308,29.811
2017-03-03,29.99,29.732,30.01,29.513
2017-03-06,29.712,32.703,32.703,29.612
2017-03-07,33.17,33.508,34.322,32.792
2017-03-08,33.388,34.253,34.303,32.812
2017-03-09,34.044,35.296,36.131,33.269
2017-03-10,34.78,35.515,36.051,34.501
2017-03-13,35.575,38.039,38.744,35.197
2017-03-14,38.158,36.757,38.337,36.469
2017-03-15,36.598,35.694,36.648,35.654
2017-03-16,35.813,36.28,36.548,35.584
2017-03-17,35.853,35.575,37.005,35.455
2017-03-20,34.978,34.67,35.078,33.885
2017-03-21,34.909,36.727,36.996,34.183
2017-03-22,36.33,37.254,37.91,35.972
2017-03-23,36.936,36.399,37.214,34.462
2017-03-24,36.26,36.061,36.568,35.296
2017-03-27,36.002,35.117,36.002,34.998
2017-03-28,35.127,35.435,35.644,34.78
2017-03-29,35.634,34.909,36.489,34.789
2017-03-30,33.289,31.421,33.299,31.421
2017-03-31,30.308,30.109,31.381,29.9
2017-04-05,29.92,30.705,31.252,29.92
2017-04-06,30.715,30.705,31.202,30.447
2017-04-07,30.606,29.98,30.705,29.861
2017-04-10,29.96,28.012,30.209,27.496
2017-04-11,27.943,28.867,29.086,27.535
2017-04-12,28.758,27.814,28.797,27.724
2017-04-13,28.311,28.022,28.321,27.834
2017-04-14,28.132,28.052,28.35,27.844
2017-04-17,27.863,26.164,27.863,26.085
2017-04-18,26.164,25.538,26.621,25.28
2017-04-19,25.697,26.174,26.313,25.2
2017-04-20,26.184,26.035,26.432,25.449
2017-04-21,25.926,25.528,26.264,25.508
2017-04-24,25.449,24.356,25.528,24.326
2017-04-25,24.763,24.246,25.021,24.127
2017-04-26,24.246,24.614,24.972,24.226
2017-04-27,24.256,25.359,25.429,24.157
2017-04-28,25.3,25.638,26.124,25.091
2017-05-02,25.638,25.628,26.114,25.439
2017-05-03,25.995,26.075,26.114,25.498
2017-05-04,26.075,26.025,26.313,25.647
2017-05-05,26.085,25.548,26.224,25.498
2017-05-08,25.22,24.197,25.22,24.147
2017-05-09,24.226,24.495,24.584,23.67
2017-05-10,24.544,23.769,24.872,23.749
2017-05-11,23.65,24.137,24.197,22.537
2017-05-12,24.127,23.899,24.207,23.571
2017-05-15,23.918,23.62,24.197,23.59
2017-05-16,23.789,24.326,24.346,23.302
2017-05-17,24.336,24.495,24.733,24.167
2017-05-18,24.246,26.949,26.949,24.147
2017-05-19,27.625,28.609,29.563,27.039
2017-05-22,28.758,26.462,28.758,26.333
2017-05-23,26.303,23.819,26.8,23.819
2017-05-24,22.855,23.69,24.038,22.557
2017-05-25,23.769,23.511,23.928,22.676
2017-05-26,23.7,23.988,24.346,23.461
2017-05-31,24.833,23.412,25.061,23.243
2017-06-01,23.581,21.792,23.65,21.673
2017-06-02,21.534,22.358,22.517,21.384
2017-06-05,22.547,22.627,23.153,22.418
2017-06-06,22.468,22.915,22.955,22.378
2017-06-07,22.955,23.69,23.789,22.716
2017-06-08,23.67,24.49,25.69,23.17
2017-06-09,24.15,23.91,24.27,23.71
2017-06-12,23.69,22.71,23.69,22.6
2017-06-13,22.55,23.16,23.5,22.55
2017-06-14,23.17,23.31,23.39,22.85
2017-06-15,23.2,24.0,24.19,23.2
2017-06-16,24.12,23.77,24.45,23.61
2017-06-19,23.6,24.1,24.13,23.53
2017-06-20,24.45,24.13,24.57,23.72
2017-06-21,24.23,24.2,24.76,23.82
2017-06-22,24.02,23.18,24.14,23.15
2017-06-23,23.11,23.08,23.36,22.6
2017-06-26,23.1,23.49,23.57,23.01
2017-06-27,23.5,23.69,24.16,23.38
2017-06-28,23.7,22.98,23.8,22.9
2017-06-29,22.99,23.0,23.24,22.97
2017-06-30,22.82,23.14,23.3,22.82
2017-07-03,23.17,23.28,23.39,23.12
2017-07-04,23.45,23.16,23.45,23.08
2017-07-05,23.15,23.6,23.65,23.07
2017-07-06,23.66,23.65,23.73,23.21
2017-07-07,23.55,24.02,24.15,23.55
2017-07-10,23.87,23.17,23.87,23.08
2017-07-11,22.88,22.95,23.28,22.88
2017-07-12,22.77,23.03,23.12,22.48
2017-07-13,23.01,22.9,23.24,22.8
2017-07-14,22.91,22.7,22.98,22.63
2017-07-17,22.64,20.43,22.64,20.43
2017-07-18,19.7,20.18,20.46,19.49
2017-07-19,20.3,20.38,20.55,20.08
2017-07-20,20.29,20.25,20.75,20.14
2017-07-21,20.25,20.32,20.81,20.17
2017-07-24,20.35,20.67,20.7,20.0
2017-07-25,20.47,21.05,21.15,20.35
2017-07-26,21.0,20.82,21.0,20.56
2017-07-27,20.44,21.08,21.27,20.44
2017-07-28,21.06,20.96,21.18,20.92
2017-07-31,20.96,20.98,21.18,20.8
2017-08-01,20.83,21.65,21.99,20.83
2017-08-02,21.5,21.17,21.5,21.05
2017-08-03,21.07,21.21,21.65,21.07
2017-08-04,21.02,21.17,21.49,20.71
2017-08-07,21.17,21.32,21.48,21.03
2017-08-08,21.33,21.37,21.48,21.1
2017-08-09,21.3,21.4,21.5,21.23
2017-08-10,21.41,22.05,22.77,21.38
2017-08-11,21.79,22.2,22.58,21.34
2017-08-14,22.0,23.24,23.5,22.0
2017-08-15,23.49,22.87,23.5,22.8
2017-08-16,22.8,22.87,23.08,22.6
2017-08-17,22.78,22.96,22.99,22.38
2017-08-18,22.65,22.33,22.93,22.3
2017-08-21,22.4,22.55,22.79,22.12
2017-08-22,22.55,22.53,22.77,22.32
2017-08-23,22.6,22.5,22.6,22.12
2017-08-24,22.4,22.38,22.59,22.28
2017-08-25,22.35,22.52,22.67,22.28
2017-08-28,22.72,22.69,23.17,22.47
2017-08-29,22.69,22.95,23.16,22.6
2017-08-30,23.0,22.44,23.0,22.41
2017-08-31,22.27,22.75,22.96,22.27
2017-09-01,22.65,23.15,23.26,22.65
2017-09-04,23.08,23.13,23.3,22.89
2017-09-05,23.1,23.19,23.34,22.9
2017-09-06,23.25,23.07,23.26,22.98
2017-09-07,23.09,23.64,23.85,22.86
2017-09-08,23.64,23.88,23.9,23.44
2017-09-11,23.91,24.45,24.68,23.89
2017-09-12,24.44,23.92,24.56,23.84
2017-09-13,23.8,24.21,24.29,23.51
2017-09-14,24.01,24.22,24.6,24.01
2017-09-15,24.21,26.15,26.6,24.11
2017-09-18,26.03,26.24,26.3,25.7
2017-09-19,26.24,25.78,26.48,25.72
2017-09-20,25.7,26.11,26.4,25.13
2017-09-21,26.1,25.95,26.2,25.45
2017-09-22,25.67,25.65,26.15,25.4
2017-09-25,25.62,24.9,25.62,24.55
2017-09-26,24.76,25.32,25.5,24.71
2017-09-27,25.4,25.72,25.86,25.07
2017-09-28,25.51,26.04,26.08,25.27
2017-09-29,26.3,26.0,26.5,25.81
2017-10-09,26.1,25.95,26.5,25.52
2017-10-10,26.0,25.77,26.16,25.55
2017-10-11,26.0,26.49,26.5,25.56
2017-10-12,26.49,26.88,27.15,26.2
2017-10-13,26.9,26.76,27.15,26.37
2017-10-16,27.15,26.76,27.15,26.21
2017-10-17,26.89,26.81,26.95,26.26
2017-10-18,26.5,24.67,26.5,24.5
2017-10-19,24.85,25.22,25.6,23.4
2017-10-20,24.74,25.14,25.33,24.5
2017-10-23,25.1,24.99,25.29,24.7
2017-10-24,24.76,24.7,25.12,24.59
2017-10-25,24.98,24.23,24.98,24.2
2017-10-26,24.0,23.56,24.0,23.0
2017-10-27,23.65,23.54,23.98,23.5
2017-10-30,23.39,24.02,24.05,22.61
2017-10-31,24.0,24.15,24.28,23.6
2017-11-01,24.1,24.34,24.7,24.02
2017-11-02,24.55,24.49,25.0,24.16
2017-11-03,24.38,24.18,24.49,23.8
2017-11-06,24.4,23.93,24.45,23.6
2017-11-07,24.2,23.53,24.3,23.42
2017-11-08,23.55,23.28,23.75,23.26
2017-11-09,23.5,23.55,23.62,23.18
2017-11-10,23.55,23.57,23.71,23.44
2017-11-13,23.6,24.13,24.36,23.6
2017-11-14,24.13,23.95,24.5,23.9
2017-11-15,23.86,23.94,24.35,23.7
2017-11-16,23.95,23.72,24.24,23.7
2017-11-17,23.7,22.47,23.9,22.38
2017-11-20,22.31,22.45,22.8,21.6
2017-11-21,21.5,22.99,23.06,21.5
2017-11-22,23.21,22.95,23.36,22.71
2017-11-23,23.15,22.26,23.15,22.2
2017-11-24,22.28,22.49,22.87,22.13
2017-11-27,22.56,22.91,23.22,22.35
2017-11-28,22.91,23.17,23.35,22.85
2017-11-29,22.91,22.99,23.35,22.9
2017-11-30,23.04,23.06,23.31,22.78
2017-12-01,23.16,23.85,23.86,22.67
2017-12-04,23.85,23.28,23.98,23.0
2017-12-05,23.05,22.22,23.27,22.2
2017-12-06,22.0,22.71,22.99,22.0
2017-12-07,22.71,22.79,22.86,22.41
2017-12-08,22.5,22.84,22.99,22.5
2017-12-11,22.84,22.65,22.9,22.61
2017-12-12,22.66,23.02,23.32,22.45
2017-12-13,22.95,22.72,22.95,22.4
2017-12-14,22.9,22.75,22.92,22.38
2017-12-15,22.48,22.71,22.77,22.38
2017-12-18,22.71,22.64,22.71,22.26
2017-12-19,22.65,22.61,22.66,22.39
2017-12-20,22.55,22.56,22.66,22.25
2017-12-21,22.65,22.59,22.66,22.35
2017-12-22,22.55,22.28,22.62,22.25
2017-12-25,22.22,22.96,22.98,21.48
2017-12-26,22.5,22.44,22.84,22.0
2017-12-27,22.44,21.99,22.44,21.78
2017-12-28,21.98,21.73,22.28,21.6
2017-12-29,21.75,22.08,22.17,21.73
2018-01-02,21.92,22.03,22.14,21.92
2018-01-03,22.09,21.98,22.1,21.8
2018-01-04,21.82,21.83,22.05,21.8
2018-01-05,21.98,21.77,21.98,21.73
2018-01-08,21.86,21.91,22.0,21.64
2018-01-09,21.92,21.78,22.15,21.76
2018-01-10,21.81,21.68,22.14,21.45
2018-01-11,21.6,21.56,21.64,21.31
2018-01-12,21.68,21.59,21.68,21.48
2018-01-15,21.78,22.04,22.35,21.65
2018-05-02,19.85,19.84,21.0,19.84
2018-05-03,19.84,20.08,20.26,17.9
2018-05-04,19.1,19.92,19.99,19.0
2018-05-07,19.8,19.91,20.18,19.69
2018-05-08,20.0,19.9,20.0,19.66
2018-05-09,19.31,19.98,20.2,19.31
2018-05-10,19.98,19.86,20.0,19.8
2018-05-11,19.91,19.93,20.09,19.8
2018-05-14,20.0,19.84,20.08,19.7
2018-05-15,19.89,19.84,19.98,19.5
2018-05-16,19.85,19.78,19.92,19.61
2018-05-17,19.85,19.79,19.86,19.65
2018-05-18,19.81,19.8,19.88,19.65
2018-05-21,19.82,19.83,19.94,19.7
2018-05-22,19.8,19.71,19.85,19.62
2018-05-23,19.75,19.78,19.8,19.65
2018-05-24,19.8,19.84,19.85,19.68
2018-05-25,19.81,19.74,19.81,19.6
