date,open,close,high,low
2017-12-29,7.75,9.3,9.3,7.75
2018-01-02,10.23,10.23,10.23,10.23
2018-01-03,11.25,11.25,11.25,11.25
2018-01-04,12.38,12.38,12.38,12.38
2018-01-05,13.62,13.62,13.62,13.62
2018-01-08,14.98,14.98,14.98,14.98
2018-01-09,16.48,16.48,16.48,16.48
2018-01-10,18.13,18.13,18.13,18.13
2018-01-11,19.94,19.94,19.94,19.94
2018-01-12,21.93,21.93,21.93,21.93
2018-01-15,24.12,24.12,24.12,24.12
2018-01-16,26.53,26.53,26.53,26.53
2018-01-17,29.18,29.18,29.18,29.18
2018-01-18,32.1,29.99,32.1,28.68
2018-01-19,28.15,27.01,28.5,26.99
2018-01-22,25.52,24.53,25.9,24.35
2018-01-23,24.56,25.17,25.33,24.56
2018-01-24,25.1,25.94,26.39,24.65
2018-01-25,25.42,25.39,26.45,25.25
2018-01-26,24.61,24.89,25.18,24.51
2018-01-29,24.8,27.38,27.38,24.71
2018-01-30,27.8,27.08,29.0,26.99
2018-01-31,26.08,27.64,27.87,24.5
2018-02-01,27.38,29.16,30.4,27.02
2018-02-02,27.23,28.15,30.4,26.24
2018-02-05,26.19,25.34,26.92,25.34
2018-02-06,22.81,22.81,22.81,22.81
2018-02-07,20.75,21.18,22.81,20.53
2018-02-08,20.83,20.93,21.56,20.21
2018-02-09,19.1,18.84,20.45,18.84
2018-02-12,19.7,19.43,19.97,19.18
2018-02-13,19.75,18.61,19.75,18.58
2018-02-14,18.45,18.62,19.5,18.36
2018-02-22,18.97,19.25,19.51,18.55
2018-02-23,19.25,19.53,19.68,19.01
2018-02-26,20.15,20.37,20.9,20.09
2018-02-27,20.18,21.64,21.78,20.07
2018-02-28,21.06,20.45,21.2,20.31
2018-03-01,20.02,20.7,20.8,19.88
2018-03-02,20.51,19.92,20.66,19.9
2018-03-05,20.05,20.59,20.83,19.85
2018-03-06,20.83,20.96,21.2,20.34
2018-03-07,20.97,21.83,22.99,20.97
2018-03-08,21.55,23.45,24.0,21.32
2018-03-09,23.03,23.21,23.9,22.6
2018-03-12,23.3,23.75,24.24,23.3
2018-03-13,23.82,23.2,23.95,22.72
2018-03-14,23.31,23.19,24.81,23.1
2018-03-15,21.75,21.29,22.16,20.87
2018-03-16,20.98,21.29,21.8,20.98
2018-03-19,21.44,22.52,22.97,21.44
2018-03-20,22.16,24.77,24.77,21.8
2018-03-21,25.36,23.76,25.76,23.56
2018-03-22,23.69,24.0,24.24,23.24
2018-03-23,22.1,21.6,22.8,21.6
2018-03-26,20.49,21.7,21.76,19.44
2018-03-27,21.73,22.35,22.77,21.71
2018-03-28,21.78,23.21,23.85,21.5
2018-03-29,23.1,23.48,24.6,22.92
2018-03-30,23.24,23.44,23.9,23.24
2018-04-02,23.25,24.81,25.0,23.2
2018-04-03,23.9,24.31,24.39,23.71
2018-04-04,24.32,24.48,25.71,24.18
2018-04-09,24.32,26.93,26.93,23.8
2018-04-10,27.23,26.08,27.55,24.5
2018-04-11,25.82,25.87,26.3,25.13
2018-04-12,25.42,24.98,25.64,24.42
2018-04-13,24.95,25.27,25.45,24.68
2018-04-16,24.99,24.68,24.99,24.1
2018-04-17,24.8,24.89,24.98,24.4
2018-04-18,25.0,24.13,25.28,22.41
2018-04-19,23.82,23.51,24.5,23.3
2018-04-20,23.0,21.39,23.29,21.29
2018-04-23,21.45,21.8,21.85,21.13
2018-04-24,21.8,22.71,22.75,21.71
2018-04-25,22.58,22.56,22.94,22.31
2018-04-26,22.88,21.54,22.88,21.47
2018-04-27,21.74,21.79,21.94,21.41
2018-05-02,21.86,21.75,22.35,21.46
2018-05-03,21.77,22.38,22.43,21.06
2018-05-04,22.34,22.15,22.65,22.03
2018-05-07,22.18,23.26,23.53,22.17
2018-05-08,23.37,23.51,23.78,22.84
2018-05-09,23.6,23.66,23.99,23.25
2018-05-10,23.69,23.85,23.98,23.3
2018-05-11,23.75,23.49,24.75,23.4
2018-05-14,23.14,23.2,23.65,22.53
2018-05-15,23.27,24.16,24.43,23.27
2018-05-16,23.87,23.63,24.16,23.59
2018-05-17,24.0,24.42,24.65,23.88
2018-05-18,24.2,24.18,24.48,23.68
2018-05-21,24.5,25.07,25.68,24.2
2018-05-22,24.97,25.81,26.08,24.58
2018-05-23,26.41,28.39,28.39,25.91
2018-05-24,27.11,28.43,29.88,26.73
2018-05-25,27.8,29.38,31.2,27.53
