date,open,close,high,low
2016-11-17,8.073,9.687,9.687,8.073
2016-11-18,10.654,10.654,10.654,10.654
2016-11-21,11.72,11.72,11.72,11.72
2016-11-22,12.896,12.896,12.896,12.896
2016-11-23,14.182,14.182,14.182,14.182
2016-11-24,15.597,15.597,15.597,15.597
2016-11-25,17.162,17.162,17.162,17.162
2016-11-28,18.876,18.876,18.876,18.876
2016-11-29,20.759,20.759,20.759,20.759
2016-11-30,22.832,22.832,22.832,22.832
2016-12-01,25.114,25.114,25.114,25.114
2016-12-02,27.626,27.626,27.626,27.626
2016-12-05,30.386,30.386,30.386,30.386
2016-12-06,33.426,33.426,33.426,33.426
2016-12-07,36.765,36.765,36.765,36.765
2016-12-08,40.442,40.442,40.442,40.442
2016-12-09,44.488,44.488,44.488,44.488
2016-12-12,46.442,48.933,48.933,45.774
2016-12-13,45.146,46.541,52.192,44.747
2016-12-14,46.751,46.322,49.7,45.146
2016-12-15,43.561,45.903,48.086,42.655
2016-12-16,45.545,45.684,48.833,44.448
2016-12-19,43.95,41.12,44.448,41.12
2016-12-20,40.861,39.944,41.459,39.376
2016-12-21,40.043,42.156,42.615,39.695
2016-12-22,41.469,42.714,44.847,41.469
2016-12-23,42.415,39.306,42.625,39.067
2016-12-26,38.509,43.233,43.233,37.871
2016-12-27,43.203,43.282,44.717,42.086
2016-12-28,42.356,41.937,42.934,41.279
2016-12-29,41.608,42.744,44.329,40.861
2016-12-30,41.857,40.871,42.694,40.661
2017-01-03,40.751,41.05,41.399,40.362
2017-01-04,40.96,40.482,41.229,40.352
2017-01-05,40.342,39.296,41.05,39.077
2017-01-06,39.326,36.984,39.406,36.306
2017-01-09,36.436,36.715,37.422,36.326
2017-01-10,36.585,35.658,36.964,35.529
2017-01-11,35.658,34.124,35.967,33.984
2017-01-12,34.492,35.011,36.276,34.492
2017-01-13,35.369,33.815,35.369,33.585
2017-01-16,32.888,32.15,34.223,30.685
2017-01-17,30.895,33.117,33.725,30.396
2017-01-18,32.569,31.423,32.659,31.293
2017-01-19,30.895,31.224,32.34,30.307
2017-01-20,30.875,32.25,32.768,30.446
2017-01-23,32.26,32.549,32.968,31.891
2017-01-24,32.38,31.204,32.479,31.104
2017-01-25,31.243,32.32,32.559,30.994
2017-01-26,32.32,33.536,34.383,32.32
2017-02-03,33.286,33.655,34.084,32.609
2017-02-06,33.835,35.499,35.748,33.466
2017-02-07,35.18,35.858,36.027,34.801
2017-02-08,35.379,35.967,36.037,35.09
2017-02-09,35.977,36.107,36.864,35.389
2017-02-10,35.678,36.007,36.127,35.359
2017-02-13,35.997,36.765,37.233,35.678
2017-02-14,36.555,36.904,37.422,36.555
2017-02-15,37.074,37.622,38.449,36.745
2017-02-16,37.353,36.814,37.552,35.878
2017-02-17,36.635,35.638,37.084,35.479
2017-02-20,35.399,34.961,35.658,34.114
2017-02-21,34.881,37.193,37.353,34.692
2017-02-22,37.373,36.834,38.838,36.476
2017-02-23,36.834,37.253,37.452,35.997
2017-02-24,37.074,37.711,38.06,36.745
2017-02-27,37.572,37.951,38.389,36.974
2017-02-28,37.941,39.007,39.037,37.412
2017-03-01,38.848,37.452,39.017,37.293
2017-03-02,37.273,37.333,37.741,36.655
2017-03-03,36.954,36.506,37.173,36.376
2017-03-06,36.306,37.323,37.392,36.127
2017-03-07,37.343,38.24,38.269,37.193
2017-03-08,38.1,38.608,38.798,37.881
2017-03-09,38.369,37.711,38.419,37.163
2017-03-10,37.711,38.897,39.356,37.482
2017-03-13,39.067,39.336,39.744,38.339
2017-03-14,39.117,39.037,39.266,38.369
2017-03-15,38.748,39.107,39.266,38.17
2017-03-16,39.356,40.014,40.283,39.127
2017-03-17,40.053,38.12,40.163,37.971
2017-03-20,37.881,38.718,38.738,37.871
2017-03-21,38.718,39.396,39.406,38.608
2017-03-22,39.067,39.555,39.834,38.559
2017-03-23,39.316,43.512,43.512,39.316
2017-03-24,43.352,44.05,46.94,42.645
2017-03-27,43.821,42.346,43.831,41.758
2017-03-28,41.837,41.628,43.053,41.279
2017-03-29,41.359,39.465,41.797,39.366
2017-03-30,38.708,36.635,39.296,36.535
2017-03-31,36.874,36.197,37.432,35.977
2017-04-05,35.888,37.024,37.173,34.891
2017-04-06,36.874,37.143,37.771,36.575
2017-04-07,36.874,36.147,37.323,36.027
2017-04-10,35.619,32.908,35.878,32.529
2017-04-11,32.489,34.213,34.532,32.489
2017-04-12,34.034,33.386,34.502,33.376
2017-04-13,33.286,33.556,33.994,33.097
2017-04-14,33.187,32.798,33.386,32.738
2017-04-17,31.293,32.38,32.868,30.636
2017-04-18,32.39,32.409,33.037,31.941
2017-04-19,32.35,33.416,33.685,32.081
2017-04-20,33.436,33.695,34.163,32.908
2017-04-21,33.476,33.984,34.064,33.386
2017-04-24,33.685,31.991,33.835,31.672
2017-04-25,31.513,34.293,34.582,31.503
2017-04-26,33.884,34.223,34.931,33.765
2017-04-27,33.884,34.453,34.841,32.888
2017-04-28,34.453,34.682,35.16,34.173
2017-05-02,34.881,34.253,34.881,34.193
2017-05-03,34.582,35.31,37.373,33.087
2017-05-04,35.31,37.004,37.343,34.761
2017-05-05,37.851,35.898,37.901,35.878
2017-05-08,33.386,32.31,33.865,32.31
2017-05-09,29.998,31.343,32.29,29.998
2017-05-10,31.343,29.34,32.16,28.782
2017-05-11,28.901,29.709,30.337,27.955
2017-05-12,29.798,30.386,30.446,29.45
2017-05-15,30.127,30.097,30.695,30.077
2017-05-16,29.808,30.646,30.695,29.001
2017-05-17,30.805,31.034,31.443,30.646
2017-05-18,30.984,31.064,31.243,30.626
2017-05-19,31.044,31.802,32.19,31.044
2017-05-22,31.433,31.054,32.15,30.675
2017-05-23,30.895,29.838,31.054,29.509
2017-05-24,29.001,30.347,30.386,28.403
2017-05-25,30.396,31.542,31.642,29.998
2017-05-26,31.393,32.539,32.838,31.054
2017-05-31,33.585,31.941,33.765,31.483
2017-06-01,31.891,31.383,32.22,30.895
2017-06-02,31.114,31.831,32.001,30.606
2017-06-05,31.911,32.898,33.187,31.592
2017-06-06,32.858,35.011,35.379,32.39
2017-06-07,34.5,35.56,36.4,34.46
2017-06-08,35.1,34.94,35.7,34.32
2017-06-09,34.55,36.61,36.77,34.55
2017-06-12,36.88,32.95,38.3,32.95
2017-06-13,29.66,30.38,31.48,29.66
2017-06-14,29.72,29.9,30.07,29.21
2017-06-15,30.0,30.01,30.1,29.66
2017-06-16,29.91,29.37,30.05,29.32
2017-06-19,29.8,29.66,29.8,29.42
2017-06-20,29.75,29.4,29.87,29.24
2017-06-21,29.48,28.79,29.57,28.6
2017-06-22,28.9,28.6,29.05,28.51
2017-06-23,28.33,27.91,28.5,27.24
2017-06-26,27.88,27.97,27.98,27.41
2017-06-27,27.96,27.99,28.28,27.81
2017-06-28,27.98,27.37,27.98,27.3
2017-06-29,27.35,27.41,27.62,27.35
2017-06-30,27.41,27.17,27.43,27.0
2017-07-03,27.25,27.36,27.39,27.03
2017-07-04,27.15,27.46,27.6,27.15
2017-07-05,27.46,28.32,28.48,27.3
2017-07-06,28.3,28.15,28.5,27.78
2017-07-07,28.15,28.26,28.56,27.75
2017-07-10,28.35,27.57,28.35,27.51
2017-07-11,27.66,26.57,27.78,26.5
2017-07-12,26.6,26.54,26.8,26.0
2017-07-13,26.53,25.97,26.53,25.94
2017-07-14,25.92,25.39,26.09,25.28
2017-07-17,25.13,22.85,25.13,22.85
2017-07-18,22.71,22.61,22.94,21.71
2017-07-19,22.41,22.62,22.76,22.4
2017-07-20,22.52,22.73,23.15,22.52
2017-07-21,22.73,22.21,22.92,22.14
2017-07-24,22.04,22.25,22.36,21.4
2017-07-25,22.2,22.27,22.36,22.02
2017-07-26,22.45,21.82,22.45,21.77
2017-07-27,21.84,22.53,22.59,21.84
2017-07-28,22.6,22.32,22.76,22.2
2017-07-31,22.53,23.76,24.5,22.19
2017-08-01,23.72,23.37,23.72,23.13
2017-08-02,23.21,22.66,23.3,22.61
2017-08-03,22.66,22.79,23.2,22.32
2017-08-04,22.6,22.84,23.03,22.6
2017-08-07,22.78,23.18,23.26,22.78
2017-08-08,23.22,22.95,23.28,22.79
2017-08-09,23.0,22.9,23.17,22.81
2017-08-10,22.94,22.3,22.94,21.8
2017-08-11,22.3,21.97,22.3,21.8
2017-08-14,22.32,22.4,22.45,22.09
2017-08-15,22.4,22.78,22.95,22.28
2017-08-16,22.58,23.16,23.49,22.58
2017-08-17,23.05,23.18,23.38,22.96
2017-08-18,23.19,23.06,23.38,23.0
2017-08-21,23.03,23.34,23.38,23.0
2017-08-22,23.33,23.23,23.45,23.16
2017-08-23,23.27,23.02,23.37,22.31
2017-08-24,23.15,23.41,23.99,22.83
2017-08-25,23.16,23.69,23.87,23.11
2017-08-28,23.84,24.5,24.71,23.52
2017-08-29,24.48,24.69,25.02,24.03
2017-08-30,24.36,24.1,24.47,23.9
2017-08-31,23.99,24.42,24.58,23.99
2017-09-01,24.39,24.32,24.8,24.2
2017-09-04,24.4,24.34,24.62,24.12
2017-09-05,24.2,24.3,24.45,24.2
2017-09-06,24.3,25.59,25.66,24.17
2017-09-07,25.9,25.89,26.65,25.43
2017-09-08,25.7,25.37,25.82,25.08
2017-09-11,25.39,25.63,25.89,25.2
2017-09-12,25.76,25.44,26.19,25.39
2017-09-13,25.2,25.03,25.4,24.71
2017-09-14,25.03,24.67,25.28,24.6
2017-09-15,24.67,24.68,24.9,24.5
2017-09-18,24.67,24.83,24.91,24.5
2017-09-19,24.8,24.69,24.87,24.52
2017-09-20,24.69,25.18,25.24,24.26
2017-09-21,24.99,24.73,25.36,24.61
2017-09-22,24.52,25.25,25.29,24.21
2017-09-25,25.01,26.15,26.9,25.0
2017-09-26,26.16,25.36,26.35,25.0
2017-09-27,25.22,26.0,26.12,24.58
2017-09-28,25.78,26.02,26.97,25.22
2017-09-29,26.0,25.92,26.33,25.64
2017-10-09,26.29,25.82,26.36,25.57
2017-10-10,25.63,25.85,25.96,25.41
2017-10-11,25.84,25.58,25.85,25.48
2017-10-12,25.48,25.82,26.4,25.35
2017-10-13,25.68,26.51,26.58,25.55
2017-10-16,26.3,25.04,26.31,25.01
2017-10-17,24.81,24.88,25.25,24.8
2017-10-18,24.82,23.97,25.14,23.7
2017-10-19,23.98,23.46,24.09,23.4
2017-10-20,23.45,23.71,23.78,23.28
2017-10-23,23.66,24.47,24.88,23.66
2017-10-24,24.44,24.34,24.62,24.0
2017-10-25,24.21,24.81,24.95,24.1
2017-10-26,24.79,24.83,24.94,24.62
2017-10-27,24.83,24.37,24.83,24.35
2017-10-30,24.39,23.43,24.56,23.35
2017-10-31,23.43,24.06,24.08,23.38
2017-11-01,24.05,24.15,24.2,23.81
2017-11-02,24.01,23.62,24.02,23.51
2017-11-03,23.57,23.46,23.84,23.41
2017-11-06,23.69,23.82,23.85,23.21
2017-11-07,23.78,24.27,24.48,23.62
2017-11-08,24.26,24.34,24.57,24.11
2017-11-09,24.3,24.42,24.45,24.21
2017-11-10,24.31,23.97,24.31,23.82
2017-11-13,23.85,23.66,23.95,23.41
2017-11-14,23.62,23.67,24.0,23.42
2017-11-15,23.6,23.41,23.7,23.25
2017-11-16,23.43,22.87,23.67,22.8
2017-11-17,22.77,20.58,22.77,20.58
2017-11-20,19.0,19.86,19.9,18.81
2017-11-21,19.6,19.29,19.85,19.08
2017-11-22,19.29,19.33,19.72,19.29
2017-11-23,19.37,19.01,19.43,18.98
2017-11-24,18.99,18.9,19.29,18.8
2017-11-27,18.97,18.82,19.13,18.64
2017-11-28,18.95,19.18,19.2,18.88
2017-11-29,19.24,18.97,19.35,18.74
2017-11-30,18.87,19.04,19.12,18.82
2017-12-01,19.14,19.18,19.28,18.91
2017-12-04,19.08,18.14,19.17,18.0
2017-12-05,18.28,17.24,18.28,17.1
2017-12-06,17.06,17.02,17.44,16.77
2017-12-07,17.1,17.18,17.35,16.82
2017-12-08,17.17,17.63,17.88,17.06
2017-12-11,17.57,17.76,17.78,17.55
2017-12-12,17.79,17.35,17.79,17.32
2017-12-13,17.41,17.6,17.7,17.22
2017-12-14,17.6,17.66,17.69,17.4
2017-12-15,17.52,17.69,17.73,17.51
2017-12-18,17.75,18.13,18.9,17.3
2017-12-19,17.82,18.05,18.3,17.76
2017-12-20,18.26,17.83,18.26,17.83
2017-12-21,17.79,17.72,17.93,17.38
2017-12-22,17.79,18.17,18.3,17.61
2017-12-25,17.95,17.53,18.12,17.41
2017-12-26,17.45,18.0,18.15,17.45
2017-12-27,18.0,17.98,18.25,17.9
2017-12-28,17.94,18.02,18.34,17.82
2017-12-29,17.92,18.05,18.18,17.9
2018-01-02,18.05,18.16,18.24,18.05
2018-01-03,18.16,18.33,18.36,18.08
2018-01-04,18.32,18.09,18.35,18.03
2018-01-05,18.05,18.03,18.18,17.95
2018-01-08,18.03,17.76,18.18,17.58
2018-01-09,17.76,17.9,17.96,17.73
2018-01-10,17.98,17.63,17.98,17.5
2018-01-11,17.55,18.02,18.08,17.54
2018-01-12,17.86,17.84,18.13,17.75
2018-01-15,17.61,17.34,17.99,17.21
2018-01-16,17.35,17.66,17.79,17.25
2018-01-17,17.6,17.83,17.91,17.41
2018-01-18,17.87,18.58,18.6,17.75
2018-01-19,18.4,18.15,18.4,18.11
2018-01-22,18.24,18.17,18.26,17.86
2018-01-23,18.13,18.21,18.29,18.06
2018-01-24,18.18,18.24,18.3,18.0
2018-01-25,18.2,18.2,18.48,18.08
2018-01-26,18.19,18.1,18.25,18.02
2018-01-29,18.1,17.87,18.24,17.81
2018-01-30,17.75,17.85,17.88,17.63
2018-01-31,17.71,17.18,17.8,16.88
2018-02-01,17.2,16.18,17.44,16.17
2018-02-02,16.1,15.93,16.32,15.81
2018-02-05,16.02,15.8,16.02,15.51
2018-02-06,15.79,14.22,15.79,14.22
2018-02-07,14.56,14.51,14.67,13.9
2018-02-08,14.4,14.81,14.94,14.4
2018-02-09,14.61,14.27,14.61,13.99
2018-02-12,14.41,14.81,14.96,14.41
2018-02-13,15.01,14.79,15.01,14.73
2018-02-14,15.16,14.79,15.16,14.51
2018-02-22,15.09,14.98,15.13,14.87
2018-02-23,15.19,15.01,15.19,14.9
2018-02-26,15.04,15.42,15.53,15.04
2018-02-27,15.57,15.53,15.72,15.32
2018-02-28,15.44,15.56,15.66,15.33
2018-03-01,15.5,15.79,15.8,15.43
2018-03-02,15.6,15.57,15.85,15.56
2018-03-05,15.68,15.83,15.86,15.58
2018-03-06,15.92,15.97,16.04,15.66
2018-03-07,16.03,16.0,16.07,15.9
2018-03-08,16.0,16.3,16.36,15.93
2018-03-09,16.3,16.72,16.74,16.1
2018-03-12,16.72,17.05,17.24,16.67
2018-03-13,17.0,16.86,17.16,16.8
2018-03-14,16.96,16.56,16.97,16.51
2018-03-15,16.69,16.16,16.69,15.84
2018-03-16,16.3,16.15,16.31,16.11
2018-03-19,16.15,16.4,16.56,16.02
2018-03-20,16.09,16.77,16.99,16.09
2018-03-21,16.73,16.63,17.1,16.51
2018-03-22,16.6,16.87,16.97,16.51
2018-03-23,16.61,15.68,16.61,15.35
2018-03-26,15.68,16.25,16.38,15.22
2018-03-27,16.25,16.91,16.97,15.95
2018-03-28,16.65,16.7,16.9,16.45
2018-03-29,16.9,18.37,18.37,16.7
2018-03-30,18.05,18.16,18.43,17.71
2018-04-02,18.0,18.13,18.37,17.74
2018-04-03,17.77,17.58,18.16,17.54
2018-04-04,17.6,17.28,17.98,17.2
2018-04-09,17.31,17.47,17.5,17.02
2018-04-10,17.26,17.12,17.57,16.76
2018-04-11,17.1,17.88,18.77,17.02
2018-04-12,17.76,17.77,17.97,17.65
2018-04-13,17.88,17.67,17.97,17.54
2018-04-16,17.63,17.29,17.65,17.01
2018-04-17,17.39,16.63,17.59,16.6
2018-04-18,16.71,17.6,17.65,15.81
2018-04-19,17.66,17.39,17.66,17.08
2018-04-20,17.23,16.5,17.35,16.5
2018-04-23,16.5,16.39,17.1,16.1
2018-04-24,16.4,17.17,17.25,16.01
2018-04-25,16.99,17.76,17.77,16.75
2018-04-26,17.8,17.32,17.8,17.21
2018-04-27,17.35,17.69,19.0,17.35
2018-05-02,17.24,16.78,17.69,16.7
2018-05-03,16.78,18.46,18.46,16.63
2018-05-04,19.0,20.31,20.31,18.83
2018-05-07,20.87,20.83,21.95,20.1
2018-05-08,20.42,20.73,21.87,20.42
2018-05-09,20.0,19.49,20.0,19.22
2018-05-10,19.36,19.63,19.78,19.2
2018-05-11,19.7,19.09,19.7,18.93
2018-05-14,18.88,19.07,19.32,18.82
2018-05-15,19.18,19.25,19.26,18.76
2018-05-16,19.25,19.69,19.75,19.05
2018-05-17,19.72,19.14,19.72,18.98
2018-05-18,19.18,19.09,19.2,18.8
2018-05-21,19.07,19.79,20.48,19.07
2018-05-22,19.79,19.61,19.79,19.25
2018-05-23,19.45,19.7,19.94,19.26
2018-05-24,19.38,20.02,20.22,19.15
2018-05-25,19.8,20.51,20.59,19.55
