date,open,close,high,low
2017-03-21,13.255,15.907,15.907,13.255
2017-03-22,17.5,17.5,17.5,17.5
2017-03-23,19.249,19.249,19.249,19.249
2017-03-24,21.175,21.175,21.175,21.175
2017-03-27,23.293,23.293,23.293,23.293
2017-03-28,25.622,25.622,25.622,25.622
2017-03-29,28.183,28.183,28.183,28.183
2017-03-30,31.001,31.001,31.001,31.001
2017-03-31,34.102,34.102,34.102,34.102
2017-04-05,37.505,34.137,37.51,33.023
2017-04-06,34.137,37.551,37.551,33.326
2017-04-07,37.208,36.063,37.944,35.68
2017-04-10,34.788,32.458,35.09,32.458
2017-04-11,31.637,34.233,34.364,31.591
2017-04-12,33.981,34.561,35.494,33.653
2017-04-13,34.031,34.823,35.166,33.668
2017-04-14,34.374,32.867,34.848,32.711
2017-04-17,30.442,29.58,31.41,29.58
2017-04-18,29.65,29.05,30.396,28.738
2017-04-19,28.748,30.326,30.391,28.738
2017-04-20,30.175,30.159,30.336,28.839
2017-04-21,29.897,29.887,30.391,29.817
2017-04-24,29.549,29.907,30.346,28.521
2017-04-25,30.24,29.907,30.85,29.655
2017-04-26,29.746,29.978,30.492,29.549
2017-04-27,30.018,31.546,31.763,29.202
2017-04-28,31.259,31.168,31.48,30.795
2017-05-02,31.253,29.207,31.253,28.889
2017-05-03,29.05,29.202,29.635,27.629
2017-05-04,28.924,28.41,28.924,28.173
2017-05-05,28.017,28.082,29.116,28.017
2017-05-08,28.027,26.812,28.42,26.776
2017-05-09,26.822,27.326,27.528,26.736
2017-05-10,27.376,26.691,27.513,26.499
2017-05-11,26.464,27.064,27.165,26.161
2017-05-12,26.787,27.472,27.487,26.787
2017-05-15,27.578,27.069,27.618,26.998
2017-05-16,26.872,28.153,28.183,26.358
2017-05-17,28.193,28.476,28.818,28.022
2017-05-18,28.133,27.936,28.622,27.755
2017-05-19,27.739,27.064,28.002,26.983
2017-05-22,27.074,25.168,27.074,25.148
2017-05-23,24.936,23.983,25.375,23.923
2017-05-24,23.807,24.422,24.598,23.706
2017-05-25,24.422,24.225,24.598,23.585
2017-05-26,24.2,24.488,24.74,23.998
2017-05-31,25.259,24.73,25.793,24.709
2017-06-01,24.598,23.772,24.598,23.746
2017-06-02,23.923,24.518,24.689,23.53
2017-06-05,25.113,24.523,25.254,24.2
2017-06-06,24.286,24.412,24.498,24.14
2017-06-07,24.356,25.168,25.335,24.356
2017-06-08,25.304,25.193,25.612,24.951
2017-06-09,25.158,25.582,25.597,25.057
2017-06-12,25.234,24.689,25.41,24.629
2017-06-13,24.714,25.36,25.456,24.714
2017-06-14,25.233,25.056,25.651,24.872
2017-06-15,24.78,25.488,25.765,24.482
2017-06-16,25.474,24.858,25.474,24.78
2017-06-19,24.674,24.815,24.865,24.525
2017-06-20,25.063,24.674,25.063,24.624
2017-06-21,24.674,24.383,24.936,24.241
2017-06-22,24.39,24.078,25.049,24.029
2017-06-23,23.951,23.929,24.078,22.952
2017-06-26,23.653,23.894,23.993,23.398
2017-06-27,24.015,23.965,24.305,23.681
2017-06-28,23.915,23.377,23.915,23.292
2017-06-29,23.462,23.49,23.852,23.313
2017-06-30,23.483,23.823,23.844,23.143
2017-07-03,23.852,24.149,24.234,23.809
2017-07-04,24.149,24.156,24.248,23.958
2017-07-05,24.163,24.525,24.588,24.092
2017-07-06,24.482,25.503,25.864,24.482
2017-07-07,25.056,25.772,26.544,25.056
2017-07-10,25.269,24.737,25.503,24.596
2017-07-11,24.695,24.34,24.999,24.305
2017-07-12,24.34,24.348,24.355,23.533
2017-07-13,24.34,24.114,24.383,23.88
2017-07-14,23.88,24.107,24.61,23.88
2017-07-17,23.781,22.307,23.788,22.222
2017-07-18,22.321,22.505,22.569,21.903
2017-07-19,22.505,22.42,22.505,22.073
2017-07-20,22.427,22.47,23.313,22.406
2017-07-21,22.576,22.704,23.32,22.47
2017-07-24,22.534,22.881,22.923,22.108
2017-07-25,22.81,22.562,22.937,22.378
2017-07-26,22.569,22.576,22.732,22.448
2017-07-27,22.505,23.193,23.334,22.448
2017-07-28,23.086,22.505,23.221,22.448
2017-07-31,22.243,22.3,22.64,21.754
2017-08-01,22.314,22.208,22.335,21.903
2017-08-02,22.186,21.733,22.286,21.69
2017-08-03,21.619,21.704,21.945,21.605
2017-08-04,21.634,21.492,21.719,21.414
2017-08-07,21.612,21.414,21.747,21.258
2017-08-08,21.386,21.704,21.967,21.166
2017-08-09,21.676,21.669,21.754,21.449
2017-08-10,21.825,22.611,23.1,21.414
2017-08-11,22.158,21.825,22.321,21.804
2017-08-14,21.754,22.966,23.242,21.69
2017-08-15,22.966,22.838,23.1,22.647
2017-08-16,22.902,22.874,23.242,22.675
2017-08-17,22.831,23.618,23.958,22.399
2017-08-18,23.377,23.185,23.497,23.107
2017-08-21,23.171,23.653,23.795,23.171
2017-08-22,23.604,23.958,24.355,23.441
2017-08-23,23.951,24.688,25.127,23.653
2017-08-24,24.751,23.752,25.028,23.738
2017-08-25,23.774,24.596,24.702,23.632
2017-08-28,24.801,26.303,26.431,24.596
2017-08-29,26.573,26.204,27.281,25.942
2017-08-30,25.687,25.793,26.36,25.439
2017-08-31,25.658,25.999,26.254,25.658
2017-09-01,26.055,25.843,26.211,25.517
2017-09-04,25.786,26.452,26.558,25.524
2017-09-05,26.31,26.183,27.069,26.084
2017-09-06,25.637,25.488,26.062,25.368
2017-09-07,25.488,25.304,26.077,25.226
2017-09-08,25.226,25.389,25.687,24.95
2017-09-11,25.439,25.687,25.814,25.247
2017-09-12,25.581,24.688,25.687,24.659
2017-09-13,24.596,24.936,24.943,24.518
2017-09-14,24.872,24.404,24.978,24.383
2017-09-15,24.376,24.525,24.631,24.305
2017-09-18,24.511,24.645,24.73,24.397
2017-09-19,24.787,25.503,25.701,24.659
2017-09-20,25.68,25.581,25.694,25.155
2017-09-21,25.439,25.283,25.687,25.226
2017-09-22,25.297,26.24,26.36,25.247
2017-09-25,26.112,25.361,26.445,25.063
2017-09-26,25.368,24.305,25.503,24.1
2017-09-27,24.503,24.645,24.872,24.114
2017-09-28,24.695,25.984,26.707,24.695
2017-09-29,26.041,26.622,27.054,25.8
2017-10-09,26.7,26.764,27.069,26.147
2017-10-10,26.991,26.927,27.983,26.813
2017-10-11,26.927,26.176,27.069,26.14
2017-10-12,26.254,27.565,28.79,26.084
2017-10-13,27.777,27.65,27.891,27.139
2017-10-16,27.742,26.162,27.848,26.098
2017-10-17,26.48,26.523,26.75,25.935
2017-10-18,26.53,25.425,26.771,25.226
2017-10-19,25.439,25.63,25.864,24.744
2017-10-20,25.46,26.367,26.502,25.439
2017-10-23,26.332,26.721,26.92,26.218
2017-10-24,26.721,26.197,26.721,25.51
2017-10-25,26.19,26.381,26.7,25.885
2017-10-26,26.303,26.169,26.452,26.055
2017-10-27,26.289,26.013,27.069,25.991
2017-10-30,25.758,25.049,25.864,24.872
2017-10-31,25.049,25.347,25.481,24.992
2017-11-01,25.354,25.991,26.197,25.198
2017-11-02,25.991,27.366,27.494,25.8
2017-11-03,27.246,27.054,27.274,26.573
2017-11-06,26.927,27.373,27.919,26.927
2017-11-07,27.352,27.267,27.55,26.721
2017-11-08,27.012,26.856,27.756,26.799
2017-11-09,26.863,28.528,28.557,26.615
2017-11-10,28.202,28.394,28.429,27.855
2017-11-13,28.28,28.217,28.79,27.848
2017-11-14,28.238,29.372,29.669,27.94
2017-11-15,29.166,27.465,29.187,27.402
2017-11-16,27.295,26.835,27.798,26.821
2017-11-17,26.608,25.028,26.821,24.248
2017-11-20,24.652,25.51,25.637,24.34
2017-11-21,25.425,24.666,25.538,24.149
2017-11-22,24.801,24.674,25.347,24.305
2017-11-23,24.659,24.227,24.929,24.163
2017-11-24,24.241,23.348,24.411,23.313
2017-11-27,23.214,22.619,23.384,22.541
2017-11-28,22.647,23.441,23.554,22.647
2017-11-29,23.341,22.923,23.341,22.321
2017-11-30,22.923,22.824,23.263,22.732
2017-12-01,22.824,23.228,23.278,22.626
2017-12-04,23.037,22.286,23.037,22.052
2017-12-05,22.392,21.251,22.526,21.173
2017-12-06,21.386,21.825,21.952,21.045
2017-12-07,21.818,21.768,21.967,21.577
2017-12-08,21.577,22.307,22.441,21.577
2017-12-11,22.512,22.569,22.675,22.3
2017-12-12,22.562,22.002,22.647,21.896
2017-12-13,21.924,22.378,22.392,21.726
2017-12-14,22.236,22.193,22.463,21.938
2017-12-15,22.186,22.321,22.782,22.08
2017-12-18,22.25,22.158,22.597,22.052
2017-12-19,22.059,22.399,22.42,22.059
2017-12-20,22.463,21.903,22.463,21.825
2017-12-21,21.931,22.335,22.42,21.839
2017-12-22,22.378,22.193,22.604,22.158
2017-12-25,22.399,21.563,22.399,21.534
2017-12-26,21.563,22.236,22.342,21.371
2017-12-27,22.342,22.243,22.463,22.13
2017-12-28,22.123,22.427,22.583,22.03
2017-12-29,22.328,22.555,22.583,22.321
2018-01-02,22.619,22.555,22.654,22.406
2018-01-03,22.647,22.555,22.647,22.25
2018-01-04,22.534,22.293,22.534,22.264
2018-01-05,22.321,21.811,22.448,21.775
2018-01-08,21.811,21.846,21.896,21.471
2018-01-09,21.811,21.648,21.945,21.563
2018-01-10,21.563,21.279,21.648,21.116
2018-01-11,21.131,21.648,21.782,21.053
2018-01-12,21.591,21.329,21.641,21.322
2018-01-15,21.216,20.521,21.4,20.429
2018-01-16,20.479,20.755,20.897,20.479
2018-01-17,20.833,21.18,21.371,20.557
2018-01-18,20.989,21.024,21.23,20.89
2018-01-19,21.109,21.123,21.57,20.868
2018-01-22,21.329,21.216,21.357,20.677
2018-01-23,21.081,21.216,21.4,21.06
2018-01-24,21.116,21.442,21.499,21.116
2018-01-25,21.407,21.074,21.612,21.01
2018-01-26,21.081,20.67,21.251,20.656
2018-01-29,20.67,20.472,20.968,20.429
2018-01-30,20.479,20.677,20.684,20.344
2018-01-31,20.415,19.692,20.67,19.65
2018-02-01,19.72,18.785,19.72,18.438
2018-02-02,18.849,18.048,18.849,17.736
2018-02-05,17.715,17.729,18.126,17.361
2018-02-06,17.502,16.206,17.552,16.121
2018-02-07,16.503,16.716,16.992,16.007
2018-02-08,16.914,17.021,17.325,16.482
2018-02-09,16.305,16.425,16.865,16.234
2018-02-12,16.787,17.134,17.361,16.588
2018-02-13,17.155,16.886,17.254,16.865
2018-02-14,16.829,16.702,16.992,16.539
2018-02-22,17.354,17.014,17.354,16.794
2018-02-23,16.978,17.205,17.212,16.794
2018-02-26,17.354,18.197,18.339,17.354
2018-02-27,18.197,18.218,18.551,17.949
2018-02-28,18.062,18.183,18.388,17.899
2018-03-01,18.076,18.672,18.7,17.75
2018-03-02,18.367,18.367,19.026,18.339
2018-03-05,18.36,18.629,18.707,18.239
2018-03-06,18.565,18.92,19.196,18.53
2018-03-07,18.835,19.72,19.791,18.835
2018-03-08,19.494,19.713,20.124,19.494
2018-03-09,19.621,19.869,19.983,19.494
2018-03-12,20.025,20.698,20.727,19.968
2018-03-13,20.599,20.117,20.599,20.096
2018-03-14,19.898,19.628,20.039,19.6
2018-03-15,19.628,18.92,19.628,18.601
2018-03-16,18.92,19.04,19.416,18.792
2018-03-19,18.87,19.224,19.409,18.863
2018-03-20,18.991,19.593,19.678,18.92
2018-03-21,19.77,19.21,20.032,19.132
2018-03-22,19.061,19.394,19.685,19.061
2018-03-23,19.09,17.75,19.09,17.644
2018-03-26,17.63,18.14,18.197,17.262
2018-03-27,18.36,19.047,19.345,18.154
2018-03-28,18.863,19.763,19.848,18.792
2018-03-29,19.798,19.798,20.323,19.316
2018-03-30,19.841,20.571,20.585,19.813
2018-04-02,20.5,20.5,21.102,20.294
2018-04-03,20.004,20.231,20.394,19.848
2018-04-04,20.223,21.223,21.386,20.068
2018-04-09,21.194,21.357,21.811,20.776
2018-04-10,21.053,20.649,21.251,20.195
2018-04-11,20.79,20.875,21.031,20.535
2018-04-12,21.102,21.031,21.605,20.939
2018-04-13,21.131,20.741,21.301,20.698
2018-04-16,20.549,20.252,20.691,19.855
2018-04-17,20.372,20.131,20.897,19.912
2018-04-18,20.131,20.273,20.379,18.991
2018-04-19,20.082,20.146,20.748,20.039
2018-04-20,20.11,19.451,20.252,19.416
2018-04-23,19.359,19.458,19.713,19.274
2018-04-24,19.487,20.606,21.386,19.458
2018-04-25,20.443,21.57,22.307,20.443
2018-04-26,21.329,21.18,21.875,20.911
2018-04-27,21.223,20.946,21.57,20.748
2018-05-02,21.102,19.905,21.102,19.543
2018-05-03,19.735,20.309,20.323,19.487
2018-05-04,20.479,20.294,20.542,20.131
2018-05-07,20.089,22.321,22.321,20.089
2018-05-08,22.236,22.243,22.307,21.641
2018-05-09,21.875,22.101,22.179,21.697
2018-05-10,22.307,22.144,22.675,21.768
2018-05-11,21.832,21.917,22.293,21.726
2018-05-14,21.896,22.236,22.42,21.754
2018-05-15,22.144,22.349,22.675,22.002
2018-05-16,22.49,21.91,22.76,21.89
2018-05-17,21.7,21.33,21.8,21.12
2018-05-18,21.33,21.45,21.6,21.0
2018-05-21,21.49,22.21,22.41,21.48
2018-05-22,22.24,23.02,23.09,22.02
2018-05-23,22.85,22.36,22.98,22.22
2018-05-24,22.47,22.24,22.7,22.16
2018-05-25,22.16,22.24,22.38,21.5
