date,open,close,high,low
2016-09-28,8.036,9.641,9.641,8.036
2016-09-29,10.604,10.604,10.604,10.604
2016-09-30,11.666,11.666,11.666,11.666
2016-10-10,12.832,12.832,12.832,12.832
2016-10-11,14.114,14.114,14.114,14.114
2016-10-12,15.524,15.524,15.524,15.524
2016-10-13,17.076,17.076,17.076,17.076
2016-10-14,18.785,18.785,18.785,18.785
2016-10-17,20.664,20.664,20.664,20.664
2016-10-18,22.73,22.73,22.73,22.73
2016-10-19,25.004,25.004,25.004,25.004
2016-10-20,27.505,27.505,27.505,27.505
2016-10-21,30.256,30.256,30.256,30.256
2016-10-24,33.189,33.28,33.28,31.944
2016-10-25,33.811,34.429,36.558,33.604
2016-10-26,34.247,35.5,36.3,34.238
2016-10-27,35.056,36.67,37.13,34.641
2016-10-28,36.628,37.628,38.686,35.96
2016-10-31,37.213,35.861,37.213,35.408
2016-11-01,36.176,36.296,37.172,35.998
2016-11-02,36.085,37.358,38.267,35.72
2016-11-03,36.923,36.57,37.931,35.998
2016-11-04,36.3,37.914,38.001,36.222
2016-11-07,38.329,37.429,38.375,37.006
2016-11-08,37.45,37.454,37.674,36.786
2016-11-09,37.545,37.367,38.001,36.715
2016-11-10,37.752,39.735,40.781,37.545
2016-11-11,39.362,40.233,41.067,39.038
2016-11-14,40.117,39.91,40.656,39.424
2016-11-15,39.827,38.719,39.972,38.271
2016-11-16,38.541,37.014,38.644,36.985
2016-11-17,36.865,36.537,37.317,36.508
2016-11-18,36.873,37.08,37.786,36.719
2016-11-21,36.927,37.603,37.703,36.255
2016-11-22,37.873,39.42,40.793,37.873
2016-11-23,38.997,38.632,39.47,38.258
2016-11-24,38.478,37.454,39.2,37.138
2016-11-25,37.338,38.848,39.121,36.508
2016-11-28,38.624,37.864,38.968,37.835
2016-11-29,37.674,36.939,38.084,36.918
2016-11-30,36.715,37.13,37.474,36.429
2016-12-01,36.889,37.3,37.495,36.632
2016-12-02,37.246,35.023,37.441,34.965
2016-12-05,34.218,34.716,35.176,34.023
2016-12-06,35.035,35.197,35.263,34.765
2016-12-07,35.101,35.309,35.359,34.923
2016-12-08,35.363,34.965,35.678,34.927
2016-12-09,34.848,34.305,34.927,33.961
2016-12-12,34.301,31.978,34.301,30.874
2016-12-13,31.841,33.156,33.189,31.368
2016-12-14,32.807,33.222,33.355,32.774
2016-12-15,33.064,33.284,34.01,33.002
2016-12-16,33.189,33.284,33.421,32.981
2016-12-19,33.284,33.185,33.334,33.023
2016-12-20,33.172,33.293,33.309,33.048
2016-12-21,33.38,33.434,33.479,33.147
2016-12-22,33.338,33.405,33.521,33.297
2016-12-23,33.305,32.239,33.43,32.11
2016-12-26,31.944,32.21,32.239,31.065
2016-12-27,32.027,32.218,32.517,31.944
2016-12-28,32.231,32.421,32.567,32.065
2016-12-29,32.442,32.301,32.766,32.235
2016-12-30,32.11,32.297,32.533,31.948
2017-01-03,32.28,32.637,32.662,32.28
2017-01-04,32.608,32.679,32.699,31.762
2017-01-05,32.596,32.475,32.757,32.276
2017-01-06,32.463,31.48,32.484,31.119
2017-01-09,31.48,31.459,31.492,31.198
2017-01-10,31.417,31.467,31.671,31.388
2017-01-11,31.364,30.256,31.364,30.243
2017-01-12,30.036,30.003,30.55,29.891
2017-01-13,30.015,28.667,30.235,28.584
2017-01-16,28.625,25.8,28.742,25.8
2017-01-17,25.033,25.962,26.663,24.066
2017-01-18,25.514,25.033,25.522,24.908
2017-01-19,24.933,25.58,25.867,24.481
2017-01-20,25.224,26.311,26.493,25.211
2017-01-23,26.219,26.559,26.912,26.178
2017-01-24,26.613,26.281,26.655,26.174
2017-01-25,26.136,26.634,26.676,26.136
2017-01-26,26.696,26.671,26.738,26.302
2017-02-03,26.667,26.427,26.958,26.344
2017-02-06,26.468,27.02,27.045,26.468
2017-02-07,27.049,26.684,27.049,26.572
2017-02-08,26.63,26.983,27.024,26.385
2017-02-09,26.945,27.24,27.547,26.8
2017-02-10,27.377,26.588,27.443,26.551
2017-02-13,26.551,27.277,27.464,26.468
2017-02-14,27.256,27.377,27.792,27.111
2017-02-15,27.248,27.493,27.87,27.236
2017-02-16,27.402,27.493,27.779,27.173
2017-02-17,27.493,26.949,27.742,26.804
2017-02-20,26.949,26.626,27.153,26.286
2017-02-21,26.626,26.709,26.949,26.431
2017-02-22,26.713,26.435,26.738,26.132
2017-02-23,26.439,26.767,26.871,26.248
2017-02-24,26.8,27.796,27.8,26.601
2017-02-27,27.787,27.816,27.999,27.509
2017-02-28,27.671,27.821,27.85,27.426
2017-03-01,27.729,27.962,28.003,27.592
2017-03-02,27.937,27.709,27.958,27.597
2017-03-03,27.621,27.945,28.422,27.547
2017-03-06,27.796,28.613,28.617,27.796
2017-03-07,28.717,29.036,29.434,28.625
2017-03-08,28.874,28.775,29.331,28.654
2017-03-09,28.659,28.364,28.742,28.02
2017-03-10,28.252,29.327,29.405,28.252
2017-03-13,29.455,29.712,30.077,29.04
2017-03-14,29.492,29.322,29.858,29.119
2017-03-15,29.198,29.293,29.53,29.086
2017-03-16,29.418,29.605,30.036,29.331
2017-03-17,29.48,29.049,29.82,28.999
2017-03-20,28.646,29.181,29.185,28.646
2017-03-21,29.331,29.874,29.974,29.331
2017-03-22,29.555,30.206,30.322,29.239
2017-03-23,30.189,30.065,30.575,29.273
2017-03-24,30.082,30.115,30.185,29.621
2017-03-27,30.131,29.907,30.235,29.704
2017-03-28,29.961,29.414,30.032,29.38
2017-03-29,29.314,27.775,29.455,27.754
2017-03-30,27.472,26.393,27.713,26.136
2017-03-31,26.788,26.402,27.09,26.381
2017-04-05,26.41,26.925,26.966,25.954
2017-04-06,26.966,27.057,27.505,26.759
2017-04-07,27.066,26.949,27.169,26.833
2017-04-10,26.883,24.958,26.883,24.892
2017-04-11,24.929,25.775,25.883,24.896
2017-04-12,25.775,25.34,26.136,25.099
2017-04-13,25.356,25.232,25.709,24.892
2017-04-14,25.016,25.178,25.219,24.892
2017-04-17,24.427,23.83,24.726,23.651
2017-04-18,24.033,23.643,24.435,23.485
2017-04-19,23.643,24.307,24.348,23.61
2017-04-20,24.307,24.618,24.871,24.066
2017-04-21,24.614,24.697,24.842,24.439
2017-04-24,24.56,24.166,24.709,23.888
2017-04-25,24.419,24.655,24.888,24.303
2017-04-26,24.655,24.805,24.892,24.485
2017-04-27,24.805,25.265,25.307,24.274
2017-04-28,25.315,25.842,26.128,25.315
2017-05-02,25.838,25.609,25.962,25.472
2017-05-03,25.609,25.883,25.929,25.51
2017-05-04,25.97,25.775,25.974,25.514
2017-05-05,25.796,25.618,26.078,25.555
2017-05-08,25.394,24.908,25.589,24.502
2017-05-09,24.858,25.269,25.294,24.373
2017-05-10,25.248,25.149,25.659,24.726
2017-05-11,24.892,25.157,25.182,24.481
2017-05-12,25.016,25.261,25.406,24.975
2017-05-15,25.39,25.398,25.576,25.311
2017-05-16,25.717,26.651,26.746,25.672
2017-05-17,26.236,26.705,27.041,26.236
2017-05-18,26.551,26.8,26.995,26.261
2017-05-19,26.916,26.057,26.966,25.854
2017-05-22,26.084,25.283,26.793,24.851
2017-05-23,24.95,22.753,24.95,22.753
2017-05-24,22.356,22.278,22.604,21.441
2017-05-25,22.327,21.725,22.327,20.931
2017-05-26,21.831,21.987,22.193,21.682
2017-05-31,22.703,21.491,22.887,21.307
2017-06-01,21.491,19.669,21.512,19.648
2017-06-02,19.726,20.364,20.52,19.407
2017-06-05,20.69,20.449,20.747,20.236
2017-06-06,20.683,20.676,20.69,19.988
2017-06-07,20.676,22.228,22.682,20.676
2017-06-08,22.079,22.235,22.575,22.03
2017-06-09,22.292,22.022,22.455,21.626
2017-06-12,21.477,20.569,21.817,20.435
2017-06-13,20.413,21.356,21.604,20.413
2017-06-14,21.356,21.548,21.824,21.193
2017-06-15,21.618,22.022,22.292,21.441
2017-06-16,22.115,21.81,22.115,21.533
2017-06-19,21.973,21.987,22.086,21.668
2017-06-20,22.249,21.817,22.249,21.583
2017-06-21,21.824,21.54,21.959,21.271
2017-06-22,21.881,21.314,22.271,21.229
2017-06-23,21.136,21.094,21.441,20.747
2017-06-26,21.094,21.604,21.689,21.037
2017-06-27,21.682,21.767,22.015,21.675
2017-06-28,21.618,21.555,21.796,21.413
2017-06-29,21.498,21.774,21.895,21.498
2017-06-30,21.626,21.803,21.937,21.59
2017-07-03,21.803,22.256,22.441,21.704
2017-07-04,22.292,22.384,22.519,22.221
2017-07-05,22.391,22.809,22.823,22.115
2017-07-06,23.142,24.418,24.801,23.114
2017-07-07,24.035,24.354,24.737,24.028
2017-07-10,24.035,23.412,24.333,23.327
2017-07-11,23.32,22.66,23.745,22.455
2017-07-12,22.604,23.015,23.093,22.285
2017-07-13,22.866,22.731,23.064,22.554
2017-07-14,22.894,22.93,23.327,22.59
2017-07-17,22.582,20.64,22.639,20.64
2017-07-18,20.64,20.789,21.257,20.158
2017-07-19,20.569,20.754,20.768,20.428
2017-07-20,20.754,20.69,21.172,20.598
2017-07-21,20.506,20.52,20.895,20.428
2017-07-24,20.413,20.959,21.214,20.059
2017-07-25,20.91,21.03,21.122,20.704
2017-07-26,21.044,20.959,21.158,20.782
2017-07-27,20.839,21.611,21.661,20.647
2017-07-28,21.654,21.2,21.675,21.087
2017-07-31,20.981,21.207,21.59,20.981
2017-08-01,21.115,21.321,21.328,20.945
2017-08-02,21.264,20.584,21.356,20.569
2017-08-03,20.605,21.214,21.229,20.47
2017-08-04,21.172,21.222,21.335,20.768
2017-08-07,21.299,22.462,22.611,20.86
2017-08-08,22.462,21.966,22.469,21.888
2017-08-09,21.852,21.59,21.888,21.54
2017-08-10,21.76,21.044,21.774,20.981
2017-08-11,20.981,20.981,21.144,20.768
2017-08-14,20.825,21.718,21.746,20.803
2017-08-15,21.718,22.908,23.079,21.498
2017-08-16,22.483,22.582,22.745,22.193
2017-08-17,21.923,21.959,22.143,21.661
2017-08-18,21.803,21.37,21.81,21.328
2017-08-21,21.377,21.781,21.867,21.349
2017-08-22,21.76,21.427,21.76,21.342
2017-08-23,21.342,21.427,21.54,21.271
2017-08-24,21.285,21.037,21.441,21.023
2017-08-25,20.973,21.47,21.661,20.973
2017-08-28,21.76,21.966,22.15,21.399
2017-08-29,22.115,21.959,22.249,21.831
2017-08-30,21.959,21.696,22.079,21.64
2017-08-31,21.626,22.108,22.171,21.604
2017-09-01,22.072,21.994,22.207,21.838
2017-09-04,21.973,22.256,22.391,21.774
2017-09-05,22.306,22.235,22.441,22.044
2017-09-06,22.115,21.973,22.249,21.746
2017-09-07,21.966,22.263,22.66,21.923
2017-09-08,22.228,22.405,22.49,22.037
2017-09-11,22.575,22.745,22.753,22.419
2017-09-12,22.738,22.122,22.738,22.051
2017-09-13,22.044,22.235,22.292,21.831
2017-09-14,22.412,21.874,22.426,21.852
2017-09-15,21.902,21.781,22.108,21.618
2017-09-18,21.64,22.03,22.086,21.64
2017-09-19,22.03,22.079,22.115,21.909
2017-09-20,22.079,22.738,22.816,21.704
2017-09-21,22.809,22.547,23.22,22.37
2017-09-22,22.554,23.525,23.816,22.271
2017-09-25,23.376,22.916,23.376,22.83
2017-09-26,22.908,22.037,22.908,21.704
2017-09-27,22.051,22.448,22.54,21.618
2017-09-28,22.256,21.959,22.327,21.902
2017-09-29,22.178,22.242,22.263,21.973
2017-10-09,22.611,22.356,22.894,22.263
2017-10-10,22.476,23.27,23.426,22.235
2017-10-11,23.178,22.923,23.178,22.76
2017-10-12,22.575,22.448,22.604,21.98
2017-10-13,22.469,22.469,22.533,21.98
2017-10-16,22.455,21.711,22.497,21.618
2017-10-17,21.618,21.767,21.93,21.533
2017-10-18,21.767,21.101,22.164,21.051
2017-10-19,21.151,20.321,21.151,19.889
2017-10-20,20.3,20.555,20.612,20.201
2017-10-23,20.768,20.662,20.768,20.52
2017-10-24,20.697,20.499,20.718,20.435
2017-10-25,20.491,20.803,20.867,20.364
2017-10-26,20.697,20.881,20.895,20.697
2017-10-27,20.895,20.718,21.023,20.64
2017-10-30,20.456,20.109,20.938,19.875
2017-10-31,20.109,20.442,20.484,20.024
2017-11-01,20.435,20.584,20.591,20.343
2017-11-02,20.605,20.364,20.633,20.279
2017-11-03,20.456,20.442,20.683,20.328
2017-11-06,20.647,20.704,20.761,20.35
2017-11-07,20.704,20.654,20.825,20.428
2017-11-08,20.569,20.577,20.732,20.499
2017-11-09,20.598,20.527,20.598,20.336
2017-11-10,20.272,20.605,20.704,20.201
2017-11-13,20.626,20.577,20.69,20.47
2017-11-14,20.619,20.364,20.619,20.279
2017-11-15,20.406,19.995,20.413,19.974
2017-11-16,20.328,19.91,20.328,19.818
2017-11-17,19.811,18.556,19.811,18.464
2017-11-20,18.571,18.514,18.592,17.011
2017-11-21,18.415,18.436,18.819,17.961
2017-11-22,18.436,18.323,18.634,18.273
2017-11-23,18.436,17.862,18.436,17.805
2017-11-24,17.869,17.72,18.004,17.649
2017-11-27,17.72,17.699,17.961,17.38
2017-11-28,17.607,18.046,18.053,17.607
2017-11-29,17.996,17.89,17.996,17.734
2017-11-30,17.975,17.713,17.975,17.699
2017-12-01,17.713,17.755,17.897,17.67
2017-12-04,17.763,16.983,17.876,16.905
2017-12-05,17.011,16.168,17.295,15.948
2017-12-06,16.161,16.721,16.905,16.054
2017-12-07,16.799,16.891,17.139,16.522
2017-12-08,16.671,17.5,17.543,16.671
2017-12-11,17.316,17.543,17.862,17.316
2017-12-12,17.351,17.21,17.635,17.146
2017-12-13,17.252,17.288,17.366,17.075
2017-12-14,17.33,17.514,17.649,17.295
2017-12-15,17.472,17.33,17.578,17.011
2017-12-18,17.174,17.089,17.429,17.061
2017-12-19,17.309,17.146,17.309,16.947
2017-12-20,17.146,16.862,17.266,16.777
2017-12-21,16.94,16.614,16.94,16.473
2017-12-22,16.614,16.409,16.664,16.359
2017-12-25,16.302,15.962,16.345,15.792
2017-12-26,15.927,16.295,16.416,15.927
2017-12-27,16.338,16.288,16.636,16.09
2017-12-28,16.217,16.699,16.763,16.111
2017-12-29,16.579,17.21,18.358,16.579
2018-01-02,17.181,17.089,17.224,16.905
2018-01-03,17.089,17.139,17.224,16.94
2018-01-04,17.018,17.203,17.224,17.018
2018-01-05,17.493,17.366,17.493,17.096
2018-01-08,17.529,17.401,17.529,17.11
2018-01-09,17.55,17.288,17.55,17.167
2018-01-10,17.507,16.813,17.507,16.706
2018-01-11,16.423,16.955,17.004,16.423
2018-01-12,16.94,16.657,17.224,16.515
2018-01-15,16.515,16.345,16.855,16.097
2018-01-16,16.005,16.239,16.515,16.005
2018-01-17,16.402,16.281,16.444,16.076
2018-01-18,16.331,16.31,16.409,16.203
2018-01-19,16.31,16.26,16.402,16.083
2018-01-22,16.196,16.324,16.43,15.828
2018-01-23,16.572,16.324,16.643,16.281
2018-01-24,16.338,16.465,16.501,16.168
2018-01-25,16.579,16.728,16.905,16.437
2018-01-26,16.621,16.473,16.685,16.366
2018-01-29,16.182,16.239,16.43,16.147
2018-01-30,16.281,16.217,16.288,16.054
2018-01-31,16.04,15.92,16.161,15.898
2018-02-01,16.118,15.317,16.118,15.097
2018-02-02,15.31,14.864,15.31,14.672
2018-02-05,14.424,14.814,15.041,14.304
2018-02-06,14.885,14.637,14.885,14.268
2018-02-07,14.552,15.09,15.211,14.552
2018-02-08,14.892,15.041,15.218,14.892
2018-02-09,14.814,15.856,16.543,14.814
2018-02-12,15.82,16.558,16.749,15.82
2018-02-13,16.444,17.011,17.224,16.168
2018-02-14,17.011,17.571,17.635,16.664
2018-02-22,17.72,17.238,17.933,17.224
2018-02-23,16.997,17.146,17.344,16.728
2018-02-26,17.146,17.628,17.72,16.997
2018-02-27,17.72,17.6,17.855,17.167
2018-02-28,17.6,17.451,17.6,17.196
2018-03-01,17.103,17.67,17.713,17.082
2018-03-02,17.741,17.904,18.415,17.628
2018-03-05,17.692,18.082,18.202,17.592
2018-03-06,18.082,17.6,18.145,17.472
2018-03-07,17.635,17.288,17.72,17.231
2018-03-08,17.344,17.486,17.578,17.266
2018-03-09,17.479,17.876,18.117,17.231
2018-03-12,17.919,18.018,18.273,17.734
2018-03-13,17.862,18.84,18.89,17.862
2018-03-14,18.677,18.734,18.897,18.266
2018-03-15,18.5,18.372,18.769,18.004
2018-03-16,18.429,18.571,18.797,18.252
2018-03-19,18.776,18.259,18.776,18.216
2018-03-20,17.911,17.529,18.11,17.422
2018-03-21,17.529,17.281,17.685,17.259
2018-03-22,17.777,19.01,19.01,17.777
2018-03-23,18.783,19.471,20.151,18.074
2018-03-26,18.443,19.669,19.747,18.074
2018-03-27,19.747,20.499,20.825,19.194
2018-03-28,20.052,19.854,20.534,19.846
2018-03-29,20.059,19.513,20.13,19.279
2018-03-30,19.464,19.981,20.286,19.464
2018-04-02,19.846,20.102,20.747,19.705
2018-04-03,19.513,19.62,20.095,19.513
2018-04-04,19.62,19.421,20.194,19.372
2018-04-09,19.159,19.577,19.74,19.159
2018-04-10,19.506,19.053,19.634,18.734
2018-04-11,19.138,20.18,20.201,19.138
2018-04-12,20.236,19.818,20.236,19.457
2018-04-13,19.818,19.868,20.13,19.513
2018-04-16,19.981,19.818,20.009,19.499
2018-04-17,19.634,18.882,20.009,18.854
2018-04-18,19.024,18.812,19.279,17.798
2018-04-19,18.606,19.194,19.492,18.344
2018-04-20,19.258,19.854,20.952,18.79
2018-04-23,19.421,18.755,19.421,18.429
2018-04-24,18.641,19.62,19.726,18.571
2018-04-25,19.485,19.953,20.47,19.485
2018-04-26,19.939,21.264,21.952,19.563
2018-04-27,20.895,20.385,20.895,19.641
2018-05-02,20.215,19.903,20.619,19.705
2018-05-03,19.846,21.158,21.264,19.705
2018-05-04,20.917,20.435,21.158,20.406
2018-05-07,20.413,20.86,21.101,20.385
2018-05-08,20.768,20.874,21.03,20.499
2018-05-09,20.825,21.767,22.03,20.81
2018-05-10,21.859,21.633,21.859,21.349
2018-05-11,21.526,21.377,22.185,21.321
2018-05-14,21.399,21.292,21.576,21.009
2018-05-15,21.101,21.654,21.852,20.91
2018-05-16,21.278,21.172,21.817,21.158
2018-05-17,21.066,20.761,21.193,20.541
2018-05-18,20.732,20.761,20.931,20.562
2018-05-21,20.83,21.56,21.88,20.76
2018-05-22,21.16,21.21,21.42,20.9
2018-05-23,21.01,20.89,21.44,20.53
2018-05-24,20.63,20.17,20.85,20.13
2018-05-25,20.12,20.32,20.55,20.03
