date,open,close,high,low
2016-12-28,12.049,14.46,14.46,12.049
2016-12-29,15.903,15.903,15.903,15.903
2016-12-30,17.495,17.495,17.495,17.495
2017-01-03,19.244,19.244,19.244,19.244
2017-01-04,21.172,21.172,21.172,21.172
2017-01-05,23.287,23.287,23.287,23.287
2017-01-06,25.619,25.619,25.619,25.619
2017-01-09,28.179,28.179,28.179,28.179
2017-01-10,30.581,30.996,30.996,29.158
2017-01-11,31.827,34.1,34.1,31.777
2017-01-12,30.69,30.69,32.499,30.69
2017-01-13,28.95,27.873,29.652,27.626
2017-01-16,27.557,27.883,28.565,25.896
2017-01-17,27.576,27.744,28.328,25.214
2017-01-18,26.983,25.471,27.151,25.402
2017-01-19,24.68,24.512,25.669,24.117
2017-01-20,24.483,25.086,25.797,24.325
2017-01-23,25.105,25.412,26.173,24.868
2017-01-24,25.204,24.166,25.491,24.147
2017-01-25,23.939,24.631,25.007,23.84
2017-01-26,24.72,24.641,25.007,24.414
2017-02-03,24.641,27.102,27.102,24.552
2017-02-06,28.15,29.81,29.81,27.972
2017-02-07,30.117,29.771,31.135,29.454
2017-02-08,29.069,30.374,30.611,28.664
2017-02-09,29.86,29.484,30.136,29.158
2017-02-10,28.97,28.071,29.454,27.873
2017-02-13,28.169,28.861,29.533,28.169
2017-02-14,28.466,29.82,30.146,28.288
2017-02-15,29.356,30.601,32.499,29.257
2017-02-16,29.751,29.444,30.334,28.486
2017-02-17,29.158,28.417,29.682,27.883
2017-02-20,28.268,27.814,28.594,27.102
2017-02-21,27.774,29.296,29.435,27.567
2017-02-22,29.059,29.188,30.838,28.97
2017-02-23,28.703,30.64,30.739,28.219
2017-02-24,30.383,30.71,32.301,30.018
2017-02-27,30.166,32.281,33.487,29.998
2017-02-28,32.004,32.548,33.102,31.332
2017-03-01,32.123,30.828,32.548,30.65
2017-03-02,30.64,32.192,32.607,30.463
2017-03-03,31.629,31.639,31.876,30.818
2017-03-06,31.728,32.884,32.943,31.194
2017-03-07,32.597,33.882,34.05,32.35
2017-03-08,33.704,34.09,34.752,33.111
2017-03-09,33.566,32.311,33.892,32.271
2017-03-10,32.074,31.599,32.469,31.431
2017-03-13,31.233,32.874,32.934,31.233
2017-03-14,32.736,32.884,33.25,32.4
2017-03-15,32.617,33.457,33.754,32.004
2017-03-16,33.398,34.288,34.683,33.309
2017-03-17,34.189,32.42,34.426,32.301
2017-03-20,32.41,33.803,33.922,32.232
2017-03-21,34.041,34.811,35.345,33.408
2017-03-22,34.396,34.564,34.762,33.635
2017-03-23,34.377,33.695,34.703,32.627
2017-03-24,33.408,34.426,34.475,33.131
2017-03-27,34.337,33.744,34.574,33.695
2017-03-28,33.606,32.261,34.238,32.222
2017-03-29,32.222,29.909,32.499,29.682
2017-03-30,29.622,29.178,29.751,28.555
2017-03-31,29.138,29.069,29.84,28.762
2017-04-05,29.128,29.306,29.504,28.13
2017-04-06,29.168,29.365,30.196,29.01
2017-04-07,29.237,28.565,29.484,28.268
2017-04-10,28.278,26.074,28.288,26.044
2017-04-11,25.876,26.914,27.082,25.718
2017-04-12,26.736,26.123,26.865,26.104
2017-04-13,26.104,26.291,26.756,26.064
2017-04-14,26.222,26.321,26.637,26.005
2017-04-17,25.313,25.521,25.886,24.888
2017-04-18,25.521,25.372,25.866,25.303
2017-04-19,25.214,26.351,26.499,25.214
2017-04-20,26.242,26.371,26.558,25.965
2017-04-21,26.351,25.619,26.647,25.521
2017-04-24,25.293,24.552,25.293,24.216
2017-04-25,24.641,24.285,24.947,24.226
2017-04-26,24.157,24.7,24.937,23.84
2017-04-27,24.611,25.224,25.481,23.84
2017-04-28,25.155,25.303,25.422,24.967
2017-05-02,24.72,22.802,24.888,22.773
2017-05-03,22.437,22.733,22.961,22.249
2017-05-04,22.545,22.387,22.783,22.348
2017-05-05,22.506,21.695,22.605,21.626
2017-05-08,21.488,20.233,21.606,20.055
2017-05-09,20.223,20.776,20.885,20.163
2017-05-10,20.836,20.302,21.162,20.262
2017-05-11,20.46,20.796,20.855,19.946
2017-05-12,20.756,20.658,20.954,20.46
2017-05-15,20.569,20.391,20.905,20.242
2017-05-16,20.262,21.132,21.162,19.877
2017-05-17,21.132,21.221,21.606,20.964
2017-05-18,20.984,20.984,21.231,20.816
2017-05-19,20.984,21.043,21.3,20.865
2017-05-22,21.063,19.748,21.112,19.58
2017-05-23,19.511,18.533,19.679,18.414
2017-05-24,18.345,18.829,18.938,18.206
2017-05-25,18.78,18.829,19.027,18.196
2017-05-26,18.819,18.997,19.274,18.641
2017-05-31,19.62,19.047,19.897,19.007
2017-06-01,18.878,17.781,18.878,17.643
2017-06-02,17.771,18.266,18.404,17.653
2017-06-05,18.523,18.404,18.72,18.365
2017-06-06,18.137,18.542,18.631,18.098
2017-06-07,18.533,19.135,19.343,18.493
2017-06-08,19.066,18.958,19.323,18.829
2017-06-09,18.948,19.096,19.106,18.74
2017-06-12,18.71,18.355,18.898,18.285
2017-06-13,18.612,19.462,19.64,18.533
2017-06-14,19.343,19.274,19.481,19.066
2017-06-15,19.224,19.748,19.936,19.135
2017-06-16,19.887,19.462,19.887,19.323
2017-06-19,19.57,19.669,19.897,19.472
2017-06-20,19.798,19.56,19.857,19.531
2017-06-21,19.6,19.58,19.778,19.343
2017-06-22,19.6,18.8,19.62,18.75
2017-06-23,18.75,18.91,19.05,18.35
2017-06-26,18.89,19.1,19.11,18.71
2017-06-27,19.09,19.12,19.33,18.98
2017-06-28,19.01,18.94,19.1,18.74
2017-06-29,18.95,19.45,19.8,18.95
2017-06-30,19.47,19.62,19.77,19.4
2017-07-03,19.54,19.67,19.72,19.36
2017-07-04,19.69,19.47,19.73,19.39
2017-07-05,19.37,19.76,19.77,19.37
2017-07-06,19.76,19.52,19.76,19.4
2017-07-07,19.42,20.03,20.15,19.42
2017-07-10,19.76,19.43,19.91,19.42
2017-07-11,19.45,18.97,19.55,18.9
2017-07-12,19.42,19.24,19.54,18.9
2017-07-13,19.2,19.29,19.41,18.99
2017-07-14,19.24,19.49,19.5,19.07
2017-07-17,19.4,18.42,19.5,18.12
2017-07-18,18.25,18.68,18.79,18.25
2017-07-19,18.66,20.55,20.55,18.66
2017-07-20,20.6,21.46,22.36,20.55
2017-07-21,21.0,20.87,21.35,20.83
2017-07-24,20.8,21.41,21.9,20.8
2017-07-25,21.15,21.04,21.41,20.66
2017-07-26,21.08,21.42,21.48,20.82
2017-07-27,21.49,21.41,21.88,21.2
2017-07-28,21.41,21.07,21.59,21.05
2017-07-31,21.1,21.31,21.35,20.92
2017-08-01,21.3,21.13,21.35,21.01
2017-08-02,21.12,20.52,21.13,20.36
2017-08-03,20.4,20.68,20.89,20.32
2017-08-04,20.75,20.29,20.75,20.27
2017-08-07,20.48,20.54,20.6,20.31
2017-08-08,20.54,20.77,20.85,20.44
2017-08-09,20.72,21.58,21.65,20.67
2017-08-10,21.38,21.15,21.5,20.89
2017-08-11,21.03,21.08,21.36,20.9
2017-08-14,21.2,21.66,21.83,21.2
2017-08-15,21.75,21.77,21.88,21.42
2017-08-16,21.9,21.58,22.17,21.55
2017-08-17,21.64,21.4,21.7,21.28
2017-08-18,21.28,21.07,21.4,21.01
2017-08-21,21.03,21.27,21.44,21.0
2017-08-22,21.24,20.98,21.24,20.83
2017-08-23,21.02,20.91,21.09,20.75
2017-08-24,20.91,21.05,21.38,20.81
2017-08-25,21.17,21.27,21.35,20.95
2017-08-28,21.37,21.72,21.77,21.23
2017-08-29,21.76,22.58,22.77,21.61
2017-08-30,22.4,22.39,22.7,22.2
2017-08-31,22.45,23.02,23.08,22.34
2017-09-01,23.04,22.77,23.05,22.65
2017-09-04,22.77,22.35,22.77,22.25
2017-09-05,22.25,22.33,22.65,22.2
2017-09-06,22.37,22.16,22.38,22.02
2017-09-07,22.16,22.09,22.36,22.06
2017-09-08,22.09,22.6,22.89,21.99
2017-09-11,22.52,22.85,23.17,22.47
2017-09-12,22.85,22.8,23.33,22.67
2017-09-13,22.73,23.76,23.86,22.73
2017-09-14,23.54,23.66,24.09,23.41
2017-09-15,23.52,23.97,24.1,23.17
2017-09-18,24.0,24.79,24.8,23.81
2017-09-19,24.59,24.19,24.86,24.13
2017-09-20,23.9,24.11,24.48,23.62
2017-09-21,24.11,23.19,24.11,23.15
2017-09-22,23.17,23.0,23.54,22.99
2017-09-25,22.98,22.65,23.16,22.51
2017-09-26,22.49,22.0,22.78,21.62
2017-09-27,21.95,22.17,22.4,21.84
2017-09-28,22.13,21.87,22.16,21.76
2017-09-29,21.75,21.26,22.13,21.16
2017-10-09,21.56,21.16,21.78,20.87
2017-10-10,21.18,21.53,21.64,21.0
2017-10-11,21.57,21.84,21.88,21.06
2017-10-12,21.75,21.35,21.79,21.21
2017-10-13,21.35,21.62,21.68,21.17
2017-10-16,21.67,21.82,21.99,21.24
2017-10-17,21.77,21.97,22.15,21.56
2017-10-18,21.99,21.24,22.02,20.9
2017-10-19,21.02,21.27,21.75,21.0
2017-10-20,21.26,21.28,21.4,21.07
2017-10-23,21.2,21.4,21.88,21.2
2017-10-24,21.26,20.68,21.35,20.5
2017-10-25,20.68,21.1,21.38,20.61
2017-10-26,21.15,21.29,21.6,21.02
2017-10-27,22.61,23.42,23.42,22.21
2017-10-30,24.05,23.89,25.23,23.82
2017-10-31,23.62,24.31,24.6,23.02
2017-11-01,23.68,23.71,24.29,23.45
2017-11-02,23.51,24.0,24.03,23.15
2017-11-03,23.85,23.2,24.15,23.11
2017-11-06,22.9,23.15,23.46,22.6
2017-11-07,22.95,23.02,23.45,22.64
2017-11-08,22.99,23.6,23.68,22.79
2017-11-09,23.42,23.41,23.82,23.22
2017-11-10,23.35,24.26,24.58,23.35
2017-11-13,24.46,24.09,24.76,23.95
2017-11-14,23.96,23.06,23.96,23.02
2017-11-15,23.0,23.13,23.45,22.9
2017-11-16,22.93,22.06,23.24,22.04
2017-11-17,21.95,20.94,22.15,20.68
2017-11-20,20.86,20.95,20.99,19.82
2017-11-21,20.88,20.82,21.24,20.58
2017-11-22,20.86,20.43,20.94,20.23
2017-11-23,20.4,19.97,20.44,19.9
2017-11-24,19.97,20.05,20.12,19.81
2017-11-27,20.05,20.07,20.38,19.85
2017-11-28,20.03,20.43,20.49,20.03
2017-11-29,20.49,20.41,20.58,20.09
2017-11-30,20.54,20.23,20.57,20.21
2017-12-01,20.28,20.15,20.3,19.89
2017-12-04,20.15,19.11,20.24,19.05
2017-12-05,19.14,18.88,19.48,18.65
2017-12-06,18.81,19.38,19.39,18.7
2017-12-07,19.4,19.31,19.49,19.27
2017-12-08,19.28,19.44,19.65,19.28
2017-12-11,19.49,19.85,19.86,19.45
2017-12-12,19.7,19.35,19.84,19.32
2017-12-13,19.39,19.57,19.65,19.27
2017-12-14,19.51,19.37,19.62,19.34
2017-12-15,19.44,19.45,19.47,19.29
2017-12-18,19.57,19.45,19.78,19.3
2017-12-19,19.36,19.5,19.68,19.36
2017-12-20,19.53,19.15,19.53,19.08
2017-12-21,19.01,19.13,19.18,18.51
2017-12-22,18.9,18.8,19.08,18.79
2017-12-25,18.76,18.4,18.81,18.29
2017-12-26,18.5,18.85,18.96,18.32
2017-12-27,18.85,18.58,18.9,18.52
2017-12-28,18.5,20.44,20.44,18.43
2017-12-29,20.58,20.2,21.79,20.05
2018-01-02,19.7,20.13,20.29,19.7
2018-01-03,20.0,19.94,20.08,19.8
2018-01-04,19.95,19.93,20.0,19.71
2018-01-05,19.93,19.98,20.34,19.91
2018-01-08,19.89,19.89,19.94,19.54
2018-01-09,19.88,20.34,20.77,19.73
2018-01-10,20.13,20.01,20.34,19.8
2018-01-11,20.0,20.05,20.15,19.76
2018-01-12,20.02,19.88,20.17,19.82
2018-01-15,19.91,19.33,20.12,19.3
2018-01-16,19.46,19.68,19.79,19.35
2018-01-17,19.3,19.65,19.87,19.2
2018-01-18,19.67,19.54,19.84,19.44
2018-01-19,19.54,19.23,19.65,19.21
2018-01-22,19.19,19.3,19.39,18.87
2018-01-23,19.26,19.16,19.42,19.12
2018-01-24,19.27,20.13,20.98,19.2
2018-01-25,19.98,20.48,20.93,19.98
2018-01-26,20.5,20.47,20.59,20.11
2018-01-29,20.39,19.97,20.53,19.81
2018-01-30,20.8,20.39,20.96,20.25
2018-01-31,20.18,20.64,20.88,19.97
2018-02-01,20.32,19.87,20.52,19.75
2018-02-02,19.11,19.24,19.53,19.01
2018-02-05,19.12,19.11,19.34,18.9
2018-02-06,18.79,17.75,18.89,17.7
2018-02-07,18.16,18.16,18.38,17.68
2018-02-08,18.16,18.44,18.59,18.05
2018-02-09,17.9,17.96,18.15,17.68
2018-02-12,18.05,18.45,18.64,18.05
2018-02-13,18.59,18.23,18.59,18.1
2018-02-14,18.31,17.95,18.31,17.79
2018-02-22,18.16,18.11,18.16,17.82
2018-02-23,18.1,18.02,18.1,17.81
2018-02-26,18.15,18.52,18.74,18.15
2018-02-27,18.42,18.6,18.69,18.42
2018-02-28,18.48,18.5,18.6,18.27
2018-03-01,18.36,18.72,18.73,18.32
2018-03-02,18.52,18.47,18.67,18.42
2018-03-05,18.53,18.47,18.55,18.21
2018-03-06,18.47,18.73,18.8,18.4
2018-03-07,18.74,18.53,18.92,18.5
2018-03-08,18.55,19.08,19.37,18.46
2018-03-09,19.03,19.33,19.45,18.86
2018-03-12,19.36,19.34,19.48,19.08
2018-03-13,19.35,19.2,19.57,19.17
2018-03-14,19.16,18.97,19.16,18.85
2018-03-15,18.93,18.54,18.93,18.31
2018-03-16,18.53,18.6,18.76,18.52
2018-03-19,18.62,18.75,18.86,18.4
2018-03-20,18.62,18.73,18.87,18.42
2018-03-21,18.8,18.83,19.36,18.74
2018-03-22,18.84,18.9,19.18,18.75
2018-03-23,18.45,17.6,18.45,17.4
2018-03-26,17.5,17.72,17.78,16.9
2018-03-27,17.85,18.06,18.22,17.8
2018-03-28,17.83,17.81,17.97,17.7
2018-03-29,17.79,18.06,18.12,17.79
2018-03-30,18.1,18.21,18.36,18.1
2018-04-02,18.21,18.1,18.29,18.06
2018-04-03,17.9,17.92,17.98,17.72
2018-04-04,17.9,18.09,18.38,17.9
2018-04-09,18.04,18.45,18.47,17.83
2018-04-10,18.57,18.45,18.57,18.16
2018-04-11,18.48,18.95,19.17,18.38
2018-04-12,18.81,18.91,19.27,18.68
2018-04-13,18.9,19.19,19.45,18.9
2018-04-16,19.14,18.74,19.2,18.66
2018-04-17,18.75,18.81,19.44,18.7
2018-04-18,18.88,18.69,19.14,18.05
2018-04-19,18.7,18.54,18.77,18.35
2018-04-20,18.51,18.68,19.14,18.44
2018-04-23,18.41,17.82,18.48,17.6
2018-04-24,17.82,18.14,18.16,17.82
2018-04-25,18.03,18.08,18.21,17.92
2018-04-26,18.08,17.73,18.2,17.67
2018-04-27,16.21,15.96,16.91,15.96
2018-05-02,15.84,15.6,15.87,15.36
2018-05-03,15.5,15.63,15.68,15.23
2018-05-04,15.54,15.47,15.64,15.41
2018-05-07,15.55,15.69,15.72,15.49
2018-05-08,15.69,15.91,15.99,15.69
2018-05-09,15.9,15.91,15.95,15.71
2018-05-10,15.96,16.2,16.35,15.81
2018-05-11,16.2,15.85,16.22,15.82
2018-05-14,15.88,15.79,15.97,15.73
2018-05-15,15.84,16.35,16.47,15.74
2018-05-16,16.28,16.72,17.47,16.18
2018-05-17,16.63,16.99,17.15,16.46
2018-05-18,16.8,17.18,17.3,16.73
2018-05-21,17.1,17.2,17.37,17.04
2018-05-22,17.06,17.2,17.69,17.06
2018-05-23,17.2,18.06,18.45,17.2
2018-05-24,17.85,18.44,18.78,17.79
2018-05-25,18.63,19.04,19.28,18.38
