date,open,close,high,low
2016-11-25,12.567,12.567,12.567,12.567
2016-11-28,13.821,13.821,13.821,13.821
2016-11-29,15.204,15.204,15.204,15.204
2016-11-30,16.726,16.726,16.726,16.726
2016-12-01,18.398,18.398,18.398,18.398
2016-12-02,20.238,20.238,20.238,20.238
2016-12-05,22.258,22.258,22.258,22.258
2016-12-06,24.487,24.487,24.487,24.487
2016-12-07,26.935,26.935,26.935,26.935
2016-12-08,29.631,29.631,29.631,29.631
2016-12-09,32.596,32.596,32.596,32.596
2016-12-12,35.86,35.86,35.86,35.86
2016-12-13,39.442,39.442,39.442,39.442
2016-12-14,43.382,43.382,43.382,43.382
2016-12-15,45.969,47.72,47.72,45.571
2016-12-16,48.148,45.292,50.954,44.676
2016-12-19,43.78,42.447,46.208,41.472
2016-12-20,41.79,40.795,42.516,40.457
2016-12-21,41.094,41.611,41.979,39.631
2016-12-22,41.094,40.596,41.7,40.477
2016-12-23,40.099,37.949,40.268,37.84
2016-12-26,36.825,38.715,38.905,35.87
2016-12-27,38.208,39.054,39.701,38.158
2016-12-28,39.104,39.123,39.561,38.099
2016-12-29,39.153,39.064,40.089,38.805
2016-12-30,39.104,39.601,39.989,38.516
2017-01-03,39.8,39.969,40.367,39.263
2017-01-04,39.701,40.288,40.795,39.402
2017-01-05,39.85,39.482,40.288,39.422
2017-01-06,39.004,37.442,39.701,37.422
2017-01-09,35.84,38.387,38.905,35.84
2017-01-10,38.278,38.327,38.775,37.76
2017-01-11,38.397,37.313,38.427,37.124
2017-01-12,37.303,37.263,37.929,36.895
2017-01-13,37.263,37.402,37.472,35.82
2017-01-16,37.114,35.661,37.711,34.437
2017-01-17,35.581,35.76,36.626,34.109
2017-01-18,35.422,36.586,37.402,35.313
2017-01-19,35.82,37.362,38.526,34.825
2017-01-20,37.482,37.929,38.606,37.173
2017-01-23,37.492,37.91,39.104,37.492
2017-01-24,37.621,37.969,38.487,37.074
2017-01-25,37.81,37.9,38.278,37.163
2017-01-26,38.089,37.949,38.109,37.293
2017-02-03,37.81,37.79,38.735,37.631
2017-02-06,37.611,38.308,38.507,37.492
2017-02-07,38.556,37.581,39.094,37.313
2017-02-08,37.223,37.502,37.81,35.721
2017-02-09,37.313,39.521,41.193,36.835
2017-02-10,39.492,38.686,41.492,38.546
2017-02-13,37.82,39.929,40.367,37.263
2017-02-14,39.651,39.999,40.546,39.104
2017-02-15,39.999,40.019,41.243,39.502
2017-02-16,39.452,40.327,40.755,38.735
2017-02-17,40.099,39.701,41.094,39.322
2017-02-20,38.934,36.755,39.531,35.88
2017-02-21,36.487,37.372,37.76,36.487
2017-02-22,37.691,36.795,37.9,36.626
2017-02-23,36.865,37.203,37.372,36.676
2017-02-24,36.944,39.472,40.676,36.944
2017-02-27,39.502,40.417,40.895,38.805
2017-02-28,40.288,39.83,40.924,39.482
2017-03-01,39.631,39.591,40.755,39.133
2017-03-02,38.915,39.123,39.8,38.686
2017-03-03,39.004,38.944,39.163,38.009
2017-03-06,38.686,40.288,40.646,38.616
2017-03-07,40.228,41.681,42.089,39.82
2017-03-08,41.671,41.163,42.168,40.377
2017-03-09,41.153,42.785,42.795,40.835
2017-03-10,42.288,42.297,43.581,41.641
2017-03-13,41.681,41.81,42.019,40.337
2017-03-14,41.87,41.84,42.288,40.994
2017-03-15,41.691,43.074,43.362,41.342
2017-03-16,43.163,43.73,44.477,42.636
2017-03-17,43.203,41.243,43.651,40.805
2017-03-20,41.094,42.059,42.138,40.606
2017-03-21,41.939,42.168,42.228,41.601
2017-03-22,41.79,42.686,42.934,41.104
2017-03-23,42.626,44.039,44.198,41.492
2017-03-24,43.989,43.551,45.153,43.123
2017-03-27,43.213,44.009,44.546,42.049
2017-03-28,43.76,43.233,45.173,42.785
2017-03-29,43.77,40.099,43.77,39.651
2017-03-30,38.835,36.825,39.492,36.367
2017-03-31,37.014,35.88,37.601,35.054
2017-04-05,35.472,36.318,36.616,34.835
2017-04-06,36.168,36.875,37.283,36.079
2017-04-07,36.646,35.84,37.143,35.701
2017-04-10,35.92,32.477,35.92,32.258
2017-04-11,32.467,33.323,33.532,32.139
2017-04-12,33.233,32.785,33.233,31.949
2017-04-13,32.785,32.875,33.462,32.437
2017-04-14,32.855,32.745,32.865,31.88
2017-04-17,31.86,31.034,31.86,29.751
2017-04-18,30.895,29.999,31.392,29.95
2017-04-19,29.999,30.537,30.726,28.855
2017-04-20,30.139,29.482,30.566,29.104
2017-04-21,29.253,29.144,29.651,28.974
2017-04-24,29.054,27.422,29.124,27.363
2017-04-25,27.462,27.611,28.139,27.363
2017-04-26,27.85,27.999,28.268,27.651
2017-04-27,27.999,28.925,29.044,27.542
2017-04-28,28.855,28.815,29.154,28.626
2017-05-02,29.004,28.785,29.024,28.566
2017-05-03,28.845,29.253,29.512,28.616
2017-05-04,29.213,28.974,29.432,28.407
2017-05-05,28.696,28.029,29.014,27.93
2017-05-08,28.009,26.945,28.009,26.497
2017-05-09,26.865,28.099,28.258,26.447
2017-05-10,27.9,27.502,28.557,27.472
2017-05-11,26.915,27.741,27.83,26.696
2017-05-12,27.691,27.87,28.228,27.562
2017-05-15,27.87,28.039,28.338,27.373
2017-05-16,28.049,28.855,28.855,27.363
2017-05-17,28.855,30.318,30.397,28.716
2017-05-18,30.328,29.542,30.348,29.532
2017-05-19,29.542,28.885,29.76,28.855
2017-05-22,28.885,27.094,28.885,26.865
2017-05-23,27.164,24.388,27.164,24.388
2017-05-24,23.88,23.999,24.208,22.746
2017-05-25,23.94,24.069,24.179,22.935
2017-05-26,24.0,24.21,24.58,23.9
2017-05-31,25.0,24.07,25.5,23.99
2017-06-01,23.99,23.66,23.99,22.8
2017-06-02,23.24,24.22,24.54,23.02
2017-06-05,24.6,24.68,24.89,24.32
2017-06-06,24.45,24.87,24.97,24.33
2017-06-07,24.63,25.64,25.98,24.63
2017-06-08,25.76,25.09,25.81,24.82
2017-06-09,24.95,25.76,25.82,24.8
2017-06-12,25.38,24.95,25.64,24.56
2017-06-13,25.02,27.45,27.45,24.8
2017-06-14,27.8,26.85,28.77,26.66
2017-06-15,26.58,27.24,27.5,26.18
2017-06-16,27.0,26.37,27.07,26.3
2017-06-19,26.15,26.65,26.89,26.15
2017-06-20,26.92,26.47,26.92,26.41
2017-06-21,26.57,26.1,26.84,25.91
2017-06-22,26.26,25.01,26.26,24.94
2017-06-23,24.9,25.09,25.43,24.39
2017-06-26,25.1,25.36,25.58,24.57
2017-06-27,25.36,25.62,25.75,25.23
2017-06-28,25.32,24.85,25.71,24.63
2017-06-29,24.78,25.04,25.1,24.58
2017-06-30,24.86,25.3,25.42,24.71
2017-07-03,25.5,25.73,25.8,25.45
2017-07-04,25.74,25.57,25.78,25.43
2017-07-05,25.57,25.9,25.98,25.57
2017-07-06,25.93,26.38,26.47,25.45
2017-07-07,26.23,26.49,26.9,26.23
2017-07-10,26.37,26.92,27.19,25.0
2017-07-11,26.62,27.18,27.78,26.15
2017-07-12,26.88,26.31,27.14,25.6
2017-07-13,26.12,26.34,26.36,25.6
2017-07-14,26.4,26.16,26.48,25.59
2017-07-17,25.94,23.54,25.94,23.54
2017-07-18,23.0,23.09,23.5,21.82
2017-07-19,23.0,23.1,23.25,22.5
2017-07-20,22.99,22.98,23.5,22.83
2017-07-21,22.93,23.66,24.3,22.8
2017-07-24,23.24,23.72,23.83,22.8
2017-07-25,23.5,23.84,23.95,23.2
2017-07-26,23.8,24.35,24.5,23.61
2017-07-27,24.05,24.65,24.85,23.78
2017-07-28,24.53,24.19,24.79,24.12
2017-07-31,24.2,24.1,24.3,23.78
2017-08-01,23.95,23.86,24.19,23.6
2017-08-02,23.86,23.33,23.92,22.7
2017-08-03,23.16,23.17,23.8,23.0
2017-08-04,23.17,23.09,23.3,22.72
2017-08-07,23.09,23.3,23.38,22.85
2017-08-08,23.3,23.1,23.35,22.86
2017-08-09,23.0,22.76,23.07,22.65
2017-08-10,22.66,22.13,22.84,22.02
2017-08-11,21.86,21.55,21.95,21.39
2017-08-14,21.62,21.64,21.87,21.39
2017-08-15,21.85,21.67,21.87,21.6
2017-08-16,21.8,23.33,23.5,21.64
2017-08-17,23.18,22.63,23.88,22.61
2017-08-18,22.6,22.22,22.6,22.05
2017-08-21,22.25,23.02,23.05,22.21
2017-08-22,22.81,23.02,23.13,22.79
2017-08-23,23.05,22.76,23.05,22.38
2017-08-24,22.75,22.58,22.97,22.56
2017-08-25,22.5,22.98,23.1,22.5
2017-08-28,23.09,23.39,23.76,23.03
2017-08-29,23.5,23.61,24.2,23.45
2017-08-30,23.51,23.88,24.39,23.4
2017-08-31,23.88,24.44,24.47,23.68
2017-09-01,24.45,24.31,24.47,23.99
2017-09-04,24.33,24.33,24.46,24.1
2017-09-05,24.22,24.42,24.79,24.0
2017-09-06,24.35,24.57,24.7,23.86
2017-09-07,24.44,24.71,24.79,24.4
2017-09-08,24.71,24.75,25.2,24.38
2017-09-11,24.75,25.09,25.17,24.46
2017-09-12,25.08,24.41,25.35,24.2
2017-09-13,24.14,25.38,25.49,24.1
2017-09-14,25.26,24.92,25.6,24.9
2017-09-15,24.7,24.75,25.0,24.41
2017-09-18,24.55,25.57,25.7,24.5
2017-09-19,25.56,25.49,25.81,25.26
2017-09-20,25.33,25.99,26.15,25.21
2017-09-21,25.99,25.36,26.2,25.21
2017-09-22,25.3,25.7,25.86,24.92
2017-09-25,25.58,25.41,25.79,25.31
2017-09-26,25.34,24.59,25.46,24.0
2017-09-27,24.51,24.68,24.92,24.35
2017-09-28,24.65,25.6,25.96,24.63
2017-09-29,25.41,25.75,25.87,25.32
2017-10-09,25.81,25.97,26.18,25.53
2017-10-10,25.97,26.25,26.41,25.7
2017-10-11,26.15,26.63,26.99,25.9
2017-10-12,26.4,25.91,26.51,25.7
2017-10-13,25.91,26.3,27.0,25.66
2017-10-16,26.24,25.1,26.34,25.01
2017-10-17,25.0,25.3,25.65,24.91
2017-10-18,25.45,24.52,25.58,24.48
2017-10-19,24.78,23.42,24.78,23.33
2017-10-20,23.68,23.75,23.88,23.42
2017-10-23,23.75,24.14,24.25,23.75
2017-10-24,24.15,23.69,24.44,23.21
2017-10-25,23.75,24.28,24.29,23.73
2017-10-26,24.28,24.65,24.67,24.15
2017-10-27,24.69,24.29,24.69,24.1
2017-10-30,24.2,22.38,24.2,22.33
2017-10-31,22.4,22.9,23.0,22.4
2017-11-01,22.9,22.97,23.15,22.72
2017-11-02,22.86,22.49,23.0,22.41
2017-11-03,22.49,22.41,22.81,22.18
2017-11-06,22.63,22.77,22.85,22.5
2017-11-07,22.8,22.75,22.83,22.41
2017-11-08,22.75,23.04,23.3,22.48
2017-11-09,23.1,23.59,23.76,22.87
2017-11-10,23.59,23.06,23.59,23.01
2017-11-13,23.06,22.92,23.29,22.82
2017-11-14,22.95,23.1,23.19,22.73
2017-11-15,23.0,22.9,23.11,22.81
2017-11-16,22.7,22.47,22.91,22.42
2017-11-17,22.47,20.23,22.6,20.22
2017-11-20,20.25,19.93,20.25,19.01
2017-11-21,20.04,19.46,20.11,19.36
2017-11-22,19.6,19.6,19.99,19.01
2017-11-23,19.28,19.62,19.66,18.91
2017-11-24,19.28,19.44,19.62,19.09
2017-11-27,19.16,18.68,19.2,17.98
2017-11-28,18.44,18.59,18.68,18.23
2017-11-29,18.53,18.49,18.77,18.0
2017-11-30,18.48,18.43,18.66,18.25
2017-12-01,18.5,18.64,18.74,18.35
2017-12-04,18.64,18.07,18.64,17.59
2017-12-05,17.88,17.4,18.14,16.66
2017-12-06,17.32,17.1,17.39,16.73
2017-12-07,17.12,17.04,17.12,16.8
2017-12-08,17.06,17.18,17.32,17.0
2017-12-11,17.18,17.22,17.31,17.07
2017-12-12,17.17,16.48,17.27,16.42
2017-12-13,16.54,16.7,16.77,16.44
2017-12-14,16.71,16.67,16.74,16.51
2017-12-15,16.67,16.9,16.99,16.59
2017-12-18,16.88,16.62,17.0,16.53
2017-12-19,16.6,16.73,16.85,16.6
2017-12-20,16.8,16.45,16.8,16.42
2017-12-21,16.45,16.2,16.45,15.81
2017-12-22,16.13,16.36,16.4,16.06
2017-12-25,16.21,16.13,16.37,15.82
2017-12-26,15.51,16.65,16.75,15.46
2017-12-27,16.41,16.85,17.77,16.34
2017-12-28,16.62,16.64,17.0,16.52
2017-12-29,16.65,17.03,17.17,16.65
2018-01-02,17.03,17.02,17.28,16.9
2018-01-03,17.01,17.09,17.24,16.91
2018-01-04,17.13,16.92,17.13,16.85
2018-01-05,16.98,16.83,16.99,16.71
2018-01-08,16.95,17.03,17.16,16.75
2018-01-09,17.14,17.57,17.83,17.14
2018-01-10,17.3,17.1,17.43,17.04
2018-01-11,17.06,17.36,17.42,16.66
2018-01-12,17.28,17.08,17.28,17.03
2018-01-15,16.81,16.4,17.15,16.39
2018-01-16,16.1,16.63,16.89,16.1
2018-01-17,16.55,16.94,17.02,16.49
2018-01-18,16.8,17.05,17.34,16.8
2018-01-19,17.2,16.85,17.28,16.83
2018-01-22,16.87,16.76,16.98,16.47
2018-01-23,16.73,17.1,17.38,16.73
2018-01-24,17.1,17.21,17.3,16.86
2018-01-25,17.22,17.03,17.44,17.0
2018-01-26,16.99,16.81,17.07,16.75
2018-01-29,16.71,16.54,16.86,16.5
2018-01-30,16.42,16.59,16.66,16.41
2018-01-31,16.42,15.88,16.59,15.81
2018-02-01,15.86,15.11,15.94,14.41
2018-02-02,15.0,14.56,15.01,14.5
2018-02-05,14.48,14.14,14.48,14.03
2018-02-06,13.95,13.07,14.22,13.0
2018-02-07,13.64,13.5,13.64,13.11
2018-02-08,13.4,13.9,13.97,13.35
2018-02-09,13.52,13.87,14.12,13.47
2018-02-12,14.06,14.23,14.37,13.9
2018-02-13,14.3,14.21,14.3,14.11
2018-02-14,14.13,14.26,14.36,14.13
2018-02-22,14.27,14.5,14.78,14.19
2018-02-23,14.5,14.31,14.59,14.2
2018-02-26,14.5,14.62,14.66,14.32
2018-02-27,14.62,14.58,14.74,14.5
2018-02-28,14.59,14.37,14.59,14.22
2018-03-01,14.35,14.66,14.7,14.3
2018-03-02,14.65,14.52,14.78,14.45
2018-03-05,14.6,14.63,14.68,14.47
2018-03-06,14.58,14.74,14.88,14.58
2018-03-07,14.8,15.09,15.11,14.65
2018-03-08,15.08,15.36,15.42,14.97
2018-03-09,15.36,16.82,16.87,15.21
2018-03-12,16.58,16.53,16.75,16.21
2018-03-13,16.44,15.86,16.48,15.81
2018-03-14,15.75,15.54,15.97,15.4
2018-03-15,15.51,15.15,15.67,14.88
2018-03-16,15.03,15.14,15.28,15.03
2018-03-19,15.24,15.32,15.41,15.07
2018-03-20,15.3,15.59,15.64,15.03
2018-03-21,15.59,15.53,15.83,15.42
2018-03-22,15.68,15.61,15.68,15.36
2018-03-23,15.39,14.06,15.39,14.05
2018-03-26,13.53,14.25,14.36,13.53
2018-03-27,14.5,14.66,14.79,14.5
2018-03-28,14.4,14.88,14.96,14.4
2018-03-29,15.0,15.29,15.33,14.91
2018-03-30,15.22,15.59,15.85,15.22
2018-04-02,15.6,15.79,16.1,15.46
2018-04-03,15.6,15.74,15.77,15.43
2018-04-04,15.76,15.84,16.23,15.74
2018-04-09,15.83,15.92,16.02,15.5
2018-04-10,16.01,16.1,16.58,15.74
2018-04-11,16.08,16.7,16.73,15.95
2018-04-12,16.47,16.5,17.15,16.45
2018-04-13,16.73,16.3,16.87,16.25
2018-04-16,16.1,16.05,16.4,15.9
2018-04-17,15.88,15.3,16.19,15.28
2018-04-18,15.38,15.49,15.59,14.57
2018-04-19,15.5,15.47,15.69,15.37
2018-04-20,15.49,15.21,15.58,15.11
2018-04-23,16.0,15.25,16.0,15.13
2018-04-24,15.29,15.6,15.69,15.15
2018-04-25,15.37,15.89,16.08,15.37
2018-04-26,15.89,15.5,16.0,15.48
2018-04-27,15.48,15.57,15.69,15.36
2018-05-02,15.59,15.25,15.63,15.19
2018-05-03,15.25,15.42,15.54,14.82
2018-05-04,15.5,15.58,15.69,15.24
2018-05-07,15.64,16.07,16.08,15.58
2018-05-08,16.23,16.74,17.1,16.07
2018-05-09,16.68,17.16,17.78,16.2
2018-05-10,17.0,16.94,17.1,16.65
2018-05-11,16.95,16.45,17.02,16.41
2018-05-14,16.85,18.1,18.1,16.85
2018-05-15,18.91,19.91,19.91,18.14
2018-05-16,21.7,19.2,21.7,19.11
2018-05-17,17.61,18.66,19.11,17.5
2018-05-18,18.0,18.2,18.65,17.8
2018-05-21,17.8,18.56,18.8,17.5
2018-05-22,18.45,18.7,18.78,18.03
2018-05-23,18.49,18.12,18.67,18.06
2018-05-24,18.0,17.67,18.15,17.51
2018-05-25,17.64,17.75,17.99,17.36
