date,open,close,high,low
2017-08-07,14.06,16.88,16.88,14.06
2017-08-08,18.57,18.57,18.57,18.57
2017-08-09,20.43,20.43,20.43,20.43
2017-08-10,22.47,22.47,22.47,22.47
2017-08-11,24.72,24.72,24.72,23.5
2017-08-14,23.66,24.76,24.98,23.15
2017-08-15,25.0,26.66,26.88,24.5
2017-08-16,26.6,26.68,28.75,25.58
2017-08-17,25.79,26.04,27.52,24.73
2017-08-18,25.8,27.37,27.97,25.31
2017-08-21,26.94,29.52,29.98,26.8
2017-08-22,28.91,28.65,30.45,28.09
2017-08-23,28.38,29.78,30.48,27.6
2017-08-24,29.01,28.12,31.35,28.08
2017-08-25,27.48,29.47,30.3,27.18
2017-08-28,29.76,32.42,32.42,29.45
2017-08-29,32.8,31.9,35.55,31.0
2017-08-30,30.6,30.7,32.2,30.0
2017-08-31,30.64,32.65,32.74,30.64
2017-09-01,32.75,31.7,33.82,31.31
2017-09-04,30.97,29.13,30.97,29.0
2017-09-05,29.4,29.66,29.85,29.02
2017-09-06,29.3,28.97,29.44,28.1
2017-09-07,28.98,28.81,29.48,28.7
2017-09-08,28.68,28.27,28.94,28.0
2017-09-11,28.29,29.39,29.6,28.05
2017-09-12,29.4,28.78,29.48,28.56
2017-09-13,28.71,28.94,29.14,28.66
2017-09-14,29.0,30.93,31.78,28.96
2017-09-15,30.35,29.3,30.47,29.2
2017-09-18,28.98,27.92,28.98,27.0
2017-09-19,27.86,28.0,28.44,27.85
2017-09-20,27.91,28.33,28.35,27.8
2017-09-21,28.42,28.33,29.25,28.22
2017-09-22,28.2,28.41,28.79,27.36
2017-09-25,28.07,28.24,29.0,28.07
2017-09-26,28.13,27.01,28.46,26.2
2017-09-27,27.0,27.04,27.28,26.62
2017-09-28,27.24,26.67,27.44,26.38
2017-09-29,26.8,26.77,27.06,26.64
2017-10-09,27.23,27.19,27.39,26.92
2017-10-10,27.12,29.91,29.91,27.06
2017-10-11,31.0,29.35,31.95,29.29
2017-10-12,29.39,30.85,31.39,28.18
2017-10-13,30.11,31.99,33.89,30.01
2017-10-16,30.4,30.35,30.98,29.52
2017-10-17,29.77,29.78,30.52,29.6
2017-10-18,29.8,30.25,31.0,29.58
2017-10-19,29.45,29.88,31.01,29.45
2017-10-20,29.18,28.54,29.5,27.7
2017-10-23,28.12,28.93,28.98,28.08
2017-10-24,28.71,28.34,29.19,27.56
2017-10-25,28.3,28.89,28.93,28.12
2017-10-26,29.04,30.33,30.5,29.01
2017-10-27,30.05,30.47,30.96,29.81
2017-10-30,29.89,28.46,30.4,28.32
2017-10-31,28.4,30.8,30.89,28.4
2017-11-01,30.8,31.49,31.95,30.26
2017-11-02,31.08,31.99,33.4,31.01
2017-11-03,31.35,30.92,31.67,30.45
2017-11-06,30.69,34.01,34.01,30.69
2017-11-07,34.5,34.41,34.58,32.81
2017-11-08,33.78,33.72,34.57,33.51
2017-11-09,33.53,33.76,34.3,32.9
2017-11-10,33.45,34.54,34.98,32.72
2017-11-13,33.9,33.92,34.39,33.51
2017-11-14,33.52,33.79,35.45,33.38
2017-11-15,32.9,31.11,32.96,30.88
2017-11-16,30.85,30.14,31.4,30.04
2017-11-17,30.08,27.17,30.45,27.13
2017-11-20,27.0,27.79,27.8,26.5
2017-11-21,27.7,27.47,28.15,26.6
2017-11-22,27.2,27.44,27.88,26.85
2017-11-23,27.21,25.88,27.4,25.81
2017-11-24,25.3,25.35,25.99,25.11
2017-11-27,25.5,24.57,25.59,24.51
2017-11-28,24.7,25.16,25.29,24.64
2017-11-29,25.17,24.56,25.18,23.91
2017-11-30,24.6,24.91,25.19,24.5
2017-12-01,24.93,25.6,25.88,24.8
2017-12-04,25.28,24.17,25.28,24.06
2017-12-05,23.5,23.01,24.29,22.8
2017-12-06,23.0,23.47,23.65,22.75
2017-12-07,23.44,23.8,23.98,23.28
2017-12-08,23.5,24.77,24.98,23.48
2017-12-11,24.7,24.86,25.17,24.41
2017-12-12,24.84,24.03,24.87,24.01
2017-12-13,24.04,24.8,24.84,24.04
2017-12-14,25.06,24.9,25.47,24.48
2017-12-15,24.8,24.83,25.1,24.41
2017-12-18,24.89,24.55,24.96,24.26
2017-12-19,24.79,24.96,25.08,24.57
2017-12-20,24.8,24.68,25.16,24.55
2017-12-21,24.49,24.11,24.49,23.6
2017-12-22,24.06,24.12,24.8,24.01
2017-12-25,23.89,24.71,24.93,23.28
2017-12-26,24.5,25.65,25.98,24.31
2017-12-27,25.25,25.29,25.72,25.11
2017-12-28,25.1,25.6,25.71,25.01
2017-12-29,25.31,25.53,25.79,25.26
2018-01-02,25.83,25.49,25.83,25.2
2018-01-03,25.35,25.52,25.66,25.08
2018-01-04,25.48,25.25,25.49,25.06
2018-01-05,25.24,24.93,25.38,24.9
2018-01-08,24.94,25.01,25.05,24.42
2018-01-09,25.0,26.47,26.49,24.86
2018-01-10,26.04,25.72,26.17,25.2
2018-01-11,25.48,26.27,26.88,25.33
2018-01-12,26.18,27.0,27.28,25.86
2018-01-15,26.8,27.67,27.88,26.6
2018-01-16,26.94,27.85,28.3,26.94
2018-01-17,27.5,26.72,27.67,26.38
2018-01-18,26.78,26.78,27.15,26.32
2018-01-19,26.78,25.92,26.89,25.9
2018-01-22,25.53,25.22,25.85,24.51
2018-01-23,25.04,25.23,25.46,24.88
2018-01-24,25.13,25.41,25.66,24.88
2018-01-25,25.25,24.99,25.67,24.98
2018-01-26,24.93,25.03,25.52,24.91
2018-01-29,25.04,24.05,25.27,23.79
2018-01-30,24.05,24.19,24.35,23.9
2018-01-31,24.4,23.33,24.41,23.07
2018-02-01,23.37,22.28,23.5,22.1
2018-02-02,21.9,21.8,22.2,21.2
2018-02-05,21.38,21.41,21.58,21.0
2018-02-06,21.0,19.27,21.0,19.27
2018-02-07,19.55,19.53,19.98,18.5
2018-02-08,19.26,19.95,19.96,19.26
2018-02-09,19.44,19.15,19.44,18.86
2018-02-12,19.26,19.76,19.9,19.26
2018-02-13,19.95,20.32,21.5,19.77
2018-02-14,20.28,19.94,20.28,19.12
2018-02-22,20.03,20.24,20.36,19.93
2018-02-23,20.24,20.39,20.48,20.05
2018-02-26,20.48,21.16,21.18,20.48
2018-02-27,21.16,21.28,21.46,20.83
2018-02-28,21.03,21.31,21.43,20.8
2018-03-01,21.11,22.5,22.73,21.0
2018-03-02,22.28,22.37,22.48,21.93
2018-03-05,22.19,22.38,22.49,21.92
2018-03-06,22.49,22.54,22.88,22.26
2018-03-07,22.5,22.38,22.56,22.14
2018-03-08,22.16,23.07,23.16,22.16
2018-03-09,22.8,24.08,24.5,22.71
2018-03-12,23.95,24.48,24.69,23.55
2018-03-13,24.4,24.19,24.6,23.99
2018-03-14,24.47,24.05,24.47,23.81
2018-03-15,23.7,23.65,23.99,22.6
2018-03-16,23.41,23.5,23.68,23.17
2018-03-19,23.46,23.57,23.8,23.19
2018-03-20,23.31,24.27,24.37,23.2
2018-03-21,24.21,23.75,24.58,23.3
2018-03-22,23.36,23.7,24.19,23.36
2018-03-23,22.44,21.76,23.4,21.33
2018-03-26,21.36,22.29,22.37,20.5
2018-03-27,22.38,23.09,23.34,22.33
2018-03-28,22.78,23.1,23.5,22.62
2018-03-29,23.1,23.35,23.8,23.0
2018-03-30,23.5,24.48,24.8,23.3
2018-04-02,24.95,24.52,24.99,24.16
2018-04-03,24.1,24.62,24.7,23.85
2018-04-04,24.7,24.65,25.12,24.61
