date,open,close,high,low
2016-01-04,48.5,49.207,57.206,48.49
2016-01-05,46.02,51.877,53.082,44.924
2016-01-06,50.343,57.067,57.067,50.343
2016-01-07,57.575,51.359,57.575,51.359
2016-01-08,51.797,47.723,53.789,46.398
2016-01-11,42.962,42.952,44.765,42.952
2016-01-12,40.81,38.659,41.836,38.659
2016-01-13,37.553,39.187,39.635,36.338
2016-01-14,37.234,39.246,39.993,37.234
2016-01-15,38.559,35.322,38.958,35.322
2016-01-18,32.991,33.867,35.7,32.373
2016-01-19,33.838,35.79,36.408,33.589
2016-01-20,35.66,33.26,35.66,32.901
2016-01-21,32.573,30.899,33.668,30.73
2016-01-22,31.676,33.569,33.947,31.078
2016-01-25,33.29,33.419,34.146,32.383
2016-01-26,32.453,30.082,32.722,30.082
2016-01-27,29.883,31.895,32.662,28.907
2016-01-28,30.78,30.281,32.025,29.584
2016-01-29,30.122,31.417,32.025,29.883
2016-02-01,30.879,31.806,32.553,30.58
2016-02-02,31.576,32.343,32.672,31.576
2016-02-03,31.835,31.576,31.955,29.963
2016-02-04,31.626,32.792,33.668,31.626
2016-02-05,32.652,31.118,32.772,30.989
2016-02-15,29.016,29.953,30.521,28.987
2016-02-16,30.082,30.959,31.198,30.082
2016-02-17,30.68,31.656,32.373,30.56
2016-02-18,31.985,32.254,32.851,31.288
2016-02-19,31.975,33.429,33.867,31.686
2016-02-22,34.366,33.748,34.465,33.17
2016-02-23,33.698,34.166,34.744,33.22
2016-02-24,33.698,32.762,34.166,31.726
2016-02-25,32.373,29.485,32.463,29.485
2016-02-26,29.544,28.369,29.983,27.702
2016-02-29,28.08,25.53,28.08,25.53
2016-03-01,25.5,25.978,26.387,23.986
2016-03-02,25.799,27.054,27.393,25.61
2016-03-03,26.895,26.486,27.881,26.427
2016-03-04,26.207,24.564,26.377,24.056
2016-03-07,24.922,25.49,25.998,24.922
2016-03-08,25.261,25.65,25.749,23.906
2016-03-09,24.803,25.839,26.696,24.604
2016-03-10,25.6,25.251,26.168,25.052
2016-03-11,24.713,25.291,25.64,24.604
2016-03-14,25.799,26.506,26.775,25.58
2016-03-15,26.118,25.719,26.506,25.64
2016-03-16,26.098,25.749,26.596,25.48
2016-03-17,25.809,26.437,26.576,25.421
2016-03-18,26.596,27.722,27.891,26.347
2016-03-21,27.891,28.439,28.489,27.572
2016-03-22,28.15,27.712,28.439,27.662
2016-03-23,27.652,29.096,29.783,27.443
2016-03-24,28.598,27.821,28.787,27.702
2016-03-25,27.502,27.672,27.821,27.273
2016-03-28,27.791,27.423,28.249,27.323
2016-03-29,27.413,26.307,27.572,25.909
2016-03-30,26.397,27.214,27.243,26.397
2016-03-31,27.273,27.273,27.841,27.194
2016-04-01,26.964,26.765,27.094,26.317
2016-04-05,26.596,27.801,27.891,26.596
2016-04-06,27.682,28.14,28.767,27.512
2016-04-07,28.419,28.817,29.684,27.941
2016-04-08,28.489,28.23,28.688,27.612
2016-04-11,28.19,29.166,29.285,27.891
2016-04-12,29.156,29.405,30.381,28.847
2016-04-13,29.126,29.863,30.58,29.106
2016-04-14,30.023,31.835,32.124,29.385
2016-04-15,31.417,31.019,32.373,30.879
2016-04-18,30.72,29.694,30.72,29.574
2016-04-19,29.983,30.202,30.381,29.594
2016-04-20,30.132,27.463,30.371,27.184
2016-04-21,27.223,26.466,27.781,26.217
2016-04-22,26.237,26.795,26.905,26.227
2016-04-25,26.476,26.158,26.586,25.5
2016-04-26,26.197,26.317,26.387,25.65
2016-04-27,26.337,26.666,27.084,26.207
2016-04-28,26.895,26.377,26.895,25.759
2016-04-29,26.078,26.108,26.596,25.968
2016-05-03,26.108,27.104,27.134,25.719
2016-05-04,27.094,27.313,27.781,26.815
2016-05-05,27.124,27.622,27.672,26.915
2016-05-06,27.881,26.168,27.881,26.098
2016-05-09,25.699,24.873,25.749,24.405
2016-05-10,24.733,25.61,25.889,24.733
2016-05-11,26.247,25.45,26.247,25.411
2016-05-12,24.962,25.142,25.181,24.424
2016-05-13,24.982,24.713,25.45,24.524
2016-05-16,24.723,25.092,25.102,24.434
2016-05-17,24.972,25.142,25.6,24.972
2016-05-18,25.072,24.195,25.072,23.916
2016-05-19,24.255,24.365,24.683,24.185
2016-05-20,24.006,25.221,25.5,23.986
2016-05-23,25.55,25.44,25.689,25.271
2016-05-24,25.251,24.763,25.251,24.723
2016-05-25,24.922,25.689,25.799,24.922
2016-05-26,25.6,25.5,25.6,24.763
2016-05-27,25.46,26.168,26.417,25.211
2016-05-30,25.799,25.52,25.899,25.112
2016-05-31,25.55,26.51,26.53,25.47
2016-06-01,26.48,29.16,29.16,26.31
2016-06-02,29.96,31.29,31.88,29.29
2016-06-03,30.61,30.4,31.5,30.1
2016-06-06,30.4,30.41,30.58,29.8
2016-06-07,30.67,33.07,33.44,30.51
2016-06-08,32.5,31.48,32.53,31.18
2016-06-13,30.5,28.33,30.5,28.33
2016-06-14,27.28,27.93,28.17,27.28
2016-06-15,27.49,29.25,29.86,27.31
2016-06-16,29.36,29.09,30.27,28.75
2016-06-17,29.2,29.46,29.83,29.02
2016-06-20,30.0,30.57,30.88,29.68
2016-06-21,30.72,30.13,31.5,29.2
2016-06-22,29.55,30.89,30.9,29.02
2016-06-23,31.09,30.84,31.82,30.35
2016-06-24,30.85,29.75,31.44,28.5
2016-06-27,29.7,30.47,30.57,29.0
2016-06-28,30.25,30.52,31.29,30.15
2016-06-29,30.57,31.69,31.95,30.2
2016-06-30,31.15,30.75,31.59,30.5
2016-07-01,31.0,30.65,31.48,30.3
2016-07-04,30.37,31.18,31.39,30.12
2016-07-05,31.3,32.57,33.18,30.8
2016-07-06,32.13,34.44,35.0,31.41
2016-07-07,33.82,34.1,34.94,33.55
2016-07-08,33.9,34.12,34.8,33.87
2016-07-11,33.9,32.18,34.24,32.0
2016-07-12,32.2,32.75,32.93,31.23
2016-07-13,32.75,32.34,33.09,32.07
2016-07-14,32.15,32.31,32.59,31.97
2016-07-15,32.03,31.38,32.26,31.35
2016-07-18,31.02,30.07,31.25,30.02
2016-07-19,29.99,30.68,30.75,29.95
2016-07-20,30.61,30.55,30.96,30.4
2016-07-21,30.38,30.34,30.77,30.2
2016-07-22,30.34,30.07,30.58,29.99
2016-07-25,30.03,29.99,30.25,29.5
2016-07-26,29.89,30.75,30.78,29.89
2016-07-27,30.75,28.15,30.89,27.81
2016-07-28,28.18,27.52,28.43,26.71
2016-07-29,27.5,27.82,28.17,26.98
2016-08-01,27.6,28.73,28.9,26.7
2016-08-02,28.44,30.09,30.15,28.4
2016-08-03,30.88,29.69,30.92,29.56
2016-08-04,29.7,31.02,32.65,29.07
2016-08-05,31.0,29.76,31.45,29.69
2016-08-08,29.11,29.85,30.11,29.11
2016-08-09,29.85,29.81,30.0,29.48
2016-08-10,29.82,29.81,30.22,29.53
2016-08-11,29.48,28.71,29.89,28.54
2016-08-12,28.4,28.7,28.95,28.24
2016-08-15,28.91,29.32,29.48,28.71
2016-08-16,29.31,29.31,29.61,29.2
2016-08-17,29.44,31.34,31.49,29.1
2016-08-18,30.93,30.47,30.99,30.06
2016-08-19,30.56,29.8,30.65,29.0
2016-08-22,29.6,29.22,29.64,29.0
2016-08-23,29.05,29.3,29.5,29.02
2016-08-24,29.14,29.28,29.5,29.14
2016-08-25,29.1,28.88,29.25,28.44
2016-08-26,29.29,28.86,29.45,28.74
2016-08-29,28.95,28.98,29.28,28.63
2016-08-30,29.32,29.03,29.36,28.98
2016-08-31,29.18,28.81,29.18,28.51
2016-09-01,28.83,28.94,29.19,28.71
2016-09-02,28.8,28.79,29.18,28.61
2016-09-05,28.98,28.92,29.03,28.64
2016-09-06,29.15,29.23,29.27,28.81
2016-09-07,29.32,29.93,30.44,29.09
2016-09-08,29.67,29.97,30.41,29.67
2016-09-09,29.85,29.43,30.25,29.4
2016-09-12,29.0,29.52,29.68,28.57
2016-09-13,29.45,30.18,30.58,29.45
2016-09-14,29.78,29.05,30.0,28.88
2016-09-19,29.05,30.71,30.77,29.05
2016-09-20,30.71,30.69,30.86,30.2
2016-09-21,30.61,30.69,31.06,30.4
2016-09-22,30.85,31.16,31.23,30.5
2016-09-23,31.2,30.51,31.48,30.45
2016-09-26,30.05,30.41,30.5,29.66
2016-09-27,30.1,30.85,31.2,30.01
2016-09-28,30.78,30.51,30.97,30.4
2016-09-29,30.5,30.13,30.87,30.1
2016-09-30,30.06,29.99,30.31,29.35
2016-10-10,29.88,30.44,30.47,29.7
2016-10-11,30.5,30.83,30.88,30.31
2016-10-12,30.69,31.41,31.46,30.4
2016-10-13,31.62,31.13,31.97,31.09
2016-10-14,31.21,31.48,31.54,30.97
2016-10-17,31.3,30.41,31.79,30.3
2016-10-18,30.23,30.88,30.98,30.12
2016-10-19,30.8,31.32,31.62,30.47
2016-10-20,31.24,31.39,31.8,31.15
2016-10-21,31.4,31.14,31.4,30.6
2016-10-24,31.14,30.86,31.68,30.7
2016-10-25,30.78,30.79,31.07,30.62
2016-10-26,30.83,30.21,30.97,30.1
2016-10-27,30.2,31.36,31.5,30.14
2016-10-28,31.5,34.5,34.5,31.3
2016-10-31,34.8,35.66,37.38,34.45
2016-11-01,35.04,35.27,37.8,34.67
2016-11-02,35.22,35.61,36.2,34.41
2016-11-03,35.0,35.79,36.97,34.67
2016-11-04,35.55,37.27,38.3,35.3
2016-11-07,37.08,36.05,37.2,35.31
2016-11-08,36.08,38.03,39.0,35.68
2016-11-09,37.3,37.26,37.9,35.92
2016-11-10,37.57,37.4,37.87,36.67
2016-11-11,37.3,35.73,37.5,35.56
2016-11-14,35.49,36.04,36.18,35.4
2016-11-15,36.11,35.26,36.24,35.1
2016-11-16,35.45,35.6,35.81,35.0
2016-11-17,35.39,34.65,35.51,34.6
2016-11-18,34.81,34.62,35.49,34.5
2016-11-21,34.31,34.98,35.02,33.73
2016-11-22,34.88,35.1,35.64,34.69
2016-11-23,35.03,34.17,35.3,34.0
2016-11-24,33.92,32.99,34.3,32.68
2016-11-25,32.7,32.94,33.0,31.7
2016-11-28,32.89,32.55,33.34,32.51
2016-11-29,32.5,31.94,32.83,31.8
2016-11-30,31.82,32.28,32.37,31.5
2016-12-01,32.68,32.73,33.3,32.68
2016-12-02,32.49,32.63,33.5,32.37
2016-12-05,31.9,31.2,31.9,30.16
2016-12-06,31.06,30.99,31.58,30.93
2016-12-07,31.38,30.93,31.38,30.3
2016-12-08,30.88,30.66,30.96,30.31
2016-12-09,30.7,30.85,31.27,30.47
2016-12-12,30.9,27.77,30.99,27.77
2016-12-13,27.8,27.61,27.91,26.58
2016-12-14,27.17,26.97,27.35,26.75
2016-12-15,26.9,27.7,27.77,26.8
2016-12-16,27.92,28.97,29.05,27.5
2016-12-19,28.88,28.68,29.6,28.4
2016-12-20,28.33,28.51,28.75,28.05
2016-12-21,28.2,29.41,29.65,28.2
2016-12-22,29.03,29.17,29.45,29.0
2016-12-23,29.3,28.57,29.35,28.51
2016-12-26,28.4,30.03,30.08,28.36
2016-12-27,30.29,29.93,30.29,29.5
2016-12-28,29.88,30.04,30.18,29.5
2016-12-29,29.8,29.94,30.13,29.31
2016-12-30,29.94,30.17,30.4,29.7
2017-01-03,30.0,30.42,30.75,29.92
2017-01-04,30.49,30.77,30.91,30.08
2017-01-05,30.87,30.55,30.99,30.19
2017-01-06,30.49,30.78,30.81,30.12
2017-01-09,30.78,31.28,31.3,30.5
2017-01-10,31.6,31.16,31.6,30.8
2017-01-11,30.88,32.77,32.79,30.7
2017-01-12,32.71,32.94,33.49,32.63
2017-01-13,32.88,32.96,33.45,32.1
2017-01-16,33.43,32.57,34.02,29.7
2017-01-17,31.99,32.5,32.6,30.65
2017-01-18,32.1,32.8,32.9,31.84
2017-01-19,32.75,32.6,32.9,32.41
2017-01-20,32.33,33.32,33.47,32.0
2017-01-23,33.18,33.76,33.95,33.1
2017-01-24,33.66,33.66,33.88,32.65
2017-01-25,33.64,33.8,34.3,33.03
2017-01-26,33.8,35.35,35.7,33.56
2017-02-03,35.0,35.32,35.5,34.51
2017-02-06,35.32,35.46,35.78,34.7
2017-02-07,35.92,35.5,35.92,35.11
2017-02-08,35.15,36.11,36.5,35.01
2017-02-09,36.0,34.93,36.35,34.78
2017-02-10,34.69,36.59,38.1,34.69
2017-02-13,36.5,35.94,36.6,35.28
2017-02-14,35.8,34.81,35.85,34.59
2017-02-15,34.56,35.19,35.44,34.42
2017-02-16,35.18,35.63,36.14,34.82
2017-02-17,35.75,35.83,36.15,35.4
2017-02-20,35.82,37.25,37.45,35.7
2017-02-21,37.3,37.26,37.6,36.51
2017-02-22,36.81,37.24,37.5,36.69
2017-02-23,36.95,37.29,37.41,36.7
2017-02-24,37.24,38.22,38.87,37.02
2017-02-27,38.45,38.64,39.02,37.95
2017-02-28,38.55,39.26,39.35,37.33
2017-03-01,39.1,39.15,39.3,35.33
2017-03-02,38.62,36.92,38.62,35.24
2017-03-03,37.0,36.67,37.06,36.01
2017-03-06,36.8,36.21,36.94,36.0
2017-03-07,36.21,36.23,36.45,35.61
2017-03-08,36.24,37.15,37.25,36.01
2017-03-09,37.2,36.94,37.23,36.49
2017-03-10,36.89,40.27,40.63,36.66
2017-03-13,39.5,44.27,44.3,39.4
2017-03-14,43.9,43.5,44.9,42.05
2017-03-15,44.1,47.85,47.85,43.2
2017-03-16,48.5,47.99,52.52,46.8
2017-03-17,46.0,43.19,48.5,43.19
2017-03-20,40.4,39.38,40.88,38.87
2017-03-21,38.36,38.23,38.85,37.69
2017-03-22,37.98,36.73,37.98,36.55
2017-03-23,36.6,36.29,36.99,35.7
2017-03-24,36.2,35.89,36.2,35.66
2017-03-27,35.99,36.25,36.55,35.8
2017-03-28,36.3,35.43,36.32,35.38
2017-03-29,35.3,33.33,35.49,33.21
2017-03-30,33.01,32.1,33.03,31.91
2017-03-31,32.15,32.22,32.59,31.68
2017-04-05,31.8,32.58,32.73,31.8
2017-04-06,32.5,32.23,32.88,32.2
2017-04-07,32.23,31.23,32.4,31.21
2017-04-10,31.03,29.74,31.05,29.56
2017-04-11,29.79,30.21,30.37,29.45
2017-04-12,30.0,29.22,30.19,29.12
2017-04-13,29.02,29.31,29.8,29.0
2017-04-14,29.36,28.95,29.52,28.8
2017-04-17,28.85,27.55,28.85,27.29
2017-04-18,27.61,27.64,27.99,27.31
2017-04-19,27.49,27.97,28.07,27.04
2017-04-20,27.97,27.66,28.39,27.39
2017-04-21,27.81,27.77,27.99,27.6
2017-04-24,27.8,26.13,27.85,26.08
2017-04-25,26.2,26.21,26.6,26.08
2017-04-26,26.23,26.47,26.58,26.03
2017-04-27,26.31,26.82,26.88,25.3
2017-04-28,26.8,26.85,26.97,26.52
2017-05-02,27.52,28.66,28.69,27.52
2017-05-03,28.4,28.28,28.58,27.8
2017-05-04,28.03,27.74,28.1,27.6
2017-05-05,27.7,26.57,27.7,26.53
2017-05-08,26.5,25.28,26.5,25.21
2017-05-09,24.81,25.37,25.49,24.66
2017-05-10,25.2,24.81,25.69,24.78
2017-05-11,24.62,24.64,24.68,23.7
2017-05-12,24.55,24.63,24.79,24.36
2017-05-15,24.73,24.06,24.75,24.03
2017-05-16,23.9,24.53,24.54,23.51
2017-05-17,24.5,24.82,25.17,24.45
2017-05-18,24.54,25.59,26.4,24.4
2017-05-19,26.14,25.79,27.1,25.71
2017-05-22,25.18,24.09,25.5,23.95
2017-05-23,23.7,21.68,23.94,21.68
2017-05-24,21.51,21.74,21.81,20.62
2017-05-25,21.68,21.84,21.97,21.11
2017-05-26,21.7,21.85,22.15,21.65
2017-05-31,22.15,21.67,22.49,21.53
2017-06-01,21.4,20.14,21.85,20.02
2017-06-02,20.12,20.66,20.79,19.8
2017-06-05,20.69,20.89,21.46,20.69
2017-06-06,20.8,21.12,21.45,20.7
2017-06-07,21.14,21.76,21.86,21.02
2017-06-08,21.65,21.62,21.95,21.36
2017-06-09,21.65,21.94,22.18,21.22
2017-06-12,21.66,20.93,21.75,20.68
2017-06-13,21.0,21.65,21.8,20.9
2017-06-14,21.6,22.32,22.4,21.43
2017-06-15,22.2,23.39,23.42,22.15
2017-06-16,23.39,22.78,23.69,22.69
2017-06-19,22.53,22.99,23.05,22.45
2017-06-20,23.05,22.63,23.28,22.6
2017-06-21,22.65,22.48,22.85,22.15
2017-06-22,22.4,21.83,22.58,21.78
2017-06-23,21.7,21.78,22.18,21.15
2017-06-26,21.78,22.03,22.08,21.4
2017-06-27,21.94,22.36,22.44,21.94
2017-06-28,22.27,21.9,22.28,21.78
2017-06-29,22.07,21.92,22.14,21.87
2017-06-30,21.98,21.74,22.03,21.5
2017-07-03,21.78,22.16,22.17,21.72
2017-07-04,22.18,21.94,22.19,21.87
2017-07-05,22.03,22.07,22.14,21.8
2017-07-06,22.26,22.38,22.86,22.14
2017-07-07,22.23,22.38,22.5,22.06
2017-07-10,22.44,21.82,22.54,21.8
2017-07-11,21.74,21.38,21.91,21.24
2017-07-12,21.18,21.18,21.46,20.72
2017-07-13,21.33,21.1,21.33,20.93
2017-07-14,21.11,20.69,21.11,20.66
2017-07-17,20.58,18.62,20.58,18.62
2017-07-18,18.39,18.65,18.83,18.3
2017-07-19,18.51,19.06,19.17,18.42
2017-07-20,18.94,19.04,19.35,18.9
2017-07-21,19.04,18.77,19.26,18.73
2017-07-24,18.88,19.28,19.37,18.88
2017-07-25,19.25,19.07,19.25,18.9
2017-07-26,19.09,18.94,19.17,18.85
2017-07-27,18.94,19.37,19.43,18.82
2017-07-28,19.36,19.27,19.55,19.24
2017-07-31,19.38,19.25,19.4,19.16
2017-08-01,19.25,19.41,19.45,19.2
2017-08-02,19.39,18.94,19.39,18.91
2017-08-03,18.95,19.13,19.26,18.91
2017-08-04,19.28,19.14,19.45,19.12
2017-08-07,19.19,19.29,19.38,19.06
2017-08-08,19.29,19.25,19.29,19.02
2017-08-09,19.18,19.2,19.35,19.02
2017-08-10,19.2,18.7,19.2,18.55
2017-08-11,18.42,18.46,18.62,18.38
2017-08-14,18.4,18.73,18.79,18.4
2017-08-15,18.69,19.03,19.06,18.64
2017-08-16,19.07,19.38,19.55,18.87
2017-08-17,19.23,19.57,19.65,19.23
2017-08-18,19.44,19.28,19.45,19.21
2017-08-21,19.35,19.8,19.84,19.27
2017-08-22,19.72,19.55,19.76,19.52
2017-08-23,19.5,19.43,19.65,19.25
2017-08-24,19.4,19.59,20.05,19.4
2017-08-25,19.55,19.76,19.88,19.47
2017-08-28,19.79,19.99,20.1,19.69
2017-08-29,20.1,19.98,20.18,19.84
2017-08-30,19.97,19.81,20.13,19.76
2017-08-31,19.75,19.93,19.97,19.73
2017-09-01,19.89,19.94,20.04,19.85
2017-09-04,20.01,20.16,20.29,20.01
2017-09-05,20.73,22.18,22.18,20.72
2017-09-06,22.45,23.52,24.0,21.57
2017-09-07,23.04,22.57,23.28,22.53
2017-09-08,22.54,22.65,22.89,22.26
2017-09-11,22.62,22.92,22.98,22.28
2017-09-12,22.79,22.27,22.8,21.99
2017-09-13,22.18,22.25,22.52,22.18
2017-09-14,22.25,21.72,22.4,21.63
2017-09-15,21.66,21.97,22.15,21.43
2017-09-18,21.77,22.37,22.39,21.76
2017-09-19,22.38,22.14,22.88,22.1
2017-09-20,22.14,22.0,22.43,21.86
2017-09-21,22.12,21.57,22.18,21.53
2017-09-22,21.65,22.91,23.21,21.6
2017-09-25,22.8,22.12,22.9,21.98
2017-09-26,22.2,23.64,23.77,22.16
2017-09-27,23.33,23.58,23.65,22.88
2017-09-28,23.4,22.68,23.45,22.51
2017-09-29,22.76,22.78,23.1,22.41
2017-10-09,23.01,23.84,23.95,22.59
2017-10-10,23.76,23.66,24.49,23.53
2017-10-11,23.54,23.36,23.92,23.21
2017-10-12,23.36,23.95,24.13,23.35
2017-10-13,23.8,23.85,24.0,23.62
2017-10-16,23.95,22.54,23.98,22.52
2017-10-17,22.4,21.98,22.65,21.62
2017-10-18,22.18,21.3,22.24,21.2
2017-10-19,21.33,20.74,21.45,20.66
2017-10-20,20.82,20.99,21.14,20.56
2017-10-23,21.05,21.41,21.45,20.9
2017-10-24,21.3,20.98,21.41,20.75
2017-10-25,21.05,21.04,21.18,20.9
2017-10-26,21.35,21.24,21.4,21.13
2017-10-27,21.21,20.91,21.39,20.82
2017-10-30,20.9,19.56,20.99,18.82
2017-10-31,19.4,19.77,20.18,19.28
2017-11-01,19.77,19.84,20.08,19.73
2017-11-02,19.86,19.46,19.91,19.31
2017-11-03,19.43,19.51,19.55,19.35
2017-11-06,19.51,19.88,19.94,19.45
2017-11-07,19.88,20.74,20.86,19.75
2017-11-08,20.57,20.44,20.72,20.37
2017-11-09,20.5,20.38,20.56,20.24
2017-11-10,20.48,20.21,20.78,20.11
2017-11-13,20.01,19.71,20.2,19.6
2017-11-14,19.71,19.23,19.71,19.18
2017-11-15,19.31,19.36,19.58,19.17
2017-11-16,19.4,19.34,19.5,19.28
2017-11-17,19.24,18.29,19.44,17.42
2017-11-20,18.32,18.0,18.32,17.15
2017-11-21,18.0,18.13,18.33,17.9
2017-11-22,18.18,17.83,18.2,17.65
2017-11-23,17.91,17.37,17.97,17.3
2017-11-24,17.32,17.49,17.66,17.28
2017-11-27,17.58,17.29,17.58,17.24
2017-11-28,17.23,17.4,17.42,17.15
2017-11-29,17.22,16.38,17.38,15.81
2017-11-30,16.13,16.18,16.36,16.13
2017-12-01,16.18,16.4,16.45,16.17
2017-12-04,16.4,16.2,16.72,16.11
2017-12-05,16.19,15.4,16.33,15.31
2017-12-06,15.4,15.68,15.71,15.36
2017-12-07,15.77,15.65,15.78,15.58
2017-12-08,15.65,15.82,15.9,15.62
2017-12-11,15.8,16.19,16.32,15.8
2017-12-12,16.3,15.84,16.31,15.8
2017-12-13,15.8,15.94,16.0,15.78
2017-12-14,15.94,16.03,16.25,15.9
2017-12-15,16.1,15.96,16.11,15.91
2017-12-18,16.04,15.8,16.3,15.71
2017-12-19,15.77,15.89,15.97,15.72
2017-12-20,15.95,15.85,16.06,15.84
2017-12-21,15.66,15.51,16.08,15.42
2017-12-22,15.65,16.11,16.4,15.47
2017-12-25,15.93,15.59,16.0,15.57
2017-12-26,15.59,16.69,17.15,15.37
2017-12-27,16.78,16.51,17.1,16.33
2017-12-28,16.31,16.24,16.66,16.21
2017-12-29,16.25,16.3,16.39,16.21
2018-01-02,16.35,16.55,16.69,16.31
2018-01-03,16.47,16.55,16.65,16.4
2018-01-04,16.54,16.78,17.19,16.54
2018-01-05,16.66,16.55,16.78,16.44
2018-01-08,16.59,16.49,16.59,16.32
2018-01-09,16.4,16.31,16.54,16.27
2018-01-10,16.28,16.4,16.65,16.23
2018-01-11,16.33,16.46,16.6,16.15
2018-01-12,16.46,16.56,16.65,16.35
2018-01-15,16.91,15.86,16.92,15.73
2018-01-16,15.6,15.77,15.9,15.41
2018-01-17,15.77,15.78,15.89,15.55
2018-01-18,15.76,15.76,15.85,15.67
2018-01-19,15.75,15.72,15.95,15.61
2018-01-22,15.72,15.86,15.86,15.45
2018-01-23,15.84,16.04,16.12,15.72
2018-01-24,16.08,16.06,16.1,15.86
2018-01-25,16.11,16.03,16.44,16.01
2018-01-26,16.28,15.84,16.35,15.8
2018-01-29,15.8,15.65,16.06,15.55
2018-01-30,15.62,15.65,15.73,15.52
2018-01-31,15.59,14.86,15.62,14.75
2018-02-01,14.51,13.72,14.94,13.68
2018-02-02,13.8,13.65,13.8,13.38
2018-02-05,13.57,13.71,13.82,13.45
2018-02-06,13.46,12.35,13.49,12.34
2018-02-07,12.65,12.42,12.77,12.16
2018-02-08,12.16,12.51,12.7,12.16
2018-02-09,12.25,12.24,12.43,11.96
2018-02-12,12.43,12.59,12.68,12.24
2018-02-13,12.97,12.36,12.97,12.33
2018-02-14,12.46,12.48,12.57,12.38
2018-02-22,12.53,12.75,12.81,12.53
2018-02-23,12.75,12.83,12.92,12.72
2018-02-26,12.91,13.17,13.23,12.86
2018-02-27,13.15,13.21,13.28,13.04
2018-02-28,13.99,14.53,14.53,13.84
2018-03-01,14.0,14.64,14.94,13.9
2018-03-02,14.45,14.08,14.46,14.07
2018-03-05,14.08,14.15,14.22,13.87
2018-03-06,14.15,14.11,14.15,13.91
2018-03-07,14.19,14.13,14.42,14.02
2018-03-08,14.19,14.16,14.19,13.9
2018-03-09,14.1,14.36,14.38,13.92
2018-03-12,14.37,14.62,14.77,14.3
2018-03-13,14.51,14.44,14.62,14.34
2018-03-14,14.49,14.07,14.49,14.04
2018-03-15,14.1,13.64,14.1,13.5
2018-03-16,13.59,13.64,13.85,13.59
2018-03-19,13.63,13.73,13.87,13.63
2018-03-20,13.73,13.98,13.99,13.57
2018-03-21,13.98,13.73,14.15,13.68
2018-03-22,13.73,13.65,13.88,13.6
2018-03-23,13.41,12.39,13.43,12.29
2018-03-26,12.37,12.56,12.59,11.9
2018-03-27,12.71,13.02,13.08,12.71
2018-03-28,12.89,12.95,13.1,12.73
2018-03-29,12.96,13.47,13.49,12.96
2018-03-30,13.36,13.88,14.1,13.36
2018-04-02,13.95,13.89,14.3,13.8
2018-04-03,13.72,14.12,15.28,13.59
2018-04-04,14.7,14.16,14.86,14.12
2018-04-09,13.52,14.04,14.44,13.51
2018-04-10,14.0,13.88,14.03,13.69
2018-04-11,13.77,14.39,14.6,13.77
2018-04-12,14.4,14.25,14.49,14.14
2018-04-13,14.25,14.12,14.46,14.0
2018-04-16,14.13,13.84,14.25,13.66
2018-04-17,13.76,13.19,13.94,13.14
2018-04-18,13.3,13.35,13.45,12.93
2018-04-19,13.35,13.55,13.69,13.27
2018-04-20,13.6,13.0,13.6,12.98
2018-04-23,13.0,12.8,13.18,12.61
2018-04-24,12.8,13.19,13.2,12.8
2018-04-25,13.05,13.29,13.4,13.05
2018-04-26,13.23,12.81,13.39,12.78
2018-04-27,12.88,12.96,13.1,12.79
2018-05-02,12.9,12.35,12.93,12.33
2018-05-03,12.36,12.56,12.59,12.22
2018-05-04,12.56,12.62,12.79,12.47
2018-05-07,12.8,12.88,12.93,12.53
2018-05-08,12.89,13.1,13.18,12.88
2018-05-09,13.1,13.56,13.66,13.0
2018-05-10,13.8,13.67,14.0,13.52
2018-05-11,13.97,13.66,14.03,13.62
2018-05-14,13.22,13.55,13.8,13.2
2018-05-15,13.59,13.89,14.26,13.59
2018-05-16,13.8,13.65,14.03,13.55
2018-05-17,13.66,15.02,15.02,13.56
2018-05-18,16.52,16.52,16.52,15.02
2018-05-21,18.17,18.17,18.17,18.17
2018-05-22,19.4,19.99,19.99,18.43
2018-05-25,21.99,21.99,21.99,21.99
