date,open,close,high,low
2016-01-04,18.936,17.245,19.173,17.24
2016-01-05,16.421,16.564,17.26,15.721
2016-01-06,16.495,17.447,17.482,16.495
2016-01-07,17.26,15.721,17.26,15.701
2016-01-08,16.569,15.839,16.619,14.547
2016-01-11,15.287,14.256,15.682,14.256
2016-01-12,14.256,14.035,14.547,13.512
2016-01-13,14.301,13.112,14.444,13.068
2016-01-14,12.821,13.753,13.788,12.476
2016-01-15,13.418,13.009,13.753,12.836
2016-01-18,12.994,14.311,14.311,12.994
2016-01-19,14.774,15.021,15.134,14.291
2016-01-20,14.572,14.557,14.986,14.439
2016-01-21,14.301,13.818,14.843,13.793
2016-01-22,13.818,14.138,14.301,13.561
2016-01-25,14.296,14.35,14.434,14.054
2016-01-26,14.104,12.915,14.153,12.915
2016-01-27,12.851,12.93,13.206,11.84
2016-01-28,12.817,12.032,12.964,11.949
2016-01-29,12.032,12.521,12.762,11.889
2016-02-01,12.501,12.55,12.664,12.23
2016-02-02,12.521,12.945,13.068,12.481
2016-02-03,12.871,13.177,13.31,12.659
2016-02-04,12.96,13.61,13.818,12.96
2016-02-05,13.65,13.32,13.734,13.315
2016-02-15,12.575,13.063,13.216,12.442
2016-02-16,13.063,14.015,14.035,12.905
2016-02-17,14.005,15.11,15.238,13.709
2016-02-18,15.238,15.238,15.534,14.799
2016-02-19,15.016,15.534,15.534,15.016
2016-02-22,15.839,16.619,16.767,15.544
2016-02-23,16.619,16.91,16.949,16.086
2016-02-24,16.668,16.545,16.929,16.076
2016-02-25,16.273,14.893,16.678,14.893
2016-02-26,14.893,15.124,15.376,14.523
2016-02-29,15.016,14.044,15.164,13.635
2016-03-01,14.104,14.449,14.7,13.773
2016-03-02,14.498,15.203,15.381,14.252
2016-03-03,15.055,15.021,15.632,14.962
2016-03-04,14.794,14.602,15.041,14.054
2016-03-07,14.907,15.198,15.534,14.893
2016-03-08,15.139,15.06,15.213,14.335
2016-03-09,14.942,14.784,15.327,14.562
2016-03-10,14.799,14.271,15.036,14.252
2016-03-11,14.291,14.202,14.296,13.837
2016-03-14,14.528,14.848,15.188,14.326
2016-03-15,14.898,15.465,15.775,14.888
2016-03-16,15.534,15.494,16.121,15.292
2016-03-17,15.336,15.711,15.904,15.287
2016-03-18,15.844,15.992,16.421,15.682
2016-03-21,16.017,16.357,16.461,15.844
2016-03-22,15.78,16.086,16.372,15.78
2016-03-23,16.027,16.037,16.165,15.795
2017-02-15,17.639,17.639,17.639,17.639
2017-02-16,18.213,19.401,19.401,18.144
2017-02-17,21.271,19.569,21.341,18.718
2017-02-20,19.173,17.609,19.173,17.609
2017-02-21,17.718,19.371,19.371,17.431
2017-02-22,20.291,21.311,21.311,19.846
2017-02-23,22.766,23.439,23.439,22.766
2017-02-27,22.568,21.103,23.459,21.093
2017-02-28,21.281,23.211,23.211,20.885
2017-03-01,23.756,25.538,25.538,22.331
2017-03-02,25.399,23.954,25.429,23.004
2017-03-03,23.677,23.627,24.815,22.667
2017-03-06,23.271,23.241,23.36,22.568
2017-03-07,23.014,22.954,23.736,22.588
2017-03-08,22.667,22.954,23.251,22.063
2017-03-09,22.598,22.687,23.439,22.38
2017-03-10,22.37,23.489,24.548,22.123
2017-03-13,23.409,22.479,23.449,22.172
2017-03-14,22.667,22.043,22.667,21.974
2017-03-15,22.103,21.43,22.172,21.202
2017-03-16,21.182,21.628,21.855,21.103
2017-03-17,21.479,21.044,21.568,21.014
2017-03-20,20.935,21.083,21.212,20.786
2017-03-21,20.984,22.657,23.132,20.935
2017-03-22,22.073,21.905,22.172,21.578
2017-03-23,21.935,21.262,21.935,20.955
2017-03-24,21.153,21.539,22.073,20.875
2017-03-27,21.262,21.855,22.073,21.083
2017-03-28,21.796,22.301,23.449,21.588
2017-03-29,21.697,21.083,21.747,20.984
2017-03-30,20.786,19.757,20.786,19.599
2017-03-31,19.727,19.995,20.192,19.609
2017-04-05,19.836,20.4,20.539,19.797
2017-04-06,20.252,20.103,20.549,20.054
2017-04-07,20.173,19.836,20.272,19.806
2017-04-10,19.599,18.45,19.886,18.411
2017-04-11,18.678,18.886,18.955,18.114
2017-04-12,18.836,18.411,18.836,18.213
2017-04-13,18.361,18.213,18.609,18.124
2017-04-14,18.233,18.025,18.599,17.876
2017-04-17,17.668,16.995,17.896,16.599
2017-04-18,16.956,16.481,17.213,16.253
2017-04-19,16.411,16.223,16.411,15.53
2017-04-20,16.401,16.263,16.629,15.936
2017-04-21,16.411,15.748,16.411,15.659
2017-04-24,15.748,15.194,15.956,15.095
2017-04-25,15.431,15.352,15.501,15.154
2017-04-26,15.352,15.501,15.639,15.293
2017-04-27,15.491,15.778,15.788,14.649
2017-04-28,15.867,15.639,15.867,15.54
2017-05-02,15.451,15.392,15.639,15.214
2017-05-03,15.431,16.312,16.728,15.263
2017-05-04,16.035,16.144,16.283,15.748
2017-05-05,15.877,15.521,16.263,15.501
2017-05-08,15.065,14.412,15.342,14.353
2017-05-09,14.293,14.491,14.56,14.254
2017-05-10,14.491,14.63,15.521,14.481
2017-05-11,14.224,14.333,14.343,13.858
2017-05-12,14.115,14.649,14.996,14.115
2017-05-15,14.55,14.372,14.729,14.303
2017-05-16,14.353,14.907,15.026,14.065
2017-05-17,14.778,14.986,15.144,14.709
2017-05-18,14.847,15.412,15.441,14.729
2017-05-19,15.293,14.986,15.392,14.887
2017-05-22,14.768,14.224,14.966,14.194
2017-05-23,14.056,12.947,14.353,12.927
2017-05-24,13.137,12.788,13.137,11.942
2017-05-25,12.589,12.798,12.928,12.39
2017-05-26,12.709,12.848,12.977,12.709
2017-05-31,13.286,12.788,13.286,12.639
2017-06-01,12.788,11.982,12.838,11.952
2017-06-02,11.982,12.191,12.301,11.743
2017-06-05,12.221,12.54,12.828,12.221
2017-06-06,12.39,12.5,12.689,12.35
2017-06-07,12.44,12.888,12.938,12.44
2017-06-08,12.987,13.714,14.132,12.888
2017-06-09,13.385,15.087,15.087,13.216
2017-06-12,15.107,14.54,15.107,14.281
2017-06-13,14.331,14.54,14.878,13.993
2017-06-14,14.341,14.341,14.51,14.082
2017-06-15,14.152,14.341,14.699,14.112
2017-06-16,14.311,14.43,14.53,14.182
2017-06-19,14.331,14.48,14.57,14.231
2017-06-20,14.53,14.351,14.6,14.331
2017-06-21,14.132,14.44,14.62,14.132
2017-06-22,14.48,13.863,14.669,13.236
2017-06-23,13.585,13.873,14.052,13.017
2017-06-26,13.565,14.43,14.46,13.565
2017-06-27,14.53,14.46,14.53,14.192
2017-06-28,14.341,14.321,14.48,14.202
2017-06-29,14.48,13.973,14.48,13.943
2017-06-30,13.923,13.704,13.923,13.644
2017-07-03,13.764,13.983,14.132,13.764
2017-07-04,14.012,13.744,14.182,13.694
2017-07-05,13.784,13.853,13.893,13.704
2017-07-06,13.893,13.873,14.132,13.664
2017-07-07,13.883,13.863,14.003,13.754
2017-07-10,13.784,13.415,13.923,13.346
2017-07-11,13.435,13.296,13.485,13.157
2017-07-12,13.167,12.968,13.296,12.649
2017-07-13,13.057,12.858,13.057,12.808
2017-07-14,12.838,12.709,12.848,12.559
2017-07-17,12.838,11.614,12.838,11.594
2017-07-18,11.614,12.778,12.778,11.395
2017-07-19,13.117,13.624,13.833,12.848
2017-07-20,13.196,13.913,14.371,13.037
2017-07-21,13.634,13.346,13.784,13.236
2017-07-24,13.475,13.336,13.505,13.037
2017-07-25,13.286,13.296,13.515,13.137
2017-07-26,13.286,13.017,13.286,12.858
2017-07-27,12.888,13.047,13.186,12.579
2017-07-28,12.938,12.828,13.047,12.788
2017-07-31,12.778,12.649,12.858,12.589
2017-08-01,12.619,12.629,12.759,12.49
2017-08-02,12.49,12.301,12.629,12.291
2017-08-03,12.331,12.52,12.559,12.141
2017-08-04,12.49,12.321,12.689,12.301
2017-08-07,12.191,12.35,12.42,12.191
2017-08-08,12.291,12.35,12.41,12.251
2017-08-09,12.39,12.44,12.48,12.291
2017-08-10,12.52,12.739,12.768,12.39
2017-08-11,12.729,12.181,12.729,12.151
2017-08-14,12.132,12.321,12.38,12.092
2017-08-15,12.331,12.41,12.43,12.241
2017-08-16,12.41,12.589,12.609,12.281
2017-08-17,12.639,12.569,12.749,12.49
2017-08-18,12.48,12.38,12.559,12.36
2017-08-21,12.37,12.569,12.579,12.37
2017-08-22,12.589,12.49,12.639,12.43
2017-08-23,12.5,12.559,12.619,12.43
2017-08-24,12.46,12.569,12.719,12.43
2017-08-25,12.47,12.759,13.176,12.47
2017-08-28,12.739,12.968,13.097,12.669
2017-08-29,13.007,12.908,13.007,12.768
2017-08-30,12.828,12.749,12.938,12.679
2017-08-31,12.888,12.948,12.987,12.609
2017-09-01,12.838,12.838,12.938,12.778
2017-09-04,12.828,12.888,12.968,12.719
2017-09-05,12.818,12.997,13.087,12.818
2017-09-06,13.017,13.336,13.525,12.888
2017-09-07,13.236,13.356,13.624,13.206
2017-09-08,13.256,13.863,14.311,13.256
2017-09-11,13.873,13.784,14.012,13.585
2017-09-12,13.734,13.395,13.734,13.366
2017-09-13,13.296,13.435,13.515,13.296
2017-09-14,13.445,13.385,13.525,13.246
2017-09-15,13.455,13.107,13.455,13.067
2017-09-18,13.107,13.246,13.266,13.057
2017-09-19,13.326,13.107,13.336,13.097
2017-09-20,13.037,13.186,13.196,13.017
2017-09-21,13.216,13.216,13.336,13.107
2017-09-22,13.226,13.087,13.266,12.987
2017-09-25,13.037,12.768,13.186,11.942
2017-09-26,12.55,12.4,12.768,12.301
2017-09-27,12.4,12.55,12.599,12.35
2017-09-28,12.559,12.4,12.559,12.39
2017-09-29,12.321,13.644,13.644,12.321
2017-10-09,14.54,14.898,15.008,14.182
2017-10-10,14.192,15.356,16.102,14.172
2017-10-11,15.067,14.739,15.316,14.649
2017-10-12,14.719,14.908,15.127,14.53
2017-10-13,14.649,14.58,14.789,14.321
2017-10-16,14.56,13.833,14.58,13.684
2017-10-17,13.913,13.923,14.192,13.754
2017-10-18,14.212,13.565,14.212,13.475
2017-10-19,13.236,13.176,13.455,12.948
2017-10-20,13.137,13.326,13.405,13.107
2017-10-23,13.246,13.475,13.485,13.167
2017-10-24,13.455,13.216,13.535,13.137
2017-10-25,13.256,13.515,13.525,13.236
2017-10-26,13.485,13.674,13.694,13.395
2017-10-27,13.674,13.276,13.684,13.216
2017-10-30,13.167,12.599,13.236,12.321
2017-10-31,12.599,12.888,12.938,12.45
2017-11-01,12.768,12.848,12.987,12.759
2017-11-02,12.848,12.639,12.848,12.569
2017-11-03,12.589,12.589,12.788,12.54
2017-11-06,12.589,12.808,12.828,12.53
2017-11-07,12.709,12.898,12.918,12.709
2017-11-08,12.858,13.714,13.923,12.778
2017-11-09,13.585,13.873,13.903,13.485
2017-11-10,13.734,13.585,13.853,13.535
2017-11-13,13.585,13.704,13.734,13.346
2017-11-14,13.634,13.266,13.734,13.236
2017-11-15,13.216,12.808,13.256,12.778
2017-11-16,12.699,12.828,13.017,12.699
2017-11-17,12.828,12.112,12.958,11.942
2017-11-20,12.102,12.301,12.44,11.594
2017-11-21,12.281,12.171,12.41,12.092
2017-11-22,12.231,12.181,12.291,11.992
2017-11-23,12.191,11.873,12.261,11.813
2017-11-24,11.813,12.022,12.132,11.455
2017-11-27,12.002,11.873,12.092,11.853
2017-11-28,11.873,11.992,12.032,11.843
2017-11-29,12.042,12.112,12.122,11.853
2017-11-30,12.221,12.022,12.38,12.012
2017-12-01,12.122,11.913,12.122,11.873
2017-12-04,11.873,11.445,11.873,11.435
2017-12-05,11.395,11.485,11.534,10.937
2017-12-06,11.345,11.674,11.694,11.236
2017-12-07,11.445,11.714,11.733,11.425
2017-12-08,11.624,11.883,11.913,11.574
2017-12-11,11.913,12.062,12.102,11.803
2017-12-12,12.022,11.883,12.022,11.763
2017-12-13,11.843,11.813,11.843,11.644
2017-12-14,11.793,11.704,11.813,11.564
2017-12-15,11.743,11.704,11.743,11.594
2017-12-18,11.624,11.714,11.773,11.505
2017-12-19,11.694,11.813,11.932,11.694
2017-12-20,11.773,11.704,11.893,11.564
2017-12-21,11.684,11.803,11.813,11.465
2017-12-22,11.733,11.724,11.773,11.674
2017-12-25,11.624,11.704,11.724,11.365
2017-12-26,11.654,11.873,11.923,11.634
2017-12-27,11.873,11.823,11.873,11.714
2017-12-28,11.853,12.112,12.191,11.743
2017-12-29,12.012,12.321,12.341,12.012
2018-01-02,12.39,12.261,12.589,12.231
2018-01-03,12.241,12.331,12.35,12.072
2018-01-04,12.331,12.161,12.331,12.151
2018-01-05,12.181,12.181,12.211,12.052
2018-01-08,12.092,11.893,12.151,11.843
2018-01-09,11.773,11.843,11.863,11.743
2018-01-10,11.863,11.803,11.893,11.445
2018-01-11,11.704,12.002,12.012,11.664
2018-01-12,11.942,11.952,12.221,11.843
2018-01-15,11.952,11.704,12.032,11.485
2018-01-16,11.704,11.793,11.833,11.564
2018-01-17,11.704,11.823,11.843,11.574
2018-01-18,11.714,11.783,11.823,11.644
2018-01-19,11.773,11.962,12.161,11.684
2018-01-22,11.893,12.012,12.042,11.714
2018-01-23,12.002,12.132,12.151,11.883
2018-01-24,12.042,12.122,12.171,11.982
2018-01-25,12.122,12.311,12.559,12.032
2018-01-26,12.291,12.221,12.301,12.132
2018-01-29,12.191,11.923,12.191,11.853
2018-01-30,11.923,11.813,11.982,11.743
2018-01-31,11.962,11.803,11.962,11.624
2018-02-01,11.803,11.276,11.853,10.957
2018-02-02,11.116,11.395,11.425,10.977
2018-02-05,11.196,11.425,11.425,11.027
2018-02-06,11.296,11.106,11.395,10.659
2018-02-07,11.067,11.176,11.286,10.868
2018-02-08,11.166,11.166,11.176,11.007
2018-02-09,11.027,11.037,11.097,10.629
2018-02-12,11.077,11.276,11.296,11.037
2018-02-13,11.276,11.256,11.325,11.186
2018-02-14,11.156,11.226,11.236,11.106
2018-02-22,11.236,11.266,11.306,11.206
2018-02-23,11.276,11.216,11.286,11.176
2018-02-26,11.216,11.515,11.624,11.206
2018-02-27,11.515,11.425,11.515,11.355
2018-02-28,11.335,11.763,11.813,11.216
2018-03-01,12.291,11.873,12.579,11.813
2018-03-02,11.554,11.515,11.704,11.445
2018-03-05,11.435,11.365,11.475,11.246
2018-03-06,11.345,11.455,11.495,11.315
2018-03-07,11.455,11.246,11.455,11.226
2018-03-08,11.196,11.246,11.296,11.156
2018-03-09,11.296,11.375,11.395,11.226
2018-03-12,11.425,11.455,11.544,11.345
2018-03-13,11.445,11.286,11.445,11.246
2018-03-14,11.276,11.057,11.306,11.047
2018-03-15,11.027,11.166,11.286,10.997
2018-03-16,11.057,11.186,11.216,11.057
2018-03-19,11.166,11.216,11.246,11.097
2018-03-20,11.196,11.196,11.216,11.007
2018-03-21,11.126,11.156,11.306,11.057
2018-03-22,11.087,11.067,11.166,11.027
2018-03-23,10.848,9.972,10.848,9.962
2018-03-26,9.892,9.912,9.932,9.236
2018-03-27,10.052,10.032,10.111,9.952
2018-03-28,10.012,9.932,10.022,9.813
2018-03-29,9.922,10.042,10.091,9.922
2018-03-30,10.081,10.141,10.151,10.042
2018-04-02,10.201,10.131,10.29,10.052
2018-04-03,10.778,11.146,11.146,10.768
2018-04-04,11.087,11.465,11.863,10.858
2018-04-09,11.047,10.828,11.216,10.599
2018-04-10,10.688,10.639,10.818,10.45
2018-04-11,10.639,10.669,10.798,10.47
2018-04-12,10.599,10.261,10.619,10.211
2018-04-13,10.261,10.211,10.4,10.161
2018-04-16,10.31,10.111,10.45,10.032
2018-04-17,10.081,9.833,10.141,9.763
2018-04-18,9.833,10.091,10.101,9.634
2018-04-19,10.091,10.111,10.161,10.032
2018-04-20,10.052,9.713,10.131,9.683
2018-04-23,9.703,9.494,9.703,9.365
2018-04-24,9.524,9.823,9.833,9.484
2018-04-25,9.753,9.793,9.862,9.693
2018-04-26,9.843,9.564,9.843,9.454
2018-04-27,9.514,9.614,9.683,9.514
2018-05-02,9.703,9.663,9.813,9.564
2018-05-03,9.594,9.833,9.853,9.425
2018-05-04,9.932,9.813,9.932,9.783
2018-05-07,9.833,9.902,9.932,9.743
2018-05-08,10.091,10.42,10.878,10.091
2018-05-09,10.201,10.181,10.31,9.952
2018-05-10,10.032,10.231,10.241,10.032
2018-05-11,10.271,9.992,10.32,9.982
2018-05-14,9.932,9.793,10.042,9.713
2018-05-15,9.713,9.922,9.952,9.713
2018-05-16,10.022,9.992,10.121,9.922
2018-05-17,9.982,9.972,10.131,9.942
2018-05-18,9.902,9.982,10.062,9.803
2018-05-21,10.002,10.151,10.161,10.002
2018-05-22,10.111,10.29,10.31,10.042
2018-05-23,10.2,10.03,10.26,10.0
