date,open,close,high,low
2017-01-25,10.495,10.495,10.495,10.495
2017-01-26,11.54,11.54,11.54,11.54
2017-02-03,12.695,12.695,12.695,12.695
2017-02-06,13.97,13.97,13.97,13.97
2017-02-07,15.364,15.364,15.364,15.364
2017-02-08,16.897,16.897,16.897,16.897
2017-02-09,18.59,18.59,18.59,18.59
2017-02-10,20.452,20.452,20.452,20.452
2017-02-13,22.493,22.493,22.493,22.493
2017-02-14,24.743,24.743,24.743,24.743
2017-02-15,27.222,27.222,27.222,27.222
2017-02-16,29.941,29.941,29.941,29.941
2017-02-17,32.938,31.335,32.938,30.379
2017-02-20,30.767,28.427,30.767,28.198
2017-02-21,27.979,28.925,29.831,27.581
2017-02-22,28.437,28.158,29.174,27.213
2017-02-23,28.387,29.154,29.433,28.158
2017-02-24,28.865,29.712,30.449,28.686
2017-02-27,29.204,29.264,29.632,28.756
2017-02-28,29.224,29.323,29.473,28.557
2017-03-01,29.124,30.359,31.265,29.074
2017-03-02,31.165,33.396,33.396,30.528
2017-03-03,33.854,32.082,35.746,31.982
2017-03-06,30.867,31.723,31.882,30.389
2017-03-07,31.464,33.446,33.814,31.265
2017-03-08,33.386,33.844,34.003,32.44
2017-03-09,33.376,31.703,33.386,31.643
2017-03-10,31.962,30.986,32.211,30.777
2017-03-13,30.767,31.892,31.962,29.921
2017-03-14,31.813,32.52,32.828,31.514
2017-03-15,32.171,31.892,32.39,31.365
2017-03-16,32.022,33.097,33.525,31.962
2017-03-17,33.087,31.773,33.784,31.753
2017-03-20,31.365,33.525,33.565,31.365
2017-03-21,33.436,34.501,34.85,32.938
2017-03-22,33.844,35.248,36.791,33.505
2017-03-23,35.178,38.773,38.773,34.461
2017-03-24,37.717,42.646,42.646,37.717
2017-03-27,43.213,41.919,44.767,39.828
2017-03-28,42.337,39.639,42.775,38.932
2017-03-29,38.364,40.107,41.809,37.05
2017-03-30,37.837,36.403,39.33,36.094
2017-03-31,36.841,34.601,37.488,33.854
2017-04-05,34.73,35.288,35.586,32.958
2017-04-06,34.65,35.706,36.632,34.451
2017-04-07,35.178,34.123,36.164,33.724
2017-04-10,33.535,30.707,33.754,30.707
2017-04-11,29.861,31.295,31.414,29.672
2017-04-12,30.817,29.015,31.096,28.875
2017-04-13,29.025,29.104,29.941,28.696
2017-04-14,28.865,28.158,29.104,27.989
2017-04-17,26.764,25.44,26.784,25.341
2017-04-18,25.599,26.157,27.123,24.912
2017-04-19,25.689,28.776,28.776,25.39
2017-04-20,28.358,30.688,31.106,28.358
2017-04-21,30.449,29.084,30.717,28.776
2017-04-24,28.875,28.059,28.935,26.177
2017-04-25,27.939,30.16,30.369,27.939
2017-04-26,29.871,29.323,30.508,29.254
2017-04-27,28.477,30.538,31.365,28.387
2017-04-28,30.05,30.618,30.867,29.871
2017-05-02,30.628,31.663,31.823,30.18
2017-05-03,31.365,34.501,34.73,31.146
2017-05-04,33.495,34.501,36.124,32.878
2017-05-05,34.033,31.982,35.447,31.066
2017-05-08,31.892,29.194,32.589,28.925
2017-05-09,29.373,30.22,30.299,28.318
2017-05-10,30.269,28.855,30.857,28.826
2017-05-11,28.248,29.304,29.413,27.163
2017-05-12,28.935,29.911,30.349,28.377
2017-05-15,31.066,29.682,31.643,29.523
2017-05-16,28.666,29.941,30.01,27.78
2017-05-17,29.572,31.195,31.385,29.572
2017-05-18,30.817,29.373,31.096,28.985
2017-05-19,29.104,28.915,30.03,28.776
2017-05-22,28.915,26.416,29.194,26.167
2017-05-23,25.629,24.086,26.735,24.006
2017-05-24,24.116,24.554,24.654,23.578
2017-05-25,24.634,24.136,24.843,23.24
2017-05-26,23.977,24.235,24.574,23.877
2017-05-31,25.092,24.494,25.38,24.156
2017-06-01,24.036,22.045,24.395,22.045
2017-06-02,21.895,22.254,22.503,20.83
2017-06-05,22.463,22.403,22.881,22.284
2017-06-06,22.373,22.075,22.373,21.577
2017-06-07,22.105,23.15,23.16,21.985
2017-06-08,23.26,24.594,24.992,22.981
2017-06-09,24.186,24.046,24.494,23.419
2017-06-12,23.907,22.383,23.907,22.204
2017-06-13,22.254,22.981,23.25,22.254
2017-06-14,23.13,22.961,23.548,22.363
2017-06-15,22.99,24.19,24.37,22.71
2017-06-16,24.3,23.61,24.74,23.5
2017-06-19,23.45,25.2,25.97,23.35
2017-06-20,25.26,24.92,25.5,24.5
2017-06-21,24.77,24.77,25.27,24.55
2017-06-22,24.55,23.27,24.77,23.03
2017-06-23,23.08,23.46,23.72,22.66
2017-06-26,23.35,23.37,23.54,22.93
2017-06-27,23.32,23.39,23.85,23.23
2017-06-28,23.49,22.87,23.49,22.7
2017-06-29,23.04,22.99,23.27,22.89
2017-06-30,22.61,22.98,23.29,22.61
2017-07-03,23.08,23.71,23.96,22.87
2017-07-04,23.55,23.53,23.85,23.46
2017-07-05,23.53,23.94,24.17,23.32
2017-07-06,23.8,23.77,24.2,23.31
2017-07-07,23.5,24.89,25.25,23.48
2017-07-10,24.4,23.99,24.6,23.7
2017-07-11,23.79,23.31,24.28,23.2
2017-07-12,23.3,23.33,23.5,22.21
2017-07-13,23.2,22.88,23.2,22.5
2017-07-14,22.75,22.54,22.94,22.5
2017-07-17,22.24,20.29,22.24,20.29
2017-07-18,19.8,20.0,20.65,19.56
2017-07-19,20.06,20.09,20.27,19.75
2017-07-20,19.92,19.97,20.7,19.78
2017-07-21,19.85,19.79,20.36,19.71
2017-07-24,19.34,19.61,19.68,18.87
2017-07-25,19.82,19.61,19.85,19.39
2017-07-26,19.63,18.99,19.77,18.9
2017-07-27,18.98,19.39,19.59,18.66
2017-07-28,19.44,19.01,19.56,19.0
2017-07-31,19.07,18.78,19.07,18.5
2017-08-01,18.53,19.07,19.59,18.53
2017-08-02,19.04,18.54,19.17,18.51
2017-08-03,18.54,18.81,18.98,18.2
2017-08-04,18.77,18.37,18.9,18.36
2017-08-07,18.48,18.5,18.79,18.42
2017-08-08,18.42,18.49,18.57,18.25
2017-08-09,18.5,19.21,19.29,18.32
2017-08-10,19.21,18.53,19.21,18.48
2017-08-11,18.39,18.51,19.09,18.1
2017-08-14,18.29,18.64,18.8,18.29
2017-08-15,18.68,18.94,19.06,18.5
2017-08-16,18.92,19.27,19.43,18.76
2017-08-17,19.17,19.45,19.58,19.01
2017-08-18,19.3,19.19,19.44,19.1
2017-08-21,19.21,19.4,19.54,19.2
2017-08-22,19.31,19.66,20.56,19.31
2017-08-23,19.63,19.35,19.64,19.23
2017-08-24,19.28,18.86,19.41,18.8
2017-08-25,18.79,19.39,19.59,18.75
2017-08-28,19.64,20.28,20.33,19.57
2017-08-29,20.25,20.42,21.26,19.91
2017-08-30,20.21,20.21,20.56,20.06
2017-08-31,20.33,20.99,21.15,20.27
2017-09-01,21.2,21.05,21.48,20.85
2017-09-04,20.95,20.81,21.22,20.76
2017-09-05,20.8,20.63,20.95,20.6
2017-09-06,20.66,20.37,20.66,20.11
2017-09-07,20.35,20.4,20.79,20.25
2017-09-08,20.27,20.37,20.49,20.12
2017-09-11,20.47,20.92,21.0,20.37
2017-09-12,20.95,20.26,21.1,20.1
2017-09-13,20.35,20.41,20.59,20.21
2017-09-14,20.48,21.4,21.48,20.3
2017-09-15,21.16,20.91,21.16,20.66
2017-09-18,20.78,20.9,21.0,20.41
2017-09-19,20.85,21.21,21.4,20.73
2017-09-20,21.24,21.17,21.29,20.75
2017-09-21,21.07,20.66,21.32,20.61
2017-09-22,20.6,20.6,20.95,20.45
2017-09-25,20.58,19.86,20.59,19.85
2017-09-26,19.75,19.42,19.99,19.11
2017-09-27,19.42,19.57,19.66,19.26
2017-09-28,19.6,19.17,19.68,19.0
2017-09-29,19.17,19.45,19.55,19.17
2017-10-09,19.8,19.84,20.18,19.51
2017-10-10,19.8,20.25,20.3,19.8
2017-10-11,20.26,20.64,21.15,20.02
2017-10-12,20.43,20.76,20.9,20.31
2017-10-13,20.67,20.98,21.3,20.5
2017-10-16,20.97,20.22,21.1,19.95
2017-10-17,20.29,22.24,22.24,20.2
2017-10-18,22.25,22.5,23.6,21.67
2017-10-19,22.1,21.9,22.42,21.57
2017-10-20,21.52,21.47,22.35,21.12
2017-10-23,21.2,22.19,22.24,21.2
2017-10-24,22.03,23.13,23.2,21.2
2017-10-25,22.79,23.87,24.39,22.5
2017-10-26,23.45,23.48,23.96,23.21
2017-10-27,23.25,23.89,24.5,23.25
2017-10-30,23.6,22.52,23.98,22.01
2017-10-31,22.65,22.91,22.93,21.6
2017-11-01,22.7,23.09,23.3,22.51
2017-11-02,22.9,22.1,22.91,22.01
2017-11-03,22.21,20.95,22.39,20.88
2017-11-06,21.21,21.44,21.47,20.75
2017-11-07,21.36,21.22,21.36,20.9
2017-11-08,21.18,21.43,22.0,21.18
2017-11-09,21.3,21.87,21.9,21.24
2017-11-10,21.5,22.3,22.89,21.5
2017-11-13,22.4,22.91,22.97,22.16
2017-11-14,22.63,22.6,22.9,22.2
2017-11-15,22.6,21.69,22.75,21.61
2017-11-16,21.89,21.44,22.28,21.37
2017-11-17,21.45,19.3,21.65,19.3
2017-11-20,19.1,18.98,19.48,17.95
2017-11-21,18.98,18.61,19.17,18.4
2017-11-22,18.7,18.29,18.9,18.05
2017-11-23,18.2,17.69,18.36,17.63
2017-11-24,17.69,17.73,18.2,17.68
2017-11-27,17.74,17.93,18.23,17.74
2017-11-28,17.98,18.25,18.3,17.93
2017-11-29,18.39,18.11,18.39,17.8
2017-11-30,18.07,17.92,18.38,17.9
2017-12-01,18.08,18.02,18.08,17.88
2017-12-04,18.15,16.98,18.38,16.8
2017-12-05,16.6,15.85,16.99,15.5
2017-12-06,15.85,16.1,16.2,15.57
2017-12-07,16.05,16.04,16.2,15.92
2017-12-08,16.19,16.64,16.79,16.0
2017-12-11,16.57,16.99,17.27,16.45
2017-12-12,16.82,16.26,16.9,16.22
2017-12-13,16.09,16.52,16.65,16.09
2017-12-14,16.52,16.37,16.62,16.2
2017-12-15,16.42,16.16,16.44,16.0
2017-12-18,16.19,16.02,16.26,15.89
2017-12-19,16.08,16.32,16.4,16.04
2017-12-20,16.49,16.01,16.49,15.92
2017-12-21,15.87,15.75,16.06,15.15
2017-12-22,15.8,15.76,15.93,15.54
2017-12-25,15.73,15.4,15.74,15.2
2017-12-26,15.36,16.46,16.89,15.25
2017-12-27,16.5,16.1,16.8,16.06
2017-12-28,16.01,16.22,16.48,16.01
2017-12-29,16.35,16.39,16.54,16.05
2018-01-02,16.4,16.91,17.3,16.4
2018-01-03,16.66,16.76,16.93,16.48
2018-01-04,16.67,16.69,16.79,16.52
2018-01-05,16.62,16.78,16.95,16.52
2018-01-08,16.71,16.72,16.89,16.42
2018-01-09,16.7,16.51,16.84,16.48
2018-01-10,16.45,15.92,16.59,15.85
2018-01-11,16.05,16.27,16.36,15.85
2018-01-12,16.25,16.17,16.53,16.1
2018-01-15,16.21,15.4,16.27,15.31
2018-01-16,15.45,15.65,15.87,15.33
2018-01-17,15.7,16.0,16.09,15.64
2018-01-18,15.76,16.59,17.36,15.76
2018-01-19,16.51,16.13,16.58,16.03
2018-01-22,16.0,15.77,16.0,15.46
2018-01-23,15.63,15.84,16.13,15.62
2018-01-24,15.88,15.88,16.0,15.62
2018-01-25,15.88,15.82,16.06,15.7
2018-01-26,15.75,15.54,15.89,15.42
2018-01-29,15.38,15.16,15.54,15.05
2018-01-30,15.13,15.27,15.3,15.02
2018-01-31,15.25,14.83,15.25,14.71
2018-02-01,14.78,13.76,14.95,13.66
2018-02-02,13.88,13.5,13.88,13.0
2018-02-05,13.1,13.27,13.43,13.02
2018-02-06,13.23,11.97,13.23,11.94
2018-02-07,12.25,12.09,12.37,11.73
2018-02-08,12.01,12.54,12.6,12.0
2018-02-09,12.07,12.18,12.54,12.05
2018-02-12,12.01,12.82,13.05,12.01
2018-02-13,12.63,12.71,12.93,12.63
2018-02-14,12.73,12.68,12.78,12.55
2018-02-22,12.74,12.87,12.89,12.74
2018-02-23,12.9,13.12,13.65,12.87
2018-02-26,13.35,13.41,13.45,13.06
2018-02-27,13.32,13.32,13.41,13.22
2018-02-28,13.33,13.4,13.45,13.13
2018-03-01,13.36,13.54,13.59,13.2
2018-03-02,13.35,13.99,14.35,13.27
2018-03-05,13.68,13.88,14.03,13.67
2018-03-06,13.88,13.83,13.92,13.7
2018-03-07,13.83,13.63,13.93,13.6
2018-03-08,13.63,13.83,13.95,13.52
2018-03-09,13.78,14.21,14.61,13.78
2018-03-12,14.37,14.47,14.84,14.37
2018-03-13,14.55,14.11,14.73,14.09
2018-03-14,14.14,13.99,14.35,13.93
2018-03-15,13.97,13.39,13.97,13.15
2018-03-16,13.38,13.45,13.63,13.38
2018-03-19,13.42,13.67,13.7,13.36
2018-03-20,13.49,13.8,13.94,13.48
2018-03-21,13.77,13.91,14.55,13.76
2018-03-22,13.68,14.13,14.29,13.68
2018-03-23,13.95,12.72,13.95,12.72
2018-03-26,12.62,12.94,12.98,12.21
2018-03-27,13.25,13.22,13.37,12.95
2018-03-28,12.96,13.86,14.39,12.96
2018-03-29,13.82,15.05,15.1,13.82
2018-03-30,15.08,14.83,15.08,14.56
2018-04-02,14.95,14.59,14.95,14.45
2018-04-03,14.22,14.68,15.09,14.15
2018-04-04,14.47,14.54,14.95,14.35
2018-04-09,14.98,15.57,15.6,14.56
2018-04-10,15.48,15.59,15.85,15.26
2018-04-11,15.45,15.52,15.85,15.36
2018-04-12,15.52,15.57,15.68,15.41
2018-04-13,15.57,15.17,15.7,15.15
2018-04-16,15.17,14.94,15.17,14.6
2018-04-17,15.0,14.45,15.2,14.31
2018-04-18,14.68,14.38,14.69,13.8
2018-04-19,14.44,14.43,14.61,14.28
2018-04-20,14.28,13.93,14.54,13.81
2018-04-23,13.75,14.09,14.22,13.74
2018-04-24,14.16,15.5,15.5,14.05
2018-04-25,15.5,15.47,15.99,15.21
2018-04-26,15.24,14.91,15.5,14.89
2018-04-27,14.92,15.01,15.42,14.92
2018-05-02,15.02,14.55,15.29,14.46
2018-05-03,14.55,15.2,15.5,14.13
2018-05-04,15.09,15.84,16.2,14.9
2018-05-07,15.62,15.95,16.16,15.58
2018-05-08,15.88,16.2,16.22,15.66
2018-05-09,16.13,15.67,16.66,15.48
2018-05-10,15.55,15.72,15.92,15.45
2018-05-11,15.6,15.23,15.71,15.15
2018-05-14,15.24,15.96,16.75,15.24
2018-05-15,15.95,16.59,16.71,15.58
2018-05-16,16.61,16.87,17.5,16.23
2018-05-17,16.5,16.46,16.84,16.35
2018-05-18,16.5,16.5,16.56,16.11
2018-05-21,16.44,16.55,16.7,16.33
2018-05-22,16.51,16.33,16.53,16.13
2018-05-23,16.33,15.9,16.47,15.83
2018-05-24,15.86,16.46,16.56,15.81
2018-05-25,16.44,16.14,16.52,16.09
