date,open,close,high,low
2017-11-01,10.37,12.44,12.44,10.37
2017-11-02,13.68,13.68,13.68,13.68
2017-11-03,15.05,15.05,15.05,15.05
2017-11-06,16.56,16.56,16.56,16.56
2017-11-07,18.22,18.22,18.22,18.22
2017-11-08,20.04,20.04,20.04,20.04
2017-11-09,22.04,22.04,22.04,22.04
2017-11-10,24.24,24.24,24.24,24.24
2017-11-13,26.66,26.66,26.66,26.66
2017-11-14,29.33,29.33,29.33,29.33
2017-11-15,32.26,32.26,32.26,32.26
2017-11-16,35.49,31.63,35.49,31.08
2017-11-17,30.0,28.47,30.5,28.47
2017-11-20,26.42,25.62,26.86,25.62
2017-11-21,25.7,28.18,28.18,24.33
2017-11-22,28.99,28.73,30.66,28.5
2017-11-23,26.56,25.86,28.03,25.86
2017-11-24,24.98,28.45,28.45,24.64
2017-11-27,28.47,28.71,30.18,27.13
2017-11-28,27.26,29.66,30.36,26.59
2017-11-29,29.0,30.42,30.7,28.21
2017-11-30,29.75,31.57,32.72,29.44
2017-12-01,30.4,29.61,31.38,29.5
2017-12-04,28.11,26.65,28.82,26.65
2017-12-05,25.4,24.48,26.04,23.99
2017-12-06,24.5,25.1,25.25,24.04
2017-12-07,24.73,24.9,25.85,23.83
2017-12-08,24.34,25.56,27.01,24.21
2017-12-11,26.0,27.77,28.0,25.9
2017-12-12,26.7,25.79,27.18,25.55
2017-12-13,25.18,26.63,27.12,25.18
2017-12-14,26.35,26.84,27.2,25.8
2017-12-15,26.51,27.61,27.99,26.4
2017-12-18,27.73,26.8,28.29,26.2
2017-12-19,26.51,27.74,27.8,25.8
2017-12-20,27.2,26.38,27.3,26.3
2017-12-21,25.98,26.61,27.36,25.18
2017-12-22,26.31,25.63,26.86,25.6
2017-12-25,25.18,25.12,25.5,24.3
2017-12-26,25.14,26.21,26.87,25.1
2017-12-27,26.05,26.88,27.5,26.0
2017-12-28,26.31,28.61,29.48,25.5
2017-12-29,28.13,28.23,29.39,27.9
2018-01-02,28.29,28.88,29.33,27.91
2018-01-03,28.3,27.82,28.59,27.01
2018-01-04,27.5,27.9,28.3,27.26
2018-01-05,27.8,26.1,28.14,26.05
2018-01-08,25.95,26.37,26.6,25.42
2018-01-09,26.49,27.16,27.38,26.05
2018-01-10,26.89,25.99,26.98,25.55
2018-01-11,26.0,28.59,28.59,25.61
2018-01-12,30.0,29.72,31.4,29.51
2018-01-15,28.46,30.58,31.0,26.9
2018-01-16,29.67,30.51,32.49,29.36
2018-01-17,31.59,33.56,33.56,31.59
2018-01-18,35.23,30.49,35.23,30.22
2018-01-19,29.18,29.33,31.15,28.83
2018-01-22,29.0,27.67,29.0,27.32
2018-01-23,27.65,27.9,28.38,27.28
2018-01-24,27.74,29.02,29.28,27.74
2018-01-25,28.71,28.88,29.8,28.52
2018-01-26,28.55,27.77,29.39,27.68
2018-01-29,27.84,28.73,28.98,27.65
2018-01-30,28.48,29.32,29.4,27.92
2018-01-31,29.0,29.55,30.25,28.64
2018-02-01,28.59,26.6,29.28,26.6
2018-02-02,24.72,25.17,26.4,24.48
2018-02-05,24.44,23.57,25.79,23.0
2018-02-06,22.5,21.21,23.07,21.21
2018-02-07,21.76,21.21,21.97,19.5
2018-02-08,20.87,21.48,22.16,20.71
2018-02-09,20.4,19.73,20.9,19.59
2018-02-12,20.28,20.35,20.66,19.92
2018-02-13,20.57,20.14,20.75,20.11
2018-02-14,20.2,19.9,20.57,19.81
2018-02-22,20.26,20.6,20.74,20.0
2018-02-23,20.6,21.77,22.23,20.45
2018-02-26,22.01,22.63,22.95,21.71
2018-02-27,22.4,22.62,23.2,22.2
2018-02-28,22.22,22.04,22.45,21.73
2018-03-01,21.9,22.46,22.55,21.58
2018-03-02,22.2,22.04,23.0,22.01
2018-03-05,21.93,22.83,22.88,21.93
2018-03-06,22.84,23.31,24.08,22.65
2018-03-07,23.02,23.25,23.4,22.82
2018-03-08,23.24,23.98,23.99,23.09
2018-03-09,23.93,25.11,25.26,23.73
2018-03-12,25.47,25.01,25.69,24.65
2018-03-13,24.77,24.0,24.86,23.83
2018-03-14,23.79,23.65,24.26,23.6
2018-03-15,23.02,22.24,23.17,21.5
2018-03-16,22.08,21.99,22.54,21.9
2018-03-19,22.35,24.19,24.19,22.13
2018-03-20,24.07,24.95,25.38,23.87
2018-03-21,24.55,24.86,25.99,24.26
2018-03-22,24.71,24.74,25.39,24.48
2018-03-23,23.24,22.27,23.84,22.27
2018-03-26,21.3,22.96,22.98,20.33
2018-03-27,23.31,24.44,24.48,23.02
2018-03-28,24.01,23.89,25.26,23.7
2018-03-29,24.06,24.63,24.71,23.83
2018-03-30,24.98,25.05,25.39,24.65
2018-04-02,25.5,25.1,25.7,24.68
2018-04-03,25.94,27.61,27.61,25.5
2018-04-04,29.5,28.44,30.37,28.3
2018-04-09,27.25,28.49,29.64,26.96
2018-04-10,27.95,26.8,28.21,26.01
2018-04-11,26.81,27.0,27.69,26.81
2018-04-12,26.89,27.11,27.83,26.71
2018-04-13,27.83,26.81,28.16,26.6
2018-04-16,26.34,26.1,26.68,25.65
2018-04-17,26.69,26.12,27.95,26.01
2018-04-18,25.79,26.74,26.78,24.0
2018-04-19,26.05,26.12,26.74,26.05
2018-04-20,25.93,24.13,25.93,23.88
2018-04-23,24.2,24.6,24.9,23.95
2018-04-24,24.59,25.45,25.79,24.41
2018-04-25,25.33,26.77,28.0,25.15
2018-04-26,26.63,25.53,26.67,25.4
2018-04-27,25.84,26.04,26.4,25.56
2018-05-02,26.05,25.27,26.23,25.01
2018-05-03,25.2,26.1,26.11,24.5
2018-05-04,26.01,25.7,26.36,25.6
2018-05-07,25.85,26.72,26.88,25.85
2018-05-08,26.73,26.95,26.97,26.37
2018-05-09,26.9,26.92,27.07,26.52
2018-05-10,26.93,27.47,27.5,26.8
2018-05-11,27.4,26.34,27.4,26.28
2018-05-14,26.12,25.99,27.1,25.91
2018-05-15,26.09,26.4,26.49,25.5
2018-05-16,26.19,25.9,26.37,25.72
2018-05-17,26.06,26.65,26.87,25.78
2018-05-18,26.5,27.41,27.49,26.36
2018-05-21,27.16,27.91,28.15,27.06
2018-05-22,28.0,28.35,28.98,27.42
2018-05-23,27.98,27.4,28.19,27.26
2018-05-24,27.49,28.26,28.7,27.42
2018-05-25,27.8,29.27,29.7,27.7
