date,open,close,high,low
2017-05-10,23.364,28.04,28.04,23.364
2017-05-11,30.846,30.846,30.846,30.846
2017-05-12,33.929,33.929,33.929,33.929
2017-05-15,37.327,37.327,37.327,37.327
2017-05-16,41.058,41.058,41.058,41.058
2017-05-17,45.162,45.162,45.162,45.162
2017-05-18,47.72,47.033,49.619,45.907
2017-05-19,42.834,42.328,44.656,42.328
2017-05-22,38.653,38.224,40.075,38.1
2017-05-23,37.861,37.107,39.111,36.639
2017-05-24,37.222,37.823,38.128,36.744
2017-05-25,37.432,35.16,37.699,34.358
2017-05-26,35.504,35.485,36.62,34.845
2017-05-31,36.744,35.971,38.606,35.905
2017-06-01,34.425,32.373,35.093,32.373
2017-06-02,31.495,35.609,35.609,31.495
2017-06-05,37.422,35.637,37.422,35.551
2017-06-06,34.807,34.721,35.122,34.082
2017-06-07,34.54,36.22,37.279,34.473
2017-06-08,35.733,35.599,36.601,34.692
2017-06-09,35.313,34.998,35.58,34.463
2017-06-12,33.977,32.478,34.263,32.402
2017-06-13,32.402,33.423,33.69,32.402
2017-06-14,33.576,33.06,33.576,32.621
2017-06-15,33.108,33.776,34.177,33.108
2017-06-16,33.614,33.27,33.786,33.08
2017-06-19,33.28,33.442,33.604,33.118
2017-06-20,33.709,33.499,33.977,33.318
2017-06-21,33.757,34.273,35.074,33.433
2017-06-22,34.034,33.423,34.168,32.936
2017-06-23,32.879,32.936,33.347,32.173
2017-06-26,32.927,33.242,33.299,32.516
2017-06-27,33.309,33.06,33.624,32.908
2017-06-28,33.032,32.278,33.032,32.202
2017-06-29,32.278,32.211,32.593,32.077
2017-06-30,31.925,32.383,32.831,31.6
2017-07-03,32.354,32.698,32.812,32.106
2017-07-04,32.707,32.306,32.707,32.24
2017-07-05,32.354,33.013,33.576,32.182
2017-07-06,32.87,33.337,33.528,32.812
2017-07-07,33.309,33.891,34.168,33.137
2017-07-10,33.49,32.545,33.576,32.259
2017-07-11,32.516,31.925,32.65,31.887
2017-07-12,32.163,31.925,32.163,31.152
2017-07-13,31.953,31.419,31.963,31.362
2017-07-14,31.39,31.457,31.839,31.276
2017-07-17,31.009,28.308,31.018,28.308
2017-07-18,28.327,28.603,28.89,28.021
2017-07-19,28.575,28.727,28.823,28.212
2017-07-20,28.699,28.374,29.042,28.346
2017-07-21,28.565,27.983,28.565,27.916
2017-07-24,27.821,28.136,28.46,27.391
2017-07-25,27.993,27.878,28.288,27.792
2017-07-26,27.888,27.468,28.155,27.277
2017-07-27,27.296,28.136,28.422,27.22
2017-07-28,28.107,27.697,28.193,27.687
2017-07-31,27.735,27.687,27.954,27.659
2017-08-01,27.773,27.725,27.869,27.353
2017-08-02,27.668,27.229,27.744,27.21
2017-08-03,27.2,27.363,27.668,27.057
2017-08-04,27.468,27.134,27.468,27.115
2017-08-07,27.344,27.401,27.649,27.181
2017-08-08,27.315,27.391,27.43,27.124
2017-08-09,27.315,27.525,27.563,27.296
2017-08-10,27.534,27.153,27.601,26.914
2017-08-11,26.885,26.704,27.057,26.628
2017-08-14,26.704,27.019,27.134,26.704
2017-08-15,27.019,27.2,27.248,26.819
2017-08-16,27.067,28.241,28.451,27.067
2017-08-17,28.25,30.178,30.827,27.888
2017-08-18,30.14,29.672,30.14,29.281
2017-08-21,29.691,31.133,31.448,29.081
2017-08-22,30.636,29.854,32.058,29.777
2017-08-23,29.796,28.957,30.312,28.88
2017-08-24,29.004,28.222,29.109,28.155
2017-08-25,28.174,28.594,28.785,28.174
2017-08-28,28.775,29.453,29.567,28.775
2017-08-29,29.3,29.491,30.321,29.243
2017-08-30,29.329,29.014,29.462,28.947
2017-08-31,29.138,29.949,29.968,28.995
2017-09-01,30.064,29.806,30.15,29.586
2017-09-04,29.644,29.558,29.987,29.443
2017-09-05,29.434,29.682,29.854,29.31
2017-09-06,29.596,29.3,29.634,28.995
2017-09-07,29.233,29.357,29.768,29.233
2017-09-08,29.357,29.548,29.701,29.205
2017-09-11,29.539,30.35,30.407,29.539
2017-09-12,30.407,29.901,30.407,29.758
2017-09-13,29.968,30.398,30.503,29.758
2017-09-14,30.398,30.006,30.503,29.825
2017-09-15,29.92,29.396,29.968,29.376
2017-09-18,29.214,29.386,29.491,29.014
2017-09-19,29.386,29.233,29.586,29.205
2017-09-20,29.233,29.606,29.663,29.214
2017-09-21,29.586,29.491,29.92,29.472
2017-09-22,29.424,29.491,29.548,28.957
2017-09-25,29.472,28.966,29.586,28.937
2017-09-26,28.937,28.107,29.109,27.888
2017-09-27,28.126,28.26,28.346,28.04
2017-09-28,28.384,28.021,28.546,27.974
2017-09-29,28.155,28.25,28.384,28.021
2017-10-09,28.613,28.813,29.109,28.537
2017-10-10,28.861,29.472,29.558,28.737
2017-10-11,29.462,29.176,29.634,29.1
2017-10-12,29.109,29.023,29.348,28.823
2017-10-13,29.109,29.596,29.663,28.937
2017-10-16,29.586,28.909,29.749,28.861
2017-10-17,28.871,29.443,29.73,28.756
2017-10-18,29.52,29.405,29.93,29.367
2017-10-19,28.832,28.689,29.09,28.642
2017-10-20,28.584,28.985,28.995,28.584
2017-10-23,28.985,29.195,29.233,28.852
2017-10-24,29.195,28.985,29.262,28.67
2017-10-25,28.918,31.887,31.887,28.832
2017-10-26,31.495,31.896,32.097,30.942
2017-10-27,31.4,30.923,31.657,30.827
2017-10-30,30.694,30.255,30.913,29.777
2017-10-31,30.235,32.688,33.28,30.235
2017-11-01,31.848,33.118,33.519,31.18
2017-11-02,32.335,32.211,33.06,31.915
2017-11-03,32.326,32.698,33.194,31.982
2017-11-06,32.889,32.44,33.232,31.972
2017-11-07,32.392,31.944,32.392,31.323
2017-11-08,31.839,31.61,32.163,31.495
2017-11-09,31.572,32.001,32.116,31.467
2017-11-10,32.163,32.65,32.965,31.734
2017-11-13,32.545,31.963,32.917,31.791
2017-11-14,32.144,30.827,32.24,30.77
2017-11-15,30.55,31.037,31.18,30.092
2017-11-16,30.741,30.064,31.018,30.025
2017-11-17,29.997,27.639,29.997,27.496
2017-11-20,27.744,27.935,28.25,27.2
2017-11-21,27.945,27.764,28.098,27.01
2017-11-22,27.725,27.534,28.031,27.248
2017-11-23,27.63,27.067,27.878,26.962
2017-11-24,26.914,27.029,27.525,26.8
2017-11-27,27.143,26.523,27.258,26.504
2017-11-28,26.532,26.914,26.962,26.494
2017-11-29,26.952,26.647,26.952,26.322
2017-11-30,26.676,27.382,27.63,26.676
2017-12-01,27.286,27.43,27.468,27.067
2017-12-04,27.277,26.151,27.41,26.132
2017-12-05,26.084,24.776,26.103,24.156
2017-12-06,24.767,25.311,25.349,24.433
2017-12-07,25.148,25.177,25.387,24.958
2017-12-08,25.292,25.607,25.864,25.177
2017-12-11,25.616,25.654,25.74,25.463
2017-12-12,25.683,24.795,25.759,24.738
2017-12-13,24.795,25.12,25.129,24.538
2017-12-14,25.139,24.986,25.148,24.729
2017-12-15,24.9,24.9,25.148,24.776
2017-12-18,24.986,24.958,25.053,24.814
2017-12-19,24.948,25.129,25.273,24.929
2017-12-20,25.263,24.862,25.263,24.843
2017-12-21,24.91,24.643,24.91,24.242
2017-12-22,24.729,24.891,24.939,24.585
2017-12-25,24.91,24.614,24.929,24.337
2017-12-26,24.671,25.454,25.683,24.604
2017-12-27,25.444,25.378,25.75,25.196
2017-12-28,25.559,25.616,25.979,25.349
2017-12-29,25.549,25.683,25.941,25.549
2018-01-02,25.769,26.055,26.103,25.769
2018-01-03,26.036,25.845,26.065,25.673
2018-01-04,25.931,25.922,26.017,25.683
2018-01-05,25.922,25.788,26.141,25.673
2018-01-08,25.759,25.635,25.788,25.273
2018-01-09,25.673,25.721,26.246,25.483
2018-01-10,25.673,24.996,25.721,24.872
2018-01-11,24.977,25.358,25.444,24.805
2018-01-12,25.368,25.168,25.435,24.977
2018-01-15,25.187,24.29,25.292,24.232
2018-01-16,24.318,24.767,24.853,24.299
2018-01-17,24.939,25.368,25.645,24.748
2018-01-18,25.483,25.626,25.654,25.282
2018-01-19,25.635,25.32,26.017,25.301
2018-01-22,25.444,25.253,25.444,24.767
2018-01-23,25.244,25.387,25.54,25.091
2018-01-24,25.444,25.645,25.759,25.301
2018-01-25,25.578,25.435,25.712,25.416
2018-01-26,25.444,25.778,25.922,25.129
2018-01-29,25.769,26.237,26.685,25.454
2018-01-30,25.95,25.692,26.055,25.635
2018-01-31,25.502,24.633,25.502,24.557
2018-02-01,24.643,23.707,24.919,23.669
2018-02-02,23.621,23.536,23.917,23.488
2018-02-05,23.24,23.45,23.669,23.24
2018-02-06,22.944,21.255,23.364,21.188
2018-02-07,21.932,21.474,21.932,21.006
2018-02-08,21.426,21.837,22.028,21.293
2018-02-09,20.997,21.36,21.465,20.816
2018-02-12,21.474,21.865,22.009,21.474
2018-02-13,22.075,21.779,22.199,21.76
2018-02-14,21.779,21.904,22.075,21.77
2018-02-22,21.875,22.171,22.285,21.875
2018-02-23,22.247,22.209,22.381,22.056
2018-02-26,22.581,22.81,22.867,22.428
2018-02-27,22.906,22.772,22.906,22.572
2018-02-28,22.619,22.677,22.829,22.295
2018-03-01,22.486,23.087,23.23,22.486
2018-03-02,22.887,22.934,23.211,22.791
2018-03-05,23.068,23.631,23.641,22.982
2018-03-06,23.631,24.299,24.328,23.631
2018-03-07,24.509,25.425,25.95,24.433
2018-03-08,24.814,24.7,25.082,23.86
2018-03-09,24.347,24.337,24.519,24.108
2018-03-12,24.385,24.356,24.547,24.28
2018-03-13,24.375,24.347,24.7,24.309
2018-03-14,24.337,23.688,24.337,23.65
2018-03-15,23.488,22.982,23.841,22.772
2018-03-16,23.049,23.116,23.306,22.982
2018-03-19,23.116,23.373,23.459,23.077
2018-03-20,23.192,23.545,23.564,23.077
2018-03-21,23.574,23.354,23.841,23.306
2018-03-22,23.383,23.411,23.669,23.144
2018-03-23,22.581,21.779,23.068,21.493
2018-03-26,21.751,22.085,22.123,21.197
2018-03-27,22.285,23.602,23.908,22.238
2018-03-28,23.097,23.106,23.669,22.81
2018-03-29,23.373,23.259,23.459,23.125
2018-03-30,23.373,23.497,23.65,23.287
2018-04-02,23.497,23.555,23.736,23.469
2018-04-03,23.173,23.116,23.24,22.925
2018-04-04,23.163,23.211,23.669,23.087
2018-04-09,22.953,24.06,24.328,22.953
2018-04-10,23.889,23.841,24.06,23.536
2018-04-11,24.356,24.185,25.282,24.175
2018-04-12,24.318,24.977,25.273,24.194
2018-04-13,24.719,24.69,25.005,24.442
2018-04-16,24.69,24.643,24.795,24.051
2018-04-17,24.757,24.051,24.805,23.889
2018-04-18,23.84,22.97,23.84,22.03
2018-04-19,22.92,22.47,23.09,22.42
2018-04-20,22.58,21.83,22.58,21.8
2018-04-23,21.52,22.01,22.08,21.52
2018-04-24,22.15,22.47,22.64,21.88
2018-04-25,22.3,22.7,22.99,22.26
2018-04-26,22.54,21.91,22.68,21.89
2018-04-27,21.99,21.91,22.17,21.9
2018-05-02,21.65,21.02,21.7,20.9
2018-05-03,20.95,21.28,21.29,20.78
2018-05-04,21.28,22.19,22.39,21.08
2018-05-07,21.7,22.03,22.17,21.7
2018-05-08,22.05,22.03,22.3,21.92
2018-05-09,22.15,22.23,22.28,21.85
2018-05-10,22.21,22.35,22.47,22.03
2018-05-11,22.34,21.84,22.4,21.8
2018-05-14,22.0,21.48,22.0,21.41
2018-05-15,21.68,21.8,21.88,21.3
2018-05-16,21.7,21.57,21.82,21.46
2018-05-17,21.45,21.62,21.69,21.38
2018-05-18,21.61,21.9,21.93,21.45
2018-05-21,21.99,22.23,22.39,21.96
2018-05-22,22.15,22.43,22.5,22.02
2018-05-23,22.32,22.35,22.8,22.22
2018-05-24,24.58,24.59,24.59,24.58
2018-05-25,27.05,27.05,27.05,26.5
