date,open,close,high,low
2016-11-11,5.338,6.406,6.406,5.338
2016-11-14,7.048,7.048,7.048,7.048
2016-11-15,7.751,7.751,7.751,7.751
2016-11-16,8.524,8.524,8.524,8.524
2016-11-17,9.379,9.379,9.379,9.379
2016-11-18,10.316,10.316,10.316,10.316
2016-11-21,11.351,11.351,11.351,11.351
2016-11-22,12.489,12.489,12.489,12.489
2016-11-23,13.737,13.737,13.737,13.737
2016-11-24,15.109,15.109,15.109,15.109
2016-11-25,16.619,16.619,16.619,16.619
2016-11-28,18.281,18.281,18.281,18.281
2016-11-29,20.109,20.109,20.109,20.109
2016-11-30,22.122,22.122,22.122,22.122
2016-12-01,24.336,24.336,24.336,24.336
2016-12-02,25.819,26.77,26.77,25.55
2016-12-05,28.687,25.37,28.756,25.026
2016-12-06,24.584,25.605,26.653,24.412
2016-12-07,25.322,25.005,25.432,23.86
2016-12-08,24.757,27.508,27.508,24.688
2016-12-09,26.481,25.122,26.55,24.929
2016-12-12,24.619,22.612,24.619,22.612
2016-12-13,21.722,22.019,22.881,21.102
2016-12-14,21.709,21.316,22.502,21.067
2016-12-15,21.378,21.819,22.322,21.378
2016-12-16,21.653,22.074,22.274,21.391
2016-12-19,21.833,21.316,21.978,21.122
2016-12-20,21.178,21.081,21.585,20.902
2016-12-21,21.171,20.84,21.302,20.24
2016-12-22,20.709,20.619,20.819,20.35
2016-12-23,20.467,19.012,20.571,18.902
2016-12-26,18.626,19.605,19.778,18.412
2016-12-27,19.509,19.405,19.847,19.274
2016-12-28,19.309,18.888,19.426,18.771
2016-12-29,18.764,18.957,19.433,18.619
2016-12-30,18.93,18.93,19.164,18.743
2017-01-03,18.985,19.536,19.543,18.902
2017-01-04,19.516,19.398,19.516,19.24
2017-01-05,19.447,19.005,19.674,18.978
2017-01-06,18.826,17.95,18.909,17.93
2017-01-09,17.902,18.309,18.599,17.737
2017-01-10,18.281,17.75,18.564,17.709
2017-01-11,17.619,17.288,17.923,17.281
2017-01-12,17.337,17.475,17.812,17.178
2017-01-13,17.447,17.44,17.543,16.909
2017-01-16,17.378,16.688,17.647,15.971
2017-01-17,16.557,18.357,18.357,16.054
2017-01-18,18.964,18.33,19.792,18.012
2017-01-19,17.695,18.109,19.261,17.15
2017-01-20,17.516,18.226,18.799,17.468
2017-01-23,18.247,18.778,19.143,18.143
2017-01-24,18.599,18.074,18.895,18.033
2017-01-25,17.826,18.247,18.343,17.757
2017-01-26,18.247,18.309,18.412,18.047
2017-02-03,18.309,18.24,18.516,17.93
2017-02-06,18.35,19.102,19.157,18.35
2017-02-07,19.164,18.923,19.164,18.716
2017-02-08,18.805,19.461,19.502,18.612
2017-02-09,19.488,19.192,19.812,19.109
2017-02-10,19.123,18.405,19.123,18.357
2017-02-13,18.24,18.592,18.867,18.24
2017-02-14,18.337,18.812,18.923,18.295
2017-02-15,18.895,18.992,19.502,18.826
2017-02-16,18.73,18.564,18.826,18.323
2017-02-17,18.474,17.93,18.826,17.861
2017-02-20,17.861,17.619,17.861,17.254
2017-02-21,17.585,17.861,17.909,17.481
2017-02-22,17.923,17.743,17.964,17.585
2017-02-23,17.633,18.102,18.24,17.543
2017-02-24,18.178,18.826,19.136,18.04
2017-02-27,18.605,18.433,18.985,18.357
2017-02-28,18.447,18.736,18.812,18.385
2017-03-01,18.743,18.716,18.95,18.55
2017-03-02,18.716,18.612,18.84,18.399
2017-03-03,18.405,18.35,18.447,18.164
2017-03-06,18.474,19.164,19.447,18.343
2017-03-07,19.054,19.405,19.447,18.833
2017-03-08,19.419,19.626,19.805,19.323
2017-03-09,19.626,19.385,19.64,19.033
2017-03-10,19.35,19.585,19.998,19.274
2017-03-13,19.44,19.888,19.902,18.833
2017-03-14,19.936,19.84,20.129,19.729
2017-03-15,19.55,19.55,19.75,19.33
2017-03-16,19.647,20.605,20.991,19.64
2017-03-17,20.467,20.026,20.619,19.998
2017-03-20,19.867,20.281,20.295,19.729
2017-03-21,20.316,20.392,20.426,20.067
2017-03-22,20.067,20.543,20.812,19.916
2017-03-23,20.585,20.812,20.881,19.916
2017-03-24,20.674,20.605,20.978,20.557
2017-03-27,20.343,20.054,20.467,19.847
2017-03-28,19.909,19.481,20.309,19.364
2017-03-29,19.392,18.219,19.536,18.178
2017-03-30,17.895,17.509,18.012,17.378
2017-03-31,17.537,17.578,17.833,17.378
2017-04-05,17.84,18.337,18.599,17.454
2017-04-06,18.185,18.268,18.612,18.185
2017-04-07,18.268,17.909,18.33,17.854
2017-04-10,17.916,18.35,18.412,16.812
2017-04-11,17.985,18.323,18.385,17.737
2017-04-12,18.688,18.461,18.757,17.93
2017-04-13,18.895,18.461,18.895,18.178
2017-04-14,18.226,18.764,19.033,17.985
2017-04-17,18.261,18.233,18.488,17.93
2017-04-18,18.24,17.764,18.778,17.695
2017-04-19,17.412,17.268,17.495,16.84
2017-04-20,17.268,17.654,17.93,16.578
2017-04-21,17.288,16.702,17.309,16.661
2017-04-24,16.695,15.22,16.695,15.033
2017-04-25,15.275,14.647,15.378,14.344
2017-04-26,14.62,14.585,14.751,14.371
2017-04-27,14.268,14.813,14.923,14.006
2017-04-28,14.626,14.689,14.813,14.606
2017-05-02,14.778,14.523,14.778,14.502
2017-05-03,14.544,14.923,14.937,14.489
2017-05-04,14.84,15.957,16.268,14.757
2017-05-05,15.792,16.895,17.212,15.695
2017-05-08,16.481,16.978,17.357,15.93
2017-05-09,16.744,17.612,17.633,16.695
2017-05-10,17.53,17.992,18.054,17.419
2017-05-11,17.785,19.398,19.523,17.785
2017-05-12,19.619,20.123,20.654,19.619
2017-05-15,20.605,20.419,20.605,19.936
2017-05-16,20.426,20.357,20.585,20.171
2017-05-17,20.343,19.861,20.66,19.723
2017-05-18,19.309,19.929,20.302,19.295
2017-05-19,19.936,19.861,20.116,19.626
2017-05-22,19.688,17.874,19.861,17.874
2017-05-23,16.088,16.088,16.088,16.088
2017-05-24,14.482,14.482,14.482,14.482
2017-05-25,13.033,14.068,14.482,13.033
2017-05-26,13.268,13.061,13.447,12.999
2017-05-31,13.302,12.889,13.44,12.813
2017-06-01,12.489,11.599,12.613,11.599
2017-06-02,11.282,11.647,11.813,10.606
2017-06-05,11.675,11.64,11.827,11.516
2017-06-06,11.613,12.261,12.378,11.399
2017-06-07,12.137,12.502,12.627,12.109
2017-06-08,12.434,12.234,12.537,12.192
2017-06-09,12.234,12.027,12.337,11.806
2017-06-12,11.944,11.606,11.972,11.509
2017-06-13,11.599,12.254,12.268,11.599
2017-06-14,12.254,12.502,12.758,12.137
2017-06-15,12.406,12.627,12.73,12.406
2017-06-16,12.702,12.558,12.758,12.475
2017-06-19,12.402,12.381,12.572,12.31
2017-06-20,12.466,12.338,12.601,12.303
2017-06-21,12.388,12.182,12.509,12.076
2017-06-22,12.197,11.807,12.303,11.7
2017-06-23,11.899,11.672,11.948,11.459
2017-06-26,11.608,11.814,11.913,11.58
2017-06-27,11.835,11.927,12.026,11.778
2017-06-28,11.899,11.679,11.92,11.629
2017-06-29,11.651,11.714,11.799,11.651
2017-06-30,11.672,11.835,11.927,11.672
2017-07-03,11.906,11.948,11.998,11.778
2017-07-04,11.92,12.005,12.119,11.913
2017-07-05,12.005,12.182,12.225,11.963
2017-07-06,12.168,12.09,12.225,11.977
2017-07-07,12.069,13.303,13.303,12.069
2017-07-10,13.303,13.033,13.381,12.693
2017-07-11,12.778,12.572,12.969,12.523
2017-07-12,12.587,12.92,12.984,12.267
2017-07-13,12.707,12.906,13.203,12.608
2017-07-14,12.821,12.615,12.891,12.565
2017-07-17,12.431,11.353,12.509,11.353
2017-07-18,10.991,11.268,11.395,10.991
2017-07-19,11.239,11.48,11.558,11.204
2017-07-20,11.452,11.346,11.7,11.275
2017-07-21,11.331,11.36,11.53,11.282
2017-07-24,11.331,11.445,11.544,11.048
2017-07-25,11.445,11.516,11.608,11.36
2017-07-26,11.509,11.402,11.551,11.324
2017-07-27,11.402,11.757,11.785,11.31
2017-07-28,11.693,11.665,11.743,11.565
2017-07-31,11.615,11.693,11.757,11.615
2017-08-01,11.679,11.658,11.736,11.544
2017-08-02,11.665,11.353,11.707,11.353
2017-08-03,11.282,11.551,11.7,11.282
2017-08-04,11.537,11.431,11.622,11.381
2017-08-07,11.438,11.48,11.587,11.438
2017-08-08,11.523,11.473,11.53,11.367
2017-08-09,11.452,11.395,11.53,11.353
2017-08-10,11.438,11.19,11.438,11.14
2017-08-11,11.119,11.034,11.225,10.998
2017-08-14,11.055,11.211,11.246,11.034
2017-08-15,11.225,11.707,12.026,11.225
2017-08-16,11.587,11.7,11.792,11.459
2017-08-17,11.7,11.729,11.785,11.615
2017-08-18,11.615,11.636,11.672,11.551
2017-08-21,11.629,11.842,11.877,11.594
2017-08-22,11.771,11.785,11.998,11.721
2017-08-23,11.693,11.906,11.97,11.573
2017-12-12,12.601,11.757,12.608,10.849
2017-12-13,11.346,10.885,11.346,10.814
2017-12-14,10.637,10.452,10.658,10.36
2017-12-15,10.36,10.325,10.509,10.247
2017-12-18,10.247,10.247,10.41,10.069
2017-12-19,10.268,10.247,10.339,10.183
2017-12-20,10.282,10.161,10.41,10.112
2017-12-21,10.204,9.715,10.204,9.679
2017-12-22,9.665,9.559,9.779,9.552
2017-12-25,9.509,9.112,9.537,9.006
2017-12-26,9.084,9.339,9.41,9.027
2017-12-27,9.296,9.296,9.389,9.275
2017-12-28,9.247,9.445,9.679,9.247
2017-12-29,9.431,9.523,9.545,9.396
2018-01-02,9.545,9.63,9.665,9.459
2018-01-03,9.644,9.623,9.679,9.509
2018-01-04,9.615,9.821,10.041,9.608
2018-01-05,9.8,9.722,9.828,9.686
2018-01-08,9.764,9.849,9.899,9.566
2018-01-09,9.849,9.701,9.849,9.651
2018-01-10,9.701,9.736,9.779,9.495
2018-01-11,9.736,9.722,9.771,9.672
2018-01-12,9.736,9.573,9.736,9.53
2018-01-15,9.608,9.126,9.679,9.006
2018-01-16,9.162,9.24,9.325,9.084
2018-01-17,9.254,9.374,9.502,9.176
2018-01-18,9.289,9.552,9.686,9.289
2018-01-19,9.53,9.438,9.651,9.396
2018-01-22,9.36,9.374,9.502,9.24
2018-01-23,9.311,9.552,9.715,9.311
2018-01-24,9.537,9.523,9.559,9.367
2018-01-25,9.516,9.559,9.637,9.474
2018-01-26,9.615,9.424,9.63,9.381
2018-01-29,9.495,9.282,9.495,9.254
2018-01-30,9.303,9.275,9.381,9.147
2018-01-31,9.268,8.679,9.268,8.573
2018-02-01,8.701,7.956,8.757,7.942
2018-02-02,7.907,7.658,8.048,7.517
2018-02-05,7.651,7.687,7.765,7.524
2018-02-06,7.609,7.077,7.708,7.07
2018-02-07,7.29,7.205,7.304,6.935
2018-02-08,7.205,7.439,7.467,7.169
2018-02-09,7.318,7.233,7.403,7.127
2018-02-12,7.446,7.956,7.956,7.375
2018-02-13,8.297,7.836,8.431,7.829
2018-02-14,7.758,7.736,7.793,7.658
2018-02-22,7.765,7.751,7.907,7.68
2018-02-23,7.701,7.807,7.829,7.701
2018-02-26,7.942,8.077,8.105,7.871
2018-02-27,8.084,8.885,8.885,8.055
2018-02-28,9.077,9.055,9.431,8.921
2018-03-01,8.807,9.133,9.325,8.694
2018-03-02,9.006,8.807,9.055,8.722
2018-03-05,8.722,8.85,8.906,8.708
2018-03-06,8.899,9.069,9.147,8.757
2018-03-07,9.041,8.921,9.041,8.793
2018-03-08,8.899,9.027,9.048,8.828
2018-03-09,9.027,9.211,9.474,8.991
2018-03-12,9.537,9.481,9.644,9.381
2018-03-13,9.396,9.474,9.537,9.353
2018-03-14,9.41,9.8,9.849,9.389
2018-03-15,9.651,9.637,9.779,9.467
2018-03-16,9.686,9.467,9.686,9.431
2018-03-19,9.367,9.417,9.537,9.318
2018-03-20,9.247,9.318,9.445,9.247
2018-03-21,9.346,9.438,9.665,9.346
2018-03-22,9.374,9.786,10.041,9.374
2018-03-23,9.467,9.573,9.786,8.871
2018-03-26,9.381,9.984,10.055,9.155
2018-03-27,10.034,10.218,10.282,9.857
2018-03-28,10.332,10.261,10.339,9.942
2018-03-29,10.218,10.367,10.629,10.076
2018-03-30,10.232,10.254,10.388,10.14
2018-04-02,10.254,10.247,10.317,10.041
2018-04-03,10.183,10.275,10.637,10.069
2018-04-04,10.204,10.381,10.452,10.19
2018-04-09,10.374,10.842,10.849,10.268
2018-04-10,10.842,10.771,11.083,10.637
2018-04-11,10.743,10.778,10.835,10.53
2018-04-12,10.814,10.963,10.97,10.722
2018-04-13,10.934,10.601,11.027,10.594
2018-04-16,10.573,10.729,10.778,10.19
2018-04-17,10.637,10.629,10.871,10.445
2018-04-18,10.729,10.707,10.778,10.367
2018-04-19,10.785,10.793,11.019,10.566
2018-04-20,10.785,10.715,10.906,10.58
2018-04-23,10.722,10.481,10.878,10.466
2018-04-24,10.481,10.551,10.679,10.445
2018-04-25,10.566,10.544,10.707,10.367
2018-04-26,10.629,10.339,10.665,10.296
2018-04-27,10.332,10.048,10.495,9.949
2018-05-02,10.069,9.871,10.119,9.779
2018-05-03,9.984,9.949,10.005,9.764
2018-05-04,9.949,9.942,10.041,9.935
2018-05-07,9.942,10.211,10.275,9.942
2018-05-08,10.161,10.14,10.275,10.069
2018-05-09,10.076,9.963,10.105,9.871
2018-05-10,9.906,10.374,10.403,9.878
2018-05-11,10.466,10.254,10.736,10.218
2018-05-14,9.935,10.076,10.367,9.935
2018-05-15,10.119,10.239,10.325,10.02
2018-05-16,10.29,10.27,10.85,10.11
2018-05-17,10.18,9.97,10.29,9.96
2018-05-18,10.09,9.97,10.1,9.9
2018-05-21,10.07,10.19,10.21,10.0
2018-05-22,10.24,10.13,10.28,10.06
2018-05-23,10.19,10.16,10.38,10.13
2018-05-24,10.16,9.92,10.19,9.83
2018-05-25,9.92,9.61,9.95,9.51
