date,open,close,high,low
2017-03-08,12.73,15.28,15.28,12.73
2017-03-09,16.81,16.81,16.81,16.81
2017-03-10,18.49,18.49,18.49,18.49
2017-03-13,20.34,20.34,20.34,20.34
2017-03-14,22.37,22.37,22.37,22.37
2017-03-15,24.61,24.61,24.61,24.61
2017-03-16,27.07,27.07,27.07,27.07
2017-03-17,29.78,29.78,29.78,29.78
2017-03-20,32.76,32.76,32.76,32.76
2017-03-21,36.04,36.04,36.04,36.04
2017-03-22,39.64,39.64,39.64,39.64
2017-03-23,43.6,43.6,43.6,43.6
2017-03-24,47.96,47.96,47.96,47.96
2017-03-27,52.76,52.76,52.76,52.76
2017-03-28,58.04,58.04,58.04,58.04
2017-03-29,63.84,63.84,63.84,63.84
2017-03-30,60.66,58.53,68.88,57.46
2017-03-31,56.04,52.68,58.04,52.68
2017-04-05,51.81,54.19,54.59,51.81
2017-04-06,53.88,55.04,56.98,53.22
2017-04-07,55.29,54.72,56.6,54.2
2017-04-10,54.6,49.25,54.6,49.25
2017-04-11,49.07,49.9,50.27,47.54
2017-04-12,49.3,48.11,49.69,47.71
2017-04-13,48.2,48.55,49.27,48.03
2017-04-14,48.07,47.98,48.97,47.62
2017-04-17,45.58,43.18,45.7,43.18
2017-04-18,42.8,41.97,43.8,41.9
2017-04-19,41.99,43.76,43.99,41.32
2017-04-20,43.38,42.93,43.99,42.22
2017-04-21,42.81,42.71,43.31,42.03
2017-04-24,42.7,42.29,42.97,41.22
2017-04-25,42.43,42.54,43.2,42.36
2017-04-26,42.13,42.75,43.39,41.76
2017-04-27,42.52,44.45,44.68,41.25
2017-04-28,44.09,44.13,44.49,43.73
2017-05-02,44.12,42.97,44.2,42.85
2017-05-03,42.88,43.49,43.61,42.5
2017-05-04,43.46,42.62,43.46,42.0
2017-05-05,42.4,42.22,43.37,42.03
2017-05-08,42.03,41.19,42.37,40.9
2017-05-09,40.62,41.19,41.44,40.16
2017-05-10,41.36,40.52,41.99,40.1
2017-05-11,40.8,40.5,40.8,38.22
2017-05-12,40.42,40.67,40.98,40.01
2017-05-15,40.89,40.6,40.89,40.4
2017-05-16,40.39,41.49,41.68,39.62
2017-05-17,41.57,41.91,42.69,41.33
2017-05-18,41.42,42.99,43.46,41.2
2017-05-19,43.0,42.56,43.38,41.53
2017-05-22,42.46,38.81,42.46,38.5
2017-05-23,38.5,35.87,38.85,35.81
2017-05-24,34.7,36.22,36.5,34.7
2017-05-25,36.0,35.94,36.27,34.75
2017-05-26,35.89,36.74,37.02,35.56
2017-05-31,38.0,37.16,38.55,36.8
2017-06-01,36.8,34.3,36.8,34.08
2017-06-02,34.01,35.31,35.69,33.95
2017-06-05,36.2,37.7,38.79,35.51
2017-06-06,37.3,38.71,38.82,36.9
2017-06-07,38.6,40.21,41.58,38.38
2017-06-08,40.22,40.69,41.37,40.1
2017-06-09,40.13,40.97,41.05,40.11
2017-06-12,40.16,39.0,40.35,38.71
2017-06-13,38.95,41.42,41.52,38.95
2017-06-14,41.0,42.38,42.96,40.71
2017-06-15,41.95,43.42,44.36,41.95
2017-06-16,43.22,41.73,43.3,41.51
2017-06-19,41.73,41.66,41.86,41.1
2017-06-20,42.1,43.03,43.26,40.6
2017-06-21,43.68,42.89,43.68,40.78
2017-06-22,42.7,39.6,42.7,39.39
2017-06-23,38.6,39.17,40.08,36.5
2017-06-26,38.4,39.17,39.96,38.0
2017-06-27,38.99,41.16,43.09,38.66
2017-06-28,40.86,40.67,41.96,39.91
2017-06-29,40.68,39.64,40.81,39.1
2017-06-30,40.97,40.24,40.97,39.03
2017-07-03,40.1,39.68,40.1,39.0
2017-07-04,39.66,40.35,40.45,39.3
2017-07-05,40.01,40.96,41.27,40.01
2017-07-06,41.15,44.76,45.06,40.71
2017-07-07,44.1,42.87,44.24,41.97
2017-07-10,42.02,42.29,42.5,41.51
2017-07-11,42.19,43.0,43.27,41.1
2017-07-12,42.77,42.9,43.25,42.2
2017-07-13,43.1,42.78,44.16,42.03
2017-07-14,42.8,42.61,43.15,42.4
2017-07-17,41.62,38.35,43.09,38.35
2017-07-18,36.52,34.52,37.0,34.52
2017-07-19,33.02,34.23,34.56,33.02
2017-07-20,34.11,36.42,36.69,33.3
2017-07-21,35.22,34.68,35.57,34.62
2017-07-24,34.5,34.1,34.65,33.05
2017-07-25,34.29,34.47,34.98,33.92
2017-07-26,34.21,34.4,34.87,33.83
2017-07-27,34.09,35.6,36.0,33.72
2017-07-28,35.5,34.71,35.69,34.68
2017-07-31,34.71,34.91,35.32,34.19
2017-08-01,34.9,34.92,35.18,34.56
2017-08-02,34.9,34.72,34.9,33.44
2017-08-03,34.8,35.02,35.49,34.3
2017-08-04,35.0,34.99,35.39,34.82
2017-08-07,35.1,36.83,36.95,34.88
2017-08-08,36.88,38.66,38.98,36.65
2017-08-09,38.67,38.02,38.76,37.6
2017-08-10,38.1,38.1,38.42,37.4
2017-08-11,38.2,37.85,38.2,36.35
2017-08-14,37.8,38.44,38.72,37.53
2017-08-15,38.88,38.63,39.16,38.4
2017-08-16,38.43,40.32,40.81,37.99
2017-08-17,40.12,37.48,42.5,36.29
2017-08-18,33.73,35.27,36.41,33.73
2017-08-21,34.52,34.84,34.98,34.4
2017-08-22,34.77,34.53,34.92,34.44
2017-08-23,34.5,34.14,34.51,33.81
2017-08-24,34.0,33.88,34.44,33.79
2017-08-25,33.96,34.22,34.49,33.82
2017-08-28,34.22,35.26,35.69,34.22
2017-08-29,35.25,35.27,35.87,35.0
2017-08-30,35.25,35.2,35.35,34.8
2017-08-31,35.22,35.88,36.15,35.22
2017-09-01,35.8,35.92,36.48,35.56
2017-09-04,35.98,35.1,36.2,35.02
2017-09-05,35.15,35.25,35.4,35.0
2017-09-06,35.29,34.93,35.29,34.67
2017-09-07,34.91,35.25,35.6,34.88
2017-09-08,35.29,36.73,36.96,35.1
2017-09-11,36.52,36.82,37.45,36.38
2017-09-12,36.77,36.44,36.77,35.91
2017-09-13,36.3,36.2,36.5,35.91
2017-09-14,36.22,36.25,36.66,35.96
2017-09-15,36.25,35.65,36.34,35.52
2017-09-18,35.53,35.89,35.95,35.53
2017-09-19,35.99,35.74,36.27,35.7
2017-09-20,35.74,35.91,36.0,35.26
2017-09-21,35.9,35.41,35.99,35.38
2017-09-22,35.53,35.6,35.77,35.11
2017-09-25,35.5,36.14,36.58,35.02
2017-09-26,35.81,35.78,36.36,35.0
2017-09-27,35.78,37.53,37.75,35.71
2017-09-28,37.5,37.61,37.89,36.89
2017-09-29,37.3,36.03,37.94,36.01
2017-10-09,36.35,35.98,36.42,35.36
2017-10-10,35.9,36.67,36.8,35.71
2017-10-11,36.49,36.3,36.8,36.03
2017-10-12,36.2,36.37,36.58,36.03
2017-10-13,36.44,36.9,37.09,36.21
2017-10-16,37.08,35.13,37.09,35.1
2017-10-17,35.01,35.57,35.85,34.8
2017-10-18,35.57,34.4,35.62,34.01
2017-10-19,34.31,33.56,34.43,33.5
2017-10-20,33.69,34.07,34.29,33.55
2017-10-23,34.06,34.29,34.49,34.0
2017-10-24,34.3,34.3,34.39,33.66
2017-10-25,34.3,35.1,35.45,34.29
2017-10-26,35.18,35.39,35.59,34.8
2017-10-27,35.26,35.83,36.7,35.26
2017-10-30,35.51,33.98,35.98,33.88
2017-10-31,33.97,34.52,34.58,33.88
2017-11-01,34.49,35.02,35.16,34.33
2017-11-02,35.13,34.63,35.13,34.2
2017-11-03,34.71,34.4,34.95,34.24
2017-11-06,34.84,34.82,34.9,34.49
2017-11-07,34.82,34.91,35.5,34.53
2017-11-08,34.91,35.03,35.46,34.75
2017-11-09,34.95,35.41,35.56,34.87
2017-11-10,35.3,35.22,35.48,35.05
2017-11-13,35.3,35.43,35.76,35.16
2017-11-14,35.43,36.01,36.2,35.26
2017-11-15,35.8,35.52,36.2,35.21
2017-11-16,35.46,34.28,35.47,34.2
2017-11-17,34.23,33.41,34.43,32.86
2017-11-20,32.51,33.45,33.5,32.51
2017-11-21,33.42,32.81,33.42,32.61
2017-11-22,33.15,33.08,33.15,32.63
2017-11-23,33.25,32.18,33.25,32.1
2017-11-24,32.1,31.84,32.36,31.71
2017-11-27,31.84,30.92,32.0,30.8
2017-11-28,31.18,31.22,31.5,30.8
2017-11-29,31.3,30.29,31.3,29.82
2017-11-30,30.39,30.23,30.5,30.03
2017-12-01,30.08,30.35,30.51,30.04
2017-12-04,30.34,28.33,30.35,28.3
2017-12-05,28.17,26.65,28.49,26.48
2017-12-06,26.78,27.32,27.59,26.5
2017-12-07,27.35,27.13,27.37,27.03
2017-12-08,27.28,27.78,27.95,27.05
2017-12-11,28.01,28.3,28.4,27.62
2017-12-12,28.19,27.92,28.19,27.55
2017-12-13,27.99,28.74,28.79,27.72
2017-12-14,28.16,28.11,28.64,27.9
2017-12-15,27.91,27.86,28.01,27.3
2017-12-18,27.95,28.9,28.95,27.72
2017-12-19,28.99,28.35,29.05,28.29
2017-12-20,28.36,27.72,28.47,27.45
2017-12-21,27.7,27.47,27.93,26.73
2017-12-22,27.38,27.44,27.78,27.11
2017-12-25,27.68,26.89,27.68,26.52
2017-12-26,26.91,27.61,27.77,26.66
2017-12-27,27.62,27.67,27.88,27.41
2017-12-28,27.45,27.85,28.1,27.42
2017-12-29,27.98,28.16,28.24,27.79
2018-01-02,28.2,28.12,28.3,28.0
2018-01-03,28.23,28.12,28.23,27.71
2018-01-04,28.12,28.19,28.29,27.92
2018-01-05,28.17,28.11,28.36,27.9
2018-01-08,28.1,27.9,28.11,27.5
2018-01-09,27.91,27.9,28.02,27.64
2018-01-10,27.96,27.3,28.04,27.01
2018-01-11,27.4,28.49,28.79,27.3
2018-01-12,28.26,28.27,28.69,28.21
2018-01-15,28.05,27.09,28.23,26.7
2018-01-16,27.05,27.68,27.98,27.0
2018-01-17,27.52,28.31,28.4,27.52
2018-01-18,28.5,28.83,28.86,28.25
2018-01-19,28.84,28.26,28.97,28.08
2018-01-22,28.18,28.11,28.49,27.3
2018-01-23,28.41,28.23,28.5,28.03
2018-01-24,28.4,28.69,28.75,28.16
2018-01-25,28.61,27.98,28.93,27.82
2018-01-26,27.99,27.63,27.99,27.53
2018-01-29,27.7,27.33,27.76,27.2
2018-01-30,27.33,27.31,27.5,27.18
2018-01-31,27.31,26.05,27.31,26.0
2018-02-01,26.02,24.58,26.23,24.11
2018-02-02,24.5,23.64,24.5,22.25
2018-02-05,23.3,23.13,23.8,22.59
2018-02-06,22.53,20.89,23.06,20.82
2018-02-07,21.39,21.86,22.15,20.01
2018-02-08,21.45,21.87,22.27,21.45
2018-02-09,21.37,20.65,21.5,20.0
2018-02-12,20.76,21.65,21.79,20.76
2018-02-13,21.95,22.03,22.22,21.51
2018-02-14,21.79,21.87,22.26,21.46
2018-02-22,21.61,22.03,22.19,21.61
2018-02-23,22.1,22.11,22.2,21.83
2018-02-26,22.15,22.95,23.29,22.15
2018-02-27,22.64,22.91,23.04,22.64
2018-02-28,22.91,22.78,22.91,22.41
2018-03-01,22.86,23.16,23.19,22.66
2018-03-02,23.0,22.64,23.08,22.49
2018-03-05,22.5,22.89,22.92,22.48
2018-03-06,23.12,23.33,23.59,22.84
2018-03-07,23.39,24.48,25.66,23.11
2018-03-08,23.99,24.28,24.35,23.65
2018-03-09,24.09,24.33,24.57,23.83
2018-03-12,24.34,24.59,24.87,24.34
2018-03-13,24.52,24.18,24.72,24.06
2018-03-14,24.08,23.86,24.27,23.8
2018-03-15,23.72,22.93,23.79,22.21
2018-03-16,23.06,22.73,23.19,22.7
2018-03-19,22.78,23.2,23.47,22.73
2018-03-20,23.11,23.47,23.62,22.72
2018-03-21,23.62,23.63,24.46,23.49
2018-03-22,23.7,24.07,24.28,23.58
2018-03-23,23.6,22.01,23.6,21.73
2018-03-26,22.04,22.74,22.78,21.2
2018-03-27,22.77,23.98,24.15,22.77
2018-03-28,23.65,24.51,25.8,23.62
2018-03-29,24.53,24.55,24.79,24.25
2018-03-30,24.78,25.24,25.52,24.5
2018-04-02,24.91,25.13,25.69,24.83
2018-04-03,24.97,24.74,24.97,24.52
2018-04-04,24.9,25.05,25.61,24.75
2018-04-09,24.9,25.42,25.62,24.62
2018-04-10,25.41,25.45,25.99,25.0
2018-04-11,25.59,27.2,27.49,25.55
2018-04-12,26.77,26.98,27.2,26.62
2018-04-13,27.12,26.48,27.5,26.23
2018-04-16,26.3,27.39,27.48,25.9
2018-04-17,27.0,26.7,27.91,26.6
2018-04-18,27.0,27.69,27.91,25.25
2018-04-19,27.74,27.09,27.74,26.98
2018-04-20,27.09,25.99,27.09,25.88
2018-04-23,25.96,25.66,26.49,25.5
2018-04-24,25.7,27.25,27.44,25.66
2018-04-25,26.7,26.37,26.7,26.02
2018-04-26,26.49,25.65,26.76,25.51
2018-04-27,25.56,25.8,25.95,25.56
2018-05-02,25.8,24.36,25.8,24.1
2018-05-03,24.6,24.95,25.0,24.1
2018-05-04,24.95,25.11,25.43,24.4
2018-05-07,24.7,25.87,25.91,24.7
2018-05-08,25.85,27.11,27.16,25.8
2018-05-09,27.11,27.18,27.34,26.64
2018-05-10,27.35,27.0,27.45,26.73
2018-05-11,27.0,26.42,27.08,26.31
2018-05-14,26.79,26.35,26.79,26.08
2018-05-15,26.58,26.95,26.95,26.32
2018-05-16,26.48,26.99,27.5,26.48
2018-05-17,26.7,27.18,27.33,26.7
2018-05-18,27.26,27.69,27.87,26.9
2018-05-21,27.7,27.74,27.79,27.14
2018-05-22,27.74,28.13,28.44,27.5
2018-05-23,28.13,27.46,28.28,27.31
2018-05-24,27.25,27.9,27.91,27.25
2018-05-25,28.12,27.68,28.16,27.4
