date,open,close,high,low
2016-01-29,21.202,13.913,21.202,12.774
2016-02-29,13.971,14.594,19.44,12.841
2016-03-31,14.378,17.221,18.709,14.212
2016-04-29,17.221,15.484,18.451,15.126
2016-05-31,15.542,14.836,16.431,13.539
2016-06-30,14.636,15.27,15.879,13.971
2016-07-29,15.25,14.911,16.479,14.781
2016-08-31,14.791,14.841,15.829,13.982
2016-09-30,14.911,15.05,15.3,14.291
2016-10-31,15.27,15.29,15.949,14.931
2016-11-30,15.19,15.31,16.469,14.641
2016-12-30,15.29,14.921,15.56,14.082
2017-01-26,14.971,14.691,17.817,14.022
2017-02-24,14.701,15.69,16.179,14.611
2017-09-29,15.03,13.15,15.98,12.89
2017-10-31,13.25,12.17,13.67,11.94
2017-11-30,12.11,11.76,12.58,11.12
2017-12-28,11.76,10.06,12.45,9.9
2018-01-31,10.32,8.53,10.5,8.42
2018-02-28,8.5,7.94,8.56,7.32
2018-03-30,7.9,10.02,11.24,7.84
2018-04-27,9.96,9.12,10.15,8.42
2018-05-25,9.15,9.02,10.24,8.76
