date,open,close,high,low
2016-04-29,33.469,32.383,40.496,31.406
2016-05-31,31.745,28.296,34.536,25.117
2016-06-30,28.376,25.715,32.971,24.918
2016-07-29,25.595,23.592,27.509,23.233
2016-08-31,23.592,27.139,29.905,22.526
2016-09-30,27.529,29.116,30.315,26.96
2016-10-31,29.576,31.133,31.752,29.556
2016-11-30,31.203,34.368,37.164,31.123
2016-12-30,34.368,31.722,34.848,29.276
2017-01-26,31.653,30.754,32.511,25.971
2017-02-28,30.754,29.815,31.852,27.688
2017-03-31,30.195,28.088,31.902,27.838
2017-04-28,28.238,24.963,32.99,23.694
2017-05-31,25.122,22.067,26.241,21.807
2017-06-30,21.777,27.019,28.357,19.481
2017-07-28,26.69,24.943,27.758,23.655
2017-08-31,27.439,24.95,30.02,24.81
2017-09-29,25.13,24.2,26.36,23.7
2017-10-31,24.25,23.97,25.35,23.2
2017-11-30,23.97,22.57,24.68,21.41
2017-12-29,22.41,20.53,26.49,20.13
2018-01-31,20.41,18.9,21.83,18.8
2018-02-28,18.9,16.0,19.09,13.97
2018-03-30,16.0,18.46,21.9,15.75
2018-04-27,18.71,15.36,18.71,15.09
2018-05-25,15.39,18.75,19.99,14.5
