date,open,close,high,low
2016-01-29,7.758,5.821,7.798,5.541
2016-02-29,5.811,5.731,6.39,5.541
2016-03-31,5.771,6.36,6.44,5.691
2016-04-29,6.35,6.26,6.689,6.09
2016-05-31,6.28,6.08,6.49,5.781
2016-06-30,6.06,6.1,6.13,5.791
2016-07-29,6.1,6.19,6.619,6.07
2016-08-31,6.19,6.6,6.95,6.1
2016-09-30,6.61,6.46,6.88,6.32
2016-10-31,6.49,7.12,7.24,6.48
2016-11-30,7.13,7.6,8.46,7.01
2016-12-30,7.58,7.95,8.38,7.11
2017-01-26,8.0,7.41,8.69,7.0
2017-02-28,7.33,7.3,7.76,7.13
2017-03-31,7.3,6.72,7.46,6.64
2017-04-28,6.72,6.21,6.94,5.97
2017-05-31,6.21,5.62,6.23,5.51
2017-06-30,5.6,5.95,6.02,5.46
2017-07-31,5.96,7.19,7.22,5.94
2017-08-31,7.23,6.2,7.24,6.04
2017-09-29,6.18,5.93,6.45,5.9
2017-10-31,5.98,4.94,6.12,4.91
2017-11-30,4.94,4.35,4.94,4.13
2017-12-29,4.35,4.08,4.38,3.96
2018-01-31,4.07,3.84,4.51,3.84
2018-02-28,3.46,3.08,3.46,2.85
2018-03-30,3.09,3.1,3.48,2.94
2018-04-27,3.11,2.49,3.14,2.49
2018-05-25,2.49,2.74,2.74,2.44
