date,open,close,high,low
2016-01-29,11.754,9.19,11.865,7.867
2016-02-29,8.977,8.246,10.699,8.246
2016-03-11,8.237,9.431,11.106,8.07
2016-09-30,10.375,12.531,13.809,10.375
2016-10-31,12.152,16.668,16.733,11.92
2016-11-30,16.659,13.873,17.122,13.068
2016-12-30,13.957,13.142,14.808,11.384
2017-01-26,13.142,10.736,13.92,10.338
2017-02-28,10.912,11.374,11.8,10.754
2017-03-31,11.421,12.707,13.142,11.199
2017-04-28,12.587,11.39,13.873,10.5
2017-05-31,11.3,9.59,11.43,9.11
2017-06-28,9.51,9.83,10.54,8.53
2017-07-31,9.01,7.51,9.78,6.62
2017-08-31,7.48,7.53,8.77,7.2
2017-09-29,7.55,7.36,8.09,7.0
2017-10-31,7.45,6.97,7.86,6.75
2017-11-30,6.92,6.24,7.0,6.02
2017-12-29,6.25,5.24,6.63,5.0
2018-01-31,5.25,5.97,6.71,5.21
2018-02-28,5.92,5.64,6.02,4.99
2018-03-30,5.63,5.86,6.18,5.44
2018-04-27,5.81,4.22,6.04,4.07
