date,open,close,high,low
2016-01-29,9.084,6.063,9.124,5.767
2016-02-29,6.073,5.915,7.534,5.846
2016-03-31,5.954,7.623,7.969,5.875
2016-04-29,7.623,8.137,9.104,7.356
2016-05-31,8.107,7.485,8.788,6.774
2016-06-30,7.465,7.505,7.919,6.873
2016-07-29,7.524,8.229,9.064,7.505
2016-08-31,8.179,8.825,9.093,7.96
2016-09-29,8.805,8.805,10.037,8.457
2016-11-30,9.69,10.932,11.19,9.372
2016-12-30,10.882,11.001,12.423,10.246
2017-01-26,11.001,12.244,12.582,10.832
2017-02-28,12.095,11.816,12.591,11.548
2017-03-31,11.727,10.495,11.936,10.336
2017-04-28,10.435,9.262,10.773,8.547
2017-05-31,9.352,7.762,9.401,7.324
2017-06-30,7.762,8.0,8.37,7.324
2017-07-31,8.02,8.73,9.4,7.24
2017-08-31,8.67,8.27,9.1,7.92
2017-09-29,8.3,7.85,8.35,7.62
2017-10-31,7.93,7.51,8.04,7.42
2017-11-30,7.5,7.63,8.78,7.2
2017-12-29,7.6,7.12,7.72,7.02
2018-01-31,7.14,6.67,7.83,6.63
2018-02-28,6.67,5.41,6.73,4.75
2018-03-30,5.37,6.0,6.99,5.22
2018-04-27,6.0,5.77,6.77,5.45
2018-05-25,5.75,6.08,6.5,5.47
