date,open,close,high,low
2016-01-29,14.856,10.373,14.946,9.615
2016-02-29,10.373,9.954,12.525,9.715
2016-03-31,10.004,10.841,11.249,9.665
2016-04-29,10.831,11.509,12.923,10.681
2016-05-31,11.558,10.512,11.887,9.845
2016-06-30,10.552,10.831,11.05,9.874
2016-07-29,10.851,11.877,12.066,10.701
2016-08-31,11.678,11.467,12.745,11.11
2016-09-30,11.447,11.327,11.866,11.028
2016-10-31,11.477,11.567,12.096,11.178
2016-11-30,11.567,12.206,13.134,11.537
2016-12-30,12.176,11.337,12.275,10.599
2017-01-26,11.377,11.527,12.685,10.689
2017-02-28,11.467,11.856,12.355,11.218
2017-03-31,11.816,11.277,12.216,10.968
2017-04-28,11.208,10.299,12.725,9.86
2017-05-31,10.259,9.621,10.279,9.381
2017-06-30,9.601,10.13,10.459,9.022
2017-07-31,9.99,9.381,10.05,8.982
2017-08-31,9.391,9.86,10.409,9.311
2017-09-29,9.87,9.36,9.9,9.28
2017-10-31,9.4,9.34,10.27,9.17
2017-11-30,9.41,8.35,9.53,8.29
2017-12-29,8.37,7.92,8.78,7.82
2018-01-31,7.95,7.87,8.57,7.86
2018-02-28,7.86,7.02,7.92,6.45
2018-03-30,7.01,7.72,7.99,6.99
2018-04-12,7.91,7.9,8.19,7.47
