date,open,close,high,low
2016-01-29,10.917,7.023,10.917,6.645
2016-02-29,7.082,6.894,7.927,6.705
2016-03-31,6.904,9.377,9.685,6.784
2016-04-29,9.327,9.158,10.172,8.741
2016-05-31,9.228,10.082,10.638,7.778
2016-06-30,9.963,8.682,10.43,7.965
2016-07-29,8.712,8.512,9.399,8.512
2016-08-31,8.532,8.602,8.861,8.144
2016-09-30,8.612,9.379,9.747,8.413
2016-10-31,9.458,9.976,10.514,9.448
2016-11-30,9.936,9.219,10.275,9.179
2016-12-30,9.249,9.657,9.827,8.871
2017-01-26,9.677,9.07,10.105,8.562
2017-02-28,9.07,9.299,9.807,9.01
2017-03-31,9.269,8.592,9.408,8.562
2017-04-28,8.582,7.756,8.911,7.387
2017-05-31,7.776,6.7,7.865,6.571
2017-06-30,6.7,7.0,7.05,6.362
2017-07-31,7.0,7.82,8.08,6.8
2017-08-31,7.79,7.53,8.1,7.35
2017-09-29,7.57,7.13,7.58,6.96
2017-10-31,7.17,6.8,7.34,6.66
2017-11-30,6.84,5.85,6.86,5.82
2017-12-29,5.85,5.58,5.93,5.29
2018-01-31,5.6,5.29,5.83,5.25
2018-02-28,5.28,4.99,5.31,4.43
2018-03-30,4.95,5.2,5.45,4.84
2018-04-27,5.25,4.81,5.33,4.65
2018-05-25,4.81,4.75,4.95,4.71
