date,open,close,high,low
2016-01-29,65.68,48.7,66.93,44.5
2016-02-29,48.5,44.56,64.88,44.56
2016-03-31,44.5,55.0,57.85,40.5
2016-04-29,54.85,52.1,55.67,46.14
2016-05-31,51.91,48.06,54.1,39.47
2016-06-30,49.03,49.4,52.0,43.72
2016-07-29,49.5,46.75,53.48,46.55
2016-08-31,46.59,44.31,48.29,44.1
2016-09-30,44.4,43.25,46.0,40.5
2016-10-31,43.23,42.04,46.04,41.29
2016-11-30,42.0,41.08,44.88,40.6
2016-12-30,41.07,38.99,43.5,37.5
2017-01-26,39.29,40.31,40.79,34.26
2017-02-28,39.8,36.98,40.28,36.66
2017-03-17,36.96,36.6,39.49,36.53
2017-06-30,34.77,28.39,34.77,27.91
2017-07-31,28.41,31.71,33.99,27.79
2017-08-31,31.72,32.32,34.5,30.01
2017-09-29,32.37,34.89,36.68,32.0
2017-10-13,34.89,36.68,37.11,34.89
2018-01-31,34.85,29.45,34.85,27.33
2018-02-28,29.86,26.58,29.86,24.41
2018-03-21,26.32,28.18,29.68,26.3
