date,open,close,high,low
2016-01-29,8.968,5.668,9.067,5.391
2016-02-29,5.638,5.282,6.57,5.113
2016-03-31,5.351,6.669,7.006,5.262
2016-04-29,6.619,7.254,8.017,6.52
2016-05-31,7.254,6.561,7.809,6.015
2016-06-30,6.591,6.87,7.527,6.471
2016-07-29,6.85,6.292,7.437,6.193
2016-08-31,6.272,6.372,6.85,6.073
2016-09-30,6.372,6.073,6.551,5.954
2016-10-31,6.093,6.203,6.452,6.043
2016-11-30,6.213,6.043,6.422,5.974
2016-12-30,6.073,5.784,6.213,5.675
2017-01-26,5.844,5.655,5.994,5.187
2017-02-28,5.645,6.113,6.362,5.546
2017-03-31,6.103,6.68,7.696,6.073
2017-04-28,6.69,6.13,6.87,5.6
2017-05-31,6.13,5.36,6.25,5.15
2017-06-30,5.37,5.85,6.05,5.14
2017-07-31,5.87,6.65,6.77,5.73
2017-08-31,6.6,6.14,6.89,5.92
2017-09-29,6.14,6.12,6.66,6.06
2017-10-31,6.18,5.56,6.25,5.42
2017-11-30,5.57,5.14,5.62,4.83
2017-12-29,5.13,5.07,5.36,4.83
2018-01-31,5.06,4.88,5.32,4.86
2018-02-28,4.88,4.55,4.91,4.29
2018-03-30,4.52,4.36,4.84,4.09
2018-04-27,4.37,3.89,4.37,3.86
2018-05-25,3.89,3.9,4.0,3.75
