date,open,close,high,low
2016-01-29,31.4,20.55,31.41,18.88
2016-02-29,20.23,18.63,24.37,18.63
2016-03-31,18.65,24.29,24.29,17.54
2016-04-29,24.2,24.01,27.55,23.38
2016-05-31,23.58,20.3,24.5,18.7
2016-06-30,20.4,20.41,21.26,17.9
2016-07-29,20.41,19.53,22.4,19.3
2016-08-31,19.5,20.83,22.49,18.92
2016-09-30,20.8,23.18,24.8,20.8
2016-10-31,23.2,22.6,24.5,22.05
2016-11-30,22.6,23.15,24.43,22.07
2016-12-30,23.3,21.2,23.89,20.36
2017-01-26,21.39,20.17,22.17,18.78
2017-02-28,19.59,17.99,19.61,17.36
2017-03-31,18.04,15.38,19.0,15.0
2017-04-28,15.31,13.31,16.36,11.92
2017-05-23,13.24,14.07,14.07,11.36
2017-06-30,13.69,12.08,13.96,11.82
2017-07-31,12.08,10.96,12.88,10.22
2017-08-31,10.95,12.4,12.61,10.88
2017-09-29,12.35,11.57,12.56,11.31
2017-10-31,11.62,11.96,12.43,11.21
2017-11-30,11.91,10.4,13.38,10.34
2017-12-29,10.23,11.03,11.05,9.94
2018-01-31,10.85,10.3,11.84,10.16
2018-02-28,10.2,8.88,10.33,7.92
2018-03-30,8.85,9.17,9.68,8.31
2018-04-27,9.17,8.72,9.45,8.52
2018-05-25,8.8,8.88,9.5,8.46
