date,open,close,high,low
2016-01-29,17.24,10.85,17.95,10.13
2016-02-29,10.72,11.14,14.1,10.65
2016-03-31,11.28,13.2,13.88,10.3
2016-04-29,13.19,13.78,15.13,12.5
2016-05-31,14.01,12.16,14.58,10.91
2016-06-30,12.21,13.23,13.88,10.81
2016-07-29,13.25,12.23,13.89,11.95
2016-08-31,12.23,13.43,14.27,11.7
2016-09-30,13.8,14.5,15.36,13.01
2016-10-31,14.47,15.53,16.2,14.47
2016-11-30,15.5,15.15,16.18,14.7
2016-12-30,15.09,14.25,15.21,13.3
2017-01-26,14.3,13.44,15.66,12.68
2017-02-28,13.45,13.68,14.29,13.08
2017-03-31,13.6,13.75,14.5,13.36
2017-04-28,13.78,10.6,13.98,10.05
2017-05-31,10.67,9.11,10.67,8.72
2017-06-30,9.15,9.59,10.17,8.65
2017-07-31,9.6,11.22,12.69,9.21
2017-08-31,11.02,10.58,11.25,9.91
2017-09-29,10.58,10.15,11.33,10.01
2017-10-31,10.32,9.14,10.39,8.9
2017-11-30,9.18,8.83,9.77,8.23
2017-12-29,8.8,8.36,8.94,8.19
2018-01-31,8.35,8.06,9.14,8.06
2018-02-28,8.03,7.4,8.13,6.1
2018-03-30,7.34,8.82,9.77,7.3
2018-04-27,8.85,8.75,9.39,8.26
2018-05-25,8.75,9.29,9.75,8.58
