date,open,close,high,low
2016-01-29,11.35,8.05,11.44,7.23
2016-02-29,7.99,7.02,9.29,7.02
2016-03-31,7.1,9.53,9.98,6.9
2016-04-29,9.49,11.36,12.09,9.01
2016-05-31,10.79,8.41,10.83,7.56
2016-06-30,8.5,8.06,9.4,7.55
2016-07-29,8.06,7.41,8.23,7.38
2016-08-31,7.42,8.1,8.25,7.04
2016-09-30,8.09,8.38,8.92,7.98
2016-10-31,8.42,9.04,9.51,8.38
2016-11-30,9.03,9.85,12.04,8.95
2016-12-30,9.76,10.65,10.7,9.53
2017-01-26,10.57,9.43,10.84,8.74
2017-02-28,9.38,9.2,9.68,8.94
2017-03-31,9.23,8.33,9.58,8.2
2017-04-27,8.34,7.59,9.2,7.4
2017-05-31,7.4,6.45,8.08,6.14
2017-06-30,6.4,6.48,6.79,5.92
2017-07-31,6.48,6.52,7.11,6.12
2017-08-31,6.52,7.48,7.65,6.35
2017-09-29,7.44,7.35,8.22,7.27
2017-10-31,7.37,7.11,7.68,7.01
2017-11-30,7.11,7.46,8.13,6.42
2017-12-29,7.45,7.83,8.02,6.81
2018-01-31,7.75,7.29,8.1,6.91
2018-02-28,7.25,6.3,7.3,4.96
2018-03-30,6.24,6.19,6.68,5.31
2018-04-27,6.19,6.4,6.68,5.71
2018-05-25,6.51,6.41,6.58,5.86
