date,open,close,high,low
2016-01-29,29.171,19.261,29.461,17.303
2016-02-29,18.981,17.582,21.509,16.953
2016-03-31,17.632,24.266,24.635,17.013
2016-04-29,24.176,27.173,28.252,23.277
2016-05-31,26.983,21.329,27.373,18.492
2016-06-30,21.309,19.6,22.038,18.581
2016-07-29,19.63,20.39,23.07,18.981
2016-08-31,20.51,22.46,23.99,19.0
2016-09-30,22.52,23.32,23.97,21.2
2016-10-31,23.23,24.58,25.56,22.8
2016-11-30,24.5,25.98,27.1,24.2
2016-12-30,25.74,24.99,26.99,23.8
2017-01-26,24.77,24.22,25.97,22.4
2017-02-28,24.22,22.93,24.78,22.35
2017-03-31,22.86,19.99,24.04,19.6
2017-04-28,19.96,16.81,21.19,15.01
2017-05-31,16.79,16.31,18.08,15.82
2017-06-30,16.31,16.7,17.68,14.34
2017-07-31,16.68,16.94,17.38,15.59
2017-08-31,16.81,17.71,18.13,16.4
2017-09-29,17.71,17.08,18.1,16.56
2017-10-31,17.2,16.26,17.58,16.0
2017-11-30,16.13,15.71,16.48,14.8
2017-12-29,15.6,14.96,15.91,14.0
2018-01-31,15.0,14.23,16.47,14.19
2018-02-28,14.37,13.42,15.17,12.0
2018-03-30,13.38,12.97,13.86,11.78
2018-04-27,12.96,12.87,13.36,12.22
2018-05-25,12.89,13.12,13.9,12.3
