date,open,close,high,low
2016-01-29,14.764,9.064,14.842,8.633
2016-02-29,9.104,8.701,10.34,8.397
2016-03-31,8.829,10.418,10.762,8.535
2016-04-29,10.418,11.909,12.567,10.232
2016-05-13,11.801,11.232,12.733,10.31
2016-07-29,11.38,10.094,12.172,9.985
2016-08-31,10.084,12.093,12.35,9.936
2016-09-30,12.083,11.153,13.043,10.896
2016-10-31,11.212,11.509,12.073,11.183
2016-11-30,11.519,11.667,12.815,11.479
2016-12-30,11.648,11.954,12.014,10.945
2017-01-26,11.964,13.142,14.32,11.598
2017-02-28,13.132,13.053,14.626,12.756
2017-03-31,13.063,11.737,13.261,11.499
2017-04-28,12.251,10.46,14.023,9.817
2017-05-31,10.401,9.085,10.559,8.807
2017-06-30,8.936,9.39,9.99,8.768
2017-07-31,9.41,9.65,9.95,9.0
2017-08-31,9.63,9.8,10.48,9.32
2017-09-29,9.88,9.33,9.96,9.19
2017-10-31,9.4,9.02,9.65,8.84
2017-11-30,9.03,8.14,9.05,7.72
2017-12-29,8.05,8.31,8.93,8.0
2018-01-31,8.4,7.8,8.4,7.73
2018-02-28,7.8,7.21,7.92,6.66
2018-03-30,7.19,7.19,7.49,6.48
2018-04-27,7.15,7.06,7.7,6.7
2018-05-25,7.0,7.05,7.34,6.97
