date,open,close,high,low
2016-01-29,14.8,9.823,14.82,9.395
2016-02-29,9.833,9.704,11.429,9.425
2016-03-31,9.774,11.339,11.818,9.574
2016-04-11,11.25,12.147,12.416,11.21
2016-06-30,11.529,12.04,12.1,11.01
2016-07-29,12.1,12.29,13.87,11.81
2016-08-31,12.33,14.03,14.3,12.03
2016-09-30,13.81,17.73,17.73,13.36
2016-10-31,19.0,20.48,23.45,17.5
2016-11-30,20.35,19.29,24.75,18.8
2016-12-30,19.36,30.72,34.13,19.18
2017-01-03,29.9,30.17,31.36,28.51
2017-02-28,32.5,27.25,32.5,26.5
2017-03-31,27.02,26.15,27.8,26.01
2017-04-28,26.08,25.3,26.08,24.84
2017-05-31,25.28,14.95,25.57,13.68
2017-06-30,14.83,16.95,17.95,14.11
2017-07-31,17.05,20.22,21.56,16.57
2017-08-31,20.1,20.71,22.56,17.91
2017-09-29,21.39,17.57,21.97,17.31
2017-10-31,17.6,17.06,18.95,16.8
2017-11-30,17.1,14.96,17.44,14.54
2017-12-29,14.96,14.53,15.28,14.0
2018-01-31,14.58,14.15,17.1,13.89
2018-02-28,13.95,12.91,14.14,11.54
2018-03-30,12.89,12.94,15.3,12.2
2018-04-27,12.93,11.31,13.25,11.19
2018-05-25,11.3,11.85,12.97,11.18
