date,open,close,high,low
2016-01-29,15.053,9.35,15.073,8.942
2016-02-29,9.36,9.37,11.426,9.151
2016-03-31,9.419,11.138,11.387,9.37
2016-04-29,11.059,13.066,13.682,10.751
2016-05-31,13.066,11.426,13.751,9.946
2016-06-30,11.426,12.748,13.463,11.357
2016-07-29,12.788,13.314,15.162,12.46
2016-08-31,13.414,14.199,14.308,12.668
2016-09-23,14.209,14.218,14.894,13.116
2016-11-30,15.639,16.494,19.604,15.639
2016-12-30,16.404,15.848,18.57,14.914
2017-01-26,15.908,16.911,18.372,15.699
2017-02-28,16.911,18.799,19.644,16.394
2017-03-31,18.7,17.398,20.746,17.249
2017-04-28,17.984,16.126,18.084,14.586
2017-05-31,16.126,13.543,16.484,13.294
2017-06-30,13.712,14.785,15.351,13.265
2017-07-31,14.795,15.152,15.749,13.861
2017-08-21,15.152,14.934,15.182,14.209
2017-09-29,16.424,14.16,16.424,14.05
2017-10-31,14.4,13.24,14.62,13.0
2017-11-30,13.24,11.09,13.33,10.51
2017-12-29,11.04,10.78,11.36,10.16
2018-01-31,10.81,10.5,12.09,10.5
2018-02-28,10.48,8.9,10.63,8.1
2018-03-30,8.87,9.17,9.76,8.34
2018-04-27,9.18,8.92,9.86,8.71
2018-05-25,8.9,9.08,9.25,8.63
