date,open,close,high,low
2016-01-29,17.97,12.21,17.99,11.6
2016-02-29,12.01,10.98,14.69,10.98
2016-03-31,10.98,12.55,13.6,10.42
2016-04-29,12.47,11.97,14.28,11.82
2016-05-31,11.95,13.0,14.25,11.4
2016-06-30,13.0,14.25,15.15,12.7
2016-07-29,14.18,13.93,16.34,13.46
2016-08-31,13.65,13.2,14.14,13.01
2016-09-30,13.2,12.06,13.45,11.8
2016-10-31,12.12,12.47,13.39,12.11
2016-11-30,12.4,11.85,12.93,11.82
2016-12-30,11.95,10.89,12.68,10.8
2017-01-26,10.8,10.02,11.45,9.56
2017-02-28,10.01,10.48,11.01,9.86
2017-03-31,10.48,9.52,10.68,9.31
2017-04-12,9.52,9.78,10.4,9.43
2017-05-31,8.9,7.7,9.18,7.31
2017-06-30,7.66,8.04,8.76,7.58
2017-07-24,8.11,9.48,9.58,8.04
2017-08-31,9.9,9.4,10.09,8.96
2017-09-29,9.38,9.54,10.36,9.15
2017-10-31,9.58,8.43,10.2,8.28
2017-11-30,8.42,6.91,8.44,6.72
2017-12-29,7.22,5.84,7.25,5.54
2018-01-31,5.83,5.12,7.18,5.12
2018-02-28,5.01,4.68,5.06,4.0
2018-03-30,4.62,4.82,5.59,4.3
2018-04-27,4.8,3.97,4.88,3.92
2018-05-25,3.96,5.13,5.5,3.71
