date,open,close,high,low
2016-01-29,16.62,12.0,16.9,11.7
2016-02-29,11.6,9.1,11.86,9.1
2016-03-31,9.14,11.51,13.35,8.81
2016-04-29,11.35,12.29,13.33,11.32
2016-05-31,12.24,10.86,13.02,9.95
2016-06-30,10.86,11.15,11.33,10.09
2016-07-29,11.25,16.59,17.33,10.99
2016-08-31,16.61,14.19,17.47,13.31
2016-09-30,14.23,13.73,14.23,12.7
2016-10-31,13.73,13.54,15.0,13.51
2016-11-30,13.54,14.25,15.83,13.51
2016-12-30,14.28,14.26,14.68,12.88
2017-01-26,14.27,13.43,15.0,12.42
2017-02-28,13.41,13.88,14.16,13.31
2017-03-31,13.81,12.87,14.31,12.69
2017-04-28,12.87,11.51,13.17,10.64
2017-05-31,11.52,10.56,11.75,10.08
2017-06-30,10.47,11.22,11.36,10.15
2017-07-31,11.18,10.51,11.56,9.87
2017-08-31,10.58,10.99,11.08,10.33
2017-09-29,10.99,11.29,11.51,10.85
2017-10-31,11.33,10.84,12.45,10.71
2017-11-30,10.84,10.0,10.9,9.59
2017-12-29,10.01,9.88,10.69,9.64
2018-01-31,9.9,10.21,11.35,9.85
2018-02-28,10.28,9.37,10.31,8.56
2018-03-30,9.31,9.74,10.23,8.82
2018-04-27,9.62,9.55,10.16,9.31
2018-05-25,9.6,9.6,10.45,9.23
