date,open,close,high,low
2016-01-29,16.469,11.009,16.748,9.861
2016-02-29,11.009,10.6,13.574,10.011
2016-03-31,10.6,13.115,13.754,10.181
2016-04-29,13.125,14.572,15.371,12.776
2016-05-31,14.522,14.562,15.171,11.229
2016-06-30,14.463,13.624,15.121,12.187
2016-07-29,13.724,12.905,14.363,12.896
2016-08-31,12.995,13.664,13.804,12.386
2016-09-30,13.754,15.261,15.431,13.554
2016-10-31,15.97,15.63,15.97,14.622
2016-11-30,15.59,14.892,16.439,14.792
2016-12-30,14.972,13.983,16.439,13.774
2017-01-26,14.093,15.251,15.75,14.013
2017-02-28,15.091,15.361,17.666,14.752
2017-03-31,15.321,15.021,16.549,14.982
2017-04-28,15.171,16.02,16.748,14.063
2017-05-31,15.95,11.478,16.828,10.899
2017-06-30,11.528,12.257,12.876,10.899
2017-07-31,12.257,10.62,12.496,10.001
2017-08-31,10.59,11.738,12.067,10.32
2017-09-29,11.738,11.119,11.967,10.899
2017-10-31,11.189,10.6,11.538,10.46
2017-11-30,10.65,9.45,10.95,9.33
2017-12-29,9.49,9.2,9.65,8.9
2018-01-31,9.2,9.08,9.6,9.05
2018-02-28,9.09,9.01,9.19,8.0
2018-03-30,9.09,9.28,9.9,8.66
2018-04-27,9.28,9.24,9.84,8.96
2018-05-25,9.24,9.62,9.73,8.6
