date,open,close,high,low
2016-01-14,16.63,12.58,16.69,11.24
2016-07-29,12.0,11.59,14.24,11.32
2016-08-31,11.59,11.71,12.65,10.91
2016-09-30,11.71,11.14,11.91,10.8
2016-10-31,11.15,12.21,12.23,11.15
2016-11-30,12.17,12.39,14.1,12.01
2016-12-30,12.45,11.59,12.57,10.67
2017-01-26,11.65,13.3,13.78,11.1
2017-02-28,13.0,14.48,14.83,12.82
2017-03-31,14.2,15.5,15.64,14.2
2017-04-28,15.51,15.31,16.56,14.9
2017-05-26,15.4,9.62,15.53,9.62
2017-06-30,8.89,8.89,10.04,8.5
2017-07-31,8.85,8.0,9.28,7.6
2017-08-31,7.97,8.24,8.35,7.7
2017-09-29,8.24,9.12,10.46,8.18
2017-10-31,9.12,9.15,9.98,8.03
2017-11-30,9.09,7.44,9.15,7.13
2017-12-29,7.4,9.5,10.15,7.37
2018-01-31,9.5,7.5,9.53,7.14
2018-02-28,7.53,5.37,7.59,4.89
2018-03-30,5.36,5.69,6.74,5.23
2018-04-27,5.8,5.73,6.02,4.91
2018-05-25,5.44,4.37,5.44,4.36
