date,open,close,high,low
2016-01-29,27.11,17.15,27.11,16.01
2016-02-29,17.15,17.69,23.5,16.09
2016-03-31,18.05,22.9,23.84,16.77
2016-04-29,23.04,27.5,28.18,22.18
2016-05-31,27.52,22.88,27.8,18.75
2016-06-22,22.85,21.24,24.33,20.49
2017-01-26,23.36,22.44,24.9,21.6
2017-02-17,22.41,20.6,22.68,20.25
2017-04-28,19.57,23.42,23.6,18.11
2017-05-31,23.35,23.4,25.99,21.84
2017-06-30,23.26,22.95,23.66,21.68
2017-07-31,22.92,24.0,24.25,22.41
2017-08-01,24.0,24.1,24.21,23.75
2017-10-31,25.2,21.47,25.2,21.12
2017-11-30,21.31,23.52,27.43,21.31
2017-12-29,23.53,23.46,24.89,22.22
2018-01-31,23.36,22.0,23.44,20.3
2018-02-28,22.0,20.3,22.55,16.71
2018-03-30,20.11,20.9,22.9,19.5
2018-04-27,19.86,19.58,20.86,18.68
2018-05-25,19.49,19.19,20.68,18.9
