date,open,close,high,low
2016-01-29,9.91,6.1,10.07,5.8
2016-02-29,6.03,5.41,6.64,5.38
2016-03-31,5.44,6.35,6.59,5.31
2016-04-29,6.3,6.8,7.08,6.25
2016-05-31,6.84,7.09,7.19,6.13
2016-06-30,7.09,7.19,7.43,6.61
2016-07-29,7.19,7.5,7.85,6.96
2016-08-31,7.48,8.23,8.6,7.01
2016-09-30,8.2,9.09,9.5,7.91
2016-10-31,9.12,8.61,9.25,8.35
2016-11-30,8.63,8.69,9.47,8.62
2016-12-30,8.78,8.5,8.86,7.56
2017-01-26,8.52,7.96,9.09,7.46
2017-02-28,8.01,7.84,8.08,7.44
2017-03-10,7.82,7.9,8.02,7.76
2017-10-31,7.22,6.19,8.1,6.13
2017-11-30,6.18,5.17,6.21,4.96
2017-12-29,5.2,4.84,5.21,4.67
2018-01-31,4.87,4.05,5.39,4.0
2018-02-28,4.01,3.93,4.08,3.53
2018-03-30,3.88,3.85,4.24,3.57
2018-04-27,3.84,3.64,4.66,3.59
2018-05-25,3.64,3.88,4.25,3.58
