date,open,close,high,low
2016-04-29,13.68,16.048,17.291,13.68
2016-05-31,16.058,14.088,16.854,12.685
2016-06-30,14.028,14.695,15.421,13.57
2016-07-29,14.695,14.207,15.54,14.038
2016-08-31,14.207,16.913,18.565,13.531
2016-09-30,16.893,17.789,18.654,16.247
2016-10-31,17.849,19.152,20.386,17.789
2016-11-30,19.172,20.206,23.092,18.973
2016-12-30,20.157,19.202,20.873,17.53
2017-01-26,19.182,17.192,19.779,15.331
2017-02-28,17.202,17.5,17.849,16.913
2017-03-31,17.709,17.013,19.251,15.918
2017-04-28,16.834,14.605,17.162,13.163
2017-05-31,14.545,13.72,14.725,12.824
2017-06-30,13.6,13.91,14.784,12.884
2017-07-31,13.85,13.05,14.01,12.14
2017-08-31,13.1,13.41,14.44,12.73
2017-09-29,13.45,12.93,14.22,12.79
2017-10-31,12.96,12.69,14.19,12.32
2017-11-30,12.62,12.0,12.72,10.4
2017-12-29,11.88,11.93,12.5,11.4
2018-01-31,11.83,11.5,12.42,11.16
2018-02-28,11.37,8.3,11.49,7.39
2018-03-30,8.7,9.3,9.61,8.12
2018-04-27,9.12,7.82,9.18,7.5
2018-05-25,7.84,8.58,8.82,7.56
