date,open,close,high,low
2016-01-29,16.19,8.93,16.39,7.92
2016-02-29,8.72,9.45,12.12,8.15
2016-03-15,9.48,11.16,12.1,9.14
2016-04-08,12.28,13.51,13.51,12.28
2016-07-29,12.16,10.49,13.43,10.2
2016-08-31,10.54,11.69,12.49,10.22
2016-09-30,11.62,15.0,15.02,11.48
2016-10-31,14.7,15.19,18.0,14.32
2016-11-30,15.0,16.06,22.22,14.23
2016-12-30,16.11,16.7,18.24,14.01
2017-01-26,16.06,13.37,19.84,13.3
2017-02-28,13.37,13.62,14.99,13.33
2017-03-13,12.94,12.01,12.94,11.45
2017-07-31,11.41,8.2,11.41,8.2
2017-08-24,8.02,9.86,9.86,7.53
2017-11-30,9.37,7.64,9.37,7.64
2017-12-29,7.26,8.25,8.77,6.76
2018-01-31,8.18,7.38,8.31,7.13
2018-02-28,7.34,7.59,7.59,6.52
2018-03-30,7.65,8.68,8.91,7.62
2018-04-27,8.67,7.04,8.73,7.0
2018-05-25,7.03,6.93,7.43,6.75
