date,open,close,high,low
2016-01-29,12.856,6.619,12.856,6.047
2016-02-29,6.54,6.107,7.909,6.027
2016-03-31,6.132,7.485,7.794,5.873
2016-04-29,7.321,7.714,7.899,6.973
2016-05-31,7.67,7.127,8.635,6.679
2016-06-30,7.117,6.893,7.242,6.495
2016-07-29,6.898,8.222,8.292,6.893
2016-08-31,8.147,8.048,9.033,7.69
2016-09-30,8.043,7.441,8.217,7.242
2016-10-31,7.461,7.55,7.874,7.331
2016-11-30,7.54,7.699,8.113,7.266
2016-12-30,7.714,7.232,8.212,6.958
2017-01-26,7.257,6.838,7.5,6.669
2017-02-28,6.843,7.112,7.386,6.674
2017-03-31,7.107,7.028,7.242,6.883
2017-04-28,7.729,8.436,10.248,7.719
2017-05-31,8.66,9.38,11.49,7.421
2017-06-30,9.26,8.08,9.76,8.06
2017-07-31,8.09,7.04,8.5,6.7
2017-08-31,7.06,7.62,8.39,7.02
2017-09-29,7.65,7.6,8.55,7.36
2017-10-31,7.73,6.85,7.76,6.7
2017-11-30,6.85,5.4,6.88,5.35
2017-12-29,5.45,4.97,5.49,4.89
2018-01-31,4.98,5.0,5.8,4.95
2018-02-28,5.0,4.53,5.03,3.92
2018-03-30,4.48,4.59,5.15,4.03
2018-04-27,4.58,4.17,4.59,4.06
2018-05-25,4.17,4.37,4.57,4.16
