date,open,close,high,low
2016-01-29,38.158,23.901,38.207,22.063
2016-02-29,23.99,21.994,29.374,21.984
2016-03-31,22.053,24.859,25.491,20.373
2016-04-29,24.849,28.218,31.617,23.92
2016-05-31,28.021,26.43,30.827,24.078
2016-06-30,26.708,29.182,31.756,25.983
2016-07-29,29.55,26.181,30.454,25.943
2016-08-31,26.142,26.579,27.175,25.436
2016-09-30,26.43,27.493,28.616,25.506
2016-10-31,27.642,27.036,28.218,26.569
2016-11-30,27.036,26.827,29.51,25.834
2016-12-30,26.827,23.608,27.294,22.654
2017-01-26,23.628,22.903,25.128,21.859
2017-02-28,22.952,23.856,24.661,22.207
2017-03-31,23.846,22.445,25.327,22.128
2017-04-28,22.455,23.29,24.095,22.247
2017-05-31,23.37,22.84,24.174,21.661
2017-06-30,22.51,23.75,26.77,21.2
2017-07-31,23.59,21.25,24.13,20.16
2017-08-31,21.18,23.28,23.69,21.08
2017-09-29,23.28,25.47,25.55,22.9
2017-10-31,25.58,23.8,26.1,23.3
2017-11-30,23.78,22.36,25.22,21.8
2017-12-29,22.54,22.4,23.17,21.55
2018-01-31,22.4,20.18,22.97,19.79
2018-02-28,20.17,18.36,20.3,16.72
2018-03-30,18.3,20.5,21.39,18.09
2018-04-27,21.18,19.9,21.19,18.78
2018-05-25,19.7,18.93,19.97,18.26
