date,open,close,high,low
2016-01-18,9.783,8.695,10.303,7.278
2016-07-29,8.785,8.256,9.464,7.996
2016-08-31,8.196,9.913,10.322,7.767
2016-09-30,9.913,9.274,10.003,8.785
2016-10-31,9.304,9.983,10.163,9.224
2016-11-30,9.983,10.582,11.86,9.873
2016-12-30,10.682,12.658,13.597,10.492
2017-01-26,12.678,13.477,14.066,12.0
2017-02-28,13.477,14.366,15.364,13.287
2017-03-31,14.196,13.218,14.435,12.748
2017-04-19,13.327,11.77,13.976,11.77
2017-12-27,12.95,10.28,12.95,10.21
2018-01-29,10.4,10.39,12.8,10.02
2018-02-22,9.35,7.58,9.35,7.58
2018-03-30,7.1,7.35,8.5,6.2
2018-04-27,7.38,6.37,8.6,6.02
2018-05-25,6.41,6.98,7.16,5.95
