date,open,close,high,low
2016-01-29,27.634,16.699,27.683,15.427
2016-02-29,16.292,14.652,19.224,14.652
2016-03-31,14.264,16.968,17.644,13.936
2016-04-29,16.898,18.28,19.701,16.322
2016-05-31,18.359,15.686,18.986,14.055
2016-06-30,15.606,16.083,16.381,14.194
2016-07-29,16.153,15.513,18.425,15.284
2016-08-31,15.503,17.129,17.986,14.855
2016-09-30,17.129,17.448,19.282,16.62
2016-10-31,17.418,17.587,19.192,17.298
2016-11-30,17.597,19.093,20.907,17.497
2016-12-30,19.202,17.069,19.202,16.451
2017-01-26,17.059,17.039,18.096,15.533
2017-02-28,17.039,17.757,18.305,16.71
2017-03-31,17.777,16.151,17.797,15.952
2017-04-28,16.132,13.719,17.109,13.031
2017-05-31,13.699,12.652,13.828,11.864
2017-06-30,12.652,13.52,13.75,11.795
2017-07-31,13.6,14.16,14.49,12.5
2017-08-31,14.15,14.18,15.48,13.36
2017-09-29,14.18,13.45,14.48,13.27
2017-10-31,13.6,12.21,13.86,12.07
2017-11-22,12.22,11.18,12.55,10.77
2018-03-30,12.29,12.34,12.86,10.81
2018-04-27,12.34,10.82,12.36,10.49
2018-05-25,10.93,10.48,11.21,10.41
