date,open,close,high,low
2016-01-29,17.476,13.303,17.715,12.145
2016-02-29,13.057,13.379,15.775,12.42
2016-03-31,13.402,15.266,16.465,13.022
2016-04-29,15.313,15.196,16.511,14.179
2016-05-31,15.021,16.304,16.304,12.89
2016-06-30,16.205,20.059,22.647,16.205
2016-07-29,20.241,16.698,21.884,16.263
2016-08-31,16.662,16.451,17.595,15.958
2016-09-30,16.457,17.055,18.593,15.43
2016-10-31,17.085,17.495,18.821,16.78
2016-11-30,17.425,16.416,17.695,16.193
2016-12-30,16.422,14.057,16.668,13.776
2017-01-26,14.04,12.702,14.568,11.828
2017-02-28,12.767,13.148,13.459,12.485
2017-03-31,13.13,12.497,13.94,12.397
2017-04-28,12.514,11.816,13.717,11.447
2017-05-31,11.834,10.097,11.834,9.804
2017-06-30,10.027,11.43,12.36,9.534
2017-07-31,11.43,11.43,13.0,10.64
2017-08-25,11.39,10.49,11.5,10.25
2017-09-29,10.98,12.61,14.69,10.8
2017-10-31,12.62,11.25,13.39,11.08
2017-11-30,11.25,9.82,11.62,9.48
2017-12-29,9.8,9.36,10.18,8.3
2018-01-31,9.28,8.96,10.57,8.86
2018-02-28,8.91,9.35,10.1,7.92
2018-03-30,9.21,9.13,10.13,8.18
2018-04-27,9.18,8.16,9.2,8.01
2018-05-25,8.19,8.32,9.23,8.03
