date,open,close,high,low
2016-01-29,14.967,11.382,15.126,10.058
2016-02-29,11.253,10.715,13.354,10.476
2016-03-31,10.755,12.896,13.344,10.426
2016-04-29,12.746,11.76,13.294,11.502
2016-05-31,11.8,10.99,12.09,10.34
2016-06-30,11.01,11.43,11.87,10.4
2016-07-29,11.44,11.39,12.5,11.2
2016-08-31,11.31,11.69,11.75,11.04
2016-09-30,11.7,11.27,13.3,11.02
2016-10-31,11.36,11.62,12.1,11.31
2016-11-30,11.64,11.72,12.54,11.15
2016-12-30,11.74,12.37,12.94,11.2
2017-01-26,12.35,11.82,12.8,10.96
2017-02-28,11.82,13.62,15.5,11.63
2017-03-31,13.61,12.22,13.89,12.12
2017-04-28,12.2,11.09,12.39,10.52
2017-05-31,11.15,11.03,11.56,10.17
2017-06-30,11.02,11.13,11.36,10.5
2017-07-31,11.17,11.42,11.67,10.21
2017-08-31,11.48,11.5,12.65,10.94
2017-09-29,11.5,11.7,12.58,11.35
2017-10-31,11.8,11.97,12.5,11.69
2017-11-30,11.98,10.34,11.98,10.03
2017-12-29,10.35,10.59,10.77,10.01
2018-01-31,10.59,10.3,11.65,10.18
2018-02-28,10.32,10.57,10.77,9.14
2018-03-30,10.5,10.32,10.98,9.41
2018-04-27,10.32,9.81,10.42,9.36
2018-05-25,9.8,9.65,10.19,9.48
