date,open,close,high,low
2016-01-29,21.423,20.389,24.793,17.814
2016-02-29,20.091,23.322,28.859,18.888
2016-03-31,22.775,24.117,26.801,21.135
2016-04-29,23.948,22.198,25.489,21.552
2016-05-31,22.178,19.484,23.202,17.745
2016-06-30,19.594,20.339,21.95,17.914
2016-07-29,20.329,18.391,20.707,18.192
2016-08-31,18.351,19.286,19.365,17.904
2016-09-30,19.276,18.709,20.29,18.6
2016-10-31,18.898,20.727,21.433,18.798
2016-11-30,20.727,20.479,23.103,20.121
2016-12-30,20.508,20.578,20.966,18.311
2017-01-26,20.578,20.051,20.976,18.391
2017-02-28,19.882,20.538,21.055,19.315
2017-03-31,20.538,20.777,23.043,20.27
2017-04-28,20.767,19.445,21.145,18.451
2017-05-31,19.445,17.258,19.534,16.91
2017-06-30,17.198,17.18,17.73,15.906
2017-07-31,17.31,17.05,18.61,15.55
2017-08-31,17.07,17.88,18.28,16.52
2017-09-29,17.87,20.0,20.97,17.63
2017-10-31,20.21,18.37,20.85,18.06
2017-11-30,18.4,21.96,22.43,18.3
2017-12-29,21.65,19.46,22.93,18.53
2018-01-31,19.44,17.51,19.93,16.9
2018-02-28,17.5,18.32,18.47,16.6
2018-03-30,18.1,17.65,18.77,15.98
2018-04-27,17.7,20.0,20.65,17.01
2018-05-25,19.9,17.47,20.2,17.31
