date,open,close,high,low
2016-01-29,44.45,26.57,44.61,25.02
2016-02-29,26.56,22.19,30.68,22.16
2016-03-31,22.2,33.51,33.51,21.01
2016-04-29,33.0,32.41,41.96,30.86
2016-05-31,32.43,30.08,33.99,25.7
2016-06-30,30.2,28.93,31.51,26.74
2016-07-29,28.98,30.7,34.35,27.5
2016-08-31,30.53,28.34,30.77,27.72
2016-09-30,28.5,28.3,29.54,28.0
2016-10-31,28.33,28.07,28.79,27.02
2016-11-30,27.97,28.26,30.82,27.97
2016-12-30,28.35,29.35,29.45,25.25
2017-01-26,29.2,28.65,31.0,27.21
2017-02-28,28.46,28.81,29.24,27.5
2017-03-31,28.8,26.68,28.95,26.28
2017-04-28,26.67,25.6,27.2,22.92
2017-05-31,25.43,26.13,27.3,25.09
2017-06-30,26.13,25.7,27.67,25.3
2017-07-31,25.7,25.0,25.98,23.36
2017-08-31,25.06,24.12,25.06,23.16
2017-09-29,24.16,23.62,24.65,23.38
2017-10-31,23.62,24.1,24.5,23.43
2017-11-24,23.91,22.82,24.57,22.78
2017-12-29,20.54,15.8,20.54,14.98
2018-01-22,15.24,13.39,15.66,13.05
2018-02-28,12.05,7.24,12.05,7.22
2018-03-30,7.22,6.49,7.93,6.37
2018-04-26,6.47,5.23,6.51,5.23
2018-05-25,5.03,4.89,5.16,4.43
