date,open,close,high,low
2016-01-29,26.213,17.028,26.282,15.936
2016-02-29,16.88,17.396,22.817,16.284
2016-03-31,17.575,21.933,22.281,17.038
2016-04-29,21.546,19.074,23.264,18.667
2016-05-31,19.124,19.392,20.097,17.376
2016-06-30,19.302,19.143,20.119,17.629
2016-07-29,19.153,18.735,22.161,18.605
2016-08-31,18.526,20.099,21.195,17.868
2016-09-30,19.95,18.008,20.687,17.789
2016-10-31,18.137,18.167,18.924,18.038
2016-11-30,18.237,18.028,18.665,17.759
2016-12-30,18.097,16.245,18.117,15.926
2017-01-26,16.295,15.538,17.729,14.84
2017-02-28,15.538,15.886,16.424,15.418
2017-03-31,15.886,14.611,16.085,14.392
2017-04-28,14.542,12.659,15.099,11.952
2017-05-31,12.599,11.693,12.948,11.165
2017-06-30,11.603,12.56,13.09,10.966
2017-07-31,12.54,12.36,14.48,11.41
2017-08-31,12.3,13.35,13.51,11.69
2017-09-29,13.77,13.19,13.93,12.58
2017-10-31,13.41,13.22,13.98,12.22
2017-11-30,13.13,12.13,13.55,11.76
2017-12-29,12.11,12.41,13.45,11.78
2018-01-31,12.4,11.33,12.9,11.31
2018-02-28,11.33,10.35,11.43,9.88
2018-03-30,10.3,10.3,11.45,9.13
2018-04-27,10.39,10.01,10.75,9.35
2018-05-25,10.15,9.69,10.39,9.56
