date,open,close,high,low
2016-01-29,4.879,3.717,4.911,3.516
2016-02-29,3.698,3.477,4.321,3.399
2016-03-31,3.49,4.23,4.405,3.477
2016-04-29,4.204,4.463,4.703,4.074
2016-05-31,4.47,4.284,4.716,4.017
2016-06-30,4.304,4.353,4.373,3.997
2016-07-29,4.344,4.719,5.056,4.334
2016-08-31,4.7,5.016,5.432,4.522
2016-09-30,5.026,5.363,5.541,4.888
2016-10-31,5.392,6.184,6.392,5.343
2016-11-30,6.184,6.174,6.481,5.847
2016-12-20,6.194,6.51,6.768,6.184
2017-04-28,5.857,4.759,5.857,4.482
2017-05-31,4.769,4.601,4.799,4.165
2017-06-30,4.532,4.65,4.838,4.363
2017-07-31,4.68,5.18,5.19,4.48
2017-08-31,5.18,5.0,5.18,4.76
2017-09-29,4.98,5.48,6.08,4.97
2017-10-31,5.51,5.88,5.92,5.16
2017-11-30,5.91,5.37,6.07,5.18
2017-12-29,5.37,5.45,5.71,5.29
2018-01-31,5.41,5.22,5.46,4.83
2018-02-28,5.21,3.9,5.21,3.68
2018-03-30,3.86,3.72,4.14,3.31
2018-04-27,3.66,3.3,3.71,3.26
2018-05-25,3.3,3.1,3.32,3.07
