date,open,close,high,low
2016-01-29,13.635,9.97,13.635,9.286
2016-02-29,9.872,10.058,12.589,9.383
2016-03-31,10.185,12.912,13.655,9.872
2016-04-29,12.707,12.668,14.74,12.296
2016-05-31,12.707,11.856,13.567,10.361
2016-06-30,11.886,14.099,16.958,11.7
2016-07-29,14.217,13.496,15.303,13.042
2016-08-31,13.496,14.819,14.958,13.131
2016-09-30,14.829,15.313,16.241,14.148
2016-10-31,15.303,17.169,18.206,15.303
2016-11-30,17.219,17.505,18.729,17.179
2016-12-30,17.475,16.34,18.068,15.481
2017-01-26,16.389,15.54,17.327,13.931
2017-02-28,15.55,15.678,16.251,15.204
2017-03-31,15.649,14.711,17.771,14.415
2017-04-28,14.79,13.19,15.185,12.539
2017-05-31,13.19,11.255,13.546,10.377
2017-06-30,11.206,11.75,12.144,10.298
2017-07-31,11.7,11.47,12.15,10.08
2017-08-31,11.48,11.42,11.64,10.97
2017-09-29,11.4,11.26,12.22,10.88
2017-10-31,11.36,10.97,12.68,10.64
2017-11-30,10.97,9.21,11.14,9.17
2017-12-26,9.21,8.97,9.51,8.76
2018-01-31,9.28,8.5,9.4,8.32
2018-02-28,8.49,8.03,8.55,7.28
2018-03-30,8.0,8.25,9.14,7.39
2018-04-27,8.23,7.71,9.1,7.57
2018-05-25,7.7,7.75,8.11,7.56
