date,open,close,high,low
2016-01-29,10.57,6.31,10.68,6.0
2016-02-29,6.3,6.86,9.4,6.2
2016-03-31,6.91,7.96,8.52,6.8
2016-04-29,7.9,7.33,8.17,7.1
2016-05-31,7.33,6.78,7.63,5.9
2016-06-30,6.71,7.16,7.98,6.26
2016-07-29,7.12,6.99,7.78,6.88
2016-08-31,6.98,7.96,8.27,6.7
2016-09-30,7.9,7.98,8.55,7.56
2016-10-31,8.02,7.92,8.39,7.84
2016-11-30,7.96,8.51,9.39,7.88
2016-12-30,8.54,9.64,11.2,8.51
2017-01-26,9.64,9.3,10.96,8.59
2017-02-28,9.3,10.24,11.6,9.2
2017-03-31,10.24,10.15,10.97,9.94
2017-04-28,10.03,8.42,10.94,7.93
2017-05-31,8.42,7.14,8.45,6.8
2017-06-30,7.06,8.26,8.84,6.84
2017-07-31,8.29,7.83,8.65,7.27
2017-08-31,7.78,8.01,8.52,7.48
2017-09-29,8.04,8.04,8.5,7.85
2017-10-31,8.07,7.64,8.41,7.44
2018-04-27,6.88,6.19,6.88,6.19
2018-05-25,5.66,5.02,5.93,5.01
