date,open,close,high,low
2016-01-29,24.631,15.484,24.77,14.6
2016-02-29,15.484,14.411,18.464,14.004
2016-03-31,14.59,16.457,16.954,14.103
2016-04-29,16.298,16.497,18.752,16.05
2016-05-31,16.477,15.58,17.58,14.45
2016-06-30,15.64,16.0,16.18,14.7
2016-07-29,16.13,15.64,17.37,15.44
2016-08-31,15.76,15.72,17.08,15.0
2016-09-30,15.75,15.0,15.98,14.75
2016-10-31,15.05,15.4,15.68,15.05
2016-11-30,15.38,15.75,16.43,15.2
2016-12-30,15.74,16.51,18.27,15.23
2017-01-26,16.65,14.7,17.53,14.22
2017-02-28,14.75,15.15,15.6,14.63
2017-03-31,15.24,15.7,16.34,14.77
2017-04-28,15.7,14.28,16.0,14.12
2017-05-31,14.25,12.42,14.32,12.17
2017-06-30,12.35,12.5,13.04,11.31
2017-07-31,12.47,11.82,12.79,11.1
2017-08-31,11.8,12.93,13.49,11.71
2017-09-29,12.93,12.56,13.48,12.46
2017-10-31,12.65,12.93,14.35,12.62
2017-11-30,13.05,11.8,13.05,11.78
2017-12-29,11.75,12.58,13.06,11.21
2018-01-31,12.55,11.36,12.55,11.28
2018-02-28,11.4,10.91,11.4,10.24
2018-03-30,10.91,11.05,11.7,10.3
2018-04-27,11.02,10.53,11.7,10.45
2018-05-25,10.53,11.46,12.52,10.34
