date,open,close,high,low
2016-01-29,21.09,15.692,21.489,13.363
2016-02-29,15.642,16.802,21.729,15.502
2016-03-31,16.322,20.49,21.509,16.322
2016-04-26,20.02,25.437,25.787,19.92
2016-05-31,22.899,21.259,22.899,17.611
2016-06-30,21.07,19.76,21.519,18.321
2016-07-29,19.94,22.989,25.387,19.48
2016-08-31,22.969,24.288,25.477,21.489
2016-09-30,24.268,25.787,27.586,24.008
2016-10-31,25.967,25.887,28.976,25.447
2016-11-30,25.897,25.977,28.266,25.097
2016-12-30,25.837,26.737,27.486,24.008
2017-01-26,26.677,25.038,27.176,21.02
2017-02-28,25.187,27.037,27.226,24.838
2017-03-31,26.917,25.447,29.066,24.898
2017-04-28,25.447,23.968,26.137,22.759
2017-05-31,23.868,22.169,24.338,21.0
2017-06-30,22.039,21.979,23.238,21.189
2017-07-31,21.939,22.59,22.689,19.54
2017-08-31,22.59,21.61,22.99,21.01
2017-09-29,21.6,21.3,22.98,20.91
2017-10-31,21.4,21.8,22.0,20.5
2017-11-30,21.49,23.11,23.44,20.75
2017-12-29,23.22,16.92,23.4,16.2
2018-01-31,17.0,13.75,17.18,13.5
2018-02-01,13.65,12.38,13.75,12.38
2018-03-30,13.33,13.62,13.62,13.12
2018-04-27,14.5,12.42,16.48,11.8
2018-05-25,12.41,12.34,12.65,11.96
