date,open,close,high,low
2016-01-29,26.01,16.86,28.17,15.21
2016-02-29,16.65,18.02,23.26,16.32
2016-03-31,18.41,22.54,23.82,18.02
2016-04-29,22.1,19.41,24.38,19.3
2016-05-31,19.51,18.41,20.93,16.58
2016-06-30,18.35,18.86,19.88,17.2
2016-07-29,18.92,20.88,21.36,18.53
2016-08-31,20.68,24.07,26.36,19.81
2016-09-30,24.11,22.95,26.47,22.28
2016-10-31,22.89,23.35,25.0,22.58
2016-11-30,23.33,23.0,25.17,22.68
2016-12-30,22.6,23.42,24.1,21.1
2017-01-26,23.41,23.42,24.4,21.0
2017-02-28,23.42,25.02,26.39,23.22
2017-03-31,25.14,25.5,27.12,24.01
2017-04-28,25.52,24.26,27.48,22.98
2017-05-31,24.38,18.35,24.38,18.3
2017-06-30,18.05,17.26,19.55,16.53
2017-07-31,17.35,17.25,19.68,16.69
2017-08-31,17.29,17.08,17.88,16.01
2017-09-29,17.08,18.2,19.4,16.95
2017-10-31,18.46,19.96,21.86,18.06
2017-11-30,19.78,13.15,20.13,13.0
2017-12-29,13.14,12.41,13.73,12.17
2018-01-31,12.42,10.72,13.74,10.56
2018-02-28,10.58,8.82,10.6,7.89
2018-03-30,8.84,10.09,10.49,8.75
2018-04-27,10.09,8.7,10.21,8.0
2018-05-25,8.72,9.66,10.15,8.33
