date,open,close,high,low
2016-11-30,23.56,20.37,28.96,20.01
2016-12-30,20.87,20.13,21.87,16.8
2017-01-26,19.27,16.87,20.9,14.8
2017-02-28,16.85,17.18,19.6,16.66
2017-03-31,17.14,16.69,18.77,15.42
2017-04-28,16.22,10.73,16.5,9.92
2017-05-31,10.51,8.96,10.83,8.5
2017-06-30,8.83,8.44,9.13,8.15
2017-07-31,8.44,9.42,9.95,7.99
2017-08-31,9.41,9.59,10.18,8.49
2017-09-29,9.56,9.19,9.85,8.97
2017-10-31,9.21,8.81,9.68,8.58
2017-11-30,8.76,7.67,9.29,7.42
2017-12-29,7.67,9.04,9.12,7.08
2018-01-31,8.98,8.82,9.65,8.53
2018-02-28,8.82,8.3,9.24,7.86
2018-03-30,8.18,7.79,8.58,7.32
2018-04-27,7.7,7.68,8.07,7.37
2018-05-25,7.68,7.25,7.9,7.11
