date,open,close,high,low
2016-06-30,22.79,22.98,24.33,19.3
2016-07-29,22.68,17.63,22.84,17.5
2016-08-31,17.62,20.18,20.25,16.98
2016-09-30,20.01,21.7,22.85,19.27
2016-10-31,21.75,22.6,24.48,21.32
2016-11-30,22.58,21.6,24.75,21.5
2016-12-30,21.7,23.19,23.6,19.83
2017-01-26,23.18,19.73,23.18,18.41
2017-02-28,19.7,17.74,20.18,16.48
2017-03-31,17.77,17.9,19.6,17.22
2017-04-28,17.9,16.88,21.45,16.5
2017-05-31,16.8,12.62,17.15,12.18
2017-06-30,12.56,13.38,15.24,11.4
2017-07-31,13.38,12.93,14.71,11.88
2017-08-31,12.95,14.32,16.1,12.48
2017-09-29,14.28,14.3,15.36,13.41
2017-10-31,14.38,12.51,14.47,12.28
2017-11-30,12.51,12.13,13.85,11.52
2017-12-29,12.18,10.05,12.68,9.62
2018-01-31,10.06,8.84,11.48,8.8
2018-02-28,8.89,8.66,9.2,7.66
2018-03-30,8.69,9.14,10.21,7.7
2018-04-27,9.19,9.95,10.4,8.89
2018-05-25,10.01,10.64,11.39,9.5
