date,open,close,high,low
2016-01-14,12.6,8.81,12.79,7.55
2016-02-29,8.25,9.78,11.76,8.25
2016-03-04,9.82,10.54,11.65,9.82
2016-05-31,11.59,11.59,11.59,11.59
2016-06-30,12.75,11.86,14.49,10.13
2016-07-29,11.81,12.68,14.65,11.8
2016-08-31,12.58,16.58,17.75,12.25
2016-09-30,16.43,16.95,18.14,15.66
2016-10-31,16.96,18.36,19.66,16.75
2016-11-30,18.5,17.9,18.6,14.67
2016-12-27,18.03,13.15,19.2,12.02
2017-01-26,12.4,11.31,13.2,11.17
2017-02-28,11.33,11.64,12.18,10.92
2017-03-31,11.64,10.31,13.15,10.21
2017-04-28,10.32,9.46,11.54,8.8
2017-05-31,9.46,7.82,9.75,7.56
2017-06-30,7.72,8.27,9.38,7.44
2017-07-31,8.24,10.53,10.9,8.22
2017-08-31,10.56,9.3,10.83,8.95
2017-09-29,9.31,8.59,9.65,8.34
2017-10-31,8.7,9.57,9.98,7.8
2017-11-30,9.36,8.1,9.87,8.04
2017-12-29,8.07,7.14,8.18,6.92
2018-01-31,7.14,6.47,8.12,6.45
2018-02-28,6.47,5.85,6.51,5.17
2018-03-30,5.81,5.97,6.54,5.35
2018-04-27,5.97,5.85,6.62,5.56
2018-05-25,5.84,5.73,6.11,5.69
