date,open,close,high,low
2016-01-29,21.169,13.082,22.116,12.264
2016-02-29,12.922,12.294,15.515,11.995
2016-03-31,12.364,14.398,15.186,12.055
2016-04-29,14.318,15.226,15.704,13.86
2016-05-31,15.256,17.246,17.486,13.629
2016-06-30,17.236,18.136,18.855,15.358
2016-07-29,18.086,17.036,18.965,16.907
2016-08-31,17.036,17.146,17.486,16.037
2016-09-30,17.046,16.477,18.365,16.187
2016-10-31,16.507,16.747,17.996,16.497
2016-11-30,16.777,16.557,17.496,16.487
2016-12-30,16.567,15.777,16.787,14.698
2017-01-26,15.707,14.409,15.817,13.389
2017-02-28,14.468,14.538,15.108,14.239
2017-03-31,14.538,15.777,16.587,14.269
2017-04-28,15.777,13.779,17.036,12.79
2017-05-31,13.799,10.52,14.069,9.56
2017-06-30,10.51,10.78,11.41,9.0
2017-07-31,10.86,9.5,11.23,8.73
2017-08-31,9.48,9.35,9.68,9.0
2017-09-29,9.35,10.58,11.59,9.25
2017-10-31,10.6,8.82,10.79,8.64
2017-11-30,8.84,8.67,9.17,8.3
2017-12-29,8.67,7.46,8.76,7.22
2018-01-31,7.48,6.72,8.4,6.72
2018-02-28,6.5,6.39,6.7,5.82
2018-03-30,6.33,6.79,7.44,6.01
2018-04-27,6.78,6.76,7.29,6.16
2018-05-25,6.63,6.98,8.09,6.39
