date,open,close,high,low
2016-01-29,14.66,9.56,14.89,9.0
2016-02-29,9.4,9.05,11.25,8.85
2016-03-31,9.1,11.04,11.62,8.92
2016-04-29,10.98,10.57,11.7,10.22
2016-05-31,10.58,12.3,12.75,9.51
2016-06-17,12.29,13.09,13.32,11.45
2017-01-26,13.4,12.63,14.91,10.32
2017-02-28,12.61,12.78,13.99,12.38
2017-03-31,12.8,14.89,15.32,12.75
2017-04-28,14.49,13.0,15.54,11.48
2017-05-31,12.9,10.0,14.99,9.61
2017-06-30,10.03,10.68,11.5,9.6
2017-07-31,10.65,10.19,11.35,9.5
2017-08-31,10.23,10.38,10.8,9.81
2017-09-29,10.39,11.28,11.59,10.17
2018-02-28,10.15,7.66,10.15,7.31
2018-03-30,7.66,8.95,9.89,7.5
2018-04-27,8.95,8.04,9.82,7.64
2018-05-25,7.99,8.12,8.5,7.63
