date,open,close,high,low
2016-01-29,11.878,8.706,11.878,7.49
2016-02-29,8.706,7.374,9.734,7.245
2016-03-31,7.379,8.688,9.652,7.304
2016-04-29,8.706,9.284,9.781,8.402
2016-05-31,9.284,9.547,9.623,7.888
2016-06-30,9.524,11.833,12.226,9.296
2016-07-29,11.833,11.687,13.034,10.896
2016-08-31,11.464,11.646,12.232,10.826
2016-09-30,11.769,12.741,13.813,11.493
2016-10-31,12.741,12.8,13.784,12.302
2016-11-30,12.864,13.21,14.206,12.524
2016-12-30,13.292,12.202,13.462,11.335
2017-01-26,12.273,11.54,12.483,10.872
2017-02-28,11.593,12.091,12.214,11.4
2017-03-31,12.091,11.13,12.571,11.019
2017-04-28,12.179,10.521,12.454,9.888
2017-05-31,10.544,17.779,19.349,9.783
2017-06-30,17.926,15.49,20.98,15.33
2017-07-31,15.48,13.11,15.79,13.08
2017-08-31,13.01,14.35,15.65,13.01
2017-09-29,14.35,15.41,15.98,13.4
2017-10-31,15.4,12.18,15.88,11.93
2017-11-30,12.25,9.85,12.39,9.5
2017-12-29,9.86,10.09,10.75,8.75
2018-01-31,10.05,8.86,11.0,8.8
2018-02-28,9.07,8.92,9.43,7.95
2018-03-30,8.82,8.87,9.79,7.83
2018-04-27,8.87,9.44,9.9,8.11
2018-05-17,9.38,8.74,9.79,8.65
