date,open,close,high,low
2016-01-29,7.969,5.493,7.969,5.137
2016-02-29,5.444,5.381,6.299,5.127
2016-03-31,5.415,6.226,6.543,5.127
2016-04-29,6.157,6.489,7.451,6.001
2016-05-31,6.48,6.958,7.095,6.079
2016-06-30,7.085,7.629,7.855,6.665
2016-07-29,7.678,7.137,7.992,7.049
2016-08-31,7.117,7.176,7.324,6.842
2016-09-30,7.196,7.098,7.668,6.97
2016-10-31,7.137,7.275,7.658,7.137
2016-11-30,7.285,7.196,7.747,7.127
2016-12-30,7.206,6.882,7.265,6.655
2017-01-26,6.862,6.911,7.255,6.321
2017-02-28,6.911,8.582,9.536,6.832
2017-03-31,8.563,8.504,9.32,7.894
2017-04-28,8.454,7.452,10.303,6.882
2017-05-31,7.412,6.469,7.806,6.193
2017-06-30,6.459,7.432,8.248,6.046
2017-07-31,7.432,7.025,8.101,6.659
2017-08-31,7.045,6.817,7.618,6.768
2017-09-29,6.827,6.491,7.054,6.461
2017-10-31,6.52,6.124,6.698,6.055
2017-11-30,6.115,5.689,6.283,5.521
2017-12-29,5.659,5.57,5.838,5.491
2018-01-31,5.58,5.066,5.818,5.066
2018-02-28,5.066,4.63,5.076,4.086
2018-03-30,4.571,5.026,5.343,4.462
2018-04-27,4.987,4.571,5.293,4.512
2018-05-25,4.561,4.64,4.88,4.433
