date,open,close,high,low
2016-01-28,9.851,6.191,9.997,6.113
2016-02-29,6.814,6.337,7.446,6.084
2016-03-31,6.424,7.476,7.544,6.337
2016-04-29,7.534,7.252,8.157,7.077
2016-05-31,7.184,7.115,7.563,6.677
2016-06-30,7.106,8.108,8.478,7.047
2016-07-29,8.167,7.98,8.295,7.744
2016-08-31,7.931,8.335,9.044,7.823
2016-09-30,8.364,8.325,8.433,7.842
2016-10-31,8.325,8.286,8.542,8.098
2016-11-30,8.295,9.024,9.123,8.256
2016-12-30,9.015,7.98,9.359,7.882
2017-01-26,8.02,7.99,8.857,7.369
2017-02-28,7.99,8.827,10.621,7.882
2017-03-31,8.798,8.089,8.906,8.049
2017-04-28,8.069,7.034,8.256,6.719
2017-05-31,7.034,6.355,7.192,6.128
2017-06-30,6.355,6.581,6.847,6.079
2017-07-31,6.571,6.49,6.93,6.09
2017-08-31,6.49,7.03,7.14,6.33
2017-09-29,7.03,6.87,7.27,6.65
2017-10-31,6.89,7.1,7.37,6.72
2017-11-30,7.06,6.0,7.2,5.8
2017-12-29,6.0,6.76,7.59,5.98
2018-01-31,6.76,6.04,7.17,5.8
2018-02-28,6.0,6.11,6.17,5.54
2018-03-30,6.08,6.69,6.77,5.85
2018-04-27,6.66,7.58,7.83,6.43
2018-05-25,7.26,5.66,7.29,5.65
