date,open,close,high,low
2016-01-29,12.151,8.653,12.433,7.443
2016-02-29,8.716,9.349,10.443,8.487
2016-03-31,9.32,14.554,14.554,9.121
2016-04-29,14.256,15.276,19.156,13.739
2016-05-31,15.006,12.554,17.12,11.666
2016-06-30,12.564,12.982,13.72,11.068
2016-07-29,12.912,12.932,14.857,12.494
2016-08-31,12.843,13.381,14.049,12.334
2016-09-30,13.391,13.162,14.388,12.703
2016-10-31,13.84,13.521,14.448,13.252
2016-11-30,13.531,14.308,16.392,13.062
2016-12-30,14.219,15.096,15.216,12.464
2017-01-26,14.976,15.046,15.306,13.162
2017-02-28,15.016,19.603,23.881,14.907
2017-03-31,18.825,17.07,19.414,16.572
2017-04-26,16.761,13.042,17.659,11.756
2017-05-31,13.062,9.323,13.76,8.106
2017-06-30,9.263,10.21,10.769,8.695
2017-07-31,10.29,10.29,11.08,8.535
2017-08-31,10.31,8.6,10.39,8.21
2017-09-29,8.6,7.83,8.68,7.59
2017-10-31,7.87,9.26,9.58,7.79
2017-11-30,9.2,8.5,10.78,8.27
2017-12-29,8.46,6.82,10.68,6.57
2018-01-31,6.79,6.7,7.37,6.12
2018-02-28,6.73,6.09,7.36,5.28
2018-03-30,6.0,7.11,7.28,5.75
2018-04-27,6.8,6.1,7.65,5.89
2018-05-25,6.07,5.71,6.29,5.58
