date,open,close,high,low
2016-01-29,10.039,6.786,10.179,6.287
2016-02-29,6.826,6.227,7.654,6.087
2016-03-31,6.277,6.846,7.185,6.137
2016-04-29,6.856,6.446,7.434,6.397
2016-05-31,6.446,6.047,6.666,5.648
2016-06-30,6.047,6.137,6.277,5.698
2016-07-29,6.137,6.636,7.484,6.047
2016-08-31,6.606,7.145,7.734,6.267
2016-09-30,7.125,6.706,7.295,6.616
2016-10-31,6.736,6.576,6.925,6.516
2016-11-30,6.576,6.516,6.816,6.496
2016-12-30,6.516,6.047,6.536,5.868
2017-01-26,6.047,5.738,6.237,5.349
2017-02-28,5.738,6.217,6.367,5.718
2017-03-31,6.267,5.928,6.307,5.848
2017-04-28,5.868,5.199,6.037,5.039
2017-05-31,5.199,4.84,5.469,4.59
2017-06-30,4.84,4.89,5.04,4.531
2017-07-31,4.89,5.13,5.18,4.55
2017-08-31,5.16,4.93,5.18,4.64
2017-09-19,4.92,5.63,5.78,4.91
2017-10-31,5.53,4.79,5.54,4.7
2017-11-30,4.8,4.24,4.82,4.17
2017-12-29,4.26,4.05,4.29,3.95
2018-01-31,4.06,4.07,4.25,4.01
2018-02-28,4.07,4.18,4.42,3.54
2018-03-30,4.02,3.74,4.2,3.47
2018-04-27,3.72,3.43,3.78,3.41
2018-05-25,3.45,3.45,3.62,3.32
