date,open,close,high,low
2016-01-29,13.636,8.032,13.755,7.744
2016-02-29,8.052,7.544,9.59,7.544
2016-03-31,7.365,9.351,9.759,7.365
2016-04-29,9.356,8.833,10.053,8.266
2016-05-31,8.908,9.232,9.535,8.002
2016-06-30,9.256,10.919,11.605,8.998
2016-07-29,10.879,10.126,11.722,10.076
2016-08-31,9.801,10.081,10.714,9.707
2016-09-30,10.081,10.615,10.974,9.876
2016-10-31,10.629,11.517,11.587,10.475
2016-11-30,11.532,10.654,11.742,10.624
2016-12-30,10.704,10.325,11.048,10.196
2017-01-26,10.415,9.976,10.679,9.133
2017-02-28,9.976,10.205,10.49,9.243
2017-03-31,10.375,10.086,11.098,9.941
2017-04-28,10.101,8.993,10.295,8.709
2017-05-31,8.978,8.734,9.452,8.165
2017-06-30,8.734,8.41,8.79,8.011
2017-07-31,8.41,7.52,9.0,7.22
2017-08-31,7.53,8.06,8.54,7.35
2017-09-29,8.08,7.72,8.4,7.64
2017-10-31,7.8,7.63,8.29,7.55
2017-11-30,7.64,7.67,7.93,7.0
2017-12-29,7.61,7.08,7.71,6.94
2018-01-31,7.09,7.72,8.2,7.07
2018-02-28,7.61,7.13,7.81,6.24
2018-03-30,7.07,6.93,7.57,6.53
2018-04-27,6.94,7.41,7.9,6.75
2018-05-25,7.43,7.51,7.66,7.22
