date,open,close,high,low
2016-01-29,17.592,9.735,18.136,8.678
2016-02-29,9.567,8.776,12.216,8.767
2016-03-31,8.885,10.269,10.931,8.332
2016-04-29,10.229,12.058,12.077,9.893
2016-05-31,11.959,11.919,12.621,9.794
2016-06-30,11.919,14.29,15.983,11.593
2016-07-29,14.32,12.029,14.489,11.95
2016-08-31,11.95,13.404,14.22,11.382
2016-09-30,13.423,12.916,14.14,11.531
2016-10-31,12.955,13.214,15.714,12.746
2016-11-30,13.284,12.826,14.31,12.547
2016-12-30,12.906,10.894,12.916,10.765
2017-01-09,10.904,11.89,12.099,10.904
2017-04-28,12.049,10.038,13.473,9.56
2017-05-31,10.048,9.719,11.073,7.608
2017-06-30,9.59,9.161,10.207,8.863
2017-07-31,9.261,8.91,9.918,8.34
2017-08-31,8.86,9.42,9.8,8.58
2017-09-29,9.35,9.3,9.96,8.92
2017-10-31,9.35,8.76,9.55,8.36
2017-11-30,8.76,8.15,9.1,8.02
2017-12-29,8.23,9.0,9.4,7.8
2018-01-31,9.01,8.65,9.55,8.63
2018-02-28,8.66,8.61,8.73,8.03
2018-03-30,8.55,8.72,9.12,8.34
2018-04-27,8.67,8.28,9.01,8.16
2018-05-25,8.3,8.43,8.76,8.23
