date,open,close,high,low
2016-01-29,19.5,13.58,19.83,12.71
2016-02-29,13.2,13.94,16.3,12.9
2016-03-31,13.8,17.1,21.14,13.24
2016-04-29,16.8,15.02,17.98,14.37
2016-05-31,15.0,13.99,15.57,12.8
2016-06-30,14.05,15.23,16.12,13.01
2016-07-29,15.15,15.34,17.21,15.03
2016-08-31,15.29,17.26,18.46,14.86
2016-09-30,17.2,18.84,20.88,16.97
2016-10-31,18.99,18.52,19.74,17.41
2016-11-30,18.51,17.83,19.83,17.69
2016-12-30,17.84,16.25,17.98,15.91
2017-01-20,16.26,15.54,17.03,14.47
2017-02-28,15.83,15.09,17.09,15.04
2017-03-14,15.16,15.5,16.38,15.02
2017-08-31,13.95,12.48,13.95,11.22
2017-09-29,12.44,14.9,15.5,12.31
2017-10-31,14.91,12.43,15.3,11.7
2017-11-30,12.38,14.26,14.98,12.38
2017-12-29,14.24,13.03,14.89,12.53
2018-01-31,13.1,10.82,13.29,10.53
2018-02-28,10.76,10.78,11.3,9.62
2018-03-30,10.79,12.06,13.95,10.25
2018-04-27,11.85,10.36,12.48,9.73
2018-05-25,10.36,10.83,11.66,9.99
