date,open,close,high,low
2016-01-29,11.51,7.24,11.67,6.84
2016-02-29,7.1,8.49,9.52,6.96
2016-03-31,7.64,8.35,9.05,7.1
2016-04-29,8.26,9.27,9.45,8.06
2016-05-31,9.2,7.91,9.64,7.33
2016-06-30,7.9,8.89,9.24,7.66
2016-07-29,8.91,8.3,9.27,8.26
2016-08-31,8.23,11.03,12.33,7.99
2016-09-30,10.85,10.8,11.48,9.67
2016-10-31,10.92,12.46,13.3,10.72
2016-11-30,12.47,10.96,13.55,10.33
2016-12-30,10.91,9.68,11.28,9.45
2017-01-26,9.75,9.34,10.49,8.92
2017-02-28,8.42,7.54,8.79,7.49
2017-03-31,7.4,7.24,9.0,7.2
2017-04-28,7.24,5.43,7.55,5.14
2017-05-31,5.41,4.51,5.43,4.28
2017-06-30,4.47,4.4,4.66,4.1
2017-07-31,4.61,4.85,5.2,4.31
2017-08-31,4.81,5.04,5.38,4.67
2017-09-29,5.04,5.06,5.24,4.77
2017-10-31,5.1,4.95,5.16,4.79
2017-11-30,4.93,4.96,5.72,4.83
2017-12-29,4.96,4.91,5.03,4.51
2018-01-31,4.9,4.65,5.04,4.53
2018-02-28,4.64,4.36,4.64,3.9
2018-03-30,4.38,4.63,4.76,4.18
2018-04-27,4.63,5.2,6.22,4.58
2018-05-25,5.16,5.6,5.92,4.9
