date,open,close,high,low
2016-03-31,6.424,6.777,7.043,5.88
2016-04-29,6.715,6.839,7.371,6.319
2016-05-31,6.814,6.356,7.371,5.805
2016-06-30,6.449,7.142,7.278,6.102
2016-07-29,7.148,7.322,7.996,6.938
2016-08-31,7.315,7.854,8.281,6.882
2016-09-30,7.811,8.071,8.702,7.563
2016-10-31,8.114,7.916,8.448,7.86
2016-11-30,7.947,7.761,8.194,7.582
2016-12-30,7.798,7.297,7.835,6.758
2017-01-26,7.365,8.281,10.014,7.315
2017-02-28,8.299,8.708,9.284,8.287
2017-03-31,8.708,9.036,9.438,8.207
2017-04-28,8.943,7.26,9.098,6.808
2017-05-31,7.266,6.88,7.297,6.164
2017-06-30,6.88,6.59,6.89,6.23
2017-07-31,6.58,6.15,6.81,6.0
2017-08-31,6.17,6.42,6.47,6.03
2017-09-29,6.41,6.47,7.08,6.33
2017-10-31,6.5,6.12,6.69,6.04
2017-11-30,6.12,5.63,6.14,5.51
2017-12-29,5.63,5.45,5.68,5.28
2018-01-31,5.46,5.03,5.83,4.99
2018-02-28,5.06,4.51,5.06,4.15
2018-03-30,4.5,4.84,4.91,4.24
2018-04-27,4.83,4.88,5.04,4.62
2018-05-25,4.88,4.76,5.06,4.75
