date,open,close,high,low
2016-01-29,21.348,14.019,21.574,13.055
2016-02-29,13.822,12.966,16.183,12.799
2016-03-31,13.035,16.085,16.429,12.769
2016-04-29,15.976,15.229,17.806,14.019
2016-05-31,15.298,14.511,16.498,13.478
2016-06-30,14.501,15.648,15.837,13.655
2016-07-29,15.708,14.886,16.49,14.787
2016-08-31,14.945,15.005,15.371,14.391
2016-09-30,14.925,14.876,14.985,14.341
2016-10-31,14.945,14.717,15.341,14.678
2016-11-30,14.717,14.807,15.143,14.371
2016-12-30,14.826,13.281,14.975,13.034
2017-01-26,13.321,12.796,13.806,11.984
2017-02-28,12.766,13.351,13.618,12.628
2017-03-31,13.291,12.578,13.965,12.479
2017-04-28,12.598,11.558,13.034,11.241
2017-05-31,11.538,10.548,11.746,10.32
2017-06-30,10.548,10.63,10.85,9.904
2017-07-31,10.65,10.38,10.88,9.83
2017-08-31,10.35,11.08,11.65,10.07
2017-09-29,11.11,11.19,11.7,10.84
2017-10-31,11.3,11.88,12.14,11.07
2017-11-30,11.85,11.12,12.75,11.03
2017-12-29,11.08,9.9,11.31,9.68
2018-01-31,10.11,9.54,10.3,9.48
2018-02-28,9.57,9.1,9.62,8.43
2018-03-30,9.08,9.44,9.83,8.43
2018-04-27,9.28,7.97,9.38,7.95
2018-05-25,8.0,7.9,8.35,7.72
