date,open,close,high,low
2016-01-29,10.529,6.187,10.74,5.779
2016-02-29,6.194,6.589,8.171,5.766
2016-03-31,6.583,10.536,10.536,6.398
2016-04-18,10.391,9.541,10.424,9.172
2016-07-29,9.244,7.904,9.244,7.732
2016-08-31,7.666,8.921,9.462,7.27
2016-09-28,8.914,9.026,10.129,8.458
2016-10-31,9.244,9.383,10.367,9.158
2016-11-30,9.39,10.532,11.126,9.02
2016-12-30,10.4,8.802,10.545,8.591
2017-01-26,8.848,8.848,9.297,7.93
2017-02-28,8.855,8.934,9.224,8.657
2017-03-31,8.967,8.696,9.409,8.551
2017-04-28,8.696,8.135,8.934,7.924
2017-05-31,8.155,7.197,8.505,6.669
2017-06-30,7.197,7.54,7.8,6.946
2017-07-31,7.51,7.34,7.54,6.68
2017-08-31,7.34,8.12,8.3,7.34
2017-09-29,8.1,8.1,8.38,7.85
2017-10-31,8.2,7.55,8.34,7.46
2017-11-30,7.57,7.14,7.76,6.76
2017-12-29,7.11,6.91,7.5,6.78
2018-01-31,6.9,6.46,7.76,6.45
2018-02-28,6.46,6.29,6.5,5.49
2018-03-30,6.25,6.82,7.17,6.18
2018-04-27,6.81,7.27,7.9,6.5
2018-05-25,7.26,7.74,8.0,7.13
