date,open,close,high,low
2016-01-29,10.351,6.203,10.351,5.634
2016-02-29,6.68,7.773,10.59,6.549
2016-03-31,7.681,9.42,10.351,7.257
2016-04-29,9.281,8.127,9.743,8.012
2016-05-31,8.158,8.19,8.589,7.003
2016-06-30,8.11,8.88,9.55,8.09
2016-07-29,8.88,8.0,9.55,7.95
2016-08-31,7.93,8.36,8.95,7.75
2016-09-30,8.32,8.06,9.08,7.88
2016-10-31,8.07,8.06,8.39,7.95
2016-11-30,8.08,8.04,8.42,7.98
2016-12-30,8.02,7.36,8.07,7.17
2017-01-26,7.37,7.32,8.28,6.37
2017-02-28,7.22,6.92,7.6,6.82
2017-03-31,6.91,6.72,7.11,6.63
2017-04-28,6.7,6.16,7.28,5.92
2017-05-31,6.2,5.76,6.38,5.63
2017-06-30,5.76,5.93,6.14,5.45
2017-07-31,5.89,5.54,6.12,5.25
2017-08-31,5.56,6.04,7.0,5.43
2017-09-29,6.02,6.05,6.48,5.97
2017-10-31,6.09,5.63,6.33,5.45
2017-11-30,5.61,5.31,5.93,5.08
2017-12-29,5.31,5.13,5.5,5.01
2018-01-31,5.15,4.83,5.24,4.78
2018-02-28,4.81,4.94,4.94,3.94
2018-03-30,5.1,4.81,5.1,4.1
2018-04-27,4.77,4.96,5.57,4.5
2018-05-25,5.03,4.48,5.17,4.47
