date,open,close,high,low
2016-01-29,12.326,8.279,12.326,7.26
2016-03-31,8.143,10.126,10.542,7.813
2016-04-29,10.119,11.157,11.655,9.746
2016-05-31,11.095,9.635,11.276,8.578
2016-06-30,9.647,11.816,12.742,9.647
2016-07-29,11.741,10.576,12.24,10.414
2016-08-31,10.613,10.601,10.943,10.065
2016-09-29,10.644,11.461,11.592,10.47
2016-10-31,11.841,11.118,12.09,10.844
2016-11-30,11.118,11.997,13.012,11.118
2016-12-30,11.903,11.162,12.047,10.501
2017-01-26,11.124,10.769,11.816,9.971
2017-02-28,10.781,11.186,11.261,10.582
2017-03-31,11.261,10.345,11.442,10.283
2017-04-28,10.376,8.59,10.682,8.02
2017-05-31,8.6,7.37,8.64,7.05
2017-06-30,7.35,7.99,8.29,6.9
2017-07-31,8.0,7.3,8.36,6.73
2017-08-31,7.3,8.7,9.54,7.24
2017-09-29,8.7,9.06,9.8,8.4
2017-10-31,9.2,8.29,9.74,7.97
2017-11-09,8.27,8.37,8.51,8.05
2018-04-27,7.53,6.46,7.53,6.4
2018-05-25,6.55,6.34,6.7,6.12
