date,open,close,high,low
2016-01-29,17.1,9.99,17.37,9.42
2016-02-29,9.9,10.66,12.4,9.73
2016-03-31,10.5,14.22,14.43,10.48
2016-04-29,14.04,15.5,15.86,13.45
2016-05-31,15.55,13.98,16.12,11.63
2016-06-30,14.1,16.1,16.85,13.96
2016-07-29,16.22,15.23,16.54,13.88
2016-08-01,15.0,15.33,15.4,14.61
2017-02-28,15.44,16.86,16.86,14.61
2017-03-31,16.88,11.3,17.86,11.2
2017-04-27,11.32,8.33,12.09,8.33
2017-06-30,7.92,7.26,8.5,6.95
2017-07-31,7.28,6.89,7.58,6.52
2017-08-31,6.91,7.75,7.96,6.8
2017-09-29,7.72,9.0,9.22,7.6
2017-10-31,9.08,8.87,9.15,8.33
2017-11-30,8.87,9.34,11.22,8.8
2017-12-29,9.27,8.0,9.58,7.85
2018-01-31,8.0,6.32,8.57,6.32
2018-02-28,6.13,6.76,6.76,5.33
2018-03-30,6.86,7.43,8.02,6.75
2018-04-27,7.49,6.7,8.5,6.36
2018-05-25,6.78,6.56,7.11,6.43
