date,open,close,high,low
2016-01-29,6.829,4.153,7.017,3.823
2016-02-29,4.1,3.953,4.994,3.882
2016-03-31,3.97,4.964,5.059,3.929
2016-04-29,4.894,5.847,5.988,4.706
2016-05-31,5.817,5.459,6.1,4.894
2016-06-30,5.476,5.723,6.117,5.423
2016-07-29,5.735,6.329,6.453,5.635
2016-08-01,6.258,5.953,6.258,5.764
2017-03-31,6.547,6.153,7.158,5.97
2017-04-28,5.953,4.812,6.141,4.606
2017-05-31,4.823,4.217,4.894,3.912
2017-06-09,4.212,4.394,4.447,4.065
2017-07-31,4.459,4.541,4.717,4.012
2017-08-31,4.547,4.788,4.988,4.288
2017-09-29,4.735,4.482,4.982,4.441
2017-10-31,4.506,4.312,4.859,4.176
2017-11-30,4.282,3.765,4.617,3.729
2017-12-29,3.765,3.676,3.87,3.606
2018-01-31,3.682,3.529,3.923,3.465
2018-02-28,3.529,3.235,3.553,2.947
2018-03-30,3.212,3.606,3.623,3.159
2018-04-27,3.588,3.77,4.041,3.359
2018-05-25,3.77,3.723,4.159,3.682
