date,open,close,high,low
2016-01-29,25.39,15.87,25.49,14.68
2016-02-29,15.75,14.37,18.86,14.36
2016-03-31,14.37,16.92,17.79,13.55
2016-04-29,16.85,18.19,19.7,16.23
2016-05-31,18.5,16.78,19.45,15.03
2016-06-30,16.69,20.49,21.35,16.69
2016-07-29,20.39,17.47,20.79,17.2
2016-08-31,17.4,20.34,20.68,16.8
2016-09-30,20.4,18.82,21.0,18.37
2016-10-31,19.0,20.36,20.42,18.82
2016-11-30,20.43,22.73,25.0,20.21
2016-12-30,22.56,21.14,23.52,20.51
2017-01-26,21.23,20.2,22.55,18.2
2017-02-28,20.0,19.45,20.12,18.56
2017-03-31,19.61,17.92,20.6,17.65
2017-04-28,17.9,16.18,18.78,15.61
2017-05-31,16.18,16.76,17.29,15.07
2017-06-30,16.48,17.5,18.28,15.82
2017-07-31,17.6,16.29,18.1,15.48
2017-08-31,16.21,17.87,18.27,15.8
2017-09-29,17.82,19.61,20.32,17.62
2017-10-31,19.9,17.2,20.82,16.88
2017-11-30,17.61,16.38,17.61,15.39
2017-12-29,16.44,15.39,17.85,15.21
2018-01-31,15.45,15.21,16.34,13.32
2018-02-28,14.98,15.64,15.85,14.01
2018-03-30,15.43,17.28,17.48,15.42
2018-04-27,17.29,16.8,18.0,16.18
2018-05-25,16.76,16.85,17.14,15.7
