date,open,close,high,low
2016-01-29,9.329,6.837,9.429,6.507
2016-02-29,6.537,5.622,7.599,5.622
2016-03-31,5.684,7.045,7.291,5.453
2016-04-29,6.907,7.06,7.499,6.299
2016-05-31,7.1,6.75,7.66,5.79
2016-06-30,6.72,8.08,8.4,6.69
2016-07-29,8.01,7.36,8.69,7.1
2016-08-31,7.34,7.12,7.48,6.94
2016-09-30,7.13,6.86,7.33,6.76
2016-10-31,6.9,7.11,7.38,6.87
2016-11-30,7.15,7.21,8.09,7.06
2016-12-30,7.21,6.51,7.48,6.32
2017-01-26,6.52,6.84,7.05,6.31
2017-02-28,6.8,7.27,7.64,6.78
2017-03-31,7.24,6.72,7.41,6.68
2017-04-28,6.76,5.6,6.9,5.3
2017-05-31,5.59,5.11,5.86,4.87
2017-06-30,5.1,5.28,5.36,4.84
2017-07-31,5.28,5.26,5.59,4.87
2017-08-31,5.26,5.62,5.68,5.17
2017-09-29,5.6,5.59,6.19,5.49
2017-10-31,5.64,5.19,5.73,5.13
2017-11-17,5.2,4.86,5.21,4.84
2017-12-29,5.0,4.72,5.48,4.61
2018-01-31,4.74,4.6,4.95,4.55
2018-02-28,4.65,4.29,4.65,4.0
2018-03-30,4.25,4.37,4.56,4.0
2018-04-27,4.42,4.23,4.48,4.05
2018-05-25,4.22,4.37,4.51,4.17
