date,open,close,high,low
2016-01-29,8.143,8.984,12.74,8.143
2016-02-29,8.754,8.028,10.904,7.868
2016-03-31,8.053,10.849,11.98,7.903
2016-04-29,10.829,9.979,11.545,9.579
2016-05-31,10.029,11.49,13.6,9.934
2016-06-30,11.5,12.22,15.06,11.36
2016-07-29,12.23,9.98,12.52,9.8
2016-08-31,9.98,10.9,11.11,9.56
2016-09-30,10.91,11.06,11.91,10.64
2016-10-31,11.08,10.39,11.54,10.2
2016-11-30,10.35,10.19,10.94,10.05
2016-12-30,10.16,9.29,10.25,8.52
2017-01-26,9.36,8.6,9.38,7.78
2017-02-28,8.61,9.18,9.97,8.25
2017-03-31,9.15,8.45,9.43,8.21
2017-04-28,8.45,8.05,9.03,7.76
2017-05-31,8.04,8.03,8.61,7.73
2017-06-30,8.03,8.07,8.48,7.77
2017-07-31,8.06,8.7,8.8,7.5
2017-08-31,8.74,8.61,9.02,7.5
2017-09-29,8.56,9.33,9.39,8.52
2017-10-31,9.45,8.89,9.49,8.0
2017-11-30,8.84,8.56,9.1,8.05
2017-12-29,8.52,7.64,8.64,7.48
2018-01-31,7.67,8.05,8.8,7.51
2018-02-28,8.1,6.78,8.2,6.35
2018-03-30,6.77,6.12,7.1,5.57
2018-04-27,6.15,6.25,6.63,5.68
2018-05-25,6.3,5.99,7.03,5.96
