date,open,close,high,low
2016-01-29,10.64,9.564,11.957,7.986
2016-02-29,9.526,8.392,12.472,8.392
2016-03-31,8.176,12.979,13.508,7.768
2016-04-29,12.81,12.682,16.835,11.992
2016-05-31,12.524,10.129,15.53,9.341
2016-06-30,10.129,10.435,11.125,9.361
2016-07-29,10.445,10.169,12.149,9.844
2016-08-31,10.129,10.159,10.79,9.666
2016-09-30,10.159,10.721,12.376,10.07
2016-10-31,10.731,10.868,11.696,10.642
2016-11-30,10.898,10.859,12.12,10.494
2016-12-30,10.878,10.376,10.957,9.558
2017-01-26,10.484,9.459,11.745,8.898
2017-02-28,9.42,11.085,11.144,9.341
2017-03-31,10.987,10.819,14.278,10.297
2017-04-28,10.819,9.105,11.105,8.563
2017-05-31,9.075,8.78,9.834,8.376
2017-06-30,8.691,8.167,8.751,7.912
2017-07-31,8.187,6.918,8.424,6.72
2017-08-31,6.918,7.275,7.602,6.769
2017-09-29,7.334,7.413,8.167,7.275
2017-10-31,7.443,7.057,8.078,6.839
2017-11-30,7.017,7.304,7.384,6.621
2017-12-29,7.275,7.215,8.127,6.908
2018-01-31,7.285,6.799,7.75,6.799
2018-02-28,6.799,5.61,6.868,5.065
2018-03-30,5.58,5.639,6.006,4.965
2018-04-27,5.729,5.59,6.274,5.461
2018-05-25,5.6,5.55,5.689,5.362
