date,open,close,high,low
2016-01-29,25.442,16.441,25.442,15.387
2016-02-29,16.451,13.994,18.818,13.934
2016-03-14,14.223,15.824,16.272,13.626
2016-04-29,17.406,18.251,18.599,15.764
2016-05-31,17.873,15.735,18.161,13.924
2016-06-30,15.814,16.222,17.137,14.422
2016-07-29,16.142,18.32,19.076,16.113
2016-08-31,18.03,20.39,23.8,17.02
2016-09-30,20.09,18.33,20.1,17.51
2016-10-31,18.38,20.36,21.88,17.96
2016-11-30,20.46,18.68,21.3,18.33
2016-12-30,18.78,16.88,18.91,15.55
2017-01-26,16.73,16.37,17.31,14.45
2017-02-28,16.4,16.39,17.37,16.16
2017-03-31,16.3,16.31,17.3,15.98
2017-04-28,16.35,14.7,17.28,14.68
2017-05-31,14.54,12.77,14.57,12.3
2017-06-30,12.76,13.94,15.01,11.66
2017-07-31,13.99,12.71,14.8,12.38
2017-08-31,12.74,12.97,13.86,12.54
2017-09-29,12.99,12.55,13.47,12.3
2017-10-31,12.6,13.3,13.88,12.6
2017-11-30,13.3,12.36,14.12,11.8
2017-12-29,12.35,13.02,14.17,12.05
2018-01-31,12.88,11.51,13.73,11.28
2018-02-28,11.51,11.11,11.65,10.36
2018-03-30,11.09,11.35,12.18,10.12
2018-04-27,11.29,10.4,12.1,10.29
2018-05-25,10.4,10.14,10.78,10.12
