date,open,close,high,low
2016-01-29,14.89,9.92,14.98,9.43
2016-02-29,9.95,9.58,11.81,9.37
2016-03-31,9.65,11.05,11.42,9.46
2016-04-29,11.0,10.25,11.51,9.97
2016-05-31,10.28,9.38,10.65,8.8
2016-06-30,9.42,9.46,9.76,8.65
2016-07-29,9.43,10.35,11.3,9.37
2016-08-31,10.35,10.94,11.15,9.8
2016-09-30,10.91,12.4,12.74,10.67
2016-10-31,12.6,12.24,13.05,11.8
2016-11-30,12.24,11.63,12.47,11.44
2016-12-30,11.79,10.78,11.79,10.18
2017-01-26,10.77,9.86,11.13,9.31
2017-02-28,9.85,10.45,10.78,9.79
2017-03-31,10.38,9.25,11.3,9.11
2017-04-28,9.24,8.62,9.65,8.03
2017-05-24,8.64,6.67,8.69,6.58
2017-07-31,6.88,6.59,6.88,6.39
2017-08-31,6.6,6.93,6.95,6.43
2017-09-29,6.92,7.07,7.77,6.87
2017-10-31,7.11,6.93,7.67,6.83
2017-11-30,6.93,6.34,7.28,6.2
2017-12-29,6.31,6.37,6.78,6.13
2018-01-31,6.37,5.71,6.56,5.7
2018-02-28,5.64,5.05,5.79,4.39
2018-03-30,5.02,5.72,5.84,4.86
2018-04-27,6.04,6.41,9.21,6.04
2018-05-25,6.41,7.67,8.15,6.11
