date,open,close,high,low
2016-01-29,15.495,10.224,15.715,9.505
2016-02-29,9.984,10.992,13.508,9.685
2016-03-31,10.793,13.249,13.728,10.423
2016-04-29,13.159,13.498,14.856,12.63
2016-05-31,13.508,12.84,14.477,11.641
2016-06-30,12.83,15.07,15.77,12.71
2016-07-29,14.96,14.35,16.53,14.15
2016-08-31,14.4,15.73,15.86,13.6
2016-09-30,15.68,14.58,16.19,14.13
2016-10-31,14.66,15.37,15.98,14.66
2016-11-30,15.37,16.27,17.27,14.7
2016-12-30,16.27,15.2,18.08,14.85
2017-01-26,15.25,13.47,15.73,12.79
2017-02-28,13.47,13.2,13.75,12.83
2017-03-31,13.2,12.18,13.8,12.0
2017-04-28,12.12,10.3,12.91,9.7
2017-05-31,10.3,9.11,10.48,8.79
2017-06-30,9.02,9.54,10.35,8.59
2017-07-31,9.62,8.86,9.94,8.28
2017-08-31,8.89,9.6,9.6,8.54
2017-09-29,9.99,11.26,11.68,9.62
2017-10-31,11.6,11.79,12.28,10.03
2017-11-30,11.67,10.23,12.58,10.01
2017-12-29,10.21,9.58,10.68,9.12
2018-01-31,9.58,9.82,11.02,9.5
2018-02-28,9.81,9.74,9.95,8.9
2018-03-30,9.67,9.49,10.46,8.92
2018-04-27,9.51,9.46,10.95,9.23
2018-05-25,9.39,9.2,9.69,9.07
