date,open,close,high,low
2016-02-22,21.763,25.776,26.635,21.154
2016-07-29,23.2,18.546,23.2,17.917
2016-08-31,18.206,20.833,21.852,17.278
2016-09-30,20.773,22.411,23.749,20.673
2016-10-31,22.621,26.376,27.434,22.541
2016-11-30,26.346,26.805,29.911,26.066
2016-12-30,26.955,32.248,34.685,26.925
2017-01-26,32.308,34.475,36.133,30.56
2017-02-28,33.946,25.537,33.946,24.618
2017-03-31,25.527,25.007,25.906,22.231
2017-04-28,27.504,25.047,30.051,24.458
2017-05-31,25.267,24.169,28.044,20.533
2017-06-30,24.049,23.42,24.059,22.45
2017-07-31,23.42,26.0,26.55,23.32
2017-08-31,25.8,27.0,28.3,25.58
2017-09-29,26.88,27.8,29.06,26.03
2017-10-31,27.8,26.45,28.48,25.56
2017-11-30,26.64,25.06,28.71,24.9
2017-12-29,25.13,24.11,26.88,23.68
2018-01-31,24.13,24.08,25.88,23.8
2018-02-28,24.23,23.46,24.23,23.0
2018-03-30,23.36,23.05,24.13,22.9
2018-04-27,23.1,29.4,30.1,22.77
2018-05-25,29.1,15.85,34.58,15.5
