date,open,close,high,low
2016-01-29,6.415,19.335,28.747,6.415
2016-02-29,18.775,22.992,32.134,18.395
2016-03-31,22.842,24.43,27.208,21.673
2016-04-29,24.331,23.052,27.968,22.532
2016-05-31,22.982,21.992,25.58,19.884
2016-06-30,22.012,27.078,30.576,21.843
2016-07-29,27.088,25.717,32.154,24.898
2016-08-31,25.697,29.285,30.625,23.918
2016-09-30,29.095,24.558,30.485,24.488
2016-10-31,24.868,26.467,28.376,24.868
2016-11-30,26.387,37.931,47.976,26.287
2016-12-30,38.271,31.534,41.129,30.235
2017-01-26,31.684,25.727,32.954,23.079
2017-02-28,25.737,27.386,28.956,25.497
2017-03-31,27.256,26.357,30.485,25.987
2017-04-28,26.587,20.39,27.276,19.041
2017-05-31,20.35,17.941,21.279,16.952
2017-06-30,17.501,21.04,21.789,16.702
2017-07-31,21.189,18.871,21.929,17.301
2017-08-31,18.691,19.04,20.3,17.5
2017-09-29,18.9,17.87,19.47,17.7
2017-10-31,18.03,17.42,18.87,17.22
2017-11-30,17.4,14.16,17.57,13.6
2017-12-29,14.2,13.4,14.39,12.85
2018-01-31,13.37,12.2,14.36,12.2
2018-02-28,12.18,11.44,12.3,10.24
2018-03-30,11.8,11.52,12.75,9.72
2018-04-27,11.41,10.89,13.6,10.72
2018-05-25,11.05,11.42,11.81,10.52
