date,open,close,high,low
2016-01-29,18.221,11.099,18.48,10.495
2016-02-29,11.145,10.143,12.858,10.143
2016-03-31,10.143,12.878,13.263,9.791
2016-04-29,12.851,13.303,16.336,12.413
2016-05-31,13.23,12.898,14.471,11.603
2016-06-30,13.097,14.666,15.111,12.844
2016-07-29,14.612,15.138,16.72,13.967
2016-08-31,14.878,15.304,17.019,14.041
2016-09-30,15.41,14.453,16.341,14.28
2016-10-31,14.553,15.516,16.015,14.553
2016-11-30,15.503,17.046,19.193,15.357
2016-12-28,17.178,17.178,18.216,15.364
2017-04-28,15.49,12.957,16.108,12.731
2017-05-31,13.03,13.542,14.187,12.591
2017-06-30,13.462,14.88,15.48,13.117
2017-07-31,14.9,13.9,15.28,13.79
2017-08-31,13.89,13.2,14.23,12.53
2017-09-29,13.32,12.66,13.33,12.55
2017-10-31,12.71,11.89,13.98,11.5
2017-11-30,11.93,9.57,12.14,9.45
2017-12-29,9.58,9.47,10.7,9.14
2018-01-31,9.48,9.72,9.98,9.13
2018-02-28,9.88,7.81,10.0,6.91
2018-03-30,7.78,9.0,9.16,7.41
2018-04-27,8.75,7.81,8.99,7.6
2018-05-25,7.84,8.09,8.45,7.67
