date,open,close,high,low
2016-01-29,56.54,37.724,57.237,35.135
2016-02-29,36.837,34.627,43.259,34.209
2016-03-31,34.557,44.673,49.78,33.97
2016-04-29,42.98,38.311,45.42,37.156
2016-05-31,38.331,41.119,42.383,36.837
2016-06-30,41.517,48.502,49.601,38.928
2016-07-29,47.973,45.347,61.352,43.75
2016-08-31,44.928,48.422,54.103,42.752
2016-09-30,48.452,55.501,58.386,46.625
2016-10-31,55.561,60.882,65.874,55.271
2016-11-30,60.882,60.194,69.838,57.708
2016-12-30,59.904,50.439,61.262,49.561
2017-01-26,50.439,44.329,51.897,40.835
2017-02-28,44.329,47.184,48.902,43.49
2017-03-31,47.414,43.99,49.421,43.62
2017-04-28,43.71,35.633,44.928,34.964
2017-05-31,35.463,29.053,36.132,27.306
2017-06-30,28.904,33.816,34.674,27.147
2017-07-31,33.736,31.92,34.045,29.01
2017-08-31,31.93,31.73,34.18,30.88
2017-09-29,31.73,32.83,33.23,31.0
2017-10-31,33.41,33.1,36.05,30.66
2017-11-30,33.13,26.98,33.74,26.1
2017-12-29,26.92,28.04,29.4,26.78
2018-01-31,28.04,28.0,28.7,26.51
2018-02-28,27.78,27.77,28.5,24.32
2018-03-30,27.7,28.66,29.88,26.8
2018-04-27,28.65,31.3,33.09,28.48
2018-05-25,31.3,29.15,32.34,28.66
