date,open,close,high,low
2016-01-29,18.274,12.266,18.385,11.546
2016-02-29,12.202,12.605,16.642,12.202
2016-03-16,12.605,14.404,15.328,11.984
2016-06-30,15.841,15.841,15.841,15.841
2016-07-29,17.429,29.355,39.453,17.429
2016-08-31,29.305,27.447,31.832,26.778
2016-09-30,27.347,29.964,30.963,26.468
2016-10-31,29.575,31.462,35.388,28.116
2016-11-30,31.462,28.656,32.471,28.216
2016-12-30,28.666,24.9,28.885,23.032
2017-01-26,24.88,23.791,26.528,21.464
2017-02-28,23.961,26.918,27.457,23.002
2017-03-31,27.397,26.478,28.396,24.82
2017-04-28,26.059,25.689,27.367,23.102
2017-05-31,25.759,27.257,28.456,24.561
2017-06-30,27.547,25.539,27.847,24.68
2017-07-31,25.499,26.82,29.81,25.1
2017-08-31,27.0,27.89,28.5,26.14
2017-09-29,27.89,28.49,31.6,26.71
2017-10-31,28.92,28.55,29.2,26.46
2017-11-30,28.49,27.98,28.57,25.01
2017-12-29,27.98,17.69,29.0,17.21
2018-01-31,17.81,13.5,18.27,13.5
2018-02-28,12.85,13.3,13.4,11.71
2018-03-30,13.23,12.2,14.68,11.35
2018-04-27,12.02,13.4,14.99,11.12
2018-05-25,12.5,10.75,12.5,10.47
