date,open,close,high,low
2016-01-29,21.16,14.049,21.173,13.313
2016-02-29,14.018,13.207,16.439,13.097
2016-03-31,13.265,17.007,17.77,13.097
2016-04-29,16.928,16.331,18.713,15.946
2016-05-31,16.331,15.567,17.813,14.484
2016-06-30,15.494,16.796,17.274,14.73
2016-07-29,17.002,17.115,22.457,16.583
2016-08-31,17.108,18.324,19.733,16.564
2016-09-30,18.331,18.118,19.719,17.162
2016-10-31,18.238,21.865,22.742,17.939
2016-11-30,21.826,21.666,23.008,20.862
2016-12-30,21.679,21.042,21.859,18.417
2017-01-26,21.161,21.434,25.314,20.311
2017-02-28,21.487,21.294,24.53,19.952
2017-03-31,21.128,19.301,21.839,18.969
2017-04-28,19.387,16.583,20.351,14.783
2017-05-31,16.942,15.926,17.514,15.261
2017-06-30,15.846,18.57,20.0,14.896
2017-07-31,18.56,29.01,29.31,18.3
2017-08-31,28.56,25.1,29.8,21.38
2017-09-29,25.0,22.34,26.41,22.17
2017-10-31,22.75,21.3,23.15,20.37
2017-11-30,21.38,21.06,22.82,18.23
2017-12-29,21.21,20.0,21.64,19.13
2018-01-31,20.0,19.45,22.5,18.89
2018-02-28,19.52,18.07,19.68,16.5
2018-03-30,17.72,18.98,21.22,16.8
2018-04-27,18.88,18.92,19.92,17.95
2018-05-25,18.76,20.45,21.28,18.76
