date,open,close,high,low
2016-01-29,53.714,50.581,54.51,43.777
2016-02-29,51.029,55.694,66.446,49.885
2016-03-31,55.694,56.917,65.85,53.873
2016-04-29,57.385,45.936,59.682,43.767
2016-05-31,45.627,40.355,47.199,35.909
2016-06-30,40.534,40.385,44.732,36.834
2016-07-29,40.656,39.738,51.535,38.392
2016-08-31,39.998,41.145,41.932,38.592
2016-09-30,41.394,41.364,44.754,38.512
2016-10-31,41.583,42.78,45.642,40.387
2016-11-30,42.85,46.549,50.648,42.78
2016-12-30,46.17,40.915,46.868,39.1
2017-01-26,40.925,36.757,42.112,33.705
2017-02-28,36.896,38.283,39.479,36.408
2017-03-31,38.442,41.194,45.343,37.814
2017-04-28,41.384,34.403,43.558,31.372
2017-05-31,34.403,34.493,36.348,31.492
2017-06-16,34.673,37.49,38.85,32.858
2017-10-31,41.24,35.99,44.5,35.0
2017-11-30,35.91,36.6,41.22,34.0
2017-12-29,36.8,34.87,37.5,32.15
2018-01-24,34.86,38.5,39.1,34.5
2018-02-28,38.55,34.56,38.55,30.77
2018-03-30,34.56,35.1,36.0,31.01
2018-04-27,35.48,34.6,36.75,32.18
2018-05-25,34.63,33.6,37.2,33.57
