date,open,close,high,low
2016-01-29,47.555,34.769,63.096,30.891
2016-02-29,34.338,29.29,41.179,29.29
2016-03-31,28.891,31.88,33.208,26.58
2016-04-29,31.781,37.433,42.427,30.891
2016-05-31,37.386,37.838,39.472,29.908
2016-06-30,37.831,44.015,48.85,36.204
2016-07-29,44.411,37.884,47.904,37.385
2016-08-31,36.946,43.992,47.874,35.379
2016-09-30,43.273,38.722,44.75,37.345
2016-10-10,39.052,40.199,40.419,38.872
2016-12-30,38.912,33.693,38.912,32.186
2017-01-26,33.932,31.327,38.922,30.16
2017-02-28,31.437,33.303,33.593,30.948
2017-03-31,33.303,36.427,38.503,32.834
2017-04-28,35.429,29.142,39.87,25.559
2017-05-31,29.132,26.577,31.267,25.649
2017-06-30,26.617,25.18,26.806,23.174
2017-07-31,25.15,22.54,25.399,21.02
2017-08-31,22.54,22.45,23.98,20.7
2017-09-29,22.61,22.42,25.99,21.71
2017-10-31,22.45,22.56,24.6,21.0
2017-11-30,22.38,20.62,25.11,19.75
2017-12-29,20.35,21.5,21.5,19.01
2018-01-31,21.4,20.53,22.95,19.1
2018-02-28,20.53,16.95,20.56,15.5
2018-03-30,16.88,18.4,18.77,16.25
2018-04-27,18.38,19.2,19.7,17.85
2018-05-25,19.43,19.64,19.88,18.17
