date,open,close,high,low
2016-01-29,17.347,11.456,17.383,10.96
2016-02-29,11.453,12.93,17.476,10.993
2016-03-31,13.009,19.631,19.631,12.685
2016-04-29,20.015,17.461,24.74,16.913
2016-05-31,17.491,15.66,19.053,14.536
2016-06-30,15.65,15.58,16.506,14.207
2016-07-29,15.54,14.655,16.714,14.207
2016-08-31,14.665,15.063,15.302,14.028
2016-09-30,15.033,15.988,16.237,14.675
2016-10-31,15.978,17.351,18.475,15.929
2016-11-30,17.381,16.137,17.699,15.998
2016-12-30,16.177,15.381,16.585,14.844
2017-01-03,15.401,15.978,16.018,15.401
2017-04-28,17.431,12.566,17.431,11.75
2017-05-31,12.675,10.774,13.421,10.546
2017-06-30,10.824,10.485,11.433,9.936
2017-07-31,10.495,9.517,10.834,8.799
2017-08-31,9.517,9.787,10.545,9.008
2017-09-01,9.806,9.816,9.836,9.707
2017-12-29,9.796,9.128,10.794,8.998
2018-01-31,9.138,8.36,9.328,8.34
2018-02-28,8.35,7.602,8.39,6.744
2018-03-30,7.562,7.801,8.35,6.903
2018-04-27,7.851,7.682,8.859,7.372
2018-05-25,7.562,8.44,8.88,7.562
