date,open,close,high,low
2016-01-15,43.254,30.652,43.78,27.811
2016-07-29,33.715,33.848,40.238,30.879
2016-08-31,33.479,32.074,33.668,28.977
2016-09-30,32.174,35.86,37.424,29.943
2016-10-31,35.89,33.33,37.334,32.772
2016-11-30,33.33,39.794,40.442,33.27
2016-12-30,39.744,38.469,41.647,34.983
2017-01-26,38.081,45.691,46.508,36.806
2017-02-28,45.522,54.776,56.359,45.004
2017-03-31,50.801,44.874,60.045,43.828
2017-04-28,45.123,28.538,52.106,26.277
2017-05-31,28.568,23.438,30.232,22.402
2017-06-30,23.398,23.75,26.48,21.137
2017-07-31,23.81,21.09,24.86,19.88
2017-08-31,21.18,22.72,23.53,20.11
2017-09-29,22.68,21.47,23.65,21.03
2017-10-31,21.51,20.24,22.2,20.02
2017-11-30,20.3,16.96,20.77,16.8
2017-12-29,16.98,16.35,17.27,15.6
2018-01-31,16.35,18.49,19.13,15.8
2018-02-28,18.65,14.83,18.65,13.15
2018-03-30,14.51,15.49,16.79,13.21
2018-04-27,16.19,14.96,16.2,14.38
2018-05-25,15.07,17.41,19.13,14.58
