date,open,close,high,low
2016-01-29,29.889,21.113,30.612,19.773
2016-02-29,20.848,20.131,24.403,19.767
2016-03-31,20.085,24.642,25.67,19.906
2016-04-29,24.536,28.774,32.23,24.317
2016-05-31,28.774,32.692,32.702,26.605
2016-06-30,32.971,36.261,39.88,32.403
2016-07-29,36.47,33.689,37.288,32.811
2016-08-31,33.699,37.128,39.651,32.403
2016-09-30,37.388,36.44,43.748,35.404
2016-10-31,37.378,37.208,39.003,36.221
2016-11-30,37.437,37.836,39.99,36.002
2016-12-30,37.806,46.46,53.858,33.31
2017-01-26,45.084,38.036,53.17,35.304
2017-02-28,37.866,35.693,41.864,35.394
2017-03-31,35.603,39.332,43.748,35.443
2017-04-28,38.883,28.405,41.764,26.121
2017-05-31,28.494,26.171,29.711,25.035
2017-06-30,26.171,26.321,29.77,23.978
2017-07-31,26.321,24.62,28.614,22.71
2017-08-31,24.62,26.9,27.4,22.8
2017-09-29,26.9,24.4,29.91,24.13
2017-10-31,24.5,26.06,26.6,23.62
2017-11-30,26.0,21.85,27.7,21.5
2017-12-29,21.85,20.59,22.2,19.51
2018-01-31,20.59,19.04,22.27,19.0
2018-02-28,18.8,17.98,19.18,14.83
2018-03-30,17.87,18.4,20.46,15.55
2018-04-27,18.38,18.98,20.16,17.15
2018-05-25,18.16,20.36,26.35,16.9
