date,open,close,high,low
2016-01-29,24.95,15.269,24.95,14.391
2016-02-29,15.01,15.13,19.441,14.94
2016-03-31,15.23,19.8,21.307,14.97
2016-04-29,19.8,21.487,22.455,19.162
2016-05-20,21.188,18.293,23.533,17.764
2016-06-30,20.12,24.74,27.515,19.481
2016-07-29,24.74,23.41,26.0,23.0
2016-08-31,23.47,24.81,26.3,21.33
2016-09-30,24.59,24.04,24.99,22.9
2016-10-31,24.45,25.66,26.9,24.02
2016-11-30,25.66,30.75,35.28,25.52
2016-12-30,30.19,25.25,30.59,23.39
2017-01-26,25.12,22.82,26.25,21.6
2017-02-28,23.05,25.98,27.62,22.8
2017-03-31,25.88,25.1,27.8,23.32
2017-04-28,24.9,21.6,25.55,17.97
2017-05-31,21.5,18.75,23.76,17.22
2017-06-30,18.62,20.29,21.0,17.6
2017-07-31,20.29,19.56,21.6,17.54
2017-08-31,19.48,20.87,21.14,18.38
2017-09-29,20.7,21.92,22.62,20.52
2017-10-31,22.25,22.9,24.76,21.21
2017-11-30,22.81,20.89,24.55,20.28
2017-12-29,20.85,20.94,23.15,20.27
2018-01-31,21.03,16.61,21.09,16.23
2018-02-28,16.68,18.42,18.55,14.92
2018-03-30,18.42,18.41,19.05,17.0
2018-04-27,18.42,16.61,18.47,15.04
2018-05-25,16.77,17.62,18.45,16.2
