date,open,close,high,low
2016-01-29,40.983,36.387,65.875,33.895
2016-02-29,35.689,30.764,42.169,30.764
2016-03-31,30.974,33.007,34.573,28.422
2016-04-29,33.007,41.282,43.854,31.901
2016-05-31,40.893,42.498,46.386,34.094
2016-06-30,42.468,43.276,48.018,37.037
2016-07-29,43.596,41.449,51.403,39.962
2016-08-31,41.03,40.731,43.306,38.934
2016-09-30,41.01,36.628,42.737,35.909
2016-10-31,36.678,37.307,38.914,36.678
2016-11-30,37.406,42.278,49.546,37.247
2016-12-30,41.939,32.195,42.677,31.976
2017-01-26,32.245,32.255,34.302,28.971
2017-02-28,32.255,31.516,33.383,30.788
2017-03-31,31.456,33.443,36.208,30.977
2017-04-28,33.293,29.799,34.042,27.154
2017-05-26,29.809,29.39,30.478,26.465
2017-11-30,32.33,23.8,35.5,23.3
2017-12-29,23.98,23.61,24.51,22.22
2018-01-31,23.78,20.57,25.46,20.36
2018-02-28,20.57,18.87,20.85,17.12
2018-03-30,18.85,20.41,22.27,17.87
2018-04-27,20.47,18.95,20.98,18.6
2018-05-25,19.04,19.0,19.91,18.1
