date,open,close,high,low
2017-04-28,17.29,38.568,40.525,17.29
2017-05-31,38.475,31.87,41.788,28.438
2017-06-30,31.143,32.333,33.959,29.754
2017-07-31,31.87,28.412,33.642,26.322
2017-08-31,28.491,29.688,29.774,25.985
2017-09-29,29.787,29.086,31.05,28.399
2017-10-31,29.635,31.638,32.749,28.762
2017-11-30,31.295,31.605,42.681,31.209
2017-12-29,31.751,28.22,32.3,25.536
2018-01-31,28.068,25.86,29.06,25.793
2018-02-28,25.879,24.544,26.283,21.152
2018-03-30,24.59,27.572,32.782,24.471
2018-04-27,27.122,23.65,27.585,22.547
2018-05-25,23.9,24.5,26.9,22.4
