date,open,close,high,low
2016-12-30,4.84,6.39,6.39,4.84
2017-01-26,7.027,21.975,22.279,7.027
2017-02-28,21.925,24.825,26.814,21.332
2017-03-31,24.825,36.244,44.532,24.327
2017-04-28,34.39,33.56,37.505,23.14
2017-05-31,33.56,39.17,47.78,32.0
2017-06-30,39.1,37.0,44.3,34.0
2017-07-31,37.0,34.63,37.0,28.06
2017-08-31,35.19,31.45,35.9,29.7
2017-09-29,31.8,29.09,32.64,28.61
2017-10-31,29.56,28.45,31.8,27.89
2017-11-30,28.13,22.36,28.79,20.66
2017-12-29,22.3,19.26,22.67,17.76
2018-01-31,19.88,19.01,21.88,18.8
2018-02-28,18.5,18.03,18.93,13.31
2018-03-30,17.8,17.88,19.25,15.19
2018-04-27,17.88,16.69,20.11,16.0
2018-05-25,16.83,20.4,23.95,16.75
