date,open,close,high,low
2017-04-28,10.754,17.17,17.17,10.754
2017-05-31,18.883,31.687,41.391,18.883
2017-06-30,29.994,29.31,30.34,24.963
2017-07-31,28.964,21.687,30.697,20.437
2017-08-31,21.707,23.93,24.803,19.961
2017-09-29,24.058,22.957,25.457,21.935
2017-10-31,23.424,27.432,27.779,22.997
2017-11-30,27.293,20.685,27.729,19.554
2017-12-29,20.646,21.826,22.025,19.197
2018-01-31,21.826,21.826,25.1,20.646
2018-02-28,21.489,16.479,22.63,15.02
2018-03-30,16.37,19.019,19.445,16.022
2018-04-27,20.923,21.638,28.92,18.87
2018-05-25,21.866,27.8,30.28,19.296
