date,open,close,high,low
2016-08-31,17.873,37.988,37.988,17.873
2016-09-30,41.788,46.669,67.302,41.788
2016-10-31,47.041,54.051,63.8,46.822
2016-11-30,54.057,60.232,64.549,54.057
2016-12-21,60.232,49.13,62.871,46.61
2017-02-28,45.111,43.015,48.281,41.656
2017-03-31,42.989,53.255,55.265,42.989
2017-04-28,53.321,35.468,58.481,32.165
2017-05-31,35.488,30.88,39.96,28.3
2017-06-30,30.5,43.5,52.5,29.0
2017-07-31,44.05,45.62,50.0,37.34
2017-08-31,45.8,40.58,48.86,37.66
2017-09-29,40.26,38.39,42.2,35.08
2017-10-31,38.26,34.23,39.5,33.8
2017-11-30,34.22,31.16,34.38,27.01
2017-12-29,30.08,34.03,35.56,28.01
2018-01-31,33.48,29.5,37.66,29.01
2018-02-28,29.17,28.33,29.73,24.5
2018-03-30,27.57,28.21,30.26,24.5
2018-04-27,28.2,25.27,28.46,24.28
2018-05-25,25.5,28.38,29.0,24.81
