date,open,close,high,low
2016-06-30,11.339,14.973,14.973,11.339
2016-07-29,16.472,63.546,68.819,16.472
2016-08-31,61.551,84.378,84.973,57.192
2016-09-30,86.88,61.603,90.941,61.215
2016-10-31,62.399,66.45,76.083,61.613
2016-11-30,66.977,73.854,82.801,66.678
2016-12-30,72.948,57.184,74.511,55.731
2017-01-26,57.483,44.764,59.513,40.176
2017-02-28,44.784,47.222,50.825,44.286
2017-03-31,47.173,61.085,62.708,46.575
2017-04-28,61.085,63.295,66.032,54.139
2017-05-31,63.195,36.275,64.19,35.837
2017-06-30,34.842,32.045,36.315,29.856
2017-07-31,31.916,42.45,45.97,29.866
2017-08-31,41.93,38.29,42.29,34.3
2017-09-29,38.3,36.29,41.72,35.64
2017-10-31,36.44,35.42,40.49,34.4
2017-11-30,35.4,30.09,36.58,28.41
2017-12-29,30.0,28.67,30.5,26.97
2018-01-31,28.53,28.33,32.13,27.03
2018-02-28,28.2,23.86,28.47,21.6
2018-03-30,24.22,25.64,26.9,21.6
2018-04-27,25.58,25.14,27.59,24.0
2018-05-25,25.15,29.31,35.19,24.7
