date,open,close,high,low
2016-12-30,10.567,33.9,38.914,10.567
2017-01-26,34.175,39.413,40.561,31.935
2017-02-28,39.089,37.767,41.723,33.925
2017-03-31,37.682,43.928,51.322,36.679
2017-04-28,42.412,39.7,49.117,34.02
2017-05-31,39.35,30.82,40.42,28.96
2017-06-30,30.35,32.99,35.5,28.81
2017-07-31,33.11,31.55,35.53,29.58
2017-08-31,31.05,32.88,33.14,30.03
2017-09-29,32.98,38.43,41.1,32.2
2017-10-31,38.92,32.25,40.71,31.8
2017-11-30,32.28,26.95,32.78,26.0
2017-12-29,27.25,27.17,28.85,24.74
2018-01-31,27.18,24.62,28.6,24.19
2018-02-28,24.6,24.11,24.82,20.52
2018-03-30,23.97,29.16,30.0,23.87
2018-04-27,28.93,27.5,34.35,27.2
2018-05-25,27.49,25.77,28.0,25.09
