date,open,close,high,low
2016-02-29,26.827,19.828,31.809,19.828
2016-03-31,19.679,26.657,26.907,17.372
2016-04-29,26.268,28.804,30.212,23.562
2016-05-31,28.804,28.854,31.2,25.639
2016-06-30,28.854,32.1,35.044,28.574
2016-07-22,32.15,32.9,33.9,29.87
2016-08-31,29.61,34.38,35.35,29.51
2016-09-30,34.0,39.07,42.72,33.8
2016-10-31,39.59,45.03,46.0,39.12
2016-11-30,45.1,46.1,48.47,44.04
2016-12-30,46.54,47.25,51.1,42.01
2017-01-26,47.34,43.87,48.2,38.56
2017-02-28,43.06,37.94,43.8,35.4
2017-03-31,37.01,37.2,39.32,35.36
2017-04-28,37.2,33.81,37.44,30.1
2017-05-31,33.5,33.1,33.98,30.6
2017-06-30,33.0,32.68,33.6,30.99
2017-07-31,32.52,36.4,36.94,30.0
2017-08-31,36.22,36.64,37.36,33.02
2017-09-29,36.79,39.57,40.49,35.0
2017-10-31,39.81,39.8,40.6,37.73
2017-11-30,39.6,37.19,39.9,35.14
2017-12-29,36.88,33.74,37.1,33.18
2018-01-31,33.89,32.47,34.21,32.15
2018-02-28,32.45,30.6,32.88,27.9
2018-03-30,30.76,28.8,31.0,28.01
2018-04-27,28.7,28.67,29.69,28.02
2018-05-25,28.82,16.01,28.82,16.01
