date,open,close,high,low
2016-01-29,12.694,8.789,12.694,8.199
2016-02-29,8.739,8.489,11.315,8.439
2016-03-31,8.509,11.815,13.053,8.339
2016-04-29,11.735,11.865,12.853,10.696
2016-05-31,11.875,11.146,12.454,9.807
2016-06-30,11.146,15.28,17.997,11.086
2016-07-29,15.36,13.782,18.915,13.652
2016-08-31,13.632,13.892,15.63,12.813
2016-09-30,13.892,14.062,15.38,13.453
2016-10-31,13.882,14.122,14.981,13.842
2016-11-30,14.052,14.182,15.829,14.022
2016-12-30,14.132,13.862,14.381,12.644
2017-01-26,13.892,13.103,14.611,11.735
2017-02-28,13.183,13.363,13.732,12.803
2017-03-31,13.373,12.344,13.662,12.084
2017-04-13,12.334,12.684,12.913,12.154
2017-10-31,11.585,9.807,12.124,9.618
2017-11-30,9.837,8.729,9.857,8.219
2017-12-29,8.769,8.309,9.168,8.07
2018-01-31,8.309,8.04,8.689,7.67
2018-02-28,8.03,7.021,9.737,6.302
2018-03-30,6.991,7.64,7.85,6.502
2018-04-27,7.68,7.251,7.87,6.901
2018-05-25,7.291,7.83,8.72,7.051
