date,open,close,high,low
2016-01-29,12.549,8.147,12.727,7.539
2016-02-29,8.091,7.707,9.744,7.585
2016-03-31,7.773,9.519,9.692,7.539
2016-04-29,9.519,10.577,11.42,9.294
2016-05-31,10.577,9.979,11.87,9.15
2016-06-30,9.998,13.56,14.342,9.998
2016-07-29,13.663,12.043,14.21,11.883
2016-08-31,11.967,12.203,12.561,11.43
2016-09-30,12.165,12.203,12.222,11.383
2016-10-31,12.297,11.986,12.655,11.798
2016-11-30,11.986,11.892,12.504,11.722
2016-12-30,12.033,11.769,12.175,10.752
2017-01-26,11.76,10.488,12.156,10.186
2017-02-28,10.488,10.789,10.884,10.337
2017-03-31,10.752,10.516,11.034,10.413
2017-04-28,10.535,10.488,12.043,9.63
2017-05-31,10.544,12.609,13.659,10.011
2017-06-30,12.895,12.15,15.971,11.653
2017-07-31,12.15,11.978,12.427,10.794
2017-08-31,11.978,12.303,13.612,11.759
2017-09-29,12.246,12.055,13.335,11.673
2017-10-31,12.131,11.023,12.274,10.822
2017-11-30,11.119,9.915,11.376,9.457
2017-12-29,9.905,9.571,9.953,9.332
2018-01-31,9.542,8.807,10.192,8.807
2018-02-28,8.969,9.638,9.839,8.291
2018-03-30,9.59,10.44,10.545,9.218
2018-04-27,10.517,10.12,10.937,9.89
2018-05-25,10.22,10.6,11.29,10.02
