date,open,close,high,low
2016-01-29,14.412,9.55,14.431,8.525
2016-02-29,9.482,9.386,11.135,8.941
2016-03-21,9.424,11.502,11.841,9.086
2016-06-30,12.657,17.611,18.11,12.657
2016-07-29,17.62,13.705,19.754,13.313
2016-08-31,13.509,13.891,14.84,13.108
2016-09-30,13.852,13.705,16.495,12.922
2016-10-31,13.773,13.93,15.526,13.411
2016-11-30,13.94,15.486,18.501,13.724
2016-12-30,15.271,13.45,15.447,12.736
2017-01-26,13.489,12.246,14.752,11.522
2017-02-28,12.285,12.922,13.891,12.109
2017-03-31,12.883,11.943,13.695,11.747
2017-04-28,11.923,10.34,12.491,9.867
2017-05-31,10.271,9.094,10.478,8.788
2017-06-30,9.094,10.063,11.467,8.363
2017-07-31,10.093,9.154,10.468,8.303
2017-08-31,9.094,9.223,9.717,8.778
2017-09-29,9.223,10.933,11.546,9.163
2017-10-31,10.982,10.765,12.851,10.31
2017-11-30,10.755,8.976,11.131,8.501
2017-12-29,8.976,9.905,10.043,8.234
2018-01-31,10.014,9.717,10.715,8.808
2018-02-28,9.588,9.005,9.766,8.175
2018-03-30,9.005,10.28,10.518,8.817
2018-04-27,10.29,8.62,10.31,8.511
2018-05-25,8.64,8.46,8.916,8.373
