date,open,close,high,low
2016-01-29,28.601,18.062,29.241,17.133
2016-02-29,18.182,16.464,21.968,16.454
2016-03-31,16.583,26.424,29.331,16.004
2016-04-29,25.994,21.978,27.473,21.389
2016-05-31,22.028,21.59,23.247,19.011
2016-06-07,21.35,22.03,23.3,21.35
2016-09-30,22.21,18.92,23.89,18.85
2016-10-31,19.13,19.62,20.78,19.05
2016-11-30,19.69,29.92,29.92,19.63
2016-12-30,30.4,23.9,30.55,23.73
2017-01-26,23.92,23.88,27.65,22.55
2017-02-28,23.5,26.24,27.99,23.09
2017-03-31,26.12,20.79,26.43,20.26
2017-04-28,20.52,20.4,21.1,18.7
2017-05-31,20.34,16.94,21.79,16.2
2017-06-30,16.75,16.16,18.38,14.79
2017-07-31,16.2,16.46,16.88,13.2
2017-08-31,16.31,16.95,18.25,16.15
2017-09-29,16.91,15.6,18.34,15.34
2017-10-31,15.83,15.15,17.09,14.98
2017-11-30,15.18,14.04,15.31,13.5
2017-12-29,14.1,14.25,16.57,13.72
2018-01-31,14.31,14.26,17.2,13.5
2018-02-28,14.3,14.15,14.77,11.85
2018-03-30,13.83,14.49,15.58,12.55
2018-04-27,14.46,14.34,15.2,13.25
2018-05-25,14.2,12.79,15.04,12.79
