date,open,close,high,low
2016-06-30,13.49,14.287,15.224,11.218
2016-07-29,14.367,12.085,14.895,11.856
2016-08-31,11.856,12.723,13.37,11.438
2016-09-30,12.673,13.669,14.088,11.697
2016-10-31,13.749,11.607,14.387,11.457
2016-11-30,11.627,12.045,12.703,11.597
2016-12-30,12.115,10.959,12.115,9.744
2017-01-26,11.059,10.132,11.547,9.475
2017-02-28,10.162,10.391,10.561,9.863
2017-03-02,10.391,10.401,10.611,10.322
2017-06-30,9.365,7.841,9.365,7.731
2017-07-31,7.841,7.14,8.04,6.6
2017-08-31,7.16,7.67,7.83,6.93
2017-09-29,7.65,9.02,9.18,7.52
2017-10-31,8.9,6.89,9.67,6.71
2017-11-30,6.86,6.3,7.24,6.03
2017-12-29,6.33,6.12,6.77,5.97
2018-01-31,6.1,5.25,6.34,5.25
2018-02-28,5.17,4.98,5.26,4.2
2018-03-30,4.94,5.6,5.96,4.73
2018-04-27,5.62,5.21,5.65,4.52
2018-05-25,5.13,5.05,5.48,4.82
