date,open,close,high,low
2016-01-29,17.007,8.999,17.152,8.403
2016-02-29,8.999,8.634,11.645,8.553
2016-03-31,8.689,11.32,12.495,8.063
2016-04-29,11.255,10.384,12.375,9.659
2016-05-31,10.379,9.804,11.38,9.034
2016-06-30,9.804,11.67,12.3,9.384
2016-07-29,11.69,14.88,18.29,11.41
2016-08-31,14.88,16.62,19.76,13.69
2016-09-30,16.49,14.48,18.15,14.4
2016-10-14,14.68,15.26,15.92,14.51
2017-03-31,13.73,10.82,13.73,10.71
2017-04-28,10.82,8.66,11.1,8.1
2017-05-31,8.59,7.65,9.18,7.2
2017-06-30,7.6,8.62,8.76,7.0
2017-07-31,8.58,7.12,8.9,6.67
2017-08-31,7.16,8.2,8.36,6.81
2017-09-29,8.15,8.71,9.6,8.0
2017-10-31,8.8,7.0,9.19,6.66
2017-11-30,7.04,6.26,7.47,6.13
2017-12-29,6.29,6.17,6.98,5.75
2018-01-31,6.17,5.0,6.4,5.0
2018-02-28,5.02,4.65,5.02,4.1
2018-03-30,4.6,5.04,5.85,4.21
2018-04-27,5.0,5.32,5.76,4.76
2018-05-25,5.29,5.92,7.08,5.29
