date,open,close,high,low
2016-01-29,17.434,10.242,17.567,9.48
2016-02-29,10.215,9.705,12.761,9.705
2016-03-31,9.678,11.223,11.714,8.903
2016-04-29,11.243,11.024,12.88,10.746
2016-05-31,11.037,10.783,11.766,9.785
2016-06-30,10.749,12.431,12.764,10.237
2016-07-29,12.312,10.935,13.169,10.776
2016-08-31,10.935,11.421,11.919,10.357
2016-09-30,11.487,12.165,12.597,11.201
2016-10-31,12.232,12.006,12.797,11.919
2016-11-30,12.006,15.19,19.837,11.966
2016-12-30,15.25,14.731,16.832,13.295
2017-01-26,14.944,12.85,15.802,11.633
2017-02-28,13.029,14.997,16.28,12.863
2017-03-31,15.024,15.755,19.657,14.113
2017-04-28,16.154,15.01,18.334,13.395
2017-05-31,15.183,11.7,16.22,11.075
2017-06-30,11.733,12.73,13.657,11.115
2017-07-31,12.777,11.79,12.95,11.251
2017-08-31,11.744,12.377,12.464,11.464
2017-09-29,12.397,13.27,13.65,12.344
2017-10-31,13.363,12.844,13.523,12.104
2017-11-30,12.784,12.664,13.51,11.69
2017-12-29,12.65,11.797,12.797,11.537
2018-01-31,11.81,11.777,12.65,11.584
2018-02-01,11.764,11.77,11.797,11.317
2018-05-25,10.59,10.05,11.6,9.97
