date,open,close,high,low
2016-01-29,21.484,14.668,21.693,12.996
2016-02-29,14.668,12.489,16.877,12.489
2016-03-31,12.439,13.504,14.598,11.444
2016-04-29,13.384,13.384,15.802,12.558
2016-05-31,13.086,13.265,13.862,11.752
2016-06-30,13.185,13.944,14.642,11.889
2016-07-29,13.994,12.567,15.29,12.358
2016-08-31,12.567,13.006,13.216,12.198
2016-09-30,12.966,13.136,13.764,12.677
2016-10-31,13.146,12.956,13.505,12.687
2016-11-30,12.966,12.936,13.954,12.637
2016-12-30,12.966,11.44,13.036,11.001
2017-01-26,11.41,10.483,11.71,9.785
2017-02-28,10.503,10.732,11.191,10.253
2017-03-31,10.642,12.118,13.744,10.582
2017-04-10,11.999,11.53,12.517,11.53
2017-08-31,10.38,10.25,10.6,9.88
2017-09-29,10.2,9.6,10.6,9.55
2017-10-31,9.67,8.86,10.3,8.74
2017-11-30,8.87,7.88,9.58,7.5
2017-12-29,7.88,7.33,8.5,7.18
2018-01-31,7.34,6.79,7.54,6.57
2018-02-28,6.78,6.6,6.88,5.22
2018-03-30,6.51,7.56,7.8,6.22
2018-04-27,7.75,7.32,8.29,7.08
2018-05-25,7.39,7.33,8.77,7.09
