date,open,close,high,low
2016-01-29,13.94,10.687,13.969,9.196
2016-02-29,10.6,9.7,13.126,9.671
2016-03-31,9.748,12.304,12.797,9.603
2016-04-27,12.246,11.072,12.546,10.358
2016-05-31,11.179,10.32,11.511,9.197
2016-06-30,10.32,10.574,10.886,9.382
2016-07-29,10.642,10.076,11.423,9.978
2016-08-31,9.968,9.89,10.388,9.666
2016-09-30,9.91,9.568,10.369,9.363
2016-10-31,9.578,9.617,9.968,9.539
2016-11-07,9.597,9.734,9.744,9.519
2017-03-31,10.71,8.806,10.915,8.719
2017-04-28,8.914,8.123,10.525,7.713
2017-05-31,8.064,7.957,9.807,7.338
2017-06-30,7.879,7.456,8.193,7.387
2017-07-31,7.495,6.866,7.692,6.698
2017-08-31,6.934,7.141,7.466,6.689
2017-09-29,7.161,7.013,7.377,6.885
2017-10-31,7.043,6.492,7.328,6.393
2017-11-30,6.492,5.597,6.541,5.449
2017-12-29,5.597,5.321,5.666,5.115
2018-01-31,5.341,5.046,5.725,5.026
2018-02-28,5.046,4.948,5.095,4.269
2018-03-30,4.889,5.41,5.459,4.554
2018-04-27,5.42,5.892,6.177,5.154
2018-05-25,5.911,5.59,6.26,5.57
