date,open,close,high,low
2016-01-29,21.218,12.79,21.218,11.908
2016-02-29,13.128,12.652,15.933,12.652
2016-03-31,12.543,15.16,16.171,11.551
2016-04-29,14.873,13.831,16.558,13.405
2016-05-31,13.871,13.831,14.724,12.126
2016-06-30,13.831,16.072,16.965,12.82
2016-07-29,15.963,14.179,17.203,13.891
2016-08-31,14.079,15.17,16.36,13.385
2016-09-30,15.18,14.198,15.408,13.822
2016-10-31,14.288,14.436,15.229,14.228
2016-11-30,14.327,15.616,16.162,14.327
2016-12-30,15.814,15.567,15.943,13.99
2017-01-26,15.626,13.296,15.646,11.839
2017-02-28,13.375,15.229,15.368,12.969
2017-03-31,15.16,14.625,15.507,14.377
2017-04-28,14.625,12.691,15.319,10.817
2017-05-31,12.691,11.898,13.038,11.65
2017-06-30,11.809,11.64,12.196,11.382
2017-07-31,11.6,12.27,12.79,10.8
2017-08-31,12.24,12.4,12.65,11.36
2017-09-29,12.4,15.0,15.16,12.32
2017-10-31,14.93,15.18,15.44,14.21
2017-11-17,15.3,9.89,15.3,9.85
2018-02-28,8.9,7.71,8.9,7.12
2018-03-30,7.71,8.28,9.07,7.1
2018-04-27,8.31,7.53,8.53,7.09
2018-05-25,7.53,7.2,7.94,7.1
