date,open,close,high,low
2016-01-29,12.477,8.302,12.556,7.925
2016-02-29,8.311,10.007,11.406,7.984
2016-03-16,10.087,11.872,12.685,9.769
2016-09-30,13.065,13.541,14.098,12.598
2016-10-31,13.541,13.512,14.992,13.174
2016-11-30,13.382,13.104,14.277,12.856
2016-12-30,13.104,10.283,13.442,9.955
2017-01-26,10.203,9.607,10.879,8.624
2017-02-28,9.637,9.985,10.313,9.22
2017-03-31,9.935,8.971,10.034,8.822
2017-04-25,9.041,7.6,9.289,7.551
2017-11-30,8.3,6.72,8.3,6.42
2017-12-29,6.71,5.82,6.92,5.55
2018-01-31,5.82,5.38,6.25,5.35
2018-02-28,5.35,4.77,5.4,4.25
2018-03-30,4.74,5.07,5.74,4.39
2018-04-27,5.02,4.39,5.11,4.31
2018-05-25,4.38,4.37,4.74,4.16
