date,open,close,high,low
2016-01-29,15.922,10.83,16.091,9.637
2016-02-29,10.92,10.681,13.406,10.343
2016-03-31,10.761,15.136,15.753,10.343
2016-04-28,15.226,15.266,15.514,13.774
2016-05-31,13.744,11.994,13.744,11.188
2016-06-30,12.024,12.714,12.933,10.999
2016-07-29,12.684,11.805,13.722,11.665
2016-08-31,11.715,12.344,12.564,11.345
2016-09-30,12.344,12.863,13.343,12.254
2016-10-31,12.933,13.952,14.281,12.933
2016-11-30,13.862,15.02,16.558,13.742
2016-12-30,15.08,15.08,15.42,13.303
2017-01-26,15.16,14.311,15.55,12.494
2017-02-28,14.381,15.09,15.73,13.742
2017-03-03,15.001,15.26,15.71,14.232
2017-09-29,13.82,13.91,14.61,13.61
2017-10-31,13.91,13.91,14.25,12.47
2017-11-30,13.98,13.52,14.96,13.0
2017-12-29,13.64,13.4,14.3,12.75
2018-01-31,13.52,10.29,13.55,10.29
2018-02-28,10.0,8.03,10.21,6.86
2018-03-30,7.91,8.73,9.25,7.01
2018-04-27,8.7,7.88,8.89,7.87
2018-05-25,7.97,11.49,12.48,7.85
