date,open,close,high,low
2016-01-29,11.22,6.89,11.23,6.45
2016-02-29,6.92,6.4,8.1,6.39
2016-03-18,6.46,7.4,7.5,6.3
2016-04-29,7.7,7.23,8.18,6.9
2016-05-31,7.24,6.95,7.64,6.43
2016-06-30,6.99,7.54,8.21,6.88
2016-07-29,7.59,7.66,8.5,7.27
2016-08-31,7.66,9.34,9.69,7.33
2016-09-30,9.16,8.93,11.21,8.88
2016-10-31,9.01,8.53,9.99,8.45
2016-11-30,8.56,8.19,9.03,8.08
2016-12-30,8.19,7.38,8.23,7.02
2017-01-26,7.4,8.69,8.97,7.4
2017-02-28,8.23,9.3,9.44,8.05
2017-03-31,9.15,8.15,9.49,8.15
2017-04-28,8.13,9.55,9.85,8.02
2017-05-11,9.5,7.89,9.6,7.42
2017-07-31,7.41,7.38,8.15,6.7
2017-08-31,7.43,7.25,7.78,6.95
2017-09-22,7.26,6.73,7.45,6.57
2018-01-31,6.06,5.45,6.06,5.45
2018-02-28,4.91,4.63,4.91,3.63
2018-03-30,4.47,4.38,5.07,3.75
2018-04-27,4.36,4.1,4.52,3.96
2018-05-25,4.1,3.88,4.18,3.88
