date,open,close,high,low
2016-01-29,24.581,15.287,24.79,14.539
2016-02-29,15.118,14.499,20.134,14.499
2016-03-31,14.709,17.68,18.388,13.941
2016-04-29,17.252,17.571,19.465,16.075
2016-05-31,17.67,16.9,19.33,14.97
2016-06-30,16.86,22.2,24.6,16.24
2016-07-29,22.35,18.77,23.4,18.4
2016-08-31,18.88,19.28,20.33,18.18
2016-09-30,19.38,17.99,21.79,17.7
2016-10-31,18.18,18.17,19.39,17.8
2016-11-30,18.21,18.23,19.9,17.8
2016-12-30,18.3,16.13,18.6,15.18
2017-01-26,16.14,15.9,18.2,14.41
2017-02-28,16.0,16.68,16.89,15.49
2017-03-31,16.5,16.99,17.5,15.56
2017-04-28,17.04,14.39,17.8,13.4
2017-05-31,14.45,22.05,26.1,13.31
2017-06-30,21.21,17.9,21.75,17.37
2017-07-12,17.8,17.31,18.32,16.04
2018-01-31,15.58,12.2,15.58,12.07
2018-02-28,12.23,11.61,12.4,9.91
2018-03-30,11.5,14.68,16.37,11.41
2018-04-27,14.52,11.1,14.79,10.82
2018-05-25,11.11,12.01,12.14,11.01
