date,open,close,high,low
2016-01-29,14.515,7.881,15.064,7.662
2016-02-29,7.841,6.913,9.467,6.913
2016-03-31,6.943,8.639,8.749,6.524
2016-04-29,8.53,8.36,10.166,8.081
2016-05-31,8.37,8.289,8.869,7.4
2016-06-30,8.289,9.028,9.298,7.63
2016-07-29,9.028,9.797,10.776,8.599
2016-08-31,9.747,10.776,11.635,9.258
2016-09-30,10.806,12.064,12.554,10.636
2016-10-31,12.084,11.984,12.863,11.785
2016-11-30,11.615,13.632,14.831,11.096
2016-12-30,13.582,13.283,15.21,10.227
2017-01-26,13.173,13.582,14.631,12.034
2017-02-28,13.483,15.989,16.818,13.343
2017-03-31,15.989,15.46,19.275,15.08
2017-04-28,15.68,8.869,16.329,8.119
2017-05-31,8.918,7.67,9.288,7.34
2017-06-30,7.62,8.22,8.67,7.091
2017-07-31,8.21,9.78,9.92,7.26
2017-08-31,9.66,8.91,10.59,8.71
2017-09-29,8.91,8.33,9.25,8.08
2017-10-31,8.46,8.08,8.92,7.72
2017-11-30,8.08,6.78,8.25,6.78
2017-12-29,6.76,7.46,7.86,6.5
2018-01-31,7.44,6.73,7.65,6.6
2018-02-28,6.73,6.01,6.82,5.49
2018-03-30,5.96,6.33,6.97,5.9
2018-04-27,6.56,5.15,6.68,5.02
2018-05-25,5.18,5.33,6.81,5.12
