date,open,close,high,low
2016-01-29,35.8,17.28,37.0,16.1
2016-02-29,17.5,14.78,20.44,14.78
2016-03-31,14.54,19.38,20.0,13.9
2016-04-29,19.37,20.64,23.95,18.5
2016-05-31,20.8,19.46,23.98,16.4
2016-06-30,19.6,22.69,23.7,19.38
2016-07-29,22.7,18.37,23.35,18.06
2016-08-31,18.0,19.41,20.19,17.6
2016-09-30,19.4,19.1,20.69,18.7
2016-10-31,19.3,19.36,20.29,19.16
2016-11-30,19.55,20.59,21.68,19.01
2016-12-30,20.43,21.88,21.88,19.08
2017-01-26,21.79,22.27,23.28,20.27
2017-02-28,22.27,26.43,28.18,21.8
2017-03-31,26.35,27.88,30.5,25.5
2017-04-28,28.15,28.28,35.95,25.0
2017-05-31,28.15,27.35,30.2,26.6
2017-06-30,27.0,19.18,28.75,19.06
2017-07-31,19.22,17.05,19.48,15.95
2017-08-31,17.02,17.6,18.96,16.84
2017-09-29,17.6,15.18,18.36,15.01
2017-10-31,15.28,19.01,20.08,15.23
2017-11-30,19.0,13.56,19.1,13.01
2017-12-29,13.63,14.09,14.33,12.45
2018-01-31,14.28,13.71,15.9,13.31
2018-02-28,13.71,14.0,14.18,12.49
2018-03-30,13.8,13.48,15.33,12.03
2018-04-27,13.52,12.33,13.74,12.09
2018-05-25,12.33,11.9,12.97,11.78
