date,open,close,high,low
2016-01-29,14.895,11.354,15.001,10.045
2016-02-29,11.135,11.979,14.218,10.65
2016-03-31,11.925,12.822,13.453,10.829
2016-04-29,12.623,13.653,14.297,12.278
2016-05-31,13.626,11.068,14.35,9.892
2016-06-30,11.015,10.646,11.288,9.599
2016-07-29,10.686,10.058,11.822,9.918
2016-08-31,10.028,10.496,10.506,9.729
2016-09-30,10.486,10.556,10.945,10.098
2016-10-31,10.626,13.616,14.942,10.566
2016-11-30,13.467,11.962,14.872,11.712
2016-12-30,12.011,11.025,13.606,10.506
2017-01-26,11.045,10.317,11.314,9.689
2017-02-28,10.466,12.121,12.121,10.217
2017-03-31,12.889,10.247,13.138,10.118
2017-04-28,10.247,9.44,10.915,9.001
2017-05-31,9.38,9.37,9.958,8.901
2017-06-30,9.35,9.34,9.41,8.921
2017-07-31,9.4,9.13,10.33,8.65
2017-08-31,9.17,9.67,9.78,9.02
2017-09-29,9.63,9.82,10.38,9.55
2017-10-25,9.9,10.96,12.25,9.9
2018-05-25,9.86,8.12,9.86,7.56
