date,open,close,high,low
2016-03-31,9.531,9.303,11.336,8.865
2016-04-29,9.352,8.403,9.77,7.632
2016-05-31,8.333,8.204,9.199,7.039
2016-06-30,8.144,8.264,9.05,7.387
2016-07-21,8.264,9.966,10.504,8.035
2016-08-31,9.359,10.772,12.674,8.98
2016-09-30,10.772,9.399,11.151,9.15
2016-10-31,9.458,9.886,11.141,9.408
2016-11-30,10.046,9.239,10.344,9.17
2016-12-30,9.259,8.144,9.478,7.975
2017-01-26,8.154,7.676,8.343,7.129
2017-02-28,7.676,8.473,9.04,7.557
2017-03-31,8.473,7.636,8.831,7.557
2017-04-28,7.626,7.288,7.975,6.989
2017-05-31,7.278,6.551,7.965,6.332
2017-06-30,6.521,6.66,6.969,6.302
2017-07-31,6.64,6.17,6.85,5.8
2017-08-31,6.01,6.2,6.47,5.91
2017-09-29,6.2,6.54,6.8,6.09
2017-10-31,6.54,6.29,7.69,6.17
2017-11-30,6.29,5.43,6.38,5.33
2017-12-29,5.41,5.62,5.88,5.2
2018-01-31,5.63,5.09,5.99,5.06
2018-02-28,5.09,5.21,5.28,4.56
2018-03-30,5.11,5.3,6.28,4.77
2018-04-27,5.29,5.38,5.63,5.1
2018-05-25,5.4,5.48,5.6,5.19
