date,open,close,high,low
2016-01-29,44.333,24.888,44.333,22.825
2016-02-29,24.419,21.638,29.901,21.638
2016-03-31,21.788,29.193,32.044,20.582
2016-04-29,28.904,31.576,36.868,28.117
2016-05-31,30.489,29.482,33.469,26.423
2016-06-30,30.051,31.554,33.22,27.953
2016-07-29,31.025,26.865,33.09,26.616
2016-08-31,26.706,27.883,29.329,25.768
2016-09-30,27.913,29.898,29.928,27.464
2016-10-31,30.227,31.225,32.103,28.342
2016-11-30,30.507,37.769,38.009,30.367
2016-12-30,37.41,33.849,39.385,33.08
2017-01-26,33.988,29.669,35.894,28.731
2017-02-28,29.768,29.519,30.906,28.831
2017-03-31,29.519,29.719,32.422,28.94
2017-04-28,29.828,25.16,30.118,22.815
2017-05-31,24.93,25.579,28.302,23.264
2017-06-30,25.579,24.391,26.436,23.344
2017-07-31,24.381,20.64,25.27,19.94
2017-08-31,20.64,21.5,21.59,19.81
2017-09-29,21.64,22.93,24.78,21.2
2017-10-31,23.69,21.51,25.92,21.22
2017-11-30,21.51,17.18,21.93,17.0
2017-12-22,17.18,15.95,17.55,15.32
2018-01-31,14.36,9.43,14.36,8.42
2018-02-28,8.94,10.7,11.0,7.55
2018-03-30,10.45,13.5,15.2,9.82
2018-04-27,13.16,8.6,13.33,8.28
2018-05-25,7.74,8.89,9.98,7.65
