date,open,close,high,low
2016-01-29,23.884,16.784,24.162,14.735
2016-02-29,16.586,15.101,20.042,15.061
2016-03-31,15.23,16.943,17.903,14.546
2016-04-29,16.834,16.467,19.072,15.893
2016-05-31,16.537,16.636,17.477,14.794
2016-06-30,16.636,17.725,18.874,15.903
2016-07-29,17.725,16.193,18.036,15.934
2016-08-05,16.054,16.014,16.134,15.666
2016-11-30,17.618,18.394,21.322,17.618
2016-12-30,18.275,16.731,18.912,15.516
2017-01-26,16.671,16.104,17.379,14.799
2017-02-28,16.183,16.99,17.857,15.536
2017-03-31,16.91,16.074,18.205,15.915
2017-04-28,16.412,14.261,16.532,13.455
2017-05-31,14.212,14.809,15.297,13.544
2017-06-30,14.839,14.062,15.725,13.992
2017-07-31,14.052,12.48,14.411,11.851
2017-08-31,12.53,13.18,13.38,12.11
2017-09-29,13.21,13.55,14.16,12.96
2017-10-31,13.69,13.21,14.88,13.01
2017-11-30,13.24,11.4,13.26,11.09
2017-12-29,11.44,11.04,11.65,10.7
2018-01-31,11.04,10.9,12.0,10.73
2018-02-28,10.9,9.54,11.0,8.65
2018-03-30,9.55,9.95,10.86,8.62
2018-04-27,9.99,13.0,14.74,9.75
2018-05-25,12.4,11.14,12.57,11.07
