date,open,close,high,low
2016-01-29,40.831,26.759,40.831,23.938
2016-02-29,26.161,22.075,29.759,22.075
2016-03-31,22.125,26.699,27.805,19.494
2016-04-29,26.51,29.629,31.363,25.413
2016-05-31,29.798,31.772,32.469,26.908
2016-06-24,31.941,30.257,34.762,29.22
2016-07-29,32.142,37.532,39.888,31.264
2016-08-31,37.043,40.228,44.5,35.237
2016-09-30,40.517,36.704,40.697,35.536
2016-10-31,36.734,38.81,41.375,36.734
2016-11-30,38.64,37.592,40.008,36.684
2016-12-30,37.632,33.28,37.872,31.972
2017-01-26,33.27,32.042,34.877,28.778
2017-02-28,32.182,32.901,33.919,31.443
2017-03-31,32.861,30.495,34.727,30.246
2017-04-28,30.445,27.95,31.763,25.005
2017-05-31,27.89,26.163,28.149,25.205
2017-06-30,26.063,27.35,29.247,24.755
2017-07-31,27.35,24.24,27.85,23.03
2017-08-31,24.09,25.63,25.9,23.7
2017-09-29,25.69,26.83,28.96,25.41
2017-10-31,27.01,25.27,29.49,24.8
2017-11-30,25.28,23.25,26.18,23.1
2017-12-29,23.29,20.64,23.64,20.06
2018-01-31,20.55,17.99,21.08,17.82
2018-02-28,17.99,17.07,18.05,14.7
2018-03-30,16.86,19.24,20.55,16.66
2018-04-27,19.15,18.65,20.66,18.06
2018-05-25,18.72,20.32,21.0,18.3
