date,open,close,high,low
2016-01-29,8.882,5.539,9.036,5.216
2016-02-29,5.519,5.052,6.532,5.052
2016-03-31,5.057,7.65,8.062,4.868
2016-04-29,7.506,8.023,8.42,7.044
2016-05-31,8.048,7.531,8.405,6.259
2016-06-30,7.531,8.212,8.481,7.104
2016-07-29,8.212,8.734,9.684,8.058
2016-08-31,8.545,8.247,9.177,7.829
2016-09-30,8.202,8.058,8.824,7.655
2016-10-31,8.157,8.486,8.928,8.068
2016-11-30,8.466,9.301,9.6,8.466
2016-12-30,9.297,8.023,9.381,7.401
2017-01-26,8.008,7.053,8.948,6.407
2017-02-28,7.073,7.372,7.6,6.964
2017-03-31,7.372,6.675,7.7,6.541
2017-04-28,6.735,6.218,6.914,5.76
2017-05-31,6.168,5.611,6.282,5.302
2017-06-30,5.566,6.368,6.428,5.387
2017-07-31,6.373,6.338,6.593,5.89
2017-08-31,6.338,6.393,6.523,6.01
2017-09-29,6.393,6.877,6.951,6.343
2017-10-31,6.921,6.732,7.116,6.608
2017-11-30,6.732,8.008,8.267,6.483
2017-12-29,7.973,9.029,9.443,7.654
2018-01-31,9.049,8.606,9.253,7.973
2018-02-28,8.546,8.202,8.601,7.465
2018-03-30,8.117,8.227,9.368,7.475
2018-04-27,8.242,8.222,9.119,8.028
2018-05-25,8.182,8.54,9.65,7.798
