date,open,close,high,low
2016-01-29,46.39,24.1,47.167,21.719
2016-02-29,23.608,22.005,29.5,21.887
2016-03-31,22.005,26.588,27.7,20.264
2016-04-29,26.165,23.165,29.756,22.3
2016-05-31,22.998,22.98,25.556,20.844
2016-06-30,23.089,23.453,24.094,20.3
2016-07-29,23.493,20.635,25.079,20.507
2016-08-31,20.635,20.881,21.926,19.837
2016-09-30,20.901,18.497,21.0,18.231
2016-10-31,18.625,18.674,20.192,18.329
2016-11-30,18.674,19.876,20.793,18.29
2016-12-30,19.857,16.723,19.955,16.398
2017-01-26,16.762,15.442,17.097,13.806
2017-02-28,15.56,15.442,16.605,14.693
2017-03-31,15.402,14.24,15.856,13.954
2017-04-28,14.171,12.959,14.91,12.249
2017-05-31,13.067,12.17,13.658,11.815
2017-06-30,12.101,12.398,13.13,11.441
2017-07-31,12.458,10.876,12.626,10.085
2017-08-31,10.836,11.657,11.855,10.52
2017-09-29,11.617,11.509,12.21,11.024
2017-10-31,11.627,10.332,12.24,10.184
2017-11-30,10.352,9.116,10.846,8.977
2017-12-29,9.116,8.453,9.383,8.137
2018-01-31,8.562,8.206,9.541,8.186
2018-02-28,8.216,7.405,8.266,6.387
2018-03-30,7.346,8.424,8.879,6.97
2018-04-27,8.503,11.973,13.654,7.86
2018-05-25,11.953,10.5,13.041,10.273
