date,open,close,high,low
2016-01-29,15.922,10.459,15.981,9.811
2016-02-29,10.459,11.385,12.547,9.989
2016-03-31,10.885,11.944,12.394,10.247
2016-04-29,12.018,12.161,13.443,11.632
2016-05-31,12.137,12.503,13.151,11.192
2016-06-30,12.503,13.787,13.906,11.857
2016-07-29,13.727,12.374,14.224,12.016
2016-08-31,12.255,12.862,13.1,11.927
2016-09-30,12.802,13.12,13.518,12.613
2016-10-31,13.14,13.2,13.369,12.852
2016-11-30,13.18,13.11,14.005,13.031
2016-12-30,13.1,12.832,13.22,11.539
2017-01-26,12.772,11.917,13.09,10.942
2017-02-28,11.936,12.115,12.295,11.738
2017-03-31,12.115,11.21,12.503,11.101
2017-04-28,11.28,9.76,11.767,9.18
2017-05-31,9.77,8.65,9.86,8.33
2017-06-30,8.62,8.96,9.19,8.11
2017-07-31,8.96,8.47,9.14,7.97
2017-08-31,8.5,8.97,9.06,8.32
2017-09-29,9.01,8.87,9.15,8.65
2017-10-31,8.94,8.53,9.33,8.4
2017-11-30,8.54,7.78,8.55,7.6
2017-12-29,7.81,7.64,7.98,7.44
2018-01-31,7.64,7.29,7.9,7.23
2018-02-28,7.2,6.89,7.3,6.33
2018-03-30,6.88,7.07,7.28,6.38
2018-04-27,7.08,6.75,7.36,6.54
2018-05-25,6.75,6.94,7.24,6.59
