date,open,close,high,low
2016-01-29,43.468,30.446,43.635,26.666
2016-02-29,29.848,30.264,35.938,28.226
2016-03-31,29.544,31.863,35.908,29.166
2016-04-29,31.666,28.151,34.196,27.537
2016-05-31,28.279,27.287,29.696,23.878
2016-06-30,27.317,28.374,29.036,24.552
2016-07-29,28.571,31.535,32.009,27.05
2016-08-31,31.12,29.549,34.459,28.749
2016-09-30,29.569,26.971,30.369,26.18
2016-10-31,27.267,27.05,28.927,26.566
2016-11-30,26.813,26.753,28.255,26.18
2016-12-30,26.753,23.414,26.941,22.94
2017-01-26,23.434,21.181,24.204,19.858
2017-02-28,21.004,21.912,22.476,20.579
2017-03-31,21.824,19.749,22.989,19.492
2017-04-28,19.749,17.704,20.381,16.805
2017-05-31,17.704,16.328,18.0,15.374
2017-06-30,16.1,15.712,18.067,15.165
2017-07-31,15.702,15.593,16.368,13.824
2017-08-31,15.493,17.431,17.938,15.295
2017-09-29,17.411,16.924,18.147,16.358
2017-10-31,17.133,15.414,17.63,15.116
2017-11-30,15.464,14.708,15.941,14.162
2017-12-29,14.698,14.678,15.931,14.231
2018-01-31,14.758,11.926,15.692,11.856
2018-02-28,11.777,13.734,13.734,10.644
2018-03-30,13.913,15.911,16.616,13.019
2018-04-27,16.308,16.587,17.64,14.649
2018-05-25,16.597,15.02,17.789,14.71
