date,open,close,high,low
2016-01-29,21.304,14.149,21.712,12.878
2016-02-29,13.764,11.94,16.608,11.934
2016-03-31,11.94,14.213,15.413,11.375
2016-04-29,14.189,14.964,15.809,13.269
2016-05-31,14.918,19.282,19.795,13.595
2016-06-30,18.816,26.141,28.227,17.766
2016-07-29,25.714,22.903,31.266,22.062
2016-08-31,22.255,22.974,25.878,21.249
2016-09-30,22.792,19.712,22.968,19.169
2016-10-31,19.864,21.127,22.5,19.584
2016-11-30,21.039,20.151,22.898,19.578
2016-12-30,20.104,17.79,20.338,15.966
2017-01-26,17.854,15.388,18.304,14.184
2017-02-28,15.277,15.773,17.042,14.949
2017-03-31,15.779,17.79,20.84,15.692
2017-04-28,17.831,15.914,18.906,14.219
2017-05-31,15.832,13.599,16.633,13.214
2017-06-30,13.547,13.307,14.307,12.454
2017-07-31,13.547,13.566,14.61,12.349
2017-08-31,13.636,14.638,14.925,13.396
2017-09-29,14.58,17.686,18.066,14.486
2017-10-31,17.932,15.054,18.143,14.679
2017-11-30,15.054,15.406,19.403,14.767
2017-12-29,15.295,15.312,16.062,13.818
2018-01-31,15.09,15.353,17.228,15.09
2018-02-28,15.242,14.826,15.617,12.898
2018-03-30,14.715,16.525,16.924,13.185
2018-04-27,16.273,16.678,17.832,15.605
2018-05-25,16.935,15.3,18.225,15.3
