date,open,close,high,low
2016-01-29,13.684,7.616,13.883,6.798
2016-02-29,7.68,7.586,9.42,7.343
2016-03-31,7.531,11.017,11.304,7.259
2016-04-29,10.833,15.484,15.811,10.833
2016-05-31,15.37,14.215,15.866,11.999
2016-06-30,14.215,16.958,17.266,13.288
2016-07-29,17.067,13.358,17.674,12.81
2016-08-31,13.387,13.427,14.7,12.681
2016-09-30,13.377,12.781,14.004,12.204
2016-10-31,12.781,12.373,13.387,12.293
2016-11-30,12.413,12.333,13.328,12.194
2016-12-30,12.283,10.841,12.403,10.145
2017-01-26,10.851,10.006,11.219,9.26
2017-02-28,9.946,10.702,12.084,9.827
2017-03-31,10.722,9.936,11.179,9.857
2017-04-28,9.956,9.359,10.394,8.762
2017-05-31,9.359,9.26,9.717,8.852
2017-06-30,9.15,8.65,9.61,8.55
2017-07-31,8.68,9.13,9.6,8.66
2017-08-31,9.14,8.84,9.26,8.47
2017-09-29,8.84,8.66,9.36,8.6
2017-10-31,8.76,8.13,9.15,8.04
2017-11-30,8.13,7.16,8.35,7.05
2017-12-29,7.13,6.73,7.36,6.56
2018-01-31,6.76,6.9,7.75,6.48
2018-02-28,6.85,6.45,6.96,5.88
2018-03-30,7.1,7.1,7.1,7.1
2018-04-27,7.81,7.1,9.87,6.94
2018-05-25,7.1,6.81,7.43,6.78
