date,open,close,high,low
2016-01-29,21.52,13.52,21.52,12.57
2016-02-25,13.49,14.9,16.33,13.11
2016-05-31,13.68,15.88,15.99,13.4
2016-06-30,15.88,17.81,18.27,15.0
2016-07-29,17.86,16.77,18.88,16.44
2016-08-31,16.69,17.37,17.86,15.74
2016-09-30,17.41,17.88,18.1,16.91
2016-10-31,18.02,18.25,19.3,17.92
2016-11-30,18.38,18.78,20.7,18.2
2016-12-30,18.73,19.25,20.26,17.26
2017-01-26,19.37,17.58,19.76,16.42
2017-02-28,17.51,17.95,18.4,17.38
2017-03-31,17.9,16.55,18.79,16.24
2017-04-28,16.52,14.7,17.25,13.7
2017-05-31,14.68,13.03,14.84,12.45
2017-06-30,13.19,12.93,13.57,12.22
2017-07-31,13.05,11.51,13.6,10.96
2017-08-31,11.5,12.34,12.65,11.03
2017-09-29,12.45,13.21,13.39,12.18
2017-10-31,13.3,12.25,13.73,12.12
2017-11-30,12.42,10.94,13.13,10.75
2017-12-29,10.84,10.7,11.21,9.95
2018-01-31,10.7,10.22,10.98,9.91
2018-02-28,10.2,9.24,10.2,8.06
2018-03-30,9.18,10.7,10.98,9.06
2018-04-27,10.56,10.48,11.35,9.79
2018-05-25,10.54,10.68,11.88,9.92
