date,open,close,high,low
2016-01-29,10.787,7.231,11.486,6.792
2016-02-29,7.301,6.562,8.26,6.502
2016-03-31,7.211,7.891,8.07,6.652
2016-04-29,7.841,8.15,9.58,7.691
2016-05-31,8.1,7.86,8.55,7.01
2016-06-30,7.86,8.47,8.65,7.4
2016-07-29,8.45,8.3,9.17,8.1
2016-08-31,8.25,9.02,9.4,7.91
2016-09-30,9.04,8.6,9.25,8.22
2016-10-31,8.6,9.31,9.63,8.6
2016-11-30,9.31,10.13,10.5,8.93
2016-12-30,10.19,8.62,10.19,8.21
2017-01-26,8.63,7.64,8.68,7.02
2017-02-28,7.64,7.63,7.96,7.53
2017-03-31,7.64,7.07,7.88,6.95
2017-04-28,7.03,6.57,7.4,6.39
2017-05-15,6.54,6.35,6.58,5.83
2017-06-30,6.1,6.4,6.52,6.1
2017-07-31,6.42,7.08,7.1,6.41
2017-08-31,7.04,6.87,7.31,6.8
2017-09-29,6.87,6.58,7.04,6.21
2017-10-31,6.61,6.37,6.68,6.22
2017-11-17,6.4,6.4,6.53,6.25
2017-12-29,6.41,6.13,6.66,5.34
2018-01-31,6.12,5.49,6.18,5.43
2018-02-28,5.53,5.55,5.68,5.08
2018-03-30,5.61,5.79,6.35,5.51
2018-04-27,5.75,5.3,6.08,5.12
2018-05-25,5.3,5.12,5.53,4.78
