date,open,close,high,low
2016-01-29,21.274,13.187,21.274,11.668
2016-02-29,13.062,11.768,15.984,11.768
2016-03-31,11.514,15.095,15.884,10.889
2016-04-29,15.16,14.386,16.369,13.601
2016-05-31,14.266,16.45,16.45,13.387
2016-06-30,17.27,19.8,20.77,16.2
2016-07-29,19.49,15.14,20.21,14.82
2016-08-31,15.05,16.38,17.43,14.22
2016-09-30,16.15,15.29,16.98,14.6
2016-10-31,15.37,15.45,16.39,15.2
2016-11-30,15.56,15.57,17.4,15.17
2016-12-30,15.65,14.27,16.46,13.43
2017-01-26,14.35,15.28,15.99,13.86
2017-02-28,15.26,17.77,18.49,15.0
2017-03-31,17.67,16.01,18.58,15.1
2017-04-28,16.1,11.82,17.5,11.2
2017-05-24,11.85,9.95,12.25,9.55
2017-06-30,10.79,12.66,12.78,10.4
2017-07-31,12.43,10.42,13.09,9.86
2017-08-31,10.51,12.82,13.75,9.87
2017-09-29,12.77,15.09,15.93,12.02
2017-10-31,15.55,12.56,15.84,12.31
2017-11-30,12.54,12.75,13.7,11.31
2017-12-29,12.75,13.96,14.41,12.26
2018-01-31,14.05,9.07,14.79,8.65
2018-02-01,8.96,8.16,8.97,8.16
2018-05-25,8.7,8.34,9.88,8.15
