date,open,close,high,low
2016-01-29,59.461,50.796,60.119,40.039
2016-02-29,49.81,38.257,53.655,38.257
2016-03-31,38.346,48.635,49.9,36.882
2016-04-29,48.107,46.613,52.171,45.727
2016-05-24,46.792,46.165,51.483,41.832
2016-10-31,50.779,61.441,61.441,50.779
2016-11-30,62.29,71.153,94.504,61.831
2016-12-30,69.804,63.779,75.929,61.731
2017-01-26,63.769,58.553,68.735,53.377
2017-02-28,59.333,68.565,79.936,59.333
2017-03-31,68.945,68.046,79.337,64.648
2017-04-28,68.285,66.467,72.772,59.952
2017-05-09,65.947,64.249,67.636,61.451
2017-09-29,70.68,65.64,70.68,56.5
2017-10-31,66.41,81.28,85.55,65.0
2017-11-30,80.8,68.95,84.0,68.11
2017-12-29,68.94,57.68,70.69,55.7
2018-01-31,57.9,57.06,68.0,54.5
2018-02-28,57.06,49.93,57.06,41.0
2018-03-30,49.5,58.01,60.85,47.5
2018-04-27,57.83,52.52,62.26,50.0
2018-05-25,52.6,54.27,57.44,48.5
