date,open,close,high,low
2016-04-29,33.811,28.453,33.811,27.079
2016-05-31,27.885,26.312,31.55,23.105
2016-06-30,26.292,27.198,28.881,23.135
2016-07-29,27.885,27.636,29.678,25.585
2016-08-31,26.889,28.373,29.867,23.453
2016-09-30,28.582,27.158,31.371,24.898
2016-10-31,27.387,27.517,30.106,26.69
2016-11-30,27.736,26.899,29.08,26.571
2016-12-30,26.999,23.613,27.338,22.497
2017-01-26,23.802,23.284,24.36,19.101
2017-02-28,23.085,22.258,25.953,21.91
2017-03-31,22.258,20.844,22.886,20.605
2017-04-28,20.844,18.703,22.886,17.637
2017-05-31,18.703,19.41,21.651,17.139
2017-06-30,19.21,18.21,20.18,17.85
2017-07-31,18.28,17.72,18.59,16.95
2017-08-31,17.6,18.61,19.2,17.4
2017-09-29,18.58,17.98,19.29,17.54
2017-11-30,17.5,15.78,19.78,15.54
2017-12-29,15.65,15.79,16.58,15.21
2018-01-31,15.79,14.68,16.46,14.23
2018-02-28,14.64,14.85,15.23,13.71
2018-03-30,14.68,15.58,16.3,13.31
2018-04-27,16.5,17.85,19.26,15.81
2018-05-25,17.95,17.72,20.42,17.5
