date,open,close,high,low
2016-01-29,34.199,24.302,34.199,22.609
2016-02-29,24.024,22.376,30.953,22.361
2016-03-31,22.51,37.118,37.118,21.254
2016-04-29,36.328,29.411,36.328,28.068
2016-05-31,29.431,25.36,30.755,23.758
2016-06-30,25.42,26.067,27.749,23.569
2016-07-29,26.276,24.574,28.267,24.196
2016-08-31,24.564,25.44,26.176,23.619
2016-09-30,25.529,24.883,26.157,24.166
2016-10-31,25.082,26.734,28.217,24.962
2016-11-30,26.674,26.565,29.043,25.888
2016-12-30,26.495,23.658,26.893,22.802
2017-01-26,23.658,21.887,24.275,20.453
2017-02-28,22.086,22.882,23.39,21.638
2017-03-31,22.514,21.976,24.056,21.499
2017-04-28,21.897,21.0,24.166,20.01
2017-05-31,21.15,22.15,23.2,20.8
2017-06-30,22.3,23.05,23.59,21.0
2017-07-31,23.05,20.48,24.5,19.9
2017-08-31,20.6,20.67,20.88,19.67
2017-09-29,20.61,20.95,22.08,20.3
2017-10-31,20.94,20.5,23.33,20.01
2017-11-30,20.55,17.07,20.78,16.58
2017-12-29,17.15,16.56,19.15,16.21
2018-01-31,16.58,13.91,17.02,13.83
2018-02-28,13.92,12.48,14.04,11.21
2018-03-30,12.44,14.16,14.33,11.92
2018-04-27,14.23,13.4,15.4,12.6
2018-05-25,13.32,14.69,16.6,12.61
