date,open,close,high,low
2016-01-29,33.182,21.963,33.208,20.425
2016-02-29,21.901,20.274,27.093,20.154
2016-03-31,20.337,27.369,29.053,19.946
2016-04-29,27.057,29.277,34.089,26.603
2016-05-31,29.507,27.854,31.269,24.007
2016-06-30,27.943,30.489,31.723,26.474
2016-07-29,30.656,26.192,32.862,26.087
2016-08-31,26.134,29.992,31.101,24.832
2016-09-30,29.862,31.576,32.935,28.23
2016-10-31,31.838,31.932,33.39,30.938
2016-11-30,31.696,33.024,36.856,31.681
2016-12-30,33.39,31.189,33.39,28.047
2017-01-26,31.268,27.049,32.935,25.109
2017-02-28,27.023,28.413,29.041,26.688
2017-03-17,28.262,29.145,30.248,28.262
2017-08-31,26.231,24.16,26.231,20.968
2017-09-29,24.139,24.113,26.734,22.588
2017-10-31,24.276,22.635,24.884,22.016
2017-11-30,22.588,22.645,23.846,21.435
2017-12-29,22.31,22.221,23.222,21.545
2018-01-31,22.069,19.228,24.795,18.73
2018-02-28,19.186,18.85,19.395,16.387
2018-03-30,18.735,20.208,20.664,18.347
2018-04-27,20.318,18.913,20.355,17.823
2018-05-25,18.714,19.584,20.381,18.043
