date,open,close,high,low
2016-02-29,11.313,31.397,38.761,11.313
2016-03-31,28.448,34.303,34.784,25.31
2016-04-29,34.021,47.063,49.09,32.038
2016-05-31,46.698,48.637,52.465,37.021
2016-06-30,48.328,57.43,64.758,46.958
2016-07-29,57.851,46.925,62.522,44.395
2016-08-31,45.608,53.855,64.415,43.726
2016-09-30,53.855,43.195,56.186,42.737
2016-10-31,43.594,45.427,51.005,43.594
2016-11-30,45.726,52.809,64.444,45.427
2016-12-30,53.735,44.052,53.735,42.857
2017-01-26,44.112,34.847,46.622,33.891
2017-02-28,35.166,37.358,37.358,33.104
2017-03-31,36.092,35.046,40.147,34.379
2017-04-28,35.166,26.499,35.664,24.905
2017-05-31,26.828,22.8,26.947,21.86
2017-06-30,22.51,25.32,27.85,21.01
2017-07-31,25.35,22.23,26.66,21.2
2017-08-31,22.22,25.32,26.45,21.61
2017-09-29,25.32,27.22,29.97,24.8
2017-10-31,27.42,25.05,28.11,24.02
2017-11-30,24.92,22.18,25.66,21.51
2017-12-29,22.28,21.27,22.4,19.98
2018-01-31,21.31,17.48,22.86,17.42
2018-02-28,17.65,15.84,17.79,14.4
2018-03-30,15.76,17.8,18.38,15.0
2018-04-27,18.13,16.07,18.55,15.55
2018-05-25,16.18,18.15,19.24,15.66
