date,open,close,high,low
2016-01-29,54.775,41.06,54.775,38.461
2016-02-29,40.39,37.251,48.386,37.251
2016-03-31,37.22,44.863,47.356,35.371
2016-10-31,49.347,56.315,65.455,49.347
2016-11-30,54.878,57.977,66.7,54.275
2016-12-30,56.931,46.354,56.931,45.576
2017-01-26,46.789,41.98,48.83,37.774
2017-02-28,42.092,43.05,44.158,39.821
2017-03-31,43.05,43.678,48.389,42.733
2017-04-28,43.678,37.332,44.718,35.826
2017-05-31,37.264,32.435,37.624,31.44
2017-06-30,32.522,33.4,37.04,30.046
2017-07-31,33.59,31.63,35.87,29.65
2017-08-31,31.5,33.86,35.0,30.6
2017-09-29,33.68,33.2,35.15,32.5
2017-10-31,33.38,34.88,35.99,33.11
2017-11-30,34.87,31.39,39.28,30.76
2017-12-29,31.4,31.11,32.37,29.62
2018-01-31,31.15,32.39,34.97,30.69
2018-02-28,32.59,31.83,33.25,26.03
2018-03-30,31.94,30.72,33.0,28.03
2018-04-27,30.9,30.7,36.99,30.11
2018-05-25,30.61,33.77,35.29,30.3
