date,open,close,high,low
2016-01-29,40.481,26.953,40.813,25.374
2016-02-29,26.72,23.9,31.109,23.826
2016-03-31,23.9,31.164,32.411,23.256
2016-04-29,30.976,28.601,33.549,27.19
2016-05-31,28.798,27.551,33.054,24.83
2016-06-30,27.878,34.351,35.553,26.31
2016-07-29,33.944,30.539,36.933,29.685
2016-08-31,30.201,36.675,40.556,29.784
2016-09-30,36.704,37.578,41.013,34.57
2016-10-31,37.836,35.95,38.928,35.642
2016-11-30,36.039,38.342,43.426,35.98
2016-12-30,38.342,34.103,38.66,32.167
2017-01-26,34.341,31.145,36.218,30.38
2017-02-28,31.075,31.998,32.922,29.983
2017-03-31,31.998,31.512,36.099,30.777
2017-04-28,31.77,29.328,33.339,28.017
2017-05-31,29.089,23.989,32.465,23.421
2017-06-30,23.999,24.875,26.688,21.249
2017-07-31,24.905,22.335,26.081,20.94
2017-08-31,22.325,26.36,27.097,20.92
2017-09-29,26.15,28.352,29.059,24.905
2017-10-31,28.352,28.691,29.388,27.117
2017-11-30,28.701,27.316,29.677,24.586
2017-12-29,26.917,24.108,27.326,23.68
2018-01-31,24.208,24.726,26.419,23.112
2018-02-28,24.437,24.387,24.786,21.04
2018-03-30,24.407,24.955,25.174,21.448
2018-04-27,25.184,25.59,27.87,24.138
2018-05-25,25.74,24.0,26.0,24.0
