date,open,close,high,low
2016-01-29,61.865,40.481,61.954,38.372
2016-02-29,39.953,37.885,49.233,37.885
2016-03-31,37.895,46.747,47.612,36.88
2016-04-29,46.926,47.801,54.365,45.692
2016-05-31,47.811,56.693,60.064,47.741
2016-06-30,56.782,59.935,63.138,52.257
2016-07-29,59.687,48.43,63.098,47.603
2016-08-31,48.191,50.423,51.28,46.247
2016-09-30,50.433,51.5,53.304,47.682
2016-10-31,51.779,54.719,56.294,51.659
2016-11-30,54.799,56.872,64.387,54.739
2016-12-30,57.111,55.566,59.025,50.912
2017-01-26,55.367,47.104,56.104,44.313
2017-02-28,47.423,48.44,49.267,46.566
2017-03-31,48.42,45.051,52.128,44.593
2017-04-28,45.32,38.273,46.745,37.018
2017-05-31,38.263,33.439,38.552,32.602
2017-06-30,33.439,33.42,35.398,30.449
2017-07-31,33.37,30.273,34.549,28.175
2017-08-31,30.573,33.3,34.449,29.254
2017-09-29,33.4,32.81,34.469,32.221
2017-10-09,33.02,33.1,33.27,32.98
2018-01-31,36.407,29.973,41.073,29.863
2018-02-28,29.873,31.372,32.92,25.977
2018-03-30,31.172,34.909,35.638,30.053
2018-04-27,35.118,36.09,37.73,32.651
2018-05-23,36.08,40.0,40.14,35.66
