date,open,close,high,low
2016-11-30,9.014,52.078,57.916,9.014
2016-12-30,51.598,40.741,53.928,39.21
2017-01-26,40.987,36.381,41.886,31.355
2017-02-28,36.48,38.471,39.656,35.216
2017-03-31,38.438,38.537,44.196,37.652
2017-04-28,38.611,41.453,43.251,37.945
2017-05-31,41.759,40.708,45.188,37.945
2017-06-30,40.528,52.857,53.695,35.349
2017-07-31,53.323,64.0,67.3,49.728
2017-08-31,63.36,61.1,64.18,52.81
2017-09-29,60.5,45.36,64.35,45.36
2017-10-31,45.29,36.39,48.18,34.15
2017-11-30,35.0,38.3,40.9,30.11
2017-12-29,37.65,34.54,42.99,33.2
2018-01-31,34.54,28.75,35.86,27.84
2018-02-28,28.13,25.82,28.7,22.0
2018-03-30,25.32,32.56,36.17,25.32
2018-04-27,32.5,31.23,38.67,29.1
2018-05-25,31.33,38.26,42.5,29.6
