date,open,close,high,low
2016-09-30,6.196,14.828,14.828,6.196
2016-10-31,16.309,40.231,45.391,16.309
2016-11-30,39.857,41.016,46.181,39.605
2016-12-30,41.151,30.1,41.959,29.679
2017-01-26,30.329,26.03,31.313,22.792
2017-02-28,26.071,26.938,27.465,24.063
2017-03-31,26.827,25.673,31.963,25.404
2017-04-28,25.492,22.171,26.979,20.496
2017-05-31,22.171,17.586,22.359,16.819
2017-06-30,17.51,18.176,19.902,16.415
2017-07-31,18.3,15.981,19.303,15.025
2017-08-31,15.987,20.336,20.424,15.406
2017-09-29,20.295,21.715,22.167,18.493
2017-10-31,21.921,17.707,22.226,17.372
2017-11-30,17.672,16.257,18.118,14.684
2017-12-29,16.24,16.891,18.951,15.025
2018-01-31,16.891,18.752,30.208,16.75
2018-02-28,19.121,19.931,20.993,15.565
2018-03-30,19.18,23.863,25.97,19.004
2018-04-27,23.576,20.559,25.119,20.013
2018-05-25,20.589,20.618,21.815,18.81
