date,open,close,high,low
2017-01-26,9.007,17.415,17.415,9.007
2017-02-28,19.157,28.449,33.215,19.157
2017-03-31,28.449,26.708,32.803,26.316
2017-04-28,27.519,25.724,28.243,23.265
2017-05-31,25.79,22.061,25.917,21.144
2017-06-30,21.895,21.56,23.497,20.214
2017-07-31,21.61,21.23,22.94,19.48
2017-08-31,21.68,22.68,22.8,21.18
2017-09-29,22.87,21.03,22.96,20.9
2017-10-31,21.32,24.04,25.55,20.65
2017-11-30,23.88,19.25,27.04,18.9
2017-12-29,19.25,18.61,20.35,18.11
2018-01-31,18.8,16.55,19.02,16.48
2018-02-28,16.6,17.63,17.84,14.8
2018-03-30,17.45,20.57,20.64,16.71
2018-04-27,20.65,20.97,22.88,20.02
2018-05-25,21.26,21.37,22.86,20.3
