date,open,close,high,low
2016-06-30,26.623,46.784,46.784,26.623
2016-07-29,51.468,149.79,190.433,51.468
2016-08-31,145.806,148.791,160.775,130.317
2016-09-30,148.791,124.995,151.887,123.926
2016-10-31,126.802,126.633,136.009,125.953
2016-11-30,127.312,135.999,147.473,126.742
2016-12-12,136.159,113.301,136.549,113.301
2017-07-31,101.97,60.26,101.97,56.57
2017-08-31,60.65,63.79,64.98,56.7
2017-09-29,64.32,62.87,71.18,62.1
2017-10-31,63.5,54.41,68.38,53.25
2017-11-30,54.1,50.52,56.86,46.71
2017-12-29,50.08,52.3,53.47,45.86
2018-01-31,52.46,49.95,54.95,48.52
2018-02-28,49.9,53.4,54.57,44.9
2018-03-30,53.05,54.28,56.32,48.2
2018-04-27,54.21,50.0,56.5,48.5
2018-05-25,50.0,52.48,53.38,48.48
