date,open,close,high,low
2016-07-29,7.461,45.618,48.589,7.461
2016-08-31,45.286,47.865,55.211,41.476
2016-09-30,48.103,37.433,51.361,37.046
2016-10-31,37.72,38.692,42.249,37.56
2016-11-30,38.935,41.459,46.247,38.869
2016-12-30,41.465,33.302,42.243,31.905
2017-01-26,33.468,26.824,34.307,24.355
2017-02-28,26.829,28.309,29.767,25.913
2017-03-31,28.304,33.976,35.069,27.995
2017-04-28,34.048,27.868,37.267,24.455
2017-05-31,27.868,26.675,28.652,24.085
2017-06-30,26.509,28.784,33.7,25.681
2017-07-31,28.718,19.849,29.022,18.971
2017-08-31,19.854,22.754,23.637,17.827
2017-09-29,22.367,20.373,23.444,20.153
2017-10-31,20.662,19.087,26.343,18.708
2017-11-30,19.456,16.196,19.456,14.97
2017-12-29,16.346,16.844,18.14,15.12
2018-01-31,16.874,13.904,17.402,13.904
2018-02-28,13.834,12.618,13.834,11.293
2018-03-30,12.449,14.153,15.06,11.96
2018-04-27,14.293,13.306,14.642,12.469
2018-05-25,13.336,15.16,16.446,12.768
