date,open,close,high,low
2017-01-26,3.05,10.636,10.636,3.05
2017-02-28,11.701,17.855,21.932,11.701
2017-03-31,18.008,22.445,27.426,17.349
2017-04-28,21.073,16.475,22.813,13.947
2017-05-31,16.361,13.885,17.05,13.64
2017-06-30,13.64,13.7,14.69,11.548
2017-07-31,13.8,11.48,14.6,10.9
2017-08-31,11.48,12.63,12.96,10.91
2017-09-29,12.7,12.16,13.81,11.91
2017-10-31,12.27,11.3,13.1,11.11
2017-11-30,11.3,9.33,11.44,9.02
2017-12-29,9.31,9.24,10.19,8.51
2018-01-31,9.28,9.25,9.85,8.65
2018-02-28,9.3,7.56,9.39,6.95
2018-03-30,7.53,7.95,8.49,6.8
2018-04-27,7.95,7.43,8.9,7.26
2018-05-25,7.44,8.16,8.88,7.17
