date,open,close,high,low
2016-02-29,14.977,41.942,46.637,14.977
2016-03-31,37.747,46.25,46.853,33.953
2016-04-29,46.25,43.653,52.894,41.432
2016-05-31,43.807,46.155,47.395,36.592
2016-06-30,46.057,55.542,63.269,42.292
2016-07-29,55.49,62.076,77.261,55.49
2016-08-31,60.614,58.892,70.192,55.868
2016-09-30,58.601,63.264,64.814,54.919
2016-10-31,64.207,60.463,68.18,59.12
2016-11-30,60.665,71.618,77.344,60.199
2016-12-30,71.151,53.934,72.292,52.129
2017-01-26,54.105,44.407,56.672,41.493
2017-02-28,44.537,43.78,46.088,39.47
2017-03-31,43.91,41.591,49.733,40.513
2017-04-28,41.54,32.569,43.044,30.669
2017-05-31,32.622,28.478,34.194,26.972
2017-06-30,28.288,29.682,32.379,26.104
2017-07-31,29.794,26.308,31.083,25.19
2017-08-31,26.308,28.413,28.61,25.591
2017-09-29,28.406,28.886,30.123,27.676
2017-10-31,29.038,27.814,30.905,27.374
2017-11-30,27.814,25.275,28.367,24.664
2017-12-29,25.341,23.552,27.801,22.165
2018-01-31,23.48,22.461,24.032,22.171
2018-02-28,22.362,19.738,22.941,18.159
2018-03-30,19.731,23.651,23.658,19.6
2018-04-27,23.677,23.033,25.289,22.625
2018-05-25,23.059,24.493,25.946,22.559
