date,open,close,high,low
2017-01-26,11.505,18.36,18.36,11.505
2017-02-28,20.196,52.544,57.613,20.196
2017-03-31,51.497,53.931,71.672,49.81
2017-04-28,53.871,45.68,56.346,41.908
2017-05-31,45.61,39.37,45.68,37.23
2017-06-30,38.94,39.22,43.66,36.57
2017-07-31,39.1,29.57,42.47,28.01
2017-08-31,29.56,34.49,35.49,28.01
2017-09-29,34.7,37.87,44.62,33.91
2017-10-31,37.73,33.96,42.99,33.39
2017-11-30,34.0,30.34,38.0,29.6
2017-12-29,30.07,29.06,31.3,27.4
2018-01-31,29.31,24.93,31.7,24.8
2018-02-28,24.98,21.72,25.14,18.81
2018-03-27,21.78,41.26,41.26,21.5
2018-04-27,45.39,38.74,54.92,38.74
2018-05-25,38.02,38.03,39.87,34.23
