date,open,close,high,low
2016-02-29,13.706,33.744,41.824,13.706
2016-03-31,30.372,35.06,36.501,30.144
2016-04-29,34.559,33.466,41.193,32.702
2016-05-31,33.705,35.258,35.502,29.892
2016-06-30,35.123,42.342,47.165,33.932
2016-07-29,42.845,46.532,56.83,41.351
2016-08-31,44.843,46.333,54.005,40.907
2016-09-30,46.338,48.435,49.317,42.91
2016-10-31,48.076,50.318,52.261,47.08
2016-11-30,50.418,57.398,61.817,50.318
2016-12-30,56.865,45.471,59.037,43.448
2017-01-26,46.034,37.789,46.731,35.372
2017-02-28,37.789,40.075,40.12,36.384
2017-03-31,40.08,36.453,42.561,35.935
2017-04-14,37.066,34.027,37.739,33.384
2017-07-31,30.64,25.52,32.93,24.22
2017-08-31,25.51,39.38,41.15,25.07
2017-09-29,38.8,45.17,45.17,34.1
2017-10-31,46.0,41.19,51.6,40.02
2017-11-30,41.48,35.36,42.89,31.0
2017-12-29,35.0,36.63,41.5,32.32
2018-01-31,36.63,31.7,43.47,31.7
2018-02-28,31.77,30.01,32.2,25.73
2018-03-30,29.77,35.04,36.6,27.8
2018-04-27,35.98,31.62,37.78,30.36
2018-05-25,31.62,32.05,33.75,29.51
