date,open,close,high,low
2016-10-31,16.454,42.322,42.322,16.454
2016-11-30,46.555,87.5,109.784,46.555
2016-12-30,87.5,66.424,88.698,65.255
2017-01-26,66.613,54.383,68.66,49.92
2017-02-28,54.213,57.817,62.63,52.945
2017-03-31,57.847,54.263,65.375,53.414
2017-04-28,54.193,46.156,55.321,43.001
2017-05-31,46.266,36.841,47.913,35.543
2017-06-30,36.472,37.32,39.427,33.756
2017-07-31,37.5,30.32,39.12,29.03
2017-08-31,30.58,34.7,35.16,29.16
2017-09-29,34.7,34.26,38.8,32.0
2017-10-31,34.71,31.9,36.34,31.15
2017-11-30,32.2,27.24,32.4,26.04
2017-12-29,27.24,26.64,27.98,25.6
2018-01-31,26.53,23.3,27.0,23.14
2018-02-28,23.4,21.12,23.43,19.51
2018-03-30,20.91,24.62,25.3,20.51
2018-04-27,25.14,24.29,27.8,23.14
2018-05-25,24.3,27.0,27.47,23.23
