date,open,close,high,low
2017-01-26,16.763,36.258,36.258,16.763
2017-02-28,36.136,35.729,38.254,32.104
2017-03-31,35.327,34.012,40.893,33.507
2017-04-28,33.841,32.752,35.013,29.922
2017-05-31,32.811,28.401,34.723,27.716
2017-06-30,27.994,27.885,30.229,25.888
2017-07-07,27.726,30.249,30.448,27.398
2017-12-29,28.918,27.895,37.451,27.319
2018-01-31,27.815,22.302,29.196,21.964
2018-02-28,22.411,22.977,24.487,18.189
2018-03-30,22.6,27.994,28.511,20.871
2018-04-27,27.895,27.9,32.196,25.53
2018-05-25,26.56,27.7,30.97,25.02
