date,open,close,high,low
2016-03-31,8.55,28.699,29.765,8.55
2016-04-29,28.543,26.924,31.713,26.054
2016-05-31,26.984,29.748,30.634,23.001
2016-06-29,29.606,48.457,49.649,27.518
2016-07-29,44.242,34.866,48.189,33.356
2016-08-31,33.987,34.816,39.43,31.534
2016-09-30,34.597,42.888,43.811,33.539
2016-10-31,43.147,41.949,45.736,40.452
2016-11-30,42.151,52.374,53.628,42.151
2016-12-30,52.108,39.091,56.257,38.836
2017-01-26,39.33,31.77,39.426,28.424
2017-02-28,31.866,30.027,32.752,28.623
2017-03-31,30.097,29.619,35.347,29.37
2017-04-28,29.708,27.74,30.502,26.084
2017-05-31,27.754,29.001,32.689,26.552
2017-06-30,28.809,23.98,28.809,22.63
2017-07-31,24.1,20.71,25.3,19.33
2017-08-31,20.71,24.88,25.58,20.1
2017-09-29,24.63,34.19,38.63,24.45
2017-10-31,35.07,34.15,36.88,28.08
2017-11-30,33.26,29.2,39.69,28.92
2017-12-29,29.2,28.99,33.18,28.33
2018-01-31,28.87,22.7,29.66,22.0
2018-02-28,22.5,25.81,26.34,20.0
2018-03-30,25.7,23.89,27.74,20.3
2018-04-27,23.9,21.37,25.5,20.65
2018-05-25,21.35,20.69,22.98,19.82
