date,open,close,high,low
2016-09-30,9.888,10.785,10.785,9.888
2016-10-31,11.862,49.531,49.556,11.862
2016-11-30,47.622,44.692,53.703,44.403
2016-12-30,44.607,34.27,45.504,33.473
2017-01-26,34.375,32.067,35.476,26.266
2017-02-28,32.232,31.982,34.579,29.495
2017-03-31,31.982,31.723,39.862,30.801
2017-04-28,31.474,30.113,34.405,28.523
2017-05-31,29.904,27.537,32.645,26.271
2017-06-30,27.661,28.07,31.624,25.179
2017-07-31,28.1,28.11,32.5,25.32
2017-08-31,28.45,28.93,28.98,26.21
2017-09-29,28.94,28.54,30.9,28.02
2017-10-31,28.94,28.69,32.24,28.12
2017-11-30,28.77,23.7,29.13,23.01
2017-12-29,23.61,21.23,24.56,20.31
2018-01-31,21.23,20.51,22.49,20.0
2018-02-28,20.3,18.03,20.58,16.12
2018-03-30,17.62,20.49,21.26,17.0
2018-04-27,20.49,17.83,20.94,16.86
2018-05-25,18.06,19.88,21.77,17.81
