date,open,close,high,low
2017-01-26,17.989,21.58,21.58,17.989
2017-02-28,23.743,72.996,75.169,23.743
2017-03-31,71.438,68.938,84.337,65.217
2017-04-28,66.477,61.516,71.24,54.184
2017-05-31,61.497,55.92,67.956,50.711
2017-06-30,55.563,55.7,60.68,52.765
2017-07-31,55.7,45.8,57.5,43.6
2017-08-31,45.69,52.98,53.22,44.2
2017-09-29,52.98,54.5,57.9,50.6
2017-10-31,55.19,52.4,57.0,50.68
2017-11-30,52.15,46.71,58.43,45.5
2017-12-29,46.98,43.7,47.2,40.76
2018-01-31,43.72,42.09,46.88,41.7
2018-02-28,42.03,39.5,42.09,33.71
2018-03-30,38.38,42.79,42.81,36.34
2018-04-27,42.86,41.7,49.0,40.03
2018-05-25,41.43,43.26,44.8,39.85
