date,open,close,high,low
2017-03-31,8.935,19.014,19.014,8.935
2017-04-28,20.918,32.23,37.065,20.918
2017-05-31,32.106,27.501,33.288,25.921
2017-06-30,27.252,26.985,28.54,24.552
2017-07-31,26.941,22.18,28.08,21.27
2017-08-31,22.29,25.47,27.0,20.5
2017-09-29,25.74,31.94,40.0,24.81
2017-10-31,32.5,26.68,34.3,25.61
2017-11-30,26.5,25.21,32.5,24.35
2017-12-29,25.03,23.61,25.68,21.23
2018-01-31,23.95,24.7,29.57,22.5
2018-02-28,24.55,22.37,25.09,19.5
2018-03-30,22.0,31.9,33.3,21.98
2018-04-27,33.3,26.82,35.39,26.28
2018-05-25,26.38,27.45,30.7,24.59
