date,open,close,high,low
2017-04-28,10.942,24.155,27.145,10.942
2017-05-31,24.18,21.22,25.583,20.328
2017-06-30,20.863,21.28,21.781,19.599
2017-07-31,21.329,18.781,22.737,17.725
2017-08-31,18.741,21.25,21.443,18.057
2017-09-29,21.25,23.347,26.173,21.022
2017-10-31,23.789,25.737,25.93,22.39
2017-11-30,25.583,35.078,35.598,23.506
2017-12-29,34.805,39.461,41.052,28.161
2018-01-31,35.549,25.603,36.625,25.172
2018-02-28,25.633,25.311,26.6,22.316
2018-03-30,24.993,28.276,29.168,22.807
2018-04-27,29.153,27.279,30.244,24.76
2018-05-25,27.755,26.32,30.41,24.522
