date,open,close,high,low
2017-03-31,9.0,25.48,25.48,9.0
2017-04-28,28.03,33.98,38.4,28.03
2017-05-31,33.93,27.32,34.95,26.13
2017-06-30,27.3,29.09,29.39,25.01
2017-07-31,29.09,27.14,31.39,25.75
2017-08-31,27.0,28.97,29.1,25.28
2017-09-29,28.88,29.98,30.69,27.52
2017-10-31,30.51,32.25,32.85,28.77
2017-11-30,32.41,30.68,33.5,30.0
2017-12-29,30.71,28.36,31.1,27.11
2018-01-31,28.8,28.28,30.96,26.9
2018-02-28,28.28,28.4,28.97,26.37
2018-03-30,28.56,23.17,29.8,20.79
2018-04-27,23.3,25.08,27.75,22.63
2018-05-25,24.92,26.06,27.24,24.03
