date,open,close,high,low
2017-02-28,19.247,23.095,23.095,19.247
2017-03-31,25.404,60.51,90.169,25.404
2017-04-28,59.267,51.945,62.727,45.322
2017-05-31,51.735,45.387,56.491,43.019
2017-06-30,44.762,45.414,47.545,42.973
2017-07-31,45.526,38.83,51.457,36.996
2017-08-31,39.114,41.614,41.686,37.59
2017-09-29,41.713,39.252,43.699,38.982
2017-10-31,39.569,43.059,47.208,39.061
2017-11-30,43.065,36.303,47.485,35.756
2017-12-29,36.284,33.447,36.838,31.666
2018-01-31,33.269,30.03,35.4,29.621
2018-02-28,29.983,28.697,30.247,24.732
2018-03-30,28.037,32.569,32.662,28.037
2018-04-27,32.602,28.69,33.434,27.648
2018-05-25,28.394,31.32,32.5,28.057
