date,open,close,high,low
2017-03-31,6.612,12.772,12.772,6.612
2017-04-28,14.049,39.293,43.631,14.049
2017-05-31,38.415,29.801,44.422,28.67
2017-06-30,29.096,35.735,35.828,25.95
2017-07-31,35.163,30.686,38.848,26.275
2017-08-31,30.446,31.404,32.588,27.067
2017-09-29,31.151,42.673,43.897,29.621
2017-10-31,38.981,33.553,40.67,32.355
2017-11-30,33.845,30.899,40.285,28.471
2017-12-15,30.699,33.799,34.657,28.61
2018-01-31,31.264,31.777,36.719,30.42
2018-02-28,31.431,29.349,31.91,25.278
2018-03-30,29.216,32.821,34.59,28.271
2018-04-27,32.628,30.147,36.879,28.617
2018-05-25,30.147,29.61,32.289,28.358
