date,open,close,high,low
2016-01-29,16.36,12.11,16.5,9.27
2016-02-29,11.85,11.75,14.82,11.16
2016-03-31,11.74,16.1,16.59,11.16
2016-04-29,16.0,14.27,17.19,14.04
2016-05-31,14.44,14.06,15.35,12.95
2016-06-30,14.08,14.92,16.26,13.92
2016-07-29,14.92,15.27,16.53,14.5
2016-08-31,15.07,15.86,16.39,14.38
2016-09-30,15.85,16.06,16.38,14.88
2016-10-31,16.4,16.04,17.5,15.73
2016-11-30,16.07,15.31,16.16,14.98
2016-12-30,15.38,13.24,15.48,12.32
2017-01-26,13.22,13.54,14.06,12.38
2017-02-28,13.21,13.44,14.1,13.16
2017-03-31,13.4,12.9,14.1,12.8
2017-04-28,12.9,12.57,13.48,12.3
2017-05-31,12.57,12.16,12.97,11.36
2017-06-30,12.14,12.81,13.19,11.71
2017-07-24,12.82,10.39,13.46,10.39
2017-12-29,9.87,9.87,9.87,9.87
2018-01-31,9.38,3.18,9.38,3.18
2018-02-28,3.02,2.25,3.02,2.1
2018-03-30,2.23,2.02,2.47,1.99
2018-04-27,2.03,1.54,2.07,1.5
2018-05-25,1.51,1.41,1.53,1.39
