date,open,close,high,low
2016-01-29,30.117,19.22,30.117,17.563
2016-02-29,18.99,18.312,23.421,17.763
2016-03-31,18.312,22.064,23.231,17.773
2016-04-29,22.153,21.465,23.291,20.307
2016-05-31,21.445,24.349,24.499,20.836
2016-06-30,24.369,23.67,25.417,21.664
2016-07-29,23.64,22.483,25.546,22.233
2016-08-31,22.303,23.082,23.961,21.824
2016-09-30,23.112,24.131,26.249,22.473
2016-10-31,24.221,23.002,24.76,22.713
2016-11-30,23.002,24.72,25.03,22.873
2016-12-30,24.571,21.894,24.83,20.875
2017-01-26,21.824,20.865,22.683,19.017
2017-02-28,20.845,20.985,21.185,20.016
2017-03-31,20.985,18.887,21.115,18.418
2017-04-28,18.937,17.569,20.865,16.73
2017-05-31,17.439,16.57,17.919,15.481
2017-06-30,16.56,17.499,17.948,15.481
2017-07-31,17.439,15.86,17.579,14.9
2017-08-31,15.95,16.72,16.91,15.36
2017-09-29,16.75,16.67,17.0,15.06
2017-10-31,16.47,16.28,17.9,15.4
2017-11-30,16.2,13.84,16.28,13.77
2017-12-29,13.84,13.21,14.15,11.63
2018-01-31,13.19,12.0,13.41,11.71
2018-02-28,12.06,12.89,13.08,10.08
2018-03-30,12.78,15.38,16.18,12.22
2018-04-27,15.15,13.42,15.38,12.68
2018-05-25,13.53,14.35,15.69,13.0
