date,open,close,high,low
2016-01-29,20.9,16.12,20.95,14.61
2016-02-29,16.0,15.66,17.35,15.01
2016-03-31,15.68,19.29,19.38,15.36
2016-04-29,19.38,20.63,22.42,18.65
2016-05-31,20.56,20.8,22.4,19.5
2016-06-30,20.78,20.01,21.23,18.47
2016-07-29,19.95,19.91,20.85,18.87
2016-08-31,19.77,19.77,21.0,19.43
2016-09-30,19.83,19.2,19.9,18.93
2016-10-31,19.17,19.53,21.06,19.07
2016-11-30,19.52,19.46,20.57,19.2
2016-12-30,19.43,18.92,19.8,18.2
2017-01-26,18.88,17.49,18.88,17.03
2017-02-28,17.5,17.04,18.29,16.9
2017-03-31,17.08,13.63,17.09,13.26
2017-04-28,13.65,11.2,13.77,10.46
2017-05-31,11.17,10.4,11.76,10.01
2017-06-30,10.39,13.86,14.79,9.46
2017-07-31,13.89,12.45,15.63,12.32
2017-08-31,12.35,11.92,12.6,10.81
2017-09-29,11.92,13.29,13.88,11.8
2017-10-31,13.38,12.17,13.88,12.1
2017-11-30,12.25,11.53,13.05,10.49
2017-12-29,11.58,12.63,12.83,11.1
2018-01-31,12.6,12.27,13.46,11.21
2018-02-28,12.09,12.73,12.82,10.44
2018-03-30,12.73,12.19,13.15,11.46
2018-04-27,12.19,11.02,12.55,10.71
2018-05-25,11.04,10.59,11.51,10.18
