date,open,close,high,low
2016-01-29,27.39,17.56,28.26,16.53
2016-02-29,17.62,18.64,24.2,16.57
2016-03-31,19.09,21.93,22.97,18.21
2016-04-29,21.84,21.97,25.0,20.48
2016-05-31,22.0,19.97,23.47,18.0
2016-06-30,20.09,22.03,23.33,18.71
2016-07-29,22.1,21.4,25.06,20.87
2016-08-31,21.32,22.68,23.5,20.58
2016-09-30,22.98,22.81,23.91,22.27
2016-10-31,22.95,24.94,28.88,22.85
2016-11-30,24.95,29.01,30.95,24.71
2016-12-30,28.49,27.99,31.0,27.38
2017-01-26,28.11,42.31,47.34,28.03
2017-02-28,41.94,38.0,45.66,35.52
2017-03-31,37.6,34.39,38.0,32.05
2017-04-28,33.96,27.21,36.3,25.56
2017-05-31,27.21,21.63,27.85,20.67
2017-06-30,21.56,25.05,27.0,19.68
2017-07-31,25.14,34.06,37.88,25.08
2017-08-31,34.22,32.09,35.88,31.0
2017-09-29,32.25,29.69,33.8,27.63
2017-10-31,30.1,26.69,31.05,26.26
2017-11-30,26.62,24.5,27.42,23.7
2017-12-29,24.3,24.6,27.88,23.01
2018-01-31,24.59,21.25,25.89,21.2
2018-02-12,21.25,19.4,21.44,18.48
