date,open,close,high,low
2016-01-29,9.847,6.324,9.995,5.938
2016-02-29,6.304,5.799,7.165,5.76
2016-03-31,5.839,7.462,7.59,5.809
2016-04-22,7.363,8.244,8.758,7.175
2016-09-30,9.07,9.07,9.07,9.07
2016-10-31,9.07,8.682,9.777,8.164
2016-11-30,8.712,8.015,8.871,7.855
2016-12-21,8.025,11.43,11.888,8.005
2017-05-31,10.29,7.5,10.29,7.5
2017-06-30,6.75,6.65,7.95,6.35
2017-07-31,6.68,6.86,7.1,5.73
2017-08-31,6.81,6.66,7.24,6.62
2017-09-29,6.65,6.66,7.65,6.49
2017-10-31,6.73,6.29,6.81,6.11
2017-11-30,6.31,5.83,6.44,5.71
2017-12-29,5.85,5.8,6.13,5.71
2018-01-31,5.8,6.55,6.96,5.8
2018-02-28,6.5,5.44,6.58,5.0
2018-03-30,5.42,5.12,5.56,4.76
2018-04-27,5.09,4.94,5.22,4.78
2018-05-25,4.92,5.05,5.34,4.91
