date,open,close,high,low
2016-01-29,7.05,5.01,7.27,4.7
2016-02-29,5.0,6.27,6.54,4.61
2016-03-31,6.0,6.24,6.96,5.58
2016-04-29,6.24,5.88,6.88,5.71
2016-05-31,5.88,5.15,5.98,4.84
2016-06-30,5.15,5.03,5.32,4.6
2016-07-29,5.03,5.08,5.64,4.97
2016-08-31,5.05,5.15,5.4,4.9
2016-09-30,5.15,5.07,5.35,4.96
2016-10-31,5.1,5.72,5.86,5.07
2016-11-30,5.7,5.68,6.8,5.64
2016-12-30,5.7,5.61,5.81,5.19
2017-01-26,5.61,5.85,5.98,5.12
2017-02-28,5.84,5.96,6.54,5.74
2017-03-31,5.96,6.15,6.53,5.65
2017-04-28,6.07,5.29,6.27,5.01
2017-05-31,5.25,4.82,5.39,4.63
2017-06-30,4.82,5.04,5.15,4.65
2017-07-31,5.03,8.6,8.6,4.85
2017-08-31,8.5,7.43,9.06,6.7
2017-09-29,7.4,6.85,8.18,6.72
2017-10-31,6.91,5.72,7.01,5.51
2017-11-30,5.72,5.69,6.09,5.0
2017-12-29,5.63,5.69,6.03,5.04
2018-01-25,5.56,5.55,6.17,5.27
2018-03-30,5.01,5.07,5.4,4.23
2018-04-27,4.97,4.47,5.14,4.41
2018-05-25,4.45,4.53,4.75,4.4
