date,open,close,high,low
2016-01-29,14.8,9.7,14.86,8.93
2016-02-29,9.76,8.86,11.98,8.86
2016-03-31,8.9,11.9,12.79,8.81
2016-04-29,11.95,13.29,14.86,11.41
2016-05-31,13.32,12.93,14.29,10.09
2016-06-30,13.04,12.13,13.98,11.36
2016-07-29,12.1,11.82,13.67,11.44
2016-08-31,11.7,11.43,11.98,11.08
2016-09-30,11.4,10.78,11.76,10.44
2016-10-31,10.83,11.19,11.84,10.83
2016-11-30,11.22,11.4,12.39,11.08
2016-12-30,11.46,10.38,11.5,10.02
2017-01-26,10.4,9.57,10.87,9.1
2017-02-28,9.58,9.89,10.3,9.42
2017-03-31,9.9,9.3,10.97,9.18
2017-04-28,9.32,7.84,9.53,7.28
2017-05-31,7.84,6.77,8.14,6.6
2017-08-31,7.45,8.87,9.29,7.45
2017-09-29,8.68,7.64,9.42,7.44
2017-10-31,7.67,6.66,7.85,6.52
2017-11-30,6.66,5.94,6.82,5.73
2017-12-29,5.97,5.4,6.18,5.15
2018-01-31,5.4,4.69,6.18,4.69
2018-02-28,4.22,4.78,5.0,4.11
2018-03-30,4.67,4.45,5.15,4.21
2018-04-27,4.45,3.43,4.75,3.4
2018-05-25,3.26,3.4,3.56,3.16
