date,open,close,high,low
2016-01-29,14.607,9.467,14.607,8.774
2016-02-29,9.408,10.626,14.558,8.933
2016-03-24,10.557,11.933,12.755,10.002
2016-07-29,13.122,13.37,15.858,13.122
2016-08-31,13.38,15.56,16.552,13.241
2016-09-30,15.808,18.276,18.772,14.014
2016-10-31,17.919,20.466,22.032,17.691
2016-11-30,19.921,18.534,23.945,18.226
2016-12-30,18.534,21.517,22.062,17.344
2017-01-26,21.289,19.792,23.073,17.622
2017-02-28,19.723,20.873,22.33,19.723
2017-03-31,20.714,18.147,21.111,18.038
2017-04-28,18.187,14.599,18.772,13.202
2017-05-24,14.47,14.072,16.284,13.231
2017-06-30,12.664,13.715,15.203,12.535
2017-07-31,13.775,13.507,15.669,12.555
2017-08-31,13.467,13.507,13.844,12.495
2017-09-29,13.527,12.922,14.38,12.872
2017-10-31,13.17,12.733,13.487,12.396
2017-11-30,12.664,10.978,12.793,10.115
2017-12-29,10.81,10.135,11.008,9.61
2018-01-31,10.195,10.919,11.276,10.115
2018-02-28,10.859,8.826,10.939,7.448
2018-03-30,8.727,11.791,13.517,8.707
2018-04-27,11.603,9.96,12.486,9.8
2018-05-25,10.01,10.35,10.87,9.7
