date,open,close,high,low
2016-01-29,6.21,4.295,6.21,4.009
2016-02-29,4.275,4.453,4.897,4.137
2016-03-31,4.483,4.808,5.421,4.334
2016-04-29,4.808,5.065,5.569,4.779
2016-05-31,5.075,4.602,5.322,4.226
2016-06-30,4.602,4.632,4.721,4.345
2016-07-29,4.642,4.741,5.069,4.602
2016-08-31,4.731,5.208,5.336,4.543
2016-09-30,5.198,5.604,5.852,5.019
2016-10-31,5.406,5.237,5.535,5.138
2016-11-30,5.237,5.495,5.753,5.198
2016-12-30,5.495,5.297,5.614,5.079
2017-01-26,5.277,5.158,5.555,4.93
2017-02-28,5.168,5.565,5.614,5.138
2017-03-31,5.555,5.307,5.981,5.227
2017-04-28,5.753,5.267,6.676,4.969
2017-05-31,5.217,4.811,5.356,4.206
2017-06-30,4.791,4.74,5.059,4.533
2017-07-31,4.73,4.74,4.88,4.37
2017-08-31,4.73,4.99,5.07,4.57
2017-09-29,4.89,4.77,5.28,4.71
2017-10-31,4.82,4.41,4.84,4.36
2017-11-30,4.41,3.8,4.43,3.7
2017-12-29,3.79,3.82,3.99,3.58
2018-01-31,3.83,3.95,4.61,3.8
2018-02-28,3.92,3.52,3.92,3.23
2018-03-30,3.48,3.45,3.68,3.2
2018-04-27,3.45,3.22,3.51,3.17
2018-05-25,3.23,3.34,3.52,3.12
