date,open,close,high,low
2016-01-29,38.0,23.02,39.9,21.26
2016-02-29,22.85,24.13,29.25,21.72
2016-03-31,23.84,34.51,37.98,22.71
2016-04-29,34.2,35.78,36.89,31.09
2016-05-31,35.48,29.52,37.52,26.0
2016-06-30,29.59,29.29,31.2,26.58
2016-07-29,29.26,29.6,31.84,28.63
2016-08-31,29.37,32.37,35.41,28.3
2016-09-30,32.1,35.32,37.97,32.0
2016-10-31,35.32,40.51,43.52,35.3
2016-11-30,40.25,46.9,49.2,39.9
2016-12-30,46.74,47.89,53.68,42.24
2017-01-26,47.9,45.73,50.2,41.0
2017-02-28,45.65,45.78,51.25,44.73
2017-03-31,45.75,45.44,48.87,43.4
2017-04-28,45.58,44.99,46.07,39.39
2017-05-31,44.7,45.83,47.4,43.58
2017-06-30,45.84,41.86,45.85,40.93
2017-07-31,41.9,39.51,42.74,38.7
2017-08-31,39.4,38.44,39.4,37.55
2017-09-29,38.44,37.53,39.38,34.34
2017-10-31,37.48,45.4,46.01,36.7
2017-11-30,45.4,44.38,46.85,40.26
2017-12-29,44.34,25.54,47.66,24.12
2018-01-31,25.7,24.54,26.75,22.54
2018-02-28,23.88,21.02,24.31,19.1
2018-03-30,20.99,21.6,24.97,19.55
2018-04-27,21.6,18.86,22.2,18.7
2018-05-25,18.95,19.01,20.49,18.4
