date,open,close,high,low
2016-01-29,19.751,10.933,20.188,10.288
2016-02-29,11.003,10.923,14.2,10.725
2016-03-31,10.973,13.763,14.22,10.645
2016-04-29,13.584,13.108,15.233,12.711
2016-05-31,13.167,13.465,14.627,12.085
2016-06-30,13.455,13.892,14.24,12.442
2016-07-29,13.922,13.545,15.064,13.416
2016-08-31,13.574,14.042,14.748,12.959
2016-09-30,14.003,15.763,16.21,13.485
2016-10-31,15.852,15.047,16.688,14.729
2016-11-30,15.047,14.231,15.276,14.152
2016-12-30,14.241,12.879,14.351,12.431
2017-01-26,12.879,12.382,13.277,11.437
2017-02-28,12.392,12.968,13.157,12.193
2017-03-31,12.919,12.342,13.326,12.232
2017-04-28,12.342,11.119,12.899,10.661
2017-05-09,11.238,10.94,11.238,10.701
2017-08-31,12.03,11.42,12.37,11.22
2017-09-25,11.41,11.59,12.15,11.27
2017-12-29,11.01,9.94,11.01,9.94
2018-01-31,9.44,4.33,9.44,4.33
2018-02-28,4.11,3.97,4.11,3.34
2018-03-30,3.94,3.68,4.38,3.41
2018-04-27,3.66,3.49,3.73,3.19
2018-05-25,3.45,3.41,3.53,3.2
