date,open,close,high,low
2016-01-29,13.21,9.53,13.29,8.5
2016-02-29,9.31,10.34,12.72,8.89
2016-03-31,10.4,11.67,12.35,10.23
2016-04-29,11.55,13.26,14.83,11.23
2016-05-31,13.35,15.34,15.45,11.6
2016-06-30,15.46,13.02,15.86,12.08
2016-07-29,13.1,12.77,13.97,12.2
2016-08-31,12.74,12.59,12.78,11.36
2016-09-30,12.53,11.87,13.05,11.52
2016-10-31,11.9,12.27,12.81,11.8
2016-11-30,12.26,11.91,12.85,11.82
2016-12-30,11.95,10.61,12.02,9.89
2017-01-26,10.6,10.49,11.57,9.63
2017-02-28,10.5,10.89,11.12,10.34
2017-03-31,10.86,9.64,10.98,9.5
2017-04-28,9.95,8.32,10.48,7.78
2017-05-31,8.28,7.7,8.41,7.51
2017-06-30,7.66,7.7,8.04,7.06
2017-07-31,7.71,8.44,8.85,7.41
2017-08-31,8.34,8.37,8.56,8.02
2017-09-29,8.37,8.24,9.51,8.18
2017-10-31,8.38,7.85,8.66,7.75
2017-11-30,7.84,7.09,7.96,6.81
2017-12-29,7.05,6.57,7.16,6.27
2018-01-31,6.62,6.18,6.86,6.1
2018-02-28,6.13,5.97,6.21,5.46
2018-03-30,5.92,6.29,6.48,5.77
2018-04-27,6.29,5.73,6.46,5.63
2018-05-25,5.7,5.57,5.88,5.55
