date,open,close,high,low
2016-01-29,13.41,8.73,13.49,8.11
2016-02-23,8.67,11.13,11.19,8.19
2016-12-30,12.0,12.83,13.37,11.5
2017-01-26,12.95,12.01,17.07,11.53
2017-02-28,12.0,12.05,13.4,11.57
2017-03-31,12.02,13.98,17.98,11.86
2017-04-28,13.85,12.84,14.81,11.66
2017-05-31,12.65,10.96,13.24,9.57
2017-06-30,10.99,13.94,13.94,10.45
2017-07-10,14.01,13.28,14.33,13.21
2017-11-30,14.61,14.61,14.61,13.35
2017-12-29,14.62,10.32,14.93,9.59
2018-01-31,10.03,9.26,13.45,9.26
2018-02-28,9.17,9.19,9.85,7.07
2018-03-30,9.12,10.75,11.0,8.71
2018-04-27,10.87,6.72,11.18,6.72
2018-05-25,6.38,6.48,6.7,5.13
