date,open,close,high,low
2016-01-29,21.6,14.18,22.37,12.87
2016-02-29,14.89,13.65,16.47,13.65
2016-03-31,13.15,18.04,18.23,12.97
2016-04-29,18.0,17.4,18.58,15.8
2016-05-31,17.39,13.14,18.44,12.08
2016-06-30,13.18,12.15,13.52,11.05
2016-07-29,12.2,13.12,13.43,10.98
2016-08-31,13.02,13.27,13.89,12.51
2016-09-30,13.11,15.92,16.87,13.05
2016-10-31,16.01,15.5,16.46,15.31
2016-11-30,15.5,15.07,16.53,14.91
2016-12-30,15.07,15.15,16.25,14.16
2017-01-26,15.38,13.53,15.39,13.05
2017-02-28,13.42,12.36,13.57,11.93
2017-03-31,12.36,15.46,15.77,12.26
2017-04-28,15.6,12.74,15.83,12.38
2017-05-31,12.73,8.84,12.91,8.74
2017-06-30,8.85,10.45,10.86,8.76
2017-07-31,10.37,9.0,10.58,8.62
2017-08-31,9.01,9.14,9.33,8.31
2017-09-29,9.12,8.5,9.67,8.3
2017-10-31,8.52,8.28,8.98,7.88
2017-11-30,8.69,9.14,9.78,8.47
2017-12-29,9.14,9.04,9.65,8.3
2018-01-31,9.05,8.12,9.18,8.12
2018-02-27,7.87,8.16,8.16,5.97
2018-03-30,8.5,7.62,8.94,6.96
2018-04-27,7.54,7.55,8.15,7.12
2018-05-25,7.17,7.08,7.79,7.0
