date,open,close,high,low
2016-01-29,10.771,7.345,10.771,6.397
2016-02-29,7.339,7.721,9.335,7.049
2016-03-31,7.721,8.445,8.959,7.418
2016-04-29,8.32,7.78,8.748,7.576
2016-05-31,7.78,7.166,8.011,6.561
2016-06-30,7.096,7.087,7.752,6.47
2016-07-29,7.096,7.236,7.782,7.027
2016-08-31,7.216,7.852,8.001,6.848
2016-09-30,8.001,7.007,8.21,6.878
2016-10-31,7.077,7.156,7.424,7.047
2016-11-30,7.176,7.236,7.921,7.087
2016-12-30,7.226,7.176,7.444,6.749
2017-01-26,7.196,7.106,7.554,6.56
2017-02-28,7.106,7.703,8.528,7.057
2017-03-31,7.673,7.723,8.528,7.424
2017-04-28,7.802,7.474,9.104,7.007
2017-05-31,7.514,6.639,7.673,6.441
2017-06-30,6.659,6.74,7.07,6.291
2017-07-31,6.73,6.69,7.07,6.4
2017-08-31,6.7,7.01,7.29,6.61
2017-09-29,7.01,6.75,7.06,6.65
2017-10-31,6.83,6.73,7.01,6.61
2017-11-30,6.7,6.02,6.73,5.93
2017-12-29,6.03,5.87,6.14,5.69
2018-01-31,5.87,6.2,6.24,5.82
2018-02-28,6.17,6.05,6.24,5.55
2018-03-30,6.01,5.93,6.18,5.53
2018-04-27,5.95,5.95,6.35,5.81
2018-05-25,5.87,5.61,5.9,5.6
