date,open,close,high,low
2016-01-29,9.47,6.33,9.47,6.01
2016-02-29,6.25,7.02,7.83,6.17
2016-03-31,7.15,8.7,8.87,7.05
2016-04-29,8.6,8.11,9.04,7.81
2016-05-31,8.13,7.69,8.58,7.1
2016-06-30,7.65,7.97,8.11,7.1
2016-07-29,7.91,7.97,8.65,7.86
2016-08-31,7.95,8.87,9.06,7.68
2016-09-30,8.9,8.12,9.3,7.91
2016-10-31,8.22,8.38,8.58,8.18
2016-11-30,8.38,9.1,10.5,8.35
2016-12-30,9.09,8.38,9.34,7.99
2017-01-26,8.39,8.0,8.64,7.38
2017-02-28,7.98,8.11,8.29,7.95
2017-03-31,8.11,7.65,8.5,7.47
2017-04-28,7.65,7.06,7.83,6.56
2017-05-31,6.96,6.17,7.03,5.85
2017-06-30,6.12,6.22,6.34,5.84
2017-07-31,6.23,6.0,6.44,5.61
2017-08-31,6.01,6.32,6.65,5.92
2017-09-29,6.3,6.26,6.53,6.23
2017-10-31,6.32,5.97,6.63,5.89
2017-11-30,5.96,5.33,6.15,5.25
2017-12-29,5.32,5.32,5.41,4.96
2018-01-31,5.32,4.94,5.6,4.91
2018-02-28,4.94,4.49,4.95,3.99
2018-03-30,4.48,4.88,5.05,4.2
2018-04-27,4.88,4.78,5.66,4.46
2018-05-25,4.71,4.82,5.11,4.71
