date,open,close,high,low
2016-01-29,28.5,16.48,29.0,15.18
2016-02-29,16.26,13.58,18.98,13.58
2016-03-31,13.4,16.39,18.4,13.02
2016-04-29,16.28,15.51,22.55,15.34
2016-05-31,15.61,13.71,16.63,11.81
2016-06-30,13.64,12.66,14.02,11.71
2016-07-07,12.62,12.8,13.07,12.46
2016-10-31,13.44,14.82,14.82,13.44
2016-11-30,15.4,16.46,19.4,15.16
2016-12-30,16.53,17.49,18.29,16.3
2017-01-26,17.3,15.3,17.78,14.2
2017-02-28,15.32,15.28,15.79,14.5
2017-03-31,15.29,14.93,17.07,14.72
2017-04-28,14.93,14.66,15.9,13.25
2017-05-31,14.58,13.4,15.15,12.88
2017-06-30,13.48,13.75,14.24,12.36
2017-07-31,13.68,16.02,17.1,12.6
2017-08-31,15.93,13.99,15.93,13.53
2017-09-29,13.99,13.55,14.39,13.37
2017-10-31,13.66,12.61,14.15,12.46
2017-11-30,12.65,10.66,12.65,10.15
2017-12-29,10.75,10.91,11.8,10.18
2018-01-26,10.91,10.46,11.3,9.95
2018-03-30,10.21,10.04,10.46,9.68
2018-04-27,9.83,8.51,9.89,8.11
2018-05-25,8.42,8.75,9.32,8.02
