date,open,close,high,low
2016-01-29,5.15,3.29,5.2,3.16
2016-02-29,3.32,3.3,3.83,3.2
2016-03-31,3.31,3.77,3.84,3.28
2016-04-29,3.75,3.8,4.08,3.57
2016-05-05,3.8,4.02,4.04,3.8
2016-10-31,4.42,7.15,7.15,4.42
2016-11-30,7.49,7.46,10.21,7.38
2016-12-30,7.42,6.9,8.17,6.61
2017-01-26,6.89,5.78,7.02,5.46
2017-02-28,5.8,6.2,6.5,5.73
2017-03-31,6.18,5.49,6.29,5.46
2017-04-28,5.55,4.61,5.78,4.3
2017-05-31,4.6,4.15,4.96,3.95
2017-06-30,4.12,4.44,5.05,3.76
2017-07-31,4.45,4.3,4.78,4.0
2017-08-31,4.3,4.42,4.59,4.18
2017-09-29,4.44,4.77,5.17,4.39
2017-10-31,4.81,4.21,4.89,4.16
2017-11-30,4.22,4.26,4.36,3.88
2017-12-29,4.25,3.97,4.34,3.91
2018-01-31,3.97,3.99,4.28,3.97
2018-02-28,3.99,3.37,4.02,3.16
2018-03-30,3.35,3.42,3.77,3.11
2018-04-27,3.42,2.34,3.5,2.21
2018-05-25,2.33,2.17,2.45,2.16
