date,open,close,high,low
2016-01-29,9.935,7.163,10.114,6.676
2016-02-29,7.163,6.547,8.514,6.349
2016-03-31,6.706,8.286,8.654,6.349
2016-04-29,8.097,7.65,8.415,7.372
2016-05-31,7.65,7.7,8.296,7.054
2016-06-30,7.64,8.248,8.577,7.183
2016-07-29,8.477,8.437,8.946,8.038
2016-08-31,8.477,11.499,14.95,8.118
2016-09-30,11.309,9.714,11.519,9.694
2016-10-31,9.794,10.232,11.938,9.714
2016-11-30,10.182,10.093,11.08,9.794
2016-12-30,10.093,9.265,10.432,8.776
2017-01-26,9.255,8.896,9.644,8.068
2017-02-28,8.896,10.512,11.22,8.886
2017-03-31,10.422,10.96,11.12,9.973
2017-04-28,10.92,8.986,12.506,8.347
2017-05-31,8.986,7.44,9.155,7.041
2017-06-08,7.44,7.56,7.69,7.001
2017-09-29,8.0,8.32,8.32,7.79
2017-10-31,8.65,7.41,9.15,7.16
2017-11-30,7.44,6.74,7.45,5.87
2017-12-29,6.85,6.1,7.2,5.95
2018-01-31,6.11,6.99,7.47,6.07
2018-02-28,6.77,5.96,6.78,5.21
2018-03-30,5.98,6.16,6.51,5.38
2018-04-27,6.16,5.78,6.26,5.55
2018-05-25,5.8,5.52,5.88,5.51
