date,open,close,high,low
2016-01-29,8.89,6.02,8.89,5.62
2016-02-29,6.01,6.2,7.14,5.9
2016-03-31,6.2,7.53,7.79,6.11
2016-04-29,7.55,8.5,9.49,7.53
2016-05-31,8.53,8.12,8.98,6.69
2016-06-30,8.07,8.03,8.61,7.27
2016-07-29,8.05,7.81,8.56,7.78
2016-08-31,7.78,8.18,8.35,7.51
2016-09-30,8.15,7.81,8.6,7.65
2016-10-31,7.89,8.09,8.32,7.83
2016-11-30,8.09,8.47,9.36,8.06
2016-12-30,8.48,9.11,10.2,7.87
2017-01-26,9.16,8.44,9.56,7.74
2017-02-28,8.54,8.69,9.19,8.44
2017-03-31,8.69,7.83,8.69,7.77
2017-04-28,7.83,6.9,8.02,6.46
2017-05-31,7.05,7.2,8.4,7.03
2017-06-30,7.14,7.49,7.64,6.74
2017-07-31,7.5,9.39,10.29,7.42
2017-08-31,9.4,8.8,9.78,8.34
2017-09-29,8.79,8.51,9.47,8.42
2017-10-31,8.6,8.13,9.46,8.02
2017-11-30,8.13,7.11,8.17,6.66
2017-12-29,7.13,7.33,7.59,6.71
2018-01-31,7.33,6.74,7.55,6.7
2018-02-28,6.71,7.23,7.47,5.66
2018-03-30,7.15,7.49,8.44,6.69
2018-04-27,7.76,6.5,9.23,6.39
2018-05-25,6.49,6.06,6.74,6.02
