date,open,close,high,low
2016-01-29,14.763,12.713,14.863,10.552
2016-02-29,12.444,11.847,14.415,11.508
2016-03-31,11.906,12.195,13.071,11.448
2016-04-29,12.523,12.245,13.081,11.677
2016-05-31,12.294,10.513,13.549,9.776
2016-06-30,10.393,11.966,12.314,9.836
2016-07-29,11.757,12.772,16.764,11.588
2016-08-31,12.812,13.758,14.883,12.603
2016-09-30,13.818,13.36,14.833,12.046
2016-10-31,14.116,13.091,14.435,12.942
2016-11-30,13.121,13.947,14.405,13.041
2016-12-30,13.967,13.061,13.977,12.294
2017-01-26,13.061,12.155,13.987,11.618
2017-02-28,12.225,12.384,12.683,11.209
2017-03-31,12.384,11.986,12.693,11.797
2017-04-28,11.986,12.842,14.236,11.906
2017-05-31,12.802,10.582,12.802,10.084
2017-06-30,10.532,11.588,11.936,10.174
2017-07-17,11.608,12.59,13.808,11.558
2018-01-31,13.79,11.05,13.79,10.85
2018-02-28,11.06,9.49,11.11,8.5
2018-03-30,9.5,9.28,10.44,8.51
2018-04-27,9.33,8.92,9.55,8.65
2018-05-25,8.92,9.96,11.22,8.68
