date,open,close,high,low
2016-01-29,27.44,16.74,27.5,14.9
2016-02-29,16.5,15.86,20.5,15.78
2016-03-31,15.87,21.03,21.3,15.6
2016-04-25,20.98,22.84,25.72,20.81
2016-08-31,20.56,20.06,20.58,18.33
2016-09-30,20.08,20.83,21.21,18.91
2016-10-31,20.51,21.08,22.35,20.51
2016-11-30,21.12,22.09,24.72,21.1
2016-12-30,22.38,23.81,24.5,21.18
2017-01-26,23.65,21.25,24.4,20.01
2017-02-28,21.37,20.93,22.49,19.45
2017-03-31,21.2,18.81,21.88,18.0
2017-04-28,18.99,15.9,19.85,14.65
2017-05-31,15.71,13.29,15.9,13.01
2017-06-30,13.28,13.84,14.38,12.25
2017-07-31,13.75,14.78,15.9,12.33
2017-08-31,14.88,14.98,15.48,13.95
2017-09-29,15.06,14.07,16.3,13.81
2017-10-31,14.09,14.66,15.3,14.09
2017-11-30,14.59,12.73,14.97,12.48
2017-12-29,12.76,12.66,13.8,12.1
2018-01-31,12.7,11.51,13.94,11.2
2018-02-28,11.42,10.79,11.45,9.2
2018-03-30,10.78,12.16,12.59,10.44
2018-04-27,12.11,12.19,13.58,11.6
2018-05-25,12.19,12.87,13.5,12.19
