date,open,close,high,low
2016-01-29,9.35,6.086,9.35,5.792
2016-02-29,6.086,6.282,7.498,5.89
2016-03-31,6.371,7.841,8.115,6.273
2016-04-29,7.811,6.733,8.056,6.714
2016-05-31,6.743,7.617,8.685,6.175
2016-06-30,7.716,8.121,8.962,7.567
2016-07-29,8.102,8.715,9.12,7.716
2016-08-30,8.626,10.426,10.486,8.359
2016-09-30,10.011,10.713,12.236,9.684
2016-10-31,10.713,11.593,13.334,10.397
2016-11-30,11.633,11.247,11.702,11.079
2016-12-30,11.277,9.002,12.266,8.933
2017-01-26,9.041,9.239,9.763,8.408
2017-02-28,9.289,9.19,9.615,8.972
2017-03-31,9.397,8.735,9.397,8.517
2017-04-28,8.656,8.131,8.923,7.943
2017-05-31,8.062,6.68,8.062,6.28
2017-06-30,6.65,6.86,7.24,6.26
2017-07-31,6.89,6.38,6.93,6.05
2017-08-31,6.44,6.95,7.23,6.24
2017-09-29,6.99,6.65,7.13,6.52
2017-10-31,6.65,6.27,7.2,6.2
2017-11-30,6.3,5.3,6.41,5.26
2017-12-29,5.29,5.17,5.49,5.0
2018-01-31,5.18,5.26,5.85,5.16
2018-02-28,5.2,5.01,5.29,4.86
2018-03-30,5.0,6.28,6.39,4.97
2018-04-27,6.32,5.37,6.36,5.25
2018-05-25,5.35,5.15,5.5,5.1
