date,open,close,high,low
2016-01-29,19.665,12.974,23.851,11.513
2016-02-29,12.726,11.304,14.675,11.304
2016-03-31,11.304,14.605,14.685,11.046
2016-04-29,14.605,14.128,16.554,13.74
2016-05-31,14.008,13.939,15.032,12.179
2016-06-30,13.929,13.091,14.496,12.223
2016-07-29,13.161,12.981,14.767,12.822
2016-08-31,12.971,14.049,14.967,12.552
2016-09-30,14.039,15.177,15.925,13.321
2016-10-31,15.177,14.608,15.436,14.229
2016-11-30,14.648,16.184,17.162,14.428
2016-12-30,16.214,14.897,16.244,13.879
2017-01-26,14.977,14.508,15.745,13.82
2017-02-28,14.528,16.394,18.799,14.269
2017-03-31,16.364,14.528,16.564,14.388
2017-04-28,15.855,16.174,18.459,14.269
2017-05-31,16.623,19.77,21.75,16.115
2017-06-30,19.58,16.21,20.1,16.16
2017-07-31,16.27,15.23,17.3,14.5
2017-08-31,15.27,16.05,16.59,14.91
2017-09-29,16.05,14.95,16.05,14.71
2017-10-31,15.2,14.24,15.37,13.86
2017-11-30,14.18,12.53,14.44,12.15
2017-12-29,12.52,11.15,12.52,10.8
2018-01-31,11.16,11.84,14.01,11.12
2018-02-28,11.88,10.75,12.03,9.62
2018-03-30,10.66,10.65,11.38,9.8
2018-04-27,10.66,9.82,11.89,9.78
2018-05-25,9.83,9.42,10.14,9.29
