date,open,close,high,low
2016-01-29,11.9,9.64,11.9,9.64
2016-02-29,8.68,6.68,9.0,6.65
2016-03-31,6.75,8.1,8.1,6.33
2016-04-29,8.12,9.14,9.67,8.04
2016-05-18,9.16,7.8,9.41,7.31
2016-06-30,8.03,7.33,8.5,6.63
2016-07-29,7.33,7.17,8.65,7.04
2016-08-31,7.14,7.72,7.98,6.88
2016-09-30,7.68,8.06,8.51,7.51
2016-10-24,8.09,8.51,8.75,8.08
2016-12-30,8.26,8.67,9.08,7.5
2017-01-26,8.76,8.24,9.08,7.35
2017-02-28,8.19,8.06,8.44,7.84
2017-03-23,8.06,8.14,8.29,7.96
2017-07-31,7.33,5.6,7.33,5.49
2017-08-31,5.57,6.32,6.36,5.5
2017-09-29,6.26,5.92,6.59,5.62
2017-10-31,6.02,5.49,6.12,5.39
2017-11-30,5.5,4.65,5.51,4.4
2017-12-29,4.66,4.53,4.81,4.41
2018-01-31,4.53,4.37,4.94,4.37
2018-02-28,4.35,4.28,4.4,3.55
2018-03-30,4.27,5.26,6.56,4.16
2018-04-27,5.35,4.49,5.44,4.36
2018-05-25,4.49,4.47,4.95,4.31
