date,open,close,high,low
2016-01-29,2.85,2.38,2.85,2.26
2016-02-29,2.49,2.16,2.55,2.16
2016-03-31,2.16,2.56,2.58,2.1
2016-04-29,2.54,2.73,2.82,2.53
2016-05-31,2.84,2.52,3.27,2.32
2016-06-30,2.51,2.44,2.6,2.26
2016-07-29,2.41,2.36,2.52,2.34
2016-08-31,2.34,2.37,2.44,2.29
2016-09-30,2.37,2.3,2.39,2.26
2016-10-31,2.3,2.37,2.47,2.29
2016-11-30,2.36,2.42,2.55,2.31
2016-12-30,2.41,2.32,2.44,2.28
2017-01-26,2.31,2.28,2.38,2.21
2017-02-28,2.27,2.36,2.49,2.26
2017-03-31,2.35,2.33,2.36,2.27
2017-04-28,2.32,2.1,2.43,2.04
2017-05-31,2.0,1.49,2.0,1.47
2017-06-30,1.48,1.41,1.49,1.35
2017-07-31,1.41,1.38,1.43,1.31
2017-08-31,1.38,1.55,1.66,1.36
2017-09-29,1.54,1.48,1.63,1.46
2017-10-31,1.49,1.36,1.54,1.33
2017-11-30,1.36,1.16,1.37,1.13
2017-12-29,1.16,1.15,1.26,1.07
2018-01-31,1.15,1.02,1.21,1.02
2018-02-05,0.97,0.87,0.97,0.87
