date,open,close,high,low
2016-01-29,23.28,17.53,23.28,16.3
2016-02-29,17.56,16.24,19.38,16.24
2016-03-31,15.63,20.28,20.32,15.43
2016-04-29,20.1,20.15,22.8,19.22
2016-05-31,20.15,18.46,21.15,16.08
2016-06-30,18.52,19.51,20.65,18.02
2016-07-29,19.55,18.41,21.38,18.31
2016-08-31,18.41,20.01,20.08,17.92
2016-09-30,20.02,20.59,21.14,19.28
2016-10-31,20.61,21.63,22.5,20.6
2016-11-30,21.7,21.98,24.26,21.43
2016-12-30,22.05,22.49,24.11,20.12
2017-01-26,22.55,21.21,23.77,19.5
2017-02-28,21.12,21.38,21.97,20.66
2017-03-31,21.38,19.79,22.01,19.58
2017-04-28,19.85,17.59,20.75,16.31
2017-05-31,17.42,17.01,17.82,15.55
2017-06-30,16.96,18.89,18.95,16.01
2017-07-31,18.87,16.47,19.15,15.41
2017-08-31,16.6,17.06,17.36,15.8
2017-09-29,17.06,19.42,20.3,16.65
2017-10-31,19.6,17.65,20.27,16.6
2017-11-30,17.67,14.33,17.88,14.0
2017-12-29,14.28,15.53,15.6,13.26
2018-01-31,15.48,14.58,15.55,14.32
2018-02-28,14.56,13.6,14.72,12.21
2018-03-30,13.5,15.31,16.98,12.88
2018-04-27,15.19,12.91,16.75,12.66
2018-05-25,12.9,13.08,13.68,12.56
