date,open,close,high,low
2016-01-29,8.99,5.64,10.41,5.4
2016-02-29,5.68,6.15,7.3,5.6
2016-03-31,6.02,7.25,7.88,5.67
2016-04-29,7.24,7.19,8.07,7.0
2016-05-31,7.25,6.68,7.54,6.08
2016-06-30,6.68,6.69,6.79,6.12
2016-07-29,6.69,6.56,7.07,6.52
2016-08-31,6.56,7.0,7.15,6.27
2016-09-30,7.01,7.54,7.64,6.91
2016-10-31,7.62,7.51,7.92,7.41
2016-11-30,7.52,7.69,8.78,7.43
2016-12-30,7.69,7.82,7.92,7.0
2017-01-26,7.83,7.37,8.13,6.92
2017-02-28,7.37,7.77,7.85,7.29
2017-03-31,7.76,7.14,7.97,7.08
2017-04-28,7.16,6.3,7.38,5.94
2017-05-31,6.27,5.93,6.39,5.55
2017-06-30,5.85,5.9,6.06,5.67
2017-07-31,5.92,5.69,6.17,5.28
2017-08-31,5.68,5.89,5.95,5.55
2017-09-29,5.9,6.11,6.28,5.84
2017-10-31,6.14,6.08,6.54,5.99
2017-11-30,6.13,5.56,6.13,5.45
2017-12-29,5.6,5.53,5.84,5.47
2018-01-31,5.55,4.77,5.61,4.7
2018-02-28,4.72,4.44,4.79,4.2
2018-03-30,4.5,4.44,5.13,4.15
2018-04-27,4.46,4.04,4.46,3.89
2018-05-25,4.05,3.95,4.19,3.93
