date,open,close,high,low
2016-01-29,5.33,4.65,5.35,3.85
2016-02-29,4.67,4.72,5.48,4.67
2016-03-31,4.74,5.58,5.9,4.47
2016-04-13,5.58,5.88,6.21,5.46
2016-10-31,6.11,5.11,6.45,4.95
2016-11-30,5.09,5.5,6.3,5.06
2016-12-30,5.49,5.31,5.72,4.69
2017-01-26,5.29,4.93,5.42,4.44
2017-02-28,4.93,4.71,5.15,4.55
2017-03-31,4.7,4.1,4.77,3.92
2017-04-28,4.1,3.45,4.36,3.25
2017-05-31,3.44,3.56,3.92,3.31
2017-06-30,3.55,3.87,4.06,3.34
2017-07-31,3.88,4.26,4.33,3.61
2017-08-31,4.24,4.09,4.64,3.9
2017-09-29,4.11,4.22,4.78,4.11
2017-10-31,4.23,3.55,4.26,3.45
2017-11-30,3.55,3.46,3.88,3.21
2017-12-29,3.44,3.15,3.45,3.05
2018-01-31,3.16,2.48,3.35,2.48
2018-02-28,2.44,2.52,2.74,2.16
2018-03-30,2.5,2.37,2.68,2.19
2018-04-27,2.38,1.95,2.57,1.9
2018-05-25,1.95,2.01,2.12,1.94
