date,open,close,high,low
2016-01-29,14.597,10.244,14.624,8.899
2016-02-29,10.016,10.702,13.542,9.682
2016-03-31,10.623,12.161,12.768,10.112
2016-04-29,12.021,12.346,14.377,11.739
2016-05-31,12.416,11.59,13.058,10.57
2016-06-30,11.607,11.818,12.645,10.974
2016-07-29,11.792,11.368,12.858,11.288
2016-08-31,11.35,11.191,11.791,10.953
2016-09-30,11.165,10.204,11.377,10.036
2016-10-31,10.265,10.944,11.077,10.265
2016-11-30,10.98,10.503,11.553,10.345
2016-12-30,10.503,9.851,10.565,9.551
2017-01-26,9.851,9.542,10.221,8.854
2017-02-28,9.542,9.86,10.107,9.48
2017-03-31,9.842,9.278,10.204,9.216
2017-04-28,9.295,8.175,10.971,7.725
2017-05-26,8.078,7.24,8.775,6.676
2017-06-30,7.6,8.06,8.98,7.31
2017-07-31,8.07,7.6,8.57,7.09
2017-08-31,7.64,7.82,8.2,7.51
2017-09-29,7.8,8.98,9.72,7.76
2017-10-31,8.98,7.54,9.12,7.4
2017-11-30,7.53,6.88,7.64,6.77
2017-12-29,6.9,6.52,7.08,6.22
2018-01-31,6.52,6.0,6.77,5.98
2018-02-28,5.99,5.6,6.04,4.81
2018-03-30,5.58,6.47,7.25,5.5
2018-04-27,6.52,5.79,6.67,5.7
2018-05-25,5.78,5.77,6.28,5.57
