date,open,close,high,low
2016-01-29,6.63,4.857,6.63,4.368
2016-02-29,4.759,5.445,5.445,4.603
2016-03-31,5.729,5.915,7.433,5.66
2016-04-29,5.905,5.435,6.317,5.318
2016-05-31,5.425,4.857,5.611,4.632
2016-06-30,4.887,4.988,5.161,4.554
2016-07-29,4.998,4.82,5.285,4.8
2016-08-31,4.83,5.384,6.186,4.741
2016-09-30,5.354,5.384,5.651,5.028
2016-10-31,5.285,5.364,5.523,5.097
2016-11-30,5.384,6.166,6.829,5.344
2016-12-30,6.067,5.552,6.394,5.443
2017-01-26,5.552,5.384,5.721,5.107
2017-02-28,5.394,5.493,5.641,5.265
2017-03-31,5.503,5.097,5.532,4.998
2017-04-28,5.236,6.324,7.443,5.146
2017-05-31,6.265,5.899,6.849,5.285
2017-06-30,5.839,5.819,6.552,5.453
2017-07-31,5.829,5.79,5.968,5.226
2017-08-31,5.79,6.04,6.49,5.54
2017-09-29,6.06,6.06,6.58,5.82
2017-10-31,6.12,5.96,6.25,5.73
2017-11-30,5.95,5.65,5.97,5.47
2017-12-29,5.62,4.85,5.69,4.71
2018-01-31,4.86,4.66,5.48,4.65
2018-02-28,4.66,4.23,5.0,4.01
2018-03-30,4.2,4.51,4.82,3.99
2018-04-27,4.48,4.59,4.74,4.16
2018-05-25,4.53,4.27,4.64,4.12
