date,open,close,high,low
2016-01-15,13.12,10.68,13.17,9.42
2016-07-29,11.21,12.17,12.17,11.21
2016-08-31,12.18,14.81,15.22,11.86
2016-09-30,14.85,15.85,16.54,13.71
2016-10-31,15.95,17.38,17.74,15.31
2016-11-11,17.44,17.23,17.55,16.51
2016-12-30,17.23,17.02,17.38,16.37
2017-01-26,17.02,16.96,17.19,14.82
2017-02-28,16.96,19.11,19.27,16.52
2017-03-31,19.18,18.13,19.95,17.15
2017-04-28,18.01,19.44,20.14,17.5
2017-05-31,19.33,17.43,19.7,16.48
2017-06-27,17.55,17.35,17.59,15.91
2017-07-31,18.88,17.38,18.88,17.02
2017-08-31,16.45,17.58,18.68,16.45
2017-09-29,17.56,17.72,18.3,17.43
2017-10-31,17.74,17.48,18.41,17.02
2017-11-30,17.49,17.02,17.87,16.56
2017-12-26,17.01,16.8,17.68,15.9
2018-04-27,15.12,6.97,15.12,6.67
2018-05-25,7.2,7.76,7.93,6.98
