date,open,close,high,low
2016-01-29,18.382,12.912,18.601,12.334
2016-02-29,12.922,12.284,15.483,12.115
2016-03-31,12.265,16.798,17.983,11.836
2016-04-29,16.549,16.14,18.432,15.263
2016-05-31,16.07,15.972,17.425,14.456
2016-06-30,15.982,16.431,16.55,14.206
2016-07-29,16.54,15.054,17.229,14.844
2016-08-31,15.064,15.942,16.121,14.635
2016-09-30,16.012,15.962,16.431,15.363
2016-10-31,16.061,16.371,17.049,15.972
2016-11-30,16.411,16.49,17.807,16.271
2016-12-30,16.49,16.331,16.939,15.273
2017-01-26,16.361,15.533,17.937,14.695
2017-02-28,15.563,16.161,16.231,15.293
2017-03-31,16.141,15.652,17.308,15.453
2017-04-28,15.942,13.917,17.249,13.218
2017-05-31,13.817,12.33,14.116,11.822
2017-06-30,12.35,12.68,13.03,11.452
2017-07-31,12.69,11.77,13.13,11.12
2017-08-31,11.77,12.63,13.39,11.35
2017-09-29,12.72,12.69,13.6,12.5
2017-10-31,12.86,12.11,13.63,11.96
2017-11-30,12.08,10.81,12.25,10.4
2017-12-29,10.79,10.4,10.93,9.88
2018-01-31,10.38,9.84,10.54,9.56
2018-02-28,9.82,10.14,10.8,9.23
2018-03-30,10.1,12.54,15.7,10.03
2018-04-27,12.56,10.7,13.0,10.13
2018-05-25,10.73,10.31,11.05,10.11
