date,open,close,high,low
2016-01-29,22.55,17.02,22.65,13.9
2016-02-29,16.9,18.19,19.78,16.61
2016-03-31,18.1,20.36,20.71,16.95
2016-04-29,20.1,20.5,22.8,19.1
2016-05-31,20.5,18.15,21.35,16.32
2016-06-30,18.18,17.89,18.85,17.03
2016-07-29,17.8,19.09,20.13,17.79
2016-08-31,19.12,19.15,19.95,18.3
2016-09-30,19.3,19.82,20.4,18.71
2016-10-31,19.9,19.91,21.09,19.48
2016-11-30,19.8,20.65,22.88,19.75
2016-12-30,20.75,21.04,22.07,19.9
2017-01-26,21.24,19.21,22.79,18.7
2017-02-28,19.25,19.55,20.3,19.15
2017-03-31,19.55,17.69,20.88,17.53
2017-04-28,18.18,15.42,19.0,14.5
2017-05-31,15.54,14.25,16.03,13.11
2017-06-30,14.2,15.83,16.8,14.05
2017-07-31,15.85,15.98,16.68,13.92
2017-08-31,15.85,16.27,16.65,15.0
2017-09-29,16.27,15.73,16.38,15.14
2017-10-31,15.83,14.46,15.97,14.2
2017-11-30,14.44,13.7,14.48,12.34
2017-12-29,13.58,13.26,13.8,12.46
2018-01-31,13.26,12.69,13.77,12.06
2018-02-28,12.57,11.71,12.57,10.5
2018-03-30,11.61,11.74,12.88,10.78
2018-04-27,11.79,10.79,12.09,10.61
2018-05-25,10.7,10.64,11.46,10.03
