date,open,close,high,low
2016-01-29,6.25,4.99,6.25,4.68
2016-02-29,4.87,5.01,5.63,4.75
2016-03-31,5.01,5.34,5.7,4.98
2016-04-29,5.33,5.42,6.27,5.31
2016-05-31,5.45,5.15,5.9,4.76
2016-06-30,5.16,5.07,5.35,4.86
2016-07-29,5.04,5.08,5.77,5.04
2016-08-31,5.08,5.48,5.67,5.01
2016-09-30,5.48,5.86,5.92,5.38
2016-10-31,5.91,6.13,6.26,5.63
2016-11-30,6.09,5.85,6.61,5.78
2016-12-30,5.88,5.79,5.95,5.3
2017-01-26,5.75,5.61,5.95,5.16
2017-02-28,5.61,5.83,6.45,5.53
2017-03-31,5.82,5.45,5.86,5.32
2017-04-28,5.45,4.92,5.54,4.68
2017-05-31,4.93,4.31,5.05,4.14
2017-06-30,4.32,4.61,4.88,4.07
2017-07-31,4.58,5.19,5.47,4.56
2017-08-31,5.15,5.24,5.95,4.92
2017-09-29,5.32,5.59,6.35,5.19
2017-10-31,5.63,4.69,5.68,4.6
2017-11-30,4.73,4.46,4.93,4.1
2017-12-29,4.44,4.25,4.51,4.1
2018-01-31,4.25,4.12,4.55,4.09
2018-02-28,4.09,3.79,4.1,3.6
2018-03-30,3.78,3.88,4.07,3.62
2018-04-27,3.88,3.65,3.94,3.52
2018-05-25,3.7,3.63,3.85,3.63
