date,open,close,high,low
2016-02-29,16.03,15.72,20.79,15.39
2016-03-31,15.81,15.39,17.3,13.03
2016-04-29,15.28,17.24,17.64,15.06
2016-05-31,17.3,16.38,17.5,14.55
2016-06-30,16.38,17.93,18.44,15.7
2016-07-29,18.03,18.63,19.2,17.6
2016-08-31,18.72,20.5,21.0,18.1
2016-09-30,20.55,18.31,20.55,18.0
2016-10-31,18.33,18.77,20.54,18.09
2016-11-30,18.77,18.16,19.27,17.91
2016-12-30,18.16,18.56,19.0,17.21
2017-01-26,18.54,16.8,18.66,15.88
2017-02-28,16.84,18.27,18.7,16.65
2017-03-31,18.25,17.3,19.94,17.02
2017-04-28,17.1,14.58,17.59,13.65
2017-05-31,14.5,13.13,15.99,12.55
2017-06-30,13.05,14.22,15.39,12.48
2017-07-31,14.5,13.7,15.0,12.7
2017-08-31,13.75,14.38,14.67,13.0
2017-09-29,14.37,12.9,15.12,12.65
2017-10-31,12.95,12.2,13.98,12.0
2017-11-30,12.22,11.15,13.17,10.33
2017-12-29,11.11,10.41,11.18,9.86
2018-01-31,10.49,9.41,11.95,9.33
2018-02-28,8.7,7.84,9.0,7.02
2018-03-30,7.77,10.09,11.69,7.68
2018-04-27,10.05,8.74,10.75,8.04
2018-05-25,8.84,10.31,10.78,8.52
