date,open,close,high,low
2016-01-29,10.84,7.22,10.89,6.6
2016-02-29,7.2,6.97,8.44,6.9
2016-03-29,6.99,8.78,9.33,6.91
2016-04-29,9.18,9.53,10.04,8.55
2016-05-31,9.38,9.02,10.05,7.86
2016-06-30,9.2,9.08,9.45,8.49
2016-07-29,9.03,8.38,9.43,8.35
2016-08-31,8.37,8.95,9.02,8.2
2016-09-30,8.95,9.3,9.34,8.7
2016-10-31,9.33,9.52,10.05,9.26
2016-11-30,9.59,10.31,10.8,9.43
2016-12-30,10.36,10.63,11.19,9.31
2017-01-26,10.61,10.2,11.56,9.32
2017-02-28,10.22,10.56,10.98,10.13
2017-03-31,10.5,9.58,10.65,9.4
2017-04-28,9.6,10.6,10.67,9.57
2017-05-31,10.59,9.92,11.2,9.72
2017-06-30,9.9,9.89,10.25,9.58
2017-07-31,9.89,10.57,10.65,9.3
2017-08-31,10.74,11.65,12.33,9.82
2017-09-29,11.61,10.17,11.95,10.08
2017-10-31,10.28,9.31,10.54,9.22
2017-11-30,9.35,7.81,9.5,7.71
2017-12-29,7.81,7.48,8.01,7.29
2018-01-31,7.47,9.34,9.77,7.45
2018-02-28,9.11,9.07,9.64,7.91
2018-03-30,9.03,9.65,9.8,8.42
2018-04-27,9.98,9.88,10.62,9.13
2018-05-25,9.93,10.05,10.77,9.42
