date,open,close,high,low
2016-01-29,6.734,4.604,6.744,4.172
2016-02-29,4.565,6.666,7.009,4.477
2016-03-31,6.577,5.91,7.009,5.301
2016-04-29,5.841,5.311,6.234,5.232
2016-05-31,5.311,5.076,5.488,4.535
2016-06-30,5.056,4.83,5.154,4.387
2016-07-29,4.869,4.781,5.391,4.712
2016-08-31,4.771,4.899,5.076,4.643
2016-09-30,5.036,4.85,5.204,4.751
2016-10-31,4.869,5.174,5.391,4.859
2016-11-30,5.164,5.636,6.551,5.125
2016-12-30,5.686,5.253,5.705,5.125
2017-01-26,5.243,5.44,5.961,4.948
2017-02-28,5.459,5.676,5.932,5.341
2017-03-31,5.666,7.358,7.555,5.469
2017-04-28,6.62,5.863,7.181,5.41
2017-05-31,5.823,5.115,6.138,4.879
2017-06-30,5.115,5.194,5.392,4.927
2017-07-31,5.214,6.006,6.491,5.016
2017-08-31,6.016,5.739,6.164,5.6
2017-09-29,5.719,5.739,6.5,5.669
2017-10-31,5.798,6.461,6.619,5.719
2017-11-30,6.411,5.422,6.471,5.353
2017-12-29,5.432,4.987,5.739,4.927
2018-01-18,4.987,4.967,5.165,4.848
2018-05-25,4.828,4.41,4.828,4.38
