date,open,close,high,low
2016-01-29,8.9,6.33,9.08,6.23
2016-02-29,6.27,5.47,7.83,5.47
2016-03-31,5.49,6.34,6.69,5.21
2016-04-29,6.29,7.18,7.55,6.27
2016-05-31,7.26,6.32,7.52,5.95
2016-06-30,6.32,7.43,7.62,6.29
2016-07-29,7.42,7.2,8.22,7.03
2016-08-31,7.2,7.57,7.8,6.8
2016-09-30,7.53,8.27,8.74,7.39
2016-10-31,8.3,9.15,9.76,8.15
2016-11-30,9.1,9.08,9.45,8.46
2016-12-30,9.15,11.79,14.27,8.5
2017-01-26,11.55,10.15,14.6,10.07
2017-02-28,10.13,11.55,12.09,10.12
2017-03-31,11.42,11.48,12.18,10.38
2017-04-28,12.63,10.57,14.42,9.81
2017-05-31,10.68,11.32,12.18,9.95
2017-06-30,11.26,10.36,11.76,10.07
2017-07-31,10.36,9.45,10.65,8.9
2017-08-31,9.71,10.38,11.48,9.71
2017-09-29,10.44,9.59,10.78,9.43
2017-10-31,9.7,8.79,9.87,8.63
2017-11-30,8.75,7.2,8.86,6.57
2017-12-29,7.01,7.21,8.59,6.79
2018-01-31,7.26,7.15,7.93,6.83
2018-02-28,7.18,6.34,7.25,5.55
2018-03-30,6.31,6.15,7.12,5.58
2018-04-27,6.14,5.94,6.49,5.81
2018-05-25,5.99,6.14,6.7,5.75
