date,open,close,high,low
2016-01-29,6.95,4.36,7.0,4.1
2016-02-29,4.35,3.97,4.76,3.85
2016-03-31,4.0,4.53,4.65,3.9
2016-04-29,4.54,5.18,5.86,4.48
2016-05-31,5.19,4.32,5.67,4.03
2016-06-30,4.29,4.37,4.47,4.02
2016-07-29,4.38,4.17,4.55,4.12
2016-08-31,4.14,4.59,5.22,4.06
2016-09-30,4.61,5.04,5.06,4.32
2016-10-31,5.03,5.2,5.45,4.87
2016-11-01,5.2,5.2,5.24,5.1
2017-04-28,4.68,3.4,4.68,3.35
2017-05-31,3.23,2.48,3.23,2.32
2017-06-30,2.46,2.52,2.61,2.26
2017-07-31,2.52,2.71,2.82,2.43
2017-08-31,2.71,2.9,2.97,2.6
2017-09-29,2.94,2.65,2.94,2.61
2017-10-31,2.67,2.66,2.76,2.51
2017-11-30,2.73,2.82,3.28,2.69
2017-12-29,2.8,2.73,2.92,2.59
2018-01-31,2.73,2.38,2.76,2.38
2018-02-28,2.26,2.14,2.29,1.84
2018-03-30,2.11,2.02,2.33,1.9
2018-04-27,2.01,2.04,2.15,1.96
2018-05-25,2.09,2.0,2.32,1.99
