date,open,close,high,low
2016-01-29,15.384,12.25,15.443,9.382
2016-02-29,12.053,12.546,14.862,11.225
2016-03-31,12.043,13.689,14.566,11.294
2016-04-29,13.502,12.585,14.221,12.27
2016-05-31,12.704,11.206,13.275,10.309
2016-06-30,11.156,11.728,13.196,10.703
2016-07-29,11.797,12.477,13.256,11.462
2016-08-31,12.231,16.675,20.085,11.787
2016-09-30,16.526,15.498,17.97,14.588
2016-10-31,15.814,15.725,17.308,15.577
2016-11-30,15.725,16.408,18.336,15.646
2016-12-30,16.398,18.049,18.87,15.082
2017-01-26,18.049,16.239,19.266,14.954
2017-02-28,16.269,17.09,18.128,16.081
2017-03-31,17.09,15.29,17.248,15.152
2017-04-28,15.29,13.094,15.616,11.878
2017-05-31,12.966,12.461,13.431,10.978
2017-06-30,12.461,11.957,13.104,11.433
2017-07-31,11.977,12.046,13.322,11.591
2017-08-31,12.046,12.89,13.96,11.789
2017-09-29,12.9,12.16,13.2,12.06
2017-10-31,12.3,12.0,13.44,11.66
2017-11-30,11.96,10.14,12.04,9.95
2017-12-29,10.2,9.84,10.96,9.38
2018-01-31,9.88,10.51,11.2,9.46
2018-02-28,10.11,8.53,10.2,7.76
2018-03-30,8.47,9.47,10.98,8.44
2018-04-27,9.42,8.27,9.66,8.09
2018-05-25,8.28,8.99,9.08,8.28
