date,open,close,high,low
2016-01-29,19.389,13.426,20.244,12.751
2016-02-29,13.436,12.959,15.553,12.82
2016-03-31,12.959,14.599,16.487,12.164
2016-04-29,14.559,13.685,15.046,13.079
2016-05-31,13.675,13.595,15.364,12.731
2016-06-30,13.536,13.029,14.48,12.423
2016-07-29,13.029,13.737,14.665,12.839
2016-08-31,13.567,14.385,15.543,13.049
2016-09-30,14.385,14.016,14.565,13.747
2016-10-31,14.116,14.745,15.213,14.056
2016-11-30,14.695,14.655,15.393,14.076
2016-12-30,14.675,14.765,15.213,13.747
2017-01-26,14.765,14.226,15.912,13.727
2017-02-15,14.256,14.715,15.034,14.016
2017-06-30,13.248,12.53,13.248,12.141
2017-07-31,12.55,11.47,12.709,10.9
2017-08-31,11.45,11.49,12.34,11.32
2017-09-29,11.5,11.33,11.75,11.22
2017-10-31,11.4,11.18,11.67,10.99
2017-11-30,11.17,9.75,11.17,9.0
2017-12-29,9.8,9.47,10.6,9.25
2018-01-31,9.46,9.26,9.68,9.11
2018-02-28,9.29,8.38,9.29,7.78
2018-03-30,8.37,9.04,9.36,8.35
2018-04-27,9.05,8.17,9.2,8.15
2018-05-25,8.1,8.35,8.98,8.1
