date,open,close,high,low
2016-01-29,12.258,7.684,12.355,7.265
2016-02-29,7.684,7.187,8.416,7.05
2016-03-31,7.167,8.474,8.523,7.148
2016-04-29,8.445,8.016,8.962,7.938
2016-05-31,8.035,8.045,8.357,7.411
2016-06-30,8.045,8.565,8.952,7.616
2016-07-29,8.584,8.949,9.966,8.515
2016-08-31,8.979,8.88,9.443,8.614
2016-09-30,8.88,8.417,9.078,8.288
2016-10-31,8.466,8.604,8.801,8.417
2016-11-30,8.604,8.851,9.117,8.574
2016-12-30,8.861,8.377,8.969,8.19
2017-01-26,8.377,8.229,8.653,7.795
2017-02-28,8.249,8.604,8.801,8.2
2017-03-31,8.594,8.328,8.772,8.229
2017-04-28,8.328,7.923,8.713,7.805
2017-05-31,7.904,7.134,7.953,6.976
2017-06-30,7.124,7.35,7.46,6.907
2017-07-31,7.36,7.79,7.86,7.09
2017-08-31,7.75,7.66,7.88,7.37
2017-09-29,7.63,7.73,7.96,7.5
2017-10-31,7.82,7.03,7.96,6.95
2017-11-30,7.03,6.41,7.19,6.2
2017-12-29,6.41,6.1,6.45,5.94
2018-01-31,6.11,5.92,6.31,5.87
2018-02-28,5.9,5.5,5.94,5.13
2018-03-30,5.48,5.53,6.08,5.2
2018-04-27,5.55,5.29,5.77,5.24
2018-05-25,5.37,5.67,5.93,5.37
