date,open,close,high,low
2016-01-29,18.186,12.557,18.304,11.316
2016-02-29,12.47,11.424,13.945,11.15
2016-03-31,11.434,13.476,13.525,11.238
2016-04-29,13.476,13.887,15.176,13.017
2016-05-31,13.857,13.877,16.056,13.193
2016-06-30,13.887,13.233,14.483,12.391
2016-07-29,13.224,13.401,14.548,12.967
2016-08-31,13.283,14.35,15.19,12.907
2016-09-30,14.34,15.131,15.17,14.153
2016-10-31,15.17,15.289,15.912,14.943
2016-11-30,15.319,15.922,16.93,15.25
2016-12-30,15.941,15.309,16.139,14.647
2017-01-26,15.309,15.17,16.584,14.36
2017-02-28,15.151,15.566,16.011,14.755
2017-03-31,15.526,14.172,15.754,14.024
2017-04-28,14.726,13.382,16.109,12.7
2017-05-31,13.303,12.69,13.411,11.721
2017-06-30,12.611,12.85,13.3,12.196
2017-07-31,12.86,12.19,13.53,11.72
2017-08-31,12.15,12.37,12.44,11.74
2017-09-29,12.38,12.12,12.83,12.0
2017-10-31,12.19,11.23,12.31,11.14
2017-11-30,11.23,9.96,11.33,9.88
2017-12-29,9.98,9.48,10.35,9.18
2018-01-31,9.48,9.53,9.96,9.45
2018-02-28,9.51,8.41,9.51,7.89
2018-03-30,8.38,8.96,9.23,8.23
2018-04-27,8.96,8.38,9.29,8.23
2018-05-25,8.41,8.65,8.9,8.22
