date,open,close,high,low
2016-01-26,13.0,7.81,13.42,7.78
2016-02-29,8.59,8.31,10.82,7.8
2016-03-31,8.31,9.18,9.36,7.95
2016-04-29,9.1,9.24,10.26,8.92
2016-05-31,9.15,8.68,9.85,7.66
2016-06-24,8.7,8.43,9.51,8.1
2016-07-29,8.85,10.78,11.96,8.72
2016-08-31,10.79,10.43,11.08,9.6
2016-09-30,10.38,9.56,10.77,9.2
2016-10-31,9.58,10.02,10.75,9.55
2016-11-30,10.08,10.59,12.82,9.89
2016-12-30,10.61,11.74,12.33,9.41
2017-01-26,11.58,9.23,12.65,8.92
2017-02-28,9.02,9.39,9.69,9.02
2017-03-31,9.38,9.26,9.79,8.95
2017-04-28,9.48,8.16,9.6,7.68
2017-05-31,8.16,6.77,8.37,6.41
2017-06-30,6.72,6.86,6.98,6.28
2017-07-31,6.78,6.49,7.14,6.24
2017-08-31,6.5,7.36,7.48,6.45
2017-09-29,7.39,7.52,7.8,7.37
2017-10-31,7.6,7.17,7.64,7.03
2017-11-30,7.22,6.95,7.53,6.4
2017-12-29,6.84,6.87,7.04,6.4
2018-01-31,6.92,6.06,6.92,6.04
2018-02-28,6.06,5.66,6.07,4.78
2018-03-30,5.66,6.88,6.96,5.66
2018-04-27,6.77,6.05,7.56,5.65
2018-05-25,6.1,5.82,6.44,5.39
