date,open,close,high,low
2016-01-27,14.819,16.821,17.319,13.275
2016-02-29,16.432,14.451,18.275,13.544
2016-03-31,14.441,15.327,16.462,12.947
2016-04-29,15.307,15.735,16.741,13.963
2016-05-31,15.685,12.68,17.219,12.011
2016-06-30,12.8,12.51,13.99,11.72
2016-07-29,12.51,12.24,13.51,12.1
2016-08-26,12.2,13.75,15.18,12.01
2016-09-30,15.13,15.96,16.36,14.17
2016-10-31,15.86,19.09,20.31,15.52
2016-11-30,19.28,17.95,20.52,17.11
2016-12-30,18.05,17.14,20.21,16.46
2017-01-26,17.15,17.44,19.3,16.45
2017-02-28,17.55,17.38,18.46,16.83
2017-03-31,17.55,17.49,19.38,16.87
2017-04-28,17.51,14.61,18.04,13.6
2017-05-31,14.5,14.95,15.35,13.6
2017-06-30,14.77,14.73,16.65,13.68
2017-07-31,14.73,12.82,15.08,12.4
2017-08-31,12.77,12.8,13.37,11.8
2017-09-29,12.86,13.12,13.49,12.26
2017-10-31,13.15,13.48,15.34,12.66
2017-11-30,13.39,11.47,13.48,10.71
2017-12-29,11.39,11.9,12.5,11.22
2018-01-31,12.02,11.16,12.85,11.1
2018-02-28,11.27,11.08,11.5,9.95
2018-03-30,10.98,11.91,12.45,10.55
2018-04-27,12.0,11.45,13.12,10.7
2018-05-25,11.48,12.71,13.63,11.48
