date,open,close,high,low
2016-01-29,8.63,6.147,8.699,5.714
2016-02-29,6.157,5.911,7.005,5.753
2016-03-31,5.95,6.699,6.936,5.793
2016-04-29,6.689,6.384,6.896,6.256
2016-05-31,6.384,5.931,6.65,5.566
2016-06-30,5.921,5.881,6.157,5.625
2016-07-29,5.911,6.385,6.703,5.852
2016-08-31,6.405,6.752,7.209,6.117
2016-09-30,6.762,6.494,6.802,6.236
2016-10-31,6.534,6.604,6.733,6.325
2016-11-30,6.594,6.653,7.011,6.534
2016-12-30,6.653,7.189,7.825,6.415
2017-01-26,7.16,6.901,7.875,6.435
2017-02-28,6.921,7.199,7.527,6.822
2017-03-31,7.189,6.623,7.239,6.554
2017-04-28,6.574,6.057,6.812,5.809
2017-05-31,5.968,5.74,6.117,5.402
2017-06-30,5.67,5.68,5.879,5.442
2017-07-31,5.69,5.561,5.839,5.293
2017-08-31,5.571,5.75,5.84,5.432
2017-09-29,5.73,5.73,5.97,5.66
2017-10-31,5.75,5.65,5.88,5.52
2017-11-30,5.62,4.99,5.64,4.92
2017-12-29,4.99,4.83,5.07,4.72
2018-01-31,4.85,4.77,5.02,4.73
2018-02-28,4.78,4.36,4.8,4.0
2018-03-30,4.32,4.46,4.76,4.09
2018-04-27,4.47,4.12,4.52,4.04
2018-05-25,4.13,4.22,4.32,4.11
