date,open,close,high,low
2016-01-29,17.816,12.492,17.816,11.282
2016-02-29,12.442,11.659,14.148,11.471
2016-03-31,11.877,15.169,17.052,10.906
2016-04-29,14.96,16.725,18.837,14.078
2016-05-31,16.814,14.316,17.112,12.849
2016-06-30,14.227,14.484,15.153,13.526
2016-07-29,14.494,14.194,16.161,14.065
2016-08-31,14.194,14.963,15.273,13.875
2016-09-30,14.923,16.231,16.75,14.843
2016-10-31,16.001,16.001,16.65,15.722
2016-11-30,16.021,16.371,18.197,16.021
2016-12-30,16.39,16.051,18.716,15.921
2017-01-26,16.111,14.933,16.44,13.416
2017-02-28,14.893,15.243,16.85,14.534
2017-03-31,15.113,14.214,15.652,13.845
2017-04-28,14.304,12.378,14.404,11.719
2017-05-31,12.448,11.16,13.615,10.481
2017-06-30,11.13,11.67,12.82,9.902
2017-07-31,11.66,11.16,12.45,10.0
2017-08-31,11.1,11.49,11.8,10.69
2017-09-29,11.47,11.26,11.9,11.09
2017-10-31,11.3,11.19,12.38,11.05
2017-11-30,11.22,10.09,11.4,9.68
2017-12-29,10.02,9.43,10.45,9.11
2018-01-31,9.44,9.61,10.19,9.0
2018-02-28,9.57,7.94,9.57,7.1
2018-03-30,7.89,9.45,9.65,7.82
2018-04-27,9.36,8.27,9.59,7.88
2018-05-25,8.25,8.06,9.45,7.89
