date,open,close,high,low
2016-01-29,23.66,17.78,23.84,15.4
2016-02-29,17.77,19.99,25.85,17.51
2016-03-31,18.05,19.89,20.6,17.3
2016-04-29,19.75,21.65,26.46,19.73
2016-05-31,21.7,30.23,30.58,18.58
2016-06-30,29.45,28.9,32.76,26.67
2016-07-29,29.01,27.1,36.31,26.68
2016-08-31,27.11,28.06,30.08,26.31
2016-09-30,28.0,26.4,29.19,25.55
2016-10-31,26.45,27.15,29.54,26.45
2016-11-30,26.88,26.09,27.77,25.7
2016-12-30,26.08,24.6,26.8,22.9
2017-01-26,24.6,21.99,25.3,20.42
2017-02-28,21.73,22.72,24.23,21.26
2017-03-31,22.63,20.96,23.24,20.69
2017-04-28,21.18,18.77,22.09,17.91
2017-05-31,18.85,16.56,18.85,16.11
2017-06-30,16.56,17.33,17.7,15.28
2017-07-31,17.29,19.7,19.96,15.86
2017-08-31,19.59,18.94,21.36,18.13
2017-09-29,18.95,19.89,22.86,18.91
2017-10-31,20.0,17.34,20.16,16.55
2017-11-30,17.34,15.71,17.69,15.3
2017-12-29,15.7,15.66,15.9,14.4
2018-01-31,15.71,14.48,16.28,14.4
2018-02-28,14.49,13.69,14.6,11.63
2018-03-30,13.37,14.89,15.76,13.13
2018-04-27,14.86,14.3,16.95,13.91
2018-05-25,14.31,14.24,15.33,13.5
