date,open,close,high,low
2016-01-29,13.54,9.595,13.56,9.23
2016-02-29,9.566,8.461,10.345,8.343
2016-03-31,8.53,10.631,11.232,8.432
2016-04-29,10.581,10.552,11.124,9.763
2016-05-31,10.502,12.771,13.412,10.502
2016-06-30,12.721,12.228,13.185,10.848
2016-07-29,12.238,12.225,13.205,11.591
2016-08-31,12.156,11.552,12.314,11.443
2016-09-30,11.552,10.997,11.651,10.729
2016-10-31,11.046,11.066,11.7,11.017
2016-11-30,11.066,12.077,12.295,10.779
2016-12-30,12.096,11.552,14.167,10.987
2017-01-26,11.492,10.264,12.384,10.036
2017-02-28,10.204,10.769,10.977,10.194
2017-03-31,10.749,10.452,11.254,10.214
2017-04-28,10.412,9.768,10.64,9.521
2017-05-31,9.729,10.155,10.392,9.372
2017-06-30,10.115,10.719,11.175,10.056
2017-07-31,10.749,9.71,10.769,9.5
2017-08-31,9.68,9.18,9.77,9.01
2017-09-29,9.08,8.59,9.11,8.49
2017-10-31,8.62,8.14,8.81,7.99
2017-11-30,8.11,7.63,8.68,7.42
2017-12-29,7.59,7.2,7.66,6.95
2018-01-31,7.21,7.08,7.84,6.94
2018-02-28,7.08,6.59,7.09,6.0
2018-03-30,6.55,6.43,6.79,5.96
2018-04-27,6.43,5.36,6.51,5.27
2018-05-25,5.41,5.98,6.49,5.4
