date,open,close,high,low
2016-01-29,6.734,4.675,6.743,4.456
2016-02-29,4.675,4.545,5.271,4.456
2016-03-31,4.605,5.709,5.828,4.476
2016-04-29,5.62,4.933,5.649,4.884
2016-05-31,4.923,4.804,5.142,4.496
2016-06-30,4.814,4.734,4.994,4.394
2016-07-29,4.734,4.824,5.313,4.704
2016-08-31,4.824,4.974,5.113,4.704
2016-09-30,4.984,4.824,5.063,4.764
2016-10-31,4.844,4.954,5.103,4.824
2016-11-30,4.964,5.483,6.562,4.934
2016-12-30,5.513,5.473,6.232,5.053
2017-01-26,5.483,5.293,5.793,4.794
2017-02-28,5.293,5.882,6.352,5.203
2017-03-31,5.852,8.279,9.578,5.613
2017-04-28,7.92,7.88,8.918,6.482
2017-05-31,7.94,7.74,9.238,7.231
2017-06-30,7.67,7.03,7.75,6.801
2017-07-31,7.03,6.47,7.68,6.34
2017-08-31,6.46,6.57,6.79,6.2
2017-09-29,6.59,5.9,6.59,5.84
2017-10-31,5.95,5.96,6.4,5.82
2017-11-30,5.96,5.26,6.01,5.09
2017-12-29,5.22,4.7,5.28,4.62
2018-01-31,4.7,4.65,5.13,4.57
2018-02-28,4.65,4.31,4.68,3.98
2018-03-30,4.29,4.26,4.8,3.98
2018-04-27,4.25,4.12,4.45,4.06
2018-05-25,4.13,4.19,4.63,4.09
