date,open,close,high,low
2016-01-29,4.409,3.583,4.409,3.439
2016-02-29,3.583,3.314,3.862,3.228
2016-03-31,3.353,3.833,4.073,3.295
2016-04-29,3.823,3.689,3.987,3.612
2016-05-31,3.698,3.487,4.006,3.304
2016-06-30,3.477,3.794,3.987,3.449
2016-07-29,3.784,3.784,4.162,3.688
2016-08-31,3.784,3.862,4.036,3.446
2016-09-30,3.862,3.833,4.539,3.794
2016-10-31,3.852,4.017,4.181,3.842
2016-11-30,3.988,4.278,4.655,3.978
2016-12-28,4.278,4.133,4.365,3.92
2017-01-26,4.549,4.152,4.549,3.717
2017-02-28,4.142,4.278,4.355,4.065
2017-03-31,4.268,4.181,4.607,4.123
2017-04-27,4.181,3.833,4.278,3.707
2017-05-31,3.562,3.6,3.688,3.417
2017-06-30,3.581,3.747,3.757,3.494
2017-07-31,3.738,3.895,4.11,3.591
2017-08-31,3.885,3.914,3.973,3.728
2017-09-29,3.914,3.806,3.993,3.777
2017-10-31,3.806,3.787,3.875,3.689
2017-11-30,3.767,3.522,3.816,3.483
2017-12-29,3.512,3.463,3.591,3.414
2018-01-31,3.463,3.522,3.669,3.463
2018-02-28,3.522,3.296,3.541,3.11
2018-03-30,3.277,3.257,3.434,3.09
2018-04-27,3.257,3.63,4.199,3.129
2018-05-25,3.669,3.27,3.708,3.26
