date,open,close,high,low
2016-01-29,6.039,3.778,6.083,3.583
2016-02-29,3.797,4.172,5.259,3.656
2016-03-31,4.192,5.035,5.167,4.094
2016-04-29,5.03,5.357,5.747,4.899
2016-05-31,5.454,4.996,5.786,4.679
2016-06-30,4.991,5.697,5.944,4.855
2016-07-08,5.678,6.052,6.171,5.579
2016-10-31,6.654,7.334,7.915,6.654
2016-11-30,7.255,7.137,8.339,6.939
2016-12-30,7.117,6.585,7.551,6.368
2017-01-26,6.604,6.466,6.999,5.944
2017-02-28,6.535,6.861,7.186,6.466
2017-03-16,6.841,6.792,6.88,6.604
2017-04-28,6.111,5.185,6.299,4.929
2017-05-31,5.155,4.791,5.264,4.593
2017-06-30,4.781,4.87,5.12,4.643
2017-07-31,4.89,5.8,5.98,4.7
2017-08-31,5.76,5.28,5.85,5.17
2017-09-29,5.29,5.04,5.53,5.0
2017-10-31,5.09,4.95,5.23,4.85
2017-11-30,4.94,4.67,4.96,4.41
2017-12-29,4.62,4.52,4.77,4.45
2018-01-31,4.52,4.31,4.7,4.3
2018-02-28,4.31,3.91,4.33,3.7
2018-03-30,3.89,4.02,4.2,3.73
2018-04-27,4.02,3.92,4.06,3.7
2018-05-25,3.93,4.05,4.1,3.9
