date,open,close,high,low
2016-01-29,13.362,8.509,13.412,8.18
2016-02-29,8.549,8.619,10.562,8.3
2016-03-31,8.629,9.665,9.944,8.489
2016-04-29,9.526,9.207,10.931,9.067
2016-05-31,9.247,8.7,9.605,8.16
2016-06-30,8.65,10.26,11.3,8.28
2016-07-29,10.14,9.05,10.66,8.8
2016-08-31,9.02,9.49,11.15,8.82
2016-09-30,9.5,9.81,10.48,9.28
2016-10-31,10.0,10.3,11.48,9.82
2016-11-30,10.28,11.48,12.0,10.01
2016-12-30,11.58,9.57,12.38,9.41
2017-01-26,9.6,8.96,10.1,8.23
2017-02-28,8.96,9.7,10.66,8.81
2017-03-31,9.66,8.92,9.89,8.86
2017-04-28,8.9,7.54,9.14,7.03
2017-05-31,7.51,7.24,8.2,7.03
2017-06-30,7.23,7.29,7.63,6.97
2017-07-31,7.3,6.63,7.58,6.41
2017-08-31,6.64,6.78,7.06,6.51
2017-09-29,6.78,6.65,7.33,6.56
2017-10-31,6.68,6.19,6.98,6.1
2017-11-30,6.19,5.56,6.33,5.5
2017-12-29,5.56,5.17,5.63,4.99
2018-01-31,5.19,5.39,5.85,4.95
2018-02-28,5.3,4.57,5.32,4.23
2018-03-30,4.55,4.8,5.08,4.35
2018-04-27,4.77,4.39,4.9,4.31
2018-05-25,4.39,4.45,4.58,4.35
