date,open,close,high,low
2016-03-31,4.087,4.102,4.398,3.971
2016-04-22,4.078,3.952,4.66,3.869
2016-05-31,4.131,3.682,4.32,3.339
2016-06-30,3.667,3.74,3.794,3.422
2016-07-29,3.755,3.765,4.058,3.726
2016-08-31,3.76,4.175,4.224,3.584
2016-09-30,4.17,4.156,4.283,3.936
2016-10-31,4.156,4.42,4.439,4.156
2016-11-30,4.425,4.557,4.865,4.395
2016-12-30,4.562,4.596,4.694,4.053
2017-01-26,4.552,5.515,5.926,3.96
2017-02-28,5.525,5.49,6.283,5.334
2017-03-31,5.481,5.515,6.209,5.344
2017-04-28,5.52,4.899,5.637,4.474
2017-05-31,4.884,4.378,5.591,4.319
2017-06-30,4.349,4.24,4.615,3.915
2017-07-31,4.24,4.714,4.891,4.23
2017-08-31,4.714,5.088,5.443,4.585
2017-09-29,5.098,5.049,5.345,4.94
2017-10-31,5.138,5.857,5.887,5.118
2017-11-30,5.828,5.108,6.015,5.039
2017-12-29,5.098,4.773,5.147,4.654
2018-01-31,4.773,5.0,5.207,4.763
2018-02-28,4.95,4.319,5.029,3.935
2018-03-30,4.28,4.29,4.723,4.053
2018-04-27,4.29,4.033,4.388,3.944
2018-05-25,4.033,4.2,4.447,3.954
