date,open,close,high,low
2016-01-29,30.124,19.855,30.608,18.3
2016-02-29,19.258,18.735,24.881,18.212
2016-03-31,18.611,19.367,21.45,16.104
2016-04-29,19.451,22.403,22.852,18.572
2016-05-31,22.358,25.181,25.499,19.683
2016-06-30,25.151,24.684,26.036,21.85
2016-07-29,24.753,23.342,27.089,23.262
2016-08-31,23.381,24.713,25.2,22.367
2016-09-30,24.823,25.519,27.537,23.968
2016-10-31,25.28,29.962,31.016,25.28
2016-11-30,29.704,27.954,30.559,27.119
2016-12-30,27.944,30.101,31.314,26.165
2017-01-26,30.032,31.414,34.297,29.803
2017-02-28,31.503,33.004,35.31,29.903
2017-03-31,32.915,32.507,36.225,31.533
2017-04-28,32.477,34.903,36.046,31.195
2017-05-31,35.012,28.72,36.185,26.69
2017-06-30,28.0,22.34,28.0,22.0
2017-07-31,22.58,18.78,23.15,17.88
2017-08-31,18.88,21.68,23.73,18.25
2017-09-29,21.69,20.56,23.26,19.02
2017-10-31,20.57,20.04,22.5,19.02
2017-11-30,19.9,16.6,20.85,16.5
2017-12-29,16.63,15.25,16.85,14.04
2018-01-31,15.33,14.16,16.6,14.09
2018-02-28,14.2,12.57,14.25,11.55
2018-03-30,12.63,13.99,16.58,12.19
2018-04-27,13.92,12.95,14.95,12.7
2018-05-25,12.8,15.27,15.9,12.58
