date,open,close,high,low
2017-02-28,23.573,69.016,72.043,23.573
2017-03-31,67.811,87.848,95.118,66.327
2017-04-28,85.797,84.154,96.702,71.257
2017-05-31,84.154,68.04,85.299,65.968
2017-06-30,67.26,64.32,68.78,61.0
2017-07-31,64.41,68.45,72.49,62.2
2017-08-31,68.8,72.7,72.79,62.18
2017-09-29,73.01,68.28,75.18,66.0
2017-10-31,69.45,90.72,93.96,68.0
2017-11-30,91.0,77.23,95.79,73.8
2017-12-29,77.0,67.05,77.69,64.52
2018-01-31,66.8,57.99,69.39,57.98
2018-02-28,58.0,60.59,60.87,50.02
2018-03-30,60.5,66.48,68.39,60.05
2018-04-27,66.49,63.0,71.49,62.61
2018-05-25,63.0,64.01,67.39,59.24
