date,open,close,high,low
2016-07-29,12.087,47.261,50.482,12.087
2016-08-31,45.462,49.267,54.989,41.805
2016-09-30,49.119,37.733,51.342,36.172
2016-10-31,37.951,39.621,41.993,37.753
2016-11-30,39.7,47.676,65.356,39.532
2016-12-30,47.903,42.507,49.692,38.89
2017-01-26,42.774,35.836,44.444,32.416
2017-02-28,35.767,36.656,39.038,34.502
2017-03-31,36.794,34.087,40.352,33.602
2017-04-28,34.146,28.601,35.52,26.892
2017-09-29,31.46,37.3,47.0,31.46
2017-10-31,37.8,40.91,42.5,35.99
2017-11-30,40.65,41.8,45.4,38.91
2017-12-29,42.2,36.14,42.98,36.14
2018-01-31,32.53,22.7,32.53,22.11
2018-02-28,22.94,20.48,24.52,17.62
2018-03-30,20.35,20.49,23.88,17.61
2018-04-27,20.68,21.66,22.79,19.28
2018-05-25,21.5,22.21,24.0,19.31
