date,open,close,high,low
2016-01-29,7.552,5.476,7.65,5.1
2016-02-29,5.466,4.913,6.059,4.843
2016-03-31,4.962,6.0,6.059,4.903
2016-04-29,5.931,6.069,6.692,5.772
2016-05-31,6.079,6.306,6.435,5.308
2016-06-30,6.237,7.652,7.752,5.753
2016-07-29,7.553,6.546,7.712,6.457
2016-08-31,6.526,6.586,6.756,6.228
2016-09-30,6.586,6.337,7.015,6.128
2016-10-31,6.367,6.666,6.925,6.367
2016-11-30,6.666,6.736,7.134,6.596
2016-12-30,6.736,6.616,6.766,6.178
2017-01-26,6.626,6.327,6.945,5.978
2017-02-28,6.307,6.646,6.835,6.297
2017-03-31,6.626,6.307,7.005,6.178
2017-04-28,6.287,5.839,6.546,5.49
2017-05-31,5.789,5.22,5.879,5.03
2017-06-30,5.21,5.3,5.41,4.96
2017-07-17,5.3,5.08,5.4,5.0
2017-08-31,5.45,5.48,5.88,5.17
2017-09-29,5.48,5.71,6.09,5.45
2017-10-31,5.74,6.16,6.2,5.7
2017-11-30,6.16,6.75,6.84,5.71
2017-12-29,6.72,6.23,6.75,5.73
2018-01-31,6.27,6.08,7.01,6.03
2018-02-28,6.09,5.28,6.17,4.82
2018-03-30,5.24,5.14,5.62,4.72
2018-04-27,5.18,5.22,5.48,5.0
2018-05-25,5.16,5.32,5.99,4.95
