date,open,close,high,low
2016-01-29,17.038,14.825,17.038,12.2
2016-02-29,14.921,12.982,15.992,12.299
2016-03-31,12.975,18.383,18.653,12.533
2016-04-29,18.152,16.879,20.915,16.2
2016-05-31,16.685,16.639,20.728,14.743
2016-06-30,16.619,19.1,23.9,16.54
2016-07-29,18.942,16.78,19.775,16.423
2016-08-31,16.552,16.611,17.107,15.887
2016-09-30,16.75,14.895,16.75,14.499
2016-10-31,15.223,15.718,16.125,15.153
2016-11-30,15.709,16.036,19.14,15.649
2016-12-30,16.036,14.509,16.145,14.38
2017-01-26,14.509,13.953,15.421,13.061
2017-02-28,13.933,14.429,14.598,13.854
2017-03-31,14.34,14.211,15.748,14.023
2017-04-28,14.171,12.158,14.409,11.415
2017-05-31,12.267,10.026,12.267,9.629
2017-06-30,10.026,12.6,12.72,9.53
2017-07-31,12.5,10.09,14.2,9.96
2017-08-31,10.09,10.4,10.98,9.83
2017-09-29,10.4,10.59,10.89,10.06
2017-10-31,10.65,10.11,11.17,9.9
2017-11-30,10.1,8.36,11.0,8.23
2017-12-29,8.39,8.19,8.45,7.52
2018-01-31,8.19,7.73,9.09,7.61
2018-02-28,7.81,7.23,7.83,6.51
2018-03-30,7.23,7.62,8.15,6.88
2018-04-27,7.56,7.04,8.34,6.98
2018-05-25,7.12,7.2,7.62,6.88
