date,open,close,high,low
2017-04-28,10.225,31.833,31.833,10.225
2017-05-31,35.02,37.968,50.469,34.706
2017-06-30,35.848,32.255,36.883,29.854
2017-07-31,32.387,25.516,36.229,25.35
2017-08-31,25.657,31.435,32.661,25.524
2017-09-29,31.212,29.3,34.259,28.36
2017-10-31,29.5,25.88,30.35,25.51
2017-11-30,25.84,20.65,28.6,20.0
2017-12-29,20.65,19.72,21.52,18.91
2018-01-31,19.65,22.21,25.39,19.64
2018-02-28,21.47,17.71,21.96,15.3
2018-03-30,17.2,18.71,20.85,15.5
2018-04-27,18.45,15.89,19.96,15.77
2018-05-25,15.96,17.63,18.87,15.3
