date,open,close,high,low
2016-01-29,12.938,8.36,13.032,7.817
2016-02-29,8.315,8.046,9.703,7.962
2016-03-31,8.191,9.479,9.778,8.036
2016-04-29,9.455,9.748,10.932,9.186
2016-05-31,9.753,10.415,11.236,9.385
2016-06-30,10.33,13.388,15.403,10.33
2016-07-29,13.288,12.56,14.904,11.772
2016-08-31,12.38,12.37,13.118,11.931
2016-09-30,12.39,11.572,14.365,11.233
2016-10-31,11.652,12.709,14.655,11.502
2016-11-30,12.65,11.792,12.959,11.732
2016-12-30,11.792,10.345,12.241,10.295
2017-01-26,10.345,9.856,10.754,9.507
2017-02-28,9.856,10.325,10.844,9.796
2017-03-31,10.355,9.826,10.734,9.607
2017-04-28,9.836,8.849,10.595,8.4
2017-05-31,8.849,7.931,9.058,7.642
2017-06-30,7.861,8.26,8.639,7.582
2017-07-31,8.3,8.09,9.09,7.37
2017-08-31,8.07,8.34,8.69,7.91
2017-09-29,8.35,8.9,9.74,8.28
2017-10-31,8.94,8.31,9.34,8.12
2017-11-30,8.3,7.53,8.52,7.31
2017-12-29,7.47,7.46,8.01,6.99
2018-01-31,7.49,7.2,8.18,7.17
2018-02-28,7.14,6.83,7.69,6.5
2018-03-30,6.78,6.86,7.31,6.42
2018-04-27,6.86,6.53,6.98,6.47
2018-05-25,6.53,6.79,7.25,6.47
