date,open,close,high,low
2016-01-29,22.921,15.022,22.921,13.89
2016-02-29,14.953,15.393,20.381,14.834
2016-03-31,14.829,16.762,17.4,14.34
2016-04-29,16.663,17.118,18.196,15.704
2016-05-31,17.103,18.196,19.57,15.877
2016-06-30,18.191,18.826,21.585,17.814
2016-07-29,18.826,17.625,20.275,17.466
2016-08-31,17.536,20.831,21.168,17.04
2016-09-30,20.821,23.371,23.679,20.166
2016-10-31,23.47,21.257,23.689,20.95
2016-11-30,21.277,22.666,27.291,21.277
2016-12-30,22.478,21.615,22.637,19.937
2017-01-26,21.654,20.275,21.922,18.955
2017-02-28,20.344,21.892,24.314,19.967
2017-03-31,21.823,19.858,22.428,19.64
2017-04-28,20.047,19.987,21.863,18.518
2017-05-31,20.027,17.327,20.513,16.573
2017-06-30,17.317,17.58,18.4,16.712
2017-07-31,17.57,16.21,17.85,15.5
2017-08-31,16.28,18.35,18.7,15.86
2017-09-29,18.58,17.8,18.58,17.18
2017-10-31,17.9,18.48,18.66,16.64
2017-11-30,18.37,16.02,18.59,15.73
2017-12-29,16.06,16.53,16.74,14.03
2018-01-31,16.46,15.06,16.47,15.01
2018-02-28,15.01,13.17,15.28,11.97
2018-03-30,13.15,13.28,14.85,12.23
2018-04-27,13.22,13.54,13.83,12.65
2018-05-25,13.54,12.8,13.59,12.77
