date,open,close,high,low
2017-03-31,18.6,20.46,20.46,18.6
2017-04-28,22.51,34.56,43.88,22.51
2017-05-31,34.74,29.46,35.76,27.51
2017-06-30,29.02,30.31,31.97,27.21
2017-07-31,30.33,25.34,34.9,24.3
2017-08-31,25.34,27.9,27.91,24.13
2017-09-29,27.86,26.86,29.59,26.25
2017-10-31,27.27,26.23,28.35,25.62
2017-11-30,26.27,23.04,29.12,22.58
2017-12-29,23.18,22.52,23.57,20.81
2018-01-31,22.42,20.92,23.3,20.8
2018-02-28,20.83,19.13,21.18,17.68
2018-03-30,19.0,20.33,20.6,17.6
2018-04-27,20.08,18.68,21.49,18.59
2018-05-25,18.67,20.77,20.88,18.13
