date,open,close,high,low
2016-01-29,12.385,7.312,12.425,6.837
2016-02-29,7.283,7.06,9.675,6.951
2016-03-31,7.104,10.151,10.235,6.985
2016-04-29,9.908,9.903,11.053,9.497
2016-05-31,9.958,9.655,11.721,8.809
2016-06-30,9.655,11.507,11.905,9.198
2016-07-29,11.447,12.253,12.542,11.198
2016-08-31,12.134,14.792,15.21,12.054
2016-09-30,14.712,13.438,14.732,12.761
2016-10-31,13.438,12.791,13.756,12.552
2016-11-30,12.871,12.293,13.319,12.194
2016-12-30,12.343,11.487,12.652,10.621
2017-01-26,11.517,11.467,12.104,10.511
2017-02-28,11.457,10.939,11.467,10.611
2017-03-31,10.979,11.417,12.034,10.73
2017-04-28,11.447,10.75,11.825,10.472
2017-05-31,10.651,10.79,11.4,10.452
2017-06-30,10.71,10.92,11.7,10.62
2017-07-31,10.87,10.76,11.12,9.68
2017-08-31,10.76,10.78,11.51,10.7
2017-09-29,10.77,10.77,10.94,10.62
2017-10-31,10.78,10.82,11.5,10.63
2017-11-30,10.76,10.88,11.2,10.62
2017-12-29,10.84,10.99,11.29,10.05
2018-01-31,10.99,11.45,12.06,10.89
2018-02-28,11.35,8.4,11.45,7.25
2018-03-30,8.24,8.18,9.23,7.02
2018-04-27,8.19,7.93,8.85,7.21
2018-05-25,7.88,8.01,8.67,7.58
