date,open,close,high,low
2016-01-29,16.651,10.739,16.839,9.971
2016-02-29,10.739,10.02,12.632,9.931
2016-03-31,10.154,13.088,13.866,9.832
2016-04-29,13.008,12.488,14.515,12.097
2016-05-31,12.468,12.449,13.559,11.353
2016-06-30,12.508,13.816,14.436,12.24
2016-07-29,13.687,13.13,14.791,12.961
2016-08-31,13.031,13.21,13.379,12.384
2016-09-30,13.21,12.702,13.508,12.454
2016-10-31,12.782,12.931,13.458,12.732
2016-11-30,12.931,13.568,15.03,12.802
2016-12-30,13.578,12.285,13.667,11.867
2017-01-26,12.394,11.817,12.812,10.822
2017-02-28,11.817,11.976,12.285,11.539
2017-03-31,11.976,12.066,13.588,11.837
2017-04-28,12.086,10.544,12.414,9.997
2017-05-31,10.594,9.798,10.812,9.45
2017-06-30,9.728,10.4,11.09,8.972
2017-07-31,10.44,10.34,11.3,9.15
2017-08-31,10.32,10.64,10.77,9.67
2017-09-29,10.67,10.64,11.21,10.18
2017-10-31,10.73,9.93,10.98,9.81
2017-11-30,9.97,8.91,10.23,8.76
2017-12-29,8.87,8.43,9.0,8.1
2018-01-31,8.45,8.18,8.98,8.11
2018-02-28,8.18,7.62,8.2,6.85
2018-03-30,7.55,8.03,8.38,7.12
2018-04-27,8.0,8.03,8.45,7.55
2018-05-25,8.08,8.35,9.18,8.02
