date,open,close,high,low
2016-12-30,9.82,24.414,29.03,9.82
2017-01-26,24.803,30.894,31.143,18.941
2017-02-28,30.904,46.485,57.023,27.814
2017-03-31,44.153,40.006,48.051,34.144
2017-04-28,38.381,34.822,46.854,30.455
2017-05-31,34.812,30.75,41.351,29.92
2017-06-30,30.5,28.11,31.49,25.64
2017-07-31,28.13,22.22,29.5,21.71
2017-08-31,22.28,23.93,25.58,20.21
2017-09-29,24.0,21.99,25.58,21.72
2017-10-31,22.28,25.47,28.5,22.18
2017-11-30,25.65,19.09,26.15,18.05
2017-12-29,19.02,17.76,19.3,16.01
2018-01-31,17.5,15.85,18.69,15.75
2018-02-28,15.85,14.03,16.04,12.0
2018-03-30,13.94,15.75,16.98,13.07
2018-04-27,15.78,13.9,17.41,13.64
2018-05-25,14.25,20.16,22.61,13.8
