date,open,close,high,low
2016-09-30,6.219,17.734,17.734,6.219
2016-10-31,17.248,23.15,26.826,16.959
2016-11-30,22.748,23.136,31.883,22.551
2016-12-30,23.375,19.98,25.826,19.79
2017-01-26,20.016,17.579,20.755,15.36
2017-02-28,17.529,19.121,20.072,17.36
2017-03-31,19.086,18.086,21.741,17.896
2017-04-28,18.121,16.522,18.846,14.945
2017-05-31,16.466,14.564,17.297,14.086
2017-06-30,14.508,14.226,14.644,13.353
2017-07-31,14.212,15.946,16.463,13.588
2017-08-31,15.833,14.297,16.06,13.737
2017-09-29,14.325,13.135,14.502,13.107
2017-10-31,13.135,11.896,13.574,11.79
2017-11-30,11.79,9.666,12.186,9.347
2017-12-29,9.588,9.581,9.913,8.582
2018-01-31,9.68,8.625,9.828,8.603
2018-02-28,8.603,7.761,8.667,7.01
2018-03-30,7.718,10.246,10.246,7.074
2018-04-27,10.253,10.02,13.638,9.51
2018-05-25,10.027,10.6,12.47,9.63
