date,open,close,high,low
2016-01-29,51.096,34.958,51.096,33.23
2016-02-29,34.749,31.333,38.712,30.806
2016-03-31,31.66,37.123,38.702,31.005
2016-04-29,36.854,37.52,41.214,34.968
2016-05-31,37.262,35.494,38.294,32.822
2016-06-30,35.504,47.22,48.395,34.272
2016-07-29,47.628,39.091,49.611,38.772
2016-08-31,38.852,43.036,44.132,37.945
2016-09-30,43.036,40.516,43.813,39.848
2016-10-31,40.625,42.259,43.136,40.376
2016-11-30,42.229,42.976,45.726,41.651
2016-12-30,43.006,39.44,43.325,38.563
2017-01-26,39.45,36.82,41.123,34.479
2017-02-28,37.049,38.274,39.091,36.571
2017-03-31,38.274,36.541,40.157,36.292
2017-04-28,36.71,37.228,38.732,34.897
2017-05-31,37.158,36.212,39.001,35.166
2017-06-30,36.242,39.0,39.649,34.777
2017-07-31,38.95,35.43,39.3,34.5
2017-08-31,35.46,35.9,35.92,34.21
2017-09-29,35.98,35.25,36.77,35.1
2017-10-31,35.66,32.95,35.66,32.48
2017-11-30,32.86,30.03,33.13,29.22
2017-12-29,29.92,31.44,34.89,27.06
2018-01-31,31.28,26.36,32.11,26.24
2018-02-28,26.39,26.86,27.52,24.5
2018-03-30,27.0,27.11,27.85,25.01
2018-04-27,27.15,25.85,28.01,25.4
2018-05-25,25.85,26.72,26.97,25.2
