date,open,close,high,low
2017-03-31,10.772,14.329,14.329,10.772
2017-04-28,15.76,23.362,26.691,15.76
2017-05-31,22.994,19.109,24.286,17.688
2017-06-30,18.731,18.56,19.347,17.39
2017-07-31,18.69,16.37,19.55,15.01
2017-08-31,16.13,17.38,18.5,15.19
2017-09-29,17.3,16.68,17.66,16.0
2017-10-31,16.68,17.33,18.35,16.2
2017-11-30,17.3,14.79,18.1,14.45
2017-12-29,14.79,14.94,15.2,13.47
2018-01-31,14.94,15.34,15.4,14.39
2018-02-28,15.29,12.37,15.32,11.34
2018-03-30,12.3,13.09,13.33,11.6
2018-04-27,13.16,12.51,14.75,11.28
2018-05-25,12.5,14.08,14.83,12.0
