date,open,close,high,low
2016-01-29,19.299,11.958,19.349,11.226
2016-02-29,11.987,11.435,14.29,11.157
2016-03-31,11.49,14.042,14.201,11.296
2016-04-29,13.942,13.524,15.29,13.231
2016-05-31,13.579,13.594,14.803,12.246
2016-06-30,13.549,14.499,14.763,13.063
2016-07-29,14.509,15.786,17.7,13.991
2016-08-31,15.636,16.175,16.633,14.689
2016-09-30,15.995,14.529,17.551,14.25
2016-10-31,14.559,15.536,16.005,14.539
2016-11-30,15.556,16.972,17.042,15.227
2016-12-30,17.042,18.568,20.203,15.736
2017-01-26,18.349,14.968,18.349,13.751
2017-02-28,14.848,15.327,15.706,14.779
2017-03-31,15.227,14.858,16.195,14.729
2017-04-28,14.858,14.958,15.407,14.509
2017-05-31,14.958,14.739,15.098,14.061
2017-06-30,14.739,14.449,15.536,14.27
2017-07-31,14.41,14.51,14.579,13.8
2017-08-31,14.51,16.44,16.58,14.29
2017-09-29,16.48,17.47,17.48,15.98
2017-10-31,17.5,16.28,18.0,16.05
2017-11-30,16.2,16.78,18.26,15.03
2017-12-29,16.76,14.77,18.3,14.52
2018-01-31,14.77,15.13,15.38,14.67
2018-02-06,15.0,12.15,15.18,12.15
2018-05-25,10.94,10.05,11.48,10.01
