date,open,close,high,low
2017-02-28,10.738,35.914,38.8,10.738
2017-03-31,35.633,35.227,43.574,34.714
2017-04-28,35.246,34.656,36.679,29.824
2017-05-31,34.394,27.287,35.043,25.524
2017-06-30,26.967,29.039,29.223,25.67
2017-07-31,29.194,27.29,31.402,24.18
2017-08-31,26.88,28.65,28.8,24.75
2017-09-29,28.57,28.37,30.0,27.1
2017-10-31,28.61,27.66,29.43,26.31
2017-11-30,27.64,23.01,28.48,22.41
2017-12-29,23.01,21.42,23.34,20.3
2018-01-31,21.52,21.09,23.5,21.02
2018-02-28,21.1,20.14,21.12,17.21
2018-03-30,19.93,21.57,21.69,18.58
2018-04-27,21.46,20.07,22.69,19.52
2018-05-25,20.07,22.44,23.14,19.59
