date,open,close,high,low
2017-02-28,26.051,71.837,74.065,26.051
2017-03-31,69.42,88.29,92.497,66.317
2017-04-28,89.274,54.052,97.123,50.581
2017-05-31,53.813,47.268,55.007,43.548
2017-06-30,46.055,54.11,55.15,45.955
2017-07-31,54.0,39.92,57.01,38.01
2017-08-31,39.99,43.64,43.65,36.38
2017-09-29,43.39,41.3,44.95,39.72
2017-10-31,41.83,41.74,44.47,40.0
2017-11-30,41.91,37.6,51.88,36.8
2017-12-29,37.5,35.69,37.97,32.96
2018-01-31,35.62,31.97,38.88,31.65
2018-02-28,31.97,28.99,32.27,26.64
2018-03-30,28.72,32.46,32.71,28.43
2018-04-27,33.01,30.71,34.4,29.88
2018-05-25,30.66,33.66,34.47,29.74
