date,open,close,high,low
2016-01-29,33.937,21.49,33.937,18.482
2016-02-29,20.702,18.223,25.382,18.223
2016-03-31,18.058,22.358,23.082,16.472
2016-04-29,22.398,22.184,28.634,21.002
2016-05-31,22.099,22.383,24.878,19.306
2016-06-30,22.249,23.99,26.334,21.949
2016-07-29,23.99,21.337,26.234,20.429
2016-08-31,21.027,21.436,22.135,20.259
2016-09-30,21.436,21.017,21.746,19.671
2016-10-31,21.017,20.708,22.234,20.569
2016-11-30,20.838,24.159,31.491,20.608
2016-12-30,24.379,22.304,24.888,21.267
2017-01-26,22.334,20.588,23.092,18.494
2017-02-28,20.409,20.758,21.905,19.88
2017-03-31,20.828,18.982,23.272,18.733
2017-04-28,19.102,17.087,19.541,16.299
2017-05-09,17.077,16.209,17.227,15.98
2017-09-29,17.83,16.18,19.61,15.93
2017-10-31,16.34,15.32,16.99,15.06
2017-11-07,15.3,14.84,15.45,14.5
2018-03-30,14.88,13.47,16.32,11.46
2018-04-27,13.46,12.7,14.88,12.4
2018-05-25,12.93,14.43,19.44,12.0
