date,open,close,high,low
2016-01-29,19.956,11.585,19.956,11.021
2016-02-23,11.585,13.825,14.279,10.976
2016-03-31,13.77,14.962,15.521,11.979
2016-04-29,14.768,13.75,15.72,12.907
2016-05-31,13.735,13.211,15.007,11.974
2016-06-30,13.371,13.82,14.458,12.922
2016-07-29,13.879,14.595,16.953,13.795
2016-08-31,14.226,14.815,16.484,13.197
2016-09-30,14.785,15.405,19.361,13.886
2016-10-31,15.564,16.004,18.182,15.455
2016-11-30,16.144,18.561,20.679,15.435
2016-12-30,18.482,18.252,19.87,17.003
2017-01-26,18.292,15.145,19.72,14.166
2017-02-28,15.175,16.154,16.953,15.015
2017-03-31,16.144,14.536,16.224,14.386
2017-04-28,15.994,25.245,29.91,15.994
2017-05-31,25.345,27.013,36.234,24.386
2017-06-30,25.974,23.846,28.202,23.127
2017-07-31,23.946,19.83,24.955,18.681
2017-08-31,19.83,25.85,27.99,19.75
2017-09-29,25.61,22.33,26.49,21.68
2017-10-31,22.65,19.44,23.45,19.21
2017-11-30,19.48,16.5,20.32,15.83
2017-12-29,16.5,15.36,16.68,14.65
2018-01-31,15.41,12.86,18.2,12.81
2018-02-27,13.0,16.21,16.21,10.4
2018-03-30,15.3,18.29,20.85,14.48
2018-04-27,18.22,15.46,19.2,14.6
2018-05-25,15.6,16.49,17.46,14.76
