date,open,close,high,low
2017-01-26,6.364,12.392,12.392,6.364
2017-02-28,13.631,18.82,22.593,13.631
2017-03-31,18.72,19.752,24.863,18.578
2017-04-28,19.76,18.087,20.785,14.734
2017-05-31,18.03,14.13,18.386,13.11
2017-06-30,13.83,14.74,14.99,12.66
2017-07-31,16.2,14.4,18.98,13.9
2017-08-31,14.48,15.25,15.68,13.58
2017-09-29,15.25,14.54,16.27,14.32
2017-10-31,14.75,14.42,17.0,14.11
2017-11-30,14.43,11.8,14.5,11.5
2017-12-29,11.84,11.72,12.77,11.12
2018-01-31,11.73,10.7,11.88,10.35
2018-02-28,10.52,10.05,10.98,9.56
2018-03-30,10.0,10.81,12.47,9.55
2018-04-27,10.93,10.21,11.88,9.9
2018-05-25,10.21,11.33,11.73,9.96
