date,open,close,high,low
2017-03-31,13.255,34.102,34.102,13.255
2017-04-28,37.505,31.168,37.944,28.521
2017-05-31,31.253,24.73,31.253,23.585
2017-06-30,24.598,23.823,25.765,22.952
2017-07-31,23.852,22.3,26.544,21.754
2017-08-31,22.314,25.999,27.281,21.166
2017-09-29,26.055,26.622,27.069,24.1
2017-10-31,26.7,25.347,28.79,24.744
2017-11-30,25.354,22.824,29.669,22.321
2017-12-29,22.824,22.555,23.278,21.045
2018-01-31,22.619,19.692,22.654,19.65
2018-02-28,19.72,18.183,19.72,16.007
2018-03-30,18.076,20.571,20.727,17.262
2018-04-27,20.5,20.946,22.307,18.991
2018-05-25,21.102,22.24,23.09,19.487
