date,open,close,high,low
2016-09-30,8.036,11.666,11.666,8.036
2016-10-31,12.832,35.861,38.686,12.832
2016-11-30,36.176,37.13,41.067,35.72
2016-12-30,36.889,32.297,37.495,30.874
2017-01-26,32.28,26.671,32.757,24.066
2017-02-28,26.667,27.821,27.999,26.132
2017-03-31,27.729,26.402,30.575,26.136
2017-04-28,26.41,25.842,27.505,23.485
2017-05-31,25.838,21.491,27.041,20.931
2017-06-30,21.491,21.803,22.682,19.407
2017-07-31,21.803,21.207,24.801,20.059
2017-08-31,21.115,22.108,23.079,20.47
2017-09-29,22.072,22.242,23.816,21.618
2017-10-31,22.611,20.442,23.426,19.875
2017-11-30,20.435,17.713,20.825,17.011
2017-12-29,17.713,17.21,18.358,15.792
2018-01-31,17.181,15.92,17.55,15.828
2018-02-28,16.118,17.451,17.933,14.268
2018-03-30,17.103,19.981,20.825,17.082
2018-04-27,19.846,20.385,21.952,17.798
2018-05-25,20.215,20.32,22.185,19.705
