date,open,close,high,low
2017-04-28,7.113,24.353,24.353,7.113
2017-05-31,26.79,21.229,32.411,19.558
2017-06-30,20.752,18.941,21.866,18.702
2017-07-31,19.05,16.69,21.478,16.22
2017-08-31,16.8,18.8,19.85,15.93
2017-09-29,18.91,18.01,19.68,17.4
2017-10-31,18.3,22.24,24.6,18.06
2017-11-30,22.18,19.03,24.5,17.66
2017-12-29,18.81,21.17,22.22,17.81
2018-01-31,21.2,18.12,21.84,17.9
2018-02-28,18.12,17.94,18.85,15.43
2018-03-30,17.71,17.03,18.68,15.22
2018-04-27,16.97,16.95,17.68,15.66
2018-05-25,17.13,17.78,18.79,16.5
