date,open,close,high,low
2016-04-29,12.742,43.988,43.988,12.742
2016-05-31,45.554,38.6,46.603,30.689
2016-06-30,38.639,51.925,59.109,37.361
2016-07-29,51.748,43.147,57.68,41.576
2016-08-31,42.126,44.101,48.531,39.25
2016-09-30,43.976,40.79,44.213,39.493
2016-10-31,41.146,45.227,46.721,40.941
2016-11-30,45.134,47.372,52.592,45.095
2016-12-30,47.392,40.632,48.031,39.263
2017-01-26,40.81,34.412,43.377,31.002
2017-02-28,34.267,34.958,35.478,33.056
2017-03-31,34.958,33.563,39.23,32.938
2017-04-28,33.24,27.178,34.59,25.342
2017-05-31,27.152,22.858,27.843,21.573
2017-06-30,22.751,25.586,26.158,21.266
2017-07-31,25.553,22.261,26.846,21.275
2017-08-31,22.228,23.497,23.779,20.902
2017-09-29,23.505,24.19,27.49,23.082
2017-10-31,24.76,22.69,25.99,22.22
2017-11-30,22.68,19.49,23.52,19.1
2017-12-29,19.59,19.35,19.7,17.96
2018-01-31,19.37,17.68,19.72,17.51
2018-02-28,17.68,16.25,17.68,14.81
2018-03-30,16.22,17.83,18.46,15.78
2018-04-27,17.87,17.19,19.41,16.45
2018-05-25,17.2,20.01,21.3,16.67
