date,open,close,high,low
2016-05-31,6.614,18.846,18.846,6.614
2016-06-30,20.729,41.796,46.757,20.729
2016-07-29,41.537,36.686,48.719,35.571
2016-08-31,36.308,35.511,38.718,33.748
2016-09-30,35.362,29.803,37.941,29.485
2016-10-31,29.883,31.865,35.043,29.883
2016-11-30,31.875,33.15,38.081,31.865
2016-12-30,33.469,43.032,45.701,28.887
2017-01-26,43.032,32.563,52.066,31.228
2017-02-28,32.553,33.379,36.059,31.875
2017-03-31,33.051,30.979,35.66,30.829
2017-04-28,30.879,25.829,31.985,24.205
2017-05-31,25.55,21.117,26.377,19.693
2017-06-30,21.117,21.88,23.07,19.803
2017-07-31,21.59,20.82,22.2,18.81
2017-08-31,20.96,20.97,23.18,19.35
2017-09-29,20.99,20.58,21.98,19.99
2017-10-31,20.81,22.25,22.66,20.26
2017-11-30,22.19,17.83,22.49,17.5
2017-12-29,17.83,16.82,17.97,16.11
2018-01-31,16.97,17.43,19.54,16.5
2018-02-28,17.36,15.73,17.36,14.51
2018-03-30,15.62,16.4,17.5,15.24
2018-04-27,16.59,15.44,16.6,15.02
2018-05-25,15.41,15.55,16.68,14.83
