date,open,close,high,low
2016-04-29,14.069,18.566,18.566,14.069
2016-05-31,20.421,52.218,53.425,20.421
2016-06-30,51.55,64.343,71.791,48.359
2016-07-29,64.911,60.464,77.574,58.031
2016-08-31,58.5,62.867,70.894,55.838
2016-09-30,62.748,60.853,69.498,58.839
2016-10-31,61.621,68.351,71.472,61.033
2016-11-30,68.252,71.203,82.211,66.856
2016-12-30,70.744,60.763,74.882,57.842
2017-01-26,60.763,51.251,64.333,44.979
2017-02-28,51.51,53.863,59.627,50.354
2017-03-31,53.544,70.69,72.5,52.228
2017-04-28,71.0,58.74,103.5,57.55
2017-05-31,58.09,41.34,59.65,40.02
2017-06-30,41.35,45.98,49.92,37.3
2017-07-31,45.98,37.96,48.0,36.55
2017-08-31,37.96,40.21,41.93,36.0
2017-09-29,40.51,41.21,45.48,39.51
2017-10-31,41.21,42.28,51.32,40.23
2017-11-30,42.27,37.21,47.99,36.03
2017-12-29,37.14,34.94,37.5,33.0
2018-01-05,34.95,35.91,36.75,34.81
2018-05-25,39.5,36.8,41.77,33.22
