date,open,close,high,low
2016-06-30,15.152,18.334,18.334,15.152
2016-07-29,20.17,60.179,84.249,20.17
2016-08-31,59.202,60.618,68.798,54.075
2016-09-30,60.459,49.396,61.157,47.93
2016-10-31,49.935,55.474,62.741,49.725
2016-11-30,55.245,58.858,66.923,55.245
2016-12-30,58.489,49.456,59.347,48.218
2017-01-26,49.695,48.707,52.4,42.978
2017-02-28,48.807,45.843,49.406,43.707
2017-03-31,45.933,47.21,51.801,45.344
2017-04-14,46.561,47.589,50.634,44.925
2017-06-30,42.83,40.35,42.86,37.77
2017-07-31,40.45,28.57,41.85,26.86
2017-08-31,28.5,32.99,33.88,27.21
2017-09-29,32.99,34.99,36.23,31.32
2017-10-31,35.1,34.49,36.89,32.55
2017-11-30,34.08,32.23,35.79,28.51
2017-12-29,32.28,32.68,32.88,30.12
2018-01-31,32.58,31.22,34.58,30.71
2018-02-28,31.88,28.02,31.88,26.0
2018-03-30,27.75,29.17,30.15,27.2
2018-04-27,29.1,29.05,30.4,27.31
2018-05-25,28.7,31.75,31.76,28.51
