date,open,close,high,low
2017-04-28,13.71,26.12,29.4,13.71
2017-05-31,25.88,23.62,30.4,22.32
2017-06-30,23.2,22.57,23.88,21.12
2017-07-31,22.53,18.85,24.28,18.11
2017-08-31,18.77,20.94,21.09,17.51
2017-09-29,21.15,18.85,21.23,18.42
2017-10-31,19.18,18.89,19.87,18.45
2017-11-30,18.88,17.03,19.06,16.71
2017-12-29,16.98,15.46,17.02,14.5
2018-01-31,15.43,14.91,16.38,14.73
2018-02-28,14.8,14.08,14.98,12.22
2018-03-30,14.0,14.07,15.17,12.3
2018-04-27,14.17,14.35,14.95,13.13
2018-05-25,14.31,15.81,16.47,14.25
